/*--------------------------------*- C++ -*----------------------------------*\
| =========                 |                                                 |
| \\      /  F ield         | OpenFOAM: The Open Source CFD Toolbox           |
|  \\    /   O peration     | Version:  2512                                  |
|   \\  /    A nd           | Website:  www.openfoam.com                      |
|    \\/     M anipulation  |                                                 |
\*---------------------------------------------------------------------------*/
FoamFile
{
    version     2.0;
    format      ascii;
    arch        "LSB;label=32;scalar=64";
    class       volScalarField;
    location    "3.2";
    object      epsilonEq;
}
// * * * * * * * * * * * * * * * * * * * * * * * * * * * * * * * * * * * * * //

dimensions      [0 0 0 0 0 0 0];

internalField   nonuniform List<scalar> 
200
(
0.0080380275
0.0062662966
0.0044146355
0.0033549596
0.0027710656
0.0026178427
0.0029236107
0.0037351758
0.0052792351
0.0067815852
0.0071922082
0.0061269362
0.0049016645
0.0039571175
0.0033854682
0.0031989706
0.0034287272
0.0040976244
0.0051464983
0.0062623564
0.0065166656
0.0057121825
0.004832322
0.0041004804
0.003611849
0.003411746
0.0035350201
0.0039915735
0.0047330419
0.0056101346
0.0059137144
0.0052214886
0.004554691
0.0039929749
0.0035917387
0.0033905862
0.0034239069
0.0037119055
0.0042439778
0.0049754795
0.0053302039
0.0047349672
0.0042105407
0.0037726057
0.0034432224
0.0032474105
0.0032155075
0.0033783486
0.0037556151
0.0043505386
0.0047765125
0.0042746081
0.00385641
0.0035098794
0.0032364046
0.0030482599
0.0029701137
0.0030379053
0.0032902559
0.0037567412
0.0042566814
0.0038450623
0.0035129194
0.0032366365
0.0030065926
0.0028264537
0.0027150782
0.0027083962
0.0028550887
0.0032021579
0.0037730508
0.0034464242
0.0031865707
0.0029657553
0.0027697246
0.0025972639
0.0024620112
0.0023964085
0.0024526354
0.0026906229
0.0033270931
0.0030778677
0.0028786453
0.0027017312
0.0025323742
0.0023672517
0.0022155909
0.0021042361
0.0020838297
0.0022237264
0.0029198003
0.0027384892
0.0025886978
0.0024457134
0.002297037
0.0021391464
0.0019776346
0.0018325647
0.0017489751
0.0018019352
0.0025517312
0.0024274464
0.0023158873
0.0021977378
0.0020646348
0.0019141355
0.001748867
0.0015815217
0.0014481428
0.0014251112
0.0022230307
0.0021439911
0.0020595216
0.0019576939
0.0018356167
0.0016928362
0.0015296144
0.0013510828
0.0011814148
0.0010928094
0.0019334337
0.0018875797
0.0018194083
0.0017258142
0.0016104441
0.0014756363
0.0013199633
0.0011411648
0.00094910416
0.00080450181
0.0016821725
0.0016581473
0.0015962875
0.0015030943
0.0013899046
0.0012627717
0.0011195699
0.00095142279
0.00075198918
0.00055996194
0.0014673944
0.0014565814
0.0013924551
0.0012918542
0.0011756119
0.0010544649
0.00092716598
0.00078048689
0.00059138765
0.00036065462
0.0012840545
0.0012853546
0.0012123866
0.0010964682
0.0009711886
0.00085180924
0.000739971
0.0006239759
0.00046798566
0.00021677944
0.0011100521
0.0011469675
0.0010616532
0.00092363212
0.00078481208
0.00066019323
0.0005544877
0.00047045446
0.00037585413
0.00018087169
0.00087105188
0.0010351822
0.00094050717
0.00078084117
0.00063298957
0.00049881246
0.00037665272
0.00029778717
0.0002881624
0.0003335918
0.00029909163
0.00085236556
0.00081278887
0.00066825552
0.00053799353
0.00041080596
0.00027347723
0.00014466306
0.00016449036
0.00093505987
0.002022769
0.00039233211
0.00057137597
0.00059254886
0.00051685193
0.00041632597
0.00034065126
0.00039356479
0.00093479825
0.0027656495
)
;

boundaryField
{
    bottom
    {
        type            calculated;
        value           nonuniform List<scalar> 10(0.010447302 0.0055882021 0.0038011469 0.0028424507 0.0023142456 0.0021871364 0.0024887454 0.003236366 0.0046872428 0.0085953388);
    }
    interface
    {
        type            calculated;
        value           nonuniform List<scalar> 
50
(
0.0086585977
0.0077532475
0.0069182765
0.0062962927
0.0056779528
0.0050820777
0.0045161628
0.0039862246
0.003496007
0.0030479798
0.0026437004
0.0022840231
0.0019691713
0.0016985876
0.0014695896
0.0012746749
0.0010749221
0.00076920148
0.00055076653
0.0027590688
0.0027808863
0.00060779786
0.00042964803
0.00057365542
0.00052758807
0.0004345001
0.00038771728
0.00052901921
0.0014865647
0.0033737496
0.0072929715
0.0069221061
0.0061188504
0.0054350973
0.0047480834
0.0040915311
0.0034761398
0.0029078467
0.0023890704
0.001920512
0.0015019112
0.0011324004
0.00081056292
0.00053416631
0.00029907843
9.6289837e-05
0.00011991493
0.00044756191
0.0014972958
0.0033961461
)
;
    }
    frontAndBack
    {
        type            empty;
    }
}


// ************************************************************************* //
