/*--------------------------------*- C++ -*----------------------------------*\
| =========                 |                                                 |
| \\      /  F ield         | OpenFOAM: The Open Source CFD Toolbox           |
|  \\    /   O peration     | Version:  2512                                  |
|   \\  /    A nd           | Website:  www.openfoam.com                      |
|    \\/     M anipulation  |                                                 |
\*---------------------------------------------------------------------------*/
FoamFile
{
    version     2.0;
    format      ascii;
    arch        "LSB;label=32;scalar=64";
    class       volVectorField;
    location    "4.9";
    object      Force;
}
// * * * * * * * * * * * * * * * * * * * * * * * * * * * * * * * * * * * * * //

dimensions      [1 1 -2 0 0 0 0];

internalField   uniform (0 0 0);

boundaryField
{
    needle_inlet_left
    {
        type            calculated;
        value           uniform (0 0 0);
    }
    needle_inlet_right
    {
        type            calculated;
        value           uniform (0 0 0);
    }
    needle_outlet_left
    {
        type            calculated;
        value           uniform (0 0 0);
    }
    needle_outlet_right
    {
        type            calculated;
        value           uniform (0 0 0);
    }
    sclera_left_lower
    {
        type            calculated;
        value           nonuniform List<vector> 7((-0.00040050495 -5.5922385e-12 0) (-0.00030037872 3.3587826e-12 0) (-0.00030037871 1.1867795e-12 0) (-0.00041051757 4.1026127e-13 0) (-0.00041051757 2.3382821e-13 0) (-0.00041051757 1.4852823e-13 0) (-0.00041051757 -8.5454473e-15 0));
    }
    sclera_left_upper
    {
        type            calculated;
        value           nonuniform List<vector> 
29
(
(-0.00050161948 3.3877552e-12 0)
(-0.00049804194 1.3667889e-12 0)
(-0.00049493127 1.0120414e-12 0)
(-0.00049327238 6.1734492e-13 0)
(-0.000492131 4.2688522e-13 0)
(-0.00049137719 2.9389874e-13 0)
(-0.0004908478 2.0985824e-13 0)
(-0.00049047053 1.5225372e-13 0)
(-0.00049019497 1.1260667e-13 0)
(-0.00048999028 8.4502685e-14 0)
(-0.00052481872 6.8345099e-14 0)
(-0.00052468474 5.1819336e-14 0)
(-0.0005245843 3.9849295e-14 0)
(-0.00052450591 3.1017415e-14 0)
(-0.00052444459 2.441497e-14 0)
(-0.00052439511 1.9406574e-14 0)
(-0.00052435747 1.5559742e-14 0)
(-0.00049956693 1.202321e-14 0)
(-0.00049954386 9.8477074e-15 0)
(-0.00049952495 8.0859717e-15 0)
(-0.00049950942 6.6425109e-15 0)
(-0.00049949668 5.4424738e-15 0)
(-0.00049948627 4.430388e-15 0)
(-0.00049947785 3.5610924e-15 0)
(-0.00049947114 2.80759e-15 0)
(-0.00048927142 1.8921391e-15 0)
(-0.00048926811 1.3144472e-15 0)
(-0.00048926595 7.7575972e-16 0)
(-0.00048926489 1.1488835e-16 0)
)
;
    }
    sclera_right
    {
        type            calculated;
        value           nonuniform List<vector> 7((0.00040050495 -5.5922385e-12 0) (0.00030037872 3.3587827e-12 0) (0.00030037871 1.1867795e-12 0) (0.00041051757 4.1026127e-13 0) (0.00041051757 2.3382822e-13 0) (0.00041051757 1.4852823e-13 0) (0.00041051757 -8.5454508e-15 0));
    }
    sclera_right_upper
    {
        type            calculated;
        value           nonuniform List<vector> 
29
(
(0.00050161948 3.3877552e-12 0)
(0.00049804194 1.3667889e-12 0)
(0.00049493127 1.0120414e-12 0)
(0.00049327238 6.1734492e-13 0)
(0.000492131 4.2688522e-13 0)
(0.00049137719 2.9389874e-13 0)
(0.0004908478 2.0985824e-13 0)
(0.00049047053 1.5225372e-13 0)
(0.00049019497 1.1260667e-13 0)
(0.00048999028 8.4502685e-14 0)
(0.00052481872 6.8345099e-14 0)
(0.00052468474 5.1819336e-14 0)
(0.0005245843 3.9849295e-14 0)
(0.00052450591 3.1017415e-14 0)
(0.00052444459 2.441497e-14 0)
(0.00052439511 1.9406574e-14 0)
(0.00052435747 1.5559742e-14 0)
(0.00049956693 1.202321e-14 0)
(0.00049954386 9.8477074e-15 0)
(0.00049952495 8.0859717e-15 0)
(0.00049950942 6.6425109e-15 0)
(0.00049949668 5.4424738e-15 0)
(0.00049948627 4.430388e-15 0)
(0.00049947785 3.5610924e-15 0)
(0.00049947114 2.80759e-15 0)
(0.00048927142 1.8921391e-15 0)
(0.00048926811 1.3144472e-15 0)
(0.00048926595 7.7575972e-16 0)
(0.00048926489 1.1488835e-16 0)
)
;
    }
    sclera_top
    {
        type            calculated;
        value           nonuniform List<vector> 
80
(
(-3.0524459e-17 0.00050949901 0)
(-9.2003421e-17 0.00050949913 0)
(-1.5477448e-16 0.00050949939 0)
(-2.1970533e-16 0.00050949977 0)
(-2.8767228e-16 0.0005095003 0)
(-3.5956189e-16 0.00050950096 0)
(-4.3627074e-16 0.00050950179 0)
(-5.1870267e-16 0.00050950277 0)
(-6.0776261e-16 0.00050950393 0)
(-7.0434612e-16 0.00050950529 0)
(-8.0932363e-16 0.00050950685 0)
(-9.2351823e-16 0.00050950864 0)
(-1.0476756e-15 0.00050951067 0)
(-1.1824251e-15 0.00050951297 0)
(-1.3282304e-15 0.00050951556 0)
(-1.4853286e-15 0.00050951847 0)
(-1.6536581e-15 0.0005095217 0)
(-1.8327739e-15 0.0005095253 0)
(-2.0217516e-15 0.00050952928 0)
(-2.2190845e-15 0.00050953365 0)
(-2.4225749e-15 0.00050953844 0)
(-2.629229e-15 0.00050954366 0)
(-2.8351642e-15 0.0005095493 0)
(-3.03554e-15 0.00050955536 0)
(-3.22453e-15 0.00050956182 0)
(-3.3953496e-15 0.00050956865 0)
(-3.5403608e-15 0.00050957581 0)
(-3.6512668e-15 0.00050958323 0)
(-3.7194122e-15 0.00050959084 0)
(-3.7361902e-15 0.00050959854 0)
(-3.6935497e-15 0.00050960621 0)
(-3.5845792e-15 0.00050961372 0)
(-3.4041275e-15 0.00050962094 0)
(-3.1494072e-15 0.0005096277 0)
(-2.8205153e-15 0.00050963387 0)
(-2.4208039e-15 0.00050963928 0)
(-1.9570395e-15 0.0005096438 0)
(-1.4393093e-15 0.00050964731 0)
(-8.8065487e-16 0.00050964971 0)
(-1.620134e-16 0.00050965092 0)
(7.0434611e-16 0.00050950529 0)
(6.0776261e-16 0.00050950393 0)
(5.1870267e-16 0.00050950277 0)
(4.3627074e-16 0.00050950179 0)
(3.5956189e-16 0.00050950096 0)
(2.8767228e-16 0.0005095003 0)
(2.1970533e-16 0.00050949977 0)
(1.5477448e-16 0.00050949939 0)
(9.2003421e-17 0.00050949913 0)
(3.0524459e-17 0.00050949901 0)
(3.7361902e-15 0.00050959854 0)
(3.7194122e-15 0.00050959084 0)
(3.6512668e-15 0.00050958323 0)
(3.5403608e-15 0.00050957581 0)
(3.3953496e-15 0.00050956865 0)
(3.22453e-15 0.00050956182 0)
(3.03554e-15 0.00050955536 0)
(2.8351642e-15 0.0005095493 0)
(2.629229e-15 0.00050954366 0)
(2.4225749e-15 0.00050953844 0)
(2.2190845e-15 0.00050953365 0)
(2.0217516e-15 0.00050952928 0)
(1.8327739e-15 0.0005095253 0)
(1.6536581e-15 0.0005095217 0)
(1.4853286e-15 0.00050951847 0)
(1.3282304e-15 0.00050951556 0)
(1.1824251e-15 0.00050951297 0)
(1.0476756e-15 0.00050951067 0)
(9.2351823e-16 0.00050950864 0)
(8.0932363e-16 0.00050950685 0)
(8.8065487e-16 0.00050964971 0)
(1.4393093e-15 0.00050964731 0)
(1.9570395e-15 0.0005096438 0)
(2.4208039e-15 0.00050963928 0)
(2.8205153e-15 0.00050963387 0)
(3.1494072e-15 0.0005096277 0)
(3.4041275e-15 0.00050962094 0)
(3.5845792e-15 0.00050961372 0)
(3.6935497e-15 0.00050960621 0)
(1.620134e-16 0.00050965092 0)
)
;
    }
    cornea_fsi
    {
        type            calculated;
        value           nonuniform List<vector> 
80
(
(8.3158881e-14 -0.00050063119 0)
(2.5614121e-13 -0.00050063119 0)
(4.4649084e-13 -0.00050063119 0)
(6.5822669e-13 -0.00050063119 0)
(8.8852402e-13 -0.00050063119 0)
(1.1305187e-12 -0.00050063119 0)
(1.3741497e-12 -0.00050063119 0)
(1.6068303e-12 -0.00050063119 0)
(1.814908e-12 -0.00050063119 0)
(1.9862335e-12 -0.00050063119 0)
(2.1133847e-12 -0.00050063119 0)
(2.1967269e-12 -0.00050063119 0)
(2.243656e-12 -0.00050063119 0)
(2.2643801e-12 -0.00050063119 0)
(2.2686421e-12 -0.00050063119 0)
(2.2641038e-12 -0.00050063119 0)
(2.2559424e-12 -0.00050063119 0)
(2.2471809e-12 -0.00050063119 0)
(2.2393053e-12 -0.00050063119 0)
(2.2328149e-12 -0.00050063119 0)
(2.2276588e-12 -0.00050063119 0)
(2.2235343e-12 -0.00050063119 0)
(2.2200771e-12 -0.00050063118 0)
(2.2169896e-12 -0.00050063118 0)
(2.2141563e-12 -0.00050063118 0)
(2.2117866e-12 -0.00050063118 0)
(2.2106428e-12 -0.00050063118 0)
(2.2124207e-12 -0.00050063118 0)
(2.2202993e-12 -0.00050063118 0)
(2.2397316e-12 -0.00050063118 0)
(2.2795312e-12 -0.00050063118 0)
(2.3531503e-12 -0.00050063118 0)
(2.4797062e-12 -0.00050063118 0)
(2.6833426e-12 -0.00050063118 0)
(2.9882792e-12 -0.00050063118 0)
(3.4091321e-12 -0.00050063118 0)
(3.9165755e-12 -0.00050063118 0)
(4.4454721e-12 -0.00050063118 0)
(2.2677136e-12 -0.00050063117 0)
(3.4083018e-12 -0.00050063118 0)
(-1.9862334e-12 -0.00050063119 0)
(-1.8149078e-12 -0.00050063119 0)
(-1.6068298e-12 -0.00050063119 0)
(-1.3741492e-12 -0.00050063119 0)
(-1.130518e-12 -0.00050063119 0)
(-8.8852333e-13 -0.00050063119 0)
(-6.5822599e-13 -0.00050063119 0)
(-4.4649016e-13 -0.00050063119 0)
(-2.5614058e-13 -0.00050063119 0)
(-8.3158279e-14 -0.00050063119 0)
(-2.2397317e-12 -0.00050063118 0)
(-2.2202994e-12 -0.00050063118 0)
(-2.2124207e-12 -0.00050063118 0)
(-2.2106429e-12 -0.00050063118 0)
(-2.2117867e-12 -0.00050063118 0)
(-2.2141564e-12 -0.00050063118 0)
(-2.2169897e-12 -0.00050063118 0)
(-2.2200772e-12 -0.00050063118 0)
(-2.2235344e-12 -0.00050063119 0)
(-2.2276589e-12 -0.00050063119 0)
(-2.2328149e-12 -0.00050063119 0)
(-2.2393054e-12 -0.00050063119 0)
(-2.247181e-12 -0.00050063119 0)
(-2.2559425e-12 -0.00050063119 0)
(-2.2641039e-12 -0.00050063119 0)
(-2.2686423e-12 -0.00050063119 0)
(-2.2643803e-12 -0.00050063119 0)
(-2.2436562e-12 -0.00050063119 0)
(-2.1967269e-12 -0.00050063119 0)
(-2.1133847e-12 -0.00050063119 0)
(-2.2677136e-12 -0.00050063117 0)
(-4.4454721e-12 -0.00050063118 0)
(-3.9165754e-12 -0.00050063118 0)
(-3.409132e-12 -0.00050063118 0)
(-2.9882791e-12 -0.00050063118 0)
(-2.6833425e-12 -0.00050063118 0)
(-2.4797062e-12 -0.00050063118 0)
(-2.3531503e-12 -0.00050063118 0)
(-2.2795312e-12 -0.00050063118 0)
(-3.4083018e-12 -0.00050063118 0)
)
;
    }
    lens_bottom
    {
        type            calculated;
        value           nonuniform List<vector> 
30
(
(-1.6735859e-13 0.00050063119 0)
(-5.3126351e-13 0.00050063119 0)
(-9.8955245e-13 0.00050063119 0)
(-1.6305385e-12 0.00050063119 0)
(-2.5906462e-12 0.00050063119 0)
(-4.0942621e-12 0.00050063119 0)
(-6.5098093e-12 0.00050063119 0)
(-1.0436692e-11 0.0005006312 0)
(-1.6841676e-11 0.0005006312 0)
(-2.7281148e-11 0.00050063122 0)
(-3.3663879e-11 0.00050063125 0)
(-3.4691816e-11 0.00050063129 0)
(-3.4630451e-11 0.00050063133 0)
(-3.4646375e-11 0.00050063136 0)
(-3.4666039e-11 0.00050063139 0)
(-3.4672776e-11 0.00050063143 0)
(-3.4674542e-11 0.00050063146 0)
(-3.4675226e-11 0.0005006315 0)
(-3.4675558e-11 0.00050063153 0)
(-3.4675723e-11 0.00050063157 0)
(-3.4675855e-11 0.0005006316 0)
(-3.4676083e-11 0.00050063164 0)
(-3.4676625e-11 0.00050063167 0)
(-3.4677916e-11 0.00050063171 0)
(-3.4680745e-11 0.00050063174 0)
(-3.4686703e-11 0.00050063178 0)
(-3.4700237e-11 0.00050063181 0)
(-3.4709815e-11 0.00050063185 0)
(-3.4561956e-11 0.00050063188 0)
(-3.4473434e-11 0.00050063191 0)
)
;
    }
    lens_bottom_left
    {
        type            calculated;
        value           nonuniform List<vector> 
30
(
(2.7281148e-11 0.00050063122 0)
(1.6841676e-11 0.0005006312 0)
(1.0436692e-11 0.0005006312 0)
(6.5098091e-12 0.00050063119 0)
(4.0942619e-12 0.00050063119 0)
(2.5906459e-12 0.00050063119 0)
(1.6305381e-12 0.00050063119 0)
(9.8955216e-13 0.00050063119 0)
(5.3126326e-13 0.00050063119 0)
(1.6735834e-13 0.00050063119 0)
(3.4473434e-11 0.00050063191 0)
(3.4561956e-11 0.00050063188 0)
(3.4709816e-11 0.00050063185 0)
(3.4700237e-11 0.00050063181 0)
(3.4686703e-11 0.00050063178 0)
(3.4680745e-11 0.00050063174 0)
(3.4677917e-11 0.00050063171 0)
(3.4676625e-11 0.00050063167 0)
(3.4676084e-11 0.00050063164 0)
(3.4675855e-11 0.0005006316 0)
(3.4675723e-11 0.00050063157 0)
(3.4675558e-11 0.00050063153 0)
(3.4675226e-11 0.0005006315 0)
(3.4674541e-11 0.00050063146 0)
(3.4672775e-11 0.00050063143 0)
(3.4666039e-11 0.00050063139 0)
(3.4646374e-11 0.00050063136 0)
(3.4630451e-11 0.00050063133 0)
(3.4691815e-11 0.00050063129 0)
(3.3663879e-11 0.00050063125 0)
)
;
    }
    lens_right
    {
        type            calculated;
        value           uniform (0 0 0);
    }
    lens_left
    {
        type            calculated;
        value           uniform (0 0 0);
    }
    lens_top
    {
        type            calculated;
        value           nonuniform List<vector> 
30
(
(3.4467996e-17 -0.00050948321 0)
(1.0409795e-16 -0.00050948307 0)
(1.7582959e-16 -0.00050948278 0)
(2.51131e-16 -0.00050948234 0)
(3.3157433e-16 -0.00050948173 0)
(4.1888488e-16 -0.00050948096 0)
(5.1499846e-16 -0.00050948 0)
(6.2213064e-16 -0.00050947882 0)
(7.4286245e-16 -0.00050947742 0)
(8.8024899e-16 -0.00050947574 0)
(1.0379596e-15 -0.00050947376 0)
(1.2204623e-15 -0.00050947143 0)
(1.4332695e-15 -0.00050946869 0)
(1.6832717e-15 -0.00050946548 0)
(1.9791978e-15 -0.0005094617 0)
(2.3322592e-15 -0.00050945725 0)
(2.7570698e-15 -0.000509452 0)
(3.2729885e-15 -0.00050944578 0)
(3.9060976e-15 -0.00050943837 0)
(4.6922905e-15 -0.0005094295 0)
(5.6818203e-15 -0.0005094188 0)
(6.9477531e-15 -0.00050940576 0)
(8.5956813e-15 -0.00050938971 0)
(1.0797932e-14 -0.00050936969 0)
(1.3786113e-14 -0.00050934423 0)
(1.8113618e-14 -0.00050931132 0)
(2.4060601e-14 -0.00050926691 0)
(3.4904873e-14 -0.00050920748 0)
(4.5672223e-14 -0.00050911307 0)
(5.9030141e-14 -0.00050900197 0)
)
;
    }
    lens_top_left
    {
        type            calculated;
        value           nonuniform List<vector> 
30
(
(-8.8024899e-16 -0.00050947574 0)
(-7.4286246e-16 -0.00050947742 0)
(-6.2213064e-16 -0.00050947882 0)
(-5.1499846e-16 -0.00050948 0)
(-4.1888488e-16 -0.00050948096 0)
(-3.3157433e-16 -0.00050948173 0)
(-2.51131e-16 -0.00050948234 0)
(-1.7582959e-16 -0.00050948278 0)
(-1.0409795e-16 -0.00050948307 0)
(-3.4467997e-17 -0.00050948321 0)
(-5.9030141e-14 -0.00050900197 0)
(-4.5672223e-14 -0.00050911307 0)
(-3.4904873e-14 -0.00050920748 0)
(-2.4060601e-14 -0.00050926691 0)
(-1.8113618e-14 -0.00050931132 0)
(-1.3786113e-14 -0.00050934423 0)
(-1.0797932e-14 -0.00050936969 0)
(-8.5956813e-15 -0.00050938971 0)
(-6.9477531e-15 -0.00050940576 0)
(-5.6818203e-15 -0.0005094188 0)
(-4.6922905e-15 -0.0005094295 0)
(-3.9060976e-15 -0.00050943837 0)
(-3.2729885e-15 -0.00050944578 0)
(-2.7570698e-15 -0.000509452 0)
(-2.3322592e-15 -0.00050945725 0)
(-1.9791978e-15 -0.0005094617 0)
(-1.6832717e-15 -0.00050946548 0)
(-1.4332695e-15 -0.00050946869 0)
(-1.2204623e-15 -0.00050947143 0)
(-1.0379596e-15 -0.00050947376 0)
)
;
    }
    iris_bottom
    {
        type            calculated;
        value           nonuniform List<vector> 
60
(
(2.3739797e-12 0.00050063119 0)
(2.3157213e-12 0.00050063119 0)
(2.1958348e-12 0.00050063119 0)
(2.1591255e-12 0.00050063119 0)
(2.1544642e-12 0.00050063119 0)
(2.1642643e-12 0.00050063119 0)
(2.1780024e-12 0.00050063119 0)
(2.1907469e-12 0.00050063119 0)
(2.2010502e-12 0.00050063119 0)
(2.2089013e-12 0.00050063119 0)
(2.2147805e-12 0.00050063119 0)
(2.2192743e-12 0.00050063119 0)
(2.2229125e-12 0.00050063118 0)
(2.2260797e-12 0.00050063118 0)
(2.2289306e-12 0.00050063118 0)
(2.2312637e-12 0.00050063118 0)
(2.2323006e-12 0.00050063118 0)
(2.2303279e-12 0.00050063118 0)
(2.2221709e-12 0.00050063118 0)
(2.2024574e-12 0.00050063118 0)
(2.1626897e-12 0.00050063118 0)
(2.0902869e-12 0.00050063118 0)
(1.9680274e-12 0.00050063118 0)
(1.7748372e-12 0.00050063118 0)
(1.4897447e-12 0.00050063118 0)
(1.1025224e-12 0.00050063118 0)
(6.3503132e-13 0.00050063118 0)
(1.7072846e-13 0.00050063118 0)
(-2.062453e-13 0.00050063118 0)
(-1.2084573e-13 0.00050063118 0)
(-2.2024574e-12 0.00050063118 0)
(-2.2221709e-12 0.00050063118 0)
(-2.2303278e-12 0.00050063118 0)
(-2.2323006e-12 0.00050063118 0)
(-2.2312636e-12 0.00050063118 0)
(-2.2289306e-12 0.00050063118 0)
(-2.2260797e-12 0.00050063118 0)
(-2.2229125e-12 0.00050063118 0)
(-2.2192743e-12 0.00050063119 0)
(-2.2147806e-12 0.00050063119 0)
(-2.2089013e-12 0.00050063119 0)
(-2.2010502e-12 0.00050063119 0)
(-2.1907469e-12 0.00050063119 0)
(-2.1780024e-12 0.00050063119 0)
(-2.1642644e-12 0.00050063119 0)
(-2.1544643e-12 0.00050063119 0)
(-2.1591255e-12 0.00050063119 0)
(-2.1958349e-12 0.00050063119 0)
(-2.3157215e-12 0.00050063119 0)
(-2.3739801e-12 0.00050063119 0)
(2.062453e-13 0.00050063118 0)
(-1.7072849e-13 0.00050063118 0)
(-6.3503136e-13 0.00050063118 0)
(-1.1025225e-12 0.00050063118 0)
(-1.4897448e-12 0.00050063118 0)
(-1.7748373e-12 0.00050063118 0)
(-1.9680275e-12 0.00050063118 0)
(-2.090287e-12 0.00050063118 0)
(-2.1626897e-12 0.00050063118 0)
(1.2084573e-13 0.00050063118 0)
)
;
    }
    iris_pupil
    {
        type            calculated;
        value           nonuniform List<vector> 5((0.00048060595 -2.2143893e-12 0) (0.00048060595 -2.6531981e-12 0) (0.00048060595 -3.2579059e-12 0) (0.00048060594 -4.0281856e-12 0) (0.00048060593 -3.942856e-12 0));
    }
    iris_pupil_left
    {
        type            calculated;
        value           nonuniform List<vector> 5((-0.00048060595 -2.2143903e-12 0) (-0.00048060595 -2.6531988e-12 0) (-0.00048060595 -3.2579063e-12 0) (-0.00048060594 -4.0281858e-12 0) (-0.00048060593 -3.9428561e-12 0));
    }
    iris_top
    {
        type            calculated;
        value           nonuniform List<vector> 
40
(
(-3.1282775e-11 -0.00050063126 0)
(-3.3977384e-11 -0.00050063129 0)
(-3.4545386e-11 -0.00050063133 0)
(-3.4659616e-11 -0.00050063136 0)
(-3.4678122e-11 -0.00050063139 0)
(-3.4678492e-11 -0.00050063143 0)
(-3.4677003e-11 -0.00050063146 0)
(-3.4676239e-11 -0.0005006315 0)
(-3.4675929e-11 -0.00050063153 0)
(-3.4675778e-11 -0.00050063157 0)
(-3.4675646e-11 -0.0005006316 0)
(-3.4675416e-11 -0.00050063164 0)
(-3.4674892e-11 -0.00050063167 0)
(-3.4673575e-11 -0.00050063171 0)
(-3.4670004e-11 -0.00050063174 0)
(-3.4660785e-11 -0.00050063178 0)
(-3.4641569e-11 -0.00050063181 0)
(-3.4597235e-11 -0.00050063185 0)
(-3.4391996e-11 -0.00050063188 0)
(-3.3017344e-11 -0.00050063192 0)
(-3.1495016e-11 -0.00050063195 0)
(-2.9985972e-11 -0.00050063197 0)
(-2.9421821e-11 -0.000500632 0)
(-2.9051741e-11 -0.00050063202 0)
(-2.8701409e-11 -0.00050063204 0)
(-2.8321931e-11 -0.00050063207 0)
(-2.7917078e-11 -0.00050063209 0)
(-2.7640967e-11 -0.00050063212 0)
(-2.9420178e-11 -0.00050063214 0)
(-1.8295297e-11 -0.00050063219 0)
(2.9420178e-11 -0.00050063214 0)
(2.7640967e-11 -0.00050063212 0)
(2.7917078e-11 -0.00050063209 0)
(2.8321931e-11 -0.00050063207 0)
(2.8701409e-11 -0.00050063204 0)
(2.9051741e-11 -0.00050063202 0)
(2.9421822e-11 -0.000500632 0)
(2.9985972e-11 -0.00050063197 0)
(3.1495016e-11 -0.00050063195 0)
(1.8295297e-11 -0.00050063219 0)
)
;
    }
    tm_limbus_wall
    {
        type            calculated;
        value           nonuniform List<vector> 4((1.2854945e-11 -0.00050063112 0) (1.202347e-11 0.00050063112 0) (-1.2854945e-11 -0.00050063112 0) (-1.202347e-11 0.00050063112 0));
    }
    ac_inlet
    {
        type            calculated;
        value           uniform (0 0 0);
    }
    ac_inlet_left
    {
        type            calculated;
        value           uniform (0 0 0);
    }
    outlet_tm
    {
        type            calculated;
        value           uniform (0 0 0);
    }
    outlet_tm_left
    {
        type            calculated;
        value           uniform (0 0 0);
    }
    front
    {
        type            empty;
    }
    back
    {
        type            empty;
    }
    defaultFaces
    {
        type            calculated;
        value           uniform (0 0 0);
    }
    needle_int_inlet_master
    {
        type            calculated;
        value           uniform (0 0 0);
    }
    needle_int_inlet_slave
    {
        type            calculated;
        value           uniform (0 0 0);
    }
    needle_int_outlet_master
    {
        type            calculated;
        value           uniform (0 0 0);
    }
    needle_int_outlet_slave
    {
        type            calculated;
        value           uniform (0 0 0);
    }
}


// ************************************************************************* //
