/*--------------------------------*- C++ -*----------------------------------*\
| =========                 |                                                 |
| \\      /  F ield         | OpenFOAM: The Open Source CFD Toolbox           |
|  \\    /   O peration     | Version:  2512                                  |
|   \\  /    A nd           | Website:  www.openfoam.com                      |
|    \\/     M anipulation  |                                                 |
\*---------------------------------------------------------------------------*/
FoamFile
{
    version     2.0;
    format      ascii;
    arch        "LSB;label=32;scalar=64";
    class       volScalarField;
    location    "2.2";
    object      sigmaEq;
}
// * * * * * * * * * * * * * * * * * * * * * * * * * * * * * * * * * * * * * //

dimensions      [1 -1 -2 0 0 0 0];

internalField   nonuniform List<scalar> 
200
(
8639.0851
6736.1607
4747.2002
3609.5259
2983.2281
2819.5339
3148.752
4021.831
5683.7713
7301.5399
7730.3457
6585.3857
5269.5187
4255.7771
3642.9871
3444.0819
3692.228
4412.0434
5539.8278
6738.1783
7003.0628
6138.5676
5193.9194
4408.8024
3885.3076
3671.9306
3805.8142
4297.3272
5094.2285
6035.5559
6353.8482
5610.2692
4894.5771
4292.1831
3862.4937
3647.9192
3685.1423
3995.5289
4567.3905
5352.5415
5725.7202
5086.6052
4523.8663
4054.314
3701.6201
3492.6032
3459.6771
3635.6579
4041.3731
4680.1502
5129.8887
4591.2095
4142.5431
3771.0015
3478.1235
3277.1153
3194.4005
3268.3536
3540.1317
4041.2937
4570.7106
4129.0894
3772.7698
3476.4827
3229.9991
3037.3448
2918.7935
2912.8059
3071.3565
3444.601
4050.6964
3700.3526
3421.5433
3184.6172
2974.4096
2789.7501
2645.3772
2576.1057
2637.725
2894.1657
3571.41
3304.1119
3090.2541
2900.2596
2718.4515
2541.4201
2379.2149
2260.7339
2240.2213
2391.6778
3133.8879
2939.3909
2778.4375
2624.6719
2464.8419
2295.3286
2122.3038
1967.4608
1879.1708
1937.6262
2738.6931
2605.2739
2485.2017
2357.9199
2214.6078
2052.797
1875.4784
1696.48
1554.6726
1531.8528
2385.9383
2300.9424
2209.8117
2099.9078
1968.2655
1814.5343
1639.1533
1447.8455
1266.8675
1173.8717
2075.2918
2025.7936
1952.0623
1850.9004
1726.3352
1580.9952
1413.4839
1221.565
1016.1836
863.11034
1805.8805
1779.7339
1712.7418
1611.9693
1489.672
1352.4529
1198.1469
1017.3671
803.60022
599.32738
1575.6647
1563.6858
1494.296
1385.5922
1259.9974
1129.1382
991.78897
833.84798
630.72088
384.10727
1379.1768
1380.2637
1301.4944
1176.4324
1041.1681
912.18749
791.38173
666.29584
498.47704
228.70232
1192.601
1232.0964
1140.256
991.61237
841.90633
707.3354
593.0883
502.30314
400.5228
191.8978
935.98355
1112.4177
1010.7476
839.04272
679.81875
535.15035
403.27724
317.90026
307.74326
359.20652
319.87268
916.27451
873.94806
718.63015
578.54747
441.76465
294.12661
155.55633
177.54251
1006.8974
2173.5004
422.17198
614.41747
637.2392
556.05665
448.25383
367.18298
424.27809
1005.9484
2974.0281
)
;

boundaryField
{
    bottom
    {
        type            calculated;
        value           nonuniform List<scalar> 10(11227.521 6007.5685 4088.3091 3059.0794 2492.3692 2356.2552 2680.4205 3484.4386 5046.6714 9257.9168);
    }
    interface
    {
        type            calculated;
        value           nonuniform List<scalar> 
50
(
9305.3595
8333.9912
7435.0804
6765.1279
6099.3346
5458.0107
4849.2188
4279.4086
3752.5746
3271.3304
2837.3005
2451.3477
2113.6525
1823.5549
1578.1119
1369.2067
1154.9285
826.36176
589.4418
2964.7767
2988.5596
654.27833
462.1803
616.81304
567.53056
467.80071
417.80443
569.82983
1598.7963
3627.4284
7853.4223
7446.6552
6581.3892
5845.801
5106.9162
4400.8137
3738.9567
3127.7149
2569.6833
2065.6134
1615.224
1217.5767
871.14385
573.51806
320.25621
101.50327
130.52401
483.27387
1611.773
3651.3779
)
;
    }
    frontAndBack
    {
        type            empty;
    }
}


// ************************************************************************* //
