/*--------------------------------*- C++ -*----------------------------------*\
| =========                 |                                                 |
| \\      /  F ield         | OpenFOAM: The Open Source CFD Toolbox           |
|  \\    /   O peration     | Version:  2512                                  |
|   \\  /    A nd           | Website:  www.openfoam.com                      |
|    \\/     M anipulation  |                                                 |
\*---------------------------------------------------------------------------*/
FoamFile
{
    version     2.0;
    format      ascii;
    arch        "LSB;label=32;scalar=64";
    class       pointVectorField;
    location    "1.2";
    object      pointD;
}
// * * * * * * * * * * * * * * * * * * * * * * * * * * * * * * * * * * * * * //

dimensions      [0 1 0 0 0 0 0];

internalField   nonuniform List<vector> 
252
(
(0.00016761207 0.00021437692 0)
(0 0 0)
(0 0 0)
(0 0 0)
(0 0 0)
(0.00017821361 -0.00022050209 0)
(0.0005698465 0.00054090726 0)
(0.00049281205 0.00019906544 0)
(0.00045994659 5.848755e-05 0)
(0.00046403753 -5.6472157e-05 0)
(0.00050619422 -0.00019946905 0)
(0.0005953113 -0.00055088621 0)
(0.0010662631 0.00073880832 0)
(0.0010139466 0.00034113701 0)
(0.00098857534 0.00010408077 0)
(0.00099451069 -0.00010232432 0)
(0.001032276 -0.00034220627 0)
(0.0010978095 -0.0007461899 0)
(0.0015976455 0.00086182759 0)
(0.0015741367 0.0004271498 0)
(0.0015624125 0.00013230082 0)
(0.0015691967 -0.00013157558 0)
(0.0015945626 -0.00042905065 0)
(0.0016317948 -0.00086865944 0)
(0.0021299606 0.00089769615 0)
(0.0021326225 0.000461433 0)
(0.0021341884 0.00014445932 0)
(0.002141348 -0.00014460648 0)
(0.0021539944 -0.00046382436 0)
(0.0021653667 -0.00090421225 0)
(0.0026338221 0.00086055173 0)
(0.0026587614 0.0004519482 0)
(0.0026722042 0.00014243382 0)
(0.0026795578 -0.00014318713 0)
(0.002680665 -0.00045457203 0)
(0.0026700197 -0.00086669007 0)
(0.0030824282 0.00076168606 0)
(0.0031256608 0.00040552474 0)
(0.0031490124 0.00012840177 0)
(0.0031564904 -0.0001294207 0)
(0.0031479267 -0.00040804846 0)
(0.0031191949 -0.00076711473 0)
(0.0034539704 0.000613969 0)
(0.0035113793 0.00032980306 0)
(0.0035425069 0.00010474936 0)
(0.0035500767 -0.00010576639 0)
(0.0035339186 -0.00033196285 0)
(0.003491176 -0.00061837919 0)
(0.0037314517 0.00042958922 0)
(0.0037989849 0.00023205656 0)
(0.0038356946 7.38531e-05 0)
(0.0038433314 -7.4649628e-05 0)
(0.0038217231 -0.0002336244 0)
(0.0037689744 -0.0004326951 0)
(0.003902774 0.00022087772 0)
(0.0039763691 0.00011968664 0)
(0.004016433 3.8133548e-05 0)
(0.0040241115 -3.8568389e-05 0)
(0.0039992303 -0.00012051072 0)
(0.003940492 -0.00022248301 0)
(0.003960686 2.3993905e-11 0)
(0.0040363029 1.751481e-11 0)
(0.0040774866 1.2198026e-11 0)
(0.0040851792 7.477709e-12 0)
(0.0040592055 3.0519073e-12 0)
(0.0039984694 -1.8218116e-12 0)
(0.003902774 -0.00022087768 0)
(0.0039763691 -0.00011968661 0)
(0.0040164331 -3.8133524e-05 0)
(0.0040241115 3.8568403e-05 0)
(0.0039992303 0.00012051073 0)
(0.003940492 0.00022248301 0)
(0.0037314517 -0.00042958917 0)
(0.0037989849 -0.00023205652 0)
(0.0038356947 -7.3853078e-05 0)
(0.0038433315 7.4649642e-05 0)
(0.0038217231 0.00023362441 0)
(0.0037689744 0.0004326951 0)
(0.0034539704 -0.00061396896 0)
(0.0035113793 -0.00032980303 0)
(0.0035425069 -0.00010474934 0)
(0.0035500767 0.0001057664 0)
(0.0035339187 0.00033196285 0)
(0.0034911761 0.00061837919 0)
(0.0030824282 -0.00076168603 0)
(0.0031256608 -0.00040552471 0)
(0.0031490124 -0.00012840176 0)
(0.0031564905 0.00012942071 0)
(0.0031479267 0.00040804846 0)
(0.0031191949 0.00076711473 0)
(0.0026338221 -0.0008605517 0)
(0.0026587615 -0.00045194819 0)
(0.0026722042 -0.00014243381 0)
(0.0026795578 0.00014318714 0)
(0.0026806651 0.00045457204 0)
(0.0026700197 0.00086669008 0)
(0.0021299606 -0.00089769613 0)
(0.0021326226 -0.00046143299 0)
(0.0021341885 -0.00014445931 0)
(0.002141348 0.00014460649 0)
(0.0021539945 0.00046382437 0)
(0.0021653667 0.00090421226 0)
(0.0015976455 -0.00086182758 0)
(0.0015741367 -0.00042714979 0)
(0.0015624125 -0.00013230082 0)
(0.0015691968 0.00013157559 0)
(0.0015945627 0.00042905066 0)
(0.0016317949 0.00086865945 0)
(0.0010662631 -0.00073880832 0)
(0.0010139467 -0.00034113701 0)
(0.00098857536 -0.00010408077 0)
(0.00099451072 0.00010232432 0)
(0.001032276 0.00034220627 0)
(0.0010978095 0.00074618991 0)
(0.00056984652 -0.00054090727 0)
(0.00049281206 -0.00019906544 0)
(0.0004599466 -5.8487549e-05 0)
(0.00046403754 5.6472159e-05 0)
(0.00050619424 0.00019946905 0)
(0.00059531131 0.00055088623 0)
(0.00016761208 -0.00021437692 0)
(0 0 0)
(0 0 0)
(0 0 0)
(0 0 0)
(0.00017821361 0.00022050209 0)
(0.00016761207 0.00021437692 0)
(0 0 0)
(0 0 0)
(0 0 0)
(0 0 0)
(0.00017821361 -0.00022050209 0)
(0.0005698465 0.00054090726 0)
(0.00049281205 0.00019906544 0)
(0.00045994659 5.848755e-05 0)
(0.00046403753 -5.6472157e-05 0)
(0.00050619422 -0.00019946905 0)
(0.0005953113 -0.00055088621 0)
(0.0010662631 0.00073880832 0)
(0.0010139466 0.00034113701 0)
(0.00098857534 0.00010408077 0)
(0.00099451069 -0.00010232432 0)
(0.001032276 -0.00034220627 0)
(0.0010978095 -0.0007461899 0)
(0.0015976455 0.00086182759 0)
(0.0015741367 0.0004271498 0)
(0.0015624125 0.00013230082 0)
(0.0015691967 -0.00013157558 0)
(0.0015945626 -0.00042905065 0)
(0.0016317948 -0.00086865944 0)
(0.0021299606 0.00089769615 0)
(0.0021326225 0.000461433 0)
(0.0021341884 0.00014445932 0)
(0.002141348 -0.00014460648 0)
(0.0021539944 -0.00046382436 0)
(0.0021653667 -0.00090421225 0)
(0.0026338221 0.00086055173 0)
(0.0026587614 0.0004519482 0)
(0.0026722042 0.00014243382 0)
(0.0026795578 -0.00014318713 0)
(0.002680665 -0.00045457203 0)
(0.0026700197 -0.00086669007 0)
(0.0030824282 0.00076168606 0)
(0.0031256608 0.00040552474 0)
(0.0031490124 0.00012840177 0)
(0.0031564904 -0.0001294207 0)
(0.0031479267 -0.00040804846 0)
(0.0031191949 -0.00076711473 0)
(0.0034539704 0.000613969 0)
(0.0035113793 0.00032980306 0)
(0.0035425069 0.00010474936 0)
(0.0035500767 -0.00010576639 0)
(0.0035339186 -0.00033196285 0)
(0.003491176 -0.00061837919 0)
(0.0037314517 0.00042958922 0)
(0.0037989849 0.00023205656 0)
(0.0038356946 7.38531e-05 0)
(0.0038433314 -7.4649628e-05 0)
(0.0038217231 -0.0002336244 0)
(0.0037689744 -0.0004326951 0)
(0.003902774 0.00022087772 0)
(0.0039763691 0.00011968664 0)
(0.004016433 3.8133548e-05 0)
(0.0040241115 -3.8568389e-05 0)
(0.0039992303 -0.00012051072 0)
(0.003940492 -0.00022248301 0)
(0.003960686 2.3993905e-11 0)
(0.0040363029 1.751481e-11 0)
(0.0040774866 1.2198026e-11 0)
(0.0040851792 7.477709e-12 0)
(0.0040592055 3.0519073e-12 0)
(0.0039984694 -1.8218116e-12 0)
(0.003902774 -0.00022087768 0)
(0.0039763691 -0.00011968661 0)
(0.0040164331 -3.8133524e-05 0)
(0.0040241115 3.8568403e-05 0)
(0.0039992303 0.00012051073 0)
(0.003940492 0.00022248301 0)
(0.0037314517 -0.00042958917 0)
(0.0037989849 -0.00023205652 0)
(0.0038356947 -7.3853078e-05 0)
(0.0038433315 7.4649642e-05 0)
(0.0038217231 0.00023362441 0)
(0.0037689744 0.0004326951 0)
(0.0034539704 -0.00061396896 0)
(0.0035113793 -0.00032980303 0)
(0.0035425069 -0.00010474934 0)
(0.0035500767 0.0001057664 0)
(0.0035339187 0.00033196285 0)
(0.0034911761 0.00061837919 0)
(0.0030824282 -0.00076168603 0)
(0.0031256608 -0.00040552471 0)
(0.0031490124 -0.00012840176 0)
(0.0031564905 0.00012942071 0)
(0.0031479267 0.00040804846 0)
(0.0031191949 0.00076711473 0)
(0.0026338221 -0.0008605517 0)
(0.0026587615 -0.00045194819 0)
(0.0026722042 -0.00014243381 0)
(0.0026795578 0.00014318714 0)
(0.0026806651 0.00045457204 0)
(0.0026700197 0.00086669008 0)
(0.0021299606 -0.00089769613 0)
(0.0021326226 -0.00046143299 0)
(0.0021341885 -0.00014445931 0)
(0.002141348 0.00014460649 0)
(0.0021539945 0.00046382437 0)
(0.0021653667 0.00090421226 0)
(0.0015976455 -0.00086182758 0)
(0.0015741367 -0.00042714979 0)
(0.0015624125 -0.00013230082 0)
(0.0015691968 0.00013157559 0)
(0.0015945627 0.00042905066 0)
(0.0016317949 0.00086865945 0)
(0.0010662631 -0.00073880832 0)
(0.0010139467 -0.00034113701 0)
(0.00098857536 -0.00010408077 0)
(0.00099451072 0.00010232432 0)
(0.001032276 0.00034220627 0)
(0.0010978095 0.00074618991 0)
(0.00056984652 -0.00054090727 0)
(0.00049281206 -0.00019906544 0)
(0.0004599466 -5.8487549e-05 0)
(0.00046403754 5.6472159e-05 0)
(0.00050619424 0.00019946905 0)
(0.00059531131 0.00055088623 0)
(0.00016761208 -0.00021437692 0)
(0 0 0)
(0 0 0)
(0 0 0)
(0 0 0)
(0.00017821361 0.00022050209 0)
)
;

boundaryField
{
    bottom
    {
        type            calculated;
    }
    top
    {
        type            calculated;
    }
    interface_left
    {
        type            calculated;
    }
    interface_right
    {
        type            calculated;
    }
    frontAndBack
    {
        type            empty;
    }
}


// ************************************************************************* //
