/*--------------------------------*- C++ -*----------------------------------*\
| =========                 |                                                 |
| \\      /  F ield         | OpenFOAM: The Open Source CFD Toolbox           |
|  \\    /   O peration     | Version:  2512                                  |
|   \\  /    A nd           | Website:  www.openfoam.com                      |
|    \\/     M anipulation  |                                                 |
\*---------------------------------------------------------------------------*/
FoamFile
{
    version     2.0;
    format      ascii;
    arch        "LSB;label=32;scalar=64";
    class       surfaceSymmTensorField;
    location    "3.3";
    object      sigmaf;
}
// * * * * * * * * * * * * * * * * * * * * * * * * * * * * * * * * * * * * * //

dimensions      [1 -1 -2 0 0 0 0];

internalField   nonuniform List<symmTensor> 
370
(
(624.28971 2425.4111 0 8451.2021 0 2592.9977)
(-201.91707 1073.6102 0 9153.0316 0 2557.4613)
(1142.8593 2272.7933 0 5377.006 0 1862.8186)
(325.32281 2087.996 0 6713.551 0 2011.1068)
(883.12302 1948.6107 0 3334.8395 0 1205.1322)
(524.14734 2146.3423 0 4384.1387 0 1402.3674)
(438.24516 1745.29 0 1655.9258 0 598.33457)
(350.24936 2009.4748 0 2528.4823 0 822.49475)
(-53.199497 1637.0896 0 114.68172 0 17.566351)
(39.635764 1895.9522 0 917.24751 0 273.39522)
(-551.70046 1605.6636 0 -1419.273 0 -563.13529)
(-314.91168 1832.2426 0 -617.77909 0 -266.48308)
(-1023.1785 1658.7182 0 -3069.4905 0 -1169.334)
(-655.03686 1816.6546 0 -2208.5898 0 -818.17904)
(-1357.4051 1815.4974 0 -5028.7944 0 -1824.6284)
(-901.90722 1825.5585 0 -4008.7547 0 -1403.0463)
(-1089.5641 1862.0424 0 -7824.8349 0 -2546.9711)
(-866.11724 1690.7143 0 -6220.2296 0 -2024.6705)
(-639.37384 821.28655 0 -8632.6805 0 -2649.1584)
(-562.41233 1442.2153 0 7314.7961 0 1929.2525)
(-740.25094 610.38213 0 7720.8469 0 1994.456)
(-49.385821 2017.8407 0 5346.3487 0 1513.418)
(-467.37834 1574.969 0 6137.9254 0 1620.1563)
(102.34397 2104.9339 0 3434.2383 0 1010.4521)
(-211.47061 1994.612 0 4297.0454 0 1167.3071)
(-0.19415269 2062.1058 0 1745.2267 0 498.58072)
(-143.49179 2112.0123 0 2571.3104 0 693.66245)
(-217.96572 2003.8875 0 174.01261 0 -12.558033)
(-218.17199 2113.7231 0 975.46578 0 216.36966)
(-456.44071 1954.4003 0 -1389.6868 0 -527.465)
(-351.93523 2070.717 0 -568.29186 0 -262.92203)
(-628.17216 1895.9099 0 -3054.27 0 -1052.1263)
(-468.91129 1988.3854 0 -2150.0994 0 -748.28876)
(-616.09627 1738.8264 0 -4925.522 0 -1583.3195)
(-491.92062 1813.4821 0 -3851.6711 0 -1241.0262)
(-325.18566 1207.3324 0 -6911.2223 0 -2067.5451)
(-372.69683 1399.8033 0 -5688.7354 0 -1731.8378)
(-228.7749 540.28314 0 -7425.7316 0 -2187.0019)
(-879.20201 1025.6963 0 6444.0081 0 1589.9446)
(-908.47955 464.70849 0 6705.7493 0 1656.3628)
(-581.30543 1700.3382 0 4939.5682 0 1245.2179)
(-771.26748 1277.0719 0 5463.2835 0 1340.576)
(-379.54033 2019.4995 0 3313.0135 0 838.13518)
(-580.44153 1792.8464 0 3977.884 0 970.69784)
(-318.68454 2132.2306 0 1737.4932 0 405.37389)
(-450.8447 2051.156 0 2458.5792 0 573.63842)
(-347.54057 2137.7138 0 215.88811 0 -37.614988)
(-398.81649 2142.5786 0 969.98265 0 163.19033)
(-397.63637 2069.8499 0 -1302.9875 0 -485.89252)
(-388.29812 2120.8123 0 -500.42795 0 -253.92173)
(-401.75062 1908.8775 0 -2874.3398 0 -936.02584)
(-371.39152 1992.4992 0 -1989.127 0 -674.43385)
(-307.0669 1577.193 0 -4516.0613 0 -1378.0366)
(-308.59071 1718.7979 0 -3519.9865 0 -1093.8792)
(-130.90688 949.97094 0 -6123.307 0 -1786.9183)
(-199.21261 1223.6428 0 -5061.5133 0 -1503.0645)
(-119.99164 453.37937 0 -6476.0672 0 -1884.5883)
(-964.37868 835.06772 0 5686.2426 0 1349.104)
(-972.55894 404.391 0 5882.1947 0 1402.7531)
(-797.32335 1477.6309 0 4440.4661 0 1040.8979)
(-887.76613 1110.0161 0 4820.7202 0 1123.7012)
(-627.86615 1875.781 0 3057.8153 0 694.27117)
(-750.42576 1623.3887 0 3579.7338 0 808.37374)
(-509.28001 2073.6429 0 1646.0141 0 324.78118)
(-615.6196 1932.5693 0 2260.7172 0 470.0279)
(-436.76102 2123.3538 0 238.0347 0 -56.778947)
(-508.10397 2070.0591 0 920.27165 0 117.7622)
(-379.47528 2048.3064 0 -1173.199 0 -443.62123)
(-421.05783 2063.526 0 -425.38047 0 -241.83952)
(-304.32723 1836.4086 0 -2600.0401 0 -829.81924)
(-335.57462 1917.3506 0 -1777.2291 0 -603.65821)
(-196.74413 1445.1323 0 -4028.3201 0 -1207.1612)
(-238.98303 1611.2142 0 -3128.7102 0 -962.19807)
(-85.813727 827.40444 0 -5387.5677 0 -1563.8233)
(-141.97783 1112.7119 0 -4443.7854 0 -1310.2181)
(-81.840617 411.41436 0 -5648.812 0 -1637.3293)
(-990.80939 737.40853 0 5005.6122 0 1147.0865)
(-994.72652 370.39248 0 5157.1246 0 1189.2566)
(-883.60075 1325.8731 0 3937.9408 0 872.66859)
(-933.5704 1002.807 0 4232.2556 0 942.48149)
(-745.00749 1731.5902 0 2752.4764 0 573.56254)
(-825.23279 1484.7949 0 3174.0167 0 671.08113)
(-610.96995 1959.9978 0 1509.9503 0 256.85152)
(-696.57197 1798.5313 0 2032.3096 0 381.63933)
(-492.04103 2031.532 0 245.49713 0 -70.441115)
(-567.99695 1951.1297 0 848.73742 0 80.211565)
(-381.67536 1957.6087 0 -1026.1581 0 -402.23813)
(-445.54817 1953.1598 0 -351.45718 0 -227.71581)
(-270.62434 1732.2919 0 -2294.0286 0 -732.75797)
(-327.88755 1806.299 0 -1551.9123 0 -537.08566)
(-160.84108 1336.4514 0 -3533.9637 0 -1055.6585)
(-216.56977 1501.4305 0 -2732.8697 0 -842.697)
(-74.431028 754.39398 0 -4700.0866 0 -1364.1479)
(-123.92979 1026.3013 0 -3861.7278 0 -1138.7593)
(-70.79238 380.74657 0 -4894.3478 0 -1418.6115)
(-998.98326 674.00492 0 4383.754 0 967.07736)
(-1002.4008 344.20606 0 4495.975 0 998.16405)
(-916.61538 1210.8822 0 3462.3975 0 727.36632)
(-950.94172 920.43858 0 3695.3783 0 784.12473)
(-796.2283 1596.727 0 2441.9503 0 470.2063)
(-856.13555 1364.4073 0 2788.1718 0 552.01036)
(-660.42739 1826.1995 0 1358.9984 0 199.59172)
(-733.13795 1662.7299 0 1802.8371 0 305.62834)
(-522.95698 1904.3561 0 244.48503 0 -79.563412)
(-597.82422 1813.6588 0 770.58078 0 49.359017)
(-389.12326 1834.9639 0 -878.66273 0 -362.22457)
(-460.81873 1819.3256 0 -282.06495 0 -212.25248)
(-262.33996 1615.0653 0 -1989.3315 0 -643.33471)
(-329.2315 1679.5153 0 -1332.0137 0 -474.64147)
(-151.1818 1236.941 0 -3060.9254 0 -917.74491)
(-211.20834 1390.2718 0 -2354.7453 0 -733.12962)
(-72.270555 696.03098 0 -4059.4489 0 -1180.4913)
(-119.16705 947.38957 0 -3320.8178 0 -982.8528)
(-67.91196 352.24192 0 -4197.9898 0 -1218.8291)
(-1001.0475 622.25193 0 3811.8457 0 803.08519)
(-1004.7145 319.57311 0 3886.6181 0 823.40102)
(-927.72679 1112.3854 0 3022.0007 0 598.36398)
(-956.5496 847.11735 0 3205.2448 0 642.48433)
(-816.14321 1469.2814 0 2145.9101 0 379.93338)
(-867.11077 1252.8233 0 2431.2757 0 446.90428)
(-681.75851 1686.4457 0 1209.4758 0 150.77636)
(-747.39535 1528.3447 0 1585.6728 0 239.50784)
(-538.012 1762.9571 0 239.71901 0 -85.226567)
(-610.53391 1669.9118 0 694.06935 0 23.867268)
(-394.99944 1698.8044 0 -738.34303 0 -323.81213)
(-468.37885 1676.3126 0 -217.91222 0 -196.08316)
(-261.83025 1492.1334 0 -1700.1346 0 -560.5614)
(-331.47194 1546.3456 0 -1125.3426 0 -416.23273)
(-149.62926 1139.9335 0 -2618.9597 0 -791.0254)
(-210.68031 1278.0704 0 -2002.5454 0 -632.3502)
(-72.384221 641.20999 0 -3465.9312 0 -1010.9473)
(-118.37149 870.14403 0 -2822.0942 0 -840.13305)
(-67.490987 323.73201 0 -3556.1849 0 -1035.336)
(-1000.8315 573.37618 0 3285.9519 0 652.89153)
(-1004.8467 294.27879 0 3325.5563 0 663.05987)
(-929.7952 1020.1717 0 2618.1742 0 482.394)
(-957.06326 776.08057 0 2758.4491 0 514.68168)
(-821.63912 1345.9485 0 1871.8649 0 300.06451)
(-869.02769 1144.6668 0 2105.4989 0 353.2775)
(-688.63426 1545.6662 0 1068.9563 0 108.66343)
(-750.66557 1395.3394 0 1385.955 0 181.51127)
(-543.37009 1616.7452 0 234.02839 0 -88.383342)
(-613.78591 1524.6472 0 622.99037 0 2.6298453)
(-397.50128 1557.6933 0 -607.9717 0 -287.27799)
(-470.3475 1530.4433 0 -158.86028 0 -179.77365)
(-262.31558 1367.0079 0 -1431.818 0 -484.03816)
(-332.02056 1411.1595 0 -934.65721 0 -361.90793)
(-149.80001 1043.3923 0 -2211.4039 0 -674.6297)
(-210.59695 1165.5543 0 -1678.9298 0 -539.86478)
(-72.8535 586.86139 0 -2920.0346 0 -855.1109)
(-118.3433 793.19709 0 -2365.5632 0 -709.68756)
(-67.666731 294.98451 0 -2968.4797 0 -867.47041)
(-999.48006 524.08901 0 2804.6399 0 515.75996)
(-1003.6644 267.56137 0 2812.4416 0 516.79347)
(-927.9573 929.48443 0 2250.5029 0 377.87017)
(-954.99338 704.55739 0 2353.0536 0 399.44578)
(-820.47008 1224.293 0 1622.0764 0 229.03038)
(-866.54392 1037.1791 0 1810.6903 0 269.75612)
(-688.14303 1405.1648 0 940.362 0 72.062561)
(-748.33834 1263.012 0 1205.0832 0 130.49853)
(-542.94305 1469.5042 0 228.74784 0 -89.77006)
(-611.7034 1379.4468 0 558.65096 0 -15.15784)
(-396.83163 1415.4384 0 -488.3858 0 -252.91927)
(-468.44757 1384.3315 0 -104.79454 0 -163.78346)
(-261.71274 1241.5883 0 -1186.1508 0 -413.67529)
(-330.4504 1276.0402 0 -760.80699 0 -311.78783)
(-149.70566 947.21249 0 -1839.2118 0 -568.26214)
(-209.64522 1053.5469 0 -1384.5539 0 -455.48547)
(-73.187066 532.589 0 -2422.0349 0 -712.92056)
(-118.08493 716.67806 0 -1950.9396 0 -591.14986)
(-67.895104 266.27194 0 -2434.8538 0 -715.0711)
(-997.03766 473.23 0 2367.6247 0 391.59631)
(-1001.0583 239.18041 0 2347.9399 0 384.82333)
(-923.97366 838.23519 0 1918.259 0 284.08152)
(-950.97334 631.49299 0 1988.0483 0 296.30714)
(-815.85124 1102.8652 0 1396.7315 0 165.96579)
(-861.34243 929.05632 0 1546.0603 0 195.63367)
(-683.60145 1265.0496 0 824.38189 0 40.222984)
(-742.66383 1130.7618 0 1042.8987 0 85.781393)
(-538.88467 1322.6138 0 224.21561 0 -89.905447)
(-606.21989 1234.7296 0 501.0868 0 -30.038024)
(-393.58288 1273.7106 0 -379.88567 0 -220.99101)
(-463.69411 1239.0293 0 -55.891311 0 -148.45298)
(-259.59989 1117.0065 0 -963.61959 0 -349.49128)
(-326.87195 1142.0568 0 -604.10286 0 -265.9928)
(-148.85678 851.89843 0 -1502.4691 0 -471.80739)
(-207.51016 942.80336 0 -1119.4458 0 -379.13028)
(-73.305292 478.74673 0 -1971.8303 0 -584.32446)
(-117.31393 641.1262 0 -1577.7878 0 -484.31478)
(-68.016669 237.94697 0 -1954.9759 0 -577.99787)
(-993.00341 420.44617 0 1975.0699 0 280.59043)
(-996.41615 209.05843 0 1932.9185 0 267.5721)
(-918.06183 745.58357 0 1620.7817 0 200.7771)
(-944.72113 556.55106 0 1662.9108 0 205.19706)
(-808.76258 980.91669 0 1195.27 0 110.4307)
(-853.66085 819.75672 0 1310.7271 0 130.59035)
(-676.24645 1125.1726 0 720.69545 0 12.699715)
(-734.26142 998.24531 0 898.64278 0 46.966102)
(-532.10708 1176.557 0 220.15404 0 -89.12944)
(-597.96864 1090.5899 0 449.70232 0 -42.361806)
(-388.09199 1133.3022 0 -282.77462 0 -191.67617)
(-456.43261 1095.0139 0 -12.636442 0 -134.01973)
(-255.90698 994.03683 0 -764.36641 0 -291.50668)
(-321.29328 1009.8715 0 -464.83746 0 -224.60878)
(-147.12524 758.10108 0 -1200.9488 0 -385.16402)
(-204.02885 834.02128 0 -883.51001 0 -310.72539)
(-73.186358 425.85707 0 -1568.9478 0 -469.18118)
(-115.87795 567.18694 0 -1245.5437 0 -388.9776)
(-67.930227 210.36214 0 -1528.0411 0 -455.99182)
(-986.52985 365.68459 0 1627.2485 0 183.06247)
(-988.78996 177.16139 0 1568.1294 0 165.52556)
(-909.70117 651.27089 0 1357.5139 0 127.94649)
(-935.46938 479.72205 0 1377.3244 0 126.24429)
(-799.09626 858.14303 0 1016.8966 0 62.228675)
(-843.04943 709.15151 0 1103.8548 0 74.515832)
(-666.20704 985.43866 0 628.54239 0 -10.761329)
(-722.95012 865.35578 0 771.34711 0 13.82771)
(-522.71593 1031.5527 0 215.91258 0 -87.658101)
(-586.87077 947.09851 0 403.58824 0 -52.366438)
(-380.29058 994.69204 0 -197.52561 0 -165.09034)
(-446.52151 952.58825 0 24.224254 0 -120.65636)
(-250.42614 873.32055 0 -588.53965 0 -239.70451)
(-313.44773 880.00671 0 -343.46593 0 -187.68962)
(-144.31042 666.53269 0 -934.31863 0 -308.17973)
(-198.87692 727.90525 0 -676.72207 0 -250.17114)
(-72.732505 374.51308 0 -1212.5663 0 -367.22822)
(-113.52084 495.60873 0 -953.52394 0 -304.86994)
(-67.46062 183.91008 0 -1152.7001 0 -348.61735)
(-976.49613 309.06157 0 1324.3631 0 99.390574)
(-976.9487 143.51845 0 1254.006 0 79.159241)
(-898.03411 555.36218 0 1127.9628 0 65.693898)
(-922.19895 401.25977 0 1131.0237 0 59.664206)
(-786.27629 734.52937 0 860.77082 0 21.284151)
(-828.82001 597.39341 0 924.68757 0 27.390734)
(-653.09884 845.87689 0 546.98372 0 -30.318607)
(-708.27112 732.17807 0 659.99953 0 -13.791884)
(-510.38006 887.77502 0 210.61735 0 -85.64649)
(-572.57806 804.37947 0 361.6901 0 -60.253703)
(-369.78245 858.24901 0 -124.81477 0 -141.31349)
(-433.59119 811.99037 0 53.750275 0 -108.52598)
(-242.67424 755.45941 0 -436.43989 0 -194.03261)
(-302.84087 752.89824 0 -240.67628 0 -155.29061)
(-139.95926 578.00555 0 -702.24611 0 -240.63011)
(-191.46357 625.19001 0 -499.26812 0 -197.35191)
(-71.696099 325.46499 0 -901.50202 0 -278.05661)
(-109.75804 427.34528 0 -700.98326 0 -231.64037)
(-66.278408 159.13299 0 -826.89419 0 -255.19217)
(-961.56928 250.98568 0 1066.3843 0 29.947147)
(-959.32409 108.41883 0 990.29631 0 8.8492052)
(-882.17233 458.22448 0 931.69435 0 14.149149)
(-903.87147 321.86258 0 923.78474 0 5.6895051)
(-769.68248 610.28328 0 726.10939 0 -12.449454)
(-810.43078 484.90333 0 772.62868 0 -10.800599)
(-636.4619 706.63704 0 475.04667 0 -46.118636)
(-689.89813 598.95727 0 563.64572 0 -36.072116)
(-494.70005 745.39001 0 203.29116 0 -83.259681)
(-554.8858 662.61741 0 322.93711 0 -66.271054)
(-356.06417 724.22042 0 -65.497566 0 -120.44621)
(-417.41336 673.35428 0 74.919881 0 -97.855279)
(-231.91194 640.95132 0 -308.6262 0 -154.43947)
(-288.96874 628.74579 0 -157.40713 0 -127.53596)
(-133.2226 493.45027 0 -504.54473 0 -182.21924)
(-180.90886 526.50043 0 -351.76699 0 -152.1931)
(-69.554843 279.81274 0 -634.14172 0 -201.05616)
(-103.72254 363.6773 0 -487.34559 0 -168.87661)
(-63.824589 136.95653 0 -547.48952 0 -174.66117)
(-940.45455 192.56292 0 852.76248 0 -25.054878)
(-933.89355 73.140346 0 775.20569 0 -45.339389)
(-861.6303 360.60412 0 768.4464 0 -26.62397)
(-879.77853 243.03813 0 755.74341 0 -35.438604)
(-749.02552 485.78332 0 612.29579 0 -39.065638)
(-787.8889 372.29837 0 647.44937 0 -40.125578)
(-616.14246 567.99518 0 411.83145 0 -58.374573)
(-667.94816 466.07403 0 481.43381 0 -53.289815)
(-475.66302 604.55437 0 193.01861 0 -80.755546)
(-534.16593 522.13779 0 286.3779 0 -70.796582)
(-338.96357 592.56331 0 -20.476124 0 -102.69706)
(-398.50842 536.65465 0 86.910963 0 -89.027845)
(-217.33027 529.85124 0 -206.01612 0 -120.95611)
(-271.88076 507.11231 0 -94.695007 0 -104.73593)
(-122.61709 413.7269 0 -341.49701 0 -132.60403)
(-166.18075 431.78708 0 -235.64255 0 -114.80666)
(-65.143579 239.3125 0 -408.31882 0 -135.27497)
(-93.901528 306.20359 0 -312.93105 0 -116.23788)
(-59.358253 119.30585 0 -309.60217 0 -105.41726)
(-912.62201 136.44292 0 681.76703 0 -65.958567)
(-895.45543 41.826974 0 603.90803 0 -83.299257)
(-836.99526 263.4864 0 638.52768 0 -56.705025)
(-850.1385 167.41124 0 628.69979 0 -63.268205)
(-724.543 361.39209 0 518.93143 0 -58.746163)
(-761.8615 259.84596 0 549.54358 0 -60.662264)
(-592.54794 430.49276 0 356.51093 0 -67.439148)
(-642.88807 334.07885 0 412.33307 0 -65.872857)
(-454.27364 465.6019 0 179.24226 0 -78.580394)
(-511.76508 383.86337 0 251.26873 0 -74.427526)
(-319.56579 462.72261 0 9.7782511 0 -88.510725)
(-379.20812 401.94668 0 89.790271 0 -82.690814)
(-198.75202 420.91509 0 -129.78758 0 -93.868456)
(-253.65136 386.2984 0 -52.887423 0 -87.58251)
(-105.7157 338.7097 0 -214.49968 0 -91.49011)
(-147.07452 338.75061 0 -153.43705 0 -85.860451)
(-55.563949 206.69636 0 -220.99422 0 -79.016619)
(-78.029741 256.05169 0 -180.91757 0 -73.984945)
(-53.637218 110.81359 0 -105.59446 0 -45.494764)
(-881.97866 86.48238 0 547.32932 0 -95.614097)
(-827.55694 28.171091 0 464.45103 0 -103.74454)
(-810.693 166.19872 0 542.83781 0 -76.530054)
(-812.95164 96.125486 0 548.98329 0 -75.419527)
(-696.35409 236.85212 0 445.02905 0 -71.807157)
(-730.90672 145.50697 0 478.89006 0 -72.00476)
(-566.52334 295.55716 0 307.82069 0 -73.915042)
(-614.06386 204.24802 0 353.62796 0 -74.410257)
(-433.41716 329.90438 0 162.24661 0 -77.477301)
(-490.20512 250.75712 0 216.92149 0 -78.081038)
(-302.09945 333.79601 0 26.585067 0 -78.718395)
(-365.25847 270.6289 0 85.898666 0 -79.817087)
(-179.00947 310.01209 0 -80.178618 0 -74.053739)
(-241.88533 263.20834 0 -29.103441 0 -77.425363)
(-79.754074 264.08447 0 -126.61525 0 -58.962664)
(-128.98357 239.49513 0 -107.50932 0 -67.569397)
(-33.263386 184.54593 0 -67.006486 0 -28.648535)
(-56.882971 209.5609 0 -101.37887 0 -45.217668)
(-57.17146 123.503 0 74.797809 0 5.0360997)
(-854.45505 45.384649 0 434.31452 0 -120.04015)
(-631.14256 68.211194 0 350.64895 0 -80.141032)
(-780.38119 61.473295 0 482.19815 0 -85.195153)
(-746.86988 22.051592 0 532.89449 0 -61.135825)
(-660.05893 111.84034 0 385.84436 0 -78.347019)
(-679.55118 25.184678 0 428.52289 0 -71.722369)
(-538.50771 167.83939 0 262.84618 0 -78.760438)
(-577.48328 82.696777 0 297.62882 0 -79.958417)
(-418.74037 202.19367 0 143.85226 0 -78.53946)
(-473.8767 130.98977 0 182.56718 0 -83.231292)
(-296.82725 206.55492 0 35.784856 0 -74.583542)
(-366.83186 148.71576 0 81.537449 0 -81.512688)
(-170.81459 189.35371 0 -51.628671 0 -63.555218)
(-255.10559 137.19566 0 -11.902148 0 -76.287926)
(-49.8363 173.12222 0 -80.315094 0 -37.186113)
(-140.47869 118.51679 0 -91.277702 0 -66.216111)
(14.953926 167.02733 0 67.501487 0 23.558689)
(-58.473298 144.77065 0 -95.283818 0 -43.930605)
(-157.181 182.54656 0 236.06105 0 22.537159)
(-843.81845 -50.452219 0 273.49862 0 -162.94852)
(11.719184 208.92433 0 282.27982 0 83.999714)
(-716.47326 -78.535338 0 422.4456 0 -84.007903)
(-426.96476 -105.2935 0 560.97755 0 38.289366)
(-602.79132 -7.3138297 0 319.85348 0 -80.839384)
(-537.72278 -88.497239 0 357.30125 0 -51.54901)
(-511.02082 59.681827 0 215.85713 0 -84.332483)
(-529.72781 -9.073693 0 230.63306 0 -85.455644)
(-419.28127 93.269359 0 127.6047 0 -83.336164)
(-472.04509 39.250278 0 148.97961 0 -92.304423)
(-320.22593 89.335819 0 49.539485 0 -77.338984)
(-394.03029 49.660467 0 85.471024 0 -88.15979)
(-207.74692 56.198392 0 -19.285079 0 -64.866286)
(-319.47655 24.716679 0 21.235382 0 -85.211764)
(-66.358616 24.628006 0 -45.986186 0 -32.098515)
(-277.2052 -22.871498 0 -59.707184 0 -96.260681)
(86.480605 79.684246 0 225.49654 0 89.136328)
(-320.93716 -8.0684644 0 -150.33999 0 -134.65062)
(-625.70119 310.70447 0 308.2629 0 -90.696656)
(-303.32722 -375.64489 0 -124.71339 0 -122.29732)
(-419.60763 -182.1311 0 234.2606 0 -52.956293)
(-497.43474 -57.788973 0 239.10576 0 -73.808281)
(-495.98256 -0.38428308 0 176.92043 0 -91.160609)
(-444.766 18.831117 0 118.36044 0 -93.258733)
(-382.89306 9.6037492 0 68.766705 0 -89.750387)
(-346.24908 -34.073097 0 37.898489 0 -88.100169)
(-357.96027 -132.49016 0 114.80882 0 -69.471843)
(-356.31826 -299.37203 0 578.30112 0 63.423675)
)
;

boundaryField
{
    bottom
    {
        type            calculated;
        value           nonuniform List<symmTensor> 10((217.54912 2729.9301 0 11564.56 0 3366.3169) (2624.3734 2606.5661 0 6560.9335 0 2624.3734) (1623.9825 1886.6067 0 4059.9562 0 1623.9825) (930.06466 1564.5975 0 2325.1617 0 930.06466) (323.61886 1404.5081 0 809.04715 0 323.61886) (-259.68204 1333.7423 0 -649.20511 0 -259.68204) (-862.21412 1345.1771 0 -2155.5353 0 -862.21412) (-1540.7903 1491.3326 0 -3851.9757 0 -1540.7903) (-2469.474 1958.5559 0 -6173.6849 0 -2469.474) (-937.0283 1866.714 0 -10494.239 0 -3266.0765));
    }
    interface
    {
        type            calculated;
        value           nonuniform List<symmTensor> 
50
(
(-1032.0305 13.883061 0 9475.7549 0 2412.4927)
(-1025.6401 10.030796 0 8400.0609 0 2106.9774)
(-1024.8752 10.59876 0 7396.7078 0 1820.5236)
(-1024.6957 11.513172 0 6647.9551 0 1606.6456)
(-1024.8074 12.338513 0 5902.8302 0 1393.7208)
(-1025.1692 12.855407 0 5184.1441 0 1188.2786)
(-1025.68 12.895149 0 4500.9644 0 992.93839)
(-1026.1254 12.314455 0 3860.645 0 809.86274)
(-1026.1971 10.974416 0 3267.8709 0 640.47823)
(-1025.4182 8.7284766 0 2725.9426 0 485.8641)
(-1023.125 5.4248883 0 2237.2443 0 346.89123)
(-1018.4266 0.89565434 0 1803.5606 0 224.32403)
(-1010.1388 -5.061644 0 1426.2666 0 118.89366)
(-996.66866 -12.72389 0 1106.315 0 31.327529)
(-975.73284 -22.527521 0 842.90098 0 -37.951961)
(-943.93522 -34.854552 0 630.46622 0 -89.56257)
(-895.63444 -52.974426 0 425.19805 0 -134.4104)
(-814.41495 -68.417261 0 110.32386 0 -201.16888)
(-703.10584 -118.82136 0 -1143.6014 0 -527.63063)
(-424.24442 -106.28289 0 -3679.4963 0 -1172.4973)
(3816.6654 88.008894 0 551.64347 0 1248.0883)
(1038.3175 10.987064 0 367.46408 0 401.65188)
(-297.91182 -10.670084 0 232.95898 0 -18.557955)
(-530.13031 -10.525804 0 173.22823 0 -101.97202)
(-514.71864 -11.966177 0 129.76415 0 -109.987)
(-434.59127 -12.212371 0 94.698443 0 -97.112235)
(-405.34814 -11.927237 0 64.91237 0 -97.267362)
(-599.07482 -11.160259 0 38.710028 0 -160.10423)
(-1769.7012 -9.7103204 0 16.541543 0 -500.90275)
(-4054.7371 -6.9331191 0 0.41857587 0 -1158.3767)
(-44.136387 0.48402546 0 -8805.2747 0 -2528.4032)
(-44.182533 0.38366005 0 -8353.3235 0 -2399.2874)
(-44.00354 0.30663072 0 -7388.0213 0 -2123.4357)
(-43.849224 0.14928521 0 -6566.89 0 -1888.7826)
(-43.763746 -0.070205146 0 -5741.942 0 -1653.0588)
(-43.76642 -0.32697337 0 -4953.5693 0 -1427.8102)
(-43.874784 -0.59483667 0 -4214.6301 0 -1216.7157)
(-44.106476 -0.84363655 0 -3532.2811 0 -1021.825)
(-44.474912 -1.0368413 0 -2909.4558 0 -843.98021)
(-44.980735 -1.1310174 0 -2347.013 0 -683.42678)
(-45.601888 -1.0775376 0 -1844.6314 0 -540.06666)
(-46.280774 -0.82777661 0 -1401.2206 0 -413.57182)
(-46.919291 -0.34078033 0 -1014.9771 0 -303.39896)
(-47.378642 0.40823164 0 -683.04406 0 -208.6922)
(-47.49311 1.425327 0 -400.13301 0 -127.89318)
(-47.071862 2.6888311 0 -153.56133 0 -57.32377)
(-45.952918 4.1538591 0 100.9261 0 15.706624)
(-44.089649 5.7642575 0 498.60466 0 129.86143)
(-41.676813 7.4823904 0 1763.6217 0 491.98424)
(-38.678925 8.470639 0 4047.1607 0 1145.2805)
)
;
    }
    frontAndBack
    {
        type            empty;
    }
}


// ************************************************************************* //
