/*--------------------------------*- C++ -*----------------------------------*\
| =========                 |                                                 |
| \\      /  F ield         | OpenFOAM: The Open Source CFD Toolbox           |
|  \\    /   O peration     | Version:  2512                                  |
|   \\  /    A nd           | Website:  www.openfoam.com                      |
|    \\/     M anipulation  |                                                 |
\*---------------------------------------------------------------------------*/
FoamFile
{
    version     2.0;
    format      ascii;
    arch        "LSB;label=32;scalar=64";
    class       volSymmTensorField;
    location    "3.1";
    object      sigma;
}
// * * * * * * * * * * * * * * * * * * * * * * * * * * * * * * * * * * * * * //

dimensions      [1 -1 -2 0 0 0 0];

internalField   nonuniform List<symmTensor> 
200
(
(-1413.4153 1252.3262 8.8626494e-13 7994.3691 0 1548.4597)
(853.34572 2488.8521 -8.8626494e-13 6365.9659 -1.0339758e-12 1698.6616)
(608.62633 2086.0238 7.3855412e-14 3852.2862 -7.3855412e-14 1049.6265)
(356.52975 1824.8234 3.6927706e-14 2169.4318 -3.6927706e-14 594.34389)
(77.58614 1674.6014 7.3855412e-14 755.97993 9.2319265e-15 196.13319)
(-213.44875 1604.1824 7.3855412e-14 -583.22442 4.6159632e-15 -187.45251)
(-504.23362 1608.3285 -7.3855412e-14 -1976.627 -7.3855412e-14 -583.7319)
(-781.82949 1707.2496 3.6927706e-14 -3594.5072 1.8463853e-14 -1029.7263)
(-1057.6131 1927.2181 -3.6927706e-14 -5882.504 3.6927706e-14 -1632.9687)
(547.53402 858.11557 7.3855412e-14 -7388.6734 7.3855412e-14 -1609.6799)
(-1392.3875 774.74645 0 7180.975 -2.9542165e-13 1362.0206)
(-693.40161 1796.3325 -1.9202407e-12 5790.41 -2.511084e-12 1199.2961)
(-254.8801 2085.9113 2.9542165e-13 3989.9087 5.1698788e-13 878.83026)
(-144.3052 2082.5826 1.4771082e-13 2334.01 -2.2156624e-13 515.22467)
(-177.92743 2024.9456 0 862.30722 -7.3855412e-14 161.03054)
(-263.00872 1969.6878 -1.4771082e-13 -540.95862 1.9617844e-14 -189.16879)
(-330.80421 1919.0881 2.9542165e-13 -1990.6534 -1.8463853e-13 -546.22533)
(-299.47595 1828.9437 0 -3599.6388 -2.2156624e-13 -917.43876)
(-17.647765 1515.7234 0 -5367.6048 -1.4771082e-13 -1267.1182)
(445.62726 641.32212 1.0339758e-12 -6931.9941 0 -1526.204)
(-1529.5395 517.7172 -5.9084329e-13 6322.2311 -2.9542165e-13 1127.6922)
(-1152.2953 1398.3993 -1.4771082e-12 5211.6536 -4.4313247e-12 955.14313)
(-763.06269 1885.7065 2.9542165e-13 3777.8848 0 709.36991)
(-515.64922 2086.5706 -1.7725299e-12 2311.037 0 422.44418)
(-384.08032 2137.4774 0 900.68483 0 121.554)
(-303.2924 2104.72 5.9084329e-13 -477.88062 3.4619724e-15 -183.80542)
(-208.87491 1995.0244 5.9084329e-13 -1879.8155 -7.3855412e-14 -491.45657)
(-38.16375 1760.0327 0 -3342.5035 -2.9542165e-13 -795.45111)
(242.4356 1290.6114 -1.1816866e-12 -4822.2783 1.4771082e-13 -1077.61)
(533.92198 481.02547 0 -6123.1875 -1.4771082e-12 -1315.1213)
(-1503.9915 428.48583 -1.7725299e-12 5643.0679 5.9084329e-13 973.90031)
(-1278.7152 1176.9061 0 4642.5063 -5.3175897e-12 791.48026)
(-984.90215 1696.9747 2.9542165e-12 3444.9458 0 578.83381)
(-724.19613 1988.4655 0 2168.1549 0 339.755)
(-517.60236 2107.2397 8.8626494e-13 880.84196 7.3855412e-14 85.468142)
(-341.99822 2093.4966 2.9542165e-13 -404.25408 -2.9426766e-14 -175.58878)
(-162.36776 1953.066 -2.9542165e-13 -1697.3505 -7.3855412e-14 -437.58076)
(49.067143 1657.1084 2.9542165e-13 -2998.1205 2.9542165e-13 -693.89491)
(287.76871 1155.5299 0 -4266.1754 2.9542165e-13 -936.09568)
(487.02655 425.92098 0 -5419.0399 0 -1160.4737)
(-1453.7186 382.75588 -1.1816866e-12 4998.6197 5.9084329e-13 834.09438)
(-1289.5254 1046.0315 1.1816866e-12 4108.1832 -6.4992762e-12 663.21359)
(-1061.4781 1544.3928 5.9084329e-13 3082.6186 2.9542165e-13 475.56248)
(-820.33474 1859.253 -1.7725299e-12 1973.9655 2.9542165e-13 271.44253)
(-591.64347 2006.9432 1.7725299e-12 828.03439 -7.3855412e-14 55.621392)
(-375.4681 2005.2731 2.9542165e-12 -331.03756 9.2319265e-15 -166.23663)
(-161.47325 1857.272 2.3633732e-12 -1491.0051 -7.3855412e-14 -388.81844)
(55.818065 1549.2566 1.1816866e-12 -2635.2535 -2.9542165e-13 -606.92598)
(263.16533 1061.3237 1.1816866e-12 -3730.8866 0 -815.93442)
(425.24986 390.51296 0 -4733.7787 -8.8626494e-13 -1013.7715)
(-1395.4353 352.915 -1.1816866e-12 4393.1101 -1.7725299e-12 705.33524)
(-1261.7094 954.17579 -2.3633732e-12 3612.4746 -4.7267464e-12 553.12123)
(-1072.5454 1416.5665 5.9084329e-13 2728.2184 0 389.57013)
(-853.985 1723.7469 2.3633732e-12 1767.2433 2.9542165e-13 214.88431)
(-626.8273 1876.8051 2.3633732e-12 761.55628 -2.9542165e-13 31.700938)
(-400.64368 1881.143 -2.3633732e-12 -263.01165 -6.9239449e-14 -156.1542)
(-179.01242 1737.3741 5.9084329e-13 -1285.3631 9.6012035e-13 -344.55895)
(32.305518 1439.5665 5.9084329e-13 -2282.8071 -2.9542165e-13 -529.52979)
(219.04186 980.53369 5.9084329e-13 -3226.806 -1.1816866e-12 -707.70921)
(359.69446 361.26613 -2.3633732e-12 -4086.9405 -5.9084329e-13 -876.99906)
(-1337.5771 327.60259 1.1816866e-12 3826.2268 5.9084329e-13 585.56464)
(-1221.6133 877.76036 -5.9084329e-12 3155.0697 -6.4992762e-12 454.93092)
(-1056.0335 1301.7963 -2.3633732e-12 2395.4849 -2.9542165e-13 315.16505)
(-856.47757 1588.888 2.3633732e-12 1566.281 0 167.01258)
(-639.43425 1735.6458 0 692.50193 0 12.486513)
(-417.53079 1742.0113 -2.3633732e-12 -201.02272 0 -145.542)
(-200.69059 1607.1518 0 -1090.5975 0 -303.8325)
(0.36744226 1328.3672 1.1816866e-12 -1951.8099 0 -459.16294)
(171.57144 903.24797 2.3633732e-12 -2758.3348 5.9084329e-13 -608.6502)
(296.75009 332.99007 1.1816866e-12 -3484.0332 -5.9084329e-13 -749.94897)
(-1282.508 302.81884 2.3633732e-12 3299.4841 1.1816866e-12 474.58262)
(-1178.9675 806.38458 3.5450598e-12 2734.8993 -7.0901195e-12 366.1016)
(-1029.0373 1192.7856 5.9084329e-12 2088.9264 0 249.38568)
(-844.66381 1455.6708 -2.3633732e-12 1378.7397 -2.9542165e-13 125.66492)
(-639.82401 1591.2181 -3.5450598e-12 626.37143 2.9542165e-13 -3.1653126)
(-427.75672 1597.5032 1.1816866e-12 -144.601 -3.6927706e-14 -134.6724)
(-220.78919 1473.0478 0 -910.25341 -1.4771082e-13 -266.12767)
(-31.530866 1216.3294 1.1816866e-12 -1646.1354 2.9542165e-13 -394.74501)
(126.22475 826.55332 1.1816866e-12 -2327.143 -1.4771082e-12 -517.86311)
(238.14256 304.63266 0 -2928.4648 5.9084329e-13 -633.01699)
(-1230.9569 277.07914 0 2814.3279 1.1816866e-12 372.55787)
(-1137.3261 735.66629 1.1816866e-12 2351.1694 -1.1816866e-11 285.61018)
(-998.93211 1085.6197 0 1809.5616 0 190.73636)
(-826.83592 1323.5288 5.9084329e-12 1207.3124 2.9542165e-13 89.523878)
(-633.85514 1446.3156 3.5450598e-12 565.47696 1.4771082e-13 -16.088984)
(-433.12133 1451.7288 2.3633732e-12 -93.225199 0 -123.84624)
(-237.63633 1338.1136 5.9084329e-12 -745.32836 -1.4771082e-13 -231.28581)
(-60.522811 1104.3395 -1.1816866e-12 -1366.9096 -2.0679515e-12 -335.86646)
(84.72428 750.10971 2.3633732e-12 -1933.7399 5.9084329e-13 -435.06249)
(184.46517 276.21386 3.5450598e-12 -2421.6284 2.3633732e-12 -526.39135)
(-1182.9325 249.86383 0 2372.0893 0 279.80159)
(-1097.7634 663.85012 -3.5450598e-12 2003.4094 -7.6809628e-12 213.09317)
(-968.59871 978.36788 -3.5450598e-12 1557.1877 0 138.49153)
(-806.68993 1191.7549 2.3633732e-12 1052.5151 -2.9542165e-13 57.841218)
(-624.48239 1301.7753 -1.1816866e-12 510.44708 0 -26.831837)
(-434.90852 1306.3546 2.3633732e-12 -46.722546 -1.8463853e-14 -113.32496)
(-250.99844 1203.8498 -2.3633732e-12 -596.05936 1.4771082e-13 -199.30772)
(-85.813138 993.23552 0 -1114.314 -2.9542165e-13 -282.38287)
(47.530797 674.34782 4.7267464e-12 -1578.0788 0 -360.12895)
(135.87532 248.03524 -1.1816866e-12 -1963.8238 -2.9542165e-12 -430.10551)
(-1138.0508 220.99655 1.1816866e-11 1973.8685 0 196.66298)
(-1060.2488 590.30112 1.1816866e-11 1691.3423 -9.4534927e-12 148.49259)
(-938.81898 870.16177 -7.0901195e-12 1331.2184 -5.9084329e-13 92.329271)
(-785.54496 1059.8688 4.7267464e-12 913.95295 0 30.213645)
(-612.90849 1157.7921 -4.7267464e-12 461.0478 2.9542165e-13 -35.731925)
(-433.73211 1162.0765 -2.3633732e-12 -5.3054254 -1.1078312e-13 -103.30295)
(-260.89494 1071.0896 4.7267464e-12 -462.60063 4.4313247e-13 -170.23425)
(-107.18643 883.7575 2.3633732e-12 -888.27543 0 -234.22632)
(14.756105 599.88255 0 -1259.8209 -1.7725299e-12 -292.95642)
(92.392304 220.43746 7.0901195e-12 -1554.6613 1.7725299e-12 -344.06329)
(-1095.6263 190.40785 7.0901195e-12 1620.5212 0 123.50468)
(-1024.2034 514.86278 -4.7267464e-12 1414.7579 -1.0635179e-11 91.895181)
(-909.39214 760.69168 4.7267464e-12 1130.9637 -1.7725299e-12 52.134494)
(-763.53041 927.65089 4.7267464e-12 790.86273 2.9542165e-13 6.4311344)
(-599.33523 1014.4314 4.7267464e-12 416.60321 2.9542165e-13 -42.995769)
(-429.6358 1019.2622 4.7267464e-12 30.496313 -7.3855412e-14 -93.915172)
(-267.16654 940.41548 2.3633732e-12 -345.24514 7.3855412e-13 -144.09687)
(-124.41856 776.60719 -1.1816866e-11 -688.71568 -2.9542165e-13 -191.3257)
(-13.4827 527.40362 2.3633732e-12 -978.44255 0 -233.39418)
(54.008698 193.77978 2.3633732e-12 -1193.2621 0 -268.05962)
(-1054.6764 158.07751 2.3633732e-12 1312.6625 -1.1816866e-12 60.702609)
(-988.75786 437.64545 0 1173.4176 -1.0635179e-11 43.449353)
(-879.70788 649.97788 0 955.71669 -2.3633732e-12 17.884425)
(-740.25568 795.09713 0 682.34875 -5.9084329e-13 -13.62516)
(-583.47606 871.78907 2.3633732e-12 376.21564 0 -48.767156)
(-422.30492 878.18221 -7.0901195e-12 59.913995 -1.1078312e-13 -85.268454)
(-269.39726 812.31475 7.0901195e-12 -244.49117 -2.9542165e-13 -120.91493)
(-137.05588 672.50869 -1.1816866e-11 -515.65961 0 -153.58012)
(-36.89601 457.73966 0 -733.27649 -1.1816866e-12 -181.21706)
(20.741302 168.50336 0 -878.27875 5.9084329e-13 -201.77352)
(-1013.8339 124.09897 2.3633732e-12 1050.6014 -3.5450598e-12 8.6511726)
(-952.96345 359.08461 -2.3633732e-12 966.98063 -8.8626494e-12 3.2981606)
(-849.14018 538.31209 -4.7267464e-12 804.81413 -1.1816866e-12 -10.429657)
(-715.25641 662.37866 0 587.52451 0 -30.054565)
(-564.97048 730.01705 -2.3633732e-12 338.91637 -2.9542165e-13 -53.189202)
(-411.37242 739.02965 2.3633732e-12 82.027065 -3.6927706e-14 -77.493024)
(-267.03543 687.13615 0 -161.07059 1.4771082e-13 -100.73083)
(-144.32579 572.17278 -4.7267464e-12 -369.34742 2.9542165e-13 -120.86428)
(-54.849181 391.97494 0 -523.54599 5.9084329e-13 -136.09298)
(-7.341149 145.26357 4.7267464e-12 -607.72127 0 -144.72057)
(-971.26612 89.053282 -4.7267464e-12 833.60369 -1.1816866e-12 -32.39116)
(-916.13932 280.20951 0 794.94222 -9.4534927e-12 -28.516963)
(-817.42713 426.24813 0 677.7749 -5.9084329e-13 -32.859349)
(-688.31671 529.81265 -1.4180239e-11 505.65728 5.9084329e-13 -42.978689)
(-543.78224 589.34066 -2.3633732e-12 303.82869 0 -56.459658)
(-396.90399 601.84902 2.3633732e-12 95.922572 -3.6927706e-14 -70.819158)
(-259.78374 564.82109 2.3633732e-12 -95.934125 -4.4313247e-13 -83.69832)
(-145.1473 475.99503 -2.3633732e-12 -250.44333 -8.8626494e-13 -93.080149)
(-66.022638 331.52636 -7.0901195e-12 -348.46614 0 -97.526771)
(-30.103526 125.23123 9.4534927e-12 -378.31622 -5.9084329e-13 -96.098764)
(-923.28578 54.596145 -2.3633732e-12 658.67269 -1.1816866e-12 -62.261902)
(-878.64658 203.06686 1.1816866e-11 656.5335 -1.0635179e-11 -52.261901)
(-784.90498 314.36867 4.7267464e-12 574.59923 5.9084329e-13 -49.483706)
(-659.49736 397.83933 -4.7267464e-12 436.26826 0 -52.524495)
(-520.57362 450.27032 -4.7267464e-12 270.35832 -8.8626494e-13 -58.874188)
(-380.24125 466.56654 -2.3633732e-12 101.09029 0 -65.682579)
(-248.65175 444.35692 -4.7267464e-12 -49.999488 -2.9542165e-13 -70.27088)
(-138.63282 383.07327 2.3633732e-12 -160.36843 8.8626494e-13 -70.353237)
(-67.813676 277.86891 4.7267464e-12 -207.47031 0 -64.772703)
(-47.815482 110.74766 -2.3633732e-12 -183.38918 0 -54.401097)
(-863.29295 27.019482 0 504.24606 3.5450598e-12 -84.481621)
(-841.64812 129.70788 -2.3633732e-12 550.1586 -8.2718061e-12 -68.585767)
(-751.09416 201.95612 -4.7267464e-12 495.85789 0 -60.055592)
(-628.22 267.12698 2.3633732e-12 378.65721 0 -58.720655)
(-496.96003 314.46338 0 238.24257 -2.9542165e-13 -60.874697)
(-365.33954 333.63365 -2.3633732e-12 98.387225 0 -62.81231)
(-238.53512 323.16781 -7.0901195e-12 -22.950277 4.4313247e-13 -61.525976)
(-126.97092 288.67903 -9.4534927e-12 -101.32207 -5.9084329e-13 -53.715997)
(-57.046382 230.29922 4.7267464e-12 -100.52957 -5.9084329e-13 -37.076695)
(-62.615549 107.64823 -9.4534927e-12 -2.0024656 1.7725299e-12 -15.204239)
(-749.5668 18.184152 4.7267464e-12 319.73818 0 -101.13615)
(-799.81168 58.516157 4.7267464e-12 471.43784 -1.1816866e-11 -77.264435)
(-706.87854 84.850139 2.3633732e-12 441.2555 0 -62.499538)
(-591.40585 140.43696 7.0901195e-12 329.45348 1.1816866e-12 -61.635851)
(-475.99149 187.15069 9.4534927e-12 207.16808 0 -63.252569)
(-359.96855 206.3491 -2.3633732e-12 91.971559 7.3855412e-14 -63.058117)
(-242.60207 198.30234 7.0901195e-12 -9.2200448 7.3855412e-13 -59.252262)
(-126.93751 179.97798 -1.1816866e-11 -73.682908 3.5450598e-12 -47.204805)
(-40.900387 177.81546 -4.7267464e-12 -26.044477 0 -15.751733)
(-105.04551 123.4698 4.7267464e-12 223.53047 -5.9084329e-13 27.878813)
(-511.78098 87.992449 -4.7267464e-12 -289.54913 0 -188.54826)
(-642.96383 -55.943617 -9.4534927e-12 403.08858 -9.4534927e-12 -56.441234)
(-609.77868 -42.713258 4.7267464e-12 389.9459 1.7725299e-12 -51.725359)
(-545.79076 29.762015 4.7267464e-12 275.00913 0 -63.713324)
(-464.31867 80.274571 9.4534927e-12 176.22665 2.9542165e-13 -67.786359)
(-373.5882 94.760763 0 91.033352 0 -66.483493)
(-281.86411 75.367825 -4.7267464e-12 11.354194 0 -63.649392)
(-199.2452 39.634173 9.4534927e-12 -55.038686 -2.9542165e-13 -59.831504)
(-139.82514 59.763108 -9.4534927e-12 22.688558 -5.9084329e-13 -27.56155)
(-225.26429 208.97508 -2.3633732e-11 835.50585 1.1816866e-12 143.58625)
(1223.3826 -51.596444 -9.4534927e-12 -1274.3753 -5.9084329e-12 -11.998292)
(164.40612 -232.6501 -1.4180239e-11 221.89494 -8.2718061e-12 90.894366)
(-440.75102 -88.04044 -9.4534927e-12 241.56615 0 -46.867028)
(-522.21042 -19.810181 9.4534927e-12 203.97259 -1.7725299e-12 -74.87949)
(-481.39923 12.392322 9.4534927e-12 150.43272 0 -77.874472)
(-404.09734 17.27743 9.4534927e-12 102.73292 0 -70.909275)
(-350.38895 -3.6808785 4.7267464e-12 63.402112 -5.9084329e-13 -67.526316)
(-400.61811 -53.723256 0 64.818694 -5.9084329e-13 -79.011627)
(-916.8028 -178.63223 4.7267464e-12 159.73525 0 -178.13354)
(-1735.6772 2.8678946 -4.7267464e-12 1683.2397 -1.1816866e-12 -12.338238)
)
;

boundaryField
{
    bottom
    {
        type            calculated;
        value           nonuniform List<symmTensor> 10((-923.081 2740.8191 0 10416.892 0 2233.8379) (1740.307 2613.0045 0 5655.9978 0 1740.307) (1073.4441 1890.8321 0 3488.6933 0 1073.4441) (611.24645 1567.0632 0 1986.551 0 611.24645) (207.43154 1405.3168 0 674.1525 0 207.43154) (-180.9236 1332.8465 0 -588.0017 0 -180.9236) (-582.05068 1342.38 0 -1891.6647 0 -582.05068) (-1033.732 1486.1629 0 -3359.629 0 -1033.732) (-1651.5373 1949.8011 0 -5367.4964 0 -1651.5373) (134.2516 1853.3338 0 -9409.8204 0 -2182.4868));
    }
    interface
    {
        type            calculated;
        value           nonuniform List<symmTensor> 
50
(
(-1857.8602 14.273647 0 8650.0169 0 1598.1545)
(-1748.0475 10.295334 0 7662.6383 0 1391.6684)
(-1651.7243 10.863636 0 6754.299 0 1200.6058)
(-1580.3434 11.791017 0 6077.8641 0 1058.2402)
(-1509.6094 12.633321 0 5405.0937 0 916.58454)
(-1441.6162 13.167518 0 4756.2298 0 779.90907)
(-1377.1286 13.223061 0 4139.3918 0 649.94427)
(-1316.6513 12.655867 0 3561.1993 0 528.12894)
(-1260.3532 11.326825 0 3025.8722 0 415.41625)
(-1208.1191 9.0893566 0 2536.3693 0 312.52947)
(-1159.5776 5.7918557 0 2094.8028 0 220.05299)
(-1114.0944 1.2665587 0 1702.7171 0 138.49947)
(-1070.7304 -4.6886502 0 1361.2538 0 68.358453)
(-1028.1358 -12.350281 0 1071.1294 0 10.11614)
(-984.16904 -22.154293 0 831.40323 0 -35.944897)
(-935.22992 -34.482463 0 636.73561 0 -70.233955)
(-872.0471 -52.602456 0 447.00156 0 -100.01071)
(-768.67905 -68.052291 0 155.25483 0 -144.33511)
(-548.7098 -118.46529 0 -988.2419 0 -361.63569)
(-55.769362 -106.04564 0 -3300.924 0 -789.8102)
(3376.3528 87.712707 0 114.02672 0 821.26577)
(880.45914 10.588381 0 212.04251 0 257.05921)
(-313.00937 -11.068391 0 217.3949 0 -22.497521)
(-517.28981 -10.923405 0 185.482 0 -78.072426)
(-499.44105 -12.361004 0 144.7397 0 -83.45914)
(-423.94947 -12.606326 0 105.43932 0 -74.943564)
(-394.9017 -12.320851 0 75.748691 0 -75.094825)
(-567.45079 -11.547757 0 70.492143 0 -116.93145)
(-1623.2179 -10.069845 0 161.85505 0 -343.85008)
(-3680.8687 -7.155049 0 364.15885 0 -780.40231)
(775.73659 0.76033275 0 -7966.3186 0 -1691.9016)
(733.9091 0.59703106 0 -7570.096 0 -1608.5146)
(642.24019 0.51413972 0 -6697.5915 0 -1424.7885)
(564.14734 0.34167322 0 -5954.3231 0 -1268.2767)
(485.61046 0.097154491 0 -5207.5275 0 -1111.0393)
(410.48478 -0.19310421 0 -4493.9857 0 -960.82375)
(339.97883 -0.50193282 0 -3825.3433 0 -820.08576)
(274.75206 -0.79745222 0 -3208.0536 0 -690.18859)
(215.06302 -1.039845 0 -2644.7376 0 -571.68815)
(160.98445 -1.1803203 0 -2136.1388 0 -464.74219)
(112.50074 -1.1632084 0 -1681.9374 0 -369.27921)
(69.559705 -0.93168409 0 -1281.1264 0 -285.07451)
(32.085449 -0.43624109 0 -932.0628 0 -211.75938)
(-0.052530403 0.35501549 0 -632.16089 0 -148.7561)
(-27.184858 1.4500048 0 -376.64205 0 -95.018097)
(-50.316011 2.8234576 0 -154.04834 0 -48.085731)
(-73.481993 4.4183526 0 75.577874 0 0.49314841)
(-109.49874 6.1525535 0 434.46278 0 76.462126)
(-227.32308 7.9460733 0 1575.7626 0 317.27988)
(-441.9038 8.8507361 0 3641.1305 0 752.75922)
)
;
    }
    frontAndBack
    {
        type            empty;
    }
}


// ************************************************************************* //
