/*--------------------------------*- C++ -*----------------------------------*\
| =========                 |                                                 |
| \\      /  F ield         | OpenFOAM: The Open Source CFD Toolbox           |
|  \\    /   O peration     | Version:  2512                                  |
|   \\  /    A nd           | Website:  www.openfoam.com                      |
|    \\/     M anipulation  |                                                 |
\*---------------------------------------------------------------------------*/
FoamFile
{
    version     2.0;
    format      ascii;
    arch        "LSB;label=32;scalar=64";
    class       volVectorField;
    location    "17.7";
    object      Force;
}
// * * * * * * * * * * * * * * * * * * * * * * * * * * * * * * * * * * * * * //

dimensions      [1 1 -2 0 0 0 0];

internalField   uniform (0 0 0);

boundaryField
{
    needle_inlet_left
    {
        type            calculated;
        value           uniform (0 0 0);
    }
    needle_inlet_right
    {
        type            calculated;
        value           uniform (0 0 0);
    }
    needle_outlet_left
    {
        type            calculated;
        value           uniform (0 0 0);
    }
    needle_outlet_right
    {
        type            calculated;
        value           uniform (0 0 0);
    }
    sclera_left_lower
    {
        type            calculated;
        value           nonuniform List<vector> 7((-0.00034934338 -4.8779722e-12 0) (-0.00026200754 2.9335797e-12 0) (-0.00026200753 1.0388727e-12 0) (-0.00035807696 3.615575e-13 0) (-0.00035807695 2.0599519e-13 0) (-0.00035807695 1.3022646e-13 0) (-0.00035807695 -7.4587782e-15 0));
    }
    sclera_left_upper
    {
        type            calculated;
        value           nonuniform List<vector> 
29
(
(-0.00044022559 3.3877552e-12 0)
(-0.00043664805 1.3667889e-12 0)
(-0.00043353738 1.0120414e-12 0)
(-0.00043187849 6.1734492e-13 0)
(-0.00043073711 4.2688522e-13 0)
(-0.0004299833 2.9389874e-13 0)
(-0.0004294539 2.0985824e-13 0)
(-0.00042907664 1.5225372e-13 0)
(-0.00042880108 1.1260667e-13 0)
(-0.00042859639 8.4502685e-14 0)
(-0.00045903951 6.8345099e-14 0)
(-0.00045890566 5.1819336e-14 0)
(-0.0004588051 3.9849295e-14 0)
(-0.0004587267 3.1017415e-14 0)
(-0.00045866539 2.441497e-14 0)
(-0.00045861603 1.9406574e-14 0)
(-0.00045857826 1.5559742e-14 0)
(-0.000436894 1.202321e-14 0)
(-0.00043687093 9.8477074e-15 0)
(-0.00043685202 8.0859717e-15 0)
(-0.00043683649 6.6425109e-15 0)
(-0.00043682375 5.4424738e-15 0)
(-0.00043681334 4.430388e-15 0)
(-0.00043680492 3.5610924e-15 0)
(-0.00043679821 2.80759e-15 0)
(-0.00042787753 1.8921391e-15 0)
(-0.00042787422 1.3144472e-15 0)
(-0.00042787206 7.7575972e-16 0)
(-0.00042787099 1.1488835e-16 0)
)
;
    }
    sclera_right
    {
        type            calculated;
        value           nonuniform List<vector> 7((0.00034934338 -4.8779722e-12 0) (0.00026200754 2.9335797e-12 0) (0.00026200753 1.0388727e-12 0) (0.00035807696 3.6155745e-13 0) (0.00035807695 2.0599517e-13 0) (0.00035807695 1.3022644e-13 0) (0.00035807695 -7.4587803e-15 0));
    }
    sclera_right_upper
    {
        type            calculated;
        value           nonuniform List<vector> 
29
(
(0.00044022559 3.3877552e-12 0)
(0.00043664805 1.3667889e-12 0)
(0.00043353738 1.0120414e-12 0)
(0.00043187849 6.1734492e-13 0)
(0.00043073711 4.2688522e-13 0)
(0.0004299833 2.9389874e-13 0)
(0.0004294539 2.0985824e-13 0)
(0.00042907664 1.5225372e-13 0)
(0.00042880108 1.1260667e-13 0)
(0.00042859639 8.4502685e-14 0)
(0.00045903951 6.8345099e-14 0)
(0.00045890566 5.1819336e-14 0)
(0.0004588051 3.9849295e-14 0)
(0.0004587267 3.1017415e-14 0)
(0.00045866539 2.441497e-14 0)
(0.00045861603 1.9406574e-14 0)
(0.00045857826 1.5559742e-14 0)
(0.000436894 1.202321e-14 0)
(0.00043687093 9.8477074e-15 0)
(0.00043685202 8.0859717e-15 0)
(0.00043683649 6.6425109e-15 0)
(0.00043682375 5.4424738e-15 0)
(0.00043681334 4.430388e-15 0)
(0.00043680492 3.5610924e-15 0)
(0.00043679821 2.80759e-15 0)
(0.00042787753 1.8921391e-15 0)
(0.00042787422 1.3144472e-15 0)
(0.00042787206 7.7575972e-16 0)
(0.00042787099 1.1488835e-16 0)
)
;
    }
    sclera_top
    {
        type            calculated;
        value           nonuniform List<vector> 
80
(
(-3.0524459e-17 0.00044554704 0)
(-9.2003421e-17 0.00044554716 0)
(-1.5477448e-16 0.00044554742 0)
(-2.1970533e-16 0.0004455478 0)
(-2.8767228e-16 0.00044554833 0)
(-3.5956189e-16 0.000445549 0)
(-4.3627074e-16 0.00044554982 0)
(-5.1870268e-16 0.0004455508 0)
(-6.0776261e-16 0.00044555196 0)
(-7.0434612e-16 0.00044555332 0)
(-8.0932363e-16 0.00044555488 0)
(-9.2351823e-16 0.00044555667 0)
(-1.0476756e-15 0.0004455587 0)
(-1.1824251e-15 0.000445561 0)
(-1.3282304e-15 0.00044556359 0)
(-1.4853286e-15 0.0004455665 0)
(-1.6536581e-15 0.00044556973 0)
(-1.8327739e-15 0.00044557333 0)
(-2.0217516e-15 0.00044557731 0)
(-2.2190845e-15 0.00044558169 0)
(-2.4225749e-15 0.00044558648 0)
(-2.629229e-15 0.00044559169 0)
(-2.8351642e-15 0.00044559733 0)
(-3.03554e-15 0.00044560339 0)
(-3.22453e-15 0.00044560985 0)
(-3.3953497e-15 0.00044561668 0)
(-3.5403608e-15 0.00044562384 0)
(-3.6512668e-15 0.00044563126 0)
(-3.7194122e-15 0.00044563887 0)
(-3.7361902e-15 0.00044564657 0)
(-3.6935497e-15 0.00044565424 0)
(-3.5845792e-15 0.00044566175 0)
(-3.4041275e-15 0.00044566897 0)
(-3.1494072e-15 0.00044567573 0)
(-2.8205153e-15 0.0004456819 0)
(-2.4208039e-15 0.00044568731 0)
(-1.9570395e-15 0.00044569183 0)
(-1.4393093e-15 0.00044569534 0)
(-8.8065487e-16 0.00044569774 0)
(-1.620134e-16 0.00044569895 0)
(7.0434612e-16 0.00044555332 0)
(6.0776261e-16 0.00044555196 0)
(5.1870267e-16 0.0004455508 0)
(4.3627074e-16 0.00044554982 0)
(3.5956189e-16 0.000445549 0)
(2.8767228e-16 0.00044554833 0)
(2.1970533e-16 0.0004455478 0)
(1.5477448e-16 0.00044554742 0)
(9.2003421e-17 0.00044554716 0)
(3.0524459e-17 0.00044554704 0)
(3.7361902e-15 0.00044564657 0)
(3.7194122e-15 0.00044563887 0)
(3.6512668e-15 0.00044563126 0)
(3.5403608e-15 0.00044562384 0)
(3.3953497e-15 0.00044561668 0)
(3.22453e-15 0.00044560985 0)
(3.03554e-15 0.00044560339 0)
(2.8351642e-15 0.00044559733 0)
(2.629229e-15 0.00044559169 0)
(2.4225749e-15 0.00044558648 0)
(2.2190845e-15 0.00044558169 0)
(2.0217516e-15 0.00044557731 0)
(1.8327739e-15 0.00044557333 0)
(1.6536581e-15 0.00044556973 0)
(1.4853286e-15 0.0004455665 0)
(1.3282304e-15 0.00044556359 0)
(1.1824251e-15 0.000445561 0)
(1.0476756e-15 0.0004455587 0)
(9.2351823e-16 0.00044555667 0)
(8.0932363e-16 0.00044555488 0)
(8.8065487e-16 0.00044569774 0)
(1.4393093e-15 0.00044569534 0)
(1.9570395e-15 0.00044569183 0)
(2.4208039e-15 0.00044568731 0)
(2.8205153e-15 0.0004456819 0)
(3.1494072e-15 0.00044567573 0)
(3.4041275e-15 0.00044566897 0)
(3.5845792e-15 0.00044566175 0)
(3.6935497e-15 0.00044565424 0)
(1.620134e-16 0.00044569895 0)
)
;
    }
    cornea_fsi
    {
        type            calculated;
        value           nonuniform List<vector> 
80
(
(8.3510176e-14 -0.00043667922 0)
(2.4143564e-13 -0.00043667922 0)
(3.9572787e-13 -0.00043667922 0)
(5.6854438e-13 -0.00043667922 0)
(7.6497559e-13 -0.00043667922 0)
(9.7861167e-13 -0.00043667922 0)
(1.1974382e-12 -0.00043667922 0)
(1.407199e-12 -0.00043667922 0)
(1.5937705e-12 -0.00043667922 0)
(1.7456244e-12 -0.00043667922 0)
(1.8564266e-12 -0.00043667922 0)
(1.9272739e-12 -0.00043667922 0)
(1.9655327e-12 -0.00043667922 0)
(1.9808202e-12 -0.00043667922 0)
(1.9820544e-12 -0.00043667922 0)
(1.9761051e-12 -0.00043667922 0)
(1.96751e-12 -0.00043667922 0)
(1.9588327e-12 -0.00043667922 0)
(1.9512737e-12 -0.00043667922 0)
(1.945167e-12 -0.00043667922 0)
(1.9403769e-12 -0.00043667922 0)
(1.9365631e-12 -0.00043667922 0)
(1.9333487e-12 -0.00043667922 0)
(1.9304327e-12 -0.00043667922 0)
(1.927692e-12 -0.00043667922 0)
(1.9253106e-12 -0.00043667922 0)
(1.9239779e-12 -0.00043667921 0)
(1.9252269e-12 -0.00043667921 0)
(1.9319163e-12 -0.00043667921 0)
(1.9489078e-12 -0.00043667921 0)
(1.9839952e-12 -0.00043667921 0)
(2.048986e-12 -0.00043667921 0)
(2.1605482e-12 -0.00043667921 0)
(2.3396083e-12 -0.00043667921 0)
(2.6070232e-12 -0.00043667921 0)
(2.9751934e-12 -0.00043667921 0)
(3.4182204e-12 -0.00043667921 0)
(3.8788475e-12 -0.00043667921 0)
(1.9786049e-12 -0.00043667921 0)
(2.9730062e-12 -0.00043667922 0)
(-1.7456241e-12 -0.00043667922 0)
(-1.5937701e-12 -0.00043667922 0)
(-1.4071983e-12 -0.00043667922 0)
(-1.1974373e-12 -0.00043667922 0)
(-9.7861048e-13 -0.00043667922 0)
(-7.6497412e-13 -0.00043667922 0)
(-5.6854259e-13 -0.00043667922 0)
(-3.9572581e-13 -0.00043667922 0)
(-2.4143339e-13 -0.00043667922 0)
(-8.3507782e-14 -0.00043667922 0)
(-1.9489075e-12 -0.00043667921 0)
(-1.931916e-12 -0.00043667921 0)
(-1.9252266e-12 -0.00043667921 0)
(-1.9239776e-12 -0.00043667921 0)
(-1.9253103e-12 -0.00043667922 0)
(-1.9276918e-12 -0.00043667922 0)
(-1.9304325e-12 -0.00043667922 0)
(-1.9333486e-12 -0.00043667922 0)
(-1.936563e-12 -0.00043667922 0)
(-1.9403768e-12 -0.00043667922 0)
(-1.945167e-12 -0.00043667922 0)
(-1.9512736e-12 -0.00043667922 0)
(-1.9588326e-12 -0.00043667922 0)
(-1.9675099e-12 -0.00043667922 0)
(-1.9761051e-12 -0.00043667922 0)
(-1.9820544e-12 -0.00043667922 0)
(-1.9808202e-12 -0.00043667922 0)
(-1.9655326e-12 -0.00043667922 0)
(-1.9272738e-12 -0.00043667922 0)
(-1.8564264e-12 -0.00043667922 0)
(-1.9786049e-12 -0.00043667921 0)
(-3.8788476e-12 -0.00043667921 0)
(-3.4182204e-12 -0.00043667921 0)
(-2.9751935e-12 -0.00043667921 0)
(-2.6070233e-12 -0.00043667921 0)
(-2.3396083e-12 -0.00043667921 0)
(-2.1605481e-12 -0.00043667921 0)
(-2.0489859e-12 -0.00043667921 0)
(-1.983995e-12 -0.00043667921 0)
(-2.9730061e-12 -0.00043667922 0)
)
;
    }
    lens_bottom
    {
        type            calculated;
        value           nonuniform List<vector> 
30
(
(-1.7193416e-13 0.00043667922 0)
(-5.4487874e-13 0.00043667922 0)
(-1.0110421e-12 0.00043667922 0)
(-1.6567516e-12 0.00043667922 0)
(-2.6167975e-12 0.00043667922 0)
(-4.1152091e-12 0.00043667922 0)
(-6.5218332e-12 0.00043667922 0)
(-1.043925e-11 0.00043667923 0)
(-1.6838379e-11 0.00043667923 0)
(-2.7278449e-11 0.00043667925 0)
(-3.3663572e-11 0.00043667928 0)
(-3.4691712e-11 0.00043667932 0)
(-3.4630395e-11 0.00043667936 0)
(-3.4646349e-11 0.00043667939 0)
(-3.4666029e-11 0.00043667943 0)
(-3.4672771e-11 0.00043667946 0)
(-3.4674539e-11 0.00043667949 0)
(-3.4675224e-11 0.00043667953 0)
(-3.4675556e-11 0.00043667956 0)
(-3.4675721e-11 0.0004366796 0)
(-3.4675854e-11 0.00043667963 0)
(-3.4676082e-11 0.00043667967 0)
(-3.4676623e-11 0.0004366797 0)
(-3.4677915e-11 0.00043667974 0)
(-3.4680744e-11 0.00043667977 0)
(-3.4686702e-11 0.00043667981 0)
(-3.4700236e-11 0.00043667984 0)
(-3.4709815e-11 0.00043667988 0)
(-3.4561955e-11 0.00043667991 0)
(-3.4473433e-11 0.00043667994 0)
)
;
    }
    lens_bottom_left
    {
        type            calculated;
        value           nonuniform List<vector> 
30
(
(2.7278449e-11 0.00043667925 0)
(1.6838379e-11 0.00043667923 0)
(1.043925e-11 0.00043667923 0)
(6.5218334e-12 0.00043667922 0)
(4.1152093e-12 0.00043667922 0)
(2.6167978e-12 0.00043667922 0)
(1.6567521e-12 0.00043667922 0)
(1.0110428e-12 0.00043667922 0)
(5.4487949e-13 0.00043667922 0)
(1.7193497e-13 0.00043667922 0)
(3.4473433e-11 0.00043667994 0)
(3.4561955e-11 0.00043667991 0)
(3.4709814e-11 0.00043667988 0)
(3.4700236e-11 0.00043667984 0)
(3.4686702e-11 0.00043667981 0)
(3.4680744e-11 0.00043667977 0)
(3.4677915e-11 0.00043667974 0)
(3.4676623e-11 0.0004366797 0)
(3.4676082e-11 0.00043667967 0)
(3.4675853e-11 0.00043667963 0)
(3.4675721e-11 0.0004366796 0)
(3.4675556e-11 0.00043667956 0)
(3.4675224e-11 0.00043667953 0)
(3.4674539e-11 0.00043667949 0)
(3.4672771e-11 0.00043667946 0)
(3.4666029e-11 0.00043667943 0)
(3.4646349e-11 0.00043667939 0)
(3.4630395e-11 0.00043667936 0)
(3.4691712e-11 0.00043667932 0)
(3.3663572e-11 0.00043667928 0)
)
;
    }
    lens_right
    {
        type            calculated;
        value           uniform (0 0 0);
    }
    lens_left
    {
        type            calculated;
        value           uniform (0 0 0);
    }
    lens_top
    {
        type            calculated;
        value           nonuniform List<vector> 
30
(
(3.4467996e-17 -0.00044553124 0)
(1.0409795e-16 -0.0004455311 0)
(1.7582959e-16 -0.00044553081 0)
(2.51131e-16 -0.00044553037 0)
(3.3157433e-16 -0.00044552977 0)
(4.1888488e-16 -0.00044552899 0)
(5.1499846e-16 -0.00044552803 0)
(6.2213064e-16 -0.00044552685 0)
(7.4286245e-16 -0.00044552545 0)
(8.8024898e-16 -0.00044552377 0)
(1.0379596e-15 -0.00044552179 0)
(1.2204623e-15 -0.00044551946 0)
(1.4332695e-15 -0.00044551673 0)
(1.6832717e-15 -0.00044551351 0)
(1.9791978e-15 -0.00044550973 0)
(2.3322592e-15 -0.00044550528 0)
(2.7570698e-15 -0.00044550003 0)
(3.2729885e-15 -0.00044549381 0)
(3.9060976e-15 -0.0004454864 0)
(4.6922905e-15 -0.00044547753 0)
(5.6818203e-15 -0.00044546683 0)
(6.9477531e-15 -0.00044545379 0)
(8.5956813e-15 -0.00044543774 0)
(1.0797932e-14 -0.00044541772 0)
(1.3786113e-14 -0.00044539226 0)
(1.8113618e-14 -0.00044535935 0)
(2.4060601e-14 -0.00044531494 0)
(3.4904873e-14 -0.00044525551 0)
(4.5672223e-14 -0.0004451611 0)
(5.9030141e-14 -0.00044505 0)
)
;
    }
    lens_top_left
    {
        type            calculated;
        value           nonuniform List<vector> 
30
(
(-8.8024898e-16 -0.00044552377 0)
(-7.4286245e-16 -0.00044552545 0)
(-6.2213064e-16 -0.00044552685 0)
(-5.1499846e-16 -0.00044552803 0)
(-4.1888488e-16 -0.00044552899 0)
(-3.3157433e-16 -0.00044552977 0)
(-2.51131e-16 -0.00044553037 0)
(-1.7582959e-16 -0.00044553081 0)
(-1.0409795e-16 -0.0004455311 0)
(-3.4467997e-17 -0.00044553124 0)
(-5.9030141e-14 -0.00044505 0)
(-4.5672223e-14 -0.0004451611 0)
(-3.4904873e-14 -0.00044525551 0)
(-2.4060601e-14 -0.00044531494 0)
(-1.8113618e-14 -0.00044535935 0)
(-1.3786113e-14 -0.00044539226 0)
(-1.0797932e-14 -0.00044541772 0)
(-8.5956813e-15 -0.00044543774 0)
(-6.9477531e-15 -0.00044545379 0)
(-5.6818203e-15 -0.00044546683 0)
(-4.6922905e-15 -0.00044547753 0)
(-3.9060976e-15 -0.0004454864 0)
(-3.2729885e-15 -0.00044549381 0)
(-2.7570698e-15 -0.00044550003 0)
(-2.3322592e-15 -0.00044550528 0)
(-1.9791978e-15 -0.00044550973 0)
(-1.6832717e-15 -0.00044551351 0)
(-1.4332695e-15 -0.00044551673 0)
(-1.2204623e-15 -0.00044551946 0)
(-1.0379596e-15 -0.00044552179 0)
)
;
    }
    iris_bottom
    {
        type            calculated;
        value           nonuniform List<vector> 
60
(
(2.0030939e-12 0.00043667922 0)
(1.9821412e-12 0.00043667922 0)
(1.8911235e-12 0.00043667922 0)
(1.8674462e-12 0.00043667922 0)
(1.868548e-12 0.00043667922 0)
(1.8804216e-12 0.00043667922 0)
(1.8945205e-12 0.00043667922 0)
(1.9069623e-12 0.00043667922 0)
(1.9167594e-12 0.00043667922 0)
(1.9240972e-12 0.00043667922 0)
(1.92953e-12 0.00043667922 0)
(1.9336652e-12 0.00043667922 0)
(1.9370329e-12 0.00043667922 0)
(1.9400138e-12 0.00043667922 0)
(1.9427669e-12 0.00043667922 0)
(1.9451164e-12 0.00043667922 0)
(1.9463585e-12 0.00043667921 0)
(1.9449437e-12 0.00043667921 0)
(1.9380176e-12 0.00043667921 0)
(1.9207899e-12 0.00043667921 0)
(1.8857468e-12 0.00043667921 0)
(1.8218551e-12 0.00043667921 0)
(1.7141307e-12 0.00043667921 0)
(1.5443778e-12 0.00043667921 0)
(1.2946509e-12 0.00043667921 0)
(9.5646131e-13 0.00043667921 0)
(5.4920509e-13 0.00043667921 0)
(1.457689e-13 0.00043667921 0)
(-1.8103324e-13 0.00043667921 0)
(-1.0533053e-13 0.00043667921 0)
(-1.9207899e-12 0.00043667921 0)
(-1.9380176e-12 0.00043667921 0)
(-1.9449437e-12 0.00043667921 0)
(-1.9463585e-12 0.00043667921 0)
(-1.9451163e-12 0.00043667922 0)
(-1.9427668e-12 0.00043667922 0)
(-1.9400137e-12 0.00043667922 0)
(-1.9370328e-12 0.00043667922 0)
(-1.9336651e-12 0.00043667922 0)
(-1.9295299e-12 0.00043667922 0)
(-1.924097e-12 0.00043667922 0)
(-1.9167592e-12 0.00043667922 0)
(-1.9069621e-12 0.00043667922 0)
(-1.8945204e-12 0.00043667922 0)
(-1.8804215e-12 0.00043667922 0)
(-1.8685478e-12 0.00043667922 0)
(-1.8674461e-12 0.00043667922 0)
(-1.8911235e-12 0.00043667922 0)
(-1.9821414e-12 0.00043667922 0)
(-2.0030943e-12 0.00043667922 0)
(1.8103327e-13 0.00043667921 0)
(-1.4576882e-13 0.00043667921 0)
(-5.4920498e-13 0.00043667921 0)
(-9.564612e-13 0.00043667921 0)
(-1.2946508e-12 0.00043667921 0)
(-1.5443776e-12 0.00043667921 0)
(-1.7141305e-12 0.00043667921 0)
(-1.821855e-12 0.00043667921 0)
(-1.8857467e-12 0.00043667921 0)
(1.0533052e-13 0.00043667921 0)
)
;
    }
    iris_pupil
    {
        type            calculated;
        value           nonuniform List<vector> 5((0.00041921206 -2.1507489e-12 0) (0.00041921206 -2.6041808e-12 0) (0.00041921205 -3.2321201e-12 0) (0.00041921205 -4.0179107e-12 0) (0.00041921204 -3.9422251e-12 0));
    }
    iris_pupil_left
    {
        type            calculated;
        value           nonuniform List<vector> 5((-0.00041921206 -2.1507495e-12 0) (-0.00041921206 -2.6041811e-12 0) (-0.00041921205 -3.2321202e-12 0) (-0.00041921205 -4.0179107e-12 0) (-0.00041921204 -3.9422251e-12 0));
    }
    iris_top
    {
        type            calculated;
        value           nonuniform List<vector> 
40
(
(-3.1282834e-11 -0.00043667929 0)
(-3.3977465e-11 -0.00043667932 0)
(-3.4545425e-11 -0.00043667936 0)
(-3.4659632e-11 -0.00043667939 0)
(-3.4678129e-11 -0.00043667943 0)
(-3.4678494e-11 -0.00043667946 0)
(-3.4677004e-11 -0.00043667949 0)
(-3.4676238e-11 -0.00043667953 0)
(-3.4675928e-11 -0.00043667956 0)
(-3.4675777e-11 -0.0004366796 0)
(-3.4675645e-11 -0.00043667963 0)
(-3.4675415e-11 -0.00043667967 0)
(-3.4674891e-11 -0.0004366797 0)
(-3.4673574e-11 -0.00043667974 0)
(-3.4670003e-11 -0.00043667977 0)
(-3.4660784e-11 -0.00043667981 0)
(-3.4641568e-11 -0.00043667984 0)
(-3.4597234e-11 -0.00043667988 0)
(-3.4391995e-11 -0.00043667991 0)
(-3.3017343e-11 -0.00043667995 0)
(-3.1495015e-11 -0.00043667998 0)
(-2.9985971e-11 -0.00043668 0)
(-2.9421821e-11 -0.00043668003 0)
(-2.905174e-11 -0.00043668005 0)
(-2.8701408e-11 -0.00043668007 0)
(-2.8321931e-11 -0.0004366801 0)
(-2.7917078e-11 -0.00043668012 0)
(-2.7640967e-11 -0.00043668015 0)
(-2.9420177e-11 -0.00043668017 0)
(-1.8295297e-11 -0.00043668022 0)
(2.9420177e-11 -0.00043668017 0)
(2.7640967e-11 -0.00043668015 0)
(2.7917078e-11 -0.00043668012 0)
(2.8321931e-11 -0.0004366801 0)
(2.8701408e-11 -0.00043668007 0)
(2.905174e-11 -0.00043668005 0)
(2.9421821e-11 -0.00043668003 0)
(2.9985971e-11 -0.00043668 0)
(3.1495015e-11 -0.00043667998 0)
(1.8295297e-11 -0.00043668022 0)
)
;
    }
    tm_limbus_wall
    {
        type            calculated;
        value           nonuniform List<vector> 4((1.1212736e-11 -0.00043667916 0) (1.0489042e-11 0.00043667916 0) (-1.1212736e-11 -0.00043667916 0) (-1.0489043e-11 0.00043667916 0));
    }
    ac_inlet
    {
        type            calculated;
        value           uniform (0 0 0);
    }
    ac_inlet_left
    {
        type            calculated;
        value           uniform (0 0 0);
    }
    outlet_tm
    {
        type            calculated;
        value           uniform (0 0 0);
    }
    outlet_tm_left
    {
        type            calculated;
        value           uniform (0 0 0);
    }
    front
    {
        type            empty;
    }
    back
    {
        type            empty;
    }
    defaultFaces
    {
        type            calculated;
        value           uniform (0 0 0);
    }
    needle_int_inlet_master
    {
        type            calculated;
        value           uniform (0 0 0);
    }
    needle_int_inlet_slave
    {
        type            calculated;
        value           uniform (0 0 0);
    }
    needle_int_outlet_master
    {
        type            calculated;
        value           uniform (0 0 0);
    }
    needle_int_outlet_slave
    {
        type            calculated;
        value           uniform (0 0 0);
    }
}


// ************************************************************************* //
