/*--------------------------------*- C++ -*----------------------------------*\
| =========                 |                                                 |
| \\      /  F ield         | OpenFOAM: The Open Source CFD Toolbox           |
|  \\    /   O peration     | Version:  2512                                  |
|   \\  /    A nd           | Website:  www.openfoam.com                      |
|    \\/     M anipulation  |                                                 |
\*---------------------------------------------------------------------------*/
FoamFile
{
    version     2.0;
    format      ascii;
    arch        "LSB;label=32;scalar=64";
    class       volVectorField;
    location    "3.9";
    object      U;
}
// * * * * * * * * * * * * * * * * * * * * * * * * * * * * * * * * * * * * * //

dimensions      [0 1 -1 0 0 0 0];

internalField   nonuniform List<vector> 
2000
(
(0.04788985 4.4654724e-10 0)
(0.047889848 1.2572068e-09 0)
(0.047889847 8.236137e-10 0)
(0.047889851 -9.1671481e-10 0)
(0.04788986 -2.6746217e-09 0)
(0.047889876 -5.2075947e-09 0)
(0.047889901 -8.3628952e-09 0)
(0.047889937 -1.2421681e-08 0)
(0.047889988 -1.7634275e-08 0)
(0.047890058 -2.4494971e-08 0)
(0.047890155 -3.3533989e-08 0)
(0.047890287 -4.5555043e-08 0)
(0.047890464 -6.1511023e-08 0)
(0.047890703 -8.2774313e-08 0)
(0.047891023 -1.1108194e-07 0)
(0.047891453 -1.4884529e-07 0)
(0.047892028 -1.9920464e-07 0)
(0.047892797 -2.6642844e-07 0)
(0.047893824 -3.5615384e-07 0)
(0.047895198 -4.7596292e-07 0)
(0.047897033 -6.359472e-07 0)
(0.047899485 -8.4960541e-07 0)
(0.04790276 -1.1350046e-06 0)
(0.047907134 -1.5162096e-06 0)
(0.047912978 -2.0256502e-06 0)
(0.047920784 -2.7062423e-06 0)
(0.047931213 -3.6165674e-06 0)
(0.047945146 -4.8330323e-06 0)
(0.047963768 -6.4629002e-06 0)
(0.047988654 -8.6412966e-06 0)
(0.04802194 -1.1570112e-05 0)
(0.048066439 -1.5483534e-05 0)
(0.048126049 -2.0782543e-05 0)
(0.048205781 -2.7849735e-05 0)
(0.048312914 -3.7561628e-05 0)
(0.048456272 -5.043047e-05 0)
(0.048650115 -6.8674664e-05 0)
(0.048909372 -9.2397398e-05 0)
(0.049264725 -0.00012832461 0)
(0.049737836 -0.00017272716 0)
(0.050406687 -0.00024999384 0)
(0.051280198 -0.00033374281 0)
(0.052611567 -0.00052763728 0)
(0.054228259 -0.00067687571 0)
(0.057232954 -0.0012941322 0)
(0.059924695 -0.0014206572 0)
(0.069238579 -0.0041236957 0)
(0.067665471 -0.003002244 0)
(0.11720662 -0.013900354 0)
(0.060024946 -0.019020707 0)
(0.12587117 1.1597656e-09 0)
(0.12587117 1.4948543e-09 0)
(0.12587117 -2.8948216e-09 0)
(0.12587118 -1.0806373e-08 0)
(0.1258712 -2.137394e-08 0)
(0.12587122 -3.54573e-08 0)
(0.12587126 -5.4110755e-08 0)
(0.12587132 -7.8691484e-08 0)
(0.12587141 -1.1103448e-07 0)
(0.12587153 -1.5371956e-07 0)
(0.12587169 -2.1029392e-07 0)
(0.12587191 -2.854744e-07 0)
(0.12587221 -3.8555769e-07 0)
(0.12587261 -5.189038e-07 0)
(0.12587315 -6.9669066e-07 0)
(0.12587388 -9.3381391e-07 0)
(0.12587485 -1.2502037e-06 0)
(0.12587615 -1.6724504e-06 0)
(0.12587788 -2.2361234e-06 0)
(0.12588021 -2.9886871e-06 0)
(0.12588331 -3.9936372e-06 0)
(0.12588746 -5.3356793e-06 0)
(0.125893 -7.1282414e-06 0)
(0.1259004 -9.5224766e-06 0)
(0.12591028 -1.2721367e-05 0)
(0.12592348 -1.699458e-05 0)
(0.12594113 -2.2706713e-05 0)
(0.12596469 -3.0338362e-05 0)
(0.12599617 -4.0549482e-05 0)
(0.12603822 -5.4193517e-05 0)
(0.12609447 -7.248401e-05 0)
(0.12616954 -9.6920771e-05 0)
(0.12627014 -0.00012980699 0)
(0.12640423 -0.00017370326 0)
(0.12658462 -0.00023325313 0)
(0.12682417 -0.00031247743 0)
(0.12714945 -0.00042176896 0)
(0.12757691 -0.00056576664 0)
(0.1281705 -0.00077155683 0)
(0.12892807 -0.0010357248 0)
(0.13004204 -0.0014424467 0)
(0.13134478 -0.0019311738 0)
(0.13358661 -0.0028081321 0)
(0.13553347 -0.0037106246 0)
(0.14091039 -0.0058703119 0)
(0.14151382 -0.0075408083 0)
(0.15976335 -0.013377296 0)
(0.13995024 -0.018550224 0)
(0.22203267 -0.028036756 0)
(0.083246058 -0.071836922 0)
(0.1864365 5.7184395e-10 0)
(0.1864365 -6.446733e-10 0)
(0.18643651 -8.0928748e-09 0)
(0.18643651 -2.182547e-08 0)
(0.18643653 -4.128366e-08 0)
(0.18643656 -6.7572768e-08 0)
(0.18643659 -1.0263362e-07 0)
(0.18643665 -1.4909894e-07 0)
(0.18643673 -2.1056893e-07 0)
(0.18643684 -2.9191002e-07 0)
(0.18643699 -3.9987004e-07 0)
(0.1864372 -5.4339208e-07 0)
(0.18643748 -7.3451113e-07 0)
(0.18643786 -9.8917126e-07 0)
(0.18643836 -1.3287475e-06 0)
(0.18643905 -1.7816796e-06 0)
(0.18643996 -2.3860497e-06 0)
(0.18644118 -3.1926317e-06 0)
(0.18644282 -4.2693647e-06 0)
(0.186445 -5.7068844e-06 0)
(0.18644792 -7.6264555e-06 0)
(0.18645183 -1.0189797e-05 0)
(0.18645704 -1.3613507e-05 0)
(0.18646401 -1.8185979e-05 0)
(0.18647332 -2.4294717e-05 0)
(0.18648575 -3.2453485e-05 0)
(0.18650236 -4.3358025e-05 0)
(0.18652453 -5.7921221e-05 0)
(0.18655417 -7.7401716e-05 0)
(0.18659369 -0.00010341095 0)
(0.18664662 -0.00013826198 0)
(0.18671702 -0.0001847531 0)
(0.18681164 -0.00024727182 0)
(0.18693678 -0.00033047981 0)
(0.18710647 -0.00044321179 0)
(0.18732777 -0.00059238962 0)
(0.1876344 -0.00079767087 0)
(0.18802043 -0.0010656186 0)
(0.18858527 -0.0014463897 0)
(0.18923296 -0.0019281229 0)
(0.19032545 -0.0026581991 0)
(0.19127858 -0.0035230176 0)
(0.19365446 -0.0049975622 0)
(0.19430154 -0.0065556441 0)
(0.20079047 -0.0096920477 0)
(0.19632826 -0.012744179 0)
(0.21963632 -0.019057234 0)
(0.18384396 -0.027697781 0)
(0.27697463 -0.034853113 0)
(0.11110974 -0.070028177 0)
(0.23135546 1.2802049e-10 0)
(0.23135546 -3.1704527e-09 0)
(0.23135546 -1.3313169e-08 0)
(0.23135547 -3.1217125e-08 0)
(0.23135548 -5.7269862e-08 0)
(0.2313555 -9.2941522e-08 0)
(0.23135552 -1.4077101e-07 0)
(0.23135556 -2.0445442e-07 0)
(0.23135562 -2.8894379e-07 0)
(0.23135569 -4.0099744e-07 0)
(0.2313558 -5.4983847e-07 0)
(0.23135594 -7.4783656e-07 0)
(0.23135613 -1.0115404e-06 0)
(0.23135639 -1.363009e-06 0)
(0.23135674 -1.8317085e-06 0)
(0.23135721 -2.4569528e-06 0)
(0.23135784 -3.2912753e-06 0)
(0.23135868 -4.4048048e-06 0)
(0.23135981 -5.8912858e-06 0)
(0.23136132 -7.8758366e-06 0)
(0.23136333 -1.0525814e-05 0)
(0.23136603 -1.4064349e-05 0)
(0.23136963 -1.8790414e-05 0)
(0.23137443 -2.5101568e-05 0)
(0.23138086 -3.3532806e-05 0)
(0.23138943 -4.4791116e-05 0)
(0.23140089 -5.9837542e-05 0)
(0.23141616 -7.9923815e-05 0)
(0.23143661 -0.00010679074 0)
(0.23146377 -0.000142632 0)
(0.23150031 -0.00019065559 0)
(0.23154842 -0.00025461606 0)
(0.23161386 -0.00034062786 0)
(0.23169842 -0.00045476303 0)
(0.23181646 -0.00060939916 0)
(0.23196225 -0.00081296981 0)
(0.232179 -0.0010929476 0)
(0.2324185 -0.0014555032 0)
(0.23283417 -0.0019687193 0)
(0.23317485 -0.0026125774 0)
(0.23405252 -0.0035714167 0)
(0.23428523 -0.0047126562 0)
(0.2364899 -0.006541349 0)
(0.23525004 -0.0085948183 0)
(0.24214092 -0.012064246 0)
(0.2327164 -0.016076294 0)
(0.25800098 -0.021968335 0)
(0.21190885 -0.031465702 0)
(0.30717053 -0.037658102 0)
(0.12834896 -0.064320958 0)
(0.26319519 -1.7502775e-10 0)
(0.26319519 -5.0363688e-09 0)
(0.26319519 -1.692297e-08 0)
(0.26319519 -3.7044809e-08 0)
(0.2631952 -6.6533896e-08 0)
(0.2631952 -1.0722266e-07 0)
(0.26319522 -1.6202991e-07 0)
(0.26319523 -2.35237e-07 0)
(0.26319525 -3.3258547e-07 0)
(0.26319528 -4.618921e-07 0)
(0.26319533 -6.3378034e-07 0)
(0.26319538 -8.625361e-07 0)
(0.26319546 -1.167268e-06 0)
(0.26319557 -1.5734858e-06 0)
(0.26319571 -2.1152526e-06 0)
(0.2631959 -2.8380383e-06 0)
(0.26319616 -3.8025806e-06 0)
(0.2631965 -5.0899631e-06 0)
(0.26319696 -6.8085611e-06 0)
(0.26319757 -9.1029846e-06 0)
(0.26319839 -1.216671e-05 0)
(0.26319949 -1.6257503e-05 0)
(0.26320096 -2.1721034e-05 0)
(0.26320292 -2.9016156e-05 0)
(0.26320554 -3.8761609e-05 0)
(0.26320902 -5.1771863e-05 0)
(0.2632137 -6.9159214e-05 0)
(0.26321987 -9.2360341e-05 0)
(0.26322823 -0.00012339314 0)
(0.2632391 -0.00016475738 0)
(0.26325413 -0.0002201816 0)
(0.26327296 -0.00029388691 0)
(0.26330027 -0.0003930011 0)
(0.26333172 -0.00052418482 0)
(0.26338279 -0.00070184859 0)
(0.26343063 -0.00093483731 0)
(0.26353216 -0.0012545864 0)
(0.26358514 -0.0016669037 0)
(0.2638118 -0.0022457601 0)
(0.26377831 -0.0029719323 0)
(0.26437841 -0.0040258994 0)
(0.26380974 -0.0053013466 0)
(0.26570764 -0.0072146481 0)
(0.26267952 -0.0094784848 0)
(0.26947652 -0.012832244 0)
(0.25627688 -0.017030226 0)
(0.28189394 -0.0222444 0)
(0.22948814 -0.030725162 0)
(0.3249182 -0.036078847 0)
(0.13924296 -0.054939765 0)
(0.28476927 -3.0527392e-10 0)
(0.28476927 -5.8771746e-09 0)
(0.28476927 -1.8205854e-08 0)
(0.28476926 -3.8429011e-08 0)
(0.28476926 -6.804278e-08 0)
(0.28476926 -1.0906125e-07 0)
(0.28476926 -1.6449109e-07 0)
(0.28476925 -2.3869698e-07 0)
(0.28476924 -3.3754942e-07 0)
(0.28476923 -4.69012e-07 0)
(0.28476921 -6.4388324e-07 0)
(0.28476918 -8.7669227e-07 0)
(0.28476914 -1.186884e-06 0)
(0.28476909 -1.6004319e-06 0)
(0.28476901 -2.1520259e-06 0)
(0.28476892 -2.8879772e-06 0)
(0.28476879 -3.8701484e-06 0)
(0.28476862 -5.1811105e-06 0)
(0.28476839 -6.931234e-06 0)
(0.28476809 -9.2677342e-06 0)
(0.28476768 -1.2387638e-05 0)
(0.28476713 -1.655323e-05 0)
(0.2847664 -2.2116545e-05 0)
(0.28476543 -2.9544068e-05 0)
(0.28476413 -3.9466084e-05 0)
(0.28476237 -5.2709196e-05 0)
(0.28476007 -7.0407037e-05 0)
(0.28475688 -9.401303e-05 0)
(0.28475282 -0.00012558548 0)
(0.28474694 -0.00016763908 0)
(0.28473991 -0.00022397928 0)
(0.28472867 -0.00029881406 0)
(0.28471705 -0.00039940337 0)
(0.28469414 -0.00053230864 0)
(0.28467726 -0.00071204555 0)
(0.28462553 -0.00094729603 0)
(0.28461117 -0.0012687424 0)
(0.28447771 -0.0016830156 0)
(0.28451534 -0.0022577853 0)
(0.28412178 -0.0029823537 0)
(0.28443892 -0.0040050807 0)
(0.2831545 -0.0052637487 0)
(0.2846919 -0.0070506567 0)
(0.28024494 -0.0092311412 0)
(0.28669767 -0.012202169 0)
(0.27090181 -0.016004365 0)
(0.2962942 -0.020377343 0)
(0.240024 -0.02715976 0)
(0.33558053 -0.031498119 0)
(0.14631794 -0.044329727 0)
(0.29871914 -3.4703497e-10 0)
(0.29871914 -5.7207316e-09 0)
(0.29871913 -1.7069641e-08 0)
(0.29871913 -3.5323353e-08 0)
(0.29871912 -6.1970997e-08 0)
(0.29871911 -9.8941404e-08 0)
(0.2987191 -1.490016e-07 0)
(0.29871907 -2.1612125e-07 0)
(0.29871903 -3.0564914e-07 0)
(0.29871897 -4.2482381e-07 0)
(0.29871889 -5.8344067e-07 0)
(0.29871879 -7.9467954e-07 0)
(0.29871864 -1.0761847e-06 0)
(0.29871845 -1.4515339e-06 0)
(0.29871818 -1.9522217e-06 0)
(0.29871783 -2.6202983e-06 0)
(0.29871736 -3.5119367e-06 0)
(0.29871672 -4.7021042e-06 0)
(0.29871587 -6.2910138e-06 0)
(0.29871473 -8.4122876e-06 0)
(0.29871321 -1.1244807e-05 0)
(0.29871118 -1.5026537e-05 0)
(0.29870847 -2.007709e-05 0)
(0.29870483 -2.6819385e-05 0)
(0.2987 -3.5825699e-05 0)
(0.2986935 -4.7844444e-05 0)
(0.29868489 -6.3905015e-05 0)
(0.29867325 -8.5320392e-05 0)
(0.29865797 -0.00011395918 0)
(0.29863697 -0.00015208545 0)
(0.29861007 -0.00020314783 0)
(0.29857173 -0.00027092087 0)
(0.29852516 -0.00036194102 0)
(0.29845345 -0.00048209766 0)
(0.29837583 -0.00064423212 0)
(0.29823553 -0.00085635181 0)
(0.29811803 -0.0011446033 0)
(0.29782186 -0.0015166277 0)
(0.29769134 -0.002026463 0)
(0.29699519 -0.0026728545 0)
(0.29705639 -0.0035633784 0)
(0.29520818 -0.0046723886 0)
(0.29639755 -0.0061850962 0)
(0.29093069 -0.0080562975 0)
(0.29699027 -0.010480679 0)
(0.27950723 -0.013569982 0)
(0.30460699 -0.016995866 0)
(0.24601803 -0.022005578 0)
(0.34191327 -0.025271726 0)
(0.15087855 -0.033682457 0)
(0.307256 -3.1243465e-10 0)
(0.307256 -4.7169423e-09 0)
(0.30725599 -1.3819495e-08 0)
(0.30725598 -2.828461e-08 0)
(0.30725597 -4.9332771e-08 0)
(0.30725596 -7.8543705e-08 0)
(0.30725593 -1.1814482e-07 0)
(0.30725588 -1.7129214e-07 0)
(0.30725582 -2.4224937e-07 0)
(0.30725573 -3.3677107e-07 0)
(0.30725561 -4.6263968e-07 0)
(0.30725544 -6.3031791e-07 0)
(0.30725521 -8.538212e-07 0)
(0.3072549 -1.151875e-06 0)
(0.30725448 -1.5495016e-06 0)
(0.30725392 -2.0801047e-06 0)
(0.30725316 -2.7883155e-06 0)
(0.30725215 -3.7336858e-06 0)
(0.3072508 -4.9958327e-06 0)
(0.30724899 -6.6808819e-06 0)
(0.30724657 -8.9309365e-06 0)
(0.30724333 -1.1934932e-05 0)
(0.30723902 -1.5946748e-05 0)
(0.30723324 -2.1301986e-05 0)
(0.30722554 -2.8455184e-05 0)
(0.30721521 -3.799972e-05 0)
(0.30720151 -5.075297e-05 0)
(0.30718302 -6.7754599e-05 0)
(0.3071587 -9.0486852e-05 0)
(0.30712548 -0.00012074002 0)
(0.30708258 -0.00016124105 0)
(0.30702241 -0.00021497498 0)
(0.30694772 -0.00028706743 0)
(0.3068369 -0.00038220999 0)
(0.30671057 -0.00051028655 0)
(0.30649995 -0.00067790254 0)
(0.30629993 -0.00090449144 0)
(0.305877 -0.001197477 0)
(0.3056118 -0.0015948437 0)
(0.30468776 -0.0021008805 0)
(0.30454214 -0.002785486 0)
(0.30229132 -0.0036437476 0)
(0.30319324 -0.0047836515 0)
(0.29704832 -0.0061991316 0)
(0.3027756 -0.0079790116 0)
(0.28425664 -0.010218554 0)
(0.30913859 -0.012656109 0)
(0.24922286 -0.016042715 0)
(0.34552698 -0.018284307 0)
(0.15371025 -0.023494501 0)
(0.31204256 -2.2791071e-10 0)
(0.31204256 -3.0809282e-09 0)
(0.31204255 -8.9530831e-09 0)
(0.31204254 -1.8224951e-08 0)
(0.31204253 -3.1671407e-08 0)
(0.31204251 -5.0323182e-08 0)
(0.31204247 -7.5619806e-08 0)
(0.31204241 -1.0959141e-07 0)
(0.31204233 -1.5497664e-07 0)
(0.31204222 -2.1547246e-07 0)
(0.31204207 -2.9607042e-07 0)
(0.31204185 -4.0348425e-07 0)
(0.31204157 -5.4670366e-07 0)
(0.31204117 -7.3774398e-07 0)
(0.31204065 -9.9265679e-07 0)
(0.31203994 -1.3328742e-06 0)
(0.31203899 -1.7870284e-06 0)
(0.31203772 -2.3933253e-06 0)
(0.31203601 -3.2028409e-06 0)
(0.31203373 -4.2836489e-06 0)
(0.31203069 -5.7269029e-06 0)
(0.31202661 -7.6537613e-06 0)
(0.31202117 -1.022706e-05 0)
(0.3120139 -1.3661931e-05 0)
(0.3120042 -1.8249861e-05 0)
(0.3119912 -2.4371035e-05 0)
(0.31197394 -3.2549406e-05 0)
(0.31195069 -4.3450715e-05 0)
(0.31192006 -5.8023999e-05 0)
(0.31187834 -7.7415376e-05 0)
(0.31182429 -0.00010336543 0)
(0.31174895 -0.00013778816 0)
(0.31165471 -0.00018393137 0)
(0.31151682 -0.00024482709 0)
(0.31135667 -0.00032664506 0)
(0.31109779 -0.00043377242 0)
(0.31084054 -0.00057802416 0)
(0.31033196 -0.00076481517 0)
(0.3099734 -0.0010163239 0)
(0.30889935 -0.0013374823 0)
(0.30861005 -0.0017668863 0)
(0.30610463 -0.0023068844 0)
(0.30680636 -0.0030126378 0)
(0.3002553 -0.0038888315 0)
(0.30575396 -0.0049720028 0)
(0.28665314 -0.0063189121 0)
(0.31140631 -0.0077704345 0)
(0.25079134 -0.0097151082 0)
(0.34743504 -0.011015848 0)
(0.15532955 -0.013836578 0)
(0.31416847 -1.1248747e-10 0)
(0.31416847 -1.071511e-09 0)
(0.31416846 -3.0987214e-09 0)
(0.31416845 -6.2909283e-09 0)
(0.31416844 -1.088386e-08 0)
(0.31416841 -1.7236743e-08 0)
(0.31416837 -2.5842988e-08 0)
(0.31416831 -3.7411601e-08 0)
(0.31416822 -5.2880495e-08 0)
(0.3141681 -7.352962e-08 0)
(0.31416792 -1.0107351e-07 0)
(0.31416769 -1.3783355e-07 0)
(0.31416737 -1.8690415e-07 0)
(0.31416694 -2.5243361e-07 0)
(0.31416635 -3.3994813e-07 0)
(0.31416557 -4.5683825e-07 0)
(0.31416452 -6.1296287e-07 0)
(0.31416311 -8.2148989e-07 0)
(0.31416123 -1.1000081e-06 0)
(0.31415871 -1.4719691e-06 0)
(0.31415534 -1.9687583e-06 0)
(0.31415084 -2.6320942e-06 0)
(0.31414483 -3.5180305e-06 0)
(0.31413678 -4.7006129e-06 0)
(0.31412606 -6.2801619e-06 0)
(0.31411169 -8.3874919e-06 0)
(0.31409261 -1.120288e-05 0)
(0.31406692 -1.4955348e-05 0)
(0.31403306 -1.9971199e-05 0)
(0.31398698 -2.6644753e-05 0)
(0.31392723 -3.5573374e-05 0)
(0.31384413 -4.7416412e-05 0)
(0.3137399 -6.3283875e-05 0)
(0.31358821 -8.4225184e-05 0)
(0.31341078 -0.00011233176 0)
(0.31312744 -0.00014914375 0)
(0.31284098 -0.00019861028 0)
(0.31228943 -0.00026271209 0)
(0.31188321 -0.00034870687 0)
(0.31073516 -0.00045865038 0)
(0.31037259 -0.00060481005 0)
(0.3077447 -0.00078881981 0)
(0.30834465 -0.0010275006 0)
(0.30160493 -0.0013235697 0)
(0.30698911 -0.0016867334 0)
(0.28762983 -0.0021353032 0)
(0.31232549 -0.0026165463 0)
(0.25141423 -0.0032494161 0)
(0.34824592 -0.0036749821 0)
(0.15606098 -0.0045656998 0)
(0.31416847 4.3150674e-12 0)
(0.31416846 1.0731318e-09 0)
(0.31416846 3.099968e-09 0)
(0.31416845 6.2948555e-09 0)
(0.31416843 1.097257e-08 0)
(0.31416841 1.7506758e-08 0)
(0.31416837 2.6385818e-08 0)
(0.3141683 3.8307825e-08 0)
(0.31416822 5.4211176e-08 0)
(0.31416809 7.5373902e-08 0)
(0.31416792 1.0350587e-07 0)
(0.31416769 1.4091472e-07 0)
(0.31416737 1.906789e-07 0)
(0.31416693 2.5692751e-07 0)
(0.31416635 3.4516948e-07 0)
(0.31416557 4.6277527e-07 0)
(0.31416452 6.1958267e-07 0)
(0.31416311 8.2873116e-07 0)
(0.31416123 1.107779e-06 0)
(0.31415871 1.4801423e-06 0)
(0.31415534 1.977177e-06 0)
(0.31415084 2.6405762e-06 0)
(0.31414482 3.5263843e-06 0)
(0.31413678 4.7086485e-06 0)
(0.31412606 6.2877108e-06 0)
(0.31411169 8.394417e-06 0)
(0.31409261 1.1209095e-05 0)
(0.31406692 1.4960817e-05 0)
(0.31403305 1.9975952e-05 0)
(0.31398698 2.6648874e-05 0)
(0.31392722 3.5577001e-05 0)
(0.31384413 4.7419715e-05 0)
(0.3137399 6.3287046e-05 0)
(0.31358821 8.4228403e-05 0)
(0.31341078 0.00011233518 0)
(0.31312744 0.00014914749 0)
(0.31284097 0.00019861439 0)
(0.31228943 0.00026271654 0)
(0.31188321 0.00034871161 0)
(0.31073516 0.00045865525 0)
(0.31037259 0.00060481476 0)
(0.30774469 0.00078882393 0)
(0.30834465 0.0010275038 0)
(0.30160493 0.0013235721 0)
(0.30698911 0.0016867357 0)
(0.28762983 0.0021353062 0)
(0.31232549 0.00261655 0)
(0.25141423 0.0032494203 0)
(0.34824592 0.0036749864 0)
(0.15606098 0.0045657047 0)
(0.31204255 1.5135428e-10 0)
(0.31204255 3.1351717e-09 0)
(0.31204254 9.003339e-09 0)
(0.31204253 1.8271757e-08 0)
(0.31204252 3.1792197e-08 0)
(0.3120425 5.0607105e-08 0)
(0.31204246 7.6153305e-08 0)
(0.31204241 1.1044778e-07 0)
(0.31204233 1.5623566e-07 0)
(0.31204221 2.1720796e-07 0)
(0.31204206 2.9835892e-07 0)
(0.31204185 4.0638394e-07 0)
(0.31204156 5.5026418e-07 0)
(0.31204117 7.4199116e-07 0)
(0.31204064 9.9760494e-07 0)
(0.31203993 1.3385133e-06 0)
(0.31203898 1.7933307e-06 0)
(0.31203771 2.4002322e-06 0)
(0.312036 3.2102649e-06 0)
(0.31203373 4.2914677e-06 0)
(0.31203068 5.7349652e-06 0)
(0.31202661 7.661894e-06 0)
(0.31202117 1.0235078e-05 0)
(0.31201389 1.3669657e-05 0)
(0.3120042 1.8257132e-05 0)
(0.3119912 2.4377727e-05 0)
(0.31197394 3.2555434e-05 0)
(0.31195069 4.3456054e-05 0)
(0.31192006 5.8028674e-05 0)
(0.31187834 7.7419474e-05 0)
(0.31182428 0.00010336907 0)
(0.31174894 0.00013779152 0)
(0.31165471 0.00018393462 0)
(0.31151682 0.00024483039 0)
(0.31135667 0.00032664854 0)
(0.31109778 0.00043377618 0)
(0.31084054 0.00057802822 0)
(0.31033196 0.00076481952 0)
(0.30997339 0.0010163284 0)
(0.30889934 0.0013374869 0)
(0.30861004 0.0017668906 0)
(0.30610463 0.0023068881 0)
(0.30680636 0.0030126405 0)
(0.30025529 0.0038888335 0)
(0.30575396 0.0049720047 0)
(0.28665314 0.0063189148 0)
(0.3114063 0.007770438 0)
(0.25079134 0.0097151124 0)
(0.34743504 0.011015853 0)
(0.15532955 0.013836583 0)
(0.30725598 2.4746879e-10 0)
(0.30725598 4.7623473e-09 0)
(0.30725598 1.3869456e-08 0)
(0.30725597 2.8344065e-08 0)
(0.30725596 4.9461021e-08 0)
(0.30725594 7.8818293e-08 0)
(0.30725591 1.1863473e-07 0)
(0.30725587 1.7206164e-07 0)
(0.30725581 2.4336473e-07 0)
(0.30725572 3.3830182e-07 0)
(0.30725559 4.6465545e-07 0)
(0.30725542 6.3287903e-07 0)
(0.30725519 8.5697752e-07 0)
(0.30725488 1.1556597e-06 0)
(0.30725446 1.5539336e-06 0)
(0.3072539 2.0851827e-06 0)
(0.30725315 2.7940175e-06 0)
(0.30725214 3.7399615e-06 0)
(0.30725079 5.002602e-06 0)
(0.30724898 6.688033e-06 0)
(0.30724656 8.9383302e-06 0)
(0.30724332 1.194241e-05 0)
(0.30723901 1.5954143e-05 0)
(0.30723323 2.1309137e-05 0)
(0.30722553 2.8461948e-05 0)
(0.3072152 3.8005986e-05 0)
(0.3072015 5.0758666e-05 0)
(0.30718301 6.7759706e-05 0)
(0.30715869 9.0491396e-05 0)
(0.30712548 0.00012074408 0)
(0.30708257 0.00016124474 0)
(0.3070224 0.00021497843 0)
(0.30694772 0.00028707079 0)
(0.30683689 0.0003822134 0)
(0.30671057 0.0005102901 0)
(0.30649994 0.00067790628 0)
(0.30629992 0.00090449537 0)
(0.30587699 0.0011974811 0)
(0.30561179 0.0015948478 0)
(0.30468775 0.0021008845 0)
(0.30454213 0.0027854897 0)
(0.30229131 0.0036437506 0)
(0.30319324 0.0047836536 0)
(0.29704832 0.0061991329 0)
(0.3027756 0.007979013 0)
(0.28425663 0.010218557 0)
(0.30913859 0.012656112 0)
(0.24922286 0.01604272 0)
(0.34552698 0.018284312 0)
(0.15371025 0.023494508 0)
(0.29871912 1.3669913e-10 0)
(0.29871912 5.5947701e-09 0)
(0.29871912 1.7010765e-08 0)
(0.29871911 3.5351629e-08 0)
(0.29871911 6.2079097e-08 0)
(0.2987191 9.9210818e-08 0)
(0.29871908 1.4943555e-07 0)
(0.29871905 2.168006e-07 0)
(0.29871901 3.0658103e-07 0)
(0.29871895 4.2610661e-07 0)
(0.29871888 5.8509463e-07 0)
(0.29871877 7.9680411e-07 0)
(0.29871863 1.0787924e-06 0)
(0.29871843 1.4547031e-06 0)
(0.29871817 1.9559435e-06 0)
(0.29871781 2.6246162e-06 0)
(0.29871734 3.5168067e-06 0)
(0.2987167 4.7075168e-06 0)
(0.29871585 6.2968744e-06 0)
(0.29871472 8.4185241e-06 0)
(0.2987132 1.1251278e-05 0)
(0.29871117 1.5033124e-05 0)
(0.29870845 2.0083636e-05 0)
(0.29870482 2.6825764e-05 0)
(0.29869999 3.5831785e-05 0)
(0.29869349 4.7850148e-05 0)
(0.29868488 6.391028e-05 0)
(0.29867323 8.5325199e-05 0)
(0.29865796 0.00011396357 0)
(0.29863696 0.00015208946 0)
(0.29861006 0.00020315156 0)
(0.29857172 0.00027092442 0)
(0.29852514 0.00036194451 0)
(0.29845343 0.00048210114 0)
(0.29837582 0.00064423568 0)
(0.29823551 0.00085635542 0)
(0.29811802 0.0011446069 0)
(0.29782185 0.0015166313 0)
(0.29769133 0.0020264665 0)
(0.29699518 0.0026728577 0)
(0.29705637 0.0035633811 0)
(0.29520817 0.0046723906 0)
(0.29639754 0.0061850974 0)
(0.29093068 0.0080562981 0)
(0.29699026 0.010480679 0)
(0.27950723 0.013569984 0)
(0.30460699 0.016995869 0)
(0.24601803 0.022005583 0)
(0.34191327 0.02527173 0)
(0.15087855 0.033682464 0)
(0.28476925 2.8449813e-10 0)
(0.28476925 6.0676081e-09 0)
(0.28476925 1.8492715e-08 0)
(0.28476924 3.8727325e-08 0)
(0.28476925 6.8406593e-08 0)
(0.28476924 1.0948668e-07 0)
(0.28476924 1.6502901e-07 0)
(0.28476923 2.3934353e-07 0)
(0.28476922 3.3836983e-07 0)
(0.28476921 4.7002948e-07 0)
(0.28476919 6.4518166e-07 0)
(0.28476916 8.7830688e-07 0)
(0.28476912 1.1888966e-06 0)
(0.28476906 1.6028687e-06 0)
(0.28476899 2.1549488e-06 0)
(0.2847689 2.8913853e-06 0)
(0.28476877 3.8740652e-06 0)
(0.2847686 5.1854894e-06 0)
(0.28476837 6.9360464e-06 0)
(0.28476807 9.2728826e-06 0)
(0.28476766 1.2393048e-05 0)
(0.28476712 1.6558771e-05 0)
(0.28476639 2.2122127e-05 0)
(0.28476541 2.9549561e-05 0)
(0.28476412 3.9471414e-05 0)
(0.28476236 5.2714272e-05 0)
(0.28476006 7.0411834e-05 0)
(0.28475687 9.4017512e-05 0)
(0.28475281 0.00012558968 0)
(0.28474693 0.00016764301 0)
(0.2847399 0.00022398303 0)
(0.28472865 0.00029881765 0)
(0.28471704 0.00039940688 0)
(0.28469412 0.00053231208 0)
(0.28467724 0.00071204896 0)
(0.28462552 0.00094729935 0)
(0.28461115 0.0012687457 0)
(0.28447769 0.0016830186 0)
(0.28451532 0.002257788 0)
(0.28412177 0.002982356 0)
(0.28443891 0.0040050825 0)
(0.28315448 0.0052637498 0)
(0.28469189 0.0070506573 0)
(0.28024493 0.0092311415 0)
(0.28669767 0.01220217 0)
(0.27090181 0.016004367 0)
(0.29629419 0.020377346 0)
(0.240024 0.027159764 0)
(0.33558052 0.031498124 0)
(0.14631794 0.044329734 0)
(0.26319517 5.1723205e-10 0)
(0.26319517 5.6673798e-09 0)
(0.26319517 1.7539647e-08 0)
(0.26319517 3.7546814e-08 0)
(0.26319518 6.7050754e-08 0)
(0.26319518 1.0769773e-07 0)
(0.2631952 1.6256456e-07 0)
(0.26319521 2.3575825e-07 0)
(0.26319523 3.3321915e-07 0)
(0.26319526 4.62588e-07 0)
(0.26319531 6.3468589e-07 0)
(0.26319536 8.6361874e-07 0)
(0.26319544 1.1686763e-06 0)
(0.26319555 1.5751907e-06 0)
(0.26319569 2.1173809e-06 0)
(0.26319588 2.8405464e-06 0)
(0.26319614 3.8055504e-06 0)
(0.26319648 5.0933211e-06 0)
(0.26319694 6.8123317e-06 0)
(0.26319755 9.1070647e-06 0)
(0.26319838 1.2171073e-05 0)
(0.26319947 1.6262036e-05 0)
(0.26320094 2.172568e-05 0)
(0.2632029 2.9020817e-05 0)
(0.26320552 3.8766226e-05 0)
(0.263209 5.177638e-05 0)
(0.26321368 6.9163583e-05 0)
(0.26321985 9.2364559e-05 0)
(0.26322822 0.00012339717 0)
(0.26323908 0.00016476127 0)
(0.26325411 0.00022018532 0)
(0.26327294 0.00029389051 0)
(0.26330025 0.00039300454 0)
(0.2633317 0.00052418816 0)
(0.26338277 0.00070185175 0)
(0.26343061 0.00093484035 0)
(0.26353214 0.0012545892 0)
(0.26358512 0.0016669063 0)
(0.26381179 0.0022457623 0)
(0.2637783 0.0029719342 0)
(0.26437839 0.0040259008 0)
(0.26380972 0.0053013477 0)
(0.26570763 0.0072146488 0)
(0.26267951 0.0094784857 0)
(0.26947651 0.012832245 0)
(0.25627687 0.017030228 0)
(0.28189393 0.022244402 0)
(0.22948813 0.030725166 0)
(0.32491819 0.036078851 0)
(0.13924296 0.05493977 0)
(0.23135544 -2.706699e-10 0)
(0.23135544 3.0064807e-09 0)
(0.23135544 1.3157074e-08 0)
(0.23135545 3.1184741e-08 0)
(0.23135546 5.7276088e-08 0)
(0.23135548 9.3044568e-08 0)
(0.2313555 1.4087887e-07 0)
(0.23135554 2.0464688e-07 0)
(0.2313556 2.8916093e-07 0)
(0.23135567 4.0134253e-07 0)
(0.23135577 5.5027751e-07 0)
(0.23135592 7.4848804e-07 0)
(0.23135611 1.0123855e-06 0)
(0.23135637 1.3641657e-06 0)
(0.23135672 1.8331543e-06 0)
(0.23135719 2.4587839e-06 0)
(0.23135782 3.2934458e-06 0)
(0.23135866 4.407374e-06 0)
(0.23135979 5.8941775e-06 0)
(0.23136129 7.8790733e-06 0)
(0.23136331 1.0529298e-05 0)
(0.231366 1.4068078e-05 0)
(0.2313696 1.8794285e-05 0)
(0.23137441 2.5105571e-05 0)
(0.23138084 3.3536847e-05 0)
(0.23138941 4.479519e-05 0)
(0.23140087 5.9841575e-05 0)
(0.23141614 7.9927808e-05 0)
(0.23143659 0.00010679463 0)
(0.23146375 0.0001426358 0)
(0.23150029 0.00019065925 0)
(0.2315484 0.00025461958 0)
(0.23161384 0.00034063121 0)
(0.2316984 0.00045476622 0)
(0.23181644 0.00060940217 0)
(0.23196223 0.00081297267 0)
(0.23217898 0.0010929503 0)
(0.23241848 0.0014555058 0)
(0.23283415 0.0019687217 0)
(0.23317483 0.0026125796 0)
(0.2340525 0.0035714186 0)
(0.23428521 0.004712658 0)
(0.23648988 0.0065413507 0)
(0.23525003 0.0085948203 0)
(0.24214091 0.012064248 0)
(0.23271639 0.016076296 0)
(0.25800096 0.021968337 0)
(0.21190884 0.031465703 0)
(0.30717052 0.037658103 0)
(0.12834895 0.06432096 0)
(0.18643649 -1.0154409e-09 0)
(0.18643649 8.1388156e-11 0)
(0.18643649 7.6809323e-09 0)
(0.1864365 2.165995e-08 0)
(0.18643651 4.1141826e-08 0)
(0.18643654 6.7500382e-08 0)
(0.18643658 1.0250891e-07 0)
(0.18643663 1.4906968e-07 0)
(0.18643671 2.1054434e-07 0)
(0.18643682 2.9204223e-07 0)
(0.18643697 4.0006819e-07 0)
(0.18643718 5.4380481e-07 0)
(0.18643746 7.3506106e-07 0)
(0.18643784 9.9000135e-07 0)
(0.18643834 1.3297901e-06 0)
(0.18643902 1.7830536e-06 0)
(0.18643994 2.3876836e-06 0)
(0.18644116 3.1946059e-06 0)
(0.18644279 4.271601e-06 0)
(0.18644498 5.7094238e-06 0)
(0.1864479 7.6292216e-06 0)
(0.18645181 1.0192798e-05 0)
(0.18645702 1.3616679e-05 0)
(0.18646399 1.8189304e-05 0)
(0.1864733 2.4298154e-05 0)
(0.18648573 3.2456989e-05 0)
(0.18650234 4.336158e-05 0)
(0.18652451 5.7924753e-05 0)
(0.18655415 7.7405229e-05 0)
(0.18659367 0.00010341434 0)
(0.1866466 0.00013826528 0)
(0.186717 0.00018475618 0)
(0.18681162 0.00024727477 0)
(0.18693676 0.0003304825 0)
(0.18710645 0.00044321439 0)
(0.18732774 0.00059239202 0)
(0.18763438 0.00079767328 0)
(0.18802041 0.0010656209 0)
(0.18858525 0.001446392 0)
(0.18923294 0.0019281249 0)
(0.19032543 0.002658201 0)
(0.19127856 0.0035230194 0)
(0.19365445 0.0049975643 0)
(0.19430153 0.0065556465 0)
(0.20079046 0.0096920502 0)
(0.19632825 0.01274418 0)
(0.21963631 0.019057233 0)
(0.18384395 0.027697779 0)
(0.27697462 0.03485311 0)
(0.11110974 0.070028176 0)
(0.12587116 -9.3504711e-10 0)
(0.12587116 -8.6189815e-10 0)
(0.12587116 3.8892975e-09 0)
(0.12587117 1.1802562e-08 0)
(0.12587119 2.2238305e-08 0)
(0.12587121 3.6061321e-08 0)
(0.12587125 5.4602235e-08 0)
(0.12587131 7.9079159e-08 0)
(0.1258714 1.1146908e-07 0)
(0.12587151 1.5415881e-07 0)
(0.12587168 2.1083524e-07 0)
(0.1258719 2.8605682e-07 0)
(0.12587219 3.8627162e-07 0)
(0.1258726 5.1970279e-07 0)
(0.12587314 6.9766313e-07 0)
(0.12587386 9.3491907e-07 0)
(0.12587483 1.2515118e-06 0)
(0.12587613 1.6739158e-06 0)
(0.12587787 2.2377923e-06 0)
(0.12588019 2.990511e-06 0)
(0.12588329 3.9956418e-06 0)
(0.12588744 5.3378204e-06 0)
(0.12589298 7.1305281e-06 0)
(0.12590038 9.5248739e-06 0)
(0.12591026 1.2723866e-05 0)
(0.12592347 1.6997152e-05 0)
(0.12594111 2.2709322e-05 0)
(0.12596467 3.0340983e-05 0)
(0.12599616 4.055204e-05 0)
(0.12603821 5.4195993e-05 0)
(0.12609445 7.2486297e-05 0)
(0.12616953 9.6922882e-05 0)
(0.12627012 0.00012980881 0)
(0.12640421 0.00017370485 0)
(0.12658461 0.00023325438 0)
(0.12682415 0.00031247845 0)
(0.12714943 0.0004217696 0)
(0.12757689 0.00056576702 0)
(0.12817048 0.00077155678 0)
(0.12892805 0.0010357246 0)
(0.13004202 0.0014424463 0)
(0.13134477 0.0019311737 0)
(0.1335866 0.002808133 0)
(0.13553346 0.003710627 0)
(0.14091039 0.0058703147 0)
(0.14151381 0.0075408082 0)
(0.15976335 0.013377293 0)
(0.13995024 0.01855022 0)
(0.22203267 0.028036758 0)
(0.083246058 0.071836923 0)
(0.047889847 -9.9597368e-11 0)
(0.047889846 -6.5302183e-10 0)
(0.047889845 -1.0150557e-10 0)
(0.047889849 1.3931828e-09 0)
(0.047889859 2.9939737e-09 0)
(0.047889875 5.3255409e-09 0)
(0.047889899 8.5085758e-09 0)
(0.047889934 1.2528187e-08 0)
(0.047889985 1.7854774e-08 0)
(0.047890055 2.4704776e-08 0)
(0.047890151 3.385051e-08 0)
(0.047890282 4.5859044e-08 0)
(0.047890459 6.1916394e-08 0)
(0.047890697 8.3180748e-08 0)
(0.047891017 1.1159174e-07 0)
(0.047891446 1.4937014e-07 0)
(0.047892021 1.998261e-07 0)
(0.047892789 2.6706925e-07 0)
(0.047893817 3.5687334e-07 0)
(0.047895191 4.766989e-07 0)
(0.047897026 6.3673734e-07 0)
(0.047899478 8.5040689e-07 0)
(0.047902753 1.1358324e-06 0)
(0.047907128 1.5170437e-06 0)
(0.047912971 2.0264795e-06 0)
(0.047920778 2.7070714e-06 0)
(0.047931207 3.6173542e-06 0)
(0.04794514 4.8338086e-06 0)
(0.047963763 6.4635886e-06 0)
(0.047988649 8.6419634e-06 0)
(0.048021935 1.1570645e-05 0)
(0.048066434 1.5484047e-05 0)
(0.048126043 2.0782888e-05 0)
(0.048205775 2.7850075e-05 0)
(0.048312907 3.7561767e-05 0)
(0.048456265 5.04306e-05 0)
(0.048650107 6.8674526e-05 0)
(0.048909363 9.2397205e-05 0)
(0.049264716 0.00012832411 0)
(0.049737827 0.00017272663 0)
(0.050406679 0.00024999314 0)
(0.051280191 0.00033374242 0)
(0.052611565 0.00052763751 0)
(0.05422826 0.0006768767 0)
(0.057232954 0.0012941328 0)
(0.059924692 0.0014206558 0)
(0.069238577 0.0041236941 0)
(0.067665473 0.0030022428 0)
(0.11720663 0.013900358 0)
(0.060024949 0.019020709 0)
(0.36580214 0.020588394 0)
(0.35625468 0.031122932 0)
(0.28279704 0.024282684 0)
(0.2403965 0.014916484 0)
(0.22013092 0.0087572993 0)
(0.2051637 0.0058638787 0)
(0.19046382 0.0044152922 0)
(0.17688337 0.0032310577 0)
(0.16550938 0.0021134866 0)
(0.15644465 0.0012524574 0)
(0.1492764 0.00073012891 0)
(0.14352425 0.00046447327 0)
(0.13880976 0.00033634985 0)
(0.13487243 0.00026864705 0)
(0.13153571 0.0002282617 0)
(0.12867309 0.00020314543 0)
(0.12618891 0.00018720908 0)
(0.12400982 0.00017601823 0)
(0.12208012 0.00016667077 0)
(0.12035759 0.00015780875 0)
(0.11880983 0.00014909618 0)
(0.1174113 0.00014062161 0)
(0.11614134 0.00013253753 0)
(0.11498297 0.00012493721 0)
(0.11392204 0.00011785143 0)
(0.11294668 0.00011127324 0)
(0.11204691 0.00010517756 0)
(0.11121431 9.9529093e-05 0)
(0.1104417 9.4290252e-05 0)
(0.10972298 8.9420537e-05 0)
(0.10905291 8.488616e-05 0)
(0.10842699 8.065055e-05 0)
(0.10784131 7.6691082e-05 0)
(0.10729252 7.2975671e-05 0)
(0.10677764 6.9494921e-05 0)
(0.10629411 6.6217916e-05 0)
(0.10583962 6.3147782e-05 0)
(0.10541216 6.0255066e-05 0)
(0.10500995 5.7547268e-05 0)
(0.1046313 5.5017012e-05 0)
(0.10427493 5.2635118e-05 0)
(0.1039391 5.0511164e-05 0)
(0.10362338 4.8414754e-05 0)
(0.10332488 4.6931289e-05 0)
(0.10304563 4.5024336e-05 0)
(0.10277772 4.5099209e-05 0)
(0.10253223 4.2983404e-05 0)
(0.10228011 4.7997962e-05 0)
(0.10207122 3.8430241e-05 0)
(0.10172559 6.2629608e-05 0)
(0.45972011 -0.032151728 0)
(0.51528181 0.018584982 0)
(0.47539746 0.037978529 0)
(0.45050297 0.037611208 0)
(0.4426054 0.032013188 0)
(0.43722494 0.027751058 0)
(0.42787043 0.024935061 0)
(0.4153253 0.022188346 0)
(0.40203261 0.019014133 0)
(0.38945465 0.015770653 0)
(0.37798703 0.012912316 0)
(0.36758938 0.010615316 0)
(0.35817509 0.0088271739 0)
(0.3496925 0.0074270596 0)
(0.34209263 0.0063147549 0)
(0.33530565 0.0054233913 0)
(0.32924542 0.0047058849 0)
(0.32382299 0.0041245875 0)
(0.31895607 0.0036484732 0)
(0.31457233 0.0032532038 0)
(0.31060935 0.002920725 0)
(0.30701353 0.0026379434 0)
(0.30373895 0.0023952185 0)
(0.30074635 0.0021852089 0)
(0.29800225 0.0020021628 0)
(0.29547807 0.0018414988 0)
(0.29314941 0.001699542 0)
(0.29099538 0.0015733184 0)
(0.28899804 0.0014604133 0)
(0.28714193 0.0013588355 0)
(0.28541366 0.0012669589 0)
(0.28380168 0.0011834092 0)
(0.28229585 0.0011070799 0)
(0.2808874 0.001036991 0)
(0.27956857 0.00097239612 0)
(0.27833262 0.00091256102 0)
(0.27717355 0.00085700092 0)
(0.27608603 0.00080513313 0)
(0.27506555 0.0007566624 0)
(0.27410744 0.00071114135 0)
(0.27320908 0.0006683481 0)
(0.27236479 0.00062814801 0)
(0.27157612 0.00059003162 0)
(0.27083119 0.00055492268 0)
(0.27014481 0.00052086509 0)
(0.26948046 0.00049219707 0)
(0.26890125 0.00046234742 0)
(0.26827313 0.00044466793 0)
(0.26785376 0.00042231276 0)
(0.26706926 0.0004166105 0)
(0.49644442 -0.042820448 0)
(0.55766461 0.0019496591 0)
(0.5179256 0.02426005 0)
(0.50155588 0.030063955 0)
(0.50715133 0.029853512 0)
(0.51625272 0.02928959 0)
(0.51988687 0.029075191 0)
(0.51819283 0.028383723 0)
(0.51387089 0.026784383 0)
(0.5087241 0.02453749 0)
(0.50330444 0.022108402 0)
(0.49765038 0.019804914 0)
(0.49179862 0.017726159 0)
(0.48588243 0.015864962 0)
(0.48005466 0.014196603 0)
(0.47442498 0.012707472 0)
(0.46905168 0.011389738 0)
(0.46395921 0.01023248 0)
(0.45915491 0.0092199236 0)
(0.45463748 0.0083342396 0)
(0.45039999 0.0075584111 0)
(0.44643125 0.0068774498 0)
(0.44271722 0.0062784059 0)
(0.43924231 0.0057500204 0)
(0.43599055 0.0052824692 0)
(0.43294624 0.0048672177 0)
(0.43009438 0.0044969328 0)
(0.42742085 0.0041653428 0)
(0.4249125 0.003867136 0)
(0.42255723 0.0035977666 0)
(0.42034391 0.0033534199 0)
(0.41826246 0.0031307746 0)
(0.41630362 0.0029271152 0)
(0.41445912 0.0027399587 0)
(0.41272134 0.0025674238 0)
(0.41108347 0.0024075529 0)
(0.40953945 0.0022591485 0)
(0.40808332 0.002120508 0)
(0.40671099 0.0019910825 0)
(0.40541585 0.0018691702 0)
(0.40419791 0.0017549667 0)
(0.4030454 0.0016464845 0)
(0.40197004 0.0015449969 0)
(0.4009406 0.0014476854 0)
(0.40000561 0.0013580732 0)
(0.39906891 0.0012704691 0)
(0.39829667 0.0011955186 0)
(0.39738153 0.0011154093 0)
(0.39686508 0.0010668192 0)
(0.39575196 0.00098532955 0)
(0.52250428 -0.047045747 0)
(0.58350052 -0.012060711 0)
(0.53270549 0.0091536255 0)
(0.51187101 0.018218724 0)
(0.51982096 0.021658083 0)
(0.53443748 0.023718252 0)
(0.54425235 0.0253482 0)
(0.54866272 0.026254378 0)
(0.55037205 0.026170602 0)
(0.55125768 0.025261727 0)
(0.55177238 0.023896564 0)
(0.55176697 0.022378751 0)
(0.55112644 0.020858028 0)
(0.54991841 0.019380327 0)
(0.54829599 0.017958351 0)
(0.5463972 0.016605294 0)
(0.54431435 0.015336285 0)
(0.54210637 0.01416126 0)
(0.53981655 0.013082288 0)
(0.53748126 0.01209573 0)
(0.53513129 0.011195459 0)
(0.53279131 0.010374821 0)
(0.53048004 0.0096272738 0)
(0.52821128 0.0089464289 0)
(0.52599505 0.0083260691 0)
(0.52383862 0.0077602283 0)
(0.521747 0.0072433433 0)
(0.51972355 0.0067702807 0)
(0.51777017 0.0063364408 0)
(0.51588779 0.0059376055 0)
(0.51407643 0.0055701218 0)
(0.51233562 0.0052305314 0)
(0.51066431 0.004916058 0)
(0.50906129 0.0046237737 0)
(0.50752506 0.0043517757 0)
(0.50605383 0.0040973343 0)
(0.50464639 0.0038595778 0)
(0.50329976 0.0036354411 0)
(0.50201483 0.0034255977 0)
(0.5007847 0.003225655 0)
(0.49961742 0.0030391371 0)
(0.49849372 0.0028582217 0)
(0.49744339 0.0026924477 0)
(0.49641029 0.0025256997 0)
(0.49548708 0.0023811999 0)
(0.49451265 0.0022228588 0)
(0.49375458 0.0021059217 0)
(0.49276334 0.0019468725 0)
(0.49227522 0.001873744 0)
(0.49106891 0.0016989412 0)
(0.54116185 -0.043814726 0)
(0.60420223 -0.017387504 0)
(0.54468074 0.00078301454 0)
(0.51706639 0.010250271 0)
(0.52258624 0.014863375 0)
(0.53750092 0.0177837 0)
(0.5485509 0.019981565 0)
(0.5545167 0.021464495 0)
(0.55811387 0.022102486 0)
(0.56134276 0.0219951 0)
(0.56462755 0.021399582 0)
(0.56766779 0.020559484 0)
(0.57018585 0.019619489 0)
(0.57213827 0.018640946 0)
(0.57361852 0.017648976 0)
(0.5747321 0.016662683 0)
(0.57554777 0.015701326 0)
(0.57610478 0.014780274 0)
(0.57643217 0.013908179 0)
(0.57655861 0.013087946 0)
(0.576513 0.012319253 0)
(0.57632211 0.011600455 0)
(0.57600918 0.0109294 0)
(0.575594 0.010303589 0)
(0.5750936 0.0097202331 0)
(0.57452282 0.0091763377 0)
(0.57389464 0.0086689084 0)
(0.57322043 0.0081949711 0)
(0.57250998 0.0077518162 0)
(0.57177187 0.0073367369 0)
(0.57101337 0.0069475054 0)
(0.5702409 0.0065816199 0)
(0.56945986 0.0062374854 0)
(0.56867501 0.0059125551 0)
(0.56789046 0.0056061744 0)
(0.56710939 0.0053152067 0)
(0.56633562 0.0050406308 0)
(0.56556984 0.0047775931 0)
(0.564818 0.0045302477 0)
(0.56407491 0.004289692 0)
(0.56335485 0.0040665897 0)
(0.56263709 0.0038431311 0)
(0.5619604 0.0036435293 0)
(0.56126307 0.0034310153 0)
(0.56064903 0.0032577992 0)
(0.55995239 0.0030479302 0)
(0.55944044 0.0029098619 0)
(0.55869258 0.0026902757 0)
(0.55836575 0.0026045758 0)
(0.55743742 0.0023597457 0)
(0.55431685 -0.037090241 0)
(0.62013204 -0.017837616 0)
(0.55514413 -0.0034160902 0)
(0.52211732 0.0049994849 0)
(0.52466364 0.0095769647 0)
(0.53848424 0.012564842 0)
(0.54912524 0.014792006 0)
(0.5548789 0.016378755 0)
(0.55845481 0.017279379 0)
(0.56198752 0.017563678 0)
(0.56594858 0.017407898 0)
(0.5699796 0.016995607 0)
(0.57370828 0.01645154 0)
(0.57701595 0.01583931 0)
(0.57995184 0.015189024 0)
(0.58259526 0.014520509 0)
(0.58499341 0.013851481 0)
(0.58716413 0.013196558 0)
(0.58911638 0.012565276 0)
(0.59086216 0.011962335 0)
(0.59241754 0.011389302 0)
(0.59379954 0.010846223 0)
(0.59502385 0.010332477 0)
(0.59610435 0.0098470237 0)
(0.5970535 0.0093885113 0)
(0.59788282 0.0089553033 0)
(0.59860302 0.0085457125 0)
(0.59922408 0.0081579281 0)
(0.59975509 0.0077903988 0)
(0.60020456 0.0074413467 0)
(0.60058 0.0071096236 0)
(0.60088868 0.0067933545 0)
(0.60113675 0.0064920862 0)
(0.60133049 0.0062034275 0)
(0.60147488 0.005928212 0)
(0.60157528 0.005662628 0)
(0.60163587 0.0054100369 0)
(0.60166081 0.00516337 0)
(0.60165451 0.0049310593 0)
(0.60161845 0.0046991591 0)
(0.60156011 0.0044862106 0)
(0.60147395 0.0042644036 0)
(0.60137781 0.0040720398 0)
(0.60124811 0.00385434 0)
(0.60113027 0.0036871054 0)
(0.60095699 0.0034651023 0)
(0.6008398 0.0033323541 0)
(0.60061152 0.0030941995 0)
(0.60053003 0.0030117006 0)
(0.60021256 0.0027455544 0)
(0.56335048 -0.028996112 0)
(0.63171499 -0.015609336 0)
(0.56349777 -0.00489983 0)
(0.52672488 0.0018532695 0)
(0.52685853 0.0058031431 0)
(0.53952 0.0084538584 0)
(0.54949068 0.010433679 0)
(0.55468682 0.011877949 0)
(0.55777917 0.012781756 0)
(0.5609928 0.013198825 0)
(0.56485429 0.013251323 0)
(0.56899167 0.01307289 0)
(0.57298535 0.01276332 0)
(0.57667405 0.012380627 0)
(0.58008227 0.011955424 0)
(0.58327706 0.01150675 0)
(0.58629682 0.011049821 0)
(0.58914958 0.010596988 0)
(0.59183368 0.010156784 0)
(0.59435125 0.0097339079 0)
(0.59670996 0.0093303143 0)
(0.59891985 0.0089464439 0)
(0.60099053 0.0085820291 0)
(0.60293038 0.008236393 0)
(0.60474685 0.0079086059 0)
(0.60644701 0.0075974777 0)
(0.60803752 0.0073018081 0)
(0.60952495 0.0070202186 0)
(0.61091522 0.0067516564 0)
(0.61221427 0.0064946935 0)
(0.61342705 0.0062487273 0)
(0.61455912 0.0060120778 0)
(0.61561433 0.0057849801 0)
(0.61659833 0.0055649443 0)
(0.61751338 0.0053538188 0)
(0.61836614 0.0051471585 0)
(0.61915616 0.0049499745 0)
(0.6198928 0.0047536547 0)
(0.62057059 0.0045693574 0)
(0.62120509 0.0043801949 0)
(0.62178099 0.0042089998 0)
(0.62232705 0.0040231975 0)
(0.62280818 0.0038671471 0)
(0.62328088 0.0036796709 0)
(0.62366958 0.0035434344 0)
(0.62408856 0.0033472798 0)
(0.62437861 0.0032389969 0)
(0.62477482 0.0030249534 0)
(0.62494372 0.0029573387 0)
(0.62537596 0.00271843 0)
(0.56927853 -0.020581462 0)
(0.63967236 -0.01189433 0)
(0.56966716 -0.0045623389 0)
(0.53043541 0.00031181851 0)
(0.52882956 0.0032998337 0)
(0.54056863 0.0053490425 0)
(0.54996402 0.006887796 0)
(0.55466631 0.0080242792 0)
(0.55730062 0.0087675645 0)
(0.56014247 0.0091573264 0)
(0.56375604 0.0092752892 0)
(0.56776631 0.0092126075 0)
(0.57172724 0.0090413967 0)
(0.57545126 0.0088072151 0)
(0.5789472 0.0085360071 0)
(0.5822755 0.0082437778 0)
(0.58547153 0.007942487 0)
(0.58854019 0.0076416212 0)
(0.59147597 0.007347933 0)
(0.59427713 0.0070653935 0)
(0.5969481 0.0067958294 0)
(0.59949632 0.0065397719 0)
(0.60192915 0.0062971038 0)
(0.6042528 0.0060673393 0)
(0.60647258 0.0058497956 0)
(0.60859343 0.0056435659 0)
(0.61061995 0.0054477591 0)
(0.61255675 0.0052612856 0)
(0.61440774 0.0050833896 0)
(0.61617719 0.0049128845 0)
(0.61786792 0.0047494445 0)
(0.61948434 0.0045915722 0)
(0.62102771 0.0044397717 0)
(0.6225036 0.0042916791 0)
(0.62391043 0.0041493984 0)
(0.62525711 0.0040085972 0)
(0.62653616 0.0038744489 0)
(0.62776447 0.0037386134 0)
(0.62892205 0.003612022 0)
(0.63004351 0.0034787185 0)
(0.63108237 0.0033601197 0)
(0.63211124 0.003226467 0)
(0.63302816 0.0031176623 0)
(0.63398539 0.0029799142 0)
(0.6347662 0.0028845321 0)
(0.63568714 0.0027376754 0)
(0.63629691 0.0026616042 0)
(0.63724678 0.0024995723 0)
(0.63761237 0.0024517693 0)
(0.63872268 0.0022714789 0)
(0.57284107 -0.012246459 0)
(0.64461911 -0.0073798945 0)
(0.5737042 -0.0031227186 0)
(0.53300184 -0.00019606702 0)
(0.53027931 0.0016527153 0)
(0.54139494 0.0029392295 0)
(0.5503906 0.0039096765 0)
(0.55475034 0.004631521 0)
(0.55706481 0.0051142643 0)
(0.55963595 0.0053823736 0)
(0.56304961 0.0054831413 0)
(0.56692937 0.0054696356 0)
(0.57081358 0.0053851662 0)
(0.57449812 0.0052584378 0)
(0.57798119 0.0051065918 0)
(0.58131845 0.0049402864 0)
(0.58454343 0.0047672335 0)
(0.58765981 0.0045934508 0)
(0.5906606 0.0044233001 0)
(0.59354263 0.0042594645 0)
(0.5963093 0.0041032688 0)
(0.59896748 0.003955165 0)
(0.60152414 0.0038151459 0)
(0.60398524 0.0036829401 0)
(0.6063557 0.0035581438 0)
(0.60864011 0.0034401935 0)
(0.61084256 0.0033285424 0)
(0.61296727 0.0032224824 0)
(0.61501745 0.0031215538 0)
(0.61699702 0.0030249496 0)
(0.61890781 0.0029325149 0)
(0.62075409 0.0028431856 0)
(0.62253546 0.002757412 0)
(0.62425825 0.0026734706 0)
(0.62591771 0.0025929766 0)
(0.62752563 0.0025127675 0)
(0.62906811 0.0024366538 0)
(0.63056967 0.0023586348 0)
(0.63199691 0.0022865333 0)
(0.63340224 0.0022091162 0)
(0.63471114 0.0021413003 0)
(0.63603498 0.0020626543 0)
(0.63721406 0.0020002268 0)
(0.63848139 0.0019180509 0)
(0.63950371 0.0018631689 0)
(0.64076041 0.0017745164 0)
(0.64157004 0.0017305935 0)
(0.64290396 0.0016321752 0)
(0.643393 0.001604405 0)
(0.64498235 0.001495314 0)
(0.57450855 -0.0040603813 0)
(0.64698355 -0.0024950944 0)
(0.57568881 -0.0011010226 0)
(0.53430294 -0.00012876043 0)
(0.53104255 0.00049633512 0)
(0.54184527 0.00093464054 0)
(0.55063702 0.0012659155 0)
(0.55482311 0.0015131102 0)
(0.55697599 0.0016800497 0)
(0.55940898 0.0017750067 0)
(0.56271781 0.0018134955 0)
(0.5665254 0.0018129473 0)
(0.57036263 0.0017877767 0)
(0.57401726 0.0017477469 0)
(0.57748194 0.0016988225 0)
(0.58080956 0.0016447377 0)
(0.58403252 0.0015881618 0)
(0.58715383 0.0015311608 0)
(0.59016584 0.0014752455 0)
(0.5930648 0.001421366 0)
(0.59585376 0.0013700089 0)
(0.59853946 0.0013213541 0)
(0.60112895 0.0012754154 0)
(0.6036283 0.0012321101 0)
(0.60604254 0.0011913084 0)
(0.60837636 0.0011528217 0)
(0.61063391 0.0011164681 0)
(0.61281947 0.0010820032 0)
(0.61493621 0.001049274 0)
(0.61698813 0.0010179944 0)
(0.61897676 0.00098812064 0)
(0.62090664 0.00095926692 0)
(0.6227766 0.0009316101 0)
(0.62459372 0.00090451859 0)
(0.62635155 0.00087859342 0)
(0.62806388 0.0008526781 0)
(0.6297131 0.00082816535 0)
(0.63132851 0.00080288053 0)
(0.63286889 0.00077964376 0)
(0.63439721 0.00075443263 0)
(0.63582283 0.00073255321 0)
(0.63727931 0.00070678519 0)
(0.63857452 0.00068662034 0)
(0.63998631 0.00065951997 0)
(0.64111761 0.00064176886 0)
(0.64253585 0.00061237016 0)
(0.64343675 0.00059813365 0)
(0.64496023 0.00056541275 0)
(0.64550589 0.0005563777 0)
(0.64733496 0.00052020552 0)
(0.57450855 0.0040603861 0)
(0.64698355 0.002495099 0)
(0.57568881 0.0011010275 0)
(0.53430294 0.00012876565 0)
(0.53104255 -0.0004963299 0)
(0.54184527 -0.00093463516 0)
(0.55063702 -0.0012659099 0)
(0.55482311 -0.0015131042 0)
(0.55697599 -0.0016800434 0)
(0.55940898 -0.0017750002 0)
(0.56271781 -0.0018134887 0)
(0.5665254 -0.0018129404 0)
(0.57036263 -0.0017877697 0)
(0.57401726 -0.0017477399 0)
(0.57748194 -0.0016988154 0)
(0.58080955 -0.0016447306 0)
(0.58403252 -0.0015881546 0)
(0.58715382 -0.0015311536 0)
(0.59016584 -0.0014752384 0)
(0.5930648 -0.001421359 0)
(0.59585376 -0.0013700021 0)
(0.59853946 -0.0013213475 0)
(0.60112895 -0.001275409 0)
(0.6036283 -0.0012321039 0)
(0.60604254 -0.0011913024 0)
(0.60837636 -0.0011528159 0)
(0.61063391 -0.0011164625 0)
(0.61281947 -0.0010819977 0)
(0.61493621 -0.0010492687 0)
(0.61698813 -0.0010179893 0)
(0.61897676 -0.00098811585 0)
(0.62090664 -0.00095926242 0)
(0.6227766 -0.00093160593 0)
(0.62459372 -0.00090451478 0)
(0.62635155 -0.00087858996 0)
(0.62806388 -0.00085267497 0)
(0.6297131 -0.0008281625 0)
(0.63132851 -0.00080287788 0)
(0.63286889 -0.00077964123 0)
(0.63439721 -0.00075443013 0)
(0.63582283 -0.00073255056 0)
(0.63727931 -0.00070678212 0)
(0.63857451 -0.0006866166 0)
(0.63998631 -0.00065951546 0)
(0.64111761 -0.00064176367 0)
(0.64253585 -0.00061236445 0)
(0.64343675 -0.00059812736 0)
(0.64496023 -0.00056540574 0)
(0.64550589 -0.00055636988 0)
(0.64733496 -0.00052019737 0)
(0.57284107 0.012246464 0)
(0.64461911 0.0073798994 0)
(0.5737042 0.0031227236 0)
(0.53300184 0.00019607208 0)
(0.53027931 -0.0016527102 0)
(0.54139494 -0.0029392242 0)
(0.55039059 -0.003909671 0)
(0.55475033 -0.0046315152 0)
(0.55706481 -0.0051142583 0)
(0.55963595 -0.0053823672 0)
(0.5630496 -0.0054831348 0)
(0.56692937 -0.005469629 0)
(0.57081358 -0.0053851595 0)
(0.57449812 -0.005258431 0)
(0.57798119 -0.0051065849 0)
(0.58131844 -0.0049402794 0)
(0.58454343 -0.0047672265 0)
(0.58765981 -0.0045934437 0)
(0.5906606 -0.0044232932 0)
(0.59354262 -0.0042594577 0)
(0.5963093 -0.0041032621 0)
(0.59896747 -0.0039551584 0)
(0.60152414 -0.0038151396 0)
(0.60398523 -0.003682934 0)
(0.6063557 -0.0035581379 0)
(0.6086401 -0.0034401877 0)
(0.61084256 -0.0033285369 0)
(0.61296726 -0.003222477 0)
(0.61501745 -0.0031215486 0)
(0.61699702 -0.0030249447 0)
(0.6189078 -0.0029325102 0)
(0.62075408 -0.0028431813 0)
(0.62253546 -0.0027574081 0)
(0.62425824 -0.002673467 0)
(0.62591771 -0.0025929734 0)
(0.62752562 -0.0025127646 0)
(0.6290681 -0.0024366511 0)
(0.63056967 -0.0023586323 0)
(0.63199691 -0.0022865309 0)
(0.63340224 -0.0022091138 0)
(0.63471114 -0.0021412977 0)
(0.63603497 -0.0020626513 0)
(0.63721406 -0.002000223 0)
(0.63848139 -0.0019180464 0)
(0.63950371 -0.0018631636 0)
(0.64076041 -0.0017745106 0)
(0.64157003 -0.0017305871 0)
(0.64290395 -0.0016321682 0)
(0.64339299 -0.0016043972 0)
(0.64498234 -0.001495306 0)
(0.56927853 0.020581468 0)
(0.63967236 0.011894335 0)
(0.56966715 0.0045623442 0)
(0.53043541 -0.00031181348 0)
(0.52882956 -0.0032998288 0)
(0.54056863 -0.0053490375 0)
(0.54996401 -0.0068877908 0)
(0.5546663 -0.0080242739 0)
(0.55730061 -0.008767559 0)
(0.56014246 -0.0091573207 0)
(0.56375604 -0.0092752833 0)
(0.5677663 -0.0092126014 0)
(0.57172724 -0.0090413905 0)
(0.57545126 -0.0088072087 0)
(0.5789472 -0.0085360005 0)
(0.5822755 -0.0082437711 0)
(0.58547152 -0.0079424803 0)
(0.58854018 -0.0076416144 0)
(0.59147597 -0.0073479263 0)
(0.59427712 -0.0070653869 0)
(0.59694809 -0.0067958229 0)
(0.59949632 -0.0065397656 0)
(0.60192914 -0.0062970976 0)
(0.6042528 -0.0060673333 0)
(0.60647257 -0.0058497898 0)
(0.60859343 -0.0056435603 0)
(0.61061994 -0.0054477537 0)
(0.61255675 -0.0052612804 0)
(0.61440773 -0.0050833846 0)
(0.61617718 -0.0049128798 0)
(0.61786792 -0.0047494401 0)
(0.61948433 -0.0045915682 0)
(0.6210277 -0.004439768 0)
(0.62250359 -0.0042916758 0)
(0.62391042 -0.0041493955 0)
(0.6252571 -0.0040085946 0)
(0.62653616 -0.0038744465 0)
(0.62776447 -0.0037386112 0)
(0.62892205 -0.0036120198 0)
(0.63004351 -0.0034787163 0)
(0.63108237 -0.0033601171 0)
(0.63211124 -0.003226464 0)
(0.63302816 -0.0031176585 0)
(0.63398539 -0.0029799096 0)
(0.6347662 -0.0028845267 0)
(0.63568714 -0.0027376695 0)
(0.6362969 -0.0026615977 0)
(0.63724678 -0.0024995654 0)
(0.63761236 -0.0024517618 0)
(0.63872268 -0.0022714712 0)
(0.56335048 0.028996119 0)
(0.63171499 0.015609342 0)
(0.56349777 0.0048998352 0)
(0.52672488 -0.0018532646 0)
(0.52685853 -0.0058031385 0)
(0.53952 -0.0084538539 0)
(0.54949067 -0.010433675 0)
(0.55468682 -0.011877945 0)
(0.55777917 -0.012781751 0)
(0.5609928 -0.01319882 0)
(0.56485429 -0.013251318 0)
(0.56899166 -0.013072884 0)
(0.57298535 -0.012763315 0)
(0.57667404 -0.012380621 0)
(0.58008226 -0.011955418 0)
(0.58327706 -0.011506744 0)
(0.58629682 -0.011049815 0)
(0.58914957 -0.010596982 0)
(0.59183367 -0.010156777 0)
(0.59435124 -0.0097339017 0)
(0.59670995 -0.0093303081 0)
(0.59891985 -0.0089464379 0)
(0.60099052 -0.0085820232 0)
(0.60293037 -0.0082363873 0)
(0.60474685 -0.0079086003 0)
(0.606447 -0.0075974723 0)
(0.60803752 -0.0073018029 0)
(0.60952494 -0.0070202135 0)
(0.61091522 -0.0067516516 0)
(0.61221426 -0.006494689 0)
(0.61342704 -0.0062487232 0)
(0.61455911 -0.0060120741 0)
(0.61561432 -0.0057849768 0)
(0.61659832 -0.0055649415 0)
(0.61751338 -0.0053538164 0)
(0.61836614 -0.0051471563 0)
(0.61915615 -0.0049499725 0)
(0.61989279 -0.0047536528 0)
(0.62057059 -0.0045693555 0)
(0.62120508 -0.0043801929 0)
(0.62178098 -0.0042089973 0)
(0.62232704 -0.0040231944 0)
(0.62280818 -0.0038671431 0)
(0.62328088 -0.0036796661 0)
(0.62366958 -0.0035434289 0)
(0.62408855 -0.0033472738 0)
(0.6243786 -0.0032389906 0)
(0.62477481 -0.0030249467 0)
(0.62494372 -0.0029573317 0)
(0.62537595 -0.0027184229 0)
(0.55431685 0.037090248 0)
(0.62013204 0.017837622 0)
(0.55514412 0.0034160954 0)
(0.52211732 -0.0049994802 0)
(0.52466364 -0.0095769604 0)
(0.53848424 -0.012564838 0)
(0.54912524 -0.014792002 0)
(0.55487889 -0.016378751 0)
(0.55845481 -0.017279376 0)
(0.56198752 -0.017563674 0)
(0.56594858 -0.017407894 0)
(0.56997959 -0.016995602 0)
(0.57370827 -0.016451535 0)
(0.57701594 -0.015839305 0)
(0.57995183 -0.015189018 0)
(0.58259525 -0.014520503 0)
(0.5849934 -0.013851475 0)
(0.58716412 -0.013196552 0)
(0.58911637 -0.012565271 0)
(0.59086215 -0.011962329 0)
(0.59241753 -0.011389297 0)
(0.59379953 -0.010846218 0)
(0.59502384 -0.010332471 0)
(0.59610434 -0.0098470182 0)
(0.59705349 -0.0093885059 0)
(0.59788282 -0.008955298 0)
(0.59860301 -0.0085457074 0)
(0.59922407 -0.0081579232 0)
(0.59975508 -0.0077903942 0)
(0.60020455 -0.0074413424 0)
(0.60057999 -0.0071096198 0)
(0.60088867 -0.0067933511 0)
(0.60113674 -0.0064920833 0)
(0.60133048 -0.0062034251 0)
(0.60147487 -0.00592821 0)
(0.60157527 -0.0056626262 0)
(0.60163586 -0.0054100352 0)
(0.6016608 -0.0051633683 0)
(0.6016545 -0.0049310575 0)
(0.60161844 -0.004699157 0)
(0.6015601 -0.004486208 0)
(0.60147395 -0.0042644004 0)
(0.6013778 -0.0040720358 0)
(0.6012481 -0.0038543352 0)
(0.60113026 -0.0036871 0)
(0.60095698 -0.0034650966 0)
(0.60083979 -0.0033323482 0)
(0.60061151 -0.0030941935 0)
(0.60053003 -0.0030116944 0)
(0.60021255 -0.0027455482 0)
(0.54116184 0.043814732 0)
(0.60420223 0.017387509 0)
(0.54468073 -0.00078301023 0)
(0.51706639 -0.010250268 0)
(0.52258624 -0.014863372 0)
(0.53750093 -0.017783697 0)
(0.5485509 -0.019981561 0)
(0.5545167 -0.021464492 0)
(0.55811387 -0.022102482 0)
(0.56134276 -0.021995096 0)
(0.56462755 -0.021399578 0)
(0.56766778 -0.020559479 0)
(0.57018584 -0.019619484 0)
(0.57213827 -0.018640941 0)
(0.57361851 -0.017648971 0)
(0.57473209 -0.016662677 0)
(0.57554776 -0.015701321 0)
(0.57610477 -0.014780268 0)
(0.57643216 -0.013908173 0)
(0.5765586 -0.01308794 0)
(0.57651299 -0.012319247 0)
(0.5763221 -0.011600449 0)
(0.57600917 -0.010929395 0)
(0.57559399 -0.010303583 0)
(0.57509359 -0.0097202278 0)
(0.57452281 -0.0091763324 0)
(0.57389463 -0.0086689034 0)
(0.57322042 -0.0081949663 0)
(0.57250997 -0.0077518119 0)
(0.57177186 -0.0073367329 0)
(0.57101336 -0.0069475019 0)
(0.57024089 -0.0065816168 0)
(0.56945985 -0.0062374829 0)
(0.568675 -0.0059125529 0)
(0.56789045 -0.0056061726 0)
(0.56710937 -0.005315205 0)
(0.56633561 -0.0050406293 0)
(0.56556983 -0.0047775915 0)
(0.56481799 -0.0045302459 0)
(0.5640749 -0.0042896899 0)
(0.56335484 -0.0040665871 0)
(0.56263708 -0.0038431279 0)
(0.56196038 -0.0036435254 0)
(0.56126306 -0.0034310109 0)
(0.56064902 -0.0032577945 0)
(0.55995238 -0.0030479255 0)
(0.55944043 -0.0029098571 0)
(0.55869257 -0.002690271 0)
(0.55836575 -0.002604571 0)
(0.55743741 -0.0023597409 0)
(0.52250428 0.047045749 0)
(0.58350051 0.012060712 0)
(0.53270549 -0.0091536258 0)
(0.51187101 -0.018218724 0)
(0.51982096 -0.021658083 0)
(0.53443748 -0.023718251 0)
(0.54425235 -0.025348198 0)
(0.54866272 -0.026254375 0)
(0.55037205 -0.026170598 0)
(0.55125768 -0.025261723 0)
(0.55177238 -0.023896559 0)
(0.55176696 -0.022378746 0)
(0.55112643 -0.020858023 0)
(0.5499184 -0.019380321 0)
(0.54829598 -0.017958345 0)
(0.54639719 -0.016605288 0)
(0.54431434 -0.015336278 0)
(0.54210635 -0.014161254 0)
(0.53981654 -0.013082281 0)
(0.53748124 -0.012095724 0)
(0.53513128 -0.011195453 0)
(0.5327913 -0.010374815 0)
(0.53048003 -0.0096272683 0)
(0.52821126 -0.0089464235 0)
(0.52599504 -0.0083260639 0)
(0.5238386 -0.0077602233 0)
(0.52174699 -0.0072433385 0)
(0.51972353 -0.0067702763 0)
(0.51777016 -0.0063364368 0)
(0.51588778 -0.0059376019 0)
(0.51407642 -0.0055701187 0)
(0.5123356 -0.0052305288 0)
(0.5106643 -0.0049160558 0)
(0.50906128 -0.0046237719 0)
(0.50752505 -0.0043517741 0)
(0.50605381 -0.0040973328 0)
(0.50464638 -0.0038595763 0)
(0.50329974 -0.0036354396 0)
(0.50201481 -0.003425596 0)
(0.50078469 -0.003225653 0)
(0.4996174 -0.0030391348 0)
(0.4984937 -0.002858219 0)
(0.49744338 -0.0026924447 0)
(0.49641028 -0.0025256965 0)
(0.49548707 -0.0023811969 0)
(0.49451264 -0.0022228558 0)
(0.49375457 -0.0021059189 0)
(0.49276334 -0.0019468696 0)
(0.49227521 -0.0018737412 0)
(0.49106891 -0.0016989381 0)
(0.49644441 0.042820441 0)
(0.5576646 -0.0019496652 0)
(0.51792559 -0.024260056 0)
(0.50155587 -0.030063959 0)
(0.50715132 -0.029853515 0)
(0.51625271 -0.029289591 0)
(0.51988685 -0.02907519 0)
(0.51819282 -0.028383722 0)
(0.51387088 -0.02678438 0)
(0.50872409 -0.024537486 0)
(0.50330442 -0.022108397 0)
(0.49765037 -0.019804908 0)
(0.49179861 -0.017726153 0)
(0.48588241 -0.015864956 0)
(0.48005465 -0.014196597 0)
(0.47442497 -0.012707466 0)
(0.46905166 -0.011389732 0)
(0.46395919 -0.010232474 0)
(0.45915489 -0.0092199179 0)
(0.45463746 -0.0083342341 0)
(0.45039997 -0.0075584057 0)
(0.44643124 -0.0068774448 0)
(0.4427172 -0.006278401 0)
(0.4392423 -0.0057500158 0)
(0.43599053 -0.0052824647 0)
(0.43294623 -0.0048672136 0)
(0.43009436 -0.0044969288 0)
(0.42742083 -0.0041653393 0)
(0.42491248 -0.0038671328 0)
(0.42255722 -0.0035977639 0)
(0.4203439 -0.0033534175 0)
(0.41826245 -0.0031307726 0)
(0.41630361 -0.0029271134 0)
(0.41445911 -0.0027399573 0)
(0.41272132 -0.0025674225 0)
(0.41108346 -0.0024075517 0)
(0.40953943 -0.0022591472 0)
(0.40808331 -0.0021205068 0)
(0.40671097 -0.0019910811 0)
(0.40541584 -0.0018691687 0)
(0.4041979 -0.0017549648 0)
(0.40304539 -0.0016464826 0)
(0.40197003 -0.0015449952 0)
(0.40094059 -0.0014476839 0)
(0.4000056 -0.0013580722 0)
(0.3990689 -0.0012704681 0)
(0.39829666 -0.0011955174 0)
(0.39738152 -0.0011154078 0)
(0.39686507 -0.0010668175 0)
(0.39575195 -0.00098532726 0)
(0.4597201 0.03215173 0)
(0.5152818 -0.018584978 0)
(0.47539745 -0.037978525 0)
(0.45050295 -0.037611207 0)
(0.44260538 -0.032013188 0)
(0.43722492 -0.02775106 0)
(0.42787041 -0.024935063 0)
(0.41532529 -0.022188347 0)
(0.40203259 -0.019014133 0)
(0.38945464 -0.015770652 0)
(0.37798702 -0.012912314 0)
(0.36758936 -0.010615313 0)
(0.35817507 -0.0088271704 0)
(0.34969249 -0.0074270557 0)
(0.34209261 -0.0063147509 0)
(0.33530563 -0.0054233873 0)
(0.3292454 -0.004705881 0)
(0.32382298 -0.0041245836 0)
(0.31895606 -0.0036484694 0)
(0.31457232 -0.0032532001 0)
(0.31060934 -0.0029207214 0)
(0.30701352 -0.00263794 0)
(0.30373894 -0.0023952152 0)
(0.30074634 -0.0021852057 0)
(0.29800223 -0.0020021599 0)
(0.29547805 -0.001841496 0)
(0.2931494 -0.0016995396 0)
(0.29099537 -0.0015733161 0)
(0.28899803 -0.0014604114 0)
(0.28714192 -0.0013588337 0)
(0.28541365 -0.0012669574 0)
(0.28380167 -0.0011834078 0)
(0.28229583 -0.0011070787 0)
(0.28088739 -0.0010369899 0)
(0.27956856 -0.00097239514 0)
(0.27833261 -0.00091256008 0)
(0.27717354 -0.00085700007 0)
(0.27608602 -0.00080513217 0)
(0.27506554 -0.00075666124 0)
(0.27410743 -0.00071113976 0)
(0.27320907 -0.00066834631 0)
(0.27236478 -0.00062814647 0)
(0.27157611 -0.00059003087 0)
(0.27083118 -0.00055492275 0)
(0.2701448 -0.00052086531 0)
(0.26948045 -0.00049219642 0)
(0.26890124 -0.00046234551 0)
(0.26827312 -0.00044466527 0)
(0.26785376 -0.00042231023 0)
(0.26706926 -0.00041660825 0)
(0.36580213 -0.020588384 0)
(0.35625468 -0.031122922 0)
(0.28279704 -0.024282679 0)
(0.24039651 -0.014916484 0)
(0.22013093 -0.0087573016 0)
(0.2051637 -0.005863882 0)
(0.19046382 -0.0044152952 0)
(0.17688336 -0.00323106 0)
(0.16550938 -0.002113488 0)
(0.15644464 -0.0012524578 0)
(0.14927639 -0.00073012857 0)
(0.14352424 -0.00046447252 0)
(0.13880975 -0.00033634896 0)
(0.13487242 -0.00026864612 0)
(0.1315357 -0.00022826081 0)
(0.12867308 -0.00020314447 0)
(0.1261889 -0.00018720812 0)
(0.12400982 -0.00017601715 0)
(0.12208011 -0.00016666972 0)
(0.12035759 -0.00015780762 0)
(0.11880983 -0.00014909514 0)
(0.11741129 -0.00014062052 0)
(0.11614134 -0.00013253656 0)
(0.11498297 -0.0001249362 0)
(0.11392203 -0.00011785057 0)
(0.11294667 -0.00011127234 0)
(0.11204691 -0.00010517681 0)
(0.11121431 -9.95283e-05 0)
(0.1104417 -9.4289608e-05 0)
(0.10972298 -8.9419848e-05 0)
(0.10905291 -8.4885615e-05 0)
(0.10842698 -8.0649955e-05 0)
(0.10784131 -7.6690627e-05 0)
(0.10729252 -7.297517e-05 0)
(0.10677764 -6.9494568e-05 0)
(0.1062941 -6.6217527e-05 0)
(0.10583961 -6.3147503e-05 0)
(0.10541216 -6.0254679e-05 0)
(0.10500994 -5.7546866e-05 0)
(0.1046313 -5.5016447e-05 0)
(0.10427493 -5.2634589e-05 0)
(0.1039391 -5.0510707e-05 0)
(0.10362338 -4.8414522e-05 0)
(0.10332488 -4.6931257e-05 0)
(0.10304563 -4.5024205e-05 0)
(0.10277772 -4.50986e-05 0)
(0.10253223 -4.2982088e-05 0)
(0.10228011 -4.7996002e-05 0)
(0.10207122 -3.842827e-05 0)
(0.10172559 -6.262821e-05 0)
)
;

boundaryField
{
    inlet
    {
        type            pressureInletOutletVelocity;
        value           nonuniform List<vector> 
20
(
(0.04788985 0 0)
(0.12587117 0 0)
(0.1864365 0 0)
(0.23135546 0 0)
(0.26319519 0 0)
(0.28476927 0 0)
(0.29871914 0 0)
(0.307256 0 0)
(0.31204256 0 0)
(0.31416847 0 0)
(0.31416847 0 0)
(0.31204255 0 0)
(0.30725598 0 0)
(0.29871912 0 0)
(0.28476925 0 0)
(0.26319517 0 0)
(0.23135544 0 0)
(0.18643649 0 0)
(0.12587116 0 0)
(0.047889847 0 0)
)
;
    }
    outlet
    {
        type            pressureInletOutletVelocity;
        value           nonuniform List<vector> 
20
(
(0.10172559 6.2629608e-05 0)
(0.26706926 0.0004166105 0)
(0.39575196 0.00098532955 0)
(0.49106891 0.0016989412 0)
(0.55743742 0.0023597457 0)
(0.60021256 0.0027455544 0)
(0.62537596 0.00271843 0)
(0.63872268 0.0022714789 0)
(0.64498235 0.001495314 0)
(0.64733496 0.00052020552 0)
(0.64733496 -0.00052019737 0)
(0.64498234 -0.001495306 0)
(0.63872268 -0.0022714712 0)
(0.62537595 -0.0027184229 0)
(0.60021255 -0.0027455482 0)
(0.55743741 -0.0023597409 0)
(0.49106891 -0.0016989381 0)
(0.39575195 -0.00098532726 0)
(0.26706926 -0.00041660825 0)
(0.10172559 -6.262821e-05 0)
)
;
    }
    top
    {
        type            noSlip;
    }
    bottom
    {
        type            noSlip;
    }
    frontAndBack
    {
        type            empty;
    }
    membraneFront
    {
        type            cyclic;
    }
    membraneBack
    {
        type            cyclic;
    }
}


// ************************************************************************* //
