/*--------------------------------*- C++ -*----------------------------------*\
| =========                 |                                                 |
| \\      /  F ield         | OpenFOAM: The Open Source CFD Toolbox           |
|  \\    /   O peration     | Version:  2512                                  |
|   \\  /    A nd           | Website:  www.openfoam.com                      |
|    \\/     M anipulation  |                                                 |
\*---------------------------------------------------------------------------*/
FoamFile
{
    version     2.0;
    format      ascii;
    arch        "LSB;label=32;scalar=64";
    class       volVectorField;
    location    "4.4";
    object      U;
}
// * * * * * * * * * * * * * * * * * * * * * * * * * * * * * * * * * * * * * //

dimensions      [0 1 -1 0 0 0 0];

internalField   nonuniform List<vector> 
2000
(
(0.4606034 0.018681257 0)
(0.43180705 0.031303689 0)
(0.39028973 0.029381796 0)
(0.3394084 0.023428169 0)
(0.29179762 0.017534157 0)
(0.25285173 0.012345995 0)
(0.22210256 0.008060627 0)
(0.19796206 0.0048799288 0)
(0.17923429 0.0027301225 0)
(0.16492262 0.0013644674 0)
(0.15407499 0.00055693443 0)
(0.14582772 0.0001320561 0)
(0.13947355 -4.8757606e-05 0)
(0.13447237 -9.1405718e-05 0)
(0.13043147 -6.8365457e-05 0)
(0.12707502 -2.2538455e-05 0)
(0.12421451 2.4237904e-05 0)
(0.12172213 6.3082829e-05 0)
(0.11951261 9.1465897e-05 0)
(0.1175271 0.00011036605 0)
(0.11572613 0.00012122714 0)
(0.1140796 0.00012644358 0)
(0.11256788 0.00012695603 0)
(0.11117242 0.00012488437 0)
(0.10988394 0.00011977092 0)
(0.10868844 0.0001138271 0)
(0.10758484 0.00010484454 0)
(0.10655977 9.6112432e-05 0)
(0.10562216 8.277718e-05 0)
(0.10475512 7.0804662e-05 0)
(0.10398354 5.0547458e-05 0)
(0.10327974 3.358449e-05 0)
(0.10269767 8.1385665e-07 0)
(0.10218143 -2.3939811e-05 0)
(0.10184391 -7.5217564e-05 0)
(0.10157622 -0.00010305556 0)
(0.10162026 -0.00018960709 0)
(0.10171657 -0.00024128382 0)
(0.10237671 -0.00042038067 0)
(0.10300356 -0.00050130816 0)
(0.10480861 -0.00086446844 0)
(0.10626126 -0.00099110453 0)
(0.11042834 -0.0017924313 0)
(0.11304126 -0.0020082609 0)
(0.12287363 -0.003972873 0)
(0.12607007 -0.0044212185 0)
(0.15393331 -0.00954217 0)
(0.14625967 -0.012477642 0)
(0.2563059 -0.017822169 0)
(0.19398054 -0.054232903 0)
(0.50075539 0.028684175 0)
(0.51622777 0.056231885 0)
(0.52497382 0.063686834 0)
(0.5219259 0.063278517 0)
(0.51017538 0.05951525 0)
(0.49415215 0.053476847 0)
(0.47632409 0.046042481 0)
(0.45779692 0.038287405 0)
(0.43932108 0.03103238 0)
(0.42160806 0.0247065 0)
(0.40521057 0.019466488 0)
(0.39040301 0.015302225 0)
(0.3772356 0.012101089 0)
(0.36562517 0.0096981893 0)
(0.35542543 0.007917768 0)
(0.34646571 0.0066019753 0)
(0.33857564 0.005621771 0)
(0.33159389 0.0048800903 0)
(0.32538126 0.004305861 0)
(0.31981466 0.003850723 0)
(0.31479795 0.0034795295 0)
(0.31024396 0.0031707326 0)
(0.30609346 0.0029059242 0)
(0.30228277 0.0026769114 0)
(0.29878256 0.0024709552 0)
(0.29553928 0.0022875783 0)
(0.2925523 0.0021131696 0)
(0.28976384 0.0019543299 0)
(0.28721022 0.0017908169 0)
(0.28480898 0.0016395882 0)
(0.28265743 0.0014654684 0)
(0.28061132 0.001304176 0)
(0.27888434 0.001090624 0)
(0.27719318 0.00089713034 0)
(0.27599175 0.00060034901 0)
(0.274684 0.00034762602 0)
(0.2742412 -0.00010610352 0)
(0.27334722 -0.00047249421 0)
(0.27418675 -0.0012505433 0)
(0.27364243 -0.0018538546 0)
(0.27696359 -0.0032495572 0)
(0.2762538 -0.0043186559 0)
(0.28507699 -0.0068424073 0)
(0.28171244 -0.0091747742 0)
(0.30454597 -0.013439583 0)
(0.28865608 -0.020531731 0)
(0.3508905 -0.025148185 0)
(0.29022153 -0.052120422 0)
(0.46054847 -0.047450334 0)
(0.30397724 -0.13458123 0)
(0.50000671 0.015081154 0)
(0.51229901 0.036853921 0)
(0.5276826 0.048158745 0)
(0.54040013 0.052828443 0)
(0.54840626 0.053974088 0)
(0.5522338 0.052728944 0)
(0.55279859 0.049639385 0)
(0.55069314 0.045377751 0)
(0.54639023 0.040643173 0)
(0.54043394 0.035941326 0)
(0.53339843 0.031548955 0)
(0.52577404 0.027591899 0)
(0.51792571 0.024111562 0)
(0.51010486 0.021102161 0)
(0.50248142 0.018529137 0)
(0.49516023 0.016344658 0)
(0.48820411 0.014494701 0)
(0.48163637 0.012928818 0)
(0.47546663 0.011599056 0)
(0.46967783 0.010467125 0)
(0.46426165 0.0094960382 0)
(0.45918213 0.0086607965 0)
(0.45443462 0.0079322753 0)
(0.44996957 0.0072973596 0)
(0.44580176 0.0067296679 0)
(0.44186048 0.0062276999 0)
(0.43819963 0.0057612515 0)
(0.43470512 0.0053429802 0)
(0.43150546 0.0049295109 0)
(0.42839522 0.0045549202 0)
(0.42564943 0.0041475159 0)
(0.42287053 0.0037780307 0)
(0.42063205 0.0033201955 0)
(0.41812723 0.0029100701 0)
(0.41655903 0.0023200369 0)
(0.41422609 0.0018006259 0)
(0.41370631 0.00094983678 0)
(0.41127827 0.00020970797 0)
(0.41265064 -0.0011005041 0)
(0.40938252 -0.0023129913 0)
(0.41466034 -0.0044166049 0)
(0.40852187 -0.0066946467 0)
(0.42240513 -0.0099515598 0)
(0.40773454 -0.014877895 0)
(0.44135964 -0.019466848 0)
(0.40360982 -0.031327077 0)
(0.48201777 -0.036956727 0)
(0.38848398 -0.065579964 0)
(0.56580565 -0.072062936 0)
(0.37663015 -0.1325503 0)
(0.49997166 0.0087211421 0)
(0.50666376 0.023734808 0)
(0.51753415 0.033976538 0)
(0.52978254 0.039856269 0)
(0.5410872 0.042851666 0)
(0.55063657 0.043891077 0)
(0.55838144 0.043388464 0)
(0.56435182 0.041701126 0)
(0.56856664 0.03925476 0)
(0.57114256 0.036438372 0)
(0.57231348 0.033524961 0)
(0.57235552 0.030679674 0)
(0.5715267 0.027996117 0)
(0.57003843 0.025524819 0)
(0.56806473 0.023285093 0)
(0.56573771 0.021277255 0)
(0.56316945 0.019486768 0)
(0.56043481 0.017895926 0)
(0.55760725 0.016480539 0)
(0.55471948 0.01522248 0)
(0.55182782 0.014097101 0)
(0.5489305 0.013092259 0)
(0.54608779 0.012183228 0)
(0.54325924 0.011366437 0)
(0.54053437 0.010613543 0)
(0.5378132 0.0099324959 0)
(0.53525524 0.0092847954 0)
(0.53265237 0.0086954051 0)
(0.53031055 0.0081050483 0)
(0.52781119 0.0075656859 0)
(0.52575889 0.006980281 0)
(0.52331208 0.0064443017 0)
(0.52168604 0.0057968253 0)
(0.51917139 0.0052004501 0)
(0.51824716 0.0043946551 0)
(0.51539161 0.003633678 0)
(0.51573941 0.0025262838 0)
(0.51192174 0.0014125914 0)
(0.51473254 -0.00019919323 0)
(0.50850381 -0.002023496 0)
(0.51633273 -0.0044012303 0)
(0.50451835 -0.007731043 0)
(0.52272044 -0.011243797 0)
(0.49816674 -0.017738866 0)
(0.53768216 -0.022828872 0)
(0.48498355 -0.035837366 0)
(0.56761221 -0.043214242 0)
(0.45551121 -0.068578718 0)
(0.63075851 -0.077760945 0)
(0.42535034 -0.12018758 0)
(0.50002882 0.0057618095 0)
(0.50405446 0.016325898 0)
(0.51122834 0.024573336 0)
(0.52041458 0.030049351 0)
(0.53009759 0.033270304 0)
(0.53938017 0.034885085 0)
(0.54795919 0.03528855 0)
(0.55571991 0.034738199 0)
(0.56255665 0.033497033 0)
(0.56840328 0.031833905 0)
(0.57328124 0.029968341 0)
(0.57727785 0.028050137 0)
(0.58051002 0.026171097 0)
(0.58308498 0.024386167 0)
(0.58510431 0.022723394 0)
(0.58664519 0.021195486 0)
(0.58778876 0.019800514 0)
(0.58858374 0.018533624 0)
(0.58910016 0.017380999 0)
(0.58935668 0.016334868 0)
(0.58942543 0.015377619 0)
(0.58928861 0.014505314 0)
(0.58904182 0.013697294 0)
(0.58861216 0.012956839 0)
(0.58815389 0.012257156 0)
(0.58749686 0.011612227 0)
(0.58691865 0.010983243 0)
(0.58606587 0.010400067 0)
(0.58546407 0.0098028803 0)
(0.58440472 0.0092449933 0)
(0.58390648 0.0086331011 0)
(0.58256307 0.0080530912 0)
(0.58237256 0.0073636012 0)
(0.58054614 0.0066887673 0)
(0.58103262 0.0058300655 0)
(0.5782872 0.0049364406 0)
(0.58015742 0.003772186 0)
(0.57558172 0.0024377666 0)
(0.58022131 0.00076877754 0)
(0.57194994 -0.0014034524 0)
(0.58207663 -0.0038384757 0)
(0.56629248 -0.0075871624 0)
(0.58720234 -0.011232926 0)
(0.55622052 -0.017902948 0)
(0.59810016 -0.023400606 0)
(0.53640328 -0.035205596 0)
(0.61932415 -0.043250322 0)
(0.49668134 -0.063135881 0)
(0.66975717 -0.072109417 0)
(0.45733035 -0.10060347 0)
(0.50003548 0.0039796124 0)
(0.50278142 0.01148129 0)
(0.50781265 0.017761225 0)
(0.51464828 0.022307993 0)
(0.52238499 0.025200529 0)
(0.53029334 0.026808957 0)
(0.53801519 0.027459606 0)
(0.54539983 0.027373675 0)
(0.5523442 0.026736105 0)
(0.55875941 0.025730158 0)
(0.56460255 0.024518506 0)
(0.56987776 0.023223565 0)
(0.57462675 0.021924273 0)
(0.57889363 0.020668984 0)
(0.58273245 0.019483563 0)
(0.58617766 0.018382268 0)
(0.58928192 0.017367082 0)
(0.59206297 0.016437888 0)
(0.59457817 0.015585816 0)
(0.59681981 0.014807274 0)
(0.59886223 0.014088884 0)
(0.60065703 0.013429435 0)
(0.60232057 0.01281212 0)
(0.60373349 0.012241158 0)
(0.6051003 0.011694305 0)
(0.60616992 0.011183758 0)
(0.60732192 0.010677941 0)
(0.60805458 0.01019989 0)
(0.6090889 0.0097034338 0)
(0.60944243 0.0092251448 0)
(0.61049743 0.0086987444 0)
(0.61034681 0.0081743556 0)
(0.61164933 0.0075633058 0)
(0.61071857 0.0069198673 0)
(0.61267279 0.0061428847 0)
(0.61040317 0.0052568624 0)
(0.61375946 0.0041902774 0)
(0.6090585 0.0028493407 0)
(0.61523713 0.0013055822 0)
(0.60599619 -0.00085357383 0)
(0.61766774 -0.0031698453 0)
(0.59978597 -0.0067414895 0)
(0.62200842 -0.010264363 0)
(0.58756465 -0.016216146 0)
(0.63002252 -0.021533038 0)
(0.56352716 -0.031185406 0)
(0.64580875 -0.038600913 0)
(0.51789337 -0.053124125 0)
(0.69006242 -0.060572976 0)
(0.47630031 -0.078591356 0)
(0.50003129 0.002740707 0)
(0.50207979 0.0079703717 0)
(0.50587056 0.012513533 0)
(0.51118479 0.015997546 0)
(0.51748432 0.018352129 0)
(0.52421689 0.019750486 0)
(0.53102576 0.020416127 0)
(0.53772702 0.020524662 0)
(0.54421343 0.020212452 0)
(0.5504004 0.019604664 0)
(0.55623305 0.018816039 0)
(0.56168634 0.017939746 0)
(0.56677061 0.017040214 0)
(0.57150171 0.016158695 0)
(0.57591377 0.01531829 0)
(0.58002186 0.014532762 0)
(0.58386692 0.013806093 0)
(0.58745027 0.013140184 0)
(0.59082445 0.012529677 0)
(0.59396491 0.011972558 0)
(0.59694921 0.011459196 0)
(0.59970681 0.010988398 0)
(0.60236869 0.010547861 0)
(0.6047809 0.010139541 0)
(0.60718179 0.0097477646 0)
(0.60926145 0.009378907 0)
(0.61146708 0.0090121902 0)
(0.6131938 0.0086589641 0)
(0.61528934 0.0082914794 0)
(0.61658987 0.0079250392 0)
(0.61870546 0.0075243948 0)
(0.61941471 0.0071037202 0)
(0.62177163 0.006624196 0)
(0.6215587 0.0060845201 0)
(0.62455464 0.0054569148 0)
(0.62278472 0.0046913976 0)
(0.62715399 0.0038077365 0)
(0.62263204 0.0026390307 0)
(0.62974808 0.0013281511 0)
(0.62023638 -0.00053676437 0)
(0.63267271 -0.0025447995 0)
(0.6139367 -0.0055491746 0)
(0.63655233 -0.008625904 0)
(0.60056459 -0.01340855 0)
(0.64284366 -0.017972081 0)
(0.57420296 -0.025228791 0)
(0.65588235 -0.031263586 0)
(0.52593401 -0.041176822 0)
(0.69837 -0.046697426 0)
(0.48628374 -0.057199811 0)
(0.50002711 0.0017968572 0)
(0.50167307 0.0052468926 0)
(0.50473672 0.0083051901 0)
(0.50911083 0.010741561 0)
(0.51445652 0.012464971 0)
(0.52036033 0.013540015 0)
(0.52649535 0.01409808 0)
(0.5326567 0.014261032 0)
(0.53872139 0.014124524 0)
(0.54460143 0.013771223 0)
(0.55023738 0.013276918 0)
(0.5555911 0.012706515 0)
(0.56065687 0.012107933 0)
(0.56543551 0.011513385 0)
(0.56995166 0.010941787 0)
(0.57421195 0.010404773 0)
(0.5782536 0.0099068678 0)
(0.58207132 0.0094505147 0)
(0.58571746 0.0090330246 0)
(0.58916041 0.0086531206 0)
(0.59248142 0.0083047131 0)
(0.59559981 0.0079862437 0)
(0.59865549 0.0076899473 0)
(0.60147765 0.0074155285 0)
(0.60432229 0.0071537156 0)
(0.60685058 0.0069058224 0)
(0.6095424 0.0066607445 0)
(0.61174347 0.0064207304 0)
(0.61435934 0.0061728587 0)
(0.61614324 0.0059178917 0)
(0.61880357 0.0056425775 0)
(0.61998313 0.0053403366 0)
(0.62289621 0.005002489 0)
(0.62311096 0.0046027796 0)
(0.62665465 0.0041486483 0)
(0.62523024 0.0035705197 0)
(0.63010491 0.0029149905 0)
(0.62579407 0.0020272686 0)
(0.63331325 0.0010342967 0)
(0.62381404 -0.0003718743 0)
(0.63646165 -0.0019128646 0)
(0.61747956 -0.0041435081 0)
(0.64000375 -0.0065063281 0)
(0.60348155 -0.0099443588 0)
(0.6453487 -0.013376579 0)
(0.57599501 -0.018329161 0)
(0.65731952 -0.022661455 0)
(0.52703515 -0.028874186 0)
(0.70028392 -0.03254126 0)
(0.49077244 -0.038098164 0)
(0.50002449 0.0010205895 0)
(0.5014461 0.0029871042 0)
(0.50410253 0.0047500793 0)
(0.50793494 0.0061867827 0)
(0.51270514 0.0072336333 0)
(0.51808839 0.0079081318 0)
(0.5237915 0.0082754645 0)
(0.52960342 0.008405544 0)
(0.53538804 0.0083554253 0)
(0.54105064 0.0081728416 0)
(0.54652763 0.0079009841 0)
(0.55177328 0.007577937 0)
(0.55677199 0.0072331277 0)
(0.56151488 0.0068870558 0)
(0.56602013 0.0065521744 0)
(0.57028954 0.0062362158 0)
(0.57435828 0.0059426303 0)
(0.57821837 0.0056732952 0)
(0.58192236 0.0054271657 0)
(0.58543641 0.0052034994 0)
(0.58884386 0.0049991201 0)
(0.59206104 0.0048126913 0)
(0.5952318 0.0046401891 0)
(0.59818015 0.0044805299 0)
(0.60116844 0.004329242 0)
(0.60384902 0.0041854487 0)
(0.60671179 0.0040444222 0)
(0.60908811 0.0039046594 0)
(0.61189906 0.0037617022 0)
(0.61387572 0.0036113772 0)
(0.61674928 0.0034509852 0)
(0.61813067 0.0032695441 0)
(0.6212649 0.0030695004 0)
(0.62167833 0.0028254011 0)
(0.62543389 0.0025514427 0)
(0.62418802 0.0021945124 0)
(0.62923675 0.0017920844 0)
(0.62506154 0.0012423528 0)
(0.63267171 0.00062478264 0)
(0.62323672 -0.00024200263 0)
(0.63583079 -0.0012069681 0)
(0.6168209 -0.0025694106 0)
(0.63910092 -0.0040456189 0)
(0.60246727 -0.0061008307 0)
(0.64395197 -0.0082082381 0)
(0.57450514 -0.011058418 0)
(0.65566136 -0.01362591 0)
(0.52565451 -0.016972243 0)
(0.69969341 -0.019035848 0)
(0.49239411 -0.021594713 0)
(0.50002327 0.00033122538 0)
(0.50134412 0.00097052213 0)
(0.50381708 0.0015466303 0)
(0.50740174 0.002021055 0)
(0.5119017 0.0023717153 0)
(0.51703426 0.0026012478 0)
(0.52252664 0.0027289738 0)
(0.52816791 0.0027774963 0)
(0.53381561 0.0027657999 0)
(0.53937061 0.0027095725 0)
(0.54476673 0.0026228582 0)
(0.5499546 0.0025181821 0)
(0.55491375 0.0024054417 0)
(0.55963023 0.0022916559 0)
(0.56411862 0.0021811608 0)
(0.56837814 0.002076654 0)
(0.57244267 0.0019794085 0)
(0.5763031 0.0018901135 0)
(0.58001183 0.001808526 0)
(0.58353448 0.0017343996 0)
(0.58695497 0.0016667732 0)
(0.59018929 0.0016051267 0)
(0.59338226 0.0015482485 0)
(0.59635733 0.0014956094 0)
(0.59937803 0.0014459311 0)
(0.60209574 0.0013986172 0)
(0.60500145 0.0013524498 0)
(0.60742545 0.0013064193 0)
(0.61028911 0.001259623 0)
(0.61232308 0.0012098723 0)
(0.61525661 0.0011571548 0)
(0.61670283 0.0010966511 0)
(0.61989914 0.0010303997 0)
(0.62038125 0.00094840822 0)
(0.62419185 0.00085684545 0)
(0.62301297 0.00073639507 0)
(0.62809458 0.00060074843 0)
(0.62397689 0.00041501895 0)
(0.63157458 0.00020561656 0)
(0.6221777 -8.6613961e-05 0)
(0.63468408 -0.00041470269 0)
(0.61568893 -0.00087194662 0)
(0.63779232 -0.001372825 0)
(0.60116424 -0.0020550425 0)
(0.64242964 -0.0027630008 0)
(0.5730391 -0.0036894111 0)
(0.65412887 -0.0045359195 0)
(0.52439194 -0.0055851541 0)
(0.69888723 -0.0062489863 0)
(0.49281418 -0.0069742133 0)
(0.50002327 -0.00033122512 0)
(0.50134412 -0.00097052181 0)
(0.50381708 -0.00154663 0)
(0.50740174 -0.0020210547 0)
(0.5119017 -0.002371715 0)
(0.51703426 -0.0026012476 0)
(0.52252664 -0.0027289736 0)
(0.52816791 -0.0027774961 0)
(0.53381561 -0.0027657997 0)
(0.53937061 -0.0027095723 0)
(0.54476673 -0.002622858 0)
(0.5499546 -0.0025181819 0)
(0.55491375 -0.0024054415 0)
(0.55963023 -0.0022916557 0)
(0.56411862 -0.0021811606 0)
(0.56837814 -0.0020766539 0)
(0.57244267 -0.0019794084 0)
(0.5763031 -0.0018901135 0)
(0.58001183 -0.0018085261 0)
(0.58353448 -0.0017343998 0)
(0.58695497 -0.0016667736 0)
(0.59018929 -0.0016051272 0)
(0.59338226 -0.0015482491 0)
(0.59635733 -0.00149561 0)
(0.59937803 -0.0014459319 0)
(0.60209574 -0.001398618 0)
(0.60500145 -0.0013524508 0)
(0.60742545 -0.0013064205 0)
(0.61028911 -0.0012596246 0)
(0.61232309 -0.0012098739 0)
(0.6152566 -0.0011571568 0)
(0.61670283 -0.0010966526 0)
(0.61989914 -0.0010304016 0)
(0.62038126 -0.00094840938 0)
(0.62419185 -0.00085684695 0)
(0.62301297 -0.00073639645 0)
(0.62809458 -0.00060074988 0)
(0.62397689 -0.00041502094 0)
(0.63157458 -0.0002056182 0)
(0.6221777 8.6612365e-05 0)
(0.63468408 0.00041470182 0)
(0.61568893 0.00087194707 0)
(0.63779232 0.001372826 0)
(0.60116423 0.0020550438 0)
(0.64242964 0.0027630016 0)
(0.5730391 0.003689411 0)
(0.65412887 0.0045359193 0)
(0.52439194 0.0055851548 0)
(0.69888723 0.0062489879 0)
(0.49281418 0.0069742159 0)
(0.50002449 -0.0010205893 0)
(0.5014461 -0.0029871038 0)
(0.50410253 -0.004750079 0)
(0.50793494 -0.0061867824 0)
(0.51270514 -0.007233633 0)
(0.51808839 -0.0079081316 0)
(0.5237915 -0.0082754643 0)
(0.52960342 -0.0084055438 0)
(0.53538804 -0.0083554251 0)
(0.54105064 -0.0081728414 0)
(0.54652763 -0.0079009839 0)
(0.55177328 -0.0075779368 0)
(0.55677199 -0.0072331275 0)
(0.56151488 -0.0068870556 0)
(0.56602013 -0.0065521742 0)
(0.57028954 -0.0062362157 0)
(0.57435828 -0.0059426303 0)
(0.57821837 -0.0056732953 0)
(0.58192236 -0.0054271658 0)
(0.58543641 -0.0052034997 0)
(0.58884386 -0.0049991204 0)
(0.59206104 -0.0048126918 0)
(0.5952318 -0.0046401897 0)
(0.59818015 -0.0044805306 0)
(0.60116844 -0.0043292428 0)
(0.60384901 -0.0041854496 0)
(0.60671179 -0.0040444233 0)
(0.60908811 -0.0039046607 0)
(0.61189906 -0.0037617037 0)
(0.61387572 -0.003611379 0)
(0.61674928 -0.003450987 0)
(0.61813067 -0.0032695461 0)
(0.62126491 -0.003069502 0)
(0.62167833 -0.0028254028 0)
(0.62543389 -0.0025514441 0)
(0.62418802 -0.002194514 0)
(0.62923676 -0.0017920861 0)
(0.62506154 -0.0012423546 0)
(0.63267171 -0.00062478465 0)
(0.62323672 0.00024200109 0)
(0.63583078 0.0012069672 0)
(0.6168209 0.0025694107 0)
(0.63910092 0.0040456197 0)
(0.60246727 0.0061008318 0)
(0.64395197 0.0082082387 0)
(0.57450514 0.011058418 0)
(0.65566136 0.01362591 0)
(0.52565451 0.016972243 0)
(0.69969341 0.019035849 0)
(0.49239411 0.021594715 0)
(0.50002711 -0.0017968569 0)
(0.50167307 -0.0052468923 0)
(0.50473672 -0.0083051898 0)
(0.50911083 -0.01074156 0)
(0.51445652 -0.012464971 0)
(0.52036033 -0.013540014 0)
(0.52649535 -0.01409808 0)
(0.5326567 -0.014261031 0)
(0.53872139 -0.014124524 0)
(0.54460143 -0.013771223 0)
(0.55023738 -0.013276918 0)
(0.5555911 -0.012706515 0)
(0.56065687 -0.012107933 0)
(0.56543551 -0.011513385 0)
(0.56995166 -0.010941787 0)
(0.57421195 -0.010404773 0)
(0.5782536 -0.0099068677 0)
(0.58207132 -0.0094505147 0)
(0.58571746 -0.0090330247 0)
(0.58916041 -0.0086531208 0)
(0.59248142 -0.0083047135 0)
(0.59559981 -0.0079862442 0)
(0.59865549 -0.0076899479 0)
(0.60147765 -0.0074155292 0)
(0.60432229 -0.0071537164 0)
(0.60685058 -0.0069058234 0)
(0.6095424 -0.0066607456 0)
(0.61174347 -0.0064207318 0)
(0.61435934 -0.0061728601 0)
(0.61614324 -0.0059178935 0)
(0.61880357 -0.0056425791 0)
(0.61998314 -0.0053403386 0)
(0.62289621 -0.0050024905 0)
(0.62311097 -0.0046027814 0)
(0.62665465 -0.0041486497 0)
(0.62523024 -0.0035705213 0)
(0.63010491 -0.0029149924 0)
(0.62579408 -0.0020272704 0)
(0.63331325 -0.0010342987 0)
(0.62381404 0.000371873 0)
(0.63646165 0.001912864 0)
(0.61747956 0.0041435082 0)
(0.64000375 0.0065063289 0)
(0.60348155 0.0099443595 0)
(0.64534869 0.013376579 0)
(0.575995 0.018329161 0)
(0.65731952 0.022661455 0)
(0.52703515 0.028874186 0)
(0.70028393 0.032541261 0)
(0.49077244 0.038098166 0)
(0.50003129 -0.0027407068 0)
(0.50207979 -0.0079703714 0)
(0.50587056 -0.012513533 0)
(0.51118479 -0.015997546 0)
(0.51748432 -0.018352129 0)
(0.52421689 -0.019750485 0)
(0.53102576 -0.020416126 0)
(0.53772702 -0.020524661 0)
(0.54421343 -0.020212451 0)
(0.5504004 -0.019604664 0)
(0.55623305 -0.018816039 0)
(0.56168634 -0.017939746 0)
(0.56677061 -0.017040214 0)
(0.57150171 -0.016158695 0)
(0.57591377 -0.01531829 0)
(0.58002186 -0.014532762 0)
(0.58386692 -0.013806093 0)
(0.58745027 -0.013140184 0)
(0.59082445 -0.012529678 0)
(0.59396491 -0.011972558 0)
(0.59694921 -0.011459197 0)
(0.59970681 -0.010988399 0)
(0.60236869 -0.010547861 0)
(0.6047809 -0.010139541 0)
(0.60718179 -0.0097477654 0)
(0.60926145 -0.0093789079 0)
(0.61146708 -0.0090121913 0)
(0.6131938 -0.0086589653 0)
(0.61528934 -0.008291481 0)
(0.61658986 -0.0079250407 0)
(0.61870546 -0.0075243967 0)
(0.61941471 -0.0071037216 0)
(0.62177164 -0.0066241977 0)
(0.62155869 -0.0060845216 0)
(0.62455465 -0.0054569166 0)
(0.62278472 -0.0046913994 0)
(0.62715399 -0.0038077384 0)
(0.62263204 -0.0026390326 0)
(0.62974808 -0.0013281524 0)
(0.62023638 0.00053676344 0)
(0.63267271 0.0025447991 0)
(0.6139367 0.0055491748 0)
(0.63655233 0.008625904 0)
(0.60056459 0.013408549 0)
(0.64284366 0.01797208 0)
(0.57420296 0.025228791 0)
(0.65588235 0.031263586 0)
(0.52593401 0.041176823 0)
(0.69837 0.046697427 0)
(0.48628374 0.057199814 0)
(0.50003548 -0.0039796121 0)
(0.50278142 -0.01148129 0)
(0.50781265 -0.017761225 0)
(0.51464828 -0.022307992 0)
(0.52238499 -0.025200529 0)
(0.53029334 -0.026808957 0)
(0.53801519 -0.027459606 0)
(0.54539983 -0.027373675 0)
(0.5523442 -0.026736105 0)
(0.55875941 -0.025730158 0)
(0.56460255 -0.024518506 0)
(0.56987776 -0.023223565 0)
(0.57462675 -0.021924273 0)
(0.57889363 -0.020668984 0)
(0.58273245 -0.019483563 0)
(0.58617766 -0.018382267 0)
(0.58928192 -0.017367082 0)
(0.59206297 -0.016437889 0)
(0.59457817 -0.015585816 0)
(0.59681981 -0.014807275 0)
(0.59886223 -0.014088884 0)
(0.60065703 -0.013429435 0)
(0.60232057 -0.01281212 0)
(0.60373349 -0.012241159 0)
(0.6051003 -0.011694306 0)
(0.60616992 -0.011183759 0)
(0.60732192 -0.010677942 0)
(0.60805458 -0.010199892 0)
(0.6090889 -0.0097034352 0)
(0.60944243 -0.0092251463 0)
(0.61049743 -0.0086987456 0)
(0.61034681 -0.0081743571 0)
(0.61164933 -0.007563307 0)
(0.61071857 -0.006919869 0)
(0.61267279 -0.0061428865 0)
(0.61040317 -0.0052568645 0)
(0.61375946 -0.0041902793 0)
(0.6090585 -0.002849342 0)
(0.61523713 -0.0013055831 0)
(0.60599619 0.00085357358 0)
(0.61766774 0.0031698452 0)
(0.59978597 0.0067414892 0)
(0.62200842 0.010264362 0)
(0.58756465 0.016216145 0)
(0.63002251 0.021533037 0)
(0.56352715 0.031185406 0)
(0.64580875 0.038600914 0)
(0.51789337 0.053124126 0)
(0.69006242 0.060572978 0)
(0.47630031 0.078591359 0)
(0.50002882 -0.0057618093 0)
(0.50405446 -0.016325898 0)
(0.51122834 -0.024573336 0)
(0.52041458 -0.030049351 0)
(0.53009759 -0.033270304 0)
(0.53938017 -0.034885085 0)
(0.54795919 -0.03528855 0)
(0.55571991 -0.034738199 0)
(0.56255665 -0.033497032 0)
(0.56840328 -0.031833905 0)
(0.57328124 -0.029968341 0)
(0.57727785 -0.028050137 0)
(0.58051002 -0.026171097 0)
(0.58308498 -0.024386167 0)
(0.58510431 -0.022723394 0)
(0.58664519 -0.021195486 0)
(0.58778876 -0.019800514 0)
(0.58858374 -0.018533624 0)
(0.58910016 -0.017380999 0)
(0.58935668 -0.016334868 0)
(0.58942542 -0.01537762 0)
(0.58928861 -0.014505314 0)
(0.58904182 -0.013697294 0)
(0.58861216 -0.01295684 0)
(0.58815389 -0.012257157 0)
(0.58749686 -0.011612228 0)
(0.58691865 -0.010983244 0)
(0.58606587 -0.010400068 0)
(0.58546406 -0.0098028815 0)
(0.58440472 -0.0092449943 0)
(0.58390648 -0.0086331022 0)
(0.58256307 -0.0080530922 0)
(0.58237256 -0.0073636027 0)
(0.58054614 -0.0066887689 0)
(0.58103262 -0.0058300674 0)
(0.57828719 -0.0049364423 0)
(0.58015742 -0.0037721872 0)
(0.57558172 -0.0024377675 0)
(0.58022131 -0.00076877776 0)
(0.57194994 0.0014034521 0)
(0.58207663 0.0038384753 0)
(0.56629248 0.0075871615 0)
(0.58720234 0.011232924 0)
(0.55622051 0.017902947 0)
(0.59810016 0.023400605 0)
(0.53640328 0.035205597 0)
(0.61932415 0.043250323 0)
(0.49668134 0.063135883 0)
(0.66975717 0.072109419 0)
(0.45733035 0.10060347 0)
(0.49997166 -0.0087211419 0)
(0.50666376 -0.023734808 0)
(0.51753415 -0.033976538 0)
(0.52978254 -0.039856269 0)
(0.5410872 -0.042851666 0)
(0.55063657 -0.043891077 0)
(0.55838144 -0.043388464 0)
(0.56435182 -0.041701126 0)
(0.56856664 -0.03925476 0)
(0.57114256 -0.036438372 0)
(0.57231348 -0.033524961 0)
(0.57235552 -0.030679673 0)
(0.5715267 -0.027996117 0)
(0.57003843 -0.025524819 0)
(0.56806473 -0.023285093 0)
(0.56573771 -0.021277255 0)
(0.56316945 -0.019486768 0)
(0.56043481 -0.017895926 0)
(0.55760725 -0.01648054 0)
(0.55471948 -0.01522248 0)
(0.55182782 -0.014097101 0)
(0.5489305 -0.013092259 0)
(0.54608779 -0.012183228 0)
(0.54325924 -0.011366438 0)
(0.54053437 -0.010613543 0)
(0.5378132 -0.0099324968 0)
(0.53525524 -0.0092847963 0)
(0.53265237 -0.008695406 0)
(0.53031055 -0.008105049 0)
(0.52781119 -0.0075656867 0)
(0.52575889 -0.0069802816 0)
(0.52331208 -0.0064443028 0)
(0.52168604 -0.0057968265 0)
(0.51917139 -0.0052004518 0)
(0.51824716 -0.0043946565 0)
(0.5153916 -0.0036336793 0)
(0.51573941 -0.0025262844 0)
(0.51192174 -0.0014125916 0)
(0.51473254 0.00019919315 0)
(0.50850381 0.002023496 0)
(0.51633273 0.0044012294 0)
(0.50451835 0.0077310415 0)
(0.52272044 0.011243795 0)
(0.49816673 0.017738864 0)
(0.53768215 0.022828872 0)
(0.48498355 0.035837367 0)
(0.56761221 0.043214244 0)
(0.45551121 0.06857872 0)
(0.63075851 0.077760946 0)
(0.42535034 0.12018758 0)
(0.50000671 -0.015081154 0)
(0.51229901 -0.036853921 0)
(0.5276826 -0.048158745 0)
(0.54040013 -0.052828443 0)
(0.54840626 -0.053974088 0)
(0.5522338 -0.052728944 0)
(0.55279859 -0.049639385 0)
(0.55069314 -0.045377751 0)
(0.54639023 -0.040643173 0)
(0.54043394 -0.035941326 0)
(0.53339843 -0.031548954 0)
(0.52577404 -0.027591898 0)
(0.51792571 -0.024111562 0)
(0.51010486 -0.021102161 0)
(0.50248142 -0.018529137 0)
(0.49516022 -0.016344658 0)
(0.48820411 -0.014494701 0)
(0.48163637 -0.012928818 0)
(0.47546663 -0.011599056 0)
(0.46967783 -0.010467125 0)
(0.46426165 -0.0094960384 0)
(0.45918212 -0.0086607967 0)
(0.45443462 -0.0079322756 0)
(0.44996957 -0.00729736 0)
(0.44580176 -0.0067296685 0)
(0.44186048 -0.0062277005 0)
(0.43819963 -0.0057612521 0)
(0.43470512 -0.0053429807 0)
(0.43150545 -0.0049295113 0)
(0.42839522 -0.0045549206 0)
(0.42564942 -0.0041475165 0)
(0.42287053 -0.0037780315 0)
(0.42063204 -0.0033201966 0)
(0.41812723 -0.0029100713 0)
(0.41655902 -0.0023200378 0)
(0.41422609 -0.0018006264 0)
(0.4137063 -0.00094983692 0)
(0.41127827 -0.00020970767 0)
(0.41265063 0.001100504 0)
(0.40938252 0.002312991 0)
(0.41466033 0.0044166038 0)
(0.40852187 0.0066946446 0)
(0.42240512 0.009951558 0)
(0.40773453 0.014877894 0)
(0.44135963 0.019466848 0)
(0.40360982 0.031327079 0)
(0.48201777 0.036956729 0)
(0.38848398 0.065579966 0)
(0.56580565 0.072062937 0)
(0.37663015 0.1325503 0)
(0.50075539 -0.028684174 0)
(0.51622777 -0.056231885 0)
(0.52497382 -0.063686834 0)
(0.5219259 -0.063278517 0)
(0.51017538 -0.05951525 0)
(0.49415215 -0.053476847 0)
(0.47632409 -0.046042481 0)
(0.45779692 -0.038287405 0)
(0.43932108 -0.03103238 0)
(0.42160806 -0.0247065 0)
(0.40521057 -0.019466488 0)
(0.39040301 -0.015302225 0)
(0.3772356 -0.012101089 0)
(0.36562517 -0.0096981892 0)
(0.35542543 -0.007917768 0)
(0.34646571 -0.0066019753 0)
(0.33857564 -0.005621771 0)
(0.33159389 -0.0048800904 0)
(0.32538126 -0.0043058611 0)
(0.31981465 -0.0038507231 0)
(0.31479795 -0.0034795296 0)
(0.31024396 -0.0031707327 0)
(0.30609346 -0.0029059245 0)
(0.30228277 -0.0026769117 0)
(0.29878255 -0.0024709556 0)
(0.29553927 -0.0022875787 0)
(0.2925523 -0.0021131699 0)
(0.28976384 -0.0019543301 0)
(0.28721022 -0.0017908171 0)
(0.28480898 -0.0016395885 0)
(0.28265743 -0.0014654688 0)
(0.28061131 -0.0013041767 0)
(0.27888434 -0.0010906247 0)
(0.27719318 -0.000897131 0)
(0.27599175 -0.00060034931 0)
(0.274684 -0.00034762606 0)
(0.2742412 0.00010610373 0)
(0.27334722 0.00047249423 0)
(0.27418675 0.0012505431 0)
(0.27364243 0.0018538536 0)
(0.27696359 0.0032495559 0)
(0.27625379 0.0043186543 0)
(0.28507699 0.0068424065 0)
(0.28171244 0.0091747744 0)
(0.30454597 0.013439584 0)
(0.28865608 0.020531732 0)
(0.3508905 0.025148186 0)
(0.29022153 0.052120422 0)
(0.46054847 0.047450334 0)
(0.30397724 0.13458123 0)
(0.4606034 -0.018681257 0)
(0.43180705 -0.031303689 0)
(0.39028973 -0.029381796 0)
(0.3394084 -0.023428169 0)
(0.29179762 -0.017534157 0)
(0.25285173 -0.012345995 0)
(0.22210256 -0.0080606269 0)
(0.19796206 -0.0048799287 0)
(0.17923429 -0.0027301224 0)
(0.16492262 -0.0013644674 0)
(0.15407499 -0.00055693437 0)
(0.14582772 -0.00013205604 0)
(0.13947355 4.8757653e-05 0)
(0.13447237 9.1405759e-05 0)
(0.13043147 6.8365482e-05 0)
(0.12707502 2.2538475e-05 0)
(0.12421451 -2.4237898e-05 0)
(0.12172213 -6.3082821e-05 0)
(0.11951261 -9.1465896e-05 0)
(0.1175271 -0.00011036605 0)
(0.11572613 -0.00012122715 0)
(0.1140796 -0.00012644362 0)
(0.11256788 -0.0001269561 0)
(0.11117242 -0.00012488446 0)
(0.10988394 -0.00011977102 0)
(0.10868844 -0.00011382719 0)
(0.10758484 -0.00010484458 0)
(0.10655977 -9.6112501e-05 0)
(0.10562216 -8.2777162e-05 0)
(0.10475512 -7.0804872e-05 0)
(0.10398354 -5.0547489e-05 0)
(0.10327974 -3.3584985e-05 0)
(0.10269766 -8.1380945e-07 0)
(0.10218143 2.3939294e-05 0)
(0.10184391 7.5217897e-05 0)
(0.10157622 0.00010305538 0)
(0.10162026 0.00018960736 0)
(0.10171657 0.00024128365 0)
(0.10237671 0.00042038036 0)
(0.10300356 0.0005013077 0)
(0.10480861 0.00086446766 0)
(0.10626126 0.00099110419 0)
(0.11042834 0.0017924313 0)
(0.11304126 0.0020082612 0)
(0.12287363 0.0039728733 0)
(0.12607007 0.0044212187 0)
(0.15393331 0.0095421696 0)
(0.14625967 0.012477642 0)
(0.2563059 0.017822169 0)
(0.19398054 0.054232902 0)
(0.68587975 -0.018596014 0)
(0.82980655 0.024240807 0)
(0.77055365 0.044292282 0)
(0.6749388 0.045409835 0)
(0.60429931 0.037450518 0)
(0.56091487 0.028258514 0)
(0.52955145 0.021436452 0)
(0.49919725 0.017127838 0)
(0.46765953 0.014226467 0)
(0.43681968 0.011616773 0)
(0.40884231 0.0089012989 0)
(0.3847264 0.0062813585 0)
(0.3644058 0.0040659433 0)
(0.3474111 0.0024139214 0)
(0.33321867 0.001296797 0)
(0.32135073 0.00058519489 0)
(0.31139302 0.00014555679 0)
(0.30299314 -0.00011557283 0)
(0.29585547 -0.0002535999 0)
(0.28973192 -0.00030345331 0)
(0.28441665 -0.00029223447 0)
(0.27973994 -0.0002432078 0)
(0.27556752 -0.0001756087 0)
(0.27179333 -0.00010323329 0)
(0.2683382 -3.4747196e-05 0)
(0.26513999 2.5521175e-05 0)
(0.26215572 7.5656243e-05 0)
(0.25934933 0.00011590519 0)
(0.25669947 0.00014670814 0)
(0.25418313 0.00016982778 0)
(0.25179185 0.00018585684 0)
(0.24950721 0.00019703525 0)
(0.24732983 0.00020322906 0)
(0.24524002 0.00020713302 0)
(0.24324735 0.00020735019 0)
(0.24132554 0.00020751542 0)
(0.23949625 0.00020429128 0)
(0.23771971 0.00020326348 0)
(0.23603705 0.000197955 0)
(0.23438389 0.00019774828 0)
(0.23283498 0.00019071848 0)
(0.2312813 0.00019343284 0)
(0.2298582 0.00018403473 0)
(0.2283738 0.00019283784 0)
(0.22707727 0.00017894323 0)
(0.22561534 0.00020042912 0)
(0.22446602 0.00017702382 0)
(0.22292594 0.0002301291 0)
(0.22201262 0.0001848313 0)
(0.22000436 0.00034192754 0)
(0.82220888 -0.11272704 0)
(1.0431174 -0.038330481 0)
(1.0423081 0.020679879 0)
(0.9971139 0.048207786 0)
(0.9685964 0.054793035 0)
(0.95976499 0.052581566 0)
(0.95807274 0.049346271 0)
(0.95347278 0.047448991 0)
(0.94304326 0.04633359 0)
(0.92797061 0.044722925 0)
(0.91059798 0.041934266 0)
(0.89268044 0.038110071 0)
(0.87501069 0.033794754 0)
(0.85785405 0.029516064 0)
(0.84129869 0.025590092 0)
(0.82541246 0.022127864 0)
(0.81027883 0.019126193 0)
(0.79597184 0.016545832 0)
(0.7825365 0.014347348 0)
(0.76997558 0.012495637 0)
(0.75826431 0.010955228 0)
(0.74735184 0.009686859 0)
(0.7371852 0.0086491873 0)
(0.72770035 0.0078015598 0)
(0.71884467 0.007106576 0)
(0.71055373 0.006532243 0)
(0.70278514 0.0060520315 0)
(0.6954771 0.0056455171 0)
(0.68860282 0.0052960036 0)
(0.68210084 0.0049919505 0)
(0.67596432 0.004722775 0)
(0.67012566 0.0044829994 0)
(0.66460414 0.0042650475 0)
(0.65931494 0.0040679859 0)
(0.65431427 0.0038847769 0)
(0.6494822 0.0037186798 0)
(0.64493178 0.0035608484 0)
(0.64047831 0.0034195816 0)
(0.63632811 0.0032814882 0)
(0.63218023 0.0031622484 0)
(0.62840122 0.003040086 0)
(0.62448075 0.0029424503 0)
(0.62107116 0.0028333533 0)
(0.61727727 0.0027593297 0)
(0.61428037 0.002661302 0)
(0.61045552 0.0026165592 0)
(0.60800264 0.0025302001 0)
(0.60385937 0.002529366 0)
(0.60226859 0.0024663518 0)
(0.59722832 0.0025617617 0)
(0.89496667 -0.11260283 0)
(1.1221728 -0.053080907 0)
(1.1154967 0.0017607944 0)
(1.0661536 0.031984432 0)
(1.0440623 0.043341365 0)
(1.0493028 0.045378206 0)
(1.0655427 0.045333091 0)
(1.0798572 0.045861126 0)
(1.0877856 0.046797497 0)
(1.0900367 0.047163168 0)
(1.0889133 0.046309544 0)
(1.0862159 0.044246453 0)
(1.0827496 0.041408845 0)
(1.0786727 0.038293375 0)
(1.0739473 0.035243232 0)
(1.0685799 0.032413481 0)
(1.0626803 0.029837174 0)
(1.0564037 0.027497795 0)
(1.0499081 0.025375076 0)
(1.0433066 0.023455037 0)
(1.0366879 0.02172936 0)
(1.0300968 0.020186295 0)
(1.023581 0.018812006 0)
(1.0171529 0.017587215 0)
(1.0108489 0.016493928 0)
(1.0046605 0.015512291 0)
(0.99862546 0.014627982 0)
(0.9927139 0.013825527 0)
(0.98697385 0.013096096 0)
(0.98134892 0.012427821 0)
(0.97591081 0.01181608 0)
(0.97056574 0.011250861 0)
(0.96542809 0.010730876 0)
(0.96034629 0.010246715 0)
(0.95550621 0.009800248 0)
(0.95066324 0.0093814505 0)
(0.94612115 0.0089957433 0)
(0.94148334 0.008630929 0)
(0.93724789 0.0082972007 0)
(0.93276792 0.0079778795 0)
(0.92886301 0.0076905524 0)
(0.92447154 0.0074103119 0)
(0.92094756 0.0071669599 0)
(0.91653831 0.0069212215 0)
(0.91349081 0.0067232407 0)
(0.90889598 0.0065101766 0)
(0.90649688 0.006364333 0)
(0.90144929 0.006189053 0)
(0.89999906 0.0061096216 0)
(0.89407932 0.0059946364 0)
(0.94621383 -0.10734349 0)
(1.1790331 -0.064254625 0)
(1.1640618 -0.018968442 0)
(1.1005689 0.010497089 0)
(1.0694866 0.025181302 0)
(1.0728864 0.030920903 0)
(1.0922815 0.033553542 0)
(1.1118389 0.035788233 0)
(1.125526 0.03797755 0)
(1.1336381 0.039595033 0)
(1.1386132 0.040152629 0)
(1.1424493 0.039591492 0)
(1.1459808 0.038200247 0)
(1.1492236 0.036369831 0)
(1.1519295 0.034413214 0)
(1.1539186 0.032500622 0)
(1.1551819 0.030694487 0)
(1.1558129 0.028999752 0)
(1.1559469 0.027412918 0)
(1.1556866 0.025930647 0)
(1.1551188 0.024559381 0)
(1.1542826 0.023298138 0)
(1.15323 0.022148396 0)
(1.1519713 0.021097757 0)
(1.1505574 0.020141473 0)
(1.1489816 0.019261694 0)
(1.1473037 0.0184561 0)
(1.1454929 0.017706262 0)
(1.1436256 0.017015946 0)
(1.1416378 0.016365418 0)
(1.1396367 0.015765337 0)
(1.1375116 0.015192115 0)
(1.1354217 0.014664689 0)
(1.1331867 0.014152667 0)
(1.1310486 0.013685897 0)
(1.1287204 0.013223297 0)
(1.1265742 0.012809612 0)
(1.124158 0.012387684 0)
(1.1220466 0.012023011 0)
(1.1195338 0.011634935 0)
(1.1175076 0.011318151 0)
(1.1148712 0.010958524 0)
(1.1129943 0.010691465 0)
(1.1101824 0.010356457 0)
(1.1085414 0.01014433 0)
(1.1054683 0.0098329967 0)
(1.1041845 0.0096850223 0)
(1.1007202 0.0094015681 0)
(1.0999682 0.0093288588 0)
(1.0959253 0.0090804289 0)
(0.98148634 -0.092015818 0)
(1.2202116 -0.062139956 0)
(1.2025302 -0.026551122 0)
(1.1286756 -0.00055730438 0)
(1.0880321 0.01456693 0)
(1.0859953 0.021831094 0)
(1.1038191 0.025523362 0)
(1.1236939 0.028175945 0)
(1.1381878 0.0304842 0)
(1.1471146 0.032294529 0)
(1.1529865 0.033284671 0)
(1.15806 0.033359722 0)
(1.1633253 0.032687934 0)
(1.168793 0.031552495 0)
(1.1741009 0.030216581 0)
(1.178939 0.028844745 0)
(1.1831945 0.02751577 0)
(1.1869066 0.026247863 0)
(1.1901776 0.025047822 0)
(1.1930999 0.023913515 0)
(1.1957388 0.022856397 0)
(1.1981259 0.02187538 0)
(1.2002864 0.020979765 0)
(1.2022304 0.020157043 0)
(1.2039815 0.019411252 0)
(1.205546 0.018721435 0)
(1.2069522 0.018094404 0)
(1.2081969 0.017505236 0)
(1.2093128 0.016968387 0)
(1.2102822 0.016454248 0)
(1.2111482 0.015986912 0)
(1.211874 0.01552906 0)
(1.2125221 0.015116788 0)
(1.2130292 0.014701421 0)
(1.2134884 0.014334622 0)
(1.2137972 0.013951779 0)
(1.214095 0.013624862 0)
(1.2142218 0.01326749 0)
(1.2143855 0.01297804 0)
(1.214342 0.012641171 0)
(1.2143994 0.012389304 0)
(1.2141929 0.012069775 0)
(1.2141731 0.011857943 0)
(1.2138059 0.01155474 0)
(1.2137402 0.011387811 0)
(1.2132102 0.011103188 0)
(1.2131334 0.010988309 0)
(1.2124357 0.010728303 0)
(1.2123847 0.010671568 0)
(1.2115117 0.010442644 0)
(1.0041707 -0.07273157 0)
(1.2481788 -0.053018721 0)
(1.2308838 -0.026753228 0)
(1.1505519 -0.0059354664 0)
(1.1026663 0.0075007908 0)
(1.0955307 0.014797377 0)
(1.110995 0.018733629 0)
(1.1301206 0.021372517 0)
(1.1443632 0.023507674 0)
(1.1530206 0.025213421 0)
(1.1585404 0.026306489 0)
(1.1633539 0.026686895 0)
(1.1686111 0.02643869 0)
(1.1743854 0.025753755 0)
(1.1802707 0.024840762 0)
(1.1858884 0.023847073 0)
(1.1910474 0.022857678 0)
(1.1957582 0.02190001 0)
(1.2000926 0.020988232 0)
(1.2041544 0.020120624 0)
(1.2079854 0.019309741 0)
(1.2116354 0.018553166 0)
(1.2150923 0.017863458 0)
(1.2183935 0.017228703 0)
(1.221514 0.016657542 0)
(1.2245062 0.016129039 0)
(1.2273333 0.015654116 0)
(1.2300635 0.015206766 0)
(1.2326374 0.014805081 0)
(1.2351426 0.014417813 0)
(1.2374891 0.014072229 0)
(1.239795 0.013729419 0)
(1.2419303 0.01342772 0)
(1.2440584 0.01311775 0)
(1.2459936 0.012851562 0)
(1.2479648 0.012566096 0)
(1.2497073 0.012330278 0)
(1.2515432 0.01206368 0)
(1.2530958 0.011855689 0)
(1.2548208 0.011604484 0)
(1.256181 0.011423766 0)
(1.2578245 0.011186511 0)
(1.258983 0.011034313 0)
(1.2605822 0.010811883 0)
(1.2615202 0.010691149 0)
(1.263125 0.010487441 0)
(1.2638105 0.010402476 0)
(1.2654887 0.010224348 0)
(1.2658691 0.010179165 0)
(1.2677134 0.010036939 0)
(1.0176269 -0.053324127 0)
(1.2659366 -0.04102028 0)
(1.2503054 -0.022974691 0)
(1.1662274 -0.0075880447 0)
(1.1134158 0.0031336242 0)
(1.1022993 0.0094873337 0)
(1.1155697 0.013096116 0)
(1.1337815 0.015453304 0)
(1.1476158 0.017273431 0)
(1.1559163 0.018731491 0)
(1.1609913 0.019744951 0)
(1.1653572 0.020230414 0)
(1.1702808 0.020221569 0)
(1.1759083 0.019840316 0)
(1.1818202 0.019241131 0)
(1.1876015 0.018544898 0)
(1.192999 0.017830462 0)
(1.1980037 0.017128201 0)
(1.2026562 0.016454899 0)
(1.2070781 0.015809803 0)
(1.2112874 0.01520389 0)
(1.2153623 0.014634843 0)
(1.2192539 0.014114681 0)
(1.2230369 0.013634403 0)
(1.2266353 0.013203055 0)
(1.2301575 0.012803946 0)
(1.2334981 0.012447127 0)
(1.236806 0.012111516 0)
(1.2399261 0.011812226 0)
(1.2430593 0.011524318 0)
(1.2459812 0.011269427 0)
(1.2489681 0.011017349 0)
(1.251702 0.010797211 0)
(1.2545673 0.010572006 0)
(1.2571164 0.010379679 0)
(1.2598853 0.01017489 0)
(1.2622461 0.010005781 0)
(1.2649468 0.0098171642 0)
(1.2671085 0.0096686441 0)
(1.2697747 0.0094938388 0)
(1.2717171 0.0093647856 0)
(1.2743917 0.0092032411 0)
(1.2760838 0.0090939349 0)
(1.278823 0.0089470544 0)
(1.2802186 0.0088590379 0)
(1.2830982 0.0087305872 0)
(1.2841312 0.0086666003 0)
(1.2872531 0.0085629158 0)
(1.2878293 0.0085271272 0)
(1.2913321 0.0084593319 0)
(1.0249156 -0.035756816 0)
(1.2763839 -0.028587643 0)
(1.2626848 -0.017251367 0)
(1.1768045 -0.0068412596 0)
(1.1208412 0.00085544899 0)
(1.1068786 0.0057000411 0)
(1.118393 0.0085615742 0)
(1.1357734 0.010416043 0)
(1.1492141 0.011806299 0)
(1.1572158 0.01291462 0)
(1.1619413 0.013718518 0)
(1.1659358 0.014160569 0)
(1.1705421 0.014249692 0)
(1.1759686 0.014057749 0)
(1.1817961 0.013689066 0)
(1.1875907 0.013232275 0)
(1.1930526 0.012749932 0)
(1.1981571 0.012268968 0)
(1.2029166 0.01180439 0)
(1.2074656 0.011356464 0)
(1.2118032 0.010933193 0)
(1.2160306 0.010533215 0)
(1.2200711 0.010165678 0)
(1.224029 0.0098252107 0)
(1.2277896 0.0095186984 0)
(1.231504 0.0092352585 0)
(1.2350159 0.0089816697 0)
(1.2385342 0.0087440227 0)
(1.241835 0.00853192 0)
(1.2452009 0.0083293048 0)
(1.2483137 0.0081495134 0)
(1.25156 0.0079737312 0)
(1.2544943 0.0078193326 0)
(1.2576499 0.0076641167 0)
(1.2604071 0.0075299338 0)
(1.2635018 0.007390727 0)
(1.2660751 0.0072731667 0)
(1.2691425 0.0071470161 0)
(1.2715161 0.0070438769 0)
(1.2745963 0.0069292374 0)
(1.2767437 0.0068394076 0)
(1.279887 0.0067360817 0)
(1.2817685 0.0066594826 0)
(1.2850407 0.0065686532 0)
(1.2865996 0.0065061554 0)
(1.2900883 0.0064306755 0)
(1.2912455 0.0063843408 0)
(1.2950674 0.0063292383 0)
(1.2957141 0.0063031053 0)
(1.3000264 0.0062769664 0)
(1.0284471 -0.020378647 0)
(1.2819774 -0.016729147 0)
(1.2698509 -0.010591945 0)
(1.1832675 -0.0046315071 0)
(1.1255032 -2.5724398e-05 0)
(1.1097329 0.002991868 0)
(1.1200371 0.0048206719 0)
(1.1367965 0.0060040671 0)
(1.1499307 0.0068760124 0)
(1.1577172 0.007566795 0)
(1.1622064 0.0080785736 0)
(1.1659464 0.0083795805 0)
(1.1703235 0.0084699254 0)
(1.1755897 0.0083866159 0)
(1.1813315 0.008189247 0)
(1.1871062 0.0079315241 0)
(1.1925839 0.0076531741 0)
(1.1977276 0.0073725656 0)
(1.2025301 0.0070998481 0)
(1.2071326 0.0068357144 0)
(1.2115218 0.0065848618 0)
(1.2158135 0.0063467902 0)
(1.2199135 0.0061269791 0)
(1.2239442 0.005922919 0)
(1.2277674 0.0057386298 0)
(1.2315588 0.005568377 0)
(1.2351328 0.0054156769 0)
(1.2387322 0.0052731082 0)
(1.2420949 0.0051454335 0)
(1.2455483 0.0050243062 0)
(1.2487235 0.0049162272 0)
(1.2520664 0.0048117353 0)
(1.2550641 0.0047190908 0)
(1.2583279 0.0046275245 0)
(1.2611494 0.004547131 0)
(1.2643669 0.0044657772 0)
(1.2670049 0.0043953732 0)
(1.2702125 0.0043224837 0)
(1.2726502 0.0042606515 0)
(1.2758913 0.0041953427 0)
(1.2781005 0.0041413346 0)
(1.2814293 0.0040835315 0)
(1.2833677 0.0040372444 0)
(1.2868543 0.0039876781 0)
(1.2884621 0.0039496171 0)
(1.2921993 0.0039100404 0)
(1.2933937 0.0038816399 0)
(1.2975046 0.0038552724 0)
(1.2981725 0.0038393679 0)
(1.302821 0.003831207 0)
(1.0298231 -0.0066020065 0)
(1.284368 -0.0054940765 0)
(1.2731049 -0.0035613446 0)
(1.1863178 -0.0016271309 0)
(1.1277518 -9.6841439e-05 0)
(1.1111103 0.00092650105 0)
(1.1207996 0.0015545955 0)
(1.1372289 0.0019609771 0)
(1.1501961 0.0022579942 0)
(1.1578694 0.0024923755 0)
(1.1622396 0.0026675328 0)
(1.1658508 0.0027735179 0)
(1.1701092 0.0028095901 0)
(1.1752887 0.0027870723 0)
(1.1809804 0.0027252596 0)
(1.1867381 0.0026420984 0)
(1.1922176 0.002551154 0)
(1.1973753 0.0024589293 0)
(1.2021941 0.0023689905 0)
(1.2068174 0.0022816866 0)
(1.2112267 0.0021985432 0)
(1.2155437 0.0021194742 0)
(1.2196672 0.0020462769 0)
(1.2237266 0.001978261 0)
(1.2275739 0.0019167187 0)
(1.2313948 0.0018599059 0)
(1.2349916 0.0018088641 0)
(1.2386209 0.0017613135 0)
(1.2420048 0.0017186299 0)
(1.2454893 0.0016782939 0)
(1.2486848 0.001642167 0)
(1.252061 0.0016074584 0)
(1.2550782 0.0015765012 0)
(1.2583786 0.0015461944 0)
(1.261219 0.0015193345 0)
(1.2644774 0.0014925257 0)
(1.2671338 0.0014689942 0)
(1.2703879 0.0014451047 0)
(1.2728434 0.0014244155 0)
(1.2761379 0.0014031527 0)
(1.2783637 0.0013850496 0)
(1.2817543 0.0013663941 0)
(1.2837077 0.0013508375 0)
(1.2872662 0.0013350332 0)
(1.2888868 0.0013222019 0)
(1.2927078 0.0013098434 0)
(1.293912 0.0013002614 0)
(1.298121 0.0012924534 0)
(1.2987945 0.0012871184 0)
(1.3035578 0.0012854595 0)
(1.0298231 0.0066020097 0)
(1.284368 0.0054940812 0)
(1.2731049 0.0035613506 0)
(1.1863178 0.0016271374 0)
(1.1277518 9.6847079e-05 0)
(1.1111103 -0.00092649867 0)
(1.1207996 -0.0015545989 0)
(1.1372289 -0.0019609875 0)
(1.1501961 -0.0022580112 0)
(1.1578694 -0.0024923956 0)
(1.1622396 -0.0026675511 0)
(1.1658508 -0.0027735288 0)
(1.1701092 -0.0028095908 0)
(1.1752888 -0.0027870596 0)
(1.1809803 -0.0027252396 0)
(1.1867381 -0.0026420718 0)
(1.1922176 -0.0025511314 0)
(1.1973753 -0.002458915 0)
(1.202194 -0.0023689919 0)
(1.2068175 -0.0022816981 0)
(1.2112267 -0.0021985674 0)
(1.2155437 -0.0021195021 0)
(1.2196672 -0.0020463002 0)
(1.2237266 -0.0019782786 0)
(1.2275739 -0.0019167238 0)
(1.2313949 -0.001859903 0)
(1.2349916 -0.0018088513 0)
(1.2386209 -0.0017613003 0)
(1.2420048 -0.001718616 0)
(1.2454893 -0.0016782842 0)
(1.2486848 -0.0016421654 0)
(1.252061 -0.0016074631 0)
(1.2550782 -0.001576512 0)
(1.2583786 -0.0015462059 0)
(1.261219 -0.0015193457 0)
(1.2644774 -0.0014925335 0)
(1.2671338 -0.0014689974 0)
(1.2703879 -0.0014451042 0)
(1.2728434 -0.0014244126 0)
(1.2761379 -0.00140315 0)
(1.2783637 -0.001385049 0)
(1.2817543 -0.0013663972 0)
(1.2837077 -0.0013508438 0)
(1.2872662 -0.0013350401 0)
(1.2888868 -0.0013222068 0)
(1.2927078 -0.0013098448 0)
(1.293912 -0.0013002578 0)
(1.298121 -0.0012924477 0)
(1.2987945 -0.00128711 0)
(1.3035578 -0.0012854529 0)
(1.0284471 0.02037865 0)
(1.2819774 0.016729152 0)
(1.2698509 0.01059195 0)
(1.1832675 0.0046315133 0)
(1.1255032 2.5729654e-05 0)
(1.1097329 -0.0029918662 0)
(1.1200371 -0.0048206759 0)
(1.1367965 -0.0060040779 0)
(1.1499307 -0.0068760286 0)
(1.1577172 -0.0075668127 0)
(1.1622064 -0.0080785881 0)
(1.1659464 -0.0083795861 0)
(1.1703235 -0.0084699194 0)
(1.1755897 -0.0083865996 0)
(1.1813315 -0.0081892235 0)
(1.1871062 -0.0079315018 0)
(1.1925839 -0.0076531589 0)
(1.1977276 -0.0073725617 0)
(1.2025301 -0.007099856 0)
(1.2071326 -0.0068357343 0)
(1.2115219 -0.006584886 0)
(1.2158134 -0.0063468137 0)
(1.2199136 -0.0061269982 0)
(1.2239442 -0.0059229274 0)
(1.2277675 -0.005738629 0)
(1.2315588 -0.0055683669 0)
(1.2351329 -0.0054156633 0)
(1.2387322 -0.0052730928 0)
(1.2420948 -0.0051454225 0)
(1.2455483 -0.0050243023 0)
(1.2487234 -0.0049162298 0)
(1.2520664 -0.004811744 0)
(1.2550641 -0.0047191021 0)
(1.2583279 -0.0046275368 0)
(1.2611494 -0.0045471402 0)
(1.2643669 -0.0044657813 0)
(1.2670049 -0.0043953726 0)
(1.2702125 -0.0043224809 0)
(1.2726502 -0.0042606496 0)
(1.2758913 -0.0041953425 0)
(1.2781005 -0.0041413375 0)
(1.2814293 -0.0040835375 0)
(1.2833677 -0.0040372513 0)
(1.2868543 -0.0039876826 0)
(1.2884621 -0.0039496179 0)
(1.2921993 -0.0039100387 0)
(1.2933937 -0.0038816358 0)
(1.2975046 -0.0038552687 0)
(1.2981725 -0.0038393629 0)
(1.302821 -0.0038312036 0)
(1.0249156 0.035756819 0)
(1.2763839 0.028587647 0)
(1.2626848 0.017251373 0)
(1.1768045 0.006841265 0)
(1.1208412 -0.00085544546 0)
(1.1068785 -0.0057000412 0)
(1.118393 -0.0085615796 0)
(1.1357734 -0.010416054 0)
(1.1492141 -0.011806312 0)
(1.1572158 -0.012914632 0)
(1.1619413 -0.013718524 0)
(1.1659358 -0.014160567 0)
(1.1705421 -0.014249681 0)
(1.1759686 -0.014057734 0)
(1.181796 -0.013689048 0)
(1.1875907 -0.013232265 0)
(1.1930526 -0.012749929 0)
(1.1981571 -0.012268978 0)
(1.2029165 -0.011804405 0)
(1.2074656 -0.011356485 0)
(1.2118031 -0.01093321 0)
(1.2160307 -0.010533227 0)
(1.2200711 -0.010165684 0)
(1.224029 -0.0098252067 0)
(1.2277896 -0.0095186906 0)
(1.231504 -0.0092352457 0)
(1.2350159 -0.00898166 0)
(1.2385341 -0.0087440147 0)
(1.241835 -0.0085319187 0)
(1.2452009 -0.0083293093 0)
(1.2483137 -0.0081495219 0)
(1.25156 -0.0079737427 0)
(1.2544943 -0.0078193422 0)
(1.2576499 -0.0076641238 0)
(1.2604071 -0.0075299361 0)
(1.2635018 -0.0073907254 0)
(1.2660751 -0.0072731636 0)
(1.2691426 -0.0071470147 0)
(1.2715161 -0.0070438794 0)
(1.2745963 -0.006929243 0)
(1.2767437 -0.0068394145 0)
(1.279887 -0.0067360878 0)
(1.2817685 -0.0066594866 0)
(1.2850407 -0.0065686526 0)
(1.2865996 -0.0065061519 0)
(1.2900883 -0.0064306724 0)
(1.2912455 -0.0063843397 0)
(1.2950674 -0.0063292397 0)
(1.2957141 -0.0063031067 0)
(1.3000264 -0.0062769688 0)
(1.0176269 0.05332413 0)
(1.2659366 0.041020284 0)
(1.2503054 0.022974695 0)
(1.1662274 0.0075880482 0)
(1.1134158 -0.0031336234 0)
(1.1022993 -0.0094873366 0)
(1.1155697 -0.013096123 0)
(1.1337815 -0.015453312 0)
(1.1476158 -0.017273438 0)
(1.1559163 -0.018731493 0)
(1.1609914 -0.019744949 0)
(1.1653572 -0.020230406 0)
(1.1702808 -0.02022156 0)
(1.1759083 -0.019840308 0)
(1.1818203 -0.019241129 0)
(1.1876015 -0.018544901 0)
(1.192999 -0.017830473 0)
(1.1980037 -0.017128213 0)
(1.2026562 -0.016454912 0)
(1.2070781 -0.015809811 0)
(1.2112875 -0.015203894 0)
(1.2153623 -0.01463484 0)
(1.2192539 -0.014114674 0)
(1.2230369 -0.013634395 0)
(1.2266353 -0.013203047 0)
(1.2301575 -0.012803943 0)
(1.2334981 -0.012447126 0)
(1.236806 -0.012111521 0)
(1.2399261 -0.011812235 0)
(1.2430593 -0.011524329 0)
(1.2459811 -0.011269437 0)
(1.2489681 -0.011017355 0)
(1.251702 -0.010797213 0)
(1.2545673 -0.010572003 0)
(1.2571164 -0.010379674 0)
(1.2598853 -0.010174886 0)
(1.2622462 -0.01000578 0)
(1.2649468 -0.009817169 0)
(1.2671085 -0.0096686521 0)
(1.2697746 -0.0094938479 0)
(1.2717171 -0.0093647932 0)
(1.2743917 -0.0092032445 0)
(1.2760838 -0.0090939329 0)
(1.278823 -0.0089470506 0)
(1.2802186 -0.008859035 0)
(1.2830982 -0.0087305869 0)
(1.2841312 -0.0086666043 0)
(1.2872531 -0.008562921 0)
(1.2878293 -0.0085271336 0)
(1.2913322 -0.0084593394 0)
(1.0041707 0.072731573 0)
(1.2481788 0.053018725 0)
(1.2308838 0.026753231 0)
(1.1505519 0.0059354667 0)
(1.1026663 -0.0075007935 0)
(1.0955307 -0.014797382 0)
(1.110995 -0.018733635 0)
(1.1301206 -0.021372521 0)
(1.1443632 -0.023507673 0)
(1.1530206 -0.025213415 0)
(1.1585405 -0.026306479 0)
(1.163354 -0.026686885 0)
(1.1686111 -0.026438683 0)
(1.1743854 -0.025753757 0)
(1.1802707 -0.024840771 0)
(1.1858883 -0.023847089 0)
(1.1910474 -0.022857694 0)
(1.1957582 -0.021900025 0)
(1.2000925 -0.020988239 0)
(1.2041544 -0.020120624 0)
(1.2079854 -0.019309732 0)
(1.2116354 -0.018553153 0)
(1.2150923 -0.017863446 0)
(1.2183936 -0.017228693 0)
(1.221514 -0.01665754 0)
(1.2245062 -0.016129041 0)
(1.2273333 -0.015654126 0)
(1.2300635 -0.015206779 0)
(1.2326374 -0.014805095 0)
(1.2351426 -0.014417824 0)
(1.2374891 -0.014072235 0)
(1.239795 -0.013729419 0)
(1.2419303 -0.013427714 0)
(1.2440584 -0.013117742 0)
(1.2459936 -0.012851556 0)
(1.2479648 -0.012566094 0)
(1.2497073 -0.012330283 0)
(1.2515432 -0.012063688 0)
(1.2530958 -0.011855698 0)
(1.2548208 -0.011604492 0)
(1.256181 -0.01142377 0)
(1.2578245 -0.01118651 0)
(1.258983 -0.011034311 0)
(1.2605822 -0.010811879 0)
(1.2615202 -0.010691148 0)
(1.263125 -0.010487444 0)
(1.2638105 -0.010402482 0)
(1.2654887 -0.010224354 0)
(1.2658691 -0.010179174 0)
(1.2677134 -0.010036948 0)
(0.98148634 0.09201582 0)
(1.2202116 0.062139957 0)
(1.2025302 0.026551121 0)
(1.1286756 0.0005573011 0)
(1.0880321 -0.014566935 0)
(1.0859953 -0.0218311 0)
(1.1038191 -0.025523366 0)
(1.1236939 -0.028175943 0)
(1.1381878 -0.030484191 0)
(1.1471146 -0.032294515 0)
(1.1529865 -0.033284657 0)
(1.15806 -0.033359711 0)
(1.1633253 -0.032687932 0)
(1.168793 -0.031552503 0)
(1.1741009 -0.0302166 0)
(1.178939 -0.028844767 0)
(1.1831944 -0.027515793 0)
(1.1869065 -0.026247878 0)
(1.1901776 -0.025047828 0)
(1.1931 -0.023913509 0)
(1.1957388 -0.022856385 0)
(1.198126 -0.021875363 0)
(1.2002864 -0.020979749 0)
(1.2022304 -0.020157035 0)
(1.2039815 -0.01941125 0)
(1.205546 -0.018721443 0)
(1.2069522 -0.018094416 0)
(1.2081969 -0.017505252 0)
(1.2093128 -0.0169684 0)
(1.2102822 -0.016454255 0)
(1.2111482 -0.015986913 0)
(1.211874 -0.015529054 0)
(1.2125221 -0.015116781 0)
(1.2130292 -0.014701415 0)
(1.2134884 -0.014334621 0)
(1.2137972 -0.013951783 0)
(1.214095 -0.013624869 0)
(1.2142218 -0.013267498 0)
(1.2143855 -0.012978046 0)
(1.214342 -0.012641174 0)
(1.2143994 -0.012389304 0)
(1.2141929 -0.012069774 0)
(1.214173 -0.011857941 0)
(1.2138059 -0.01155474 0)
(1.2137402 -0.011387813 0)
(1.2132102 -0.011103191 0)
(1.2131334 -0.010988315 0)
(1.2124357 -0.010728309 0)
(1.2123847 -0.010671577 0)
(1.2115117 -0.01044265 0)
(0.94621382 0.10734349 0)
(1.1790331 0.064254623 0)
(1.1640618 0.018968438 0)
(1.1005689 -0.010497095 0)
(1.0694866 -0.02518131 0)
(1.0728864 -0.03092091 0)
(1.0922815 -0.033553543 0)
(1.1118389 -0.035788226 0)
(1.125526 -0.037977534 0)
(1.1336382 -0.039595014 0)
(1.1386132 -0.040152613 0)
(1.1424493 -0.039591486 0)
(1.1459808 -0.038200255 0)
(1.1492236 -0.036369851 0)
(1.1519295 -0.034413241 0)
(1.1539186 -0.032500648 0)
(1.1551819 -0.030694505 0)
(1.1558129 -0.028999759 0)
(1.1559469 -0.027412912 0)
(1.1556865 -0.025930634 0)
(1.1551188 -0.024559363 0)
(1.1542826 -0.023298123 0)
(1.15323 -0.022148385 0)
(1.1519712 -0.021097755 0)
(1.1505575 -0.020141478 0)
(1.1489816 -0.019261705 0)
(1.1473037 -0.018456115 0)
(1.1454929 -0.017706273 0)
(1.1436255 -0.017015955 0)
(1.1416378 -0.016365418 0)
(1.1396367 -0.015765335 0)
(1.1375116 -0.015192109 0)
(1.1354217 -0.014664684 0)
(1.1331867 -0.014152666 0)
(1.1310486 -0.013685898 0)
(1.1287204 -0.013223304 0)
(1.1265742 -0.012809619 0)
(1.124158 -0.012387689 0)
(1.1220466 -0.012023014 0)
(1.1195338 -0.011634935 0)
(1.1175076 -0.011318151 0)
(1.1148712 -0.010958521 0)
(1.1129943 -0.010691463 0)
(1.1101824 -0.010356459 0)
(1.1085413 -0.010144334 0)
(1.1054683 -0.0098330022 0)
(1.1041845 -0.009685029 0)
(1.1007202 -0.0094015751 0)
(1.0999682 -0.0093288629 0)
(1.0959253 -0.0090804311 0)
(0.89496667 0.11260283 0)
(1.1221728 0.053080905 0)
(1.1154967 -0.0017607988 0)
(1.0661536 -0.03198444 0)
(1.0440623 -0.043341374 0)
(1.0493028 -0.045378212 0)
(1.0655427 -0.045333089 0)
(1.0798572 -0.045861113 0)
(1.0877857 -0.046797476 0)
(1.0900367 -0.047163147 0)
(1.0889133 -0.046309533 0)
(1.0862159 -0.044246458 0)
(1.0827496 -0.041408865 0)
(1.0786727 -0.038293404 0)
(1.0739473 -0.035243259 0)
(1.0685799 -0.032413499 0)
(1.0626802 -0.029837177 0)
(1.0564037 -0.027497786 0)
(1.049908 -0.025375059 0)
(1.0433066 -0.023455018 0)
(1.0366879 -0.021729345 0)
(1.0300968 -0.020186287 0)
(1.023581 -0.018812006 0)
(1.0171529 -0.017587222 0)
(1.0108488 -0.01649394 0)
(1.0046606 -0.015512303 0)
(0.99862543 -0.014627994 0)
(0.99271391 -0.013825533 0)
(0.98697382 -0.013096098 0)
(0.98134892 -0.01242782 0)
(0.97591079 -0.011816074 0)
(0.97056572 -0.011250858 0)
(0.96542809 -0.010730872 0)
(0.96034626 -0.010246715 0)
(0.95550621 -0.0098002504 0)
(0.9506632 -0.0093814556 0)
(0.94612115 -0.0089957499 0)
(0.94148331 -0.0086309319 0)
(0.93724787 -0.0082972026 0)
(0.93276791 -0.0079778773 0)
(0.92886298 -0.0076905483 0)
(0.92447153 -0.0074103089 0)
(0.92094754 -0.0071669591 0)
(0.91653829 -0.0069212249 0)
(0.9134908 -0.0067232479 0)
(0.90889595 -0.0065101842 0)
(0.90649685 -0.0063643378 0)
(0.90144927 -0.0061890552 0)
(0.89999904 -0.0061096218 0)
(0.89407929 -0.0059946378 0)
(0.82220888 0.11272704 0)
(1.0431174 0.038330479 0)
(1.0423081 -0.020679884 0)
(0.99711389 -0.048207794 0)
(0.96859638 -0.054793041 0)
(0.95976497 -0.052581567 0)
(0.95807273 -0.049346264 0)
(0.95347278 -0.047448977 0)
(0.94304327 -0.046333574 0)
(0.92797062 -0.044722915 0)
(0.91059799 -0.041934267 0)
(0.89268044 -0.038110083 0)
(0.87501068 -0.033794773 0)
(0.85785404 -0.029516083 0)
(0.84129868 -0.025590105 0)
(0.82541245 -0.022127867 0)
(0.81027882 -0.019126188 0)
(0.79597182 -0.016545819 0)
(0.7825365 -0.014347335 0)
(0.76997557 -0.012495626 0)
(0.75826431 -0.010955222 0)
(0.74735183 -0.0096868593 0)
(0.7371852 -0.0086491922 0)
(0.72770033 -0.0078015689 0)
(0.71884468 -0.0071065841 0)
(0.71055371 -0.0065322518 0)
(0.70278514 -0.0060520349 0)
(0.69547707 -0.00564552 0)
(0.68860282 -0.0052960008 0)
(0.68210081 -0.0049919483 0)
(0.67596432 -0.0047227704 0)
(0.67012564 -0.0044829969 0)
(0.66460414 -0.0042650472 0)
(0.65931493 -0.0040679869 0)
(0.65431425 -0.0038847818 0)
(0.64948219 -0.0037186822 0)
(0.64493175 -0.0035608508 0)
(0.6404783 -0.0034195814 0)
(0.63632808 -0.0032814869 0)
(0.63218022 -0.0031622467 0)
(0.6284012 -0.0030400839 0)
(0.62448073 -0.0029424507 0)
(0.62107114 -0.0028333541 0)
(0.61727724 -0.0027593337 0)
(0.61428034 -0.0026613062 0)
(0.6104555 -0.0026165625 0)
(0.60800262 -0.0025302028 0)
(0.60385935 -0.0025293665 0)
(0.60226857 -0.0024663523 0)
(0.5972283 -0.0025617628 0)
(0.68587975 0.018596013 0)
(0.82980654 -0.024240808 0)
(0.77055364 -0.044292284 0)
(0.67493879 -0.045409837 0)
(0.6042993 -0.037450518 0)
(0.56091486 -0.028258512 0)
(0.52955145 -0.021436446 0)
(0.49919726 -0.017127832 0)
(0.46765954 -0.014226462 0)
(0.43681968 -0.011616772 0)
(0.4088423 -0.0089013024 0)
(0.3847264 -0.0062813654 0)
(0.36440579 -0.0040659497 0)
(0.34741109 -0.002413927 0)
(0.33321866 -0.001296798 0)
(0.32135073 -0.0005851947 0)
(0.31139302 -0.00014555168 0)
(0.30299315 0.00011557589 0)
(0.29585546 0.00025360615 0)
(0.28973192 0.00030345388 0)
(0.28441665 0.00029223763 0)
(0.27973994 0.00024320414 0)
(0.27556751 0.00017560875 0)
(0.27179333 0.00010322788 0)
(0.26833819 3.4746512e-05 0)
(0.26513999 -2.5524987e-05 0)
(0.26215571 -7.5655869e-05 0)
(0.25934933 -0.00011590564 0)
(0.25669945 -0.00014670687 0)
(0.25418313 -0.00016982523 0)
(0.25179184 -0.00018585663 0)
(0.24950721 -0.00019703282 0)
(0.24732982 -0.00020323227 0)
(0.24524001 -0.00020713298 0)
(0.24324734 -0.00020735311 0)
(0.24132553 -0.00020751558 0)
(0.23949624 -0.0002042892 0)
(0.2377197 -0.00020326443 0)
(0.23603705 -0.00019795187 0)
(0.23438389 -0.0001977482 0)
(0.23283497 -0.00019071983 0)
(0.2312813 -0.00019343338 0)
(0.22985819 -0.00018403697 0)
(0.22837379 -0.00019283787 0)
(0.22707725 -0.00017894268 0)
(0.22561533 -0.00020042956 0)
(0.22446601 -0.00017702517 0)
(0.22292593 -0.00023013003 0)
(0.22201261 -0.00018483143 0)
(0.22000434 -0.0003419277 0)
)
;

boundaryField
{
    inlet
    {
        type            fixedValue;
        value           uniform (0.5 0 0);
    }
    outlet
    {
        type            zeroGradient;
    }
    top
    {
        type            noSlip;
    }
    bottom
    {
        type            noSlip;
    }
    frontAndBack
    {
        type            empty;
    }
    membraneFront
    {
        type            cyclic;
    }
    membraneBack
    {
        type            cyclic;
    }
}


// ************************************************************************* //
