/*--------------------------------*- C++ -*----------------------------------*\
| =========                 |                                                 |
| \\      /  F ield         | OpenFOAM: The Open Source CFD Toolbox           |
|  \\    /   O peration     | Version:  2512                                  |
|   \\  /    A nd           | Website:  www.openfoam.com                      |
|    \\/     M anipulation  |                                                 |
\*---------------------------------------------------------------------------*/
FoamFile
{
    version     2.0;
    format      ascii;
    arch        "LSB;label=32;scalar=64";
    class       volVectorField;
    location    "1.7";
    object      U;
}
// * * * * * * * * * * * * * * * * * * * * * * * * * * * * * * * * * * * * * //

dimensions      [0 1 -1 0 0 0 0];

internalField   nonuniform List<vector> 
1920
(
(0.0034317674 -3.8452991e-09 0)
(0.003431767 -1.2117381e-08 1.8381311e-22)
(0.0034317659 -2.0666274e-08 -1.8381309e-22)
(0.0034317643 -2.9656897e-08 0)
(0.0034317621 -3.9276124e-08 0)
(0.003431759 -4.9733096e-08 -1.7648893e-25)
(0.003431755 -6.1230598e-08 0)
(0.0034317497 -7.4007195e-08 -7.1424926e-22)
(0.0034317426 -8.8299305e-08 7.1442188e-22)
(0.0034317333 -1.043813e-07 0)
(0.003431721 -1.22577e-07 0)
(0.003431705 -1.432918e-07 6.8527246e-25)
(0.0034316841 -1.667955e-07 0)
(0.0034316566 -1.934785e-07 0)
(0.0034316203 -2.236944e-07 0)
(0.0034315725 -2.5781417e-07 2.7406453e-21)
(0.0034315093 -2.9614777e-07 -2.7433247e-21)
(0.0034314258 -3.3899786e-07 -5.3166773e-24)
(0.0034313155 -3.8657238e-07 0)
(0.0034311701 -4.391824e-07 0)
(0.0034309801 -4.978448e-07 0)
(0.0034307272 -5.6681409e-07 5.2963215e-21)
(0.0034303867 -6.4294751e-07 -1.5894878e-20)
(0.003429931 -7.2412252e-07 5.6448179e-23)
(0.0034293214 -8.0720038e-07 1.0521131e-20)
(0.0034285056 -8.8730242e-07 -1.0408137e-20)
(0.0034274139 -9.5703597e-07 1.0407987e-20)
(0.0034259523 -1.0056093e-06 0)
(0.0034239935 -1.0168373e-06 0)
(0.0034213661 -9.6717137e-07 0)
(0.0034178409 -8.188247e-07 0)
(0.0034131104 -5.1974696e-07 -4.0274184e-20)
(0.0034067591 1.7989432e-09 8.0005903e-20)
(0.0033982258 8.4639558e-07 -3.9420971e-20)
(0.0033867496 2.1549689e-06 -3.8973897e-20)
(0.0033712968 4.1211953e-06 -1.0113405e-21)
(0.0033504882 7.010685e-06 1.1764399e-19)
(0.0033224755 1.1208186e-05 -7.8267507e-20)
(0.0032847988 1.7245283e-05 -7.9800699e-20)
(0.0032341977 2.5921531e-05 7.735128e-20)
(0.00316623 3.8482206e-05 -1.5294425e-19)
(0.0030747619 5.6624328e-05 3.0489719e-19)
(0.0029512256 8.3053527e-05 -1.42451e-19)
(0.002783499 0.00012213375 -1.5023198e-19)
(0.0025539957 0.00018055964 1.499735e-19)
(0.0022374415 0.00027287899 -3.3374233e-19)
(0.0018587905 0.00037711474 2.9505034e-19)
(0.00054057689 0.00062543524 -2.858066e-19)
(0.0013332894 1.4838375e-09 0)
(0.0013332892 5.5756577e-09 0)
(0.0013332888 9.7237074e-09 -9.1569547e-26)
(0.0013332883 1.4041836e-08 0)
(0.0013332873 1.8786598e-08 0)
(0.001333286 2.4135419e-08 -3.6839024e-22)
(0.0013332842 3.0277381e-08 3.6875078e-22)
(0.0013332816 3.7440951e-08 -1.7873188e-25)
(0.0013332782 4.5917877e-08 3.5570059e-25)
(0.0013332735 5.6100669e-08 0)
(0.001333267 6.8557324e-08 -1.4388955e-21)
(0.0013332586 8.3970166e-08 1.4381903e-21)
(0.0013332475 1.0283383e-07 0)
(0.0013332328 1.2604253e-07 0)
(0.0013332134 1.5483579e-07 0)
(0.0013331878 1.907317e-07 8.2404998e-24)
(0.0013331542 2.3556845e-07 0)
(0.0013331098 2.9175993e-07 -5.4371744e-24)
(0.0013330514 3.6239591e-07 1.0817866e-23)
(0.0013329742 4.5112782e-07 0)
(0.0013328704 5.620483e-07 -2.1409623e-23)
(0.0013327332 6.9874388e-07 5.4800707e-21)
(0.0013325549 8.7183902e-07 -2.8869569e-23)
(0.0013323214 1.0934125e-06 5.3506588e-21)
(0.0013320154 1.3789924e-06 -1.0674951e-20)
(0.0013316145 1.7482971e-06 -1.0643013e-20)
(0.0013310889 2.2277141e-06 1.0476793e-20)
(0.0013303998 2.8544022e-06 0)
(0.0013294954 3.6790527e-06 0)
(0.0013283127 4.766131e-06 2.0820689e-20)
(0.0013267688 6.1969435e-06 -4.3955085e-22)
(0.0013247477 8.0851684e-06 -2.005707e-20)
(0.0013220978 1.0588133e-05 -3.2072744e-22)
(0.0013186196 1.3915011e-05 -4.1343631e-20)
(0.001314037 1.8351181e-05 8.1804346e-20)
(0.0013079833 2.4285174e-05 -7.9437452e-20)
(0.0013000603 3.2216811e-05 3.7718905e-20)
(0.0012897669 4.2767156e-05 7.4541174e-20)
(0.0012765525 5.6724809e-05 -7.206451e-20)
(0.0012600322 7.5110342e-05 0)
(0.0012396671 9.9207679e-05 9.7874288e-21)
(0.0012148812 0.00013139689 -1.945264e-20)
(0.0011856836 0.00017507303 -9.668525e-21)
(0.0011530387 0.00023676245 1.5331243e-19)
(0.0011176798 0.0003289958 -1.5305789e-19)
(0.0010631901 0.00048855049 3.7937309e-20)
(0.0012767448 0.00073980199 3.0097418e-19)
(0.00012618345 0.0015372548 -1.4737111e-19)
(0.00073543178 -2.0610148e-11 1.8347256e-25)
(0.00073543184 -1.8435997e-10 0)
(0.00073543171 -2.5940491e-10 -1.8717386e-22)
(0.00073543141 -2.442071e-10 -1.8545958e-22)
(0.00073543085 -8.5736093e-11 3.7235899e-22)
(0.00073542999 2.7891089e-10 3.6820733e-22)
(0.00073542878 9.2732568e-10 -1.1026346e-21)
(0.00073542716 1.9888511e-09 7.3495716e-22)
(0.00073542504 3.6335232e-09 -7.2737483e-22)
(0.00073542235 6.1340521e-09 5.025327e-24)
(0.000735419 9.9171212e-09 7.2445695e-22)
(0.00073541454 1.5530367e-08 -1.4316511e-21)
(0.00073540856 2.3350009e-08 2.8560663e-21)
(0.00073540087 3.4123277e-08 -1.4244138e-21)
(0.00073539101 4.8881385e-08 0)
(0.00073537826 6.8962567e-08 -1.0987041e-23)
(0.00073536179 9.6062591e-08 -2.7909943e-21)
(0.00073534065 1.3243011e-07 2.8018319e-21)
(0.00073531348 1.8076977e-07 5.5132626e-21)
(0.00073527843 2.4498934e-07 -5.5239812e-21)
(0.00073523319 3.3096127e-07 5.2178737e-29)
(0.00073517607 4.4713203e-07 -2.1295132e-23)
(0.00073510479 6.0177186e-07 0)
(0.00073501536 8.0719654e-07 1.0758058e-20)
(0.00073490236 1.0803649e-06 -1.0841448e-20)
(0.00073475962 1.4411088e-06 0)
(0.0007345828 1.9175608e-06 3.3163186e-22)
(0.00073436756 2.5466092e-06 -2.1049962e-20)
(0.00073410283 3.3751002e-06 2.137632e-20)
(0.00073376971 4.4694383e-06 -2.0489638e-20)
(0.00073335423 5.9143183e-06 4.1836168e-20)
(0.0007328495 7.821436e-06 -2.1340615e-20)
(0.00073224147 1.0354564e-05 6.4125696e-22)
(0.00073151425 1.3717043e-05 0)
(0.00073065506 1.819163e-05 3.9182292e-20)
(0.00072964277 2.4179085e-05 -4.2959621e-20)
(0.00072849689 3.2155408e-05 8.244753e-20)
(0.00072729767 4.2645519e-05 -7.9911129e-20)
(0.00072628247 5.6259816e-05 4.9484109e-21)
(0.00072591177 7.3458795e-05 -7.8486492e-20)
(0.00072735627 9.4599966e-05 6.8654976e-20)
(0.00073186132 0.00012077491 -1.549951e-19)
(0.00074154747 0.00015498397 3.281539e-19)
(0.00076096875 0.00020307869 -8.0330872e-22)
(0.00079701846 0.0002738788 -3.4290745e-19)
(0.0007853568 0.00040636001 1.5179353e-19)
(0.0013093882 0.00065989434 -7.5263609e-20)
(-6.1898349e-05 0.0017106969 -4.388475e-19)
(0.00081339727 -4.5181051e-10 -4.6856567e-23)
(0.00081339731 5.0100888e-10 4.7221589e-23)
(0.00081339722 1.316864e-09 1.8744768e-22)
(0.00081339702 2.1946264e-09 1.8545863e-22)
(0.00081339664 3.2497537e-09 -3.7235693e-22)
(0.00081339606 4.5621662e-09 3.6098531e-25)
(0.00081339529 6.2419428e-09 -7.3316301e-22)
(0.00081339432 8.4325783e-09 7.3244919e-22)
(0.00081339312 1.1328094e-08 0)
(0.00081339168 1.5173198e-08 -7.2445954e-22)
(0.00081338997 2.0226511e-08 -7.1722917e-22)
(0.00081338782 2.6833596e-08 1.4416537e-21)
(0.00081338513 3.5686317e-08 -2.789082e-24)
(0.00081338188 4.7529042e-08 0)
(0.00081337798 6.3428079e-08 0)
(0.00081337332 8.4754791e-08 5.4933854e-24)
(0.00081336774 1.1332072e-07 1.0930194e-23)
(0.00081336084 1.5128559e-07 0)
(0.00081335249 2.0148351e-07 -2.7619296e-21)
(0.00081334326 2.6840609e-07 2.7618629e-21)
(0.00081333275 3.5736057e-07 5.4444123e-21)
(0.00081332071 4.7537163e-07 -7.1461856e-23)
(0.00081330836 6.3075362e-07 -5.4365531e-21)
(0.00081329762 8.3463575e-07 0)
(0.00081328815 1.1012366e-06 0)
(0.00081328124 1.4533767e-06 1.0473701e-20)
(0.00081328141 1.918401e-06 -2.2352222e-22)
(0.00081329105 2.5333494e-06 -1.0580992e-20)
(0.0008133179 3.3435703e-06 2.027318e-20)
(0.0008133767 4.4138071e-06 -2.1252613e-20)
(0.00081348256 5.8405143e-06 -2.0692936e-20)
(0.00081366864 7.7324983e-06 2.068954e-20)
(0.00081396771 1.0219477e-05 4.0910285e-20)
(0.00081442502 1.3499843e-05 -4.2175462e-20)
(0.00081513734 1.782166e-05 2.5339598e-21)
(0.00081619177 2.348086e-05 4.5225807e-20)
(0.00081772473 3.0885504e-05 -4.0172799e-20)
(0.00081998892 4.045295e-05 9.9529697e-21)
(0.0008232415 5.2538908e-05 -9.8919753e-21)
(0.00082789444 6.7299295e-05 -7.8401423e-20)
(0.00083480664 8.4908262e-05 7.8342521e-20)
(0.00084567635 0.00010632817 1.1039031e-23)
(0.00086338863 0.00013438276 1.3446741e-19)
(0.00089121934 0.0001736187 -8.4971511e-22)
(0.00093687319 0.0002317675 -1.1446299e-19)
(0.00090830805 0.00034536435 0)
(0.001585685 0.00062071534 7.5240375e-20)
(-0.00023943998 0.0017793539 -1.4544605e-19)
(0.00098040682 1.7713382e-10 4.6488855e-23)
(0.00098040679 1.5277902e-09 -4.7221397e-23)
(0.00098040676 3.0383492e-09 -1.8313653e-25)
(0.00098040673 4.748337e-09 1.8617791e-22)
(0.00098040663 6.7367398e-09 -1.8617753e-22)
(0.00098040646 9.0962501e-09 -3.6098324e-25)
(0.00098040625 1.1947622e-08 -3.6837529e-22)
(0.00098040603 1.54513e-08 3.6836673e-22)
(0.00098040583 1.981181e-08 0)
(0.00098040569 2.5268602e-08 7.2162133e-22)
(0.00098040564 3.2111987e-08 -7.2162329e-22)
(0.00098040571 4.0741599e-08 -2.8031706e-24)
(0.00098040599 5.1755409e-08 2.7890432e-24)
(0.00098040673 6.5842208e-08 0)
(0.0009804082 8.3799635e-08 -5.5215432e-24)
(0.00098041058 1.0679464e-07 0)
(0.00098041401 1.3658649e-07 -1.0929917e-23)
(0.00098041879 1.7545413e-07 -2.7763385e-21)
(0.00098042619 2.2671349e-07 5.538097e-21)
(0.00098043722 2.9342647e-07 -2.7402272e-21)
(0.0009804526 3.7925872e-07 1.0477669e-28)
(0.00098047422 4.910691e-07 -5.3512792e-21)
(0.00098050464 6.3711266e-07 5.43619e-21)
(0.00098054658 8.2788961e-07 -5.4623954e-21)
(0.00098060732 1.0769655e-06 1.6075608e-20)
(0.00098069485 1.4073437e-06 -2.1169573e-20)
(0.00098082001 1.8444798e-06 1.0472537e-20)
(0.00098099724 2.4201238e-06 -3.2970384e-22)
(0.00098124347 3.1774448e-06 3.2786391e-22)
(0.00098159035 4.1710479e-06 0)
(0.00098206548 5.469393e-06 0)
(0.00098268975 7.1755291e-06 -1.2891186e-21)
(0.00098353011 9.4099374e-06 1.2816045e-21)
(0.00098467833 1.2347629e-05 1.2741184e-21)
(0.00098621237 1.6204217e-05 -2.5330484e-21)
(0.00098828924 2.1224836e-05 -4.0167002e-20)
(0.00099113442 2.7743895e-05 5.2340136e-21)
(0.0009949734 3.6080662e-05 3.9898158e-20)
(0.0010000946 4.6456821e-05 0)
(0.001006989 5.9097029e-05 -9.8169416e-21)
(0.0010170083 7.4292125e-05 0)
(0.001031296 9.2264001e-05 1.9381346e-20)
(0.0010500865 0.0001148113 0)
(0.0010757142 0.00014488713 -3.8187291e-20)
(0.0011165126 0.00019239134 0)
(0.001054324 0.00029336959 0)
(0.0018675872 0.00055584273 0)
(-0.00039902186 0.001739197 0)
(0.0011320325 -4.107158e-10 1.8346491e-25)
(0.0011320324 3.4151958e-10 1.840173e-25)
(0.0011320325 1.1693847e-09 1.8707989e-22)
(0.0011320327 2.1572755e-09 -1.8707956e-22)
(0.001132033 3.4032788e-09 0)
(0.0011320334 4.982215e-09 3.6098152e-25)
(0.001132034 7.0043813e-09 1.0143631e-31)
(0.0011320349 9.6088179e-09 3.6441492e-22)
(0.001132036 1.2992446e-08 -1.0917735e-21)
(0.0011320375 1.7407458e-08 7.2805643e-22)
(0.0011320395 2.3179925e-08 7.1941553e-22)
(0.0011320422 3.0694144e-08 -6.4127672e-24)
(0.0011320459 4.0445517e-08 -7.1579065e-22)
(0.0011320506 5.3127552e-08 0)
(0.0011320568 6.9522835e-08 5.5214527e-24)
(0.0011320653 9.0805659e-08 0)
(0.0011320772 1.1826539e-07 -2.8017024e-21)
(0.0011320935 1.5401774e-07 5.5778377e-21)
(0.0011321149 2.0042967e-07 -2.7545479e-21)
(0.0011321422 2.6013928e-07 -2.1518975e-23)
(0.0011321785 3.37438e-07 4.2810605e-23)
(0.0011322279 4.3805976e-07 -4.2582979e-23)
(0.0011322947 5.695736e-07 8.470976e-23)
(0.0011323853 7.4330677e-07 8.4253386e-23)
(0.0011325106 9.7305966e-07 0)
(0.0011326817 1.2725025e-06 0)
(0.0011329085 1.6633572e-06 3.3150861e-22)
(0.0011332062 2.165317e-06 6.5932744e-22)
(0.0011335983 2.8138018e-06 -3.278099e-22)
(0.0011341136 3.6562179e-06 1.0401618e-20)
(0.0011347997 4.7463355e-06 -3.0435169e-20)
(0.0011357182 6.1714153e-06 2.1967953e-20)
(0.0011369414 8.0572714e-06 -2.1723874e-20)
(0.0011385675 1.0549483e-05 2.0436396e-20)
(0.0011407174 1.3848022e-05 -2.5318746e-21)
(0.0011435679 1.8214691e-05 -4.0148068e-20)
(0.0011473609 2.3938885e-05 -4.7702875e-21)
(0.0011523897 3.1330677e-05 3.4904674e-20)
(0.0011591123 4.0669537e-05 0)
(0.0011682333 5.1914429e-05 9.8117894e-21)
(0.0011799565 6.4722709e-05 0)
(0.001194502 7.8451061e-05 5.7822377e-20)
(0.0012114648 9.3914848e-05 -1.5369386e-19)
(0.0012347084 0.00011565339 1.5280023e-19)
(0.0012752306 0.00015254089 -1.5091296e-19)
(0.0011861329 0.00023897718 8.126383e-22)
(0.0021212302 0.00048145514 2.2358265e-19)
(-0.00054341345 0.0015902528 -1.4498934e-19)
(0.0012474139 -1.587427e-10 0)
(0.0012474138 8.8259724e-10 9.3622944e-23)
(0.001247414 1.9904667e-09 -9.4173991e-23)
(0.0012474143 3.231046e-09 1.8617653e-22)
(0.0012474149 4.670331e-09 -3.718124e-22)
(0.0012474156 6.3632791e-09 1.8527298e-22)
(0.0012474168 8.3827243e-09 7.1843191e-25)
(0.0012474183 1.0848523e-08 0)
(0.0012474204 1.3907305e-08 0)
(0.0012474232 1.7759691e-08 -7.2302619e-22)
(0.0012474269 2.265144e-08 7.2161089e-22)
(0.0012474318 2.891647e-08 8.5960225e-31)
(0.0012474381 3.7001403e-08 7.0938453e-22)
(0.0012474465 4.7530357e-08 -2.1292689e-21)
(0.0012474577 6.1409661e-08 1.4226024e-21)
(0.0012474722 7.951287e-08 -1.4026129e-21)
(0.0012474913 1.0286285e-07 1.4135082e-21)
(0.0012475161 1.3272131e-07 -1.0872739e-23)
(0.0012475482 1.7084154e-07 2.7400367e-21)
(0.0012475903 2.2052941e-07 -2.7400431e-21)
(0.0012476459 2.8593669e-07 0)
(0.0012477194 3.7150403e-07 0)
(0.0012478183 4.8385912e-07 -8.4705897e-23)
(0.00124795 6.2981451e-07 0)
(0.0012481222 8.1889416e-07 0)
(0.001248348 1.0598014e-06 5.3187057e-21)
(0.0012486397 1.3660803e-06 -5.4838378e-21)
(0.0012490194 1.7614736e-06 -1.0519217e-20)
(0.0012495228 2.2773634e-06 3.8557848e-22)
(0.0012501867 2.9547717e-06 1.0457891e-20)
(0.00125106 3.8507443e-06 -1.4733851e-26)
(0.0012522095 5.0319695e-06 1.9915004e-20)
(0.0012537241 6.5918399e-06 -4.0991075e-20)
(0.001255724 8.6614986e-06 1.9157622e-20)
(0.0012583545 1.1420546e-05 2.5253412e-20)
(0.0012618317 1.5078412e-05 -6.5344992e-20)
(0.0012664678 1.9926921e-05 7.4990344e-20)
(0.0012726635 2.6222083e-05 -7.4508459e-20)
(0.001280736 3.4024644e-05 2.3528508e-22)
(0.0012909605 4.3098323e-05 3.9328319e-20)
(0.0013037972 5.2759134e-05 0)
(0.0013191455 6.2728039e-05 1.9335632e-20)
(0.0013370706 7.4070868e-05 0)
(0.001361019 9.1156697e-05 -3.8098503e-20)
(0.0014015229 0.00011955261 -3.7749259e-20)
(0.0012965725 0.00018743924 0)
(0.0023395748 0.00039362625 2.2243552e-19)
(-0.00066685837 0.001344776 -1.4435417e-19)
(0.0013219543 -2.0393245e-10 2.342709e-23)
(0.0013219542 4.7630436e-10 -7.0421855e-23)
(0.0013219544 1.235286e-09 1.4053474e-22)
(0.0013219549 2.118256e-09 -9.3721481e-23)
(0.0013219558 3.1782474e-09 3.6274279e-25)
(0.001321957 4.4616582e-09 0)
(0.0013219586 6.0264471e-09 -3.5921466e-25)
(0.0013219609 7.9740417e-09 0)
(0.0013219639 1.0416846e-08 0)
(0.0013219678 1.3486173e-08 3.615112e-22)
(0.0013219729 1.7368426e-08 -1.8048217e-24)
(0.0013219796 2.2335097e-08 -3.5829695e-22)
(0.0013219883 2.8780415e-08 2.7889557e-24)
(0.0013219998 3.7141427e-08 0)
(0.0013220146 4.7873036e-08 6.9940172e-22)
(0.0013220336 6.1505064e-08 -7.0490718e-22)
(0.0013220582 7.8995691e-08 -1.4008031e-21)
(0.0013220901 1.014263e-07 1.3952955e-21)
(0.0013221318 1.3070817e-07 -1.0815746e-23)
(0.0013221862 1.6907489e-07 -4.3035573e-23)
(0.0013222572 2.1924436e-07 0)
(0.0013223508 2.8472493e-07 2.6965942e-21)
(0.0013224727 3.6930151e-07 -2.7177028e-21)
(0.001322631 4.763559e-07 0)
(0.0013228365 6.1227943e-07 0)
(0.0013231016 7.8581322e-07 0)
(0.0013234476 1.0093554e-06 0)
(0.0013239019 1.3045144e-06 -5.5887683e-21)
(0.0013244971 1.6930642e-06 4.9305527e-21)
(0.0013252765 2.2032025e-06 0)
(0.0013262968 2.8763069e-06 9.6906522e-21)
(0.0013276332 3.7671352e-06 -9.6917483e-21)
(0.0013293917 4.9510428e-06 0)
(0.0013317185 6.5299876e-06 5.4320081e-26)
(0.0013347742 8.6392853e-06 -2.5305907e-21)
(0.0013388311 1.1452417e-05 2.0059741e-20)
(0.0013442338 1.5142414e-05 -1.7549644e-20)
(0.0013512549 1.9909662e-05 -4.9533155e-20)
(0.0013602975 2.5682693e-05 3.957507e-20)
(0.0013718867 3.2320828e-05 0)
(0.0013862914 3.9518814e-05 -9.7262359e-21)
(0.0014038821 4.6892326e-05 3.8501113e-20)
(0.0014247 5.5675022e-05 -5.7618524e-20)
(0.0014512819 6.8148428e-05 5.678128e-20)
(0.0014946887 8.8689135e-05 -3.7950295e-20)
(0.0013807257 0.00013863891 -7.4557267e-20)
(0.0025102916 0.00029331064 2.2185313e-19)
(-0.00076438505 0.0010202576 -1.4382655e-19)
(0.0013626604 -1.2477819e-10 0)
(0.0013626603 3.7204589e-10 -4.6995307e-23)
(0.0013626606 9.0217502e-10 9.394801e-23)
(0.0013626612 1.5102607e-09 4.6500582e-23)
(0.0013626622 2.2265536e-09 -9.3087573e-23)
(0.0013626637 3.0702454e-09 1.8048906e-25)
(0.0013626657 4.0894744e-09 1.7960692e-25)
(0.0013626685 5.3344943e-09 0)
(0.0013626721 6.8821009e-09 -1.8201465e-22)
(0.0013626768 8.8319225e-09 3.6241231e-22)
(0.001362683 1.1329873e-08 1.7824392e-22)
(0.0013626911 1.4549028e-08 -3.5829525e-22)
(0.0013627016 1.8672251e-08 0)
(0.0013627151 2.3930432e-08 0)
(0.0013627324 3.0578574e-08 0)
(0.0013627546 3.9099142e-08 0)
(0.0013627833 5.0018521e-08 2.7322947e-24)
(0.0013628206 6.4273732e-08 -6.9402965e-22)
(0.0013628692 8.2895539e-08 2.085606e-21)
(0.0013629323 1.0717827e-07 3.538599e-24)
(0.0013630143 1.3884668e-07 -7.220429e-24)
(0.0013631204 1.7976759e-07 -1.3448433e-21)
(0.0013632572 2.3104678e-07 1.3727705e-21)
(0.0013634338 2.9619357e-07 -4.0400111e-21)
(0.0013636619 3.7842866e-07 2.6463792e-21)
(0.0013639586 4.8474722e-07 -4.1660972e-23)
(0.0013643466 6.2522836e-07 0)
(0.0013648531 8.0937194e-07 5.2588643e-21)
(0.0013655146 1.0510301e-06 -4.9302304e-21)
(0.0013663795 1.3690487e-06 1.6292136e-22)
(0.0013675115 1.7899086e-06 -3.2395663e-22)
(0.0013689951 2.3502418e-06 0)
(0.0013709452 3.1006094e-06 0)
(0.0013735155 4.1045361e-06 1.9092879e-21)
(0.0013768987 5.4372591e-06 -1.0091025e-20)
(0.0013813458 7.194193e-06 1.2600505e-20)
(0.0013872585 9.4493351e-06 3.7473464e-21)
(0.001394995 1.2343238e-05 4.9639777e-21)
(0.00140495 1.5991726e-05 1.966141e-20)
(0.0014177492 2.0172674e-05 -2.2093421e-20)
(0.0014339377 2.4664503e-05 9.7240084e-21)
(0.0014540576 2.9504899e-05 -3.3650494e-20)
(0.0014779275 3.5094021e-05 4.8011939e-20)
(0.0015078152 4.2790523e-05 2.8497586e-20)
(0.0015550892 5.5313105e-05 0)
(0.0014369246 8.5889677e-05 0)
(0.0026272155 0.00018144259 0)
(-0.00083173189 0.00063663768 0)
(0.0013797526 -3.9886817e-11 0)
(0.0013797525 1.8403772e-10 -4.6003975e-26)
(0.0013797528 4.1443e-10 -2.3384799e-23)
(0.0013797535 6.7324203e-10 2.3384745e-23)
(0.0013797546 9.6457008e-10 2.315907e-23)
(0.0013797562 1.298103e-09 -2.3339464e-23)
(0.0013797584 1.6931187e-09 4.5956314e-23)
(0.0013797614 2.1694722e-09 -4.5866222e-23)
(0.0013797654 2.7574793e-09 3.5568339e-25)
(0.0013797706 3.4971069e-09 0)
(0.0013797774 4.4328041e-09 9.0629432e-23)
(0.0013797861 5.6152391e-09 -8.9923982e-23)
(0.0013797974 7.0744909e-09 -1.7430825e-25)
(0.001379812 8.8707045e-09 0)
(0.0013798306 1.1211683e-08 0)
(0.0013798546 1.4256272e-08 1.754937e-22)
(0.0013798855 1.8177379e-08 -1.725848e-22)
(0.0013799257 2.3207408e-08 0)
(0.0013799779 2.9722337e-08 0)
(0.0013800455 3.8202661e-08 1.0758634e-23)
(0.0013801331 4.9222783e-08 -3.3442675e-25)
(0.0013802455 6.3297452e-08 -3.3264336e-25)
(0.0013803898 8.0886832e-08 -2.1174831e-23)
(0.0013805757 1.031859e-07 0)
(0.0013808167 1.3111068e-07 4.1890662e-23)
(0.001381131 1.6812426e-07 4.1660189e-23)
(0.0013815407 2.1661254e-07 -6.473261e-25)
(0.0013820749 2.7998564e-07 6.4369797e-25)
(0.0013827721 3.6309065e-07 0)
(0.0013836835 4.7253843e-07 -1.4626191e-21)
(0.001384877 6.1758867e-07 1.623337e-21)
(0.0013864427 8.1117698e-07 0)
(0.0013885012 1.0711915e-06 -2.5524676e-21)
(0.0013912092 1.4200587e-06 1.9151522e-21)
(0.0013947466 1.8801193e-06 1.2352731e-24)
(0.0013993885 2.4680821e-06 0)
(0.001405574 3.2300045e-06 3.7313596e-21)
(0.001413765 4.1977827e-06 -9.9257839e-21)
(0.0014243024 5.4675221e-06 4.9442868e-21)
(0.0014378091 6.9078527e-06 -7.3123064e-21)
(0.0014551331 8.4489157e-06 9.7508326e-21)
(0.0014768549 1.0145179e-05 4.7912772e-21)
(0.0015026564 1.2074574e-05 -3.0860521e-23)
(0.0015347531 1.4689483e-05 -9.4945779e-21)
(0.0015846266 1.8906882e-05 1.8748312e-20)
(0.0014650007 2.9202491e-05 -1.8713707e-20)
(0.0026866213 6.1501164e-05 0)
(-0.00086608239 0.00021639058 -2.1689772e-24)
(0.0013797527 5.266608e-11 0)
(0.0013797526 3.4525793e-12 4.6003975e-26)
(0.0013797528 -7.2341e-11 -1.1445898e-26)
(0.0013797535 -1.8054397e-10 2.3271944e-23)
(0.0013797546 -3.2556792e-10 -2.3271871e-23)
(0.0013797563 -5.1306213e-10 -4.6092349e-23)
(0.0013797585 -7.589775e-10 2.2560153e-25)
(0.0013797615 -1.0879299e-09 4.6044946e-23)
(0.0013797655 -1.5262554e-09 0)
(0.0013797707 -2.087022e-09 0)
(0.0013797775 -2.7987571e-09 -8.992513e-23)
(0.0013797863 -3.7721836e-09 8.9923982e-23)
(0.0013797975 -5.0645851e-09 -5.2292479e-25)
(0.0013798121 -6.7108429e-09 0)
(0.0013798309 -8.7927645e-09 -1.7484845e-22)
(0.0013798549 -1.1437689e-08 1.7605284e-22)
(0.0013798858 -1.4859545e-08 0)
(0.0013799259 -1.9396575e-08 -3.4701273e-22)
(0.0013799782 -2.5390566e-08 1.804994e-24)
(0.0013800459 -3.3247132e-08 3.5593734e-22)
(0.0013801335 -4.3523098e-08 3.5258649e-22)
(0.001380246 -5.6722018e-08 -3.4119675e-22)
(0.0013803905 -7.3122201e-08 0)
(0.0013805764 -9.4026507e-08 0)
(0.0013808176 -1.203361e-07 0)
(0.001381132 -1.5541862e-07 1.3295118e-21)
(0.001381542 -2.0159335e-07 -2.7336572e-21)
(0.0013820764 -2.6222591e-07 1.3212638e-21)
(0.0013827739 -3.4207372e-07 -1.307211e-21)
(0.0013836858 -4.4765802e-07 1.4698574e-21)
(0.00138488 -5.8810586e-07 -3.2394429e-22)
(0.0013864467 -7.7611607e-07 3.2204316e-22)
(0.0013885062 -1.0291795e-06 -1.2504842e-24)
(0.0013912124 -1.3691139e-06 1.2429213e-24)
(0.0013947486 -1.8181122e-06 4.4113378e-21)
(0.0013993919 -2.3984849e-06 -5.0425829e-21)
(0.001405578 -3.1504931e-06 6.0983037e-25)
(0.0014137688 -4.1087887e-06 4.9480281e-21)
(0.0014243051 -5.3685581e-06 -7.4091403e-21)
(0.0014378069 -6.8001556e-06 2.4479176e-21)
(0.0014551338 -8.3373849e-06 1.4549416e-20)
(0.0014768622 -1.0022736e-05 -9.678791e-21)
(0.0015026625 -1.1941564e-05 9.5732636e-21)
(0.0015347554 -1.454723e-05 9.4945766e-21)
(0.0015846304 -1.8758162e-05 -2.2972016e-24)
(0.001465007 -2.9052137e-05 1.8646519e-20)
(0.00268662 -6.1349685e-05 1.8363052e-20)
(-0.00086608648 -0.00021626682 1.7652048e-20)
(0.0013626607 1.3718842e-10 0)
(0.0013626606 -1.8857868e-10 0)
(0.0013626608 -5.6025142e-10 1.1445908e-26)
(0.0013626615 -1.0145955e-09 0)
(0.0013626625 -1.5758996e-09 0)
(0.001362664 -2.2742893e-09 -9.2184798e-23)
(0.001362666 -3.1465013e-09 9.2274139e-23)
(0.0013626687 -4.2501235e-09 -1.7872454e-25)
(0.0013626724 -5.6655285e-09 3.5568396e-25)
(0.0013626772 -7.4686959e-09 7.0783659e-25)
(0.0013626835 -9.7798372e-09 0)
(0.0013626915 -1.2786626e-08 0)
(0.0013627019 -1.6657656e-08 6.9723492e-25)
(0.0013627155 -2.1658195e-08 0)
(0.0013627329 -2.8123561e-08 1.3803182e-24)
(0.0013627553 -3.6424044e-08 -5.4929401e-24)
(0.0013627841 -4.7048657e-08 -6.921975e-22)
(0.0013628215 -6.0700774e-08 6.9763952e-22)
(0.0013628702 -7.8716932e-08 0)
(0.0013629334 -1.023167e-07 -1.0758716e-23)
(0.0013630155 -1.3316295e-07 -1.0701755e-23)
(0.001363122 -1.7316892e-07 1.3589119e-21)
(0.0013632591 -2.2345082e-07 -1.3588167e-21)
(0.001363436 -2.8723755e-07 2.6464049e-21)
(0.0013636645 -3.6784945e-07 -9.8229014e-23)
(0.0013639617 -4.7234023e-07 -2.5902064e-21)
(0.0013643501 -6.1061952e-07 -2.3957055e-21)
(0.0013648572 -7.92209e-07 2.6438893e-21)
(0.0013655194 -1.0308849e-06 3.2771951e-22)
(0.001366385 -1.3455003e-06 -5.0360972e-21)
(0.0013675178 -1.7625573e-06 3.5292621e-22)
(0.0013690026 -2.3187171e-06 4.8453769e-21)
(0.0013709546 -3.0645552e-06 6.4029736e-22)
(0.0013735305 -4.0630136e-06 0)
(0.0013769133 -5.3853163e-06 -6.3255506e-22)
(0.0013813574 -7.1279198e-06 2.5143188e-21)
(0.0013872709 -9.3706037e-06 0)
(0.0013950072 -1.225609e-05 0)
(0.0014049621 -1.5893322e-05 -2.4656702e-21)
(0.0014177595 -2.0061754e-05 1.7076301e-20)
(0.0014339469 -2.4533258e-05 -5.3410057e-20)
(0.0014540668 -2.93742e-05 7.7201744e-20)
(0.001477937 -3.4957618e-05 -4.800492e-20)
(0.0015078266 -4.2647248e-05 -2.8497581e-20)
(0.0015550956 -5.5164598e-05 0)
(0.0014369277 -8.5740316e-05 -1.8650888e-20)
(0.002627211 -0.00018129673 1.1061348e-19)
(-0.00083173995 -0.00063651699 -1.7848296e-19)
(0.0013219547 2.1943159e-10 -2.3335359e-23)
(0.0013219547 -2.9384236e-10 -2.338489e-23)
(0.0013219549 -9.0625641e-10 4.6995315e-23)
(0.0013219554 -1.6517616e-09 9.2905773e-23)
(0.0013219562 -2.5744481e-09 -9.3087752e-23)
(0.0013219574 -3.7185353e-09 -3.6097891e-25)
(0.0013219591 -5.1484869e-09 3.5921469e-25)
(0.0013219613 -6.942817e-09 0)
(0.0013219644 -9.2012113e-09 -3.5568502e-25)
(0.0013219683 -1.2114761e-08 1.0948542e-31)
(0.0013219735 -1.5921068e-08 0)
(0.0013219803 -2.0752086e-08 1.4015474e-24)
(0.0013219891 -2.6923852e-08 -7.121677e-22)
(0.0013220005 -3.4955424e-08 7.1215604e-22)
(0.0013220154 -4.5409099e-08 -2.7606554e-24)
(0.0013220346 -5.8908655e-08 1.4025949e-21)
(0.0013220595 -7.6095077e-08 -1.4080226e-21)
(0.0013220917 -9.8188808e-08 0)
(0.0013221334 -1.2680648e-07 -1.3808061e-21)
(0.0013221881 -1.6451877e-07 7.2199701e-24)
(0.0013222594 -2.1389423e-07 -1.3590204e-21)
(0.0013223533 -2.7837954e-07 2.7749048e-21)
(0.0013224757 -3.619238e-07 0)
(0.0013226346 -4.6779065e-07 1.2636709e-22)
(0.0013228407 -6.0215313e-07 5.4316243e-21)
(0.0013231065 -7.7378657e-07 -1.074898e-20)
(0.0013234532 -9.9519561e-07 5.1520002e-21)
(0.0013239085 -1.2879365e-06 5.2591653e-21)
(0.0013245048 -1.6735104e-06 -5.2582874e-21)
(0.0013252853 -2.1801817e-06 1.0072998e-20)
(0.0013263068 -2.8493054e-06 -2.0735165e-20)
(0.0013276447 -3.7355334e-06 1.0335943e-20)
(0.0013294052 -4.9142928e-06 -1.921122e-21)
(0.001331736 -6.4879959e-06 1.2730667e-21)
(0.001334799 -8.5943007e-06 1.2652227e-21)
(0.001338859 -1.1397666e-05 1.7544867e-20)
(0.0013442559 -1.5077986e-05 4.8805676e-21)
(0.0013512752 -1.9829317e-05 -1.4953796e-20)
(0.0013603203 -2.5588403e-05 -9.1049063e-25)
(0.0013719134 -3.2217655e-05 0)
(0.0013863075 -3.9403926e-05 -9.726233e-21)
(0.0014038903 -4.677054e-05 0)
(0.001424715 -5.5544823e-05 0)
(0.001451295 -6.8010993e-05 1.9007372e-20)
(0.0014947012 -8.8546507e-05 0)
(0.0013807361 -0.00013849428 0)
(0.0025102818 -0.0002931671 -1.1021518e-19)
(-0.00076439932 -0.0010201358 2.1533946e-19)
(0.0012474145 1.6019584e-10 -9.173139e-26)
(0.0012474144 -7.2879228e-10 -9.3990977e-23)
(0.0012474145 -1.7047654e-09 9.3990856e-23)
(0.0012474149 -2.8089627e-09 1.8225364e-25)
(0.0012474154 -4.1187548e-09 1.8137191e-25)
(0.0012474162 -5.6713197e-09 3.6098001e-25)
(0.0012474174 -7.5564882e-09 -3.6729393e-22)
(0.001247419 -9.8801584e-09 3.6693274e-22)
(0.0012474211 -1.2800668e-08 7.113734e-25)
(0.0012474239 -1.6526923e-08 7.2090267e-22)
(0.0012474276 -2.1327936e-08 -7.2442814e-22)
(0.0012474326 -2.7472406e-08 -1.4015568e-24)
(0.0012474391 -3.5416278e-08 0)
(0.0012474476 -4.5696591e-08 -5.5496725e-24)
(0.0012474587 -5.9145613e-08 0)
(0.0012474735 -7.6893901e-08 -3.6104431e-30)
(0.0012474928 -1.0001962e-07 0)
(0.001247518 -1.2972108e-07 1.3772273e-21)
(0.0012475505 -1.6749042e-07 -1.3880539e-21)
(0.0012475929 -2.1652649e-07 0)
(0.0012476489 -2.8112875e-07 -4.2809066e-23)
(0.001247723 -3.6583689e-07 -4.2581092e-23)
(0.0012478223 -4.7709476e-07 5.3220216e-21)
(0.0012479548 -6.2190285e-07 -1.131313e-22)
(0.0012481281 -8.0958787e-07 -5.4607927e-21)
(0.0012483547 -1.0486794e-06 5.3187055e-21)
(0.0012486474 -1.3527992e-06 -5.3180978e-21)
(0.0012490284 -1.7456245e-06 0)
(0.0012495333 -2.2585968e-06 -6.5554308e-22)
(0.0012501988 -2.9325911e-06 -6.5181757e-22)
(0.001251074 -3.8247195e-06 1.034004e-20)
(0.0012522255 -5.0011936e-06 -1.0337517e-20)
(0.0012537427 -6.5555925e-06 2.1718565e-20)
(0.0012557457 -8.6194253e-06 -4.201912e-20)
(0.00125838 -1.1373536e-05 2.0307206e-20)
(0.0012618606 -1.5029345e-05 0)
(0.0012665036 -1.9872559e-05 -4.9990583e-21)
(0.0012727029 -2.6156191e-05 3.4653744e-20)
(0.0012807679 -3.3949444e-05 -7.4018478e-20)
(0.0012909882 -4.3008349e-05 3.9328302e-20)
(0.0013038217 -5.2662396e-05 0)
(0.0013191668 -6.2608211e-05 0)
(0.0013370934 -7.3945792e-05 -7.6498576e-20)
(0.0013610425 -9.1026472e-05 1.5230559e-19)
(0.0014015399 -0.00011941644 -3.7998924e-20)
(0.0012965837 -0.00018729623 1.494678e-19)
(0.0023395674 -0.00039348727 -3.715042e-19)
(-0.00066687306 -0.0013446559 7.2757696e-20)
(0.0011320332 4.3561362e-10 0)
(0.0011320331 -1.8066606e-10 0)
(0.0011320332 -8.8263825e-10 1.8707989e-22)
(0.0011320335 -1.7554604e-09 -1.0846568e-24)
(0.0011320338 -2.8815793e-09 1.8419053e-22)
(0.0011320342 -4.3426907e-09 -3.7090844e-22)
(0.0011320348 -6.2475472e-09 0)
(0.0011320356 -8.7500393e-09 0)
(0.0011320368 -1.2048963e-08 -7.1137747e-25)
(0.0011320383 -1.635469e-08 -3.6390916e-31)
(0.0011320404 -2.1921661e-08 1.4086333e-24)
(0.0011320433 -2.9216458e-08 -7.1579888e-22)
(0.001132047 -3.8811415e-08 7.1579065e-22)
(0.001132052 -5.1311716e-08 5.5497375e-24)
(0.0011320584 -6.7543218e-08 0)
(0.0011320669 -8.8472993e-08 1.4081294e-21)
(0.0011320789 -1.1569883e-07 -1.4026057e-21)
(0.0011320956 -1.5108785e-07 1.0872972e-23)
(0.0011321176 -1.9732794e-07 -2.7617416e-21)
(0.0011321455 -2.566015e-07 2.7616455e-21)
(0.0011321823 -3.333338e-07 4.281051e-23)
(0.0011322322 -4.3320784e-07 0)
(0.0011322998 -5.6381503e-07 -5.322284e-21)
(0.0011323913 -7.3639859e-07 5.4066438e-21)
(0.0011325177 -9.6486589e-07 8.3795377e-23)
(0.0011326901 -1.2628251e-06 0)
(0.0011329184 -1.6517794e-06 1.057939e-20)
(0.0011332178 -2.151207e-06 -1.0578119e-20)
(0.0011336116 -2.7968452e-06 3.2780989e-22)
(0.0011341288 -3.6357855e-06 -9.7497161e-21)
(0.0011348173 -4.7215749e-06 1.0399632e-20)
(0.0011357388 -6.1422874e-06 0)
(0.001136965 -8.0230236e-06 -2.0442568e-20)
(0.0011385944 -1.0509556e-05 2.0436393e-20)
(0.0011407476 -1.380238e-05 2.5320733e-21)
(0.0011436014 -1.8164131e-05 -3.7631184e-20)
(0.001147398 -2.3882197e-05 8.0025739e-20)
(0.0011524289 -3.1271856e-05 -3.4904664e-20)
(0.0011591572 -4.060602e-05 7.8770862e-20)
(0.0011682793 -5.1838988e-05 -7.8712947e-20)
(0.0011800003 -6.4634148e-05 1.949159e-20)
(0.0011945366 -7.8344165e-05 -1.9357278e-20)
(0.0012114891 -9.3790484e-05 0)
(0.0012347336 -0.00011552524 3.8162679e-20)
(0.0012752602 -0.00015240836 -1.8873523e-19)
(0.0011861536 -0.00023884032 2.2589329e-19)
(0.0021212171 -0.00048132453 -7.3727752e-20)
(-0.00054343136 -0.0015901397 1.4498924e-19)
(0.00098040772 -1.583453e-10 -4.685579e-23)
(0.00098040766 -1.412453e-09 4.7221397e-23)
(0.00098040761 -2.8241319e-09 0)
(0.00098040758 -4.4587511e-09 1.8617791e-22)
(0.00098040749 -6.3652709e-09 -5.5672778e-22)
(0.00098040733 -8.6551301e-09 3.7091024e-22)
(0.00098040714 -1.141469e-08 3.6693842e-22)
(0.00098040696 -1.4824982e-08 -3.6693691e-22)
(0.00098040681 -1.9055109e-08 0)
(0.00098040676 -2.4382413e-08 1.4157065e-24)
(0.00098040683 -3.1090562e-08 -7.1942233e-22)
(0.00098040702 -3.9619515e-08 7.1661315e-22)
(0.00098040742 -5.0496321e-08 0)
(0.00098040822 -6.4450702e-08 1.4171444e-21)
(0.00098040979 -8.2318185e-08 -1.4171252e-21)
(0.0009804124 -1.0515166e-07 5.49326e-24)
(0.00098041615 -1.3460429e-07 2.8017677e-21)
(0.00098042126 -1.7312594e-07 -2.8016502e-21)
(0.00098042909 -2.238595e-07 2.7618293e-21)
(0.00098044073 -2.9025143e-07 -2.7617469e-21)
(0.00098045681 -3.7578677e-07 5.508361e-21)
(0.00098047921 -4.8702439e-07 -5.4227405e-21)
(0.0009805105 -6.3231641e-07 -8.4715034e-23)
(0.00098055351 -8.2218183e-07 -5.3781364e-21)
(0.00098061549 -1.0701628e-06 5.2939831e-21)
(0.00098070447 -1.3992381e-06 -1.6669017e-22)
(0.00098083151 -1.8348239e-06 0)
(0.00098101088 -2.4085342e-06 0)
(0.00098125951 -3.1634599e-06 0)
(0.00098160935 -4.1541172e-06 0)
(0.00098208707 -5.4487444e-06 2.1336332e-20)
(0.00098271413 -7.1505901e-06 -2.0683969e-20)
(0.00098355817 -9.3803081e-06 0)
(0.00098471001 -1.2312751e-05 0)
(0.0009862471 -1.6163525e-05 -4.2944812e-20)
(0.00098832779 -2.117748e-05 7.5528563e-20)
(0.00099117697 -2.7690657e-05 -4.5153998e-20)
(0.00099501821 -3.6021937e-05 -8.431117e-20)
(0.0010001418 -4.6391605e-05 4.5867411e-22)
(0.0010070405 -5.9031371e-05 1.5709956e-19)
(0.0010170632 -7.4220626e-05 -1.9959236e-20)
(0.0010313525 -9.2190329e-05 -7.774187e-20)
(0.0010501307 -0.00011472555 0)
(0.0010757479 -0.00014478406 -2.2880819e-19)
(0.0011165432 -0.00019228395 1.5219294e-19)
(0.0010543408 -0.00029326989 7.5105291e-20)
(0.0018675756 -0.00055572947 1.4827261e-19)
(-0.0003990385 -0.0017390951 -1.433816e-21)
(0.0008133982 4.6036874e-10 0)
(0.00081339824 -4.188908e-10 0)
(0.00081339815 -1.1692107e-09 1.8313732e-25)
(0.00081339794 -1.9615589e-09 3.7272206e-22)
(0.00081339758 -2.9368118e-09 -3.7235693e-22)
(0.00081339703 -4.1596236e-09 0)
(0.00081339631 -5.7471325e-09 3.5922184e-25)
(0.00081339538 -7.8311014e-09 0)
(0.00081339423 -1.0623412e-08 7.266569e-22)
(0.00081339283 -1.4365935e-08 -7.2665342e-22)
(0.00081339116 -1.937366e-08 -1.4086622e-24)
(0.00081338913 -2.5890959e-08 1.4344345e-21)
(0.00081338662 -3.4658632e-08 -1.43162e-21)
(0.00081338357 -4.6386472e-08 -2.7749578e-24)
(0.00081337987 -6.2074401e-08 0)
(0.00081337542 -8.3174436e-08 2.7998993e-21)
(0.00081337012 -1.1149978e-07 -2.8162807e-21)
(0.00081336373 -1.4924166e-07 1.0873602e-23)
(0.0008133559 -1.9916579e-07 2.1633992e-23)
(0.00081334707 -2.6577314e-07 5.49485e-21)
(0.00081333724 -3.5438242e-07 -5.5161016e-21)
(0.00081332611 -4.7198528e-07 -4.258744e-23)
(0.00081331476 -6.2683736e-07 8.4720396e-23)
(0.00081330516 -8.3005195e-07 0)
(0.00081329711 -1.0958227e-06 -1.0615e-20)
(0.0008132919 -1.4468934e-06 2.1505256e-20)
(0.00081329407 -1.9105972e-06 -1.0639628e-20)
(0.00081330599 -2.5240647e-06 -1.0523272e-20)
(0.00081333548 -3.3324173e-06 1.0522211e-20)
(0.00081339738 -4.4005148e-06 3.2607861e-22)
(0.00081350691 -5.8248083e-06 -1.2969106e-21)
(0.00081369682 -7.7132573e-06 -2.1219038e-20)
(0.00081399978 -1.0196357e-05 2.0570301e-20)
(0.00081446141 -1.3472459e-05 0)
(0.00081517848 -1.778951e-05 0)
(0.00081623634 -2.344312e-05 2.5187754e-21)
(0.00081777176 -3.0843212e-05 1.001453e-20)
(0.00082003883 -4.0406294e-05 -4.9769105e-21)
(0.00082329216 -5.2487583e-05 -7.8901424e-20)
(0.00082794585 -6.7243254e-05 7.8851447e-20)
(0.00083485784 -8.4850363e-05 7.7896544e-20)
(0.00084572509 -0.00010626839 -5.8432021e-20)
(0.00086344317 -0.00013432334 0)
(0.0008912685 -0.0001735462 -4.1152962e-23)
(0.00093690438 -0.0002316893 -3.8048084e-20)
(0.0009083414 -0.00034528723 -7.5605411e-20)
(0.0015856928 -0.00062062784 2.2437497e-19)
(-0.00023945295 -0.0017792714 -4.3808426e-19)
(0.0007354328 4.1105976e-11 9.1736279e-26)
(0.00073543285 2.5316489e-10 -1.879848e-22)
(0.00073543273 3.580945e-10 1.8789312e-22)
(0.00073543245 3.9560626e-10 -1.8225675e-25)
(0.00073543191 2.7641693e-10 3.705542e-22)
(0.00073543109 -2.0917317e-11 -3.7055361e-22)
(0.00073542992 -6.1867905e-10 -3.5922426e-25)
(0.00073542835 -1.6041066e-09 0)
(0.00073542628 -3.1838943e-09 0)
(0.00073542363 -5.5736199e-09 0)
(0.0007354204 -9.2034824e-09 1.4086784e-24)
(0.00073541609 -1.468024e-08 -1.401622e-24)
(0.00073541026 -2.2381156e-08 0)
(0.00073540276 -3.3066145e-08 5.5500164e-24)
(0.0007353931 -4.7759924e-08 -2.8171674e-21)
(0.0007353806 -6.7741673e-08 2.8199016e-21)
(0.00073536443 -9.4710367e-08 2.7909942e-21)
(0.00073534363 -1.3089762e-07 -2.8018319e-21)
(0.00073531695 -1.7916754e-07 -2.1634815e-23)
(0.00073528253 -2.4318134e-07 -5.4951064e-21)
(0.00073523803 -3.2884735e-07 5.4949911e-21)
(0.0007351818 -4.4466974e-07 -2.1295131e-23)
(0.00073511157 -5.989605e-07 0)
(0.0007350234 -8.0391375e-07 -1.0715921e-20)
(0.00073491191 -1.0764904e-06 2.1457525e-20)
(0.00073477098 -1.4365009e-06 -1.0616031e-20)
(0.00073459629 -1.912048e-06 0)
(0.00073438356 -2.5399824e-06 0)
(0.0007341217 -3.3670558e-06 3.2798102e-22)
(0.00073379187 -4.4596859e-06 -2.1141924e-20)
(0.0007333802 -5.9025611e-06 2.1462151e-20)
(0.00073287958 -7.8075178e-06 6.4492974e-22)
(0.00073227583 -1.0338037e-05 0)
(0.00073155305 -1.3697637e-05 0)
(0.00073069823 -1.8169287e-05 0)
(0.0007296896 -2.4154192e-05 2.5204045e-21)
(0.00072854662 -3.2127192e-05 -5.0102577e-21)
(0.00072734997 -4.2614197e-05 4.979913e-21)
(0.00072633775 -5.6225434e-05 4.9502598e-21)
(0.00072596875 -7.3418799e-05 -9.8394271e-21)
(0.0007274142 -9.4554558e-05 0)
(0.00073191883 -0.00012072295 -1.7443587e-19)
(0.00074160447 -0.00015492391 1.5484582e-19)
(0.00076102268 -0.00020301839 7.6700874e-20)
(0.00079705642 -0.00027381477 1.9011049e-19)
(0.00078538757 -0.00040628357 2.2617475e-19)
(0.0013093995 -0.00065982992 -5.2693338e-19)
(-6.1903487e-05 -0.0017106369 1.4757493e-19)
(0.0013332905 -1.4753083e-09 -9.1732537e-26)
(0.0013332902 -5.5381032e-09 -4.6005105e-26)
(0.0013332899 -9.6483551e-09 -9.1569547e-26)
(0.0013332894 -1.3952233e-08 3.7236147e-22)
(0.0013332885 -1.8671056e-08 -3.7236119e-22)
(0.0013332872 -2.4000891e-08 0)
(0.0013332854 -3.010753e-08 0)
(0.001333283 -3.7239017e-08 1.7873199e-25)
(0.0013332796 -4.5663014e-08 0)
(0.0013332751 -5.5784401e-08 -1.4461184e-21)
(0.0013332687 -6.8127118e-08 1.4461147e-21)
(0.0013332603 -8.3492587e-08 1.4016419e-24)
(0.0013332494 -1.0228167e-07 -6.9729391e-25)
(0.0013332349 -1.2545503e-07 -4.1625941e-24)
(0.0013332157 -1.5420374e-07 -2.7609482e-24)
(0.0013331904 -1.9005682e-07 0)
(0.0013331571 -2.3482333e-07 -2.7938139e-21)
(0.0013331131 -2.9093343e-07 2.8073702e-21)
(0.0013330553 -3.6142253e-07 -5.5243143e-21)
(0.0013329787 -4.500395e-07 5.5242527e-21)
(0.0013328756 -5.6082334e-07 -3.2114464e-23)
(0.0013327393 -6.9741003e-07 2.1296504e-23)
(0.001332562 -8.7029131e-07 5.4085088e-21)
(0.0013323298 -1.0915869e-06 5.3085183e-21)
(0.0013320254 -1.3768214e-06 -5.7726618e-23)
(0.0013316263 -1.7457073e-06 -1.0784103e-20)
(0.0013311029 -2.22461e-06 0)
(0.0013304164 -2.8506578e-06 -2.0971123e-20)
(0.001329515 -3.6745418e-06 2.072448e-20)
(0.0013283357 -4.7606428e-06 0)
(0.0013267955 -6.1903257e-06 0)
(0.0013247787 -8.077278e-06 0)
(0.0013221331 -1.057879e-05 4.094029e-20)
(0.0013186594 -1.3904051e-05 -8.1640824e-20)
(0.0013140811 -1.8338532e-05 4.0699414e-20)
(0.0013080312 -2.4270792e-05 3.7713607e-20)
(0.0013001114 -3.2200394e-05 -1.202243e-19)
(0.0012898208 -4.2748498e-05 7.748273e-20)
(0.0012766099 -5.6703625e-05 -4.9540998e-21)
(0.0012600931 -7.5086845e-05 4.9231434e-21)
(0.0012397289 -9.9180263e-05 4.8948456e-21)
(0.0012149433 -0.00013136676 1.9452627e-20)
(0.0011857452 -0.00017503872 0)
(0.0011530907 -0.00023672693 -3.840749e-20)
(0.0011177268 -0.00032896031 -1.5234957e-19)
(0.0010632259 -0.00048850176 1.5202845e-19)
(0.0012767492 -0.00073976739 -7.5354224e-20)
(0.00012617935 -0.001537221 2.9378592e-19)
(0.0034317686 3.8611572e-09 9.1631763e-23)
(0.0034317682 1.215797e-08 -9.2302753e-23)
(0.0034317671 2.0738721e-08 0)
(0.0034317656 2.9737825e-08 -3.6409666e-22)
(0.0034317634 3.9384401e-08 3.6409657e-22)
(0.0034317605 4.985223e-08 0)
(0.0034317565 6.137688e-08 0)
(0.0034317513 7.4160969e-08 -1.747654e-25)
(0.0034317443 8.847523e-08 0)
(0.0034317351 1.0455995e-07 0)
(0.003431723 1.2275305e-07 0)
(0.0034317071 1.4348808e-07 0)
(0.0034316864 1.6702526e-07 -1.3921668e-21)
(0.003431659 1.9373049e-07 1.3942035e-21)
(0.003431623 2.2397818e-07 -2.7574539e-21)
(0.0034315754 2.5811294e-07 2.7574484e-21)
(0.0034315126 2.9647306e-07 -2.7265355e-21)
(0.0034314295 3.3932455e-07 8.8001298e-24)
(0.0034313196 3.868967e-07 8.1169898e-21)
(0.0034311748 4.3949382e-07 -5.4018943e-21)
(0.0034309854 4.9814567e-07 1.0467797e-23)
(0.0034307333 5.6702406e-07 0)
(0.0034303939 6.4319351e-07 0)
(0.0034299394 7.2440687e-07 0)
(0.0034293311 8.0755113e-07 0)
(0.003428517 8.8771691e-07 0)
(0.0034274272 9.5754051e-07 -1.0351572e-20)
(0.0034259678 1.0062228e-06 1.027074e-20)
(0.0034240115 1.0175933e-06 0)
(0.003421387 9.6809697e-07 0)
(0.0034178651 8.1997718e-07 0)
(0.0034131382 5.2116671e-07 -4.0274179e-20)
(0.0034067906 -4.7917046e-11 4.0272051e-20)
(0.0033982611 -8.4426088e-07 0)
(0.0033867887 -2.1523802e-06 0)
(0.0033713394 -4.1180787e-06 0)
(0.0033505339 -7.0068904e-06 0)
(0.0033225242 -1.1203543e-05 -7.538996e-20)
(0.0032848504 -1.7239585e-05 1.5518604e-19)
(0.0032342524 -2.5915192e-05 -7.2530599e-20)
(0.0031662861 -3.8474717e-05 -1.5773616e-19)
(0.0030748176 -5.6615553e-05 8.1330069e-22)
(0.0029512788 -8.3043817e-05 7.8015948e-22)
(0.0027835454 -0.0001221243 7.3396233e-22)
(0.0025540387 -0.00018054713 6.6871011e-22)
(0.002237467 -0.00027286466 1.4888466e-19)
(0.0018587935 -0.00037710772 2.9406791e-19)
(0.00054057727 -0.00062542565 -2.8639168e-19)
(0.00049768664 -0.0005869947 0)
(0.0017306577 -0.00042671478 8.0544809e-20)
(0.002163369 -0.00031863773 -1.1959034e-19)
(0.002487949 -0.00022644001 6.6026786e-22)
(0.0027206284 -0.00016603845 3.8638235e-20)
(0.0028881363 -0.00012425317 -2.3443216e-21)
(0.0030107703 -9.4500813e-05 0)
(0.0031015108 -7.2750591e-05 1.7714162e-20)
(0.0031690611 -5.6338786e-05 -1.770616e-20)
(0.0032195219 -4.3722318e-05 -5.3340828e-22)
(0.0032572947 -3.402201e-05 0)
(0.0032855828 -2.6544336e-05 0)
(0.0033067345 -2.0787197e-05 0)
(0.0033225204 -1.6325104e-05 7.6693839e-21)
(0.0033342926 -1.2860618e-05 -1.0403865e-22)
(0.0033430699 -1.0165739e-05 -2.2077719e-22)
(0.0033496111 -8.0623374e-06 -7.1070437e-21)
(0.0033544825 -6.4144482e-06 0)
(0.0033581078 -5.1191133e-06 2.5597566e-23)
(0.0033608045 -4.1000699e-06 0)
(0.0033628096 -3.2968908e-06 -1.1931898e-23)
(0.0033642992 -2.6610314e-06 0)
(0.0033654051 -2.1550129e-06 0)
(0.0033662259 -1.7505132e-06 1.3330041e-21)
(0.0033668341 -1.427232e-06 -2.6104581e-21)
(0.0033672824 -1.1676157e-06 6.6405136e-22)
(0.0033676165 -9.5679019e-07 6.1096047e-22)
(0.0033678653 -7.91642e-07 5.554241e-22)
(0.0033680455 -6.6011949e-07 -5.56479e-22)
(0.0033681756 -5.5280231e-07 0)
(0.0033682699 -4.6431383e-07 0)
(0.0033683384 -3.9090218e-07 0)
(0.0033683879 -3.2964829e-07 2.1017969e-25)
(0.0033684236 -2.7837293e-07 1.9661972e-25)
(0.0033684491 -2.3531018e-07 0)
(0.0033684673 -1.99072e-07 0)
(0.0033684803 -1.6832632e-07 3.8984932e-26)
(0.0033684896 -1.420578e-07 -3.5594936e-26)
(0.0033684963 -1.1950568e-07 1.6102468e-26)
(0.0033685009 -1.0003285e-07 0)
(0.0033685042 -8.3109718e-08 0)
(0.0033685065 -6.8286947e-08 0)
(0.003368508 -5.5162807e-08 8.6830839e-24)
(0.003368509 -4.3403086e-08 -8.6784202e-24)
(0.0033685097 -3.272445e-08 0)
(0.0033685102 -2.2858861e-08 5.2968617e-28)
(0.0033685104 -1.3568679e-08 4.3392085e-25)
(0.0033685109 -5.1760962e-09 -4.4364351e-25)
(0.00013300176 -0.0014189239 0)
(0.001169907 -0.00076615228 0)
(0.0010353412 -0.00048893134 0)
(0.0010895674 -0.00032551808 0)
(0.0011258357 -0.00022980081 4.8699998e-20)
(0.0011557832 -0.00016750091 -3.6422454e-20)
(0.0011819788 -0.00012488581 0)
(0.0012048274 -9.4335924e-05 -1.8143519e-20)
(0.0012243639 -7.1459805e-05 1.8132497e-20)
(0.0012404652 -5.4110228e-05 5.4604805e-22)
(0.0012534473 -4.0762638e-05 1.6805272e-20)
(0.0012638438 -3.0482905e-05 -2.4977383e-20)
(0.0012720679 -2.2641665e-05 8.1752658e-21)
(0.0012784795 -1.675577e-05 -1.2246389e-22)
(0.0012834177 -1.2354289e-05 -3.5677903e-22)
(0.0012872223 -9.0707007e-06 0)
(0.0012901517 -6.6224284e-06 0)
(0.0012923989 -4.8011295e-06 -1.0828759e-22)
(0.0012941144 -3.4520665e-06 -3.3211314e-21)
(0.0012954213 -2.4586315e-06 3.3453269e-21)
(0.0012964195 -1.7272056e-06 1.2205085e-23)
(0.0012971826 -1.1925171e-06 -2.3521648e-23)
(0.0012977648 -8.044921e-07 1.1316955e-23)
(0.0012982071 -5.2402338e-07 1.3633778e-21)
(0.0012985417 -3.2424405e-07 -5.6782298e-23)
(0.0012987955 -1.8369763e-07 -1.9239095e-21)
(0.0012989849 -8.5395639e-08 6.2485798e-22)
(0.001299126 -2.2703873e-08 0)
(0.0012992344 1.5511825e-08 5.3856685e-22)
(0.0012993169 3.8034695e-08 -5.3861583e-22)
(0.0012993789 5.0264513e-08 -2.4044824e-22)
(0.0012994254 5.5697476e-08 2.4095929e-22)
(0.0012994601 5.6670413e-08 -2.1495821e-25)
(0.0012994858 5.4849635e-08 -2.0108911e-25)
(0.0012995048 5.146231e-08 1.8721797e-25)
(0.0012995189 4.7565047e-08 -8.5205172e-23)
(0.0012995297 4.3372798e-08 8.5164974e-23)
(0.001299538 3.8989023e-08 -7.0894807e-23)
(0.0012995442 3.4562018e-08 7.0987351e-23)
(0.0012995489 3.0212701e-08 -2.8430989e-23)
(0.0012995524 2.6020218e-08 2.8401467e-23)
(0.001299555 2.2012773e-08 0)
(0.001299557 1.8230019e-08 -4.7671092e-27)
(0.0012995584 1.463864e-08 -7.1042557e-24)
(0.0012995595 1.1190095e-08 4.4377175e-24)
(0.0012995602 7.8584172e-09 2.6610051e-24)
(0.0012995607 4.6348533e-09 -6.5005481e-28)
(0.001299561 1.6456261e-09 2.217606e-28)
(-5.0976977e-05 -0.0016035882 8.2202213e-20)
(0.0011893828 -0.00070424405 -8.4066291e-20)
(0.00076013969 -0.00042173186 -4.0637942e-20)
(0.00075918486 -0.00028161798 5.0651831e-20)
(0.00072862577 -0.00020426037 2.6452201e-23)
(0.00070923639 -0.00015351279 4.2943702e-20)
(0.00069878883 -0.00011889409 -4.2794107e-20)
(0.00069418364 -9.3495747e-05 0)
(0.00069298604 -7.3649206e-05 -2.2441319e-21)
(0.00069372386 -5.7477064e-05 0)
(0.00069559037 -4.4278583e-05 -1.6821377e-20)
(0.00069774207 -3.380863e-05 1.5777541e-20)
(0.00069970223 -2.5663681e-05 5.0437768e-22)
(0.00070136292 -1.9467898e-05 -4.9016359e-22)
(0.00070278409 -1.4757689e-05 4.759235e-22)
(0.00070398409 -1.1190014e-05 0)
(0.00070498008 -8.4789019e-06 1.1187398e-22)
(0.0007057873 -6.4244921e-06 1.0831676e-22)
(0.00070643191 -4.8697646e-06 -1.0476267e-22)
(0.0007069491 -3.6853133e-06 -1.0120797e-22)
(0.00070736329 -2.7851031e-06 1.5340776e-21)
(0.00070768915 -2.1026069e-06 -3.3234607e-23)
(0.00070794643 -1.5868136e-06 -1.4884425e-21)
(0.00070814846 -1.1993772e-06 1.3635023e-21)
(0.00070830466 -9.0814322e-07 -1.3530141e-21)
(0.00070842526 -6.8935876e-07 -4.9930773e-24)
(0.00070851729 -5.2575769e-07 0)
(0.00070858692 -4.0070251e-07 -5.7262977e-22)
(0.00070864039 -3.0561918e-07 1.1099007e-21)
(0.00070868161 -2.338827e-07 -5.4068508e-22)
(0.00070871319 -1.7971844e-07 -2.4239627e-22)
(0.00070873716 -1.3875246e-07 2.4279508e-22)
(0.00070875529 -1.076669e-07 0)
(0.00070876907 -8.3897543e-08 0)
(0.00070877969 -6.5546203e-08 -1.8722179e-25)
(0.0007087877 -5.1035433e-08 8.5206089e-23)
(0.00070879339 -3.9619888e-08 -7.1003009e-24)
(0.00070879747 -3.072199e-08 -7.8177653e-23)
(0.00070880045 -2.3788028e-08 0)
(0.00070880265 -1.8387511e-08 2.946955e-26)
(0.00070880425 -1.4171095e-08 0)
(0.00070880545 -1.0848031e-08 -1.0661847e-23)
(0.00070880635 -8.2725157e-09 1.0650557e-23)
(0.00070880698 -6.2586392e-09 3.9003564e-27)
(0.00070880743 -4.6378824e-09 -3.0335924e-27)
(0.00070880776 -3.2829173e-09 1.0834306e-27)
(0.00070880797 -2.0566241e-09 4.4572233e-25)
(0.00070880814 -8.1587724e-10 -4.5467375e-25)
(-0.0002060468 -0.0016880577 -4.2332397e-20)
(0.0014692096 -0.00067722961 1.0421587e-19)
(0.00088127858 -0.00036241777 -1.2397205e-19)
(0.00090406094 -0.00023661061 3.0734304e-20)
(0.00086106749 -0.00017118838 -9.8717936e-21)
(0.00083248969 -0.00013024914 -4.8271138e-21)
(0.00081384733 -0.00010281926 -1.3947702e-20)
(0.00080221378 -8.307734e-05 1.864743e-20)
(0.00079540262 -6.7442302e-05 -1.5507359e-20)
(0.00079162303 -5.3944272e-05 1.9932552e-20)
(0.00078931987 -4.2471517e-05 0)
(0.00078789419 -3.3104271e-05 8.1904084e-21)
(0.00078705751 -2.5657652e-05 -7.300115e-22)
(0.00078659629 -1.9743843e-05 2.6451157e-22)
(0.00078639926 -1.5113303e-05 -1.5474743e-20)
(0.00078635926 -1.1510105e-05 7.5034192e-21)
(0.00078641048 -8.7704982e-06 -1.1190593e-22)
(0.00078648984 -6.6849461e-06 -1.0834921e-22)
(0.00078658608 -5.0989096e-06 2.095725e-22)
(0.00078668394 -3.8824205e-06 3.2331058e-21)
(0.00078677016 -2.9533676e-06 -3.1821504e-21)
(0.00078684591 -2.2442008e-06 1.4773995e-21)
(0.0007869094 -1.7032118e-06 -1.4772841e-21)
(0.00078696201 -1.292852e-06 0)
(0.00078700619 -9.8175926e-07 -1.0430936e-23)
(0.00078704239 -7.4558793e-07 0)
(0.00078707175 -5.6631911e-07 0)
(0.00078709547 -4.2972758e-07 -5.5900612e-22)
(0.00078711446 -3.2545852e-07 1.1077754e-21)
(0.0007871295 -2.4594879e-07 -7.9531093e-22)
(0.00078714114 -1.854835e-07 1.322935e-23)
(0.00078715003 -1.3960951e-07 2.4051127e-22)
(0.0007871568 -1.0474295e-07 0)
(0.00078716187 -7.8285758e-08 0)
(0.00078716562 -5.8296271e-08 0)
(0.00078716833 -4.340114e-08 -8.5206771e-23)
(0.00078717017 -3.224798e-08 1.6331179e-22)
(0.00078717139 -2.384374e-08 -7.8105185e-23)
(0.00078717216 -1.7524349e-08 0)
(0.00078717262 -1.2791148e-08 0)
(0.00078717289 -9.257701e-09 -2.4851439e-23)
(0.00078717299 -6.6288487e-09 2.4840082e-23)
(0.00078717299 -4.742564e-09 -8.8754742e-24)
(0.000787173 -3.3961571e-09 1.7750856e-24)
(0.00078717305 -2.4177685e-09 9.7660239e-24)
(0.0007871731 -1.6819882e-09 -8.8970994e-25)
(0.00078717311 -1.0625885e-09 -1.7750868e-24)
(0.00078717317 -4.0998564e-10 6.6536317e-28)
(-0.00035371867 -0.0016712083 -4.1598938e-20)
(0.0017668743 -0.00063315696 6.4801796e-20)
(0.0010341799 -0.00030804517 2.0865552e-20)
(0.0010867525 -0.0001928337 0)
(0.0010491088 -0.00013745707 3.9297267e-20)
(0.0010231737 -0.00010609814 -5.8432712e-20)
(0.0010042048 -8.6638383e-05 2.3900611e-20)
(0.00098930301 -7.1755798e-05 4.6220044e-21)
(0.00097896469 -5.8979771e-05 0)
(0.00097225308 -4.7988368e-05 -2.1922023e-21)
(0.00096761263 -3.8529839e-05 8.428604e-21)
(0.00096428712 -3.0502887e-05 8.1248484e-22)
(0.00096194676 -2.3914573e-05 -7.1839697e-21)
(0.00096026987 -1.8585658e-05 -4.9078401e-22)
(0.00095902379 -1.4366379e-05 0)
(0.00095806582 -1.1051281e-05 0)
(0.00095733444 -8.4631884e-06 3.7494147e-21)
(0.00095682153 -6.4578607e-06 -3.4164075e-21)
(0.00095646506 -4.9116742e-06 -1.0480745e-22)
(0.00095622145 -3.7360362e-06 0)
(0.00095604733 -2.8429005e-06 -1.5833811e-21)
(0.00095592254 -2.1630491e-06 1.4873065e-21)
(0.00095583304 -1.6436311e-06 0)
(0.00095576864 -1.2458048e-06 6.6011626e-22)
(0.00095572304 -9.4163694e-07 -2.8398292e-23)
(0.00095569107 -7.0931216e-07 -2.8399028e-23)
(0.00095566806 -5.3203022e-07 -6.2495269e-22)
(0.00095565125 -3.9719247e-07 -4.5494549e-24)
(0.00095563925 -2.9501124e-07 2.6985278e-22)
(0.00095563056 -2.1794567e-07 -2.6984415e-22)
(0.00095562409 -1.6004358e-07 9.7085128e-25)
(0.0009556193 -1.1655911e-07 -9.1535072e-25)
(0.00095561576 -8.4112937e-08 0)
(0.00095561305 -6.0072205e-08 -4.0218905e-25)
(0.00095561098 -4.2373333e-08 9.2683335e-23)
(0.00095560933 -2.9489057e-08 -9.2481093e-23)
(0.00095560794 -2.0202174e-08 1.5948466e-25)
(0.00095560675 -1.3571332e-08 0)
(0.00095560575 -8.9057785e-09 6.5873376e-26)
(0.00095560494 -5.6680388e-09 2.8460746e-23)
(0.00095560428 -3.4515671e-09 -1.5975912e-23)
(0.00095560373 -2.0081006e-09 -1.2380619e-23)
(0.00095560327 -1.0794945e-09 9.5341831e-27)
(0.00095560295 -5.3675754e-10 0)
(0.00095560273 -2.8425099e-10 0)
(0.00095560257 -2.1748859e-10 2.1668601e-27)
(0.00095560245 -2.1941232e-10 2.2188586e-25)
(0.00095560243 -1.3647116e-10 -2.2754531e-25)
(-0.00048479819 -0.0015484091 1.5075414e-19)
(0.0020356988 -0.00056420552 -4.340994e-20)
(0.0011631979 -0.00025532397 -2.0880316e-20)
(0.0012484677 -0.00015004022 3.0192894e-20)
(0.0012122234 -0.00010432814 -5.0397596e-20)
(0.0011878504 -8.1317571e-05 0)
(0.0011707327 -6.940387e-05 9.2670765e-21)
(0.0011569443 -6.0403705e-05 -2.3370009e-20)
(0.0011451575 -5.0909452e-05 -1.7812236e-20)
(0.0011360418 -4.1725911e-05 2.6469965e-20)
(0.0011294212 -3.3568732e-05 -9.7347134e-21)
(0.0011245263 -2.6581114e-05 -8.2049362e-21)
(0.0011208402 -2.0814248e-05 7.1901775e-21)
(0.0011180439 -1.6222495e-05 -3.3802629e-21)
(0.0011159116 -1.2614335e-05 -3.6296338e-22)
(0.0011143098 -9.8061773e-06 7.3960922e-21)
(0.0011130987 -7.5827682e-06 -4.0881369e-21)
(0.0011121641 -5.8403817e-06 -3.5205019e-21)
(0.001111445 -4.4710036e-06 3.5162375e-21)
(0.0011108959 -3.4086742e-06 -1.591792e-21)
(0.0011104882 -2.5936943e-06 1.6892515e-21)
(0.0011101901 -1.9700713e-06 1.5248117e-21)
(0.0011099707 -1.4961785e-06 -2.1879716e-21)
(0.0011098072 -1.1346091e-06 7.3207594e-22)
(0.0011096853 -8.5830523e-07 1.0432247e-23)
(0.0011095944 -6.4772312e-07 0)
(0.0011095265 -4.8778042e-07 -5.9657881e-22)
(0.0011094758 -3.6635352e-07 3.1247488e-22)
(0.0011094379 -2.7447946e-07 5.5392204e-22)
(0.0011094097 -2.0523569e-07 -1.4200596e-23)
(0.001109389 -1.5315678e-07 -4.9708326e-22)
(0.0011093736 -1.1401473e-07 2.4326551e-22)
(0.0011093622 -8.4733316e-08 -8.5987467e-25)
(0.0011093537 -6.2893487e-08 8.0438972e-25)
(0.0011093474 -4.6645599e-08 -3.7445378e-25)
(0.0011093427 -3.4604334e-08 8.5381395e-23)
(0.0011093391 -2.5671456e-08 -4.6313143e-23)
(0.0011093365 -1.9032752e-08 -3.9125735e-23)
(0.0011093346 -1.4089051e-08 -6.5873932e-26)
(0.0011093332 -1.0417104e-08 -2.9469896e-26)
(0.0011093322 -7.7183207e-09 0)
(0.0011093314 -5.7222788e-09 -4.5070951e-26)
(0.0011093308 -4.2340558e-09 -9.5342318e-27)
(0.0011093305 -3.1271448e-09 3.5501879e-24)
(0.0011093302 -2.3009311e-09 -6.2128144e-24)
(0.00110933 -1.6521937e-09 3.5501749e-24)
(0.0011093299 -1.065236e-09 -8.9014326e-25)
(0.0011093298 -4.280899e-10 0)
(-0.00059497494 -0.0013231367 -4.3794845e-20)
(0.0022693911 -0.00047464503 0)
(0.0012664021 -0.00020122363 -1.0581379e-20)
(0.001374731 -0.00011501125 1.0260489e-20)
(0.0013391114 -7.9075527e-05 1.0006201e-20)
(0.0013158675 -6.1606974e-05 0)
(0.0012984864 -5.2862067e-05 2.8329397e-20)
(0.0012842782 -4.7295366e-05 -1.8789691e-20)
(0.0012722944 -4.1284435e-05 -8.9196851e-21)
(0.0012618762 -3.4485377e-05 8.9126708e-21)
(0.0012535555 -2.7819027e-05 1.0696761e-21)
(0.0012472266 -2.2054729e-05 0)
(0.001242382 -1.7276455e-05 -5.0585737e-22)
(0.001238648 -1.3436678e-05 0)
(0.0012357719 -1.0414453e-05 4.7677087e-22)
(0.0012335712 -8.054711e-06 0)
(0.0012318867 -6.2339571e-06 2.2401231e-22)
(0.0012306036 -4.824662e-06 1.0842398e-22)
(0.0012296282 -3.7300204e-06 -1.6491713e-21)
(0.0012288746 -2.8724382e-06 1.6488602e-21)
(0.0012282945 -2.1961215e-06 -9.77087e-23)
(0.0012278531 -1.6718625e-06 0)
(0.0012275203 -1.2687628e-06 0)
(0.0012272731 -9.6125965e-07 1.0877632e-23)
(0.0012270883 -7.2723837e-07 -1.0432837e-23)
(0.0012269496 -5.4895956e-07 0)
(0.0012268454 -4.1337823e-07 0)
(0.0012267673 -3.1040109e-07 0)
(0.0012267089 -2.3231725e-07 0)
(0.0012266654 -1.7321628e-07 0)
(0.0012266331 -1.2862297e-07 0)
(0.0012266092 -9.5165923e-08 -9.1538428e-25)
(0.0012265916 -7.0101596e-08 -1.052255e-22)
(0.0012265786 -5.1367536e-08 1.0611076e-22)
(0.0012265692 -3.7405506e-08 0)
(0.0012265623 -2.7025644e-08 -4.2604273e-23)
(0.0012265573 -1.9309651e-08 8.1657202e-23)
(0.0012265536 -1.3587973e-08 -3.9053062e-23)
(0.0012265509 -9.3717596e-09 0)
(0.0012265489 -6.3010442e-09 -1.420097e-23)
(0.0012265475 -4.1256417e-09 1.4200871e-23)
(0.0012265465 -2.6278834e-09 1.0673166e-23)
(0.0012265458 -1.6356404e-09 -1.5088328e-23)
(0.0012265453 -1.01683e-09 4.4377315e-24)
(0.0012265449 -6.6678247e-10 0)
(0.0012265447 -4.895074e-10 8.8537721e-25)
(0.0012265445 -3.696483e-10 -1.1081286e-24)
(0.0012265443 -1.7721182e-10 2.2730905e-25)
(-0.00068275652 -0.001009929 2.1071758e-20)
(0.0024526433 -0.00036085331 -1.3498001e-21)
(0.0013409103 -0.00014776744 -5.3201885e-20)
(0.0014638306 -8.3459032e-05 2.0933726e-20)
(0.0014272841 -5.7100206e-05 -2.4906775e-20)
(0.0014035042 -4.4535661e-05 1.4943112e-20)
(0.0013851123 -3.8398058e-05 4.6556229e-21)
(0.0013692663 -3.4237814e-05 -7.0886141e-21)
(0.0013558266 -3.0363796e-05 0)
(0.0013445279 -2.58056e-05 1.1011239e-21)
(0.0013351289 -2.0955579e-05 0)
(0.0013275577 -1.6623339e-05 0)
(0.0013217182 -1.3022635e-05 5.059694e-22)
(0.0013171876 -1.012479e-05 2.4576238e-22)
(0.0013136798 -7.8382899e-06 1.8793959e-21)
(0.0013109909 -6.0542298e-06 -1.8787068e-21)
(0.0013089292 -4.6714808e-06 -1.7641167e-21)
(0.0013073493 -3.6008118e-06 3.4703361e-21)
(0.0013061419 -2.7795879e-06 -1.8111622e-21)
(0.001305224 -2.1484598e-06 0)
(0.0013045216 -1.6560197e-06 -7.1867658e-22)
(0.0013039805 -1.269762e-06 1.5064187e-21)
(0.0013035684 -9.6722014e-07 -7.3890361e-22)
(0.0013032552 -7.3299617e-07 -3.5187834e-22)
(0.0013030198 -5.5384826e-07 3.4096719e-22)
(0.0013028434 -4.1757843e-07 -4.9942906e-24)
(0.0013027109 -3.1408045e-07 0)
(0.0013026115 -2.3557899e-07 0)
(0.0013025373 -1.7612428e-07 0)
(0.001302482 -1.3117364e-07 -1.0264049e-24)
(0.001302441 -9.7278234e-08 9.708935e-25)
(0.0013024107 -7.1818072e-08 -4.5769506e-25)
(0.0013023884 -5.2749989e-08 -1.5283229e-30)
(0.0013023722 -3.8519867e-08 4.9907764e-23)
(0.0013023603 -2.7949097e-08 -9.6048333e-23)
(0.0013023518 -2.0143282e-08 4.6154649e-23)
(0.0013023457 -1.4416939e-08 3.9053662e-23)
(0.0013023413 -1.0237231e-08 -3.898036e-23)
(0.0013023381 -7.1977404e-09 0)
(0.0013023359 -5.0053785e-09 1.4171524e-23)
(0.0013023344 -3.4408351e-09 -2.0400788e-23)
(0.0013023333 -2.3557363e-09 6.2241301e-24)
(0.0013023326 -1.6153024e-09 0)
(0.0013023321 -1.1230278e-09 0)
(0.0013023317 -8.082073e-10 -1.3313184e-24)
(0.0013023315 -6.0153631e-10 1.3334822e-24)
(0.0013023313 -4.198244e-10 6.5005529e-28)
(0.0013023312 -1.847231e-10 -2.2176125e-28)
(-0.00074372143 -0.00063290374 0)
(0.0025779846 -0.00022630175 -5.4390724e-21)
(0.0013883074 -9.1398484e-05 -2.1044167e-20)
(0.0015195809 -5.1319401e-05 1.0777777e-20)
(0.0014808833 -3.5048093e-05 1.5257007e-20)
(0.0014555788 -2.7354392e-05 -4.7884749e-21)
(0.0014356612 -2.3639906e-05 1.0876842e-20)
(0.001418122 -2.1118055e-05 -2.324954e-21)
(0.0014032722 -1.8705368e-05 1.1323233e-21)
(0.0013910031 -1.5937578e-05 -1.1013437e-21)
(0.0013807225 -1.3051305e-05 -5.3587856e-22)
(0.0013722975 -1.0363499e-05 -2.6050587e-22)
(0.0013656969 -8.1197517e-06 1.9962635e-21)
(0.0013605777 -6.3142538e-06 -2.2410595e-21)
(0.0013566155 -4.8831076e-06 0)
(0.0013535679 -3.7665308e-06 5.783062e-23)
(0.0013512289 -2.9027072e-06 5.6028295e-23)
(0.0013494365 -2.2348525e-06 -5.4231289e-23)
(0.0013480655 -1.720099e-06 8.2478419e-22)
(0.0013470194 -1.3238184e-06 -3.1189463e-24)
(0.0013462242 -1.0227592e-06 -8.0823267e-22)
(0.0013456174 -7.8759362e-07 0)
(0.0013451526 -6.0363957e-07 5.6619499e-24)
(0.0013447984 -4.5938143e-07 5.4393022e-24)
(0.0013445293 -3.4706697e-07 -5.2167999e-24)
(0.0013443262 -2.6128792e-07 1.5876777e-22)
(0.0013441738 -1.9623448e-07 -3.0303032e-22)
(0.0013440596 -1.4699124e-07 1.4914794e-22)
(0.0013439743 -1.0975903e-07 0)
(0.0013439109 -8.1648941e-08 1.0264192e-24)
(0.0013438639 -6.0473447e-08 -9.7090517e-25)
(0.0013438293 -4.4571185e-08 4.5769979e-25)
(0.0013438039 -3.2667173e-08 -4.2995036e-25)
(0.0013437854 -2.3789645e-08 -2.0110187e-25)
(0.001343772 -1.7200185e-08 9.3615031e-26)
(0.0013437624 -1.2338776e-08 -8.6679041e-26)
(0.0013437555 -8.7787835e-09 3.9871898e-26)
(0.0013437507 -6.1822397e-09 -1.771513e-23)
(0.0013437473 -4.294986e-09 2.5739457e-23)
(0.001343745 -2.9478047e-09 -8.0027828e-24)
(0.0013437434 -1.9972929e-09 -6.2324088e-24)
(0.0013437423 -1.3256928e-09 6.2072317e-24)
(0.0013437416 -8.7047847e-10 -4.7671105e-27)
(0.0013437411 -5.7864528e-10 -1.7750956e-24)
(0.0013437408 -4.0243939e-10 1.7750897e-24)
(0.0013437405 -2.9998506e-10 4.4377206e-25)
(0.0013437403 -2.2090197e-10 -5.5536432e-25)
(0.0013437402 -1.0235953e-10 1.1342964e-25)
(-0.00077487548 -0.00021556172 1.0931522e-20)
(0.0026415861 -7.7171654e-05 -5.7222042e-21)
(0.001411184 -3.1006162e-05 0)
(0.0015461377 -1.73827e-05 7.9229182e-26)
(0.0015058125 -1.1868771e-05 0)
(0.0014793228 -9.2655179e-06 -2.4255243e-21)
(0.0014583336 -8.0112812e-06 1.2274638e-21)
(0.0014397612 -7.1580593e-06 2.2975265e-21)
(0.0014240203 -6.3170762e-06 -1.1921107e-21)
(0.0014110999 -5.3966138e-06 -2.2338423e-21)
(0.0014003334 -4.4346099e-06 5.3591105e-22)
(0.001391465 -3.52603e-06 2.6052739e-22)
(0.0013844631 -2.7621052e-06 0)
(0.0013790259 -2.1449363e-06 0)
(0.001374815 -1.6573089e-06 0)
(0.0013715742 -1.2776917e-06 -5.7833642e-23)
(0.0013690879 -9.8420447e-07 -5.6058231e-23)
(0.0013671836 -7.5746094e-07 5.4233475e-23)
(0.0013657273 -5.8250041e-07 0)
(0.0013646155 -4.476208e-07 1.7372382e-22)
(0.001363769 -3.4438416e-07 -3.7867451e-22)
(0.0013631254 -2.6612577e-07 1.9187149e-22)
(0.0013626347 -2.04306e-07 -5.6620633e-24)
(0.0013622601 -1.5601924e-07 -9.0683445e-23)
(0.0013619748 -1.180091e-07 8.7579988e-24)
(0.0013617585 -8.87382e-08 8.4184479e-23)
(0.0013615956 -6.6541228e-08 7.2193432e-23)
(0.0013614737 -4.9761935e-08 -3.9058156e-23)
(0.0013613827 -3.7091161e-08 -3.5514247e-23)
(0.0013613151 -2.753498e-08 0)
(0.0013612651 -2.0342561e-08 3.7926106e-27)
(0.0013612282 -1.4945017e-08 -1.4202648e-23)
(0.0013612013 -1.0908001e-08 8.8755836e-25)
(0.0013611816 -7.9008323e-09 2.5739501e-23)
(0.0013611675 -5.6721962e-09 -7.939343e-25)
(0.0013611573 -4.0313529e-09 -1.1452037e-23)
(0.0013611501 -2.8333333e-09 4.8424776e-24)
(0.0013611451 -1.9651904e-09 -4.7960765e-25)
(0.0013611416 -1.3445644e-09 -4.4377161e-25)
(0.0013611392 -8.9956504e-10 -3.9792912e-24)
(0.0013611376 -5.7951947e-10 -1.5467267e-24)
(0.0013611365 -3.6091237e-10 1.547583e-24)
(0.0013611358 -2.2063413e-10 1.1142054e-24)
(0.0013611353 -1.3973443e-10 -1.1094335e-24)
(0.001361135 -9.6237998e-11 3.3282965e-25)
(0.0013611348 -7.5289704e-11 -2.2188581e-25)
(0.0013611346 -6.173517e-11 -1.3867825e-25)
(0.0013611344 -3.0523545e-11 2.8495784e-26)
(-0.00077487786 0.0002155768 -1.0931526e-20)
(0.0026415841 7.7182409e-05 1.120445e-20)
(0.0014111838 3.101642e-05 5.3897262e-21)
(0.0015461376 1.7392724e-05 -5.1248679e-21)
(0.0015058126 1.1878862e-05 5.1174513e-21)
(0.0014793229 9.2756169e-06 3.7488661e-26)
(0.0014583334 8.0210035e-06 1.1951935e-21)
(0.0014397607 7.1676075e-06 -2.2975267e-21)
(0.0014240209 6.3267905e-06 2.2953828e-21)
(0.001411101 5.4056077e-06 0)
(0.0014003338 4.4431247e-06 -5.3591105e-22)
(0.001391465 3.5329375e-06 0)
(0.0013844629 2.7677411e-06 0)
(0.0013790258 2.1495917e-06 -3.6162258e-22)
(0.001374815 1.6611748e-06 4.8432953e-22)
(0.0013715743 1.2809099e-06 -4.5554473e-22)
(0.0013690879 9.8688859e-07 4.5541875e-22)
(0.0013671836 7.5971075e-07 0)
(0.0013657273 5.8440591e-07 2.0620645e-22)
(0.0013646155 4.4924834e-07 -2.0616139e-22)
(0.001363769 3.4576925e-07 -2.3859428e-26)
(0.0013631254 2.6739785e-07 0)
(0.0013626346 2.0545751e-07 0)
(0.00136226 1.5707297e-07 -1.0623829e-26)
(0.0013619748 1.1893369e-07 1.0189217e-26)
(0.0013617584 8.9567736e-08 2.49724e-24)
(0.0013615955 6.7300662e-08 7.4579522e-23)
(0.0013614736 5.046618e-08 -1.1009109e-22)
(0.0013613826 3.7749476e-08 3.5514247e-23)
(0.001361315 2.8153179e-08 0)
(0.001361265 2.0924854e-08 -3.0670745e-23)
(0.0013612282 1.5493938e-08 1.574893e-23)
(0.0013612012 1.1424881e-08 8.8755836e-25)
(0.0013611816 8.3858507e-09 1.3315884e-23)
(0.0013611674 6.1249032e-09 0)
(0.0013611573 4.4508307e-09 5.2389056e-24)
(0.0013611501 3.2182985e-09 -5.2862502e-24)
(0.001361145 2.3128669e-09 -4.4020526e-24)
(0.0013611415 1.6498676e-09 4.4378367e-24)
(0.0013611391 1.1732324e-09 1.7751274e-24)
(0.0013611375 8.2982647e-10 -2.2188563e-25)
(0.0013611364 5.8129888e-10 -2.8845481e-24)
(0.0013611357 4.0267779e-10 2.266527e-25)
(0.0013611353 2.8214612e-10 6.6565955e-25)
(0.001361135 2.0231872e-10 7.781189e-25)
(0.0013611347 1.4705273e-10 -3.3282883e-25)
(0.0013611345 9.9362254e-11 -3.1741006e-31)
(0.0013611344 4.2476738e-11 1.1098729e-28)
(-0.00074372734 0.00063291667 5.1016669e-22)
(0.0025779802 0.00022631152 1.6816697e-20)
(0.001388307 9.1408645e-05 -2.1044182e-20)
(0.0015195805 5.1329303e-05 2.1011653e-20)
(0.0014808835 3.5057735e-05 0)
(0.0014555791 2.7363877e-05 0)
(0.001435662 2.364985e-05 -1.1950753e-21)
(0.0014181239 2.1128239e-05 0)
(0.0014032728 1.8715798e-05 -4.4693861e-21)
(0.0013910027 1.5946169e-05 3.364332e-21)
(0.0013807221 1.3058095e-05 3.6929912e-21)
(0.0013722969 1.0369177e-05 -4.7466444e-21)
(0.001365697 8.1247256e-06 0)
(0.0013605779 6.3185566e-06 2.0607733e-21)
(0.0013566158 4.886793e-06 -1.6985106e-21)
(0.0013535681 3.7696642e-06 0)
(0.0013512291 2.9053623e-06 1.1205083e-22)
(0.0013494366 2.2371095e-06 8.5345534e-22)
(0.0013480655 1.7220646e-06 -2.8459659e-23)
(0.0013470194 1.3255973e-06 -8.2460768e-22)
(0.0013462242 1.0243832e-06 0)
(0.0013456174 7.8892906e-07 0)
(0.0013451525 6.0479447e-07 0)
(0.0013447982 4.6034855e-07 -3.4101242e-22)
(0.001344529 3.4791879e-07 1.4204718e-23)
(0.001344326 2.620756e-07 1.6797691e-22)
(0.0013441736 1.9696875e-07 7.101358e-24)
(0.0013440593 1.4767815e-07 1.4914795e-22)
(0.0013439741 1.1040356e-07 -2.1638872e-24)
(0.0013439107 8.2255335e-08 0)
(0.0013438637 6.1045254e-08 4.8545156e-25)
(0.0013438291 4.511039e-08 2.2884941e-25)
(0.0013438037 3.3174868e-08 0)
(0.0013437852 2.4266306e-08 0)
(0.0013437718 1.7645438e-08 2.2890594e-23)
(0.0013437622 1.2751999e-08 -2.281736e-23)
(0.0013437554 9.1594413e-09 -3.9871899e-26)
(0.0013437506 6.5317723e-09 -3.6404427e-26)
(0.0013437472 4.6141303e-09 3.2937127e-26)
(0.0013437449 3.2193523e-09 -7.1299754e-24)
(0.0013437433 2.2223862e-09 7.0874482e-24)
(0.0013437422 1.5238116e-09 1.1267774e-26)
(0.0013437415 1.0442449e-09 2.2093421e-24)
(0.001343741 7.2180493e-10 -4.4377117e-25)
(0.0013437407 5.1047893e-10 -1.7766066e-24)
(0.0013437404 3.7473201e-10 0)
(0.0013437402 2.6327893e-10 0)
(0.0013437401 1.1529115e-10 -1.1087937e-28)
(-0.00068276511 0.0010099422 -4.427874e-20)
(0.0024526375 0.00036086136 4.2892286e-20)
(0.0013409103 0.00014777589 -1.1273026e-20)
(0.0014638298 8.3466574e-05 -4.1341335e-20)
(0.0014272842 5.7108506e-05 4.0250861e-20)
(0.0014035056 4.4544968e-05 -1.9846219e-20)
(0.001385114 3.8408117e-05 9.4226244e-21)
(0.0013692678 3.424817e-05 -1.1734704e-20)
(0.0013558274 3.0372293e-05 8.9308525e-21)
(0.0013445272 2.5813585e-05 -1.4311973e-20)
(0.0013351285 2.0961376e-05 6.5997157e-21)
(0.0013275579 1.6628759e-05 4.7442461e-21)
(0.0013217186 1.3027423e-05 0)
(0.001317188 1.0128938e-05 -2.4576238e-22)
(0.0013136801 7.8418607e-06 -2.385069e-22)
(0.0013109912 6.0572896e-06 0)
(0.0013089294 4.674088e-06 1.6520761e-21)
(0.0013073494 3.6030335e-06 -1.653706e-22)
(0.001306142 2.7815889e-06 -1.6175547e-22)
(0.0013052241 2.1501981e-06 -1.6490687e-21)
(0.0013045214 1.6575843e-06 0)
(0.0013039803 1.2710507e-06 -7.3900033e-22)
(0.0013035681 9.6828267e-07 1.4493939e-21)
(0.0013032548 7.3391135e-07 -3.8028829e-22)
(0.0013030195 5.5471108e-07 -1.4203728e-23)
(0.0013028431 4.1837565e-07 -3.2673636e-22)
(0.0013027106 3.1481662e-07 0)
(0.0013026112 2.3626268e-07 0)
(0.0013025369 1.7676175e-07 -1.3277255e-22)
(0.0013024816 1.317702e-07 5.0477713e-24)
(0.0013024406 9.7839183e-08 1.2879573e-22)
(0.0013024104 7.2345672e-08 -9.153935e-25)
(0.0013023881 5.3245371e-08 -4.299481e-25)
(0.0013023719 3.8983871e-08 0)
(0.00130236 2.8381251e-08 1.8722847e-25)
(0.0013023515 2.0542656e-08 -1.7335744e-25)
(0.0013023454 1.4783139e-08 -1.5948759e-25)
(0.001302341 1.0570839e-08 -1.7678691e-23)
(0.0013023379 7.5035636e-09 1.7718372e-23)
(0.0013023357 5.2839503e-09 -1.4171525e-23)
(0.0013023342 3.684323e-09 2.0426792e-23)
(0.0013023331 2.5527783e-09 -6.2241305e-24)
(0.0013023324 1.7767397e-09 4.7671068e-27)
(0.0013023319 1.255872e-09 3.5579914e-24)
(0.0013023316 9.1071441e-10 -4.8814978e-24)
(0.0013023313 6.6929548e-10 1.7729206e-24)
(0.0013023311 4.5549978e-10 -4.4507155e-25)
(0.001302331 1.9577877e-10 0)
(-0.00059498871 0.0013231451 0)
(0.0022693808 0.00047465065 6.40183e-20)
(0.0012664012 0.0002012288 -5.3138552e-20)
(0.0013747304 0.00011501791 1.0260502e-20)
(0.001339114 7.9084194e-05 -1.9807547e-20)
(0.0013158706 6.1617641e-05 1.9783762e-20)
(0.0012984897 5.2873977e-05 0)
(0.0012842803 4.7306659e-05 -2.3138786e-21)
(0.0012722946 4.129375e-05 8.9196867e-21)
(0.0012618751 3.4492571e-05 -1.3310925e-20)
(0.0012535544 2.782532e-05 -1.070359e-21)
(0.0012472267 2.2060084e-05 1.0404464e-21)
(0.0012423823 1.7281041e-05 5.0568217e-22)
(0.0012386483 1.3440637e-05 3.873116e-21)
(0.0012357722 1.0417891e-05 -3.8715679e-21)
(0.0012335714 8.057725e-06 -3.6423853e-21)
(0.0012318868 6.2365902e-06 3.6412962e-21)
(0.0012306037 4.8269803e-06 7.1150603e-27)
(0.0012296283 3.7319646e-06 1.7540284e-21)
(0.0012288745 2.873995e-06 -1.6488603e-21)
(0.0012282942 2.1973447e-06 1.534927e-21)
(0.0012278527 1.6729903e-06 -7.9576582e-22)
(0.0012275199 1.2697654e-06 -7.3885374e-22)
(0.0012272727 9.6220704e-07 1.0877632e-23)
(0.0012270879 7.2810731e-07 0)
(0.0012269492 5.4975551e-07 -3.1252253e-22)
(0.001226845 4.1410675e-07 3.1250187e-22)
(0.0012267669 3.1107287e-07 -4.5497444e-24)
(0.0012267084 2.3294001e-07 -2.6986749e-22)
(0.0012266649 1.7379405e-07 1.6253682e-23)
(0.0012266327 1.2916686e-07 2.5370449e-22)
(0.0012266088 9.56764e-08 1.8307639e-24)
(0.0012265912 7.0579448e-08 4.2994248e-25)
(0.0012265783 5.1813037e-08 0)
(0.0012265688 3.7820163e-08 -3.744563e-25)
(0.0012265619 2.7410871e-08 -4.2604276e-23)
(0.0012265569 1.9669024e-08 8.1816696e-23)
(0.0012265533 1.3923364e-08 -3.9125874e-23)
(0.0012265506 9.6843178e-09 6.5874088e-26)
(0.0012265487 6.5916184e-09 -1.4230441e-23)
(0.0012265472 4.3884245e-09 1.8010869e-24)
(0.0012265463 2.8535667e-09 1.2425716e-23)
(0.0012265455 1.8190588e-09 -9.5342354e-27)
(0.001226545 1.1621475e-09 -7.800694e-27)
(0.0012265447 7.7773158e-10 0)
(0.0012265444 5.647692e-10 2.1668523e-27)
(0.0012265442 4.0808676e-10 1.3001103e-27)
(0.0012265441 1.8893222e-10 0)
(-0.00048481002 0.0015484147 1.2949923e-19)
(0.0020356898 0.00056420863 -6.3669309e-20)
(0.0011631989 0.00025532875 2.1354114e-20)
(0.0012484707 0.00015004852 -1.0254266e-20)
(0.0012122283 0.00010433991 9.9618082e-21)
(0.0011878563 8.1331584e-05 2.8968371e-20)
(0.0011707368 6.9417275e-05 -4.6122277e-22)
(0.0011569453 6.04137e-05 -1.4112733e-20)
(0.0011451562 5.0917031e-05 0)
(0.0011360401 4.17319e-05 2.197303e-21)
(0.0011294206 3.3574397e-05 -1.0685546e-21)
(0.0011245262 2.6586001e-05 -5.2436101e-25)
(0.0011208403 2.0818531e-05 7.4677615e-21)
(0.001118044 1.6226261e-05 -7.9698819e-21)
(0.0011159117 1.2617749e-05 4.76569e-22)
(0.0011143099 9.809017e-06 3.4100993e-21)
(0.0011130987 7.5851818e-06 1.1029988e-22)
(0.001112164 5.8424538e-06 -3.4173249e-21)
(0.0011114447 4.4726422e-06 -1.0482863e-22)
(0.0011108955 3.4100736e-06 -5.0630441e-23)
(0.0011104878 2.5948636e-06 -4.8848055e-23)
(0.0011101897 1.9711597e-06 1.4306779e-21)
(0.0011099702 1.497203e-06 -7.445502e-22)
(0.0011098067 1.1355437e-06 -7.1032218e-22)
(0.0011096848 8.5915654e-07 0)
(0.0011095939 6.4851149e-07 -6.2501719e-22)
(0.001109526 4.884906e-07 6.2498014e-22)
(0.0011094752 3.6700735e-07 -3.0785894e-29)
(0.0011094373 2.7508769e-07 0)
(0.0011094092 2.0579999e-07 2.5565009e-22)
(0.0011093884 1.5366652e-07 -2.5467109e-22)
(0.0011093731 1.1448522e-07 -9.1536632e-25)
(0.0011093617 8.5170615e-08 0)
(0.0011093532 6.3299201e-08 -9.9411706e-23)
(0.0011093469 4.701964e-08 1.9209418e-22)
(0.0011093422 3.4945592e-08 -9.2308368e-23)
(0.0011093387 2.598265e-08 3.9212825e-23)
(0.0011093361 1.9317449e-08 -7.4482891e-23)
(0.0011093342 1.435099e-08 3.4842917e-24)
(0.0011093328 1.0645807e-08 3.5206968e-24)
(0.0011093318 7.9080103e-09 2.8375705e-23)
(0.0011093311 5.889848e-09 1.0628085e-23)
(0.0011093305 4.3884017e-09 -1.9516533e-23)
(0.0011093302 3.2565556e-09 8.8754618e-24)
(0.0011093299 2.3982001e-09 0)
(0.0011093297 1.715913e-09 0)
(0.0011093296 1.0997562e-09 -2.2188586e-25)
(0.0011093295 4.3853021e-10 2.2709358e-25)
(-0.00035373281 0.0016712171 -4.1597044e-20)
(0.001766865 0.00063316425 8.5837621e-20)
(0.0010341846 0.00030805117 2.0865589e-20)
(0.0010867598 0.00019284411 -1.0139793e-20)
(0.0010491186 0.00013747009 2.9341952e-20)
(0.0010231804 0.00010611043 -4.8968924e-20)
(0.0010042063 8.6647408e-05 0)
(0.00098930159 7.176286e-05 2.2861565e-20)
(0.00097896289 5.8985404e-05 -3.6015121e-20)
(0.00097225177 4.7993802e-05 1.996236e-20)
(0.00096761171 3.8534867e-05 -7.3605352e-21)
(0.00096428662 3.0507335e-05 8.423677e-21)
(0.00096194651 2.3918367e-05 5.0498851e-22)
(0.00096026973 1.8588865e-05 0)
(0.00095902344 1.436897e-05 -4.7643384e-22)
(0.00095806524 1.1053508e-05 2.310543e-22)
(0.00095733397 8.4651036e-06 -3.9732978e-21)
(0.00095682104 6.4594698e-06 3.5247809e-21)
(0.00095646458 4.9131245e-06 -3.2971136e-21)
(0.000956221 3.7373604e-06 3.34724e-21)
(0.00095604685 2.8441381e-06 5.7389223e-28)
(0.00095592204 2.1641801e-06 4.7061896e-23)
(0.0009558325 1.6446331e-06 -2.2641331e-23)
(0.00095576808 1.2466949e-06 -6.8186839e-22)
(0.00095572248 9.4242753e-07 2.8398292e-23)
(0.00095569048 7.1000939e-07 6.5338367e-22)
(0.00095566744 5.3268558e-07 0)
(0.00095565065 3.9780963e-07 4.549413e-24)
(0.00095563865 2.955916e-07 0)
(0.00095562995 2.1849629e-07 -2.556439e-22)
(0.0009556235 1.6056e-07 2.5563691e-22)
(0.00095561874 1.170373e-07 0)
(0.00095561522 8.4552333e-08 0)
(0.00095561253 6.047667e-08 -9.9008435e-23)
(0.00095561047 4.2738897e-08 9.9409187e-23)
(0.00095560884 2.9807223e-08 0)
(0.00095560748 2.0478214e-08 -1.5948468e-25)
(0.00095560632 1.3807614e-08 3.5502614e-23)
(0.00095560534 9.0977332e-09 -3.5502343e-23)
(0.00095560454 5.8300266e-09 2.946939e-26)
(0.00095560391 3.5887941e-09 -1.2425747e-23)
(0.00095560339 2.116151e-09 1.7976199e-24)
(0.00095560296 1.1907622e-09 1.0650569e-23)
(0.00095560263 6.3097005e-10 7.8007183e-27)
(0.00095560241 3.5398769e-10 0)
(0.00095560225 2.6208862e-10 -8.8754423e-25)
(0.00095560214 2.4226525e-10 6.6695754e-25)
(0.00095560212 1.4257577e-10 2.2710179e-25)
(-0.00020605626 0.001688062 -8.4104761e-20)
(0.001469201 0.00067723774 -1.0406666e-19)
(0.00088128394 0.00036242618 4.2231426e-20)
(0.00090407258 0.00023662071 5.095064e-20)
(0.00086107635 0.00017119654 0)
(0.00083249415 0.00013025506 0)
(0.00081384878 0.00010282331 0)
(0.00080221358 8.3081334e-05 -9.2155821e-21)
(0.0007954014 6.744641e-05 1.5507366e-20)
(0.00079162182 5.3948234e-05 -1.9932561e-20)
(0.00078931884 4.2475332e-05 1.6839006e-20)
(0.00078789306 3.3107868e-05 -1.0716197e-20)
(0.00078705638 2.5660809e-05 -8.1877205e-21)
(0.00078659517 1.9746515e-05 -7.243277e-21)
(0.00078639834 1.5115424e-05 7.731451e-21)
(0.0007863586 1.1512082e-05 0)
(0.00078640981 8.7723082e-06 -3.4124693e-21)
(0.00078648922 6.6865783e-06 3.6321199e-21)
(0.00078658549 5.1003571e-06 1.0478744e-22)
(0.00078668333 3.8836861e-06 -3.233106e-21)
(0.00078676958 2.9544768e-06 3.2798195e-21)
(0.00078684529 2.2451362e-06 2.3528039e-23)
(0.00078690872 1.7040639e-06 0)
(0.00078696133 1.2936308e-06 0)
(0.0007870055 9.8246108e-07 -6.5337727e-22)
(0.00078704173 7.4620067e-07 6.5833893e-22)
(0.00078707113 5.6689499e-07 5.9652472e-22)
(0.00078709484 4.3027835e-07 -1.1646083e-21)
(0.00078711384 3.2597966e-07 5.7025115e-22)
(0.00078712889 2.4644336e-07 0)
(0.00078714054 1.8596559e-07 2.4046036e-22)
(0.00078714942 1.4007139e-07 -2.4234198e-22)
(0.00078715621 1.0518457e-07 -2.1302226e-22)
(0.0007871613 7.870453e-08 2.1261714e-22)
(0.00078716506 5.8694256e-08 1.8722379e-25)
(0.00078716779 4.3742849e-08 8.538014e-23)
(0.00078716967 3.2564687e-08 -8.5206061e-23)
(0.00078717091 2.4140152e-08 -7.2807421e-26)
(0.00078717171 1.7797595e-08 0)
(0.0007871722 1.3043015e-08 -1.8800124e-31)
(0.00078717249 9.4891229e-09 2.6002555e-26)
(0.00078717264 6.8335266e-09 -1.0650592e-23)
(0.00078717266 4.8805217e-09 1.0650561e-23)
(0.00078717266 3.4943547e-09 -7.1081706e-24)
(0.00078717271 2.4900218e-09 9.7629922e-24)
(0.00078717276 1.7330549e-09 -2.660465e-24)
(0.00078717277 1.092177e-09 6.6290559e-33)
(0.00078717284 4.1898541e-10 0)
(-5.0980771e-05 0.0016035901 4.130695e-20)
(0.0011893835 0.00070424873 2.0868794e-20)
(0.00076014844 0.00042174003 0)
(0.00075919389 0.00028162321 1.003888e-20)
(0.00072863364 0.00020426347 0)
(0.00070924125 0.00015351377 -3.8120986e-20)
(0.00069879048 0.00011889485 3.8081893e-20)
(0.00069418381 9.3496867e-05 4.6006437e-21)
(0.00069298509 7.3651208e-05 1.669717e-24)
(0.0006937226 5.7479744e-05 0)
(0.00069558905 4.4281191e-05 0)
(0.00069774067 3.3811103e-05 9.2209661e-21)
(0.00069970073 2.5665948e-05 -9.1897671e-21)
(0.00070136141 1.9469988e-05 -4.9016368e-22)
(0.00070278275 1.4759685e-05 -2.3795194e-22)
(0.00070398295 1.1191741e-05 1.1542408e-22)
(0.00070497905 8.4804132e-06 1.1187399e-22)
(0.00070578629 6.425834e-06 -1.3739525e-27)
(0.00070643093 4.8709079e-06 -5.2381253e-23)
(0.0007069482 3.6862928e-06 3.2325094e-21)
(0.00070736241 2.7859377e-06 -1.6963931e-21)
(0.00070768832 2.1032897e-06 -8.0284554e-23)
(0.00070794568 1.5874219e-06 -1.4771242e-21)
(0.00070814771 1.1999236e-06 -1.0874271e-23)
(0.0007083039 9.0863533e-07 -5.2150961e-24)
(0.00070842452 6.897917e-07 -9.9860786e-24)
(0.00070851659 5.2611982e-07 -6.0126557e-22)
(0.00070858625 4.0105665e-07 5.9647878e-22)
(0.00070863972 3.0593227e-07 5.3750569e-22)
(0.00070868096 2.3414917e-07 -7.9528853e-22)
(0.00070871257 1.7994299e-07 2.575671e-22)
(0.00070873656 1.3894383e-07 1.3729782e-24)
(0.00070875471 1.0783565e-07 4.2992216e-25)
(0.0007087685 8.405297e-08 -9.9207078e-23)
(0.00070877912 6.5700165e-08 9.9407317e-23)
(0.00070878714 5.1239369e-08 -1.7335129e-25)
(0.0007087929 3.9836049e-08 0)
(0.00070879701 3.093594e-08 7.2807553e-26)
(0.00070880001 2.3997936e-08 0)
(0.00070880222 1.8584765e-08 2.9469374e-26)
(0.00070880384 1.4355879e-08 -2.6002343e-26)
(0.00070880504 1.1014097e-08 -1.0650582e-23)
(0.00070880595 8.3842834e-09 1.0645792e-23)
(0.00070880662 6.3389383e-09 0)
(0.00070880708 4.6969906e-09 0)
(0.00070880741 3.3233108e-09 1.7729228e-24)
(0.00070880763 2.0807859e-09 -1.7763887e-24)
(0.0007088078 8.2432873e-10 0)
(0.00013299905 0.0014189162 4.0869022e-20)
(0.0011699081 0.00076615094 0)
(0.0010353485 0.00048892987 4.0476626e-20)
(0.001089575 0.00032551592 -9.512193e-20)
(0.0011258413 0.00022979748 3.9629199e-20)
(0.0011557861 0.00016749653 0)
(0.0011819808 0.00012488283 0)
(0.0012048283 9.4334446e-05 1.1472011e-21)
(0.0012243637 7.1459693e-05 2.1060776e-20)
(0.0012404638 5.411106e-05 -1.7692026e-20)
(0.0012534452 4.0763887e-05 0)
(0.0012638415 3.0484297e-05 0)
(0.0012720656 2.2643085e-05 5.0400544e-22)
(0.0012784774 1.6757209e-05 0)
(0.0012834158 1.2355725e-05 7.8550327e-21)
(0.0012872206 9.0720508e-06 -7.6126115e-21)
(0.0012901501 6.6236785e-06 0)
(0.0012923974 4.8022856e-06 -1.6243297e-22)
(0.001294113 3.4531865e-06 2.6183704e-23)
(0.00129542 2.4596838e-06 -3.1813192e-21)
(0.0012964183 1.7281949e-06 3.1811468e-21)
(0.0012971815 1.19347e-06 -1.47702e-21)
(0.0012977638 8.0536277e-07 1.4826223e-21)
(0.0012982061 5.2481513e-07 5.4363826e-24)
(0.0012985408 3.2496778e-07 5.2146072e-24)
(0.0012987946 1.8438975e-07 -6.198776e-22)
(0.0012989841 8.6018353e-08 6.2962881e-22)
(0.0012991253 2.316506e-08 0)
(0.0012992336 -1.5144468e-08 5.3964864e-22)
(0.0012993162 -3.7732438e-08 -5.3964217e-22)
(0.0012993783 -5.0016044e-08 -1.4561664e-24)
(0.0012994247 -5.549641e-08 -4.5764798e-25)
(0.0012994595 -5.6512478e-08 2.1237009e-22)
(0.0012994853 -5.472458e-08 -2.1321471e-22)
(0.0012995043 -5.1355484e-08 -9.2586699e-23)
(0.0012995185 -4.7417127e-08 9.2305449e-23)
(0.0012995293 -4.3223268e-08 -7.8064711e-23)
(0.0012995375 -3.8851083e-08 7.8031525e-23)
(0.0012995438 -3.4441122e-08 0)
(0.0012995485 -3.0106823e-08 0)
(0.001299552 -2.5930027e-08 -2.4851308e-23)
(0.0012995547 -2.1938891e-08 2.4851268e-23)
(0.0012995566 -1.8152067e-08 8.8802185e-24)
(0.0012995581 -1.4572271e-08 -1.7750856e-24)
(0.0012995592 -1.1139299e-08 -7.100351e-24)
(0.0012995599 -7.8224481e-09 0)
(0.0012995604 -4.6150943e-09 3.2502959e-28)
(0.0012995607 -1.6391554e-09 0)
(0.00049768848 0.00058698478 0)
(0.0017306624 0.00042670996 0)
(0.0021633746 0.00031863289 0)
(0.0024879537 0.00022643598 4.8853556e-21)
(0.0027206314 0.00016603357 0)
(0.0028881385 0.00012424926 0)
(0.0030107714 9.4498231e-05 3.6273379e-20)
(0.0031015105 7.2749094e-05 -3.7371558e-20)
(0.0031690595 5.6337885e-05 -1.0937171e-21)
(0.0032195195 4.3721788e-05 1.6853636e-20)
(0.0032572918 3.4021895e-05 -3.3267359e-20)
(0.0032855798 2.6544479e-05 1.6414828e-20)
(0.0033067315 2.0787553e-05 0)
(0.0033225176 1.6325545e-05 0)
(0.0033342899 1.2861105e-05 -7.4449784e-21)
(0.0033430674 1.0166239e-05 7.3282228e-21)
(0.0033496088 8.0628375e-06 -3.4429476e-21)
(0.0033544804 6.4149405e-06 3.4957208e-21)
(0.0033581059 5.119602e-06 3.2467478e-21)
(0.0033608027 4.1005559e-06 -3.2210576e-21)
(0.0033628079 3.2973721e-06 0)
(0.0033642977 2.6615074e-06 0)
(0.0033654037 2.1554818e-06 -5.5322682e-24)
(0.0033662246 1.750965e-06 5.3153764e-24)
(0.0033668329 1.4276625e-06 0)
(0.0033672814 1.1680634e-06 6.1096498e-22)
(0.0033676154 9.5721215e-07 -6.1096054e-22)
(0.0033678643 7.9190614e-07 0)
(0.0033680446 6.6032676e-07 -5.27653e-22)
(0.0033681748 5.529837e-07 5.2765075e-22)
(0.0033682692 4.6447525e-07 4.7459906e-25)
(0.0033683377 3.910523e-07 0)
(0.0033683873 3.2978671e-07 2.1017973e-25)
(0.0033684231 2.7849558e-07 0)
(0.0033684487 2.3542359e-07 9.1529885e-26)
(0.0033684669 1.9915395e-07 8.3313181e-23)
(0.0033684799 1.6839894e-07 -8.3352059e-23)
(0.0033684893 1.4212435e-07 0)
(0.0033684959 1.1956486e-07 0)
(0.0033685006 1.0008575e-07 0)
(0.0033685039 8.3153964e-08 2.4299608e-23)
(0.0033685062 6.8323569e-08 -2.4299594e-23)
(0.0033685078 5.5196078e-08 0)
(0.0033685088 4.3432055e-08 6.9427385e-24)
(0.0033685095 3.274832e-08 -9.5462626e-24)
(0.00336851 2.287572e-08 2.6035258e-24)
(0.0033685102 1.3578747e-08 4.3360314e-25)
(0.0033685107 5.1798762e-09 -4.4364362e-25)
)
;

boundaryField
{
    inlet
    {
        type            pressureInletOutletVelocity;
        value           nonuniform List<vector> 
20
(
(0.0034317674 0 0)
(0.0013332894 0 0)
(0.00073543178 0 0)
(0.00081339727 0 0)
(0.00098040682 0 0)
(0.0011320325 0 0)
(0.0012474139 0 0)
(0.0013219543 0 0)
(0.0013626604 0 0)
(0.0013797526 0 0)
(0.0013797527 0 0)
(0.0013626607 0 0)
(0.0013219547 0 0)
(0.0012474145 0 0)
(0.0011320332 0 0)
(0.00098040772 0 0)
(0.0008133982 0 0)
(0.0007354328 0 0)
(0.0013332905 0 0)
(0.0034317686 0 0)
)
;
    }
    outlet
    {
        type            pressureInletOutletVelocity;
        value           nonuniform List<vector> 
20
(
(0.0033685109 -5.1760962e-09 -4.4364351e-25)
(0.001299561 1.6456261e-09 2.217606e-28)
(0.00070880814 -8.1587724e-10 -4.5467375e-25)
(0.00078717317 -4.0998564e-10 6.6536317e-28)
(0.00095560243 -1.3647116e-10 -2.2754531e-25)
(0.0011093298 -4.280899e-10 0)
(0.0012265443 -1.7721182e-10 2.2730905e-25)
(0.0013023312 -1.847231e-10 -2.2176125e-28)
(0.0013437402 -1.0235953e-10 1.1342964e-25)
(0.0013611344 -3.0523545e-11 2.8495784e-26)
(0.0013611344 4.2476738e-11 1.1098729e-28)
(0.0013437401 1.1529115e-10 -1.1087937e-28)
(0.001302331 1.9577877e-10 0)
(0.0012265441 1.8893222e-10 0)
(0.0011093295 4.3853021e-10 2.2709358e-25)
(0.00095560212 1.4257577e-10 2.2710179e-25)
(0.00078717284 4.1898541e-10 0)
(0.0007088078 8.2432873e-10 0)
(0.0012995607 -1.6391554e-09 0)
(0.0033685107 5.1798762e-09 -4.4364362e-25)
)
;
    }
    top
    {
        type            noSlip;
    }
    bottom
    {
        type            noSlip;
    }
    interface
    {
        type            movingWallVelocity;
        value           nonuniform List<vector> 
40
(
(0.0002769047 0.00027062164 -8.6736174e-17)
(0.00048443546 0.0003511685 0)
(0.00077340013 0.00043679688 -8.6736174e-17)
(0.0010709294 0.00048076799 6.3869254e-26)
(0.0013609371 0.00048140986 -8.6736174e-17)
(0.0016277519 0.00044504306 8.6736174e-17)
(0.00185775 0.00037800266 0)
(0.0020399445 0.00028710153 -8.6736174e-17)
(0.002166022 0.00017909919 -8.6736174e-17)
(0.0022304428 6.0842172e-05 0)
(0.0022304382 -6.0837602e-05 8.6736174e-17)
(0.0021660104 -0.00017909197 -8.6736174e-17)
(0.0020399313 -0.00028709087 -8.6736174e-17)
(0.0018577392 -0.00037798977 0)
(0.0016277445 -0.00044502966 0)
(0.0013609328 -0.00048139692 -8.6064714e-26)
(0.0010709286 -0.00048075596 6.3867009e-26)
(0.0007734042 -0.00043678685 0)
(0.0004844434 -0.00035116309 -2.5029824e-26)
(0.00027691345 -0.00027062157 -8.6736174e-17)
(0.00024400939 -0.00026295346 -1.7347235e-16)
(0.00044044724 -0.00035213197 -8.6736174e-17)
(0.00071974081 -0.00044490449 -8.6736174e-17)
(0.0010122358 -0.00049198144 8.6736174e-17)
(0.0012992066 -0.00049360369 0)
(0.0015641926 -0.00045670131 8.6736174e-17)
(0.0017930655 -0.00038806266 0)
(0.0019745522 -0.00029478723 -8.6736174e-17)
(0.0021002166 -0.00018390532 8.6736174e-17)
(0.002164448 -6.2470771e-05 -8.6736174e-17)
(0.0021644459 6.2481841e-05 -8.6736174e-17)
(0.0021002111 0.00018391467 -8.6736174e-17)
(0.001974545 0.00029479387 -1.7347235e-16)
(0.0017930587 0.00038806652 -8.6736174e-17)
(0.0015641876 0.00045670295 -8.6736174e-17)
(0.0012992043 0.00049360387 -8.6736174e-17)
(0.0010122363 0.000491981 6.4735227e-26)
(0.0007197435 0.00044490432 0)
(0.00044045058 0.0003521328 -1.7347235e-16)
(0.00024401202 0.00026295522 0)
)
;
    }
    frontAndBack
    {
        type            empty;
    }
}


// ************************************************************************* //
