/*--------------------------------*- C++ -*----------------------------------*\
| =========                 |                                                 |
| \\      /  F ield         | OpenFOAM: The Open Source CFD Toolbox           |
|  \\    /   O peration     | Version:  2512                                  |
|   \\  /    A nd           | Website:  www.openfoam.com                      |
|    \\/     M anipulation  |                                                 |
\*---------------------------------------------------------------------------*/
FoamFile
{
    version     2.0;
    format      ascii;
    arch        "LSB;label=32;scalar=64";
    class       volVectorField;
    location    "4";
    object      Force;
}
// * * * * * * * * * * * * * * * * * * * * * * * * * * * * * * * * * * * * * //

dimensions      [1 1 -2 0 0 0 0];

internalField   uniform (0 0 0);

boundaryField
{
    inlet
    {
        type            calculated;
        value           uniform (0 0 0);
    }
    fsi_pia
    {
        type            calculated;
        value           nonuniform List<vector> 
960
(
(-0.00035204051 0.00028892286 -3.0929031e-07)
(-0.00040164444 0.00021469089 -3.311807e-07)
(-0.00043584233 0.00013219476 -3.5490706e-07)
(-0.00045329886 4.4631924e-05 -3.650496e-07)
(-0.00045329886 -4.4631924e-05 -3.650496e-07)
(-0.00043584233 -0.00013219476 -3.5490705e-07)
(-0.00040164444 -0.00021469089 -3.3118067e-07)
(-0.00035204051 -0.00028892286 -3.0929028e-07)
(-0.00035190738 0.00028874828 -2.6806263e-07)
(-0.00040151058 0.00021449761 -2.9543923e-07)
(-0.00043565264 0.00013205669 -3.2792647e-07)
(-0.00045304085 4.4586192e-05 -3.4565902e-07)
(-0.00045304085 -4.4586192e-05 -3.4565901e-07)
(-0.00043565264 -0.00013205669 -3.2792646e-07)
(-0.00040151058 -0.00021449761 -2.9543921e-07)
(-0.00035190738 -0.00028874828 -2.6806262e-07)
(-0.00035189159 0.00028870518 3.309359e-08)
(-0.00040150078 0.00021443403 3.6396149e-08)
(-0.00043562755 0.00013200535 3.8844972e-08)
(-0.00045299727 4.4568194e-05 3.8868416e-08)
(-0.00045299727 -4.4568194e-05 3.8868422e-08)
(-0.00043562755 -0.00013200535 3.8844989e-08)
(-0.00040150078 -0.00021443403 3.6396178e-08)
(-0.00035189159 -0.00028870518 3.3093618e-08)
(-0.00035191897 0.00028873289 8.2748398e-09)
(-0.00040153171 0.00021445741 7.528428e-09)
(-0.00043566984 0.00013201775 5.5916819e-09)
(-0.00045305208 4.4571339e-05 3.4978428e-09)
(-0.00045305208 -4.4571339e-05 3.4978496e-09)
(-0.00043566984 -0.00013201775 5.5917032e-09)
(-0.00040153171 -0.00021445741 7.5284637e-09)
(-0.00035191897 -0.00028873289 8.2748744e-09)
(-0.00035192379 0.00028873722 7.6297327e-09)
(-0.00040153818 0.00021446043 8.0123388e-09)
(-0.00043567939 0.0001320178 8.4398253e-09)
(-0.00045306462 4.4570434e-05 8.55986e-09)
(-0.00045306462 -4.4570434e-05 8.5598682e-09)
(-0.00043567939 -0.0001320178 8.4398512e-09)
(-0.00040153818 -0.00021446043 8.0123829e-09)
(-0.00035192379 -0.00028873722 7.6297774e-09)
(-0.00035193086 0.00028874282 4.2949363e-09)
(-0.00040154616 0.00021446457 3.9413363e-09)
(-0.00043568775 0.0001320214 3.9457206e-09)
(-0.00045307347 4.4572323e-05 4.5593197e-09)
(-0.00045307347 -4.4572323e-05 4.5593286e-09)
(-0.00043568775 -0.0001320214 3.9457484e-09)
(-0.00040154616 -0.00021446457 3.9413838e-09)
(-0.00035193086 -0.00028874282 4.2949863e-09)
(-0.00035193747 0.0002887397 1.4679419e-08)
(-0.00040155632 0.0002144533 8.0002078e-09)
(-0.00043569504 0.0001320101 -1.1289603e-09)
(-0.00045307725 4.4567694e-05 -7.6586482e-09)
(-0.00045307725 -4.4567694e-05 -7.6586388e-09)
(-0.00043569504 -0.0001320101 -1.1289309e-09)
(-0.00040155632 -0.0002144533 8.0002578e-09)
(-0.00035193747 -0.0002887397 1.4679473e-08)
(-0.00035194149 0.00028873953 2.1573123e-09)
(-0.00040156227 0.00021444931 5.7668838e-09)
(-0.00043570103 0.00013200426 1.0242624e-08)
(-0.00045308329 4.4564476e-05 1.2973166e-08)
(-0.00045308329 -4.4564475e-05 1.2973176e-08)
(-0.00043570103 -0.00013200426 1.0242654e-08)
(-0.00040156227 -0.00021444931 5.7669352e-09)
(-0.00035194149 -0.00028873953 2.1573688e-09)
(-0.00035194179 0.00028873983 1.1717061e-09)
(-0.00040156258 0.00021444959 -2.3880663e-09)
(-0.00043570139 0.00013200447 -6.7974765e-09)
(-0.00045308366 4.4564552e-05 -9.4824882e-09)
(-0.00045308366 -4.4564552e-05 -9.4824785e-09)
(-0.00043570139 -0.00013200447 -6.7974464e-09)
(-0.00040156258 -0.00021444959 -2.3880154e-09)
(-0.00035194179 -0.00028873983 1.1717624e-09)
(-0.00035193926 0.00028874147 -9.317016e-09)
(-0.00040155822 0.00021445498 -2.457439e-09)
(-0.00043569716 0.00013201137 6.9441544e-09)
(-0.00045307952 4.4568182e-05 1.3680579e-08)
(-0.00045307952 -4.4568181e-05 1.3680589e-08)
(-0.00043569716 -0.00013201137 6.9441831e-09)
(-0.00040155822 -0.00021445498 -2.4573905e-09)
(-0.00035193926 -0.00028874147 -9.3169627e-09)
(-0.00035193694 0.0002887484 6.3794423e-09)
(-0.00040155282 0.00021446936 6.8273494e-09)
(-0.00043569484 0.00013202477 6.9705569e-09)
(-0.00045308056 4.4573571e-05 6.4908756e-09)
(-0.00045308056 -4.4573571e-05 6.4908842e-09)
(-0.00043569484 -0.00013202477 6.9705836e-09)
(-0.00040155282 -0.00021446936 6.8273946e-09)
(-0.00035193694 -0.0002887484 6.3794917e-09)
(-0.00035193619 0.00028874855 3.2074786e-10)
(-0.00040155179 0.00021447014 3.214201e-10)
(-0.00043569437 0.00013202441 3.2292476e-10)
(-0.00045308088 4.4572732e-05 3.2453263e-10)
(-0.00045308088 -4.4572731e-05 3.2454054e-10)
(-0.00043569437 -0.00013202441 3.2294938e-10)
(-0.00040155179 -0.00021447014 3.2146189e-10)
(-0.00035193619 -0.00028874855 3.2079304e-10)
(-0.00035193636 0.00028874792 -5.6521671e-09)
(-0.00040155213 0.00021446898 -6.1016301e-09)
(-0.000435694 0.00013202452 -6.2471761e-09)
(-0.00045307957 4.4573475e-05 -5.7695532e-09)
(-0.00045307957 -4.4573474e-05 -5.7695461e-09)
(-0.000435694 -0.00013202452 -6.247154e-09)
(-0.00040155213 -0.00021446898 -6.1015926e-09)
(-0.00035193636 -0.00028874792 -5.6521275e-09)
(-0.00035193723 0.00028873981 1.0187223e-08)
(-0.00040155592 0.00021445376 3.330397e-09)
(-0.00043569475 0.00013201064 -6.0694517e-09)
(-0.00045307711 4.4567942e-05 -1.280704e-08)
(-0.00045307711 -4.4567942e-05 -1.2807035e-08)
(-0.00043569475 -0.00013201064 -6.0694338e-09)
(-0.00040155592 -0.00021445376 3.3304277e-09)
(-0.00035193723 -0.00028873981 1.0187253e-08)
(-0.00035193938 0.00028873788 4.2851566e-11)
(-0.00040155982 0.00021444817 3.6177537e-09)
(-0.00043569841 0.0001320036 8.0479679e-09)
(-0.00045308061 4.4564263e-05 1.0747548e-08)
(-0.00045308061 -4.4564263e-05 1.0747552e-08)
(-0.00043569841 -0.0001320036 8.047982e-09)
(-0.00040155982 -0.00021444817 3.6177782e-09)
(-0.00035193938 -0.00028873788 4.2874225e-11)
(-0.00035193899 0.00028873757 4.0717157e-10)
(-0.00040155938 0.00021444794 -3.1670099e-09)
(-0.00043569794 0.00013200346 -7.5959265e-09)
(-0.00045308012 4.4564215e-05 -1.0294402e-08)
(-0.00045308012 -4.4564215e-05 -1.0294399e-08)
(-0.00043569794 -0.00013200346 -7.5959162e-09)
(-0.00040155938 -0.00021444794 -3.1669916e-09)
(-0.00035193899 -0.00028873757 4.071862e-10)
(-0.00035193669 0.00028873938 -9.7325944e-09)
(-0.00040155528 0.00021445342 -2.8762202e-09)
(-0.00043569388 0.00013201039 6.523547e-09)
(-0.00045307601 4.4567837e-05 1.3261414e-08)
(-0.00045307601 -4.4567837e-05 1.3261416e-08)
(-0.00043569388 -0.00013201039 6.5235528e-09)
(-0.00040155528 -0.00021445342 -2.8762092e-09)
(-0.00035193669 -0.00028873938 -9.7325892e-09)
(-0.00035193375 0.00028874579 6.1069311e-09)
(-0.00040154921 0.00021446743 6.5552424e-09)
(-0.00043569101 0.00013202362 6.6992898e-09)
(-0.0004530767 4.4573196e-05 6.2207838e-09)
(-0.0004530767 -4.4573195e-05 6.2207837e-09)
(-0.00043569101 -0.00013202362 6.6992903e-09)
(-0.00040154921 -0.00021446743 6.5552447e-09)
(-0.00035193375 -0.00028874579 6.1069249e-09)
(-0.00035193349 0.00028874635 1.399039e-10)
(-0.00040154872 0.00021446851 1.429258e-10)
(-0.00043569104 0.00013202341 1.4497897e-10)
(-0.00045307741 4.4572395e-05 1.4535833e-10)
(-0.00045307741 -4.4572394e-05 1.4535671e-10)
(-0.00043569104 -0.00013202341 1.4497503e-10)
(-0.00040154872 -0.00021446851 1.4292067e-10)
(-0.00035193349 -0.00028874635 1.3988831e-10)
(-0.00035193415 0.00028874614 -5.9160764e-09)
(-0.0004015496 0.00021446766 -6.365227e-09)
(-0.00043569118 0.00013202367 -6.5120297e-09)
(-0.00045307653 4.4573178e-05 -6.0356511e-09)
(-0.00045307653 -4.4573178e-05 -6.0356542e-09)
(-0.00043569118 -0.00013202367 -6.5120377e-09)
(-0.0004015496 -0.00021446766 -6.3652388e-09)
(-0.00035193415 -0.00028874614 -5.9161002e-09)
(-0.00035193437 0.00028873752 9.7862747e-09)
(-0.00040155272 0.00021445211 2.9440208e-09)
(-0.00043569139 0.00013200967 -6.4350154e-09)
(-0.00045307375 4.4567631e-05 -1.3156375e-08)
(-0.00045307375 -4.456763e-05 -1.3156379e-08)
(-0.00043569139 -0.00013200967 -6.4350274e-09)
(-0.00040155272 -0.00021445211 2.9440025e-09)
(-0.00035193437 -0.00028873752 9.786243e-09)
(-0.00035193673 0.00028873581 -7.6920708e-10)
(-0.00040155684 0.00021444672 2.8235504e-09)
(-0.00043569522 0.00013200278 7.2890299e-09)
(-0.00045307731 4.4564005e-05 1.002106e-08)
(-0.00045307731 -4.4564004e-05 1.0021055e-08)
(-0.00043569522 -0.00013200278 7.289015e-09)
(-0.00040155684 -0.00021444672 2.8235271e-09)
(-0.00035193673 -0.00028873581 -7.692448e-10)
(-0.00035193567 0.00028873491 -1.6598322e-09)
(-0.00040155564 0.00021444605 -5.2678741e-09)
(-0.0004356939 0.0001320024 -9.7326248e-09)
(-0.00045307592 4.4563891e-05 -1.2447333e-08)
(-0.00045307592 -4.456389e-05 -1.2447339e-08)
(-0.0004356939 -0.0001320024 -9.732642e-09)
(-0.00040155564 -0.00021444605 -5.2679011e-09)
(-0.00035193567 -0.00028873491 -1.6598739e-09)
(-0.00035193157 0.00028873499 -1.4003677e-08)
(-0.00040154955 0.00021444993 -7.3352436e-09)
(-0.00043568756 0.0001320081 1.7694921e-09)
(-0.00045306924 4.4567032e-05 8.2751174e-09)
(-0.00045306924 -4.4567032e-05 8.2751112e-09)
(-0.00043568756 -0.0001320081 1.7694741e-09)
(-0.00040154955 -0.00021444993 -7.3352721e-09)
(-0.00035193157 -0.00028873499 -1.400372e-08)
(-0.00035192257 0.00028873606 -4.3930985e-09)
(-0.00040153681 0.00021445958 -4.1198425e-09)
(-0.00043567779 0.00013201837 -4.2537508e-09)
(-0.00045306329 4.4571312e-05 -4.9751958e-09)
(-0.00045306329 -4.4571311e-05 -4.9752024e-09)
(-0.00043567779 -0.00013201837 -4.25377e-09)
(-0.00040153681 -0.00021445958 -4.1198731e-09)
(-0.00035192257 -0.00028873606 -4.3931423e-09)
(-0.00035191338 0.00028872852 -1.081654e-08)
(-0.00040152649 0.00021445372 -1.1362899e-08)
(-0.00043566709 0.00013201334 -1.2129776e-08)
(-0.00045305249 4.4568802e-05 -1.2609775e-08)
(-0.00045305249 -4.4568801e-05 -1.2609781e-08)
(-0.00043566709 -0.00013201334 -1.2129793e-08)
(-0.00040152649 -0.00021445372 -1.1362926e-08)
(-0.00035191338 -0.00028872852 -1.081658e-08)
(-0.0003519028 0.0002887189 -1.6573572e-08)
(-0.00040151347 0.00021444613 -1.6195175e-08)
(-0.00043565036 0.00013201027 -1.4640099e-08)
(-0.00045303297 4.4568704e-05 -1.2692058e-08)
(-0.00045303297 -4.4568704e-05 -1.2692064e-08)
(-0.00043565036 -0.00013201026 -1.4640119e-08)
(-0.00040151347 -0.00021444613 -1.6195208e-08)
(-0.0003519028 -0.0002887189 -1.6573616e-08)
(-0.00035186374 0.00028868179 -6.085216e-08)
(-0.00040146901 0.00021441621 -6.3409782e-08)
(-0.00043559282 0.00013199483 -6.456098e-08)
(-0.00045296084 4.4564977e-05 -6.3360353e-08)
(-0.00045296084 -4.4564977e-05 -6.3360358e-08)
(-0.00043559282 -0.00013199483 -6.4560993e-08)
(-0.00040146901 -0.00021441621 -6.34098e-08)
(-0.00035186374 -0.00028868179 -6.0852192e-08)
(-0.00035184694 0.00028869964 2.3570877e-07)
(-0.00040144195 0.00021446343 2.6368607e-07)
(-0.0004355791 0.00013203764 2.9692362e-07)
(-0.00045296367 4.4580299e-05 3.1501703e-07)
(-0.00045296367 -4.4580299e-05 3.1501703e-07)
(-0.0004355791 -0.00013203764 2.969236e-07)
(-0.00040144195 -0.00021446343 2.6368604e-07)
(-0.00035184694 -0.00028869964 2.3570875e-07)
(-0.00035147078 0.00028843567 6.8418402e-07)
(-0.0004009974 0.00021431582 6.9354653e-07)
(-0.00043511423 0.00013196754 7.0853876e-07)
(-0.00045250637 4.4558536e-05 7.1996581e-07)
(-0.00045250637 -4.4558535e-05 7.1996581e-07)
(-0.00043511423 -0.00013196754 7.0853875e-07)
(-0.0004009974 -0.00021431582 6.9354646e-07)
(-0.00035147078 -0.00028843567 6.8418394e-07)
(-0.00028892286 -0.00035204051 -3.0929e-07)
(-0.00021469089 -0.00040164444 -3.3117979e-07)
(-0.00013219476 -0.00043584233 -3.5490552e-07)
(-4.4631924e-05 -0.00045329886 -3.6504747e-07)
(4.4631924e-05 -0.00045329886 -3.6504687e-07)
(0.00013219476 -0.00043584232 -3.5490383e-07)
(0.00021469089 -0.00040164443 -3.3117732e-07)
(0.00028892286 -0.00035204051 -3.09287e-07)
(-0.00028874828 -0.00035190738 -2.6806255e-07)
(-0.00021449761 -0.00040151058 -2.9543903e-07)
(-0.00013205669 -0.00043565264 -3.2792627e-07)
(-4.4586191e-05 -0.00045304085 -3.4565883e-07)
(4.4586192e-05 -0.00045304085 -3.4565873e-07)
(0.0001320567 -0.00043565264 -3.2792594e-07)
(0.00021449761 -0.00040151058 -2.9543845e-07)
(0.00028874828 -0.00035190738 -2.6806173e-07)
(-0.00028870517 -0.00035189159 3.3093745e-08)
(-0.00021443403 -0.00040150078 3.6396561e-08)
(-0.00013200534 -0.00043562755 3.8845571e-08)
(-4.4568193e-05 -0.00045299727 3.8869104e-08)
(4.4568194e-05 -0.00045299727 3.8869221e-08)
(0.00013200535 -0.00043562755 3.8845983e-08)
(0.00021443403 -0.00040150078 3.6397309e-08)
(0.00028870517 -0.00035189159 3.3094774e-08)
(-0.00028873289 -0.00035191898 8.2750663e-09)
(-0.00021445741 -0.00040153171 7.5290794e-09)
(-0.00013201775 -0.00043566984 5.5928004e-09)
(-4.4571338e-05 -0.00045305208 3.4993987e-09)
(4.4571339e-05 -0.00045305208 3.4997111e-09)
(0.00013201775 -0.00043566984 5.5936738e-09)
(0.00021445741 -0.00040153171 7.5303571e-09)
(0.00028873289 -0.00035191897 8.2766414e-09)
(-0.00028873722 -0.00035192379 7.6297162e-09)
(-0.00021446043 -0.00040153818 8.0120331e-09)
(-0.0001320178 -0.00043567939 8.438869e-09)
(-4.4570433e-05 -0.00045306462 8.5581213e-09)
(4.4570434e-05 -0.00045306462 8.5576633e-09)
(0.0001320178 -0.0004356794 8.4377788e-09)
(0.00021446043 -0.00040153818 8.010863e-09)
(0.00028873722 -0.00035192379 7.6286922e-09)
(-0.00028874282 -0.00035193086 4.2953404e-09)
(-0.00021446457 -0.00040154616 3.9424838e-09)
(-0.0001320214 -0.00043568774 3.9475444e-09)
(-4.4572321e-05 -0.00045307347 4.5616101e-09)
(4.4572322e-05 -0.00045307347 4.5620971e-09)
(0.0001320214 -0.00043568775 3.9490782e-09)
(0.00021446457 -0.00040154616 3.9449494e-09)
(0.00028874282 -0.00035193086 4.2984708e-09)
(-0.0002887397 -0.00035193747 1.4679456e-08)
(-0.0002144533 -0.00040155632 8.0001809e-09)
(-0.0001320101 -0.00043569504 -1.1290936e-09)
(-4.4567692e-05 -0.00045307725 -7.6588514e-09)
(4.4567693e-05 -0.00045307726 -7.6589448e-09)
(0.0001320101 -0.00043569504 -1.1293976e-09)
(0.0002144533 -0.00040155632 7.9997053e-09)
(0.0002887397 -0.00035193747 1.4678875e-08)
(-0.00028873953 -0.00035194149 2.1575247e-09)
(-0.00021444931 -0.00040156227 5.7673869e-09)
(-0.00013200426 -0.00043570103 1.024331e-08)
(-4.4564474e-05 -0.00045308329 1.2973917e-08)
(4.4564475e-05 -0.0004530833 1.2974036e-08)
(0.00013200426 -0.00043570104 1.0243736e-08)
(0.00021444931 -0.00040156227 5.7681598e-09)
(0.00028873953 -0.00035194149 2.1585692e-09)
(-0.00028873983 -0.00035194178 1.1718672e-09)
(-0.00021444959 -0.00040156258 -2.387757e-09)
(-0.00013200446 -0.00043570138 -6.7971839e-09)
(-4.456455e-05 -0.00045308366 -9.4823189e-09)
(4.4564551e-05 -0.00045308367 -9.4823246e-09)
(0.00013200446 -0.00043570139 -6.797098e-09)
(0.00021444959 -0.00040156258 -2.3874468e-09)
(0.00028873983 -0.00035194179 1.1723874e-09)
(-0.00028874147 -0.00035193925 -9.3165775e-09)
(-0.00021445498 -0.00040155822 -2.4563064e-09)
(-0.00013201137 -0.00043569716 6.9456351e-09)
(-4.4568179e-05 -0.00045307952 1.3682025e-08)
(4.4568179e-05 -0.00045307952 1.3682265e-08)
(0.00013201137 -0.00043569717 6.9466665e-09)
(0.00021445498 -0.00040155822 -2.4541977e-09)
(0.00028874147 -0.00035193926 -9.3135584e-09)
(-0.00028874841 -0.00035193694 6.3795501e-09)
(-0.00021446936 -0.00040155282 6.8277068e-09)
(-0.00013202477 -0.00043569483 6.9714746e-09)
(-4.4573568e-05 -0.00045308055 6.4925105e-09)
(4.4573568e-05 -0.00045308056 6.4928027e-09)
(0.00013202477 -0.00043569484 6.9720394e-09)
(0.00021446936 -0.00040155282 6.8280449e-09)
(0.00028874841 -0.00035193694 6.3795442e-09)
(-0.00028874855 -0.00035193619 3.2054905e-10)
(-0.00021447014 -0.00040155179 3.2039674e-10)
(-0.00013202441 -0.00043569437 3.2042857e-10)
(-4.4572729e-05 -0.00045308088 3.2042534e-10)
(4.4572729e-05 -0.00045308088 3.1955574e-10)
(0.00013202441 -0.00043569438 3.1826333e-10)
(0.00021447014 -0.0004015518 3.1783037e-10)
(0.00028874855 -0.00035193619 3.1798786e-10)
(-0.00028874792 -0.00035193635 -5.6513725e-09)
(-0.00021446898 -0.00040155212 -6.099269e-09)
(-0.00013202451 -0.00043569399 -6.2435254e-09)
(-4.457347e-05 -0.00045307957 -5.7652781e-09)
(4.457347e-05 -0.00045307958 -5.7645643e-09)
(0.00013202451 -0.000435694 -6.2410405e-09)
(0.00021446898 -0.00040155213 -6.0949119e-09)
(0.00028874792 -0.00035193636 -5.6455583e-09)
(-0.00028873981 -0.00035193722 1.0186941e-08)
(-0.00021445376 -0.00040155592 3.3294532e-09)
(-0.00013201063 -0.00043569474 -6.0709157e-09)
(-4.4567937e-05 -0.00045307711 -1.2808623e-08)
(4.4567937e-05 -0.00045307712 -1.280883e-08)
(0.00013201063 -0.00043569475 -6.0717943e-09)
(0.00021445376 -0.00040155593 3.3277458e-09)
(0.00028873981 -0.00035193723 1.0184642e-08)
(-0.00028873788 -0.00035193937 4.3061607e-11)
(-0.00021444817 -0.00040155982 3.6183645e-09)
(-0.0001320036 -0.0004356984 8.0488611e-09)
(-4.4564258e-05 -0.00045308061 1.0748465e-08)
(4.4564258e-05 -0.00045308062 1.0748454e-08)
(0.0001320036 -0.00043569842 8.0489542e-09)
(0.00021444817 -0.00040155982 3.6187499e-09)
(0.00028873788 -0.00035193938 4.3799599e-11)
(-0.00028873757 -0.00035193899 4.0702811e-10)
(-0.00021444793 -0.00040155937 -3.1675932e-09)
(-0.00013200345 -0.00043569792 -7.5971181e-09)
(-4.4564209e-05 -0.00045308011 -1.0296035e-08)
(4.4564209e-05 -0.00045308012 -1.0295941e-08)
(0.00013200345 -0.00043569794 -7.5967904e-09)
(0.00021444793 -0.00040155938 -3.1669533e-09)
(0.00028873756 -0.00035193899 4.0808479e-10)
(-0.00028873937 -0.00035193669 -9.731986e-09)
(-0.00021445341 -0.00040155526 -2.8745233e-09)
(-0.00013201037 -0.00043569386 6.5256255e-09)
(-4.4567828e-05 -0.00045307599 1.3263027e-08)
(4.4567828e-05 -0.00045307601 1.3263244e-08)
(0.00013201037 -0.00043569389 6.5269413e-09)
(0.00021445341 -0.00040155528 -2.8713777e-09)
(0.00028873937 -0.0003519367 -9.7271344e-09)
(-0.00028874578 -0.00035193375 6.1063744e-09)
(-0.00021446741 -0.0004015492 6.5540894e-09)
(-0.0001320236 -0.00043569099 6.69869e-09)
(-4.4573186e-05 -0.00045307667 6.2214933e-09)
(4.4573185e-05 -0.00045307669 6.2219592e-09)
(0.0001320236 -0.00043569101 6.6993176e-09)
(0.00021446741 -0.00040154921 6.5537659e-09)
(0.00028874578 -0.00035193375 6.1049808e-09)
(-0.00028874633 -0.00035193349 1.3703346e-10)
(-0.00021446848 -0.0004015487 1.3451997e-10)
(-0.00013202339 -0.00043569101 1.3250539e-10)
(-4.4572388e-05 -0.00045307739 1.317633e-10)
(4.457238e-05 -0.0004530774 1.33258e-10)
(0.00013202338 -0.00043569103 1.3611341e-10)
(0.00021446849 -0.00040154872 1.3836849e-10)
(0.00028874633 -0.0003519335 1.3972937e-10)
(-0.0002887461 -0.00035193417 -5.9162182e-09)
(-0.00021446761 -0.00040154958 -6.3633154e-09)
(-0.00013202364 -0.00043569113 -6.504686e-09)
(-4.4573175e-05 -0.00045307648 -6.0233744e-09)
(4.4573155e-05 -0.0004530765 -6.0212789e-09)
(0.00013202363 -0.00043569117 -6.4975364e-09)
(0.00021446762 -0.00040154961 -6.3512261e-09)
(0.00028874612 -0.00035193418 -5.9018217e-09)
(-0.00028873746 -0.0003519344 9.7803276e-09)
(-0.00021445203 -0.00040155269 2.9239065e-09)
(-0.00013200961 -0.00043569132 -6.4711945e-09)
(-4.456762e-05 -0.00045307367 -1.3202286e-08)
(4.4567581e-05 -0.0004530737 -1.3198326e-08)
(0.00013200959 -0.00043569137 -6.45936e-09)
(0.00021445203 -0.00040155274 2.9422087e-09)
(0.00028873749 -0.00035193442 9.8005222e-09)
(-0.0002887357 -0.00035193678 -7.7447537e-10)
(-0.00021444656 -0.00040155682 2.7980661e-09)
(-0.00013200263 -0.00043569514 7.2271961e-09)
(-4.4563957e-05 -0.00045307721 9.9279985e-09)
(4.4563894e-05 -0.00045307724 9.9311478e-09)
(0.00013200258 -0.00043569521 7.2374411e-09)
(0.00021444655 -0.00040155689 2.8160759e-09)
(0.00028873574 -0.00035193681 -7.514681e-10)
(-0.00028873479 -0.00035193572 -1.6560495e-09)
(-0.00021444584 -0.00040155563 -5.2562554e-09)
(-0.00013200218 -0.00043569382 -9.7149136e-09)
(-4.4563809e-05 -0.00045307581 -1.242789e-08)
(4.4563741e-05 -0.00045307584 -1.2429087e-08)
(0.00013200213 -0.0004356939 -9.7175919e-09)
(0.00021444583 -0.00040155571 -5.2585737e-09)
(0.00028873483 -0.00035193576 -1.6564121e-09)
(-0.00028873489 -0.00035193161 -1.4003263e-08)
(-0.00021444977 -0.00040154953 -7.325145e-09)
(-0.00013200794 -0.00043568748 1.8061527e-09)
(-4.4566977e-05 -0.00045306913 8.3384855e-09)
(4.456692e-05 -0.00045306917 8.3367954e-09)
(0.00013200789 -0.00043568755 1.7994956e-09)
(0.00021444976 -0.0004015496 -7.3392194e-09)
(0.00028873492 -0.00035193164 -1.4023947e-08)
(-0.00028873598 -0.0003519226 -4.3911545e-09)
(-0.00021445949 -0.00040153679 -4.1110589e-09)
(-0.00013201831 -0.00043567772 -4.2330739e-09)
(-4.4571304e-05 -0.00045306322 -4.9443108e-09)
(4.457126e-05 -0.00045306324 -4.9480985e-09)
(0.00013201828 -0.00043567778 -4.2461657e-09)
(0.00021445949 -0.00040153683 -4.1343892e-09)
(0.00028873601 -0.00035192262 -4.4208071e-09)
(-0.00028872848 -0.0003519134 -1.0809522e-08)
(-0.00021445368 -0.00040152647 -1.1342745e-08)
(-0.00013201332 -0.00043566704 -1.2101221e-08)
(-4.4568803e-05 -0.00045305245 -1.2579745e-08)
(4.4568783e-05 -0.00045305246 -1.2582376e-08)
(0.00013201331 -0.00043566707 -1.2108648e-08)
(0.00021445368 -0.00040152649 -1.1352936e-08)
(0.0002887285 -0.0003519134 -1.0818553e-08)
(-0.00028871888 -0.00035190281 -1.6573474e-08)
(-0.0002144461 -0.00040151346 -1.6196167e-08)
(-0.00013201025 -0.00043565033 -1.4644671e-08)
(-4.4568697e-05 -0.00045303294 -1.2700924e-08)
(4.4568696e-05 -0.00045303294 -1.2703553e-08)
(0.00013201025 -0.00043565034 -1.4651756e-08)
(0.00021444611 -0.00040151347 -1.6205603e-08)
(0.00028871888 -0.00035190281 -1.6583525e-08)
(-0.00028868178 -0.00035186375 -6.0853356e-08)
(-0.00021441619 -0.000401469 -6.3413172e-08)
(-0.00013199481 -0.0004355928 -6.4565823e-08)
(-4.4564969e-05 -0.00045296083 -6.3365581e-08)
(4.4564973e-05 -0.00045296083 -6.3366212e-08)
(0.00013199482 -0.00043559281 -6.456832e-08)
(0.0002144162 -0.000401469 -6.34182e-08)
(0.00028868178 -0.00035186375 -6.0860821e-08)
(-0.00028869963 -0.00035184695 2.3570717e-07)
(-0.00021446342 -0.00040144195 2.6368179e-07)
(-0.00013203763 -0.00043557909 2.9691773e-07)
(-4.4580296e-05 -0.00045296367 3.150099e-07)
(4.45803e-05 -0.00045296367 3.1500781e-07)
(0.00013203764 -0.00043557909 2.9691136e-07)
(0.00021446343 -0.00040144194 2.6367111e-07)
(0.00028869963 -0.00035184694 2.3569251e-07)
(-0.00028843567 -0.00035147078 6.8418567e-07)
(-0.00021431581 -0.0004009974 6.9355148e-07)
(-0.00013196754 -0.00043511422 7.0854671e-07)
(-4.4558534e-05 -0.00045250636 7.1997645e-07)
(4.4558536e-05 -0.00045250636 7.1997889e-07)
(0.00013196754 -0.00043511422 7.08554e-07)
(0.00021431581 -0.00040099739 6.9356334e-07)
(0.00028843566 -0.00035147077 6.8420142e-07)
(0.00035204051 -0.00028892286 -3.0928671e-07)
(0.00040164443 -0.00021469089 -3.311764e-07)
(0.00043584232 -0.00013219476 -3.5490224e-07)
(0.00045329885 -4.4631924e-05 -3.6504467e-07)
(0.00045329885 4.4631924e-05 -3.6504466e-07)
(0.00043584232 0.00013219476 -3.5490224e-07)
(0.00040164443 0.00021469089 -3.311764e-07)
(0.00035204051 0.00028892286 -3.0928672e-07)
(0.00035190738 -0.00028874828 -2.6806167e-07)
(0.00040151058 -0.00021449761 -2.9543832e-07)
(0.00043565264 -0.00013205669 -3.2792582e-07)
(0.00045304085 -4.4586192e-05 -3.4565864e-07)
(0.00045304085 4.4586192e-05 -3.4565864e-07)
(0.00043565264 0.00013205669 -3.2792583e-07)
(0.00040151058 0.00021449761 -2.9543832e-07)
(0.00035190738 0.00028874828 -2.6806168e-07)
(0.00035189159 -0.00028870517 3.3094901e-08)
(0.00040150078 -0.00021443403 3.6397694e-08)
(0.00043562755 -0.00013200534 3.8846574e-08)
(0.00045299727 -4.4568193e-05 3.8869912e-08)
(0.00045299727 4.4568193e-05 3.886991e-08)
(0.00043562755 0.00013200534 3.8846568e-08)
(0.00040150078 0.00021443403 3.6397684e-08)
(0.00035189159 0.00028870517 3.3094888e-08)
(0.00035191897 -0.00028873289 8.2768112e-09)
(0.00040153171 -0.00021445741 7.5309192e-09)
(0.00043566984 -0.00013201775 5.5947074e-09)
(0.00045305208 -4.4571338e-05 3.5011949e-09)
(0.00045305208 4.4571338e-05 3.5011915e-09)
(0.00043566984 0.00013201775 5.5946974e-09)
(0.00040153171 0.00021445741 7.5309034e-09)
(0.00035191897 0.00028873289 8.2767904e-09)
(0.00035192379 -0.00028873722 7.6285444e-09)
(0.00040153818 -0.00021446042 8.0102396e-09)
(0.00043567939 -0.0001320178 8.4363362e-09)
(0.00045306462 -4.4570433e-05 8.5553313e-09)
(0.00045306462 4.4570432e-05 8.5553267e-09)
(0.00043567939 0.0001320178 8.4363225e-09)
(0.00040153818 0.00021446042 8.0102176e-09)
(0.00035192379 0.00028873722 7.628515e-09)
(0.00035193086 -0.00028874282 4.2988123e-09)
(0.00040154616 -0.00021446456 3.9460314e-09)
(0.00043568774 -0.00013202139 3.9508685e-09)
(0.00045307347 -4.457232e-05 4.5643685e-09)
(0.00045307347 4.457232e-05 4.5643627e-09)
(0.00043568774 0.00013202139 3.9508515e-09)
(0.00040154616 0.00021446456 3.9460039e-09)
(0.00035193086 0.00028874282 4.2987755e-09)
(0.00035193747 -0.0002887397 1.4678759e-08)
(0.00040155632 -0.0002144533 7.9993437e-09)
(0.00043569504 -0.00013201009 -1.1299814e-09)
(0.00045307725 -4.4567691e-05 -7.6596465e-09)
(0.00045307725 4.4567691e-05 -7.659653e-09)
(0.00043569504 0.00013201009 -1.1300007e-09)
(0.00040155632 0.0002144533 7.9993127e-09)
(0.00035193747 0.0002887397 1.4678718e-08)
(0.00035194149 -0.00028873953 2.1586367e-09)
(0.00040156227 -0.0002144493 5.768357e-09)
(0.00043570103 -0.00013200425 1.0244004e-08)
(0.00045308329 -4.4564472e-05 1.2974307e-08)
(0.00045308329 4.4564472e-05 1.29743e-08)
(0.00043570103 0.00013200425 1.0243983e-08)
(0.00040156227 0.0002144493 5.7683239e-09)
(0.00035194149 0.00028873953 2.1585924e-09)
(0.00035194179 -0.00028873983 1.1723912e-09)
(0.00040156258 -0.00021444959 -2.38746e-09)
(0.00043570139 -0.00013200446 -6.7972204e-09)
(0.00045308366 -4.4564548e-05 -9.4826157e-09)
(0.00045308366 4.4564548e-05 -9.4826227e-09)
(0.00043570139 0.00013200446 -6.7972411e-09)
(0.00040156258 0.00021444959 -2.3874935e-09)
(0.00035194179 0.00028873983 1.1723465e-09)
(0.00035193926 -0.00028874147 -9.3132879e-09)
(0.00040155822 -0.00021445498 -2.4534694e-09)
(0.00043569716 -0.00013201136 6.9475204e-09)
(0.00045307952 -4.4568176e-05 1.3682932e-08)
(0.00045307952 4.4568175e-05 1.3682926e-08)
(0.00043569716 0.00013201136 6.9475002e-09)
(0.00040155822 0.00021445498 -2.453502e-09)
(0.00035193926 0.00028874147 -9.3133315e-09)
(0.00035193694 -0.0002887484 6.3795093e-09)
(0.00040155282 -0.00021446935 6.8281088e-09)
(0.00043569484 -0.00013202476 6.9725978e-09)
(0.00045308056 -4.4573565e-05 6.4940718e-09)
(0.00045308056 4.4573565e-05 6.4940654e-09)
(0.00043569484 0.00013202476 6.972579e-09)
(0.00040155282 0.00021446935 6.8280786e-09)
(0.00035193694 0.0002887484 6.3794691e-09)
(0.00035193619 -0.00028874855 3.1771252e-10)
(0.00040155179 -0.00021447014 3.1676783e-10)
(0.00043569437 -0.0001320244 3.1590492e-10)
(0.00045308088 -4.4572725e-05 3.1573445e-10)
(0.00045308088 4.4572725e-05 3.1572885e-10)
(0.00043569437 0.0001320244 3.1588839e-10)
(0.00040155179 0.00021447014 3.1674113e-10)
(0.00035193619 0.00028874855 3.1767678e-10)
(0.00035193636 -0.00028874792 -5.6449618e-09)
(0.00040155213 -0.00021446898 -6.0931873e-09)
(0.000435694 -0.0001320245 -6.2385578e-09)
(0.00045307957 -4.4573465e-05 -5.7617922e-09)
(0.00045307957 4.4573465e-05 -5.7617969e-09)
(0.000435694 0.0001320245 -6.2385719e-09)
(0.00040155213 0.00021446898 -6.0932102e-09)
(0.00035193636 0.00028874792 -5.6449924e-09)
(0.00035193722 -0.00028873981 1.0184625e-08)
(0.00040155592 -0.00021445375 3.3277737e-09)
(0.00043569475 -0.00013201062 -6.07152e-09)
(0.00045307711 -4.4567932e-05 -1.2808216e-08)
(0.00045307711 4.4567932e-05 -1.280822e-08)
(0.00043569475 0.00013201062 -6.071531e-09)
(0.00040155592 0.00021445375 3.3277563e-09)
(0.00035193722 0.00028873981 1.0184601e-08)
(0.00035193937 -0.00028873788 4.3943364e-11)
(0.00040155982 -0.00021444817 3.6190285e-09)
(0.00043569841 -0.00013200359 8.049087e-09)
(0.00045308061 -4.4564254e-05 1.0748359e-08)
(0.00045308061 4.4564254e-05 1.0748356e-08)
(0.00043569841 0.00013200359 8.0490796e-09)
(0.00040155982 0.00021444817 3.6190167e-09)
(0.00035193937 0.00028873788 4.3927775e-11)
(0.00035193899 -0.00028873757 4.08802e-10)
(0.00040155938 -0.00021444793 -3.1648388e-09)
(0.00043569794 -0.00013200345 -7.5935724e-09)
(0.00045308012 -4.4564206e-05 -1.0292174e-08)
(0.00045308012 4.4564205e-05 -1.0292175e-08)
(0.00043569794 0.00013200345 -7.5935759e-09)
(0.00040155938 0.00021444793 -3.1648444e-09)
(0.00035193899 0.00028873757 4.087948e-10)
(0.00035193669 -0.00028873938 -9.7264672e-09)
(0.00040155527 -0.00021445341 -2.8696334e-09)
(0.00043569389 -0.00013201037 6.5290305e-09)
(0.00045307601 -4.4567824e-05 1.3265034e-08)
(0.00045307601 4.4567824e-05 1.3265034e-08)
(0.00043569389 0.00013201037 6.5290313e-09)
(0.00040155527 0.00021445341 -2.8696321e-09)
(0.00035193669 0.00028873938 -9.7264653e-09)
(0.00035193374 -0.00028874579 6.1051973e-09)
(0.00040154921 -0.00021446743 6.5543058e-09)
(0.00043569101 -0.0001320236 6.7003161e-09)
(0.0004530767 -4.4573183e-05 6.2238393e-09)
(0.0004530767 4.4573182e-05 6.223841e-09)
(0.00043569101 0.0001320236 6.7003213e-09)
(0.00040154921 0.00021446743 6.5543145e-09)
(0.00035193374 0.00028874579 6.1052093e-09)
(0.00035193349 -0.00028874635 1.410274e-10)
(0.00040154872 -0.00021446851 1.4265074e-10)
(0.00043569104 -0.0001320234 1.4394722e-10)
(0.00045307741 -4.4572385e-05 1.4432211e-10)
(0.00045307741 4.4572384e-05 1.4432527e-10)
(0.00043569104 0.0001320234 1.4395664e-10)
(0.00040154872 0.00021446851 1.4266616e-10)
(0.00035193349 0.00028874635 1.4104837e-10)
(0.00035193417 -0.00028874614 -5.9019132e-09)
(0.00040154961 -0.00021446765 -6.3514994e-09)
(0.00043569118 -0.00013202365 -6.4976961e-09)
(0.00045307652 -4.4573167e-05 -6.0206841e-09)
(0.00045307652 4.4573167e-05 -6.0206796e-09)
(0.00043569118 0.00013202365 -6.4976826e-09)
(0.00040154961 0.00021446765 -6.3514776e-09)
(0.00035193417 0.00028874614 -5.9018838e-09)
(0.00035193441 -0.00028873751 9.7999292e-09)
(0.00040155274 -0.00021445206 2.940837e-09)
(0.00043569139 -0.00013200961 -6.4600956e-09)
(0.00045307373 -4.4567602e-05 -1.31966e-08)
(0.00045307373 4.4567602e-05 -1.3196594e-08)
(0.00043569139 0.00013200961 -6.4600791e-09)
(0.00040155274 0.00021445206 2.940864e-09)
(0.00035193441 0.00028873751 9.7999659e-09)
(0.00035193679 -0.00028873577 -7.5144651e-10)
(0.00040155689 -0.00021444658 2.8165867e-09)
(0.00043569523 -0.00013200262 7.2394515e-09)
(0.00045307728 -4.4563926e-05 9.9354848e-09)
(0.00045307728 4.4563925e-05 9.9354912e-09)
(0.00043569523 0.00013200261 7.2394705e-09)
(0.00040155689 0.00021444658 2.8166176e-09)
(0.00035193679 0.00028873577 -7.514047e-10)
(0.00035193574 -0.00028873485 -1.6569444e-09)
(0.00040155571 -0.00021444586 -5.2603359e-09)
(0.00043569392 -0.00013200216 -9.7207227e-09)
(0.00045307588 -4.4563775e-05 -1.2433548e-08)
(0.00045307588 4.4563775e-05 -1.2433542e-08)
(0.00043569392 0.00013200216 -9.7207022e-09)
(0.00040155571 0.00021444586 -5.2603025e-09)
(0.00035193574 0.00028873485 -1.6568994e-09)
(0.00035193163 -0.00028873495 -1.402341e-08)
(0.0004015496 -0.0002144498 -7.3376376e-09)
(0.00043568757 -0.00013200793 1.8017692e-09)
(0.0004530692 -4.456695e-05 8.3389896e-09)
(0.0004530692 4.4566949e-05 8.3389967e-09)
(0.00043568757 0.00013200793 1.8017903e-09)
(0.0004015496 0.0002144498 -7.3376033e-09)
(0.00035193163 0.00028873495 -1.4023364e-08)
(0.00035192261 -0.00028873603 -4.4208857e-09)
(0.00040153683 -0.00021445953 -4.1349671e-09)
(0.00043567779 -0.00013201831 -4.2481515e-09)
(0.00045306327 -4.4571285e-05 -4.9523314e-09)
(0.00045306327 4.4571285e-05 -4.9523243e-09)
(0.00043567779 0.00013201831 -4.2481306e-09)
(0.00040153683 0.00021445953 -4.134933e-09)
(0.00035192261 0.00028873603 -4.4208396e-09)
(0.00035191339 -0.00028872852 -1.0819449e-08)
(0.00040152649 -0.00021445371 -1.1355877e-08)
(0.00043566708 -0.00013201333 -1.2114141e-08)
(0.00045305248 -4.4568796e-05 -1.2590692e-08)
(0.00045305248 4.4568796e-05 -1.2590685e-08)
(0.00043566708 0.00013201333 -1.2114121e-08)
(0.00040152649 0.00021445371 -1.1355845e-08)
(0.00035191339 0.00028872852 -1.0819406e-08)
(0.0003519028 -0.0002887189 -1.6584527e-08)
(0.00040151347 -0.00021444612 -1.6208601e-08)
(0.00043565035 -0.00013201026 -1.4656988e-08)
(0.00045303296 -4.4568698e-05 -1.2711401e-08)
(0.00045303296 4.4568698e-05 -1.2711395e-08)
(0.00043565035 0.00013201026 -1.465697e-08)
(0.00040151347 0.00021444612 -1.6208573e-08)
(0.0003519028 0.0002887189 -1.6584488e-08)
(0.00035186374 -0.00028868179 -6.0861821e-08)
(0.00040146901 -0.00021441621 -6.3421008e-08)
(0.00043559282 -0.00013199482 -6.4572402e-08)
(0.00045296084 -4.4564972e-05 -6.3370958e-08)
(0.00045296084 4.4564972e-05 -6.3370953e-08)
(0.00043559282 0.00013199482 -6.4572387e-08)
(0.00040146901 0.00021441621 -6.3420984e-08)
(0.00035186374 0.00028868179 -6.0861787e-08)
(0.00035184694 -0.00028869964 2.3569085e-07)
(0.00040144195 -0.00021446343 2.6366631e-07)
(0.0004355791 -0.00013203764 2.9690417e-07)
(0.00045296367 -4.4580298e-05 3.1499896e-07)
(0.00045296367 4.4580298e-05 3.1499897e-07)
(0.0004355791 0.00013203764 2.9690418e-07)
(0.00040144195 0.00021446343 2.6366633e-07)
(0.00035184694 0.00028869964 2.3569087e-07)
(0.00035147077 -0.00028843566 6.842026e-07)
(0.00040099739 -0.00021431581 6.9356685e-07)
(0.00043511422 -0.00013196754 7.0855975e-07)
(0.00045250636 -4.4558535e-05 7.1998676e-07)
(0.00045250636 4.4558535e-05 7.1998677e-07)
(0.00043511422 0.00013196754 7.0855976e-07)
(0.00040099739 0.00021431581 6.9356687e-07)
(0.00035147077 0.00028843566 6.8420262e-07)
(0.00028892286 0.00035204051 -3.0928701e-07)
(0.00021469089 0.00040164443 -3.3117733e-07)
(0.00013219476 0.00043584232 -3.5490384e-07)
(4.4631925e-05 0.00045329886 -3.6504688e-07)
(-4.4631924e-05 0.00045329886 -3.6504748e-07)
(-0.00013219476 0.00043584233 -3.5490553e-07)
(-0.00021469089 0.00040164444 -3.311798e-07)
(-0.00028892286 0.00035204051 -3.0929003e-07)
(0.00028874828 0.00035190738 -2.6806174e-07)
(0.00021449761 0.00040151058 -2.9543846e-07)
(0.0001320567 0.00043565264 -3.2792596e-07)
(4.4586192e-05 0.00045304085 -3.4565874e-07)
(-4.4586191e-05 0.00045304085 -3.4565885e-07)
(-0.00013205669 0.00043565264 -3.2792629e-07)
(-0.00021449761 0.00040151058 -2.9543906e-07)
(-0.00028874828 0.00035190738 -2.680626e-07)
(0.00028870517 0.00035189159 3.3094758e-08)
(0.00021443403 0.00040150078 3.6397291e-08)
(0.00013200535 0.00043562755 3.8845963e-08)
(4.4568194e-05 0.00045299727 3.88692e-08)
(-4.4568193e-05 0.00045299727 3.8869083e-08)
(-0.00013200534 0.00043562755 3.8845549e-08)
(-0.00021443403 0.00040150078 3.6396534e-08)
(-0.00028870517 0.00035189159 3.3093709e-08)
(0.00028873289 0.00035191897 8.2766163e-09)
(0.00021445741 0.00040153171 7.5303286e-09)
(0.00013201775 0.00043566984 5.5936424e-09)
(4.457134e-05 0.00045305208 3.4996772e-09)
(-4.4571338e-05 0.00045305208 3.499363e-09)
(-0.00013201775 0.00043566984 5.5927625e-09)
(-0.00021445741 0.00040153171 7.529035e-09)
(-0.00028873289 0.00035191898 8.2750106e-09)
(0.00028873722 0.00035192379 7.6286567e-09)
(0.00021446043 0.00040153818 8.0108223e-09)
(0.0001320178 0.0004356794 8.4377343e-09)
(4.4570434e-05 0.00045306462 8.5576158e-09)
(-4.4570433e-05 0.00045306462 8.5580719e-09)
(-0.0001320178 0.00043567939 8.4388176e-09)
(-0.00021446043 0.00040153818 8.0119753e-09)
(-0.00028873722 0.00035192379 7.629648e-09)
(0.00028874282 0.00035193086 4.2984263e-09)
(0.00021446457 0.00040154616 3.9448984e-09)
(0.0001320214 0.00043568775 3.9490224e-09)
(4.4572322e-05 0.00045307347 4.5620381e-09)
(-4.4572321e-05 0.00045307347 4.5615496e-09)
(-0.0001320214 0.00043568774 3.9474825e-09)
(-0.00021446457 0.00040154616 3.9424165e-09)
(-0.00028874282 0.00035193086 4.2952642e-09)
(0.0002887397 0.00035193747 1.4678825e-08)
(0.0002144533 0.00040155632 7.9996483e-09)
(0.0001320101 0.00043569504 -1.1294598e-09)
(4.4567693e-05 0.00045307726 -7.6590106e-09)
(-4.4567692e-05 0.00045307725 -7.6589186e-09)
(-0.0001320101 0.00043569504 -1.1291616e-09)
(-0.0002144533 0.00040155632 8.0001086e-09)
(-0.0002887397 0.00035193747 1.4679377e-08)
(0.00028873953 0.00035194149 2.1585155e-09)
(0.00021444931 0.00040156227 5.7680986e-09)
(0.00013200426 0.00043570104 1.0243669e-08)
(4.4564475e-05 0.0004530833 1.2973965e-08)
(-4.4564474e-05 0.00045308329 1.2973845e-08)
(-0.00013200426 0.00043570103 1.0243238e-08)
(-0.0002144493 0.00040156227 5.7673108e-09)
(-0.00028873953 0.00035194149 2.1574425e-09)
(0.00028873983 0.00035194178 1.1723332e-09)
(0.00021444959 0.00040156258 -2.3875086e-09)
(0.00013200446 0.00043570139 -6.7971655e-09)
(4.4564551e-05 0.00045308367 -9.4823956e-09)
(-4.456455e-05 0.00045308366 -9.4823913e-09)
(-0.00013200446 0.00043570138 -6.7972566e-09)
(-0.00021444959 0.00040156258 -2.3878328e-09)
(-0.00028873983 0.00035194179 1.1717861e-09)
(0.00028874147 0.00035193926 -9.3136113e-09)
(0.00021445498 0.00040155822 -2.454258e-09)
(0.00013201137 0.00043569717 6.946601e-09)
(4.4568179e-05 0.00045307952 1.3682196e-08)
(-4.4568179e-05 0.00045307952 1.3681955e-08)
(-0.00013201137 0.00043569716 6.9455655e-09)
(-0.00021445498 0.00040155822 -2.4563791e-09)
(-0.00028874147 0.00035193925 -9.3166556e-09)
(0.00028874841 0.00035193694 6.3794955e-09)
(0.00021446936 0.00040155282 6.8279894e-09)
(0.00013202477 0.00043569484 6.971979e-09)
(4.4573569e-05 0.00045308056 6.4927391e-09)
(-4.4573568e-05 0.00045308055 6.4924459e-09)
(-0.00013202477 0.00043569483 6.9714098e-09)
(-0.00021446936 0.00040155282 6.8276392e-09)
(-0.00028874841 0.00035193694 6.3794772e-09)
(0.00028874855 0.00035193619 3.1794454e-10)
(0.00021447014 0.0004015518 3.1778109e-10)
(0.00013202441 0.00043569438 3.1820974e-10)
(4.4572729e-05 0.00045308088 3.194994e-10)
(-4.4572729e-05 0.00045308088 3.2036786e-10)
(-0.00013202441 0.00043569437 3.2037039e-10)
(-0.00021447014 0.00040155179 3.2033485e-10)
(-0.00028874855 0.00035193619 3.2048114e-10)
(0.00028874792 0.00035193636 -5.6455954e-09)
(0.00021446898 0.00040155213 -6.0949543e-09)
(0.00013202451 0.000435694 -6.2410867e-09)
(4.4573471e-05 0.00045307958 -5.7646128e-09)
(-4.457347e-05 0.00045307957 -5.7653276e-09)
(-0.00013202451 0.00043569399 -6.2435758e-09)
(-0.00021446898 0.00040155212 -6.0993235e-09)
(-0.00028874792 0.00035193635 -5.6514335e-09)
(0.00028873981 0.00035193722 1.0184614e-08)
(0.00021445376 0.00040155593 3.3277142e-09)
(0.00013201063 0.00043569475 -6.0718288e-09)
(4.4567938e-05 0.00045307712 -1.2808866e-08)
(-4.4567937e-05 0.00045307711 -1.280866e-08)
(-0.00013201063 0.00043569474 -6.0709541e-09)
(-0.00021445376 0.00040155592 3.3294101e-09)
(-0.00028873981 0.00035193722 1.0186891e-08)
(0.00028873788 0.00035193938 4.3780875e-11)
(0.00021444817 0.00040155982 3.6187288e-09)
(0.0001320036 0.00043569842 8.0489311e-09)
(4.4564259e-05 0.00045308062 1.0748429e-08)
(-4.4564258e-05 0.00045308061 1.074844e-08)
(-0.0001320036 0.0004356984 8.0488345e-09)
(-0.00021444817 0.00040155982 3.6183323e-09)
(-0.00028873788 0.00035193937 4.3020753e-11)
(0.00028873756 0.00035193899 4.0807623e-10)
(0.00021444793 0.00040155938 -3.166963e-09)
(0.00013200345 0.00043569794 -7.5968011e-09)
(4.456421e-05 0.00045308012 -1.0295953e-08)
(-4.4564209e-05 0.00045308011 -1.0296048e-08)
(-0.00013200345 0.00043569792 -7.5971328e-09)
(-0.00021444793 0.00040155937 -3.1676144e-09)
(-0.00028873757 0.00035193899 4.0699724e-10)
(0.00028873937 0.0003519367 -9.727132e-09)
(0.00021445341 0.00040155527 -2.8713748e-09)
(0.00013201037 0.00043569389 6.5269444e-09)
(4.4567829e-05 0.00045307601 1.3263246e-08)
(-4.4567828e-05 0.00045307599 1.3263029e-08)
(-0.00013201037 0.00043569386 6.5256249e-09)
(-0.00021445341 0.00040155526 -2.8745313e-09)
(-0.00028873937 0.00035193669 -9.732005e-09)
(0.00028874578 0.00035193375 6.1049957e-09)
(0.00021446741 0.00040154921 6.553783e-09)
(0.0001320236 0.00043569101 6.699336e-09)
(4.4573185e-05 0.00045307669 6.2219778e-09)
(-4.4573185e-05 0.00045307667 6.2215112e-09)
(-0.0001320236 0.00043569099 6.6987052e-09)
(-0.00021446741 0.0004015492 6.5540966e-09)
(-0.00028874578 0.00035193375 6.1063695e-09)
(0.00028874633 0.0003519335 1.3975512e-10)
(0.00021446849 0.00040154872 1.3839792e-10)
(0.00013202339 0.00043569103 1.361452e-10)
(4.457238e-05 0.0004530774 1.3329075e-10)
(-4.4572388e-05 0.00045307739 1.3179553e-10)
(-0.00013202339 0.00043569101 1.3253447e-10)
(-0.00021446848 0.0004015487 1.3454032e-10)
(-0.00028874633 0.00035193349 1.3704083e-10)
(0.00028874612 0.00035193418 -5.9017858e-09)
(0.00021446762 0.00040154961 -6.3511851e-09)
(0.00013202363 0.00043569117 -6.4974919e-09)
(4.4573155e-05 0.0004530765 -6.0212328e-09)
(-4.4573175e-05 0.00045307648 -6.0233289e-09)
(-0.00013202364 0.00043569113 -6.5046442e-09)
(-0.00021446761 0.00040154958 -6.3632831e-09)
(-0.0002887461 0.00035193417 -5.9161998e-09)
(0.00028873749 0.00035193442 9.8005671e-09)
(0.00021445203 0.00040155274 2.94226e-09)
(0.00013200959 0.00043569137 -6.4593046e-09)
(4.4567582e-05 0.0004530737 -1.3198269e-08)
(-4.456762e-05 0.00045307367 -1.3202229e-08)
(-0.00013200961 0.00043569132 -6.4711419e-09)
(-0.00021445203 0.00040155269 2.9239496e-09)
(-0.00028873746 0.0003519344 9.7803568e-09)
(0.00028873574 0.00035193681 -7.5141699e-10)
(0.00021444655 0.00040155689 2.8161343e-09)
(0.00013200258 0.00043569521 7.2375045e-09)
(4.4563894e-05 0.00045307724 9.9312135e-09)
(-4.4563956e-05 0.00045307721 9.9280638e-09)
(-0.00013200263 0.00043569514 7.2272575e-09)
(-0.00021444656 0.00040155682 2.798118e-09)
(-0.0002887357 0.00035193678 -7.7443747e-10)
(0.00028873483 0.00035193576 -1.6563571e-09)
(0.00021444583 0.00040155571 -5.2585108e-09)
(0.00013200213 0.0004356939 -9.7175236e-09)
(4.4563741e-05 0.00045307584 -1.2429016e-08)
(-4.4563809e-05 0.00045307581 -1.2427819e-08)
(-0.00013200218 0.00043569382 -9.7148469e-09)
(-0.00021444584 0.00040155563 -5.2561977e-09)
(-0.00028873479 0.00035193572 -1.6560053e-09)
(0.00028873492 0.00035193164 -1.402389e-08)
(0.00021444976 0.0004015496 -7.3391551e-09)
(0.00013200789 0.00043568755 1.7995653e-09)
(4.456692e-05 0.00045306917 8.3368678e-09)
(-4.4566977e-05 0.00045306913 8.3385576e-09)
(-0.00013200794 0.00043568748 1.806221e-09)
(-0.00021444977 0.00040154953 -7.3250853e-09)
(-0.00028873489 0.00035193161 -1.4003216e-08)
(0.00028873601 0.00035192262 -4.4207508e-09)
(0.00021445949 0.00040153683 -4.134325e-09)
(0.00013201828 0.00043567777 -4.246096e-09)
(4.457126e-05 0.00045306324 -4.9480262e-09)
(-4.4571304e-05 0.00045306322 -4.9442388e-09)
(-0.00013201831 0.00043567772 -4.2330053e-09)
(-0.00021445949 0.00040153679 -4.1109977e-09)
(-0.00028873598 0.0003519226 -4.3911041e-09)
(0.0002887285 0.0003519134 -1.08185e-08)
(0.00021445369 0.00040152649 -1.1352876e-08)
(0.00013201331 0.00043566707 -1.2108584e-08)
(4.4568783e-05 0.00045305246 -1.2582309e-08)
(-4.4568803e-05 0.00045305245 -1.2579678e-08)
(-0.00013201332 0.00043566704 -1.2101157e-08)
(-0.00021445368 0.00040152647 -1.1342688e-08)
(-0.00028872848 0.0003519134 -1.0809477e-08)
(0.00028871888 0.00035190281 -1.6583478e-08)
(0.00021444611 0.00040151347 -1.6205548e-08)
(0.00013201025 0.00043565034 -1.4651697e-08)
(4.4568696e-05 0.00045303294 -1.2703491e-08)
(-4.4568697e-05 0.00045303294 -1.2700861e-08)
(-0.00013201025 0.00043565033 -1.4644609e-08)
(-0.0002144461 0.00040151346 -1.6196109e-08)
(-0.00028871888 0.00035190281 -1.6573422e-08)
(0.00028868178 0.00035186375 -6.086078e-08)
(0.0002144162 0.000401469 -6.3418153e-08)
(0.00013199482 0.00043559281 -6.4568269e-08)
(4.4564973e-05 0.00045296083 -6.336616e-08)
(-4.4564969e-05 0.00045296083 -6.3365529e-08)
(-0.00013199481 0.0004355928 -6.4565775e-08)
(-0.00021441619 0.000401469 -6.3413136e-08)
(-0.00028868178 0.00035186375 -6.0853336e-08)
(0.00028869963 0.00035184694 2.3569254e-07)
(0.00021446343 0.00040144194 2.6367115e-07)
(0.00013203764 0.00043557909 2.969114e-07)
(4.45803e-05 0.00045296367 3.1500785e-07)
(-4.4580295e-05 0.00045296367 3.1500995e-07)
(-0.00013203763 0.00043557909 2.9691778e-07)
(-0.00021446342 0.00040144195 2.6368187e-07)
(-0.00028869963 0.00035184695 2.3570728e-07)
(0.00028843566 0.00035147077 6.8420145e-07)
(0.00021431581 0.00040099739 6.9356337e-07)
(0.00013196754 0.00043511422 7.0855403e-07)
(4.4558536e-05 0.00045250636 7.1997892e-07)
(-4.4558534e-05 0.00045250636 7.1997648e-07)
(-0.00013196754 0.00043511422 7.0854674e-07)
(-0.00021431581 0.0004009974 6.9355147e-07)
(-0.00028843567 0.00035147078 6.8418567e-07)
)
;
    }
    fsi_dura
    {
        type            calculated;
        value           nonuniform List<vector> 
960
(
(0.00053576035 -0.00043971539 -2.7693353e-06)
(0.00061122889 -0.00032675441 -2.7758698e-06)
(0.00066323101 -0.00020120534 -2.789627e-06)
(0.00068976367 -6.7931658e-05 -2.8035236e-06)
(0.00068976367 6.7931658e-05 -2.8035236e-06)
(0.00066323101 0.00020120534 -2.789627e-06)
(0.00061122889 0.00032675441 -2.7758698e-06)
(0.00053576035 0.00043971539 -2.7693352e-06)
(0.00053680723 -0.00044058912 -3.870786e-06)
(0.00061241436 -0.00032743055 -3.8901458e-06)
(0.00066451676 -0.00020164526 -3.9218661e-06)
(0.00069108729 -6.808438e-05 -3.9465286e-06)
(0.00069108729 6.808438e-05 -3.9465286e-06)
(0.00066451676 0.00020164526 -3.9218661e-06)
(0.00061241436 0.00032743055 -3.8901457e-06)
(0.00053680723 0.00044058912 -3.8707859e-06)
(0.00053744293 -0.00044112855 -1.052509e-06)
(0.00061312819 -0.0003278562 -1.0613193e-06)
(0.00066528923 -0.00020192806 -1.074931e-06)
(0.00069189273 -6.8184894e-05 -1.0860054e-06)
(0.00069189273 6.8184894e-05 -1.0860054e-06)
(0.00066528923 0.00020192806 -1.074931e-06)
(0.00061312819 0.0003278562 -1.0613193e-06)
(0.00053744293 0.00044112855 -1.0525089e-06)
(0.00053761688 -0.00044127511 2.1251694e-07)
(0.00061332452 -0.00032797109 2.148698e-07)
(0.00066550067 -0.00020200634 2.1654675e-07)
(0.00069211438 -6.8214389e-05 2.1663611e-07)
(0.00069211438 6.8214389e-05 2.1663612e-07)
(0.00066550067 0.00020200634 2.1654677e-07)
(0.00061332452 0.00032797109 2.1486985e-07)
(0.00053761688 0.00044127511 2.1251701e-07)
(0.00053755779 -0.00044122473 2.2401989e-07)
(0.00061325823 -0.00032793336 2.2344172e-07)
(0.00066542803 -0.00020198321 2.2323811e-07)
(0.00069203704 -6.8206362e-05 2.2369659e-07)
(0.00069203704 6.8206362e-05 2.236966e-07)
(0.00066542803 0.00020198321 2.2323813e-07)
(0.00061325823 0.00032793336 2.2344178e-07)
(0.00053755779 0.00044122473 2.2401999e-07)
(0.00053750914 -0.0004411867 2.0727796e-08)
(0.00061320214 -0.00032790653 1.9069462e-08)
(0.00066536869 -0.00020196789 1.6580127e-08)
(0.00069197663 -6.8201827e-05 1.4161618e-08)
(0.00069197663 6.8201827e-05 1.4161623e-08)
(0.00066536869 0.00020196789 1.6580149e-08)
(0.00061320214 0.00032790653 1.9069523e-08)
(0.00053750914 0.0004411867 2.0727889e-08)
(0.00053750428 -0.00044118587 -3.6022251e-08)
(0.00061319421 -0.00032791034 -3.9404521e-08)
(0.00066535981 -0.00020197243 -4.4251003e-08)
(0.00069196847 -6.8203334e-05 -4.6641238e-08)
(0.00069196847 6.8203334e-05 -4.6641232e-08)
(0.00066535981 0.00020197243 -4.4250982e-08)
(0.00061319421 0.00032791034 -3.9404461e-08)
(0.00053750428 0.00044118587 -3.6022161e-08)
(0.00053750832 -0.00044119213 -1.891808e-09)
(0.00061319727 -0.00032791784 -2.5363463e-09)
(0.00066536344 -0.00020197715 -2.3943279e-09)
(0.00069197348 -6.820431e-05 -2.2118933e-09)
(0.00069197348 6.820431e-05 -2.2118879e-09)
(0.00066536344 0.00020197715 -2.3943076e-09)
(0.00061319727 0.00032791784 -2.5362895e-09)
(0.00053750832 0.00044119213 -1.8917224e-09)
(0.00053750957 -0.00044119305 -1.0776036e-08)
(0.00061319871 -0.00032791842 -1.0111636e-08)
(0.00066536495 -0.00020197744 -1.01508e-08)
(0.00069197501 -6.8204388e-05 -1.0243255e-08)
(0.00069197501 6.8204388e-05 -1.0243249e-08)
(0.00066536495 0.00020197744 -1.0150781e-08)
(0.00061319871 0.00032791842 -1.0111582e-08)
(0.00053750957 0.00044119305 -1.0775954e-08)
(0.00053750766 -0.0004411883 1.3939094e-08)
(0.0006131981 -0.00032791187 1.7348793e-08)
(0.00066536387 -0.00020197325 2.2241811e-08)
(0.00069197265 -6.8203597e-05 2.464403e-08)
(0.00069197265 6.8203597e-05 2.4644035e-08)
(0.00066536387 0.00020197325 2.2241829e-08)
(0.0006131981 0.00032791187 1.7348845e-08)
(0.00053750766 0.0004411883 1.3939172e-08)
(0.00053750466 -0.0004411823 9.3029268e-10)
(0.00061319724 -0.00032790259 2.8699022e-09)
(0.0006653631 -0.00020196515 5.8584212e-09)
(0.00069197046 -6.820087e-05 8.6206911e-09)
(0.00069197046 6.820087e-05 8.6206957e-09)
(0.0006653631 0.00020196515 5.8584387e-09)
(0.00061319724 0.00032790259 2.8699522e-09)
(0.00053750466 0.0004411823 9.3036844e-10)
(0.00053750432 -0.00044118044 -1.5458559e-10)
(0.00061319727 -0.00032789963 -2.3516891e-10)
(0.00066536177 -0.00020196121 -2.9403546e-10)
(0.00069196823 -6.8198487e-05 -3.2582597e-10)
(0.00069196823 6.8198487e-05 -3.2582166e-10)
(0.00066536177 0.00020196121 -2.940188e-10)
(0.00061319727 0.00032789963 -2.3512086e-10)
(0.00053750432 0.00044118044 -1.5451285e-10)
(0.0005375035 -0.00044118141 -7.9101813e-10)
(0.00061319593 -0.00032790195 -2.8948799e-09)
(0.00066536166 -0.00020196475 -6.0000494e-09)
(0.00069196888 -6.8200729e-05 -8.822895e-09)
(0.00069196888 6.8200729e-05 -8.822891e-09)
(0.00066536166 0.00020196475 -6.0000338e-09)
(0.00061319593 0.00032790195 -2.8948339e-09)
(0.0005375035 0.00044118141 -7.9094824e-10)
(0.0005375039 -0.00044118536 -1.2632797e-08)
(0.00061319383 -0.0003279097 -1.6220713e-08)
(0.0006653593 -0.00020197194 -2.1238867e-08)
(0.000691968 -6.8203163e-05 -2.3703282e-08)
(0.000691968 6.8203163e-05 -2.3703278e-08)
(0.0006653593 0.00020197194 -2.1238852e-08)
(0.00061319383 0.0003279097 -1.6220669e-08)
(0.0005375039 0.00044118536 -1.2632729e-08)
(0.00053750451 -0.00044118918 1.0368556e-08)
(0.00061319301 -0.00032791555 9.5213891e-09)
(0.00066535882 -0.00020197567 9.450547e-09)
(0.00069196868 -6.8203792e-05 9.4932977e-09)
(0.00069196868 6.8203792e-05 9.4933012e-09)
(0.00066535882 0.00020197567 9.4505609e-09)
(0.00061319301 0.00032791555 9.5214316e-09)
(0.00053750451 0.00044118918 1.0368621e-08)
(0.00053750376 -0.00044118881 -1.09889e-08)
(0.00061319221 -0.00032791531 -1.0509452e-08)
(0.000665358 -0.00020197554 -1.0707728e-08)
(0.00069196785 -6.8203748e-05 -1.0892399e-08)
(0.00069196785 6.8203748e-05 -1.0892396e-08)
(0.000665358 0.00020197554 -1.0707715e-08)
(0.00061319221 0.00032791531 -1.0509411e-08)
(0.00053750376 0.00044118881 -1.0988838e-08)
(0.00053750245 -0.00044118498 1.2032863e-08)
(0.00061319236 -0.00032790951 1.5220594e-08)
(0.00066535779 -0.00020197184 1.9941816e-08)
(0.00069196637 -6.8203124e-05 2.2247982e-08)
(0.00069196637 6.8203124e-05 2.2247985e-08)
(0.00066535779 0.00020197184 1.9941828e-08)
(0.00061319237 0.00032790951 1.5220632e-08)
(0.00053750245 0.00044118498 1.2032921e-08)
(0.00053749873 -0.00044117898 2.3429678e-10)
(0.00061319082 -0.00032790031 1.8662533e-09)
(0.00066535647 -0.00020196385 4.6169344e-09)
(0.00069196381 -6.8200456e-05 7.2497216e-09)
(0.00069196381 6.8200456e-05 7.249724e-09)
(0.00066535647 0.00020196385 4.6169449e-09)
(0.00061319082 0.00032790031 1.8662884e-09)
(0.00053749873 0.00044117898 2.3435093e-10)
(0.00053749874 -0.00044117825 -2.436419e-10)
(0.00061319144 -0.00032789832 -7.8823123e-10)
(0.0006653559 -0.00020196054 -1.2128123e-09)
(0.00069196237 -6.8198282e-05 -1.4399323e-09)
(0.00069196237 6.8198282e-05 -1.4399304e-09)
(0.0006653559 0.00020196054 -1.2128035e-09)
(0.00061319144 0.00032789832 -7.8820002e-10)
(0.00053749874 0.00044117825 -2.4359331e-10)
(0.00053749803 -0.00044118067 -1.0200591e-09)
(0.00061319046 -0.00032790201 -3.8916554e-09)
(0.00066535642 -0.00020196506 -7.6846823e-09)
(0.00069196379 -6.8200871e-05 -1.0910803e-08)
(0.00069196379 6.8200871e-05 -1.0910802e-08)
(0.00066535642 0.00020196506 -7.6846751e-09)
(0.00061319046 0.00032790201 -3.891628e-09)
(0.00053749803 0.00044118067 -1.0200162e-09)
(0.00053749719 -0.00044118555 -1.3921285e-08)
(0.00061318707 -0.00032791124 -1.8666995e-08)
(0.00066535311 -0.00020197371 -2.4984568e-08)
(0.0006919624 -6.8203944e-05 -2.8345303e-08)
(0.0006919624 6.8203944e-05 -2.8345302e-08)
(0.00066535311 0.00020197371 -2.4984562e-08)
(0.00061318707 0.00032791124 -1.8666971e-08)
(0.00053749719 0.00044118555 -1.3921247e-08)
(0.00053749816 -0.00044119163 9.9442734e-09)
(0.00061318657 -0.00032792002 8.1188409e-09)
(0.00066535316 -0.00020198028 6.6918821e-09)
(0.00069196385 -6.8205798e-05 5.6776958e-09)
(0.00069196385 6.8205798e-05 5.6776967e-09)
(0.00066535316 0.00020198028 6.691887e-09)
(0.00061318657 0.00032792002 8.1188612e-09)
(0.00053749816 0.00044119163 9.9443054e-09)
(0.00053749604 -0.00044119091 -9.1387193e-10)
(0.00061318408 -0.00032792025 -2.3663813e-10)
(0.00066535056 -0.00020198113 -3.6532908e-10)
(0.00069196128 -6.8206285e-05 -5.5935893e-10)
(0.00069196128 6.8206285e-05 -5.5935831e-10)
(0.00066535056 0.00020198113 -3.653254e-10)
(0.00061318408 0.00032792025 -2.3662188e-10)
(0.00053749604 0.00044119091 -9.1384608e-10)
(0.00053749189 -0.00044118359 3.8496052e-08)
(0.00061318095 -0.00032791134 4.3036704e-08)
(0.00066534672 -0.00020197495 4.9315371e-08)
(0.00069195578 -6.820465e-05 5.2783065e-08)
(0.00069195578 6.820465e-05 5.2783066e-08)
(0.00066534672 0.00020197495 4.9315374e-08)
(0.00061318095 0.00032791134 4.3036717e-08)
(0.00053749189 0.00044118359 3.8496073e-08)
(0.00053748995 -0.00044117675 8.1694641e-09)
(0.00061318113 -0.00032790065 1.1160062e-08)
(0.00066534713 -0.00020196522 1.5060965e-08)
(0.00069195516 -6.8201137e-05 1.8441236e-08)
(0.00069195516 6.8201137e-05 1.8441236e-08)
(0.00066534713 0.00020196522 1.5060966e-08)
(0.00061318113 0.00032790065 1.1160069e-08)
(0.00053748995 0.00044117675 8.1694756e-09)
(0.00053753029 -0.00044120615 -1.6925848e-07)
(0.00061322742 -0.00032792054 -1.6804017e-07)
(0.00066539542 -0.00020197564 -1.6736193e-07)
(0.00069200409 -6.8203809e-05 -1.6743528e-07)
(0.00069200409 6.8203809e-05 -1.6743528e-07)
(0.00066539542 0.00020197564 -1.6736193e-07)
(0.00061322742 0.00032792054 -1.6804016e-07)
(0.00053753029 0.00044120615 -1.6925847e-07)
(0.00053761026 -0.00044127263 -2.9345193e-07)
(0.00061331693 -0.00032797031 -2.9543788e-07)
(0.00066549278 -0.00020200612 -2.9705788e-07)
(0.00069210713 -6.8214259e-05 -2.9723722e-07)
(0.00069210713 6.8214259e-05 -2.9723722e-07)
(0.00066549278 0.00020200612 -2.9705789e-07)
(0.00061331693 0.00032797031 -2.9543789e-07)
(0.00053761026 0.00044127263 -2.9345194e-07)
(0.00053752386 -0.00044119761 5.7945734e-07)
(0.00061322048 -0.00032790856 5.8853917e-07)
(0.00066539046 -0.00020196084 6.0251696e-07)
(0.00069199799 -6.8196171e-05 6.1358592e-07)
(0.00069199799 6.8196171e-05 6.1358592e-07)
(0.00066539046 0.00020196084 6.0251696e-07)
(0.00061322048 0.00032790856 5.885392e-07)
(0.00053752386 0.00044119761 5.7945739e-07)
(0.00053700641 -0.00044075339 3.6227375e-06)
(0.00061264141 -0.00032755426 3.6434002e-06)
(0.00066476385 -0.00020172274 3.6753674e-06)
(0.00069134468 -6.8110327e-05 3.7002946e-06)
(0.00069134468 6.8110327e-05 3.7002946e-06)
(0.00066476385 0.00020172274 3.6753674e-06)
(0.00061264141 0.00032755426 3.6434e-06)
(0.00053700641 0.00044075339 3.6227374e-06)
(0.00053601313 -0.00043990968 6.5097568e-06)
(0.00061152519 -0.00032689653 6.5291222e-06)
(0.0006635486 -0.00020130326 6.5512614e-06)
(0.00069007546 -6.7968806e-05 6.5612775e-06)
(0.00069007546 6.7968806e-05 6.5612775e-06)
(0.0006635486 0.00020130326 6.5512614e-06)
(0.00061152519 0.00032689653 6.5291222e-06)
(0.00053601313 0.00043990968 6.5097568e-06)
(0.00043971538 0.00053576036 -2.7693217e-06)
(0.0003267544 0.00061122891 -2.7758296e-06)
(0.00020120533 0.00066323103 -2.7895616e-06)
(6.7931645e-05 0.0006897637 -2.803435e-06)
(-6.7931674e-05 0.0006897637 -2.8034148e-06)
(-0.00020120536 0.00066323104 -2.7895016e-06)
(-0.00032675443 0.00061122892 -2.7757317e-06)
(-0.00043971542 0.00053576037 -2.7691897e-06)
(0.00044058909 0.00053680726 -3.8707548e-06)
(0.00032743053 0.0006124144 -3.8900532e-06)
(0.00020164524 0.00066451682 -3.9217149e-06)
(6.8084348e-05 0.00069108736 -3.9463232e-06)
(-6.8084423e-05 0.00069108737 -3.9462757e-06)
(-0.00020164532 0.00066451685 -3.9215743e-06)
(-0.00032743062 0.00061241444 -3.8898251e-06)
(-0.0004405892 0.0005368073 -3.870448e-06)
(0.00044112851 0.00053744298 -1.0524743e-06)
(0.00032785616 0.00061312825 -1.0612163e-06)
(0.00020192801 0.0006652893 -1.0747624e-06)
(6.8184841e-05 0.00069189281 -1.0857758e-06)
(-6.8184959e-05 0.00069189282 -1.0857212e-06)
(-0.00020192814 0.00066528931 -1.0746009e-06)
(-0.00032785629 0.00061312827 -1.0609541e-06)
(-0.00044112865 0.000537443 -1.0521213e-06)
(0.00044127508 0.00053761693 2.1255291e-07)
(0.00032797105 0.00061332457 2.1497675e-07)
(0.00020200629 0.00066550073 2.1672229e-07)
(6.8214331e-05 0.00069211445 2.1687621e-07)
(-6.821446e-05 0.00069211445 2.1693493e-07)
(-0.00020200642 0.00066550074 2.1689635e-07)
(-0.00032797118 0.00061332458 2.1525964e-07)
(-0.00044127522 0.00053761694 2.1293381e-07)
(0.00044122471 0.00053755782 2.2406009e-07)
(0.00032793334 0.00061325827 2.2356163e-07)
(0.00020198318 0.00066542808 2.2343607e-07)
(6.8206313e-05 0.0006920371 2.2396887e-07)
(-6.8206432e-05 0.0006920371 2.2403665e-07)
(-0.0002019833 0.00066542809 2.2363649e-07)
(-0.00032793346 0.00061325828 2.2388631e-07)
(-0.00044122484 0.00053755783 2.2449633e-07)
(0.00044118671 0.00053750915 2.0773569e-08)
(0.00032790653 0.00061320216 1.9205722e-08)
(0.00020196788 0.00066536873 1.6804423e-08)
(6.8201792e-05 0.00069197668 1.4469834e-08)
(-6.8201894e-05 0.00069197669 1.4547306e-08)
(-0.00020196799 0.00066536874 1.7033935e-08)
(-0.00032790664 0.00061320217 1.9578767e-08)
(-0.00044118682 0.00053750916 2.1276098e-08)
(0.00044118591 0.00053750426 -3.5970742e-08)
(0.00032791037 0.00061319421 -3.9250911e-08)
(0.00020197244 0.00066535983 -4.3997676e-08)
(6.8203313e-05 0.00069196851 -4.6292865e-08)
(-6.8203398e-05 0.00069196851 -4.6205303e-08)
(-0.00020197253 0.00066535984 -4.3738365e-08)
(-0.00032791047 0.00061319422 -3.882998e-08)
(-0.000441186 0.00053750427 -3.5404424e-08)
(0.0004411922 0.00053750827 -1.8346739e-09)
(0.00032791791 0.00061319725 -2.3661244e-09)
(0.00020197719 0.00066536345 -2.114066e-09)
(6.8204304e-05 0.00069197351 -1.8271527e-09)
(-6.820437e-05 0.00069197352 -1.7314308e-09)
(-0.00020197726 0.00066536346 -1.8305923e-09)
(-0.00032791798 0.00061319726 -1.9058278e-09)
(-0.00044119228 0.00053750828 -1.2151926e-09)
(0.00044119316 0.00053750949 -1.0712591e-08)
(0.00032791852 0.00061319866 -9.922806e-09)
(0.0002019775 0.00066536495 -9.8406768e-09)
(6.8204397e-05 0.00069197503 -9.8191871e-09)
(-6.8204445e-05 0.00069197504 -9.7163592e-09)
(-0.00020197755 0.00066536495 -9.5362582e-09)
(-0.00032791857 0.00061319867 -9.4287877e-09)
(-0.00044119321 0.0005375095 -1.0048122e-08)
(0.00044118843 0.00053750756 1.401022e-08)
(0.00032791199 0.00061319804 1.7559923e-08)
(0.00020197333 0.00066536386 2.2586858e-08)
(6.8203618e-05 0.00069197267 2.5112629e-08)
(-6.8203648e-05 0.00069197267 2.5220824e-08)
(-0.00020197336 0.00066536387 2.2906884e-08)
(-0.00032791202 0.00061319805 1.8078785e-08)
(-0.00044118847 0.00053750757 1.470752e-08)
(0.00044118244 0.00053750455 1.0130259e-09)
(0.00032790273 0.00061319718 3.1144237e-09)
(0.00020196525 0.00066536309 6.2543746e-09)
(6.8200901e-05 0.00069197047 9.1515903e-09)
(-6.8200913e-05 0.00069197047 9.2651658e-09)
(-0.00020196526 0.00066536309 6.5907225e-09)
(-0.00032790274 0.00061319719 3.6600666e-09)
(-0.00044118246 0.00053750456 1.7457206e-09)
(0.00044118056 0.00053750422 -5.7338603e-11)
(0.00032789975 0.00061319721 5.155795e-11)
(0.0002019613 0.00066536176 1.6751895e-10)
(6.819852e-05 0.00069196825 2.8615151e-10)
(-6.8198517e-05 0.00069196825 4.0381974e-10)
(-0.00020196129 0.00066536176 5.1473283e-10)
(-0.00032789974 0.00061319722 6.1177987e-10)
(-0.00044118055 0.00053750423 6.9125132e-10)
(0.00044118148 0.00053750344 -6.7288384e-10)
(0.00032790202 0.00061319591 -2.5490687e-09)
(0.0002019648 0.00066536166 -5.4505426e-09)
(6.8200753e-05 0.00069196891 -8.1068209e-09)
(-6.8200738e-05 0.00069196891 -7.9881584e-09)
(-0.00020196478 0.00066536167 -5.1005393e-09)
(-0.00032790199 0.00061319592 -1.984468e-09)
(-0.00044118144 0.00053750346 8.0466748e-11)
(0.00044118532 0.00053750394 -1.2485259e-08)
(0.00032790967 0.00061319387 -1.5790592e-08)
(0.00020197191 0.00066535934 -2.0562296e-08)
(6.8203161e-05 0.00069196804 -2.2836597e-08)
(-6.8203139e-05 0.00069196804 -2.2716237e-08)
(-0.00020197188 0.00066535935 -2.0207546e-08)
(-0.00032790962 0.00061319388 -1.5220172e-08)
(-0.00044118525 0.00053750396 -1.172777e-08)
(0.00044118895 0.00053750472 1.055567e-08)
(0.00032791534 0.00061319316 1.006378e-08)
(0.00020197552 0.00066535892 1.029432e-08)
(6.8203743e-05 0.00069196874 1.0555815e-08)
(-6.8203716e-05 0.00069196874 1.0672711e-08)
(-0.00020197547 0.00066535892 1.0638505e-08)
(-0.00032791526 0.00061319317 1.0616705e-08)
(-0.00044118884 0.00053750474 1.1289435e-08)
(0.00044118828 0.00053750422 -1.0749293e-08)
(0.00032791481 0.00061319254 -9.8184444e-09)
(0.00020197518 0.00066535819 -9.6446979e-09)
(6.8203627e-05 0.00069196796 -9.5774473e-09)
(-6.8203588e-05 0.00069196795 -9.4695764e-09)
(-0.00020197511 0.00066535818 -9.3261541e-09)
(-0.0003279147 0.00061319254 -9.3039648e-09)
(-0.00044118813 0.00053750425 -1.0061624e-08)
(0.00044118398 0.0005375033 1.2341994e-08)
(0.00032790858 0.00061319296 1.6106858e-08)
(0.00020197118 0.00066535812 2.1289158e-08)
(6.820291e-05 0.00069196653 2.3883179e-08)
(-6.8202819e-05 0.00069196652 2.3965955e-08)
(-0.00020197106 0.00066535811 2.1537833e-08)
(-0.00032790843 0.00061319295 1.6522163e-08)
(-0.00044118381 0.00053750331 1.2921566e-08)
(0.00044117731 0.00053750015 6.4162187e-10)
(0.00032789875 0.00061319179 3.0244498e-09)
(0.00020196278 0.00066535698 6.3488063e-09)
(6.8200149e-05 0.00069196404 9.300349e-09)
(-6.8199902e-05 0.00069196404 9.333497e-09)
(-0.00020196255 0.00066535698 6.4646944e-09)
(-0.00032789856 0.00061319177 3.2638159e-09)
(-0.00044117714 0.00053750011 1.0489135e-09)
(0.00044117561 0.000537501 3.1168821e-10)
(0.00032789589 0.00061319293 7.7238085e-10)
(0.00020195894 0.00066535664 1.0681756e-09)
(6.8197933e-05 0.00069196269 1.177145e-09)
(-6.8197307e-05 0.00069196271 1.1174413e-09)
(-0.00020195846 0.00066535667 9.3312219e-10)
(-0.00032789562 0.00061319289 6.7816e-10)
(-0.00044117552 0.00053750082 4.0291511e-10)
(0.00044117657 0.00053750151 -2.641027e-10)
(0.00032789828 0.00061319274 -1.7617265e-09)
(0.0002019627 0.00066535748 -4.5698403e-09)
(6.8200512e-05 0.00069196417 -7.3709577e-09)
(-6.8199162e-05 0.00069196424 -7.5576096e-09)
(-0.00020196171 0.00066535759 -5.057578e-09)
(-0.00032789786 0.00061319266 -2.3435531e-09)
(-0.00044117668 0.00053750104 -6.4472536e-10)
(0.00044117951 0.00053750227 -1.303941e-08)
(0.00032790552 0.00061319042 -1.6062368e-08)
(0.00020196989 0.00066535471 -2.0904301e-08)
(6.8203353e-05 0.00069196295 -2.3469839e-08)
(-6.8200975e-05 0.00069196308 -2.3743687e-08)
(-0.00020196814 0.00066535492 -2.1647039e-08)
(-0.00032790481 0.00061319029 -1.7035711e-08)
(-0.00044117985 0.00053750129 -1.385333e-08)
(0.00044118369 0.00053750468 1.0558332e-08)
(0.00032791194 0.00061319102 1.0056101e-08)
(0.00020197429 0.00066535547 1.001308e-08)
(6.8204561e-05 0.00069196482 9.8992323e-09)
(-6.8201217e-05 0.00069196501 9.6520595e-09)
(-0.00020197178 0.00066535579 9.3221188e-09)
(-0.00032791088 0.00061319083 9.0820981e-09)
(-0.00044118419 0.00053750317 9.5956011e-09)
(0.00044118216 0.00053750316 -1.0040459e-09)
(0.00032791104 0.00061318902 -5.0004217e-10)
(0.00020197394 0.00066535325 -7.7835783e-10)
(6.8204612e-05 0.00069196252 -1.0942872e-09)
(-6.8200873e-05 0.00069196273 -1.2046652e-09)
(-0.00020197112 0.00066535362 -1.1052469e-09)
(-0.00032790982 0.0006131888 -1.0289247e-09)
(-0.00044118271 0.00053750141 -1.7112505e-09)
(0.00044117566 0.00053749841 3.7726985e-08)
(0.00032790326 0.00061318541 4.0643154e-08)
(0.00020196893 0.00066534905 4.525247e-08)
(6.8203382e-05 0.00069195676 4.755685e-08)
(-6.8200071e-05 0.00069195695 4.7588722e-08)
(-0.00020196646 0.00066534939 4.530845e-08)
(-0.00032790226 0.00061318522 4.0593372e-08)
(-0.00044117623 0.0005374969 3.7327185e-08)
(0.00044117072 0.00053749501 7.1259645e-09)
(0.00032789492 0.0006131845 8.0771644e-09)
(0.00020196139 0.00066534876 1.0203164e-08)
(6.8200523e-05 0.00069195576 1.2523757e-08)
(-6.8198228e-05 0.0006919559 1.259807e-08)
(-0.00020195973 0.00066534899 1.0357533e-08)
(-0.00032789434 0.00061318436 8.1001321e-09)
(-0.00044117121 0.00053749402 6.6679986e-09)
(0.00044120211 0.00053753374 -1.7019221e-07)
(0.00032791685 0.00061322972 -1.7069451e-07)
(0.0002019733 0.00066539654 -1.7130976e-07)
(6.8203411e-05 0.00069200456 -1.7205291e-07)
(-6.8202216e-05 0.00069200463 -1.7205045e-07)
(-0.00020197248 0.00066539666 -1.7136827e-07)
(-0.00032791664 0.00061322964 -1.7099959e-07)
(-0.00044120244 0.00053753326 -1.7100721e-07)
(0.00044127008 0.00053761246 -2.9415845e-07)
(0.00032796798 0.00061331844 -2.9744205e-07)
(0.00020200456 0.00066549361 -3.0004826e-07)
(6.8213842e-05 0.00069210757 -3.0078683e-07)
(-6.8213461e-05 0.0006921076 -3.0088841e-07)
(-0.00020200434 0.00066549365 -3.0039201e-07)
(-0.000327968 0.00061331841 -2.9812951e-07)
(-0.00044127031 0.00053761228 -2.9530856e-07)
(0.0004411961 0.0005375252 5.7891428e-07)
(0.00032790715 0.00061322147 5.8698075e-07)
(0.00020195984 0.0006653911 6.0014181e-07)
(6.8195803e-05 0.00069199843 6.1068458e-07)
(-6.8195851e-05 0.00069199844 6.1049299e-07)
(-0.00020195993 0.00066539112 5.9955806e-07)
(-0.00032790731 0.00061322149 5.8598386e-07)
(-0.00044119631 0.00053752518 5.7748925e-07)
(0.00044075264 0.00053700713 3.6223065e-06)
(0.00032755358 0.00061264204 3.6421534e-06)
(0.00020172225 0.00066476437 3.6734368e-06)
(6.811011e-05 0.00069134514 3.6978802e-06)
(-6.8110249e-05 0.00069134516 3.6976372e-06)
(-0.00020172241 0.00066476443 3.6727149e-06)
(-0.00032755377 0.00061264213 3.6409747e-06)
(-0.00044075287 0.00053700725 3.6207089e-06)
(0.0004399095 0.0005360134 6.5094284e-06)
(0.00032689642 0.00061152556 6.5281678e-06)
(0.00020130321 0.00066354905 6.54977e-06)
(6.7968774e-05 0.00069007597 6.5593848e-06)
(-6.7968831e-05 0.00069007601 6.5591487e-06)
(-0.00020130329 0.00066354916 6.5490725e-06)
(-0.00032689656 0.00061152574 6.5270408e-06)
(-0.00043990972 0.00053601362 6.5079222e-06)
(-0.00053576039 0.00043971541 -2.7691745e-06)
(-0.00061122894 0.00032675442 -2.7756869e-06)
(-0.00066323107 0.00020120535 -2.7894292e-06)
(-0.00068976373 6.7931661e-05 -2.803318e-06)
(-0.00068976373 -6.7931661e-05 -2.803318e-06)
(-0.00066323107 -0.00020120535 -2.7894292e-06)
(-0.00061122894 -0.00032675442 -2.7756869e-06)
(-0.00053576039 -0.00043971541 -2.7691745e-06)
(-0.00053680735 0.00044058916 -3.8704121e-06)
(-0.00061241449 0.00032743059 -3.889719e-06)
(-0.00066451691 0.00020164529 -3.9214027e-06)
(-0.00069108744 6.8084388e-05 -3.9460463e-06)
(-0.00069108744 -6.8084388e-05 -3.9460463e-06)
(-0.00066451691 -0.00020164529 -3.9214027e-06)
(-0.00061241449 -0.00032743059 -3.889719e-06)
(-0.00053680735 -0.00044058916 -3.8704121e-06)
(-0.00053744308 0.00044112858 -1.0520788e-06)
(-0.00061312835 0.00032785622 -1.0608286e-06)
(-0.00066528939 0.00020192807 -1.0743985e-06)
(-0.00069189291 6.8184899e-05 -1.0854517e-06)
(-0.00069189291 -6.8184899e-05 -1.0854517e-06)
(-0.00066528939 -0.00020192807 -1.0743985e-06)
(-0.00061312835 -0.00032785622 -1.0608286e-06)
(-0.00053744308 -0.00044112858 -1.0520788e-06)
(-0.00053761703 0.00044127513 2.1298113e-07)
(-0.00061332467 0.0003279711 2.1539906e-07)
(-0.00066550082 0.00020200634 2.1712053e-07)
(-0.00069211453 6.8214391e-05 2.1723242e-07)
(-0.00069211453 -6.8214391e-05 2.1723242e-07)
(-0.00066550082 -0.00020200634 2.1712053e-07)
(-0.00061332467 -0.0003279711 2.1539906e-07)
(-0.00053761703 -0.00044127513 2.1298113e-07)
(-0.00053755793 0.00044122474 2.2455159e-07)
(-0.00061325837 0.00032793337 2.2404933e-07)
(-0.00066542817 0.00020198322 2.2389901e-07)
(-0.00069203718 6.8206364e-05 2.2438504e-07)
(-0.00069203718 -6.8206364e-05 2.2438504e-07)
(-0.00066542817 -0.00020198322 2.2389901e-07)
(-0.00061325837 -0.00032793337 2.2404933e-07)
(-0.00053755793 -0.00044122474 2.2455158e-07)
(-0.00053750926 0.00044118671 2.1340355e-08)
(-0.00061320226 0.00032790653 1.9767849e-08)
(-0.00066536881 0.0002019679 1.7337346e-08)
(-0.00069197676 6.8201829e-05 1.4948882e-08)
(-0.00069197676 -6.8201829e-05 1.4948882e-08)
(-0.00066536881 -0.0002019679 1.7337345e-08)
(-0.00061320226 -0.00032790653 1.9767848e-08)
(-0.00053750926 -0.00044118671 2.1340351e-08)
(-0.00053750438 0.00044118588 -3.533194e-08)
(-0.00061319431 0.00032791035 -3.861645e-08)
(-0.00066535992 0.00020197243 -4.3395312e-08)
(-0.00069196858 6.8203336e-05 -4.5751097e-08)
(-0.00069196858 -6.8203336e-05 -4.5751097e-08)
(-0.00066535992 -0.00020197243 -4.3395313e-08)
(-0.00061319431 -0.00032791035 -3.8616453e-08)
(-0.00053750438 -0.00044118588 -3.5331945e-08)
(-0.0005375084 0.00044119214 -1.1367963e-09)
(-0.00061319736 0.00032791785 -1.6748776e-09)
(-0.00066536353 0.00020197716 -1.4594028e-09)
(-0.00069197357 6.8204311e-05 -1.2394449e-09)
(-0.00069197357 -6.8204311e-05 -1.2394452e-09)
(-0.00066536353 -0.00020197716 -1.4594042e-09)
(-0.00061319736 -0.00032791785 -1.6748808e-09)
(-0.0005375084 -0.00044119214 -1.1368023e-09)
(-0.00053750963 0.00044119306 -9.9665213e-09)
(-0.00061319877 0.00032791842 -9.1880912e-09)
(-0.00066536502 0.00020197744 -9.1484538e-09)
(-0.00069197508 6.8204389e-05 -9.2006218e-09)
(-0.00069197508 -6.8204389e-05 -9.2006221e-09)
(-0.00066536502 -0.00020197744 -9.1484553e-09)
(-0.00061319877 -0.00032791842 -9.1880946e-09)
(-0.00053750963 -0.00044119306 -9.9665275e-09)
(-0.0005375077 0.00044118831 1.4787756e-08)
(-0.00061319814 0.00032791187 1.8316039e-08)
(-0.00066536391 0.00020197325 2.3291083e-08)
(-0.0006919727 6.8203597e-05 2.5735597e-08)
(-0.0006919727 -6.8203597e-05 2.5735596e-08)
(-0.00066536391 -0.00020197325 2.3291081e-08)
(-0.00061319814 -0.00032791187 1.8316035e-08)
(-0.0005375077 -0.00044118831 1.478775e-08)
(-0.00053750468 0.00044118231 1.8204553e-09)
(-0.00061319726 0.0003279026 3.8819709e-09)
(-0.00066536312 0.00020196516 6.9528725e-09)
(-0.00069197048 6.8200871e-05 9.7561848e-09)
(-0.00069197048 -6.8200871e-05 9.7561843e-09)
(-0.00066536312 -0.00020196516 6.9528708e-09)
(-0.00061319726 -0.0003279026 3.8819671e-09)
(-0.00053750468 -0.00044118231 1.8204489e-09)
(-0.00053750431 0.00044118045 7.5216838e-10)
(-0.00061319726 0.00032789964 7.9517997e-10)
(-0.00066536177 0.00020196121 8.2185464e-10)
(-0.00069196823 6.8198489e-05 8.3395753e-10)
(-0.00069196823 -6.8198489e-05 8.3395704e-10)
(-0.00066536177 -0.00020196121 8.2185298e-10)
(-0.00061319726 -0.00032789964 7.9517666e-10)
(-0.00053750431 -0.00044118045 7.521629e-10)
(-0.00053750345 0.00044118143 1.1780724e-10)
(-0.00061319589 0.00032790196 -1.8684694e-09)
(-0.00066536162 0.00020196476 -4.8948833e-09)
(-0.00069196885 6.8200734e-05 -7.6778204e-09)
(-0.00069196885 -6.8200734e-05 -7.6778207e-09)
(-0.00066536162 -0.00020196476 -4.8948843e-09)
(-0.00061319589 -0.00032790196 -1.8684719e-09)
(-0.00053750345 -0.00044118143 1.1780282e-10)
(-0.00053750382 0.00044118539 -1.1722792e-08)
(-0.00061319375 0.00032790974 -1.5195934e-08)
(-0.00066535924 0.00020197196 -2.0138226e-08)
(-0.00069196794 6.8203173e-05 -2.2565497e-08)
(-0.00069196794 -6.8203173e-05 -2.2565498e-08)
(-0.00066535924 -0.00020197196 -2.0138227e-08)
(-0.00061319375 -0.00032790974 -1.5195936e-08)
(-0.00053750382 -0.00044118539 -1.1722796e-08)
(-0.00053750439 0.00044118922 1.124929e-08)
(-0.00061319289 0.00032791561 1.0512279e-08)
(-0.00066535872 0.00020197572 1.0514482e-08)
(-0.00069196859 6.8203809e-05 1.0593578e-08)
(-0.00069196859 -6.8203809e-05 1.0593578e-08)
(-0.00066535872 -0.00020197572 1.0514482e-08)
(-0.00061319289 -0.00032791561 1.0512278e-08)
(-0.00053750439 -0.00044118922 1.1249287e-08)
(-0.0005375036 0.00044118887 -1.0156836e-08)
(-0.00061319205 0.00032791538 -9.5662924e-09)
(-0.00066535786 0.00020197559 -9.6893822e-09)
(-0.00069196773 6.8203769e-05 -9.836234e-09)
(-0.00069196773 -6.8203769e-05 -9.8362338e-09)
(-0.00066535786 -0.00020197559 -9.689382e-09)
(-0.00061319205 -0.00032791538 -9.5662929e-09)
(-0.0005375036 -0.00044118887 -1.0156838e-08)
(-0.00053750226 0.00044118501 1.2765878e-08)
(-0.00061319219 0.00032790956 1.6084695e-08)
(-0.00066535763 0.00020197187 2.0903337e-08)
(-0.00069196622 6.8203138e-05 2.3262452e-08)
(-0.00069196622 -6.8203138e-05 2.3262452e-08)
(-0.00066535763 -0.00020197187 2.0903338e-08)
(-0.00061319219 -0.00032790956 1.6084695e-08)
(-0.00053750226 -0.00044118501 1.2765878e-08)
(-0.00053749857 0.00044117893 8.359505e-10)
(-0.00061319067 0.00032790026 2.6567804e-09)
(-0.00066535632 0.00020196381 5.5562791e-09)
(-0.00069196366 6.8200441e-05 8.2703609e-09)
(-0.00069196366 -6.8200441e-05 8.2703613e-09)
(-0.00066535632 -0.00020196381 5.5562801e-09)
(-0.00061319067 -0.00032790026 2.6567813e-09)
(-0.00053749857 -0.00044117893 8.3595099e-10)
(-0.00053749873 0.00044117796 1.4749435e-10)
(-0.0006131914 0.000327898 -6.0719266e-11)
(-0.0006653558 0.00020196029 -2.0502337e-10)
(-0.00069196223 6.8198193e-05 -2.7758663e-10)
(-0.00069196223 -6.8198193e-05 -2.7758587e-10)
(-0.0006653558 -0.00020196029 -2.0502135e-10)
(-0.0006131914 -0.000327898 -6.0716607e-11)
(-0.00053749873 -0.00044117796 1.4749705e-10)
(-0.0005374984 0.0004411798 -9.0765374e-10)
(-0.00061319078 0.00032790096 -3.1152677e-09)
(-0.0006653565 0.00020196422 -6.2838601e-09)
(-0.00069196368 6.8200555e-05 -9.135668e-09)
(-0.00069196368 -6.8200555e-05 -9.1356671e-09)
(-0.0006653565 -0.00020196422 -6.2838575e-09)
(-0.00061319078 -0.00032790096 -3.1152638e-09)
(-0.0005374984 -0.0004411798 -9.0764919e-10)
(-0.00053749818 0.00044118356 -1.4083667e-08)
(-0.00061318807 0.00032790857 -1.7720595e-08)
(-0.00066535364 0.00020197133 -2.2764157e-08)
(-0.00069196245 6.8202981e-05 -2.5240322e-08)
(-0.00069196245 -6.8202981e-05 -2.5240321e-08)
(-0.00066535364 -0.00020197133 -2.2764154e-08)
(-0.00061318807 -0.00032790857 -1.7720591e-08)
(-0.00053749818 -0.00044118356 -1.4083662e-08)
(-0.00053749974 0.00044118827 9.4367725e-09)
(-0.00061318839 0.0003279151 8.6060667e-09)
(-0.00066535437 0.00020197549 8.5337887e-09)
(-0.00069196433 6.8203747e-05 8.5699064e-09)
(-0.00069196433 -6.8203747e-05 8.5699075e-09)
(-0.00066535437 -0.00020197549 8.5337919e-09)
(-0.00061318839 -0.0003279151 8.6060715e-09)
(-0.00053749974 -0.00044118827 9.4367784e-09)
(-0.00053749791 0.0004411869 -1.7687309e-09)
(-0.00061318631 0.00032791418 -1.2014465e-09)
(-0.00066535217 0.000201975 -1.3934988e-09)
(-0.00069196205 6.8203602e-05 -1.6078891e-09)
(-0.00069196205 -6.8203602e-05 -1.6078879e-09)
(-0.00066535217 -0.000201975 -1.3934954e-09)
(-0.00061318631 -0.00032791418 -1.2014415e-09)
(-0.00053749791 -0.0004411869 -1.7687248e-09)
(-0.00053749357 0.00044118021 3.7369663e-08)
(-0.00061318286 0.00032790638 4.072014e-08)
(-0.00066534803 0.0002019701 4.5516079e-08)
(-0.00069195632 6.8202565e-05 4.7863874e-08)
(-0.00069195632 -6.8202565e-05 4.7863875e-08)
(-0.00066534803 -0.0002019701 4.5516082e-08)
(-0.00061318286 -0.00032790638 4.0720145e-08)
(-0.00053749357 -0.00044118021 3.7369669e-08)
(-0.0005374911 0.0004411747 6.7914017e-09)
(-0.0006131823 0.0003278979 8.4643309e-09)
(-0.00066534782 0.00020196277 1.0941149e-08)
(-0.00069195536 6.8200154e-05 1.3351679e-08)
(-0.00069195536 -6.8200154e-05 1.335168e-08)
(-0.00066534782 -0.00020196277 1.0941151e-08)
(-0.0006131823 -0.0003278979 8.4643355e-09)
(-0.0005374911 -0.0004411747 6.7914078e-09)
(-0.00053753091 0.00044120523 -1.7083846e-07)
(-0.000613228 0.00032791942 -1.705109e-07)
(-0.00066539574 0.00020197475 -1.7061601e-07)
(-0.00069200421 6.8203476e-05 -1.7113722e-07)
(-0.00069200421 -6.8203476e-05 -1.7113722e-07)
(-0.00066539574 -0.00020197475 -1.7061601e-07)
(-0.000613228 -0.00032791942 -1.7051089e-07)
(-0.00053753091 -0.00044120523 -1.7083846e-07)
(-0.00053761058 0.00044127231 -2.9514133e-07)
(-0.00061331723 0.00032796995 -2.9765492e-07)
(-0.00066549301 0.00020200584 -2.9969132e-07)
(-0.0006921073 6.8214151e-05 -3.0009853e-07)
(-0.0006921073 -6.8214151e-05 -3.0009853e-07)
(-0.00066549301 -0.00020200584 -2.9969132e-07)
(-0.00061331723 -0.00032796995 -2.9765491e-07)
(-0.00053761058 -0.00044127231 -2.9514132e-07)
(-0.00053752411 0.00044119757 5.7761647e-07)
(-0.00061322075 0.00032790851 5.8633374e-07)
(-0.00066539073 0.0002019608 6.0003843e-07)
(-0.00069199827 6.8196155e-05 6.1096011e-07)
(-0.00069199827 -6.8196155e-05 6.1096011e-07)
(-0.00066539073 -0.0002019608 6.0003844e-07)
(-0.00061322075 -0.00032790851 5.8633375e-07)
(-0.00053752411 -0.00044119757 5.7761647e-07)
(-0.00053700669 0.00044075353 3.6207757e-06)
(-0.00061264176 0.00032755438 3.6411459e-06)
(-0.00066476425 0.00020172283 3.6729071e-06)
(-0.00069134511 6.811036e-05 3.697727e-06)
(-0.00069134511 -6.811036e-05 3.697727e-06)
(-0.00066476425 -0.00020172283 3.6729071e-06)
(-0.00061264176 -0.00032755438 3.6411459e-06)
(-0.00053700669 -0.00044075353 3.6207757e-06)
(-0.00053601345 0.00043990992 6.5079355e-06)
(-0.00061152562 0.00032689674 6.5270592e-06)
(-0.00066354911 0.00020130341 6.5490361e-06)
(-0.00069007601 6.7968861e-05 6.5589713e-06)
(-0.00069007601 -6.7968861e-05 6.5589713e-06)
(-0.00066354911 -0.00020130341 6.5490361e-06)
(-0.00061152562 -0.00032689674 6.5270592e-06)
(-0.00053601345 -0.00043990992 6.5079355e-06)
(-0.00043971542 -0.00053576037 -2.7691897e-06)
(-0.00032675443 -0.00061122892 -2.7757317e-06)
(-0.00020120536 -0.00066323104 -2.7895016e-06)
(-6.7931674e-05 -0.0006897637 -2.8034148e-06)
(6.7931645e-05 -0.0006897637 -2.803435e-06)
(0.00020120533 -0.00066323103 -2.7895616e-06)
(0.0003267544 -0.00061122891 -2.7758296e-06)
(0.00043971538 -0.00053576036 -2.7693216e-06)
(-0.0004405892 -0.0005368073 -3.870448e-06)
(-0.00032743062 -0.00061241444 -3.8898251e-06)
(-0.00020164532 -0.00066451685 -3.9215743e-06)
(-6.8084423e-05 -0.00069108737 -3.9462757e-06)
(6.8084348e-05 -0.00069108736 -3.9463232e-06)
(0.00020164524 -0.00066451682 -3.9217149e-06)
(0.00032743053 -0.0006124144 -3.8900532e-06)
(0.00044058909 -0.00053680726 -3.8707548e-06)
(-0.00044112865 -0.000537443 -1.0521213e-06)
(-0.00032785629 -0.00061312827 -1.0609541e-06)
(-0.00020192814 -0.00066528931 -1.0746009e-06)
(-6.8184959e-05 -0.00069189282 -1.0857212e-06)
(6.8184841e-05 -0.00069189281 -1.0857758e-06)
(0.00020192801 -0.0006652893 -1.0747624e-06)
(0.00032785616 -0.00061312825 -1.0612163e-06)
(0.00044112851 -0.00053744298 -1.0524743e-06)
(-0.00044127522 -0.00053761694 2.1293381e-07)
(-0.00032797118 -0.00061332458 2.1525964e-07)
(-0.00020200642 -0.00066550074 2.1689634e-07)
(-6.821446e-05 -0.00069211445 2.1693493e-07)
(6.8214331e-05 -0.00069211445 2.1687621e-07)
(0.00020200629 -0.00066550073 2.1672229e-07)
(0.00032797105 -0.00061332457 2.1497675e-07)
(0.00044127508 -0.00053761693 2.1255293e-07)
(-0.00044122484 -0.00053755783 2.2449632e-07)
(-0.00032793346 -0.00061325828 2.238863e-07)
(-0.0002019833 -0.00066542809 2.2363648e-07)
(-6.8206432e-05 -0.0006920371 2.2403664e-07)
(6.8206313e-05 -0.0006920371 2.2396886e-07)
(0.00020198318 -0.00066542808 2.2343606e-07)
(0.00032793334 -0.00061325827 2.2356164e-07)
(0.00044122471 -0.00053755782 2.2406012e-07)
(-0.00044118682 -0.00053750916 2.1276091e-08)
(-0.00032790664 -0.00061320217 1.9578759e-08)
(-0.00020196799 -0.00066536874 1.7033925e-08)
(-6.8201894e-05 -0.00069197669 1.4547296e-08)
(6.8201792e-05 -0.00069197668 1.4469823e-08)
(0.00020196788 -0.00066536873 1.6804415e-08)
(0.00032790653 -0.00061320216 1.9205727e-08)
(0.00044118671 -0.00053750915 2.0773598e-08)
(-0.000441186 -0.00053750427 -3.5404432e-08)
(-0.00032791047 -0.00061319422 -3.8829991e-08)
(-0.00020197253 -0.00066535984 -4.3738377e-08)
(-6.8203398e-05 -0.00069196851 -4.6205315e-08)
(6.8203313e-05 -0.00069196851 -4.6292876e-08)
(0.00020197244 -0.00066535983 -4.3997685e-08)
(0.00032791037 -0.00061319421 -3.9250908e-08)
(0.00044118591 -0.00053750426 -3.5970714e-08)
(-0.00044119228 -0.00053750828 -1.2152017e-09)
(-0.00032791798 -0.00061319726 -1.9058393e-09)
(-0.00020197726 -0.00066536346 -1.8306049e-09)
(-6.820437e-05 -0.00069197352 -1.7314437e-09)
(6.8204304e-05 -0.00069197351 -1.8271653e-09)
(0.00020197719 -0.00066536345 -2.114076e-09)
(0.00032791791 -0.00061319725 -2.3661224e-09)
(0.0004411922 -0.00053750827 -1.8346493e-09)
(-0.00044119321 -0.0005375095 -1.0048131e-08)
(-0.00032791857 -0.00061319867 -9.4287992e-09)
(-0.00020197755 -0.00066536495 -9.5362708e-09)
(-6.8204445e-05 -0.00069197504 -9.7163719e-09)
(6.8204397e-05 -0.00069197503 -9.8191993e-09)
(0.0002019775 -0.00066536495 -9.8406863e-09)
(0.00032791852 -0.00061319866 -9.9228038e-09)
(0.00044119316 -0.00053750949 -1.0712567e-08)
(-0.00044118847 -0.00053750757 1.4707511e-08)
(-0.00032791202 -0.00061319805 1.8078775e-08)
(-0.00020197336 -0.00066536387 2.2906872e-08)
(-6.8203648e-05 -0.00069197267 2.5220812e-08)
(6.8203618e-05 -0.00069197267 2.5112617e-08)
(0.00020197333 -0.00066536386 2.2586849e-08)
(0.00032791199 -0.00061319804 1.7559926e-08)
(0.00044118843 -0.00053750756 1.4010244e-08)
(-0.00044118246 -0.00053750456 1.7457117e-09)
(-0.00032790274 -0.00061319719 3.6600557e-09)
(-0.00020196526 -0.00066536309 6.5907109e-09)
(-6.8200913e-05 -0.00069197047 9.2651544e-09)
(6.8200901e-05 -0.00069197047 9.1515794e-09)
(0.00020196525 -0.00066536309 6.2543661e-09)
(0.00032790273 -0.00061319718 3.1144261e-09)
(0.00044118244 -0.00053750455 1.0130489e-09)
(-0.00044118055 -0.00053750423 6.9124354e-10)
(-0.00032789974 -0.00061319722 6.1177026e-10)
(-0.00020196129 -0.00066536176 5.1472218e-10)
(-6.8198517e-05 -0.00069196825 4.0380878e-10)
(6.819852e-05 -0.00069196825 2.861409e-10)
(0.0002019613 -0.00066536176 1.6751072e-10)
(0.00032789975 -0.00061319721 5.1560487e-11)
(0.00044118056 -0.00053750422 -5.7316199e-11)
(-0.00044118144 -0.00053750346 8.0460233e-11)
(-0.00032790199 -0.00061319592 -1.984476e-09)
(-0.00020196478 -0.00066536167 -5.100548e-09)
(-6.8200738e-05 -0.00069196891 -7.9881672e-09)
(6.8200753e-05 -0.00069196891 -8.1068293e-09)
(0.0002019648 -0.00066536166 -5.4505487e-09)
(0.00032790202 -0.00061319591 -2.5490648e-09)
(0.00044118148 -0.00053750344 -6.7286073e-10)
(-0.00044118525 -0.00053750396 -1.1727777e-08)
(-0.00032790962 -0.00061319388 -1.522018e-08)
(-0.00020197188 -0.00066535935 -2.0207554e-08)
(-6.8203139e-05 -0.00069196804 -2.2716245e-08)
(6.8203161e-05 -0.00069196804 -2.2836604e-08)
(0.00020197191 -0.00066535934 -2.0562301e-08)
(0.00032790967 -0.00061319387 -1.5790587e-08)
(0.00044118532 -0.00053750394 -1.2485235e-08)
(-0.00044118884 -0.00053750474 1.128943e-08)
(-0.00032791526 -0.00061319317 1.0616699e-08)
(-0.00020197547 -0.00066535892 1.0638499e-08)
(-6.8203716e-05 -0.00069196874 1.0672705e-08)
(6.8203743e-05 -0.00069196874 1.055581e-08)
(0.00020197552 -0.00066535892 1.0294317e-08)
(0.00032791534 -0.00061319316 1.0063786e-08)
(0.00044118895 -0.00053750472 1.0555694e-08)
(-0.00044118813 -0.00053750425 -1.0061627e-08)
(-0.0003279147 -0.00061319254 -9.3039691e-09)
(-0.00020197511 -0.00066535818 -9.3261588e-09)
(-6.8203588e-05 -0.00069196795 -9.469581e-09)
(6.8203627e-05 -0.00069196796 -9.5774514e-09)
(0.00020197518 -0.00066535819 -9.6447002e-09)
(0.00032791481 -0.00061319254 -9.8184378e-09)
(0.00044118828 -0.00053750422 -1.0749269e-08)
(-0.00044118381 -0.00053750331 1.2921565e-08)
(-0.00032790843 -0.00061319295 1.6522161e-08)
(-0.00020197106 -0.00066535811 2.1537831e-08)
(-6.8202819e-05 -0.00069196652 2.3965953e-08)
(6.820291e-05 -0.00069196653 2.3883178e-08)
(0.00020197118 -0.00066535812 2.1289158e-08)
(0.00032790858 -0.00061319296 1.6106866e-08)
(0.00044118398 -0.0005375033 1.2342019e-08)
(-0.00044117714 -0.00053750011 1.0489133e-09)
(-0.00032789856 -0.00061319177 3.2638153e-09)
(-0.00020196255 -0.00066535698 6.4646938e-09)
(-6.8199902e-05 -0.00069196404 9.3334967e-09)
(6.8200149e-05 -0.00069196404 9.300349e-09)
(0.00020196278 -0.00066535698 6.3488077e-09)
(0.00032789875 -0.00061319179 3.0244592e-09)
(0.00044117731 -0.00053750015 6.4164724e-10)
(-0.00044117552 -0.00053750082 4.029176e-10)
(-0.00032789562 -0.00061319289 6.7816245e-10)
(-0.00020195846 -0.00066535667 9.3312495e-10)
(-6.8197307e-05 -0.00069196271 1.1174445e-09)
(6.8197933e-05 -0.00069196269 1.1771486e-09)
(0.00020195894 -0.00066535664 1.0681804e-09)
(0.00032789589 -0.00061319293 7.7239273e-10)
(0.00044117561 -0.000537501 3.1171472e-10)
(-0.00044117668 -0.00053750104 -6.4472051e-10)
(-0.00032789786 -0.00061319266 -2.3435481e-09)
(-0.00020196171 -0.00066535759 -5.0575727e-09)
(-6.8199162e-05 -0.00069196424 -7.5576041e-09)
(6.8200512e-05 -0.00069196417 -7.3709521e-09)
(0.0002019627 -0.00066535748 -4.5698337e-09)
(0.00032789828 -0.00061319274 -1.7617135e-09)
(0.00044117657 -0.00053750151 -2.6407643e-10)
(-0.00044117985 -0.00053750129 -1.3853325e-08)
(-0.00032790481 -0.00061319029 -1.7035706e-08)
(-0.00020196814 -0.00066535492 -2.1647033e-08)
(-6.8200975e-05 -0.00069196308 -2.3743681e-08)
(6.8203352e-05 -0.00069196295 -2.3469833e-08)
(0.00020196989 -0.00066535471 -2.0904294e-08)
(0.00032790552 -0.00061319042 -1.6062355e-08)
(0.00044117951 -0.00053750227 -1.3039386e-08)
(-0.00044118419 -0.00053750317 9.5956076e-09)
(-0.00032791088 -0.00061319083 9.0821052e-09)
(-0.00020197178 -0.00066535579 9.3221264e-09)
(-6.8201217e-05 -0.00069196501 9.6520676e-09)
(6.8204561e-05 -0.00069196482 9.8992406e-09)
(0.00020197429 -0.00066535547 1.0013089e-08)
(0.00032791194 -0.00061319102 1.0056115e-08)
(0.00044118369 -0.00053750468 1.0558356e-08)
(-0.00044118271 -0.00053750141 -1.7112436e-09)
(-0.00032790982 -0.0006131888 -1.0289172e-09)
(-0.00020197112 -0.00066535362 -1.1052387e-09)
(-6.8200873e-05 -0.00069196273 -1.2046564e-09)
(6.8204612e-05 -0.00069196252 -1.0942782e-09)
(0.00020197394 -0.00066535325 -7.7834833e-10)
(0.00032791104 -0.00061318902 -5.0002878e-10)
(0.00044118216 -0.00053750316 -1.0040242e-09)
(-0.00044117623 -0.0005374969 3.7327192e-08)
(-0.00032790226 -0.00061318522 4.059338e-08)
(-0.00020196646 -0.00066534939 4.5308459e-08)
(-6.8200071e-05 -0.00069195695 4.7588731e-08)
(6.8203382e-05 -0.00069195676 4.7556859e-08)
(0.00020196893 -0.00066534905 4.525248e-08)
(0.00032790326 -0.00061318541 4.0643166e-08)
(0.00044117566 -0.00053749841 3.7727004e-08)
(-0.00044117121 -0.00053749402 6.6680057e-09)
(-0.00032789434 -0.00061318436 8.1001399e-09)
(-0.00020195973 -0.00066534899 1.0357542e-08)
(-6.8198228e-05 -0.0006919559 1.2598078e-08)
(6.8200523e-05 -0.00069195576 1.2523766e-08)
(0.00020196139 -0.00066534876 1.0203173e-08)
(0.00032789492 -0.0006131845 8.0771749e-09)
(0.00044117072 -0.00053749501 7.125979e-09)
(-0.00044120244 -0.00053753326 -1.710072e-07)
(-0.00032791664 -0.00061322964 -1.7099958e-07)
(-0.00020197248 -0.00066539666 -1.7136826e-07)
(-6.8202216e-05 -0.00069200463 -1.7205044e-07)
(6.8203411e-05 -0.00069200456 -1.720529e-07)
(0.0002019733 -0.00066539654 -1.7130975e-07)
(0.00032791685 -0.00061322972 -1.706945e-07)
(0.00044120211 -0.00053753374 -1.701922e-07)
(-0.00044127031 -0.00053761228 -2.9530855e-07)
(-0.000327968 -0.00061331841 -2.981295e-07)
(-0.00020200434 -0.00066549365 -3.00392e-07)
(-6.8213461e-05 -0.0006921076 -3.008884e-07)
(6.8213842e-05 -0.00069210757 -3.0078682e-07)
(0.00020200456 -0.00066549361 -3.0004825e-07)
(0.00032796798 -0.00061331844 -2.9744204e-07)
(0.00044127008 -0.00053761246 -2.9415844e-07)
(-0.00044119631 -0.00053752518 5.7748926e-07)
(-0.00032790731 -0.00061322149 5.8598386e-07)
(-0.00020195993 -0.00066539112 5.9955807e-07)
(-6.8195851e-05 -0.00069199844 6.10493e-07)
(6.8195803e-05 -0.00069199843 6.1068459e-07)
(0.00020195984 -0.0006653911 6.0014182e-07)
(0.00032790715 -0.00061322147 5.8698077e-07)
(0.0004411961 -0.0005375252 5.7891432e-07)
(-0.00044075287 -0.00053700725 3.6207089e-06)
(-0.00032755377 -0.00061264213 3.6409747e-06)
(-0.00020172241 -0.00066476443 3.6727149e-06)
(-6.8110249e-05 -0.00069134516 3.6976372e-06)
(6.811011e-05 -0.00069134514 3.6978802e-06)
(0.00020172225 -0.00066476437 3.6734368e-06)
(0.00032755358 -0.00061264204 3.6421534e-06)
(0.00044075264 -0.00053700713 3.6223064e-06)
(-0.00043990972 -0.00053601362 6.5079222e-06)
(-0.00032689656 -0.00061152574 6.5270408e-06)
(-0.00020130329 -0.00066354916 6.5490725e-06)
(-6.7968831e-05 -0.00069007601 6.5591487e-06)
(6.7968774e-05 -0.00069007597 6.5593848e-06)
(0.00020130321 -0.00066354905 6.5497701e-06)
(0.00032689642 -0.00061152556 6.5281678e-06)
(0.0004399095 -0.0005360134 6.5094284e-06)
)
;
    }
    lid_wall_inner
    {
        type            calculated;
        value           uniform (0 0 0);
    }
    lid_wall_outer
    {
        type            calculated;
        value           uniform (0 0 0);
    }
    outlet_peri
    {
        type            calculated;
        value           uniform (0 0 0);
    }
}


// ************************************************************************* //
