/*--------------------------------*- C++ -*----------------------------------*\
| =========                 |                                                 |
| \\      /  F ield         | OpenFOAM: The Open Source CFD Toolbox           |
|  \\    /   O peration     | Version:  2512                                  |
|   \\  /    A nd           | Website:  www.openfoam.com                      |
|    \\/     M anipulation  |                                                 |
\*---------------------------------------------------------------------------*/
FoamFile
{
    version     2.0;
    format      ascii;
    arch        "LSB;label=32;scalar=64";
    class       volVectorField;
    location    "1.3";
    object      U;
}
// * * * * * * * * * * * * * * * * * * * * * * * * * * * * * * * * * * * * * //

dimensions      [0 1 -1 0 0 0 0];

internalField   nonuniform List<vector> 
2020
(
(0.4610464 0.018547922 0)
(0.43269385 0.031260126 0)
(0.39173001 0.029514596 0)
(0.34130599 0.023671317 0)
(0.29390603 0.017823658 0)
(0.25496509 0.012638564 0)
(0.22410134 0.0083191692 0)
(0.19977503 0.005078883 0)
(0.18084161 0.0028704489 0)
(0.16633581 0.0014537822 0)
(0.15532607 0.00060424833 0)
(0.14695896 0.00014719749 0)
(0.14053007 -5.5782964e-05 0)
(0.13549817 -0.00011205344 0)
(0.13146672 -9.6278914e-05 0)
(0.128157 -5.4213147e-05 0)
(0.12537739 -9.6070987e-06 0)
(0.12300077 2.655895e-05 0)
(0.12094129 5.1615629e-05 0)
(0.11914604 6.539376e-05 0)
(0.11757736 7.1285671e-05 0)
(0.11621876 7.0156679e-05 0)
(0.11505203 6.5845053e-05 0)
(0.1140788 5.5632144e-05 0)
(0.1132793 4.5024183e-05 0)
(0.11266688 2.7431018e-05 0)
(0.1122049 1.3860247e-05 0)
(0.11192864 -1.0807604e-05 0)
(0.1117714 -2.6664347e-05 0)
(0.11181119 -7.5072389e-05 0)
(0.11190617 -9.9832991e-05 0)
(0.11226235 -0.00017409418 0)
(0.11258818 -0.00019293964 0)
(0.11336941 -0.00032517837 0)
(0.11393969 -0.00032962434 0)
(0.11543722 -0.00059311811 0)
(0.11626079 -0.00054543364 0)
(0.11917315 -0.0011139152 0)
(0.12010352 -0.00088774236 0)
(0.12616682 -0.0022180586 0)
(0.12625875 -0.0014081089 0)
(0.14038977 -0.0048239402 0)
(0.13492838 -0.0021655139 0)
(0.17407259 -0.01151583 0)
(0.14060985 -0.0041838042 0)
(0.26705781 -0.02894224 0)
(0.12826733 -0.01097096 0)
(0.5323836 -0.081048127 0)
(0.50076519 0.02843486 0)
(0.51614677 0.055963919 0)
(0.52500588 0.06359198 0)
(0.52226205 0.063363117 0)
(0.51088312 0.059767843 0)
(0.49521129 0.053880816 0)
(0.47768998 0.046558371 0)
(0.45941033 0.038854413 0)
(0.44112627 0.031594496 0)
(0.42354436 0.025218415 0)
(0.40723046 0.019896976 0)
(0.39248068 0.015633973 0)
(0.37936597 0.012328584 0)
(0.36782363 0.0098228476 0)
(0.35772205 0.0079446915 0)
(0.34890707 0.0065352684 0)
(0.34121741 0.0054644721 0)
(0.33450931 0.0046300589 0)
(0.32864806 0.0039593579 0)
(0.32353578 0.0033966618 0)
(0.3190749 0.0029088501 0)
(0.31521729 0.0024665796 0)
(0.31188355 0.0020623789 0)
(0.30907301 0.0016772966 0)
(0.30669419 0.0013239001 0)
(0.30480261 0.00097971763 0)
(0.30324375 0.00067856384 0)
(0.30217197 0.00037395949 0)
(0.30128374 0.00013265482 0)
(0.3009497 -0.00016030393 0)
(0.30056437 -0.00036664598 0)
(0.30098892 -0.00071265257 0)
(0.30090166 -0.00089637871 0)
(0.30230822 -0.0014144575 0)
(0.30222697 -0.0015948316 0)
(0.30533957 -0.0025189131 0)
(0.30459991 -0.0026741963 0)
(0.31128766 -0.0044829145 0)
(0.30798751 -0.0044698367 0)
(0.32306828 -0.0082085006 0)
(0.31146135 -0.007570437 0)
(0.34769338 -0.015692011 0)
(0.31100341 -0.013238352 0)
(0.40109122 -0.032011065 0)
(0.29704948 -0.023962073 0)
(0.51098937 -0.073813545 0)
(0.2668664 -0.039629334 0)
(0.72043484 -0.19643061 0)
(0.50000591 0.014903966 0)
(0.51209865 0.036528685 0)
(0.52731781 0.047880409 0)
(0.54000793 0.052665326 0)
(0.54810958 0.053938081 0)
(0.55210624 0.052820471 0)
(0.55288152 0.049845437 0)
(0.55100675 0.045667784 0)
(0.54693833 0.040975644 0)
(0.54120563 0.03627683 0)
(0.53437458 0.031855229 0)
(0.52693761 0.027842628 0)
(0.51926373 0.024285699 0)
(0.51161651 0.021180843 0)
(0.50417262 0.018496535 0)
(0.49705518 0.016183727 0)
(0.49033032 0.014190044 0)
(0.48404819 0.012459388 0)
(0.47821316 0.010945853 0)
(0.47285198 0.0096009668 0)
(0.46792982 0.0083940259 0)
(0.46348397 0.0072836378 0)
(0.45943673 0.0062597552 0)
(0.45587427 0.0052863687 0)
(0.45264371 0.0043837926 0)
(0.44993975 0.0035088867 0)
(0.44745039 0.0027218489 0)
(0.4456005 0.0019403104 0)
(0.44373885 0.0012839606 0)
(0.44278462 0.00057774478 0)
(0.44135125 5.0780278e-05 0)
(0.44145306 -0.00067255772 0)
(0.44010249 -0.0011071245 0)
(0.44172409 -0.0020468021 0)
(0.43977412 -0.002462567 0)
(0.44407479 -0.0039704144 0)
(0.44003 -0.0043860518 0)
(0.449708 -0.0071240007 0)
(0.44015464 -0.0074488001 0)
(0.46128706 -0.012791526 0)
(0.43844627 -0.0125262 0)
(0.48405259 -0.023685774 0)
(0.43115653 -0.020916971 0)
(0.52682743 -0.046275113 0)
(0.41105757 -0.034183427 0)
(0.60214038 -0.095949128 0)
(0.36464233 -0.051892318 0)
(0.75371085 -0.19989761 0)
(0.49997369 0.0086145961 0)
(0.50653269 0.023488895 0)
(0.51722154 0.033710993 0)
(0.5293259 0.039643727 0)
(0.54055927 0.042715391 0)
(0.55010129 0.043836298 0)
(0.55788782 0.043412932 0)
(0.56393918 0.041791803 0)
(0.5682637 0.039387868 0)
(0.57096694 0.036585218 0)
(0.57227041 0.033657601 0)
(0.57244613 0.030771191 0)
(0.57174595 0.028021798 0)
(0.57038772 0.025459196 0)
(0.56854058 0.023104815 0)
(0.56635328 0.020956123 0)
(0.56392517 0.019000857 0)
(0.5613625 0.017213276 0)
(0.55870765 0.015572068 0)
(0.55605439 0.014044671 0)
(0.55338837 0.012616152 0)
(0.5508266 0.01125376 0)
(0.54827653 0.0099605561 0)
(0.54593223 0.0087021245 0)
(0.54356095 0.0075101183 0)
(0.54153272 0.0063342339 0)
(0.53934295 0.0052480698 0)
(0.53774226 0.0041530643 0)
(0.53567637 0.0031913699 0)
(0.53469112 0.0021556649 0)
(0.53259188 0.0013199361 0)
(0.53258901 0.00025397935 0)
(0.53007948 -0.0004942361 0)
(0.5317352 -0.0017837554 0)
(0.52798712 -0.0025074637 0)
(0.53272007 -0.004439755 0)
(0.52593573 -0.0051911691 0)
(0.5365408 -0.008517913 0)
(0.5229699 -0.0091877239 0)
(0.54504435 -0.015483968 0)
(0.51709271 -0.015445988 0)
(0.56146879 -0.028188227 0)
(0.50403626 -0.025241914 0)
(0.59106992 -0.052293998 0)
(0.47417585 -0.039700742 0)
(0.64363899 -0.098344798 0)
(0.40805865 -0.055076382 0)
(0.76638558 -0.18363534 0)
(0.50002937 0.0056922434 0)
(0.50397178 0.016148292 0)
(0.51100907 0.024354668 0)
(0.52005155 0.029848876 0)
(0.52962019 0.033115946 0)
(0.53882566 0.034784025 0)
(0.5473593 0.035239737 0)
(0.55510269 0.034733999 0)
(0.56194552 0.033522411 0)
(0.56781751 0.031867753 0)
(0.57273034 0.029987822 0)
(0.57676834 0.028031333 0)
(0.58003787 0.026090934 0)
(0.58265169 0.024219337 0)
(0.58469765 0.022445634 0)
(0.58627053 0.02077853 0)
(0.58742369 0.019218344 0)
(0.58824373 0.017751745 0)
(0.58874356 0.016368081 0)
(0.58902172 0.015044293 0)
(0.58903379 0.013772897 0)
(0.58892617 0.01252885 0)
(0.58856011 0.011320598 0)
(0.58819524 0.010121052 0)
(0.58751351 0.0089648769 0)
(0.58701014 0.0078086091 0)
(0.58601643 0.0067228502 0)
(0.58551429 0.0056149149 0)
(0.58414276 0.0046148647 0)
(0.5838719 0.0035247199 0)
(0.58195564 0.0025968396 0)
(0.58234037 0.0014233469 0)
(0.57950824 0.00051214371 0)
(0.58133265 -0.0009409548 0)
(0.57671261 -0.0018747503 0)
(0.58139387 -0.0040077901 0)
(0.57320712 -0.0050095489 0)
(0.58340697 -0.008558741 0)
(0.56795176 -0.0095089153 0)
(0.58869257 -0.015948014 0)
(0.55860407 -0.016275014 0)
(0.59950279 -0.02858983 0)
(0.54007377 -0.026408576 0)
(0.61991827 -0.050626642 0)
(0.50125166 -0.040239832 0)
(0.65984577 -0.08868143 0)
(0.42182903 -0.052230636 0)
(0.77094646 -0.1541608 0)
(0.50003546 0.003932051 0)
(0.5027242 0.011353062 0)
(0.50765454 0.017589584 0)
(0.51436918 0.02213566 0)
(0.52199227 0.025054714 0)
(0.52980716 0.026699359 0)
(0.53745491 0.027386139 0)
(0.54478278 0.027330552 0)
(0.55168402 0.026712596 0)
(0.55806883 0.025710582 0)
(0.56388675 0.024484835 0)
(0.56914151 0.023155914 0)
(0.57386256 0.021802875 0)
(0.57810046 0.020471551 0)
(0.58188992 0.019188075 0)
(0.58528514 0.017962819 0)
(0.58830055 0.016799615 0)
(0.59099834 0.015691477 0)
(0.59336044 0.01463234 0)
(0.59547487 0.013605602 0)
(0.59726567 0.012605474 0)
(0.59888244 0.011612522 0)
(0.60014685 0.010633767 0)
(0.60134306 0.0096497117 0)
(0.60209653 0.0086906273 0)
(0.60295997 0.0077247584 0)
(0.6031737 0.0068112451 0)
(0.60382574 0.0058742755 0)
(0.60340353 0.0050182927 0)
(0.60405443 0.0040735202 0)
(0.6027905 0.0032433184 0)
(0.60383824 0.0021770677 0)
(0.60131723 0.0013079735 0)
(0.6035025 -9.61551e-05 0)
(0.59882655 -0.0010656665 0)
(0.6034877 -0.0031271202 0)
(0.59486461 -0.0042264163 0)
(0.6045019 -0.0075901801 0)
(0.58825896 -0.0087223169 0)
(0.60757917 -0.014575765 0)
(0.57640298 -0.015284949 0)
(0.61456887 -0.025895474 0)
(0.55379574 -0.02465559 0)
(0.62935348 -0.044336596 0)
(0.50906548 -0.036417929 0)
(0.66285503 -0.073896659 0)
(0.42294144 -0.044619845 0)
(0.77055333 -0.1216885 0)
(0.50003113 0.0027080045 0)
(0.50203658 0.0078798587 0)
(0.50574902 0.012386053 0)
(0.51096226 0.015861382 0)
(0.51715701 0.018229475 0)
(0.52379437 0.019651631 0)
(0.53052033 0.020342341 0)
(0.53715072 0.020471834 0)
(0.54357452 0.020172851 0)
(0.54970704 0.019566979 0)
(0.55548647 0.018766831 0)
(0.56088905 0.017863641 0)
(0.56591203 0.016921414 0)
(0.57057866 0.015979216 0)
(0.5749007 0.015059967 0)
(0.57891458 0.014174489 0)
(0.58261735 0.013328055 0)
(0.58605917 0.012518003 0)
(0.58920742 0.011740863 0)
(0.59214307 0.010985148 0)
(0.59477509 0.010245462 0)
(0.59724997 0.009507167 0)
(0.59937081 0.0087742936 0)
(0.60142512 0.0080335546 0)
(0.60301541 0.0073082314 0)
(0.60470896 0.0065772672 0)
(0.60571596 0.0058863106 0)
(0.60715256 0.0051784318 0)
(0.60746212 0.0045317781 0)
(0.60883159 0.0038099648 0)
(0.60820907 0.0031682238 0)
(0.60986487 0.0023183931 0)
(0.60783705 0.0016039736 0)
(0.61044475 0.00042967423 0)
(0.60607963 -0.00043233584 0)
(0.61085814 -0.0021987511 0)
(0.60226744 -0.0032347842 0)
(0.61157638 -0.0060882547 0)
(0.59507145 -0.0072318639 0)
(0.61344386 -0.012042819 0)
(0.58170214 -0.012940788 0)
(0.61816673 -0.021306347 0)
(0.55654921 -0.020746253 0)
(0.62985283 -0.035624997 0)
(0.50848685 -0.029825913 0)
(0.6606855 -0.057269228 0)
(0.41964421 -0.034834565 0)
(0.76880305 -0.090549162 0)
(0.50002692 0.0017753812 0)
(0.50163791 0.0051866761 0)
(0.50463695 0.0082179406 0)
(0.50892418 0.010644503 0)
(0.51417347 0.012373657 0)
(0.51998342 0.013463101 0)
(0.52603192 0.014037519 0)
(0.5321159 0.014214316 0)
(0.53810911 0.014086456 0)
(0.54392372 0.013734205 0)
(0.54949356 0.013231741 0)
(0.55478256 0.012642379 0)
(0.5597717 0.012013403 0)
(0.56446968 0.011375426 0)
(0.56887744 0.010747009 0)
(0.57302364 0.010137918 0)
(0.57689927 0.0095533986 0)
(0.58054983 0.0089932909 0)
(0.58393889 0.0084558585 0)
(0.5871447 0.0079338378 0)
(0.59007323 0.0074228714 0)
(0.59286825 0.0069128576 0)
(0.59532917 0.006405692 0)
(0.59774029 0.0058928739 0)
(0.59970121 0.005390625 0)
(0.60177699 0.0048860472 0)
(0.60317845 0.0044115048 0)
(0.60501924 0.0039278853 0)
(0.60574738 0.0034891271 0)
(0.60753888 0.0029962162 0)
(0.60735078 0.0025562022 0)
(0.60941915 0.0019583104 0)
(0.60780865 0.0014438072 0)
(0.61075045 0.00058907798 0)
(0.60671899 -7.6090585e-05 0)
(0.61166164 -0.0014074357 0)
(0.60325359 -0.0022438061 0)
(0.61242356 -0.0043835044 0)
(0.59589169 -0.005350653 0)
(0.61371672 -0.0088837548 0)
(0.58172421 -0.0097214849 0)
(0.61721433 -0.015688384 0)
(0.55515801 -0.015495513 0)
(0.62735814 -0.025804678 0)
(0.50543375 -0.021806771 0)
(0.65738732 -0.040443085 0)
(0.41576083 -0.024586502 0)
(0.76704353 -0.062202948 0)
(0.50002429 0.0010083752 0)
(0.50141546 0.0029526127 0)
(0.5040151 0.004699353 0)
(0.50776932 0.0061289483 0)
(0.51244911 0.0071776704 0)
(0.51774021 0.0078596565 0)
(0.52335506 0.0082361319 0)
(0.52908593 0.0083740978 0)
(0.53479418 0.0083288863 0)
(0.54038556 0.0081468426 0)
(0.54578982 0.0078701705 0)
(0.5509637 0.0075359399 0)
(0.5558784 0.007173051 0)
(0.56053309 0.0068010467 0)
(0.56492192 0.0064320611 0)
(0.56906872 0.0060728402 0)
(0.57296187 0.0057271488 0)
(0.5766446 0.0053956252 0)
(0.58008018 0.0050775878 0)
(0.58334572 0.0047691465 0)
(0.58634842 0.004467572 0)
(0.58923031 0.0041669927 0)
(0.5917926 0.0038681719 0)
(0.59431602 0.003566391 0)
(0.59640408 0.0032712315 0)
(0.59861662 0.002975847 0)
(0.60017364 0.0026996084 0)
(0.60218027 0.0024198208 0)
(0.60310102 0.002168028 0)
(0.60509297 0.0018844936 0)
(0.60513857 0.0016312931 0)
(0.60743165 0.0012810378 0)
(0.60607962 0.00097450097 0)
(0.60922794 0.00045795117 0)
(0.60543518 4.375485e-05 0)
(0.6105011 -0.00077504398 0)
(0.60225913 -0.001313571 0)
(0.61137626 -0.0026302303 0)
(0.59488914 -0.0032709045 0)
(0.61241978 -0.0054188166 0)
(0.58033922 -0.005998767 0)
(0.61530782 -0.0095602105 0)
(0.55306261 -0.0095185003 0)
(0.6247572 -0.01555967 0)
(0.50258372 -0.013203815 0)
(0.65470612 -0.024004645 0)
(0.41278865 -0.014561578 0)
(0.76580189 -0.036300632 0)
(0.50002308 0.00032725934 0)
(0.50131553 0.00095928526 0)
(0.50373524 0.0015299944 0)
(0.50724581 0.0020018658 0)
(0.51165842 0.0023528887 0)
(0.5166999 0.0025847135 0)
(0.52210332 0.0027153682 0)
(0.52766179 0.0027664493 0)
(0.5332308 0.0027563429 0)
(0.53871187 0.002700281 0)
(0.54403224 0.0026119768 0)
(0.54914516 0.0025036101 0)
(0.55401705 0.0023848766 0)
(0.55864213 0.0022624774 0)
(0.56301086 0.0021406217 0)
(0.56714443 0.0020217039 0)
(0.57102993 0.0019070804 0)
(0.57470941 0.0017970888 0)
(0.57814628 0.0016915716 0)
(0.58141708 0.0015893202 0)
(0.58443018 0.0014894162 0)
(0.5873267 0.0013899362 0)
(0.58990974 0.0012910767 0)
(0.592458 0.001191328 0)
(0.5945783 0.0010938674 0)
(0.59682724 0.00099656749 0)
(0.59843141 0.00090588694 0)
(0.6004904 0.00081440524 0)
(0.60147998 0.00073248947 0)
(0.60354566 0.00064021772 0)
(0.60368685 0.00055786977 0)
(0.60607265 0.00044288961 0)
(0.60483738 0.00034139102 0)
(0.60807767 0.00016907614 0)
(0.60440229 2.8398981e-05 0)
(0.60952967 -0.00024705952 0)
(0.6013774 -0.00043229531 0)
(0.6104751 -0.00087582081 0)
(0.59402446 -0.0010992701 0)
(0.6114251 -0.0018189318 0)
(0.57932202 -0.0020247255 0)
(0.61406367 -0.0032074665 0)
(0.55175429 -0.0032046393 0)
(0.62325389 -0.0051932488 0)
(0.50098892 -0.0044139767 0)
(0.6532756 -0.0079523632 0)
(0.4112389 -0.0048170732 0)
(0.76518465 -0.011929261 0)
(0.50002308 -0.00032725889 0)
(0.50131553 -0.00095928489 0)
(0.50373524 -0.0015299943 0)
(0.50724581 -0.0020018658 0)
(0.51165842 -0.0023528886 0)
(0.5166999 -0.0025847134 0)
(0.52210332 -0.0027153684 0)
(0.52766179 -0.0027664501 0)
(0.5332308 -0.0027563444 0)
(0.53871187 -0.0027002831 0)
(0.54403224 -0.0026119793 0)
(0.54914516 -0.0025036127 0)
(0.55401705 -0.0023848791 0)
(0.55864213 -0.0022624795 0)
(0.56301087 -0.0021406234 0)
(0.56714443 -0.0020217055 0)
(0.57102994 -0.0019070823 0)
(0.57470942 -0.0017970917 0)
(0.57814629 -0.0016915763 0)
(0.58141708 -0.0015893273 0)
(0.58443018 -0.0014894263 0)
(0.5873267 -0.0013899499 0)
(0.58990974 -0.0012910949 0)
(0.592458 -0.0011913514 0)
(0.5945783 -0.0010938967 0)
(0.59682724 -0.00099660274 0)
(0.59843141 -0.00090592741 0)
(0.6004904 -0.00081444856 0)
(0.60147998 -0.00073253244 0)
(0.60354566 -0.00064025529 0)
(0.60368685 -0.00055789786 0)
(0.60607264 -0.00044290274 0)
(0.60483738 -0.0003413876 0)
(0.60807767 -0.00016905262 0)
(0.60440228 -2.8356888e-05 0)
(0.60952966 0.00024712098 0)
(0.60137739 0.0004323689 0)
(0.6104751 0.00087591313 0)
(0.59402445 0.0010993705 0)
(0.6114251 0.0018190581 0)
(0.57932202 0.0020248583 0)
(0.61406368 0.0032076479 0)
(0.55175432 0.003204827 0)
(0.62325391 0.0051935266 0)
(0.50098895 0.0044142287 0)
(0.65327566 0.0079527604 0)
(0.41123883 0.0048172989 0)
(0.76518473 0.011929774 0)
(0.50002429 -0.0010083748 0)
(0.50141546 -0.0029526126 0)
(0.5040151 -0.0046993533 0)
(0.50776932 -0.0061289488 0)
(0.51244911 -0.0071776709 0)
(0.51774021 -0.007859657 0)
(0.52335506 -0.0082361328 0)
(0.52908593 -0.0083740993 0)
(0.53479418 -0.0083288887 0)
(0.54038557 -0.0081468456 0)
(0.54578983 -0.007870174 0)
(0.55096371 -0.0075359434 0)
(0.5558784 -0.0071730543 0)
(0.5605331 -0.0068010497 0)
(0.56492193 -0.0064320636 0)
(0.56906873 -0.0060728425 0)
(0.57296187 -0.0057271512 0)
(0.57664461 -0.0053956284 0)
(0.58008019 -0.0050775924 0)
(0.58334573 -0.0047691532 0)
(0.58634843 -0.0044675816 0)
(0.58923031 -0.0041670057 0)
(0.5917926 -0.0038681892 0)
(0.59431603 -0.0035664134 0)
(0.59640408 -0.0032712599 0)
(0.59861663 -0.0029758816 0)
(0.60017365 -0.0026996483 0)
(0.60218027 -0.0024198633 0)
(0.60310103 -0.0021680697 0)
(0.60509297 -0.0018845289 0)
(0.60513857 -0.0016313174 0)
(0.60743164 -0.0012810456 0)
(0.60607961 -0.00097449058 0)
(0.60922792 -0.00045792017 0)
(0.60543516 -4.3707308e-05 0)
(0.61050107 0.00077510994 0)
(0.6022591 0.0013136481 0)
(0.61137623 0.0026303237 0)
(0.59488911 0.003271002 0)
(0.61241976 0.0054189351 0)
(0.58033921 0.0059988853 0)
(0.61530784 0.009560371 0)
(0.55306262 0.0095186592 0)
(0.62475729 0.015559916 0)
(0.50258378 0.013204035 0)
(0.65470621 0.024005024 0)
(0.41278884 0.014561809 0)
(0.76580189 0.03630116 0)
(0.50002692 -0.0017753809 0)
(0.50163791 -0.0051866764 0)
(0.50463695 -0.0082179416 0)
(0.50892418 -0.010644504 0)
(0.51417348 -0.012373658 0)
(0.51998342 -0.013463102 0)
(0.52603193 -0.014037521 0)
(0.53211591 -0.014214319 0)
(0.53810912 -0.01408646 0)
(0.54392373 -0.01373421 0)
(0.54949357 -0.013231746 0)
(0.55478257 -0.012642384 0)
(0.55977171 -0.012013408 0)
(0.56446969 -0.01137543 0)
(0.56887745 -0.010747013 0)
(0.57302366 -0.010137921 0)
(0.57689928 -0.009553402 0)
(0.58054984 -0.0089932947 0)
(0.5839389 -0.0084558633 0)
(0.58714471 -0.0079338442 0)
(0.59007324 -0.0074228801 0)
(0.59286826 -0.0069128693 0)
(0.59532917 -0.0064057077 0)
(0.5977403 -0.0058928947 0)
(0.59970121 -0.005390652 0)
(0.601777 -0.0048860803 0)
(0.60317846 -0.0044115432 0)
(0.60501924 -0.0039279259 0)
(0.60574738 -0.0034891654 0)
(0.60753887 -0.0029962463 0)
(0.60735077 -0.0025562186 0)
(0.60941913 -0.0019583077 0)
(0.60780862 -0.0014437841 0)
(0.61075041 -0.00058903223 0)
(0.60671894 7.6152073e-05 0)
(0.6116616 0.0014075137 0)
(0.60325353 0.002243891 0)
(0.61242351 0.0043836008 0)
(0.59589164 0.0053507456 0)
(0.6137167 0.008883861 0)
(0.58172419 0.0097215792 0)
(0.61721436 0.01568851 0)
(0.55515805 0.015495623 0)
(0.62735824 0.025804871 0)
(0.50543382 0.021806926 0)
(0.65738757 0.040443421 0)
(0.41576084 0.024586683 0)
(0.76704376 0.062203509 0)
(0.50003113 -0.0027080045 0)
(0.50203658 -0.0078798597 0)
(0.50574902 -0.012386055 0)
(0.51096227 -0.015861385 0)
(0.51715701 -0.018229478 0)
(0.52379437 -0.019651634 0)
(0.53052034 -0.020342345 0)
(0.53715073 -0.020471839 0)
(0.54357453 -0.020172857 0)
(0.54970705 -0.019566986 0)
(0.55548648 -0.018766839 0)
(0.56088906 -0.017863649 0)
(0.56591205 -0.016921422 0)
(0.57057868 -0.015979223 0)
(0.57490072 -0.015059973 0)
(0.5789146 -0.014174494 0)
(0.58261737 -0.01332806 0)
(0.58605919 -0.012518008 0)
(0.58920744 -0.011740868 0)
(0.5921431 -0.010985154 0)
(0.59477511 -0.01024547 0)
(0.59724999 -0.0095071774 0)
(0.59937082 -0.0087743073 0)
(0.60142513 -0.008033573 0)
(0.60301542 -0.0073082556 0)
(0.60470896 -0.0065772974 0)
(0.60571596 -0.0058863454 0)
(0.60715255 -0.0051784677 0)
(0.60746211 -0.0045318096 0)
(0.60883158 -0.0038099855 0)
(0.60820905 -0.0031682277 0)
(0.60986484 -0.0023183753 0)
(0.60783701 -0.001603933 0)
(0.61044469 -0.00042961122 0)
(0.60607956 0.00043241418 0)
(0.61085807 0.0021988427 0)
(0.60226737 0.0032348775 0)
(0.61157632 0.0060883522 0)
(0.59507141 0.0072319495 0)
(0.61344384 0.012042908 0)
(0.58170214 0.012940855 0)
(0.61816677 0.021306433 0)
(0.55654923 0.020746309 0)
(0.62985295 0.035625121 0)
(0.50848696 0.029825994 0)
(0.66068569 0.057269477 0)
(0.41964446 0.034834727 0)
(0.76880326 0.090549651 0)
(0.50003546 -0.0039320512 0)
(0.5027242 -0.011353063 0)
(0.50765454 -0.017589587 0)
(0.51436918 -0.022135664 0)
(0.52199227 -0.025054719 0)
(0.52980716 -0.026699364 0)
(0.53745492 -0.027386146 0)
(0.54478279 -0.02733056 0)
(0.55168403 -0.026712605 0)
(0.55806885 -0.025710592 0)
(0.56388676 -0.024484846 0)
(0.56914153 -0.023155925 0)
(0.57386257 -0.021802886 0)
(0.57810047 -0.020471561 0)
(0.58188995 -0.019188085 0)
(0.58528517 -0.017962828 0)
(0.58830057 -0.016799623 0)
(0.59099837 -0.015691485 0)
(0.59336046 -0.014632347 0)
(0.5954749 -0.013605609 0)
(0.59726569 -0.012605482 0)
(0.59888246 -0.011612531 0)
(0.60014687 -0.010633778 0)
(0.60134307 -0.0096497259 0)
(0.60209654 -0.0086906462 0)
(0.60295997 -0.007724782 0)
(0.60317369 -0.006811272 0)
(0.60382572 -0.0058743016 0)
(0.6034035 -0.0050183121 0)
(0.60405439 -0.0040735264 0)
(0.60279045 -0.0032433057 0)
(0.60383817 -0.0021770325 0)
(0.60131716 -0.0013079139 0)
(0.60350242 9.6233959e-05 0)
(0.59882647 0.0010657572 0)
(0.60348763 0.0031272197 0)
(0.59486453 0.0042265118 0)
(0.60450186 0.0075902733 0)
(0.58825891 0.0087223906 0)
(0.60757917 0.014575835 0)
(0.57640296 0.015284988 0)
(0.61456895 0.025895524 0)
(0.55379576 0.0246556 0)
(0.62935364 0.044336654 0)
(0.50906554 0.03641793 0)
(0.66285542 0.073896819 0)
(0.42294153 0.044619872 0)
(0.77055384 0.12168879 0)
(0.50002937 -0.0056922439 0)
(0.50397178 -0.016148295 0)
(0.51100907 -0.024354672 0)
(0.52005155 -0.029848882 0)
(0.5296202 -0.033115953 0)
(0.53882567 -0.034784032 0)
(0.54735931 -0.035239747 0)
(0.5551027 -0.034734009 0)
(0.56194553 -0.033522423 0)
(0.56781753 -0.031867766 0)
(0.57273035 -0.029987835 0)
(0.57676836 -0.028031347 0)
(0.58003788 -0.026090948 0)
(0.58265171 -0.02421935 0)
(0.58469767 -0.022445647 0)
(0.58627055 -0.020778543 0)
(0.58742372 -0.019218356 0)
(0.58824375 -0.017751755 0)
(0.58874358 -0.016368091 0)
(0.58902174 -0.015044301 0)
(0.58903381 -0.013772904 0)
(0.58892618 -0.012528856 0)
(0.58856011 -0.011320605 0)
(0.58819524 -0.010121059 0)
(0.5875135 -0.0089648873 0)
(0.58701012 -0.0078086221 0)
(0.5860164 -0.0067228648 0)
(0.58551425 -0.0056149266 0)
(0.58414271 -0.0046148681 0)
(0.58387184 -0.0035247083 0)
(0.58195556 -0.0025968105 0)
(0.58234029 -0.001423295 0)
(0.57950815 -0.00051207344 0)
(0.58133256 0.00094104256 0)
(0.57671253 0.0018748467 0)
(0.58139381 0.0040078905 0)
(0.57320706 0.00500964 0)
(0.58340694 0.008558824 0)
(0.56795173 0.0095089757 0)
(0.5886926 0.015948064 0)
(0.55860409 0.016275033 0)
(0.59950288 0.028589851 0)
(0.54007379 0.026408549 0)
(0.61991848 0.050626649 0)
(0.50125167 0.040239752 0)
(0.6598462 0.088681436 0)
(0.42182916 0.052230524 0)
(0.77094702 0.15416073 0)
(0.49997369 -0.008614597 0)
(0.50653269 -0.023488898 0)
(0.51722154 -0.033710999 0)
(0.5293259 -0.039643735 0)
(0.54055928 -0.0427154 0)
(0.55010129 -0.043836309 0)
(0.55788782 -0.043412944 0)
(0.56393919 -0.041791816 0)
(0.56826371 -0.039387882 0)
(0.57096695 -0.036585234 0)
(0.57227042 -0.033657617 0)
(0.57244614 -0.030771208 0)
(0.57174596 -0.028021814 0)
(0.57038773 -0.025459212 0)
(0.56854058 -0.023104831 0)
(0.56635329 -0.020956138 0)
(0.56392517 -0.01900087 0)
(0.56136251 -0.017213288 0)
(0.55870766 -0.015572078 0)
(0.5560544 -0.014044679 0)
(0.55338836 -0.012616157 0)
(0.5508266 -0.011253762 0)
(0.54827652 -0.0099605563 0)
(0.54593221 -0.0087021243 0)
(0.54356092 -0.0075101189 0)
(0.54153269 -0.0063342356 0)
(0.5393429 -0.0052480715 0)
(0.5377422 -0.004153062 0)
(0.53567631 -0.0031913593 0)
(0.53469105 -0.0021556398 0)
(0.5325918 -0.0013198943 0)
(0.53258893 -0.00025391901 0)
(0.53007941 0.00049430933 0)
(0.53173514 0.0017838413 0)
(0.52798708 0.0025075535 0)
(0.53272005 0.0044398438 0)
(0.52593574 0.0051912457 0)
(0.53654083 0.0085179782 0)
(0.52296996 0.0091877658 0)
(0.54504445 0.015483998 0)
(0.51709279 0.015445988 0)
(0.56146896 0.028188218 0)
(0.50403637 0.025241863 0)
(0.59107016 0.052293925 0)
(0.47417603 0.039700616 0)
(0.6436394 0.098344623 0)
(0.40805894 0.055076171 0)
(0.76638609 0.18363496 0)
(0.50000591 -0.014903967 0)
(0.51209865 -0.03652869 0)
(0.52731781 -0.047880417 0)
(0.54000794 -0.052665335 0)
(0.54810958 -0.053938091 0)
(0.55210624 -0.052820483 0)
(0.55288153 -0.04984545 0)
(0.55100675 -0.045667798 0)
(0.54693833 -0.040975659 0)
(0.54120563 -0.036276845 0)
(0.53437458 -0.031855244 0)
(0.5269376 -0.027842644 0)
(0.51926372 -0.024285715 0)
(0.51161649 -0.021180858 0)
(0.5041726 -0.01849655 0)
(0.49705517 -0.016183741 0)
(0.4903303 -0.014190056 0)
(0.48404817 -0.012459398 0)
(0.47821314 -0.010945861 0)
(0.47285195 -0.0096009717 0)
(0.46792979 -0.0083940269 0)
(0.46348394 -0.0072836353 0)
(0.45943669 -0.0062597499 0)
(0.45587423 -0.0052863626 0)
(0.45264367 -0.0043837867 0)
(0.44993971 -0.0035088815 0)
(0.44745035 -0.0027218427 0)
(0.44560045 -0.0019403002 0)
(0.44373879 -0.0012839426 0)
(0.44278456 -0.00057771706 0)
(0.44135119 -5.0738313e-05 0)
(0.44145301 0.00067261226 0)
(0.44010245 0.0011071894 0)
(0.44172408 0.0020468729 0)
(0.43977413 0.0024626359 0)
(0.44407484 0.003970479 0)
(0.44003006 0.0043861025 0)
(0.44970812 0.0071240409 0)
(0.44015474 0.0074488175 0)
(0.46128722 0.012791532 0)
(0.43844639 0.012526174 0)
(0.48405281 0.023685729 0)
(0.43115666 0.020916869 0)
(0.52682779 0.04627498 0)
(0.41105763 0.034183179 0)
(0.60214098 0.095948846 0)
(0.3646423 0.051891958 0)
(0.7537113 0.19989713 0)
(0.50076519 -0.028434863 0)
(0.51614677 -0.055963925 0)
(0.52500588 -0.063591988 0)
(0.52226205 -0.063363126 0)
(0.51088312 -0.059767853 0)
(0.49521128 -0.053880826 0)
(0.47768998 -0.046558382 0)
(0.45941032 -0.038854423 0)
(0.44112625 -0.031594507 0)
(0.42354433 -0.025218426 0)
(0.40723044 -0.019896987 0)
(0.39248065 -0.015633983 0)
(0.37936593 -0.012328595 0)
(0.36782359 -0.0098228578 0)
(0.35772201 -0.0079447016 0)
(0.34890702 -0.0065352777 0)
(0.34121737 -0.0054644805 0)
(0.33450927 -0.0046300657 0)
(0.32864802 -0.0039593626 0)
(0.32353573 -0.0033966638 0)
(0.31907486 -0.0029088493 0)
(0.31521725 -0.0024665764 0)
(0.31188352 -0.0020623741 0)
(0.30907298 -0.0016772906 0)
(0.30669417 -0.0013238934 0)
(0.30480258 -0.00097970951 0)
(0.30324373 -0.00067855339 0)
(0.30217194 -0.00037394526 0)
(0.30128371 -0.00013263553 0)
(0.30094968 0.00016033039 0)
(0.30056435 0.00036668024 0)
(0.30098892 0.00071269381 0)
(0.30090168 0.00089642398 0)
(0.30230826 0.0014145036 0)
(0.30222702 0.0015948739 0)
(0.30533966 0.0025189503 0)
(0.30460001 0.002674223 0)
(0.31128778 0.0044829311 0)
(0.30798764 0.004469836 0)
(0.32306843 0.0082084832 0)
(0.31146148 0.007570389 0)
(0.34769353 0.015691933 0)
(0.31100354 0.013238215 0)
(0.40109129 0.032010883 0)
(0.29704955 0.023961827 0)
(0.51098913 0.073813118 0)
(0.26686635 0.039629102 0)
(0.72043444 0.19643003 0)
(0.4610464 -0.018547924 0)
(0.43269385 -0.031260129 0)
(0.39173001 -0.029514599 0)
(0.34130599 -0.02367132 0)
(0.29390602 -0.017823661 0)
(0.25496507 -0.012638566 0)
(0.22410132 -0.0083191719 0)
(0.19977501 -0.0050788857 0)
(0.18084159 -0.0028704518 0)
(0.16633579 -0.0014537855 0)
(0.15532604 -0.00060425194 0)
(0.14695893 -0.00014720137 0)
(0.14053004 5.5778825e-05 0)
(0.13549815 0.00011204923 0)
(0.13146669 9.6274682e-05 0)
(0.12815697 5.4209147e-05 0)
(0.12537737 9.6033727e-06 0)
(0.12300075 -2.6562088e-05 0)
(0.12094127 -5.1618136e-05 0)
(0.11914602 -6.5395285e-05 0)
(0.11757734 -7.1286213e-05 0)
(0.11621875 -7.0155903e-05 0)
(0.11505202 -6.5843055e-05 0)
(0.1140788 -5.5628663e-05 0)
(0.1132793 -4.5019475e-05 0)
(0.11266688 -2.7424941e-05 0)
(0.11220491 -1.3853123e-05 0)
(0.11192864 1.0815881e-05 0)
(0.11177141 2.6673563e-05 0)
(0.1118112 7.5085454e-05 0)
(0.11190618 9.9847028e-05 0)
(0.11226236 0.00017410881 0)
(0.11258821 0.00019295431 0)
(0.11336944 0.00032519228 0)
(0.11393973 0.00032963673 0)
(0.11543728 0.00059312797 0)
(0.11626085 0.00054543997 0)
(0.11917322 0.0011139165 0)
(0.12010358 0.00088773686 0)
(0.12616688 0.0022180435 0)
(0.1262588 0.0014080803 0)
(0.14038978 0.0048238957 0)
(0.13492838 0.002165449 0)
(0.17407242 0.011515735 0)
(0.14060974 0.004183702 0)
(0.2670573 0.028942036 0)
(0.12826713 0.010970863 0)
(0.53238305 0.081047803 0)
(0.32149606 -0.027599969 0)
(0.48340694 -0.0071570511 0)
(0.44666189 -0.0016172045 0)
(0.50223137 -0.0012440488 0)
(0.33209658 0.0070445947 0)
(0.35845611 -0.050916849 0)
(0.52334384 -0.014871376 0)
(0.47500161 -0.0039036326 0)
(0.53912909 6.961128e-05 0)
(0.34734392 0.0089722936 0)
(0.36423648 -0.040742766 0)
(0.53028262 -0.011642776 0)
(0.4795854 -0.0037015879 0)
(0.54498539 8.1575947e-05 0)
(0.35097128 0.0030337365 0)
(0.36713806 -0.035438568 0)
(0.53505152 -0.010135795 0)
(0.48332544 -0.0035625721 0)
(0.54876989 -0.00030139273 0)
(0.35348503 0.0015425526 0)
(0.36907766 -0.027882499 0)
(0.5378702 -0.0075822985 0)
(0.48582932 -0.0027515567 0)
(0.55130155 -0.00036899141 0)
(0.35508073 0.00089715629 0)
(0.36987949 -0.020986282 0)
(0.53943595 -0.0054505157 0)
(0.4874815 -0.0019932126 0)
(0.55309467 -0.00032133482 0)
(0.35620662 0.00060784277 0)
(0.37016366 -0.015053523 0)
(0.54027766 -0.0037111351 0)
(0.48851939 -0.0013310119 0)
(0.55431409 -0.00021456996 0)
(0.3569877 0.0004258491 0)
(0.3702343 -0.010077314 0)
(0.54072051 -0.0023727538 0)
(0.48915103 -0.00082595304 0)
(0.55510975 -0.00012288973 0)
(0.35750814 0.0002862275 0)
(0.37024514 -0.0057859499 0)
(0.54094624 -0.0013154569 0)
(0.48950962 -0.00044393618 0)
(0.5555844 -5.8277473e-05 0)
(0.35782339 0.00016619108 0)
(0.37024498 -0.0018867225 0)
(0.54104202 -0.00042106113 0)
(0.48967187 -0.00013942728 0)
(0.55580557 -1.6667025e-05 0)
(0.35797166 5.4595113e-05 0)
(0.37024499 0.0018867233 0)
(0.54104204 0.00042103358 0)
(0.48967188 0.00013941016 0)
(0.55580557 1.665182e-05 0)
(0.35797166 -5.4614872e-05 0)
(0.37024517 0.0057859554 0)
(0.54094627 0.0013154339 0)
(0.48950963 0.00044392142 0)
(0.5555844 5.8263731e-05 0)
(0.35782339 -0.00016620771 0)
(0.37023437 0.010077321 0)
(0.54072058 0.002372738 0)
(0.48915106 0.00082594364 0)
(0.55510975 0.00012287935 0)
(0.35750813 -0.00028623895 0)
(0.37016376 0.015053535 0)
(0.54027776 0.0037111269 0)
(0.48851943 0.0013310053 0)
(0.55431408 0.0002145606 0)
(0.3569877 -0.00042585517 0)
(0.36987965 0.020986284 0)
(0.53943608 0.0054505052 0)
(0.48748155 0.0019931997 0)
(0.55309468 0.00032132302 0)
(0.35620662 -0.00060784588 0)
(0.36907783 0.027882503 0)
(0.53787035 0.0075822904 0)
(0.48582937 0.002751543 0)
(0.55130156 0.00036897781 0)
(0.35508073 -0.00089715884 0)
(0.3671382 0.035438576 0)
(0.53505165 0.010135783 0)
(0.48332549 0.0035625485 0)
(0.54876991 0.00030137556 0)
(0.35348504 -0.0015425584 0)
(0.36423655 0.040742832 0)
(0.53028269 0.011642784 0)
(0.47958544 0.0037015719 0)
(0.54498541 -8.1591821e-05 0)
(0.35097129 -0.003033747 0)
(0.35845602 0.0509169 0)
(0.52334379 0.01487138 0)
(0.4750016 0.0039036134 0)
(0.5391291 -6.9632107e-05 0)
(0.34734393 -0.0089723105 0)
(0.32149592 0.027599969 0)
(0.48340682 0.0071570397 0)
(0.44666186 0.001617184 0)
(0.50223137 0.0012440332 0)
(0.3320966 -0.0070446055 0)
(0.57514303 0.04044388 0)
(0.39958968 0.031780204 0)
(0.29508997 0.021112241 0)
(0.25967599 0.013084601 0)
(0.24003956 0.0087129216 0)
(0.21763782 0.006380153 0)
(0.19529823 0.0045887241 0)
(0.17704994 0.0028490164 0)
(0.16339108 0.0014000159 0)
(0.15327765 0.00050021179 0)
(0.1456316 9.2999038e-05 0)
(0.13968751 -3.4627679e-05 0)
(0.13494337 -5.0316251e-05 0)
(0.13107103 -3.0641018e-05 0)
(0.12784838 -3.519264e-07 0)
(0.12511847 3.1380216e-05 0)
(0.12276971 5.8491058e-05 0)
(0.12072526 7.7470713e-05 0)
(0.11893432 8.7877009e-05 0)
(0.11736456 9.1337666e-05 0)
(0.11599596 9.0041053e-05 0)
(0.11481578 8.5511111e-05 0)
(0.11381412 7.8505715e-05 0)
(0.11298109 6.9647292e-05 0)
(0.11230514 5.9597908e-05 0)
(0.11177235 4.9071846e-05 0)
(0.11136635 3.8770908e-05 0)
(0.11106889 2.9304316e-05 0)
(0.11086095 2.1109971e-05 0)
(0.1107239 1.4419684e-05 0)
(0.11064056 9.2602486e-06 0)
(0.11059614 5.4594274e-06 0)
(0.11057887 2.6411502e-06 0)
(0.11057812 -4.0772091e-07 0)
(0.11058639 -2.1544274e-06 0)
(0.11059977 -2.5932301e-06 0)
(0.11061511 -2.414664e-06 0)
(0.11063034 -2.1994371e-06 0)
(0.11064452 -1.9579298e-06 0)
(0.11065712 -1.712746e-06 0)
(0.11066791 -1.4494907e-06 0)
(0.11067686 -1.2278726e-06 0)
(0.11068412 -1.0352086e-06 0)
(0.11068989 -8.5984884e-07 0)
(0.11069438 -7.0234298e-07 0)
(0.11069782 -5.6371019e-07 0)
(0.11070035 -4.3416986e-07 0)
(0.11070246 -4.0104181e-07 0)
(0.66387791 0.050434126 0)
(0.56970057 0.069445363 0)
(0.5021746 0.06763095 0)
(0.48450687 0.056475553 0)
(0.48103315 0.046818068 0)
(0.47119106 0.040322241 0)
(0.4544136 0.03492896 0)
(0.43565106 0.029244623 0)
(0.41804226 0.023499364 0)
(0.40240594 0.018446677 0)
(0.3885564 0.014470431 0)
(0.37622319 0.01150016 0)
(0.36526982 0.0092893719 0)
(0.35561288 0.0076171432 0)
(0.34714739 0.0063338914 0)
(0.33974051 0.0053379357 0)
(0.33325566 0.0045517362 0)
(0.32757206 0.0039131708 0)
(0.32259152 0.0033747956 0)
(0.31823665 0.0029036644 0)
(0.31444629 0.002479248 0)
(0.31117137 0.0020901167 0)
(0.30837144 0.0017312451 0)
(0.30601065 0.0014022221 0)
(0.3040537 0.0011054014 0)
(0.30246342 0.00084405358 0)
(0.30119971 0.00062081819 0)
(0.30021999 0.00043669568 0)
(0.29948066 0.00029066459 0)
(0.2989389 0.00017972189 0)
(0.29855469 9.9325557e-05 0)
(0.29829221 4.4072637e-05 0)
(0.2981204 8.2436076e-06 0)
(0.29801511 -1.403141e-05 0)
(0.29795751 -2.5948392e-05 0)
(0.29793105 -3.0997463e-05 0)
(0.29792382 -3.1847516e-05 0)
(0.29792836 -2.9876342e-05 0)
(0.29793978 -2.6489329e-05 0)
(0.29795439 -2.2621071e-05 0)
(0.29796962 -1.8587848e-05 0)
(0.29798397 -1.4967914e-05 0)
(0.29799673 -1.1830429e-05 0)
(0.29800757 -9.1599855e-06 0)
(0.29801635 -6.9658218e-06 0)
(0.29802342 -5.159865e-06 0)
(0.29802843 -3.8794147e-06 0)
(0.29803342 -2.6242975e-06 0)
(0.66590106 0.032235945 0)
(0.57854346 0.048294507 0)
(0.52669293 0.052808986 0)
(0.52715181 0.050519097 0)
(0.54288328 0.047213128 0)
(0.55121364 0.044551627 0)
(0.55014418 0.041877023 0)
(0.54433262 0.03841125 0)
(0.53737936 0.034294076 0)
(0.53040006 0.030109526 0)
(0.52334221 0.026304985 0)
(0.51608951 0.023015992 0)
(0.50875729 0.020190652 0)
(0.50156057 0.017740317 0)
(0.49466888 0.015601847 0)
(0.48816994 0.013734242 0)
(0.48209656 0.012101612 0)
(0.47645809 0.010665835 0)
(0.47125578 0.0093884144 0)
(0.46648625 0.0082347901 0)
(0.46214178 0.0071772625 0)
(0.4582119 0.006196453 0)
(0.45468487 0.0052816622 0)
(0.45154818 0.0044301259 0)
(0.44878788 0.0036453404 0)
(0.4463877 0.0029344088 0)
(0.4443281 0.002304949 0)
(0.44258586 0.0017624242 0)
(0.4411343 0.0013085097 0)
(0.43994396 0.00094051068 0)
(0.43898382 0.0006517219 0)
(0.43822267 0.00043250709 0)
(0.43763017 0.00027166978 0)
(0.43717818 0.00015816932 0)
(0.43684083 8.0431161e-05 0)
(0.43659532 2.8845733e-05 0)
(0.43642265 -3.6773321e-06 0)
(0.43630576 -2.213153e-05 0)
(0.4362298 -3.1062601e-05 0)
(0.43618367 -3.3844733e-05 0)
(0.43615802 -3.3098475e-05 0)
(0.43614586 -3.0047287e-05 0)
(0.43614237 -2.5892874e-05 0)
(0.43614403 -2.1360357e-05 0)
(0.43614797 -1.7108258e-05 0)
(0.43615326 -1.3023417e-05 0)
(0.43615743 -1.0255224e-05 0)
(0.43616349 -6.7935144e-06 0)
(0.66519205 0.019557302 0)
(0.56973396 0.031123109 0)
(0.51578247 0.037287532 0)
(0.51998557 0.039651518 0)
(0.54251135 0.040153599 0)
(0.55866424 0.039813679 0)
(0.56565178 0.038850836 0)
(0.56786186 0.037127581 0)
(0.56886245 0.034736617 0)
(0.56964887 0.032010007 0)
(0.56995828 0.029279447 0)
(0.56948344 0.026721393 0)
(0.56824413 0.024373019 0)
(0.56645088 0.022214429 0)
(0.56431471 0.020224302 0)
(0.56197387 0.018390809 0)
(0.55950792 0.016702918 0)
(0.5569702 0.015144095 0)
(0.55440577 0.013693362 0)
(0.55185464 0.012329943 0)
(0.54934988 0.011037189 0)
(0.54691687 0.0098042752 0)
(0.54457434 0.008626411 0)
(0.54233625 0.0075045908 0)
(0.54021339 0.0064448091 0)
(0.53821488 0.0054564044 0)
(0.5363488 0.0045496709 0)
(0.53462279 0.0037335242 0)
(0.53304377 0.0030137211 0)
(0.53161746 0.0023919148 0)
(0.53034762 0.0018655969 0)
(0.52923541 0.0014287014 0)
(0.52827871 0.0010727043 0)
(0.5274719 0.00078787482 0)
(0.52680589 0.00056399118 0)
(0.52626858 0.00039163648 0)
(0.5258455 0.00026178413 0)
(0.52552085 0.00016600474 0)
(0.52527827 9.7373849e-05 0)
(0.52510216 5.0012698e-05 0)
(0.52497852 1.8566765e-05 0)
(0.52489514 -6.4630986e-07 0)
(0.52484088 -1.1299987e-05 0)
(0.52480749 -1.5870707e-05 0)
(0.52478798 -1.7182233e-05 0)
(0.52477802 -1.5574005e-05 0)
(0.52477306 -1.4270358e-05 0)
(0.52477233 -1.0371574e-05 0)
(0.66615966 0.012589152 0)
(0.56563506 0.021319969 0)
(0.50747963 0.027163007 0)
(0.50980937 0.030604128 0)
(0.53234071 0.032248338 0)
(0.54963449 0.032693843 0)
(0.55850827 0.032387971 0)
(0.56317618 0.031505166 0)
(0.5671679 0.030143603 0)
(0.57140871 0.028465089 0)
(0.57548236 0.026662923 0)
(0.57890134 0.024877707 0)
(0.58154397 0.023170949 0)
(0.583537 0.021553468 0)
(0.58504753 0.020020794 0)
(0.58618607 0.01856879 0)
(0.587009 0.017193117 0)
(0.58755018 0.015885628 0)
(0.58784104 0.014634446 0)
(0.5879144 0.013427271 0)
(0.58780106 0.012254841 0)
(0.58752695 0.011112719 0)
(0.58711294 0.01000153 0)
(0.58657615 0.008926422 0)
(0.58593129 0.0078958965 0)
(0.58519224 0.0069199962 0)
(0.58437344 0.006008224 0)
(0.58349142 0.0051678178 0)
(0.58256553 0.0044028313 0)
(0.58161794 0.0037140994 0)
(0.58067276 0.0030998459 0)
(0.57975445 0.002556601 0)
(0.57888594 0.0020801663 0)
(0.57808672 0.0016663056 0)
(0.57737132 0.0013109846 0)
(0.57674853 0.0010103632 0)
(0.57622127 0.00076052687 0)
(0.57578717 0.00055719654 0)
(0.57543957 0.00039575163 0)
(0.57516888 0.00027114278 0)
(0.57496396 0.00017802941 0)
(0.57481326 0.00011075601 0)
(0.57470556 6.3792252e-05 0)
(0.57463085 3.2860638e-05 0)
(0.57458088 1.2972153e-05 0)
(0.5745481 2.0042947e-06 0)
(0.57452908 -4.4597183e-06 0)
(0.57451418 -6.5303354e-06 0)
(0.66737078 0.0085457531 0)
(0.56439679 0.015128763 0)
(0.50338724 0.019900293 0)
(0.50353744 0.023015015 0)
(0.52468072 0.024742055 0)
(0.54118461 0.025420891 0)
(0.54974098 0.02541634 0)
(0.55447929 0.024964232 0)
(0.55890985 0.024176469 0)
(0.56395832 0.023140971 0)
(0.56917078 0.021963418 0)
(0.57398209 0.02074175 0)
(0.57818848 0.019537137 0)
(0.58185563 0.018374084 0)
(0.58511155 0.017257272 0)
(0.588039 0.016185453 0)
(0.59066949 0.015155779 0)
(0.59301302 0.014163108 0)
(0.59507942 0.013199741 0)
(0.59688336 0.012257302 0)
(0.59844089 0.01132957 0)
(0.59976605 0.010414564 0)
(0.6008703 0.0095151754 0)
(0.60176344 0.0086384724 0)
(0.60245463 0.0077940377 0)
(0.60295318 0.0069916561 0)
(0.60326952 0.0062390069 0)
(0.60341649 0.0055400608 0)
(0.60341035 0.0048946981 0)
(0.60327119 0.004299523 0)
(0.60302269 0.0037494433 0)
(0.60269121 0.003239457 0)
(0.6023043 0.0027660878 0)
(0.60188885 0.0023281089 0)
(0.60146927 0.0019264268 0)
(0.60106598 0.0015633459 0)
(0.60069444 0.0012414922 0)
(0.60036485 0.00096277063 0)
(0.60008243 0.00072764842 0)
(0.59984809 0.00053490414 0)
(0.59965956 0.00038154286 0)
(0.59951223 0.00026335409 0)
(0.5994005 0.00017504664 0)
(0.5993177 0.00011154302 0)
(0.59925895 6.7355905e-05 0)
(0.59921637 3.7795615e-05 0)
(0.59919089 1.9817725e-05 0)
(0.59916655 6.2245777e-06 0)
(0.66835764 0.0058326413 0)
(0.56409466 0.010567221 0)
(0.5013239 0.014145954 0)
(0.49996693 0.016619009 0)
(0.51995293 0.018125479 0)
(0.53556916 0.018842226 0)
(0.54347639 0.019000629 0)
(0.54776737 0.018795648 0)
(0.5519275 0.018336239 0)
(0.55688423 0.017686446 0)
(0.5621863 0.01690904 0)
(0.56725123 0.016069676 0)
(0.57184337 0.015219822 0)
(0.57599804 0.014387742 0)
(0.57982262 0.013583474 0)
(0.58338693 0.012808362 0)
(0.58671205 0.012060723 0)
(0.58979728 0.011337074 0)
(0.59264144 0.010632094 0)
(0.59524875 0.0099396684 0)
(0.59762589 0.0092550859 0)
(0.5997787 0.0085771332 0)
(0.6017116 0.0079089994 0)
(0.60342879 0.007257718 0)
(0.6049353 0.0066324153 0)
(0.60623736 0.0060418375 0)
(0.60734267 0.0054918939 0)
(0.60826076 0.0049840159 0)
(0.60900324 0.0045148945 0)
(0.60958394 0.0040776247 0)
(0.61001874 0.0036637951 0)
(0.61032533 0.0032658319 0)
(0.61052281 0.0028788962 0)
(0.61063093 0.0025018796 0)
(0.6106693 0.0021373255 0)
(0.61065642 0.0017904861 0)
(0.61060891 0.0014678487 0)
(0.61054086 0.0011756645 0)
(0.61046361 0.00091868483 0)
(0.61038555 0.0006995578 0)
(0.61031252 0.0005184554 0)
(0.61024777 0.00037351966 0)
(0.61019325 0.00026112653 0)
(0.61014842 0.00017668132 0)
(0.61011411 0.00011570731 0)
(0.61008615 7.1790253e-05 0)
(0.61006904 4.4917954e-05 0)
(0.61004965 2.0732569e-05 0)
(0.66905072 0.0038021845 0)
(0.56406639 0.0069617234 0)
(0.5002324 0.0094280753 0)
(0.49792562 0.011208826 0)
(0.51713368 0.012367265 0)
(0.53209779 0.012984796 0)
(0.53947931 0.013190309 0)
(0.54336331 0.013117085 0)
(0.54721249 0.012854104 0)
(0.55194208 0.012452482 0)
(0.55710058 0.011952689 0)
(0.56210301 0.011396688 0)
(0.56670239 0.010821709 0)
(0.57091923 0.010252089 0)
(0.57484975 0.0096988488 0)
(0.57855809 0.0091648743 0)
(0.58206283 0.0086496394 0)
(0.58536112 0.0081510459 0)
(0.58844922 0.007665685 0)
(0.59132845 0.0071894389 0)
(0.5940027 0.006719002 0)
(0.59647526 0.0062535883 0)
(0.59874839 0.0057958552 0)
(0.60082492 0.0053515867 0)
(0.60270957 0.0049282483 0)
(0.60440928 0.0045328325 0)
(0.60593285 0.0041696647 0)
(0.60729038 0.0038389038 0)
(0.6084925 0.0035362643 0)
(0.6095496 0.003254048 0)
(0.61047126 0.0029831066 0)
(0.61126626 0.0027151082 0)
(0.61194293 0.0024444481 0)
(0.6125097 0.0021693446 0)
(0.61297554 0.001891922 0)
(0.6133502 0.0016174226 0)
(0.61364427 0.0013528373 0)
(0.61386888 0.0011054461 0)
(0.61403541 0.00088148272 0)
(0.61415474 0.0006853531 0)
(0.61423718 0.0005191631 0)
(0.61429149 0.00038287387 0)
(0.61432564 0.00027472483 0)
(0.61434516 0.00019129229 0)
(0.61435584 0.0001298187 0)
(0.6143595 8.3744739e-05 0)
(0.6143613 5.54914e-05 0)
(0.61435894 2.7945155e-05 0)
(0.6694813 0.0021510729 0)
(0.56410778 0.0039595886 0)
(0.49967302 0.0054035042 0)
(0.49680997 0.0064776693 0)
(0.51554184 0.007204127 0)
(0.53008836 0.0076150991 0)
(0.53712178 0.0077739611 0)
(0.5407327 0.0077568051 0)
(0.54436988 0.0076209613 0)
(0.54893335 0.0074004548 0)
(0.55396576 0.0071190559 0)
(0.55888036 0.0068000249 0)
(0.56342537 0.0064652549 0)
(0.56761328 0.0061305647 0)
(0.57153328 0.0058041025 0)
(0.57524589 0.0054885649 0)
(0.57876886 0.0051840621 0)
(0.58209963 0.0048895763 0)
(0.58523466 0.004603287 0)
(0.58817531 0.0043228949 0)
(0.59092546 0.0040464916 0)
(0.59348848 0.003773655 0)
(0.59586697 0.0035061308 0)
(0.59806454 0.0032477057 0)
(0.60008748 0.0030032799 0)
(0.60194506 0.0027774172 0)
(0.60364891 0.0025728335 0)
(0.60521165 0.002389336 0)
(0.60664537 0.0022235911 0)
(0.60795995 0.0020698072 0)
(0.60916202 0.0019210931 0)
(0.61025482 0.0017710648 0)
(0.61123899 0.0016152405 0)
(0.61211392 0.0014518879 0)
(0.61287924 0.0012821656 0)
(0.61353606 0.0011096367 0)
(0.61408793 0.00093933945 0)
(0.61454106 0.0007767522 0)
(0.61490423 0.00062681315 0)
(0.61518795 0.00049328508 0)
(0.61540397 0.0003783806 0)
(0.6155639 0.00028273221 0)
(0.61567922 0.00020578317 0)
(0.61575975 0.00014548655 0)
(0.61581438 0.00010054848 0)
(0.61585054 6.6103567e-05 0)
(0.61587198 4.4959183e-05 0)
(0.61588903 2.3466095e-05 0)
(0.66968691 0.00069668158 0)
(0.56414345 0.001285648 0)
(0.49943767 0.001761241 0)
(0.49631662 0.0021202124 0)
(0.51482101 0.0023671717 0)
(0.52916335 0.0025103639 0)
(0.53602424 0.0025688312 0)
(0.53950019 0.0025672528 0)
(0.54303388 0.0025253024 0)
(0.54751613 0.0024549136 0)
(0.55248474 0.0023639953 0)
(0.55735152 0.0022599698 0)
(0.56186266 0.0021499868 0)
(0.56602702 0.0020394645 0)
(0.56993011 0.0019313673 0)
(0.57363034 0.0018267748 0)
(0.57714494 0.0017258141 0)
(0.58047159 0.0016281973 0)
(0.58360712 0.0015333626 0)
(0.58655322 0.0014405789 0)
(0.58931416 0.001349228 0)
(0.59189375 0.0012591808 0)
(0.59429519 0.0011710472 0)
(0.59652295 0.0010861473 0)
(0.59858461 0.0010061927 0)
(0.60049116 0.00093277652 0)
(0.60225621 0.00086683447 0)
(0.60389435 0.00080826273 0)
(0.60541907 0.00075582785 0)
(0.60684071 0.00070740327 0)
(0.60816501 0.00066045066 0)
(0.60939287 0.00061259583 0)
(0.61052128 0.000562136 0)
(0.61154502 0.00050835701 0)
(0.61245868 0.00045159954 0)
(0.61325848 0.00039309849 0)
(0.61394372 0.0003346586 0)
(0.61451737 0.00027828381 0)
(0.61498614 0.00022582084 0)
(0.61535969 0.00017871758 0)
(0.61564993 0.00013788217 0)
(0.61586954 0.00010364667 0)
(0.61603145 7.5925075e-05 0)
(0.61614764 5.4042983e-05 0)
(0.6162283 3.7648365e-05 0)
(0.6162842 2.4952183e-05 0)
(0.61631759 1.7154905e-05 0)
(0.61634696 9.0820233e-06 0)
(0.6696869 -0.0006967376 0)
(0.56414344 -0.0012857189 0)
(0.49943767 -0.0017613093 0)
(0.49631662 -0.0021202727 0)
(0.51482101 -0.0023672266 0)
(0.52916335 -0.0025104158 0)
(0.53602425 -0.0025688811 0)
(0.53950019 -0.0025673008 0)
(0.54303389 -0.0025253483 0)
(0.54751613 -0.0024549569 0)
(0.55248475 -0.0023640358 0)
(0.55735153 -0.0022600072 0)
(0.56186267 -0.002150021 0)
(0.56602703 -0.0020394957 0)
(0.56993012 -0.001931396 0)
(0.57363035 -0.0018268015 0)
(0.57714495 -0.0017258397 0)
(0.58047159 -0.0016282225 0)
(0.58360712 -0.0015333884 0)
(0.58655323 -0.0014406063 0)
(0.58931417 -0.0013492584 0)
(0.59189376 -0.0012592154 0)
(0.59429519 -0.0011710873 0)
(0.59652296 -0.0010861936 0)
(0.59858461 -0.0010062449 0)
(0.60049117 -0.00093283275 0)
(0.60225622 -0.0008668916 0)
(0.60389436 -0.00080831636 0)
(0.60541908 -0.00075587305 0)
(0.60684071 -0.0007074355 0)
(0.60816501 -0.00066046667 0)
(0.60939287 -0.00061259434 0)
(0.61052129 -0.00056211801 0)
(0.61154502 -0.00050832553 0)
(0.61245867 -0.00045155903 0)
(0.61325847 -0.00039305403 0)
(0.61394371 -0.00033461514 0)
(0.61451736 -0.00027824543 0)
(0.61498613 -0.00022579037 0)
(0.61535968 -0.00017869643 0)
(0.61564993 -0.00013787065 0)
(0.61586953 -0.00010364386 0)
(0.61603144 -7.5929513e-05 0)
(0.61614763 -5.4051949e-05 0)
(0.6162283 -3.7660312e-05 0)
(0.6162842 -2.4964679e-05 0)
(0.61631759 -1.7168183e-05 0)
(0.61634696 -9.0936071e-06 0)
(0.66948128 -0.0021511242 0)
(0.56410778 -0.0039596566 0)
(0.49967302 -0.0054035714 0)
(0.49680997 -0.0064777295 0)
(0.51554185 -0.007204182 0)
(0.53008837 -0.0076151512 0)
(0.53712179 -0.0077740115 0)
(0.54073271 -0.0077568539 0)
(0.54436989 -0.0076210081 0)
(0.54893336 -0.0074004993 0)
(0.55396578 -0.0071190976 0)
(0.55888038 -0.0068000635 0)
(0.56342539 -0.0064652902 0)
(0.56761331 -0.006130597 0)
(0.57153331 -0.0058041321 0)
(0.57524591 -0.0054885923 0)
(0.57876889 -0.0051840881 0)
(0.58209966 -0.0048896018 0)
(0.58523469 -0.0046033129 0)
(0.58817533 -0.0043229222 0)
(0.59092548 -0.0040465216 0)
(0.59348851 -0.0037736892 0)
(0.595867 -0.0035061706 0)
(0.59806457 -0.0032477518 0)
(0.6000875 -0.003003332 0)
(0.60194509 -0.0027774734 0)
(0.60364893 -0.0025728903 0)
(0.60521168 -0.0023893886 0)
(0.6066454 -0.0022236342 0)
(0.60795997 -0.002069836 0)
(0.60916204 -0.0019211044 0)
(0.61025483 -0.0017710577 0)
(0.61123899 -0.0016152163 0)
(0.61211392 -0.0014518501 0)
(0.61287923 -0.0012821194 0)
(0.61353604 -0.0011095875 0)
(0.61408791 -0.00093929256 0)
(0.61454104 -0.00077671175 0)
(0.61490421 -0.00062678189 0)
(0.61518793 -0.00049326421 0)
(0.61540395 -0.00037837012 0)
(0.61556388 -0.00028273089 0)
(0.6156792 -0.00020578931 0)
(0.61575974 -0.00014549726 0)
(0.61581437 -0.00010056218 0)
(0.61585054 -6.6117482e-05 0)
(0.61587197 -4.4973484e-05 0)
(0.61588903 -2.3478239e-05 0)
(0.66905069 -0.0038022286 0)
(0.56406638 -0.0069617865 0)
(0.50023241 -0.0094281401 0)
(0.49792563 -0.011208885 0)
(0.51713369 -0.01236732 0)
(0.5320978 -0.012984848 0)
(0.53947932 -0.01319036 0)
(0.54336332 -0.013117135 0)
(0.5472125 -0.012854152 0)
(0.5519421 -0.012452528 0)
(0.55710061 -0.011952733 0)
(0.56210303 -0.011396729 0)
(0.56670242 -0.010821746 0)
(0.57091926 -0.010252124 0)
(0.57484978 -0.0096988803 0)
(0.57855813 -0.0091649034 0)
(0.58206286 -0.0086496667 0)
(0.58536116 -0.0081510723 0)
(0.58844926 -0.0076657112 0)
(0.59132849 -0.0071894662 0)
(0.59400274 -0.0067190317 0)
(0.59647529 -0.0062536221 0)
(0.59874843 -0.0057958945 0)
(0.60082496 -0.0053516326 0)
(0.60270961 -0.0049283003 0)
(0.60440931 -0.0045328884 0)
(0.60593288 -0.0041697203 0)
(0.60729041 -0.0038389537 0)
(0.60849254 -0.0035363026 0)
(0.60954963 -0.0032540696 0)
(0.61047128 -0.0029831085 0)
(0.61126627 -0.0027150901 0)
(0.61194293 -0.0024444122 0)
(0.61250969 -0.0021692957 0)
(0.61297552 -0.001891866 0)
(0.61335017 -0.0016173658 0)
(0.61364424 -0.0013527852 0)
(0.61386885 -0.001105403 0)
(0.61403537 -0.00088145092 0)
(0.61415471 -0.00068533344 0)
(0.61423715 -0.00051915496 0)
(0.61429147 -0.00038287542 0)
(0.61432563 -0.00027473398 0)
(0.61434514 -0.00019130597 0)
(0.61435583 -0.00012983528 0)
(0.61435949 -8.3760973e-05 0)
(0.61436129 -5.5507364e-05 0)
(0.61435894 -2.7958104e-05 0)
(0.66835761 -0.0058326735 0)
(0.56409465 -0.010567272 0)
(0.50132391 -0.014146012 0)
(0.49996694 -0.016619064 0)
(0.51995293 -0.018125532 0)
(0.53556917 -0.018842278 0)
(0.5434764 -0.019000681 0)
(0.54776739 -0.018795699 0)
(0.55192752 -0.01833629 0)
(0.55688426 -0.017686496 0)
(0.56218633 -0.016909087 0)
(0.56725127 -0.01606972 0)
(0.57184341 -0.015219863 0)
(0.57599808 -0.014387779 0)
(0.57982267 -0.013583509 0)
(0.58338697 -0.012808394 0)
(0.5867121 -0.012060752 0)
(0.58979733 -0.011337102 0)
(0.59264149 -0.010632121 0)
(0.5952488 -0.0099396961 0)
(0.59762594 -0.0092551155 0)
(0.59977875 -0.0085771665 0)
(0.60171165 -0.0079090381 0)
(0.60342884 -0.0072577631 0)
(0.60493534 -0.0066324662 0)
(0.6062374 -0.0060418914 0)
(0.60734271 -0.0054919461 0)
(0.60826079 -0.0049840601 0)
(0.60900327 -0.0045149244 0)
(0.60958396 -0.0040776352 0)
(0.61001875 -0.0036637838 0)
(0.61032533 -0.0032657994 0)
(0.61052279 -0.0028788461 0)
(0.61063091 -0.0025018178 0)
(0.61066927 -0.0021372591 0)
(0.61065639 -0.0017904219 0)
(0.61060887 -0.0014677924 0)
(0.61054083 -0.00117562 0)
(0.61046358 -0.00091865406 0)
(0.61038553 -0.00069954084 0)
(0.6103125 -0.00051845081 0)
(0.61024776 -0.00037352485 0)
(0.61019324 -0.00026113901 0)
(0.61014841 -0.00017669793 0)
(0.6101141 -0.00011572637 0)
(0.61008614 -7.1808362e-05 0)
(0.61006904 -4.4935318e-05 0)
(0.61004965 -2.074608e-05 0)
(0.66737077 -0.0085457745 0)
(0.5643968 -0.0151288 0)
(0.50338725 -0.019900339 0)
(0.50353745 -0.023015064 0)
(0.52468073 -0.024742105 0)
(0.54118461 -0.025420943 0)
(0.54974099 -0.025416393 0)
(0.55447931 -0.024964286 0)
(0.55890987 -0.024176523 0)
(0.56395834 -0.023141024 0)
(0.56917081 -0.021963469 0)
(0.57398213 -0.020741798 0)
(0.57818852 -0.019537182 0)
(0.58185567 -0.018374126 0)
(0.5851116 -0.01725731 0)
(0.58803905 -0.016185488 0)
(0.59066955 -0.015155812 0)
(0.59301307 -0.014163139 0)
(0.59507947 -0.01319977 0)
(0.59688342 -0.012257331 0)
(0.59844094 -0.011329599 0)
(0.5997661 -0.010414596 0)
(0.60087034 -0.0095152119 0)
(0.60176348 -0.0086385142 0)
(0.60245467 -0.007794084 0)
(0.60295321 -0.0069917038 0)
(0.60326954 -0.0062390508 0)
(0.60341651 -0.0055400946 0)
(0.60341035 -0.0048947155 0)
(0.60327118 -0.0042995197 0)
(0.60302267 -0.0037494177 0)
(0.60269118 -0.0032394108 0)
(0.60230426 -0.0027660259 0)
(0.60188881 -0.002328038 0)
(0.60146923 -0.0019263543 0)
(0.60106594 -0.0015632789 0)
(0.60069441 -0.0012414359 0)
(0.60036483 -0.00096272834 0)
(0.60008241 -0.00072762112 0)
(0.59984808 -0.00053489111 0)
(0.59965955 -0.0003815421 0)
(0.59951223 -0.00026336248 0)
(0.5994005 -0.00017506137 0)
(0.5993177 -0.00011156089 0)
(0.59925895 -6.7375408e-05 0)
(0.59921637 -3.7814013e-05 0)
(0.59919089 -1.9835242e-05 0)
(0.59916655 -6.2376462e-06 0)
(0.66615967 -0.01258916 0)
(0.56563508 -0.021319986 0)
(0.50747965 -0.027163036 0)
(0.50980939 -0.030604167 0)
(0.53234073 -0.032248383 0)
(0.5496345 -0.032693892 0)
(0.55850828 -0.032388024 0)
(0.56317619 -0.031505222 0)
(0.56716792 -0.030143659 0)
(0.57140874 -0.028465145 0)
(0.57548239 -0.026662978 0)
(0.57890137 -0.024877759 0)
(0.58154401 -0.023170998 0)
(0.58353704 -0.021553513 0)
(0.58504757 -0.020020836 0)
(0.58618611 -0.018568828 0)
(0.58700905 -0.017193152 0)
(0.58755022 -0.015885661 0)
(0.58784108 -0.014634477 0)
(0.58791444 -0.013427299 0)
(0.5878011 -0.012254868 0)
(0.58752698 -0.011112747 0)
(0.58711297 -0.010001561 0)
(0.58657617 -0.0089264566 0)
(0.5859313 -0.0078959333 0)
(0.58519224 -0.0069200326 0)
(0.58437343 -0.0060082548 0)
(0.5834914 -0.0051678374 0)
(0.58256549 -0.0044028342 0)
(0.58161789 -0.0037140827 0)
(0.58067271 -0.0030998089 0)
(0.5797544 -0.0025565467 0)
(0.57888589 -0.0020800999 0)
(0.57808667 -0.001666234 0)
(0.57737128 -0.0013109146 0)
(0.5767485 -0.0010103012 0)
(0.57622125 -0.00076047683 0)
(0.57578717 -0.0005571606 0)
(0.57543957 -0.00039573028 0)
(0.57516889 -0.00027113419 0)
(0.57496397 -0.00017803135 0)
(0.57481328 -0.00011076558 0)
(0.57470558 -6.3806666e-05 0)
(0.57463086 -3.2877197e-05 0)
(0.5745809 -1.2989528e-05 0)
(0.57454811 -2.0204272e-06 0)
(0.57452909 4.4440183e-06 0)
(0.57451419 6.5189187e-06 0)
(0.66519208 -0.019557304 0)
(0.569734 -0.03112311 0)
(0.51578251 -0.037287544 0)
(0.5199856 -0.039651544 0)
(0.54251137 -0.040153637 0)
(0.55866426 -0.039813725 0)
(0.5656518 -0.038850889 0)
(0.56786188 -0.037127637 0)
(0.56886247 -0.034736675 0)
(0.5696489 -0.032010064 0)
(0.5699583 -0.029279502 0)
(0.56948346 -0.026721445 0)
(0.56824416 -0.024373067 0)
(0.5664509 -0.022214474 0)
(0.56431473 -0.020224344 0)
(0.56197389 -0.018390847 0)
(0.55950794 -0.016702954 0)
(0.55697021 -0.015144127 0)
(0.55440578 -0.01369339 0)
(0.55185465 -0.012329968 0)
(0.54934989 -0.011037212 0)
(0.54691687 -0.0098042974 0)
(0.54457433 -0.0086264339 0)
(0.54233622 -0.007504615 0)
(0.54021336 -0.006444834 0)
(0.53821484 -0.0054564273 0)
(0.53634875 -0.0045496878 0)
(0.53462273 -0.0037335302 0)
(0.5330437 -0.0030137124 0)
(0.53161738 -0.0023918894 0)
(0.53034755 -0.0018655557 0)
(0.52923535 -0.0014286477 0)
(0.52827865 -0.0010726431 0)
(0.52747187 -0.00078781226 0)
(0.52680587 -0.00056393258 0)
(0.52626857 -0.00039158737 0)
(0.52584551 -0.00026174619 0)
(0.52552087 -0.00016597903 0)
(0.5252783 -9.7360022e-05 0)
(0.52510219 -5.0009017e-05 0)
(0.52497856 -1.8570571e-05 0)
(0.52489517 6.3735003e-07 0)
(0.52484091 1.1288137e-05 0)
(0.52480752 1.5857749e-05 0)
(0.524788 1.7169226e-05 0)
(0.52477804 1.5562123e-05 0)
(0.52477307 1.425866e-05 0)
(0.52477234 1.0363197e-05 0)
(0.66590109 -0.03223595 0)
(0.5785435 -0.048294499 0)
(0.52669297 -0.052808983 0)
(0.52715185 -0.050519111 0)
(0.54288332 -0.047213156 0)
(0.55121367 -0.044551666 0)
(0.55014421 -0.041877069 0)
(0.54433264 -0.0384113 0)
(0.53737938 -0.034294127 0)
(0.53040007 -0.030109577 0)
(0.52334221 -0.026305033 0)
(0.51608951 -0.023016037 0)
(0.50875728 -0.020190694 0)
(0.50156056 -0.017740355 0)
(0.49466886 -0.015601883 0)
(0.48816992 -0.013734275 0)
(0.48209653 -0.012101642 0)
(0.47645806 -0.010665861 0)
(0.47125574 -0.0093884371 0)
(0.46648621 -0.0082348089 0)
(0.46214174 -0.0071772786 0)
(0.45821186 -0.0061964675 0)
(0.45468482 -0.0052816768 0)
(0.45154813 -0.0044301408 0)
(0.44878782 -0.0036453553 0)
(0.44638764 -0.0029344211 0)
(0.44432802 -0.0023049557 0)
(0.44258579 -0.0017624217 0)
(0.44113422 -0.0013084961 0)
(0.43994389 -0.00094048503 0)
(0.43898376 -0.00065168606 0)
(0.43822262 -0.00043246407 0)
(0.43763013 -0.00027162425 0)
(0.43717817 -0.00015812514 0)
(0.43684084 -8.0391401e-05 0)
(0.43659534 -2.8811432e-05 0)
(0.43642269 3.7025051e-06 0)
(0.4363058 2.2147588e-05 0)
(0.43622985 3.1070817e-05 0)
(0.43618372 3.3846273e-05 0)
(0.43615807 3.3095507e-05 0)
(0.4361459 3.0041655e-05 0)
(0.43614241 2.5885983e-05 0)
(0.43614406 2.1353003e-05 0)
(0.436148 1.7101033e-05 0)
(0.43615328 1.3016802e-05 0)
(0.43615745 1.024883e-05 0)
(0.4361635 6.7890039e-06 0)
(0.66387792 -0.050434143 0)
(0.5697006 -0.069445363 0)
(0.50217464 -0.067630947 0)
(0.48450692 -0.056475561 0)
(0.48103319 -0.046818086 0)
(0.4711911 -0.040322268 0)
(0.45441363 -0.034928992 0)
(0.43565108 -0.029244658 0)
(0.41804227 -0.0234994 0)
(0.40240594 -0.018446713 0)
(0.38855638 -0.014470465 0)
(0.37622316 -0.011500191 0)
(0.36526978 -0.0092894013 0)
(0.35561283 -0.0076171708 0)
(0.34714733 -0.0063339171 0)
(0.33974046 -0.0053379595 0)
(0.3332556 -0.0045517577 0)
(0.327572 -0.0039131899 0)
(0.32259145 -0.0033748118 0)
(0.31823659 -0.0029036782 0)
(0.31444623 -0.0024792601 0)
(0.31117132 -0.0020901278 0)
(0.30837138 -0.0017312555 0)
(0.30601059 -0.0014022318 0)
(0.30405365 -0.0011054094 0)
(0.30246336 -0.00084405871 0)
(0.30119964 -0.00062081878 0)
(0.30021993 -0.00043669087 0)
(0.2994806 -0.0002906536 0)
(0.29893885 -0.00017970509 0)
(0.29855465 -9.9304089e-05 0)
(0.29829219 -4.4048181e-05 0)
(0.2981204 -8.2173956e-06 0)
(0.29801512 1.4057598e-05 0)
(0.29795754 2.5971435e-05 0)
(0.29793109 3.1017713e-05 0)
(0.29792387 3.1862859e-05 0)
(0.29792841 2.9887012e-05 0)
(0.29793983 2.6496083e-05 0)
(0.29795444 2.2624858e-05 0)
(0.29796966 1.8589449e-05 0)
(0.29798401 1.4968237e-05 0)
(0.29799676 1.1829944e-05 0)
(0.29800759 9.1588661e-06 0)
(0.29801637 6.9642435e-06 0)
(0.29802343 5.1583349e-06 0)
(0.29802844 3.8780033e-06 0)
(0.29803342 2.6231844e-06 0)
(0.57514302 -0.040443891 0)
(0.39958969 -0.031780208 0)
(0.29508998 -0.021112241 0)
(0.25967601 -0.013084604 0)
(0.24003958 -0.0087129279 0)
(0.21763784 -0.0063801618 0)
(0.19529825 -0.0045887344 0)
(0.17704995 -0.0028490273 0)
(0.16339107 -0.0014000271 0)
(0.15327764 -0.00050022299 0)
(0.14563158 -9.3010057e-05 0)
(0.13968749 3.4616832e-05 0)
(0.13494334 5.0305636e-05 0)
(0.131071 3.0630593e-05 0)
(0.12784835 3.4186746e-07 0)
(0.12511843 -3.1389882e-05 0)
(0.12276968 -5.8500043e-05 0)
(0.12072522 -7.7478985e-05 0)
(0.11893429 -8.7884263e-05 0)
(0.11736453 -9.1343981e-05 0)
(0.11599594 -9.0046225e-05 0)
(0.11481575 -8.5515326e-05 0)
(0.1138141 -7.8508759e-05 0)
(0.11298107 -6.9649447e-05 0)
(0.11230512 -5.9598963e-05 0)
(0.11177233 -4.9072029e-05 0)
(0.11136633 -3.8769993e-05 0)
(0.11106887 -2.9302464e-05 0)
(0.11086093 -2.1106937e-05 0)
(0.11072388 -1.4415687e-05 0)
(0.11064055 -9.2552058e-06 0)
(0.11059613 -5.4534404e-06 0)
(0.11057887 -2.6337086e-06 0)
(0.11057813 4.1606917e-07 0)
(0.11058641 2.1619281e-06 0)
(0.11059979 2.5990024e-06 0)
(0.11061513 2.4199551e-06 0)
(0.11063037 2.2039117e-06 0)
(0.11064455 1.9616163e-06 0)
(0.11065715 1.7157684e-06 0)
(0.11066793 1.4519944e-06 0)
(0.11067687 1.2299484e-06 0)
(0.11068413 1.0368226e-06 0)
(0.11068991 8.6099404e-07 0)
(0.11069439 7.0307737e-07 0)
(0.11069783 5.6425803e-07 0)
(0.11070036 4.3458285e-07 0)
(0.11070246 4.0116432e-07 0)
)
;

boundaryField
{
    inlet
    {
        type            fixedValue;
        value           uniform (0.5 0 0);
    }
    outlet
    {
        type            zeroGradient;
    }
    top
    {
        type            noSlip;
    }
    bottom
    {
        type            noSlip;
    }
    frontAndBack
    {
        type            empty;
    }
}


// ************************************************************************* //
