/*--------------------------------*- C++ -*----------------------------------*\
| =========                 |                                                 |
| \\      /  F ield         | OpenFOAM: The Open Source CFD Toolbox           |
|  \\    /   O peration     | Version:  2512                                  |
|   \\  /    A nd           | Website:  www.openfoam.com                      |
|    \\/     M anipulation  |                                                 |
\*---------------------------------------------------------------------------*/
FoamFile
{
    version     2.0;
    format      ascii;
    arch        "LSB;label=32;scalar=64";
    class       volVectorField;
    location    "9.5";
    object      D;
}
// * * * * * * * * * * * * * * * * * * * * * * * * * * * * * * * * * * * * * //

dimensions      [0 1 0 0 0 0 0];

internalField   nonuniform List<vector> 
1196
(
(-3.8462308e-06 -2.9296896e-06 0)
(-5.2303863e-06 -1.2296139e-05 0)
(-6.3902254e-06 -2.718924e-05 0)
(-7.3074342e-06 -4.6665086e-05 0)
(-7.998119e-06 -6.9812807e-05 0)
(-8.4761159e-06 -9.5761223e-05 0)
(-8.7552273e-06 -0.00012368961 0)
(-8.8492046e-06 -0.00015283072 0)
(-8.7717827e-06 -0.00018247172 0)
(-8.5366897e-06 -0.00021195458 0)
(-8.1576491e-06 -0.00024067607 0)
(-7.6483813e-06 -0.00026808787 0)
(-7.0226033e-06 -0.00029369651 0)
(-6.2940299e-06 -0.00031706339 0)
(-5.476373e-06 -0.00033780474 0)
(-4.5833421e-06 -0.00035559166 0)
(-3.6286445e-06 -0.00037015008 0)
(-2.6259853e-06 -0.00038126074 0)
(-1.5890683e-06 -0.0003887592 0)
(-5.3159678e-07 -0.00039253584 0)
(5.3272624e-07 -0.00039253585 0)
(1.5901978e-06 -0.00038875922 0)
(2.6271148e-06 -0.00038126077 0)
(3.6297741e-06 -0.00037015012 0)
(4.584472e-06 -0.00035559171 0)
(5.4775032e-06 -0.0003378048 0)
(6.2951607e-06 -0.00031706345 0)
(7.0237349e-06 -0.00029369659 0)
(7.6495136e-06 -0.00026808795 0)
(8.1587824e-06 -0.00024067615 0)
(8.5378239e-06 -0.00021195466 0)
(8.7729179e-06 -0.0001824718 0)
(8.8503407e-06 -0.00015283079 0)
(8.7563646e-06 -0.00012368968 0)
(8.4772543e-06 -9.5761288e-05 0)
(7.9992582e-06 -6.9812862e-05 0)
(7.3085742e-06 -4.666513e-05 0)
(6.3913664e-06 -2.7189271e-05 0)
(5.2315279e-06 -1.2296155e-05 0)
(3.8473727e-06 -2.9296921e-06 0)
(-1.020733e-06 -2.9654219e-06 0)
(5.7454501e-07 -1.2342919e-05 0)
(1.9738387e-06 -2.7239815e-05 0)
(3.1395149e-06 -4.6716872e-05 0)
(4.0815943e-06 -6.9864987e-05 0)
(4.8119327e-06 -9.5813529e-05 0)
(5.3436921e-06 -0.00012374196 0)
(5.6904167e-06 -0.00015288308 0)
(5.8657745e-06 -0.00018252409 0)
(5.8834715e-06 -0.00021200694 0)
(5.7572245e-06 -0.00024072844 0)
(5.5007512e-06 -0.00026814024 0)
(5.1277684e-06 -0.00029374888 0)
(4.6519903e-06 -0.00031711575 0)
(4.0871287e-06 -0.00033785711 0)
(3.4468934e-06 -0.00035564403 0)
(2.7449914e-06 -0.00037020245 0)
(1.9951281e-06 -0.00038131311 0)
(1.211007e-06 -0.00038881157 0)
(4.0633137e-07 -0.00039258821 0)
(-4.0519592e-07 -0.00039258821 0)
(-1.2098718e-06 -0.00038881159 0)
(-1.9939933e-06 -0.00038131314 0)
(-2.743857e-06 -0.00037020249 0)
(-3.4457591e-06 -0.00035564408 0)
(-4.0859945e-06 -0.00033785716 0)
(-4.6508559e-06 -0.00031711582 0)
(-5.126634e-06 -0.00029374895 0)
(-5.4996169e-06 -0.00026814032 0)
(-5.7560902e-06 -0.00024072852 0)
(-5.8823373e-06 -0.00021200702 0)
(-5.8646402e-06 -0.00018252417 0)
(-5.6892825e-06 -0.00015288315 0)
(-5.342558e-06 -0.00012374203 0)
(-4.8107986e-06 -9.5813594e-05 0)
(-4.0804602e-06 -6.9865041e-05 0)
(-3.1383809e-06 -4.6716916e-05 0)
(-1.9727047e-06 -2.7239846e-05 0)
(-5.7341077e-07 -1.2342935e-05 0)
(1.021868e-06 -2.9654245e-06 0)
(0.00010135383 -0.0012221268 0)
(0.00010371476 -0.0011741284 0)
(0.00010512122 -0.0011227266 0)
(0.00010612803 -0.0010707529 0)
(0.0001069512 -0.0010184492 0)
(0.00010762206 -0.00096585448 0)
(0.00010812282 -0.00091302169 0)
(0.00010842432 -0.00086002908 0)
(0.00010849554 -0.00080697425 0)
(0.00010830546 -0.00075397062 0)
(0.00010782321 -0.0007011463 0)
(0.00010701799 -0.0006486437 0)
(0.00010585903 -0.00059661946 0)
(0.00010431558 -0.00054524448 0)
(0.00010235687 -0.00049470389 0)
(9.995215e-05 -0.00044519706 0)
(9.7070654e-05 -0.0003969376 0)
(9.3681627e-05 -0.00035015338 0)
(8.975434e-05 -0.00030508654 0)
(8.5258158e-05 -0.00026199351 0)
(8.0162788e-05 -0.00022114493 0)
(7.443896e-05 -0.00018282495 0)
(6.8059865e-05 -0.00014732734 0)
(6.1002436e-05 -0.00011494039 0)
(5.3231267e-05 -8.589379e-05 0)
(4.4728333e-05 -6.0616017e-05 0)
(7.9545227e-05 -0.0012234698 0)
(8.00078e-05 -0.0011743728 0)
(8.0544115e-05 -0.0011230414 0)
(8.1223004e-05 -0.0010710833 0)
(8.1872145e-05 -0.0010187655 0)
(8.2424654e-05 -0.00096614453 0)
(8.2847258e-05 -0.00091327838 0)
(8.3114415e-05 -0.00086024646 0)
(8.3202043e-05 -0.00080714663 0)
(8.3086259e-05 -0.00075409238 0)
(8.2743174e-05 -0.00070121182 0)
(8.2148878e-05 -0.00064864734 0)
(8.1279452e-05 -0.00059655561 0)
(8.0110975e-05 -0.00054510751 0)
(7.8619522e-05 -0.00049448817 0)
(7.678117e-05 -0.00044489697 0)
(7.4571995e-05 -0.00039654751 0)
(7.1968075e-05 -0.00034966767 0)
(6.8945481e-05 -0.00030449958 0)
(6.5480253e-05 -0.00026129967 0)
(6.1548296e-05 -0.00022033854 0)
(5.7125042e-05 -0.00018190031 0)
(5.2184572e-05 -0.00014627921 0)
(4.6698605e-05 -0.00011376828 0)
(4.0647504e-05 -8.4643559e-05 0)
(3.4029221e-05 -5.9322951e-05 0)
(5.5670742e-05 -0.001224296 0)
(5.5745804e-05 -0.0011744638 0)
(5.5933494e-05 -0.001123244 0)
(5.6368129e-05 -0.0010713598 0)
(5.6858295e-05 -0.0010190538 0)
(5.7302775e-05 -0.00096641895 0)
(5.7659233e-05 -0.00091352884 0)
(5.7905023e-05 -0.00086046749 0)
(5.8022349e-05 -0.00080733385 0)
(5.7994232e-05 -0.0007542416 0)
(5.7803699e-05 -0.00070131883 0)
(5.7433715e-05 -0.00064870795 0)
(5.6867206e-05 -0.00059656559 0)
(5.608709e-05 -0.00054506265 0)
(5.5076277e-05 -0.00049438426 0)
(5.3817679e-05 -0.00044472978 0)
(5.2294209e-05 -0.00039631283 0)
(5.0488769e-05 -0.00034936126 0)
(4.8384228e-05 -0.00030411719 0)
(4.5963319e-05 -0.00026083694 0)
(4.3208365e-05 -0.00021979092 0)
(4.0100755e-05 -0.00018126298 0)
(3.6621049e-05 -0.00014554849 0)
(3.2755967e-05 -0.00011295136 0)
(2.8536995e-05 -8.3799837e-05 0)
(2.4146024e-05 -5.8679903e-05 0)
(3.0993363e-05 -0.0012248615 0)
(3.1089966e-05 -0.0011745798 0)
(3.1218824e-05 -0.001123423 0)
(3.1520909e-05 -0.0010716074 0)
(3.1885377e-05 -0.0010193219 0)
(3.2234583e-05 -0.0009666822 0)
(3.2534099e-05 -0.00091377713 0)
(3.2767633e-05 -0.00086069629 0)
(3.2924017e-05 -0.00080754009 0)
(3.2993062e-05 -0.00075442247 0)
(3.2964628e-05 -0.00070147156 0)
(3.2828513e-05 -0.00064882973 0)
(3.2574483e-05 -0.00059665363 0)
(3.2192289e-05 -0.00054511413 0)
(3.1671677e-05 -0.00049439636 0)
(3.1002394e-05 -0.0004446997 0)
(3.0174186e-05 -0.00039623774 0)
(2.9176786e-05 -0.00034923835 0)
(2.7999884e-05 -0.00030394358 0)
(2.6633025e-05 -0.00026060965 0)
(2.5065358e-05 -0.00021950675 0)
(2.3285345e-05 -0.00018091875 0)
(2.1281855e-05 -0.00014514349 0)
(1.9053184e-05 -0.0001124986 0)
(1.663958e-05 -8.3356101e-05 0)
(1.4146566e-05 -5.8301255e-05 0)
(6.0574706e-06 -0.00122525 0)
(6.2373866e-06 -0.0011747622 0)
(6.4221028e-06 -0.0011236288 0)
(6.6654505e-06 -0.0010718504 0)
(6.933387e-06 -0.0010195788 0)
(7.1981277e-06 -0.00096693828 0)
(7.4468042e-06 -0.00091402613 0)
(7.6735404e-06 -0.00086093559 0)
(7.8745415e-06 -0.00080776809 0)
(8.046418e-06 -0.00075463778 0)
(8.1857994e-06 -0.0007016728 0)
(8.2892886e-06 -0.0006490155 0)
(8.3534737e-06 -0.00059682252 0)
(8.3749381e-06 -0.00054526475 0)
(8.3502638e-06 -0.00049452729 0)
(8.2760321e-06 -0.00044480953 0)
(8.148822e-06 -0.00039632508 0)
(7.9652048e-06 -0.00034930176 0)
(7.7217274e-06 -0.00030398161 0)
(7.4148683e-06 -0.00026062078 0)
(7.0409475e-06 -0.00021948936 0)
(6.5960821e-06 -0.00018087136 0)
(6.0768896e-06 -0.00014506671 0)
(5.4845889e-06 -0.00011240189 0)
(4.8365335e-06 -8.3268248e-05 0)
(4.1659413e-06 -5.8231539e-05 0)
(-1.8943714e-05 -0.0012254991 0)
(-1.8672924e-05 -0.0011750141 0)
(-1.8403696e-05 -0.0011238811 0)
(-1.8194712e-05 -0.0010721023 0)
(-1.8012298e-05 -0.0010198304 0)
(-1.7827862e-05 -0.00096718958 0)
(-1.7627872e-05 -0.00091427733 0)
(-1.740611e-05 -0.00086118676 0)
(-1.7158646e-05 -0.00080801925 0)
(-1.6882051e-05 -0.00075488894 0)
(-1.6572948e-05 -0.00070192396 0)
(-1.6227944e-05 -0.00064926666 0)
(-1.5843632e-05 -0.00059707368 0)
(-1.5416596e-05 -0.00054551591 0)
(-1.4943421e-05 -0.00049477845 0)
(-1.442069e-05 -0.00044506069 0)
(-1.3844988e-05 -0.00039657623 0)
(-1.3212903e-05 -0.0003495529 0)
(-1.2521013e-05 -0.00030423274 0)
(-1.176585e-05 -0.00026087188 0)
(-1.0943791e-05 -0.00021974044 0)
(-1.0050926e-05 -0.00018112253 0)
(-9.0834876e-06 -0.00014531824 0)
(-8.0413409e-06 -0.00011265449 0)
(-6.9384887e-06 -8.3523203e-05 0)
(-5.8020972e-06 -5.8489978e-05 0)
(-4.3878887e-05 -0.0012256083 0)
(-4.3524134e-05 -0.0011753357 0)
(-4.3199152e-05 -0.0011241799 0)
(-4.3049508e-05 -0.001072363 0)
(-4.2964062e-05 -0.0010200764 0)
(-4.2864283e-05 -0.00096743608 0)
(-4.2715187e-05 -0.00091453072 0)
(-4.2500226e-05 -0.00086144978 0)
(-4.2208137e-05 -0.00080829355 0)
(-4.1828702e-05 -0.00075517594 0)
(-4.1351779e-05 -0.00070222503 0)
(-4.076717e-05 -0.00064958321 0)
(-4.0064642e-05 -0.00059740711 0)
(-3.9233947e-05 -0.00054586761 0)
(-3.8264834e-05 -0.00049514984 0)
(-3.7147052e-05 -0.00044545317 0)
(-3.587035e-05 -0.00039699121 0)
(-3.4424473e-05 -0.00034999178 0)
(-3.2799134e-05 -0.00030469696 0)
(-3.0983916e-05 -0.00026136296 0)
(-2.8968014e-05 -0.00022026003 0)
(-2.6739879e-05 -0.00018167225 0)
(-2.4288113e-05 -0.00014589801 0)
(-2.1610059e-05 -0.00011325609 0)
(-1.8743821e-05 -8.4120098e-05 0)
(-1.5792097e-05 -5.9074863e-05 0)
(-6.8552583e-05 -0.0012255395 0)
(-6.8176211e-05 -0.001175724 0)
(-6.7911204e-05 -0.0011245053 0)
(-6.789557e-05 -0.0010726189 0)
(-6.7936644e-05 -0.0010203111 0)
(-6.7932451e-05 -0.00096767532 0)
(-6.7840372e-05 -0.00091478479 0)
(-6.7637662e-05 -0.00086172331 0)
(-6.7306496e-05 -0.00080858964 0)
(-6.6829885e-05 -0.00075549738 0)
(-6.6190857e-05 -0.00070257462 0)
(-6.5372374e-05 -0.00064996374 0)
(-6.4357366e-05 -0.00059782139 0)
(-6.3128749e-05 -0.00054631845 0)
(-6.1669436e-05 -0.00049564006 0)
(-5.9962339e-05 -0.00044598557 0)
(-5.799037e-05 -0.0003975686 0)
(-5.5736438e-05 -0.00035061699 0)
(-5.3183417e-05 -0.00030537284 0)
(-5.0314054e-05 -0.00026209249 0)
(-4.7110685e-05 -0.00022104642 0)
(-4.3554694e-05 -0.0001825188 0)
(-3.962654e-05 -0.0001468058 0)
(-3.531255e-05 -0.00011421301 0)
(-3.0643619e-05 -8.5070691e-05 0)
(-2.5805136e-05 -5.9963408e-05 0)
(-9.2414939e-05 -0.0012252068 0)
(-9.2430048e-05 -0.0011761377 0)
(-9.2518058e-05 -0.0011248066 0)
(-9.2749218e-05 -0.0010728454 0)
(-9.2950268e-05 -0.0010205253 0)
(-9.305439e-05 -0.0009679033 0)
(-9.302849e-05 -0.00091503668 0)
(-9.2847119e-05 -0.0008620046 0)
(-9.2486224e-05 -0.00080890473 0)
(-9.1921928e-05 -0.00075585048 0)
(-9.1130336e-05 -0.00070296992 0)
(-9.0087538e-05 -0.00065040545 0)
(-8.8769612e-05 -0.00059831372 0)
(-8.7152635e-05 -0.00054686563 0)
(-8.5212684e-05 -0.00049624629 0)
(-8.2925832e-05 -0.00044665508 0)
(-8.0268158e-05 -0.0003983056 0)
(-7.7215731e-05 -0.00035142572 0)
(-7.3744612e-05 -0.00030625755 0)
(-6.9830817e-05 -0.00026305751 0)
(-6.5450208e-05 -0.00022209634 0)
(-6.057817e-05 -0.00018365848 0)
(-5.5188773e-05 -0.00014803916 0)
(-4.9253805e-05 -0.00011553343 0)
(-4.2753707e-05 -8.6419446e-05 0)
(-3.5691692e-05 -6.1106996e-05 0)
(-0.00011418162 -0.0012243523 0)
(-0.00011612233 -0.0011763958 0)
(-0.00011709152 -0.001124994 0)
(-0.00011765369 -0.0010730172 0)
(-0.00011802947 -0.0010207113 0)
(-0.000118252 -0.00096811558 0)
(-0.00011830419 -0.00091528233 0)
(-0.00011815709 -0.00086228955 0)
(-0.00011777975 -0.00080923467 0)
(-0.00011714114 -0.00075623105 0)
(-0.00011621037 -0.00070340673 0)
(-0.00011495665 -0.00065090413 0)
(-0.00011334919 -0.0005988799 0)
(-0.00011135724 -0.00054750492 0)
(-0.00010895004 -0.00049696433 0)
(-0.00010609682 -0.00044745749 0)
(-0.00010276682 -0.00039919801 0)
(-9.8929285e-05 -0.00035241374 0)
(-9.4553445e-05 -0.00030734683 0)
(-8.9608603e-05 -0.0002642537 0)
(-8.4064347e-05 -0.00022340512 0)
(-7.7891232e-05 -0.00018508558 0)
(-7.1062356e-05 -0.00014958988 0)
(-6.3555194e-05 -0.00011720846 0)
(-5.5337455e-05 -8.8173384e-05 0)
(-4.6401081e-05 -6.2890425e-05 0)
(3.6119518e-05 -4.1691309e-05 0)
(2.7147435e-05 -2.5124023e-05 0)
(1.7074739e-05 -1.2356906e-05 0)
(6.3017393e-06 -4.1540148e-06 0)
(2.8153567e-05 -4.0292509e-05 0)
(2.0601241e-05 -2.3403531e-05 0)
(1.2552405e-05 -1.0566809e-05 0)
(3.8786228e-06 -2.293e-06 0)
(1.9636326e-05 -3.9056681e-05 0)
(1.431443e-05 -2.2099962e-05 0)
(8.5677712e-06 -9.2522733e-06 0)
(2.5212765e-06 -1.2424304e-06 0)
(1.1451789e-05 -3.8298371e-05 0)
(8.3374875e-06 -2.1307661e-05 0)
(4.9711731e-06 -8.4638035e-06 0)
(1.4677659e-06 -6.846239e-07 0)
(3.4199827e-06 -3.8045534e-05 0)
(2.544892e-06 -2.1033015e-05 0)
(1.5755047e-06 -8.1782053e-06 0)
(5.0824704e-07 -4.7674323e-07 0)
(-4.5724702e-06 -3.8304843e-05 0)
(-3.1989109e-06 -2.1280457e-05 0)
(-1.7689276e-06 -8.3794478e-06 0)
(-4.3105319e-07 -5.6513181e-07 0)
(-1.262851e-05 -3.9074795e-05 0)
(-9.0281738e-06 -2.2051272e-05 0)
(-5.2002295e-06 -9.074267e-06 0)
(-1.3998436e-06 -9.578466e-07 0)
(-2.0860203e-05 -4.0345023e-05 0)
(-1.5079425e-05 -2.3342359e-05 0)
(-8.8790808e-06 -1.0291477e-05 0)
(-2.4840773e-06 -1.7277916e-06 0)
(-2.944743e-05 -4.2081892e-05 0)
(-2.1474737e-05 -2.5145038e-05 0)
(-1.3015621e-05 -1.2062292e-05 0)
(-3.9415214e-06 -3.0492263e-06 0)
(-3.746494e-05 -4.3966822e-05 0)
(-2.8139822e-05 -2.7354451e-05 0)
(-1.7778626e-05 -1.4321537e-05 0)
(-6.7206012e-06 -5.3047449e-06 0)
(-4.4728333e-05 -6.0616018e-05 0)
(-5.3231267e-05 -8.5893791e-05 0)
(-6.1002437e-05 -0.00011494039 0)
(-6.8059866e-05 -0.00014732735 0)
(-7.4438961e-05 -0.00018282495 0)
(-8.016279e-05 -0.00022114494 0)
(-8.5258159e-05 -0.00026199351 0)
(-8.9754342e-05 -0.00030508654 0)
(-9.3681629e-05 -0.00035015338 0)
(-9.7070656e-05 -0.0003969376 0)
(-9.9952152e-05 -0.00044519707 0)
(-0.00010235687 -0.0004947039 0)
(-0.00010431558 -0.00054524449 0)
(-0.00010585903 -0.00059661947 0)
(-0.00010701799 -0.00064864371 0)
(-0.00010782321 -0.00070114632 0)
(-0.00010830546 -0.00075397064 0)
(-0.00010849554 -0.00080697426 0)
(-0.00010842432 -0.0008600291 0)
(-0.00010812282 -0.00091302171 0)
(-0.00010762206 -0.0009658545 0)
(-0.0001069512 -0.0010184492 0)
(-0.00010612803 -0.001070753 0)
(-0.00010512122 -0.0011227266 0)
(-0.00010371477 -0.0011741285 0)
(-0.00010135384 -0.0012221268 0)
(-3.4029222e-05 -5.9322952e-05 0)
(-4.0647505e-05 -8.464356e-05 0)
(-4.6698605e-05 -0.00011376828 0)
(-5.2184573e-05 -0.00014627921 0)
(-5.7125043e-05 -0.00018190031 0)
(-6.1548297e-05 -0.00022033854 0)
(-6.5480255e-05 -0.00026129967 0)
(-6.8945483e-05 -0.00030449959 0)
(-7.1968077e-05 -0.00034966768 0)
(-7.4571997e-05 -0.00039654752 0)
(-7.6781171e-05 -0.00044489698 0)
(-7.8619524e-05 -0.00049448818 0)
(-8.0110977e-05 -0.00054510752 0)
(-8.1279454e-05 -0.00059655562 0)
(-8.214888e-05 -0.00064864735 0)
(-8.2743176e-05 -0.00070121183 0)
(-8.3086261e-05 -0.0007540924 0)
(-8.3202045e-05 -0.00080714665 0)
(-8.3114417e-05 -0.00086024648 0)
(-8.284726e-05 -0.0009132784 0)
(-8.2424656e-05 -0.00096614455 0)
(-8.1872147e-05 -0.0010187655 0)
(-8.1223005e-05 -0.0010710834 0)
(-8.0544117e-05 -0.0011230414 0)
(-8.0007801e-05 -0.0011743728 0)
(-7.9545229e-05 -0.0012234698 0)
(-2.4146025e-05 -5.8679903e-05 0)
(-2.8536996e-05 -8.3799838e-05 0)
(-3.2755968e-05 -0.00011295136 0)
(-3.662105e-05 -0.00014554849 0)
(-4.0100755e-05 -0.00018126298 0)
(-4.3208366e-05 -0.00021979092 0)
(-4.596332e-05 -0.00026083694 0)
(-4.8384229e-05 -0.00030411719 0)
(-5.048877e-05 -0.00034936127 0)
(-5.229421e-05 -0.00039631283 0)
(-5.3817681e-05 -0.00044472979 0)
(-5.5076278e-05 -0.00049438427 0)
(-5.6087091e-05 -0.00054506266 0)
(-5.6867208e-05 -0.0005965656 0)
(-5.7433716e-05 -0.00064870796 0)
(-5.7803701e-05 -0.00070131884 0)
(-5.7994233e-05 -0.00075424161 0)
(-5.802235e-05 -0.00080733387 0)
(-5.7905024e-05 -0.00086046751 0)
(-5.7659234e-05 -0.00091352885 0)
(-5.7302776e-05 -0.00096641897 0)
(-5.6858296e-05 -0.0010190538 0)
(-5.636813e-05 -0.0010713598 0)
(-5.5933495e-05 -0.001123244 0)
(-5.5745805e-05 -0.0011744638 0)
(-5.5670743e-05 -0.0012242961 0)
(-1.4146566e-05 -5.8301256e-05 0)
(-1.663958e-05 -8.3356102e-05 0)
(-1.9053185e-05 -0.0001124986 0)
(-2.1281855e-05 -0.00014514349 0)
(-2.3285345e-05 -0.00018091876 0)
(-2.5065358e-05 -0.00021950675 0)
(-2.6633026e-05 -0.00026060965 0)
(-2.7999885e-05 -0.00030394358 0)
(-2.9176787e-05 -0.00034923835 0)
(-3.0174187e-05 -0.00039623775 0)
(-3.1002395e-05 -0.00044469971 0)
(-3.1671678e-05 -0.00049439637 0)
(-3.219229e-05 -0.00054511414 0)
(-3.2574484e-05 -0.00059665364 0)
(-3.2828514e-05 -0.00064882974 0)
(-3.2964628e-05 -0.00070147157 0)
(-3.2993063e-05 -0.00075442248 0)
(-3.2924018e-05 -0.0008075401 0)
(-3.2767634e-05 -0.00086069631 0)
(-3.25341e-05 -0.00091377715 0)
(-3.2234584e-05 -0.00096668222 0)
(-3.1885378e-05 -0.0010193219 0)
(-3.152091e-05 -0.0010716074 0)
(-3.1218825e-05 -0.001123423 0)
(-3.1089967e-05 -0.0011745799 0)
(-3.0993364e-05 -0.0012248615 0)
(-4.1659414e-06 -5.823154e-05 0)
(-4.8365336e-06 -8.3268249e-05 0)
(-5.484589e-06 -0.00011240189 0)
(-6.0768897e-06 -0.00014506671 0)
(-6.5960822e-06 -0.00018087137 0)
(-7.0409477e-06 -0.00021948936 0)
(-7.4148685e-06 -0.00026062079 0)
(-7.7217276e-06 -0.00030398162 0)
(-7.965205e-06 -0.00034930176 0)
(-8.1488222e-06 -0.00039632508 0)
(-8.2760323e-06 -0.00044480954 0)
(-8.3502641e-06 -0.0004945273 0)
(-8.3749384e-06 -0.00054526476 0)
(-8.353474e-06 -0.00059682253 0)
(-8.2892889e-06 -0.00064901551 0)
(-8.1857997e-06 -0.00070167281 0)
(-8.0464184e-06 -0.0007546378 0)
(-7.8745418e-06 -0.00080776811 0)
(-7.6735407e-06 -0.00086093561 0)
(-7.4468045e-06 -0.00091402615 0)
(-7.198128e-06 -0.0009669383 0)
(-6.9333872e-06 -0.0010195788 0)
(-6.6654507e-06 -0.0010718504 0)
(-6.4221032e-06 -0.0011236288 0)
(-6.2373868e-06 -0.0011747623 0)
(-6.0574713e-06 -0.00122525 0)
(5.8020972e-06 -5.8489979e-05 0)
(6.9384888e-06 -8.3523204e-05 0)
(8.041341e-06 -0.00011265449 0)
(9.0834877e-06 -0.00014531825 0)
(1.0050926e-05 -0.00018112253 0)
(1.0943791e-05 -0.00021974045 0)
(1.176585e-05 -0.00026087189 0)
(1.2521014e-05 -0.00030423274 0)
(1.3212904e-05 -0.00034955291 0)
(1.3844989e-05 -0.00039657624 0)
(1.442069e-05 -0.0004450607 0)
(1.4943421e-05 -0.00049477846 0)
(1.5416596e-05 -0.00054551592 0)
(1.5843632e-05 -0.00059707369 0)
(1.6227945e-05 -0.00064926667 0)
(1.6572948e-05 -0.00070192397 0)
(1.6882051e-05 -0.00075488896 0)
(1.7158646e-05 -0.00080801926 0)
(1.740611e-05 -0.00086118678 0)
(1.7627872e-05 -0.00091427735 0)
(1.7827863e-05 -0.0009671896 0)
(1.8012299e-05 -0.0010198304 0)
(1.8194712e-05 -0.0010721023 0)
(1.8403696e-05 -0.0011238811 0)
(1.8672924e-05 -0.0011750141 0)
(1.8943714e-05 -0.0012254991 0)
(1.5792098e-05 -5.9074864e-05 0)
(1.8743822e-05 -8.4120099e-05 0)
(2.161006e-05 -0.00011325609 0)
(2.4288114e-05 -0.00014589801 0)
(2.673988e-05 -0.00018167225 0)
(2.8968015e-05 -0.00022026003 0)
(3.0983916e-05 -0.00026136296 0)
(3.2799134e-05 -0.00030469696 0)
(3.4424473e-05 -0.00034999179 0)
(3.5870351e-05 -0.00039699121 0)
(3.7147053e-05 -0.00044545318 0)
(3.8264835e-05 -0.00049514985 0)
(3.9233948e-05 -0.00054586762 0)
(4.0064643e-05 -0.00059740712 0)
(4.0767171e-05 -0.00064958322 0)
(4.135178e-05 -0.00070222504 0)
(4.1828703e-05 -0.00075517595 0)
(4.2208138e-05 -0.00080829357 0)
(4.2500227e-05 -0.0008614498 0)
(4.2715187e-05 -0.00091453074 0)
(4.2864284e-05 -0.0009674361 0)
(4.2964063e-05 -0.0010200764 0)
(4.3049509e-05 -0.001072363 0)
(4.3199152e-05 -0.0011241799 0)
(4.3524134e-05 -0.0011753357 0)
(4.3878888e-05 -0.0012256083 0)
(2.5805136e-05 -5.9963409e-05 0)
(3.064362e-05 -8.5070692e-05 0)
(3.5312551e-05 -0.00011421301 0)
(3.9626541e-05 -0.00014680581 0)
(4.3554695e-05 -0.0001825188 0)
(4.7110686e-05 -0.00022104642 0)
(5.0314055e-05 -0.00026209249 0)
(5.3183418e-05 -0.00030537285 0)
(5.5736439e-05 -0.000350617 0)
(5.7990372e-05 -0.00039756861 0)
(5.996234e-05 -0.00044598558 0)
(6.1669437e-05 -0.00049564007 0)
(6.312875e-05 -0.00054631846 0)
(6.4357367e-05 -0.0005978214 0)
(6.5372375e-05 -0.00064996375 0)
(6.6190858e-05 -0.00070257463 0)
(6.6829887e-05 -0.00075549739 0)
(6.7306498e-05 -0.00080858965 0)
(6.7637664e-05 -0.00086172333 0)
(6.7840373e-05 -0.00091478481 0)
(6.7932453e-05 -0.00096767534 0)
(6.7936646e-05 -0.0010203111 0)
(6.7895572e-05 -0.0010726189 0)
(6.7911205e-05 -0.0011245053 0)
(6.8176213e-05 -0.001175724 0)
(6.8552584e-05 -0.0012255395 0)
(3.5691692e-05 -6.1106996e-05 0)
(4.2753708e-05 -8.6419447e-05 0)
(4.9253805e-05 -0.00011553344 0)
(5.5188774e-05 -0.00014803916 0)
(6.0578171e-05 -0.00018365848 0)
(6.5450209e-05 -0.00022209634 0)
(6.9830818e-05 -0.00026305752 0)
(7.3744614e-05 -0.00030625755 0)
(7.7215732e-05 -0.00035142572 0)
(8.0268159e-05 -0.00039830561 0)
(8.2925834e-05 -0.00044665509 0)
(8.5212685e-05 -0.0004962463 0)
(8.7152637e-05 -0.00054686564 0)
(8.8769614e-05 -0.00059831373 0)
(9.008754e-05 -0.00065040546 0)
(9.1130338e-05 -0.00070296994 0)
(9.192193e-05 -0.0007558505 0)
(9.2486227e-05 -0.00080890475 0)
(9.2847121e-05 -0.00086200462 0)
(9.3028492e-05 -0.0009150367 0)
(9.3054392e-05 -0.00096790332 0)
(9.295027e-05 -0.0010205254 0)
(9.274922e-05 -0.0010728454 0)
(9.2518059e-05 -0.0011248066 0)
(9.243005e-05 -0.0011761377 0)
(9.2414941e-05 -0.0012252069 0)
(4.6401082e-05 -6.2890426e-05 0)
(5.5337456e-05 -8.8173385e-05 0)
(6.3555195e-05 -0.00011720847 0)
(7.1062357e-05 -0.00014958988 0)
(7.7891233e-05 -0.00018508559 0)
(8.4064348e-05 -0.00022340512 0)
(8.9608605e-05 -0.00026425371 0)
(9.4553446e-05 -0.00030734683 0)
(9.8929287e-05 -0.00035241375 0)
(0.00010276682 -0.00039919801 0)
(0.00010609682 -0.0004474575 0)
(0.00010895004 -0.00049696434 0)
(0.00011135724 -0.00054750493 0)
(0.00011334919 -0.00059887991 0)
(0.00011495665 -0.00065090415 0)
(0.00011621037 -0.00070340675 0)
(0.00011714114 -0.00075623106 0)
(0.00011777975 -0.00080923469 0)
(0.00011815709 -0.00086228957 0)
(0.00011830419 -0.00091528234 0)
(0.000118252 -0.0009681156 0)
(0.00011802947 -0.0010207114 0)
(0.00011765369 -0.0010730172 0)
(0.00011709152 -0.001124994 0)
(0.00011612233 -0.0011763958 0)
(0.00011418162 -0.0012243524 0)
(-6.3017393e-06 -4.1540149e-06 0)
(-1.7074739e-05 -1.2356906e-05 0)
(-2.7147435e-05 -2.5124023e-05 0)
(-3.6119519e-05 -4.1691309e-05 0)
(-3.8786229e-06 -2.2930001e-06 0)
(-1.2552405e-05 -1.0566809e-05 0)
(-2.0601241e-05 -2.3403531e-05 0)
(-2.8153567e-05 -4.0292509e-05 0)
(-2.5212765e-06 -1.2424304e-06 0)
(-8.5677713e-06 -9.2522734e-06 0)
(-1.431443e-05 -2.2099962e-05 0)
(-1.9636326e-05 -3.9056682e-05 0)
(-1.4677659e-06 -6.8462389e-07 0)
(-4.9711732e-06 -8.4638035e-06 0)
(-8.3374877e-06 -2.1307662e-05 0)
(-1.145179e-05 -3.8298371e-05 0)
(-5.0824705e-07 -4.7674321e-07 0)
(-1.5755047e-06 -8.1782053e-06 0)
(-2.5448921e-06 -2.1033015e-05 0)
(-3.4199827e-06 -3.8045535e-05 0)
(4.3105319e-07 -5.6513179e-07 0)
(1.7689276e-06 -8.3794478e-06 0)
(3.1989109e-06 -2.1280458e-05 0)
(4.5724703e-06 -3.8304843e-05 0)
(1.3998436e-06 -9.5784659e-07 0)
(5.2002295e-06 -9.0742671e-06 0)
(9.028174e-06 -2.2051272e-05 0)
(1.262851e-05 -3.9074796e-05 0)
(2.4840773e-06 -1.7277916e-06 0)
(8.8790809e-06 -1.0291477e-05 0)
(1.5079425e-05 -2.334236e-05 0)
(2.0860203e-05 -4.0345023e-05 0)
(3.9415214e-06 -3.0492263e-06 0)
(1.3015621e-05 -1.2062292e-05 0)
(2.1474737e-05 -2.5145038e-05 0)
(2.9447431e-05 -4.2081893e-05 0)
(6.7206013e-06 -5.3047449e-06 0)
(1.7778626e-05 -1.4321537e-05 0)
(2.8139822e-05 -2.7354451e-05 0)
(3.746494e-05 -4.3966822e-05 0)
(1.6454026e-05 1.4596056e-05 0)
(4.0220604e-05 4.5803471e-05 0)
(5.8928514e-05 8.7658177e-05 0)
(7.2738988e-05 0.00013818242 0)
(8.1957323e-05 0.00019472103 0)
(8.6947493e-05 0.00025463304 0)
(8.8101564e-05 0.00031548679 0)
(8.582062e-05 0.00037509153 0)
(8.0508221e-05 0.00043150091 0)
(7.2568498e-05 0.00048301257 0)
(6.2405677e-05 0.0005281676 0)
(5.0423977e-05 0.00056575037 0)
(3.7027604e-05 0.00059478836 0)
(2.2620753e-05 0.00061455223 0)
(7.607616e-06 0.00062455573 0)
(-7.607616e-06 0.00062455573 0)
(-2.2620753e-05 0.00061455223 0)
(-3.7027604e-05 0.00059478836 0)
(-5.0423977e-05 0.00056575037 0)
(-6.2405677e-05 0.0005281676 0)
(-7.2568498e-05 0.00048301257 0)
(-8.0508221e-05 0.00043150091 0)
(-8.582062e-05 0.00037509153 0)
(-8.8101564e-05 0.00031548679 0)
(-8.6947493e-05 0.00025463304 0)
(-8.1957323e-05 0.00019472103 0)
(-7.2738988e-05 0.00013818242 0)
(-5.8928514e-05 8.7658177e-05 0)
(-4.0220604e-05 4.5803471e-05 0)
(-1.6454026e-05 1.4596056e-05 0)
(8.5093173e-06 9.7584567e-06 0)
(2.6142601e-05 4.1598774e-05 0)
(3.9954357e-05 8.4330297e-05 0)
(5.0078791e-05 0.00013570714 0)
(5.684908e-05 0.00019302487 0)
(6.0579037e-05 0.00025364317 0)
(6.1564549e-05 0.00031513191 0)
(6.0095821e-05 0.00037530092 0)
(5.6461778e-05 0.00043220401 0)
(5.0951136e-05 0.00048413884 0)
(4.38526e-05 0.00052964651 0)
(3.545488e-05 0.00056751139 0)
(2.6046683e-05 0.00059676097 0)
(1.5916717e-05 0.00061666589 0)
(5.3536902e-06 0.00062673991 0)
(-5.3536902e-06 0.00062673991 0)
(-1.5916717e-05 0.00061666589 0)
(-2.6046683e-05 0.00059676097 0)
(-3.545488e-05 0.00056751139 0)
(-4.38526e-05 0.00052964651 0)
(-5.0951136e-05 0.00048413884 0)
(-5.6461778e-05 0.00043220401 0)
(-6.0095821e-05 0.00037530092 0)
(-6.1564549e-05 0.00031513191 0)
(-6.0579037e-05 0.00025364317 0)
(-5.684908e-05 0.00019302487 0)
(-5.0078791e-05 0.00013570714 0)
(-3.9954357e-05 8.4330297e-05 0)
(-2.6142601e-05 4.1598774e-05 0)
(-8.5093173e-06 9.7584567e-06 0)
(4.3441112e-06 7.3255181e-06 0)
(1.4615055e-05 3.8708088e-05 0)
(2.304977e-05 8.1961883e-05 0)
(2.9251401e-05 0.00013392414 0)
(3.3402031e-05 0.00019177309 0)
(3.5712589e-05 0.00025286644 0)
(3.6371798e-05 0.00031477969 0)
(3.5557373e-05 0.00037532516 0)
(3.3443586e-05 0.00043255742 0)
(3.0203853e-05 0.00048477436 0)
(2.601141e-05 0.00053051712 0)
(2.1039471e-05 0.00056857006 0)
(1.5461253e-05 0.00059796069 0)
(9.4499758e-06 0.00061795965 0)
(3.1788626e-06 0.00062808069 0)
(-3.1788626e-06 0.00062808069 0)
(-9.4499758e-06 0.00061795965 0)
(-1.5461253e-05 0.00059796069 0)
(-2.1039471e-05 0.00056857006 0)
(-2.601141e-05 0.00053051712 0)
(-3.0203853e-05 0.00048477436 0)
(-3.3443586e-05 0.00043255742 0)
(-3.5557373e-05 0.00037532516 0)
(-3.6371798e-05 0.00031477969 0)
(-3.5712589e-05 0.00025286644 0)
(-3.3402031e-05 0.00019177309 0)
(-2.9251401e-05 0.00013392414 0)
(-2.304977e-05 8.1961883e-05 0)
(-1.4615055e-05 3.8708088e-05 0)
(-4.3441112e-06 7.3255181e-06 0)
(1.2758371e-06 6.2554591e-06 0)
(4.5924812e-06 3.7196803e-05 0)
(7.4363416e-06 8.064229e-05 0)
(9.5451935e-06 0.00013289601 0)
(1.0957527e-05 0.00019101592 0)
(1.1748456e-05 0.00025234963 0)
(1.1985685e-05 0.00031447616 0)
(1.1730673e-05 0.00037521016 0)
(1.1042303e-05 0.00043260709 0)
(9.9785983e-06 0.00048496509 0)
(8.597344e-06 0.00053082539 0)
(6.9562735e-06 0.00056897236 0)
(5.1131174e-06 0.00059843352 0)
(3.1256113e-06 0.00061847949 0)
(1.0514939e-06 0.00062862404 0)
(-1.0514939e-06 0.00062862404 0)
(-3.1256113e-06 0.00061847949 0)
(-5.1131174e-06 0.00059843352 0)
(-6.9562735e-06 0.00056897236 0)
(-8.597344e-06 0.00053082539 0)
(-9.9785983e-06 0.00048496509 0)
(-1.1042303e-05 0.00043260709 0)
(-1.1730673e-05 0.00037521016 0)
(-1.1985685e-05 0.00031447616 0)
(-1.1748456e-05 0.00025234963 0)
(-1.0957527e-05 0.00019101592 0)
(-9.5451935e-06 0.00013289601 0)
(-7.4363416e-06 8.064229e-05 0)
(-4.5924812e-06 3.7196803e-05 0)
(-1.2758371e-06 6.2554591e-06 0)
(-1.5394018e-06 6.155237e-06 0)
(-4.9424226e-06 3.699122e-05 0)
(-7.7304245e-06 8.0406528e-05 0)
(-9.7781427e-06 0.00013265784 0)
(-1.1149666e-05 0.0001907808 0)
(-1.1914141e-05 0.00025211688 0)
(-1.2131462e-05 0.00031424455 0)
(-1.1858816e-05 0.00037497896 0)
(-1.1153381e-05 0.000432376 0)
(-1.0072665e-05 0.00048473401 0)
(-8.674354e-06 0.0005305943 0)
(-7.0161892e-06 0.00056874126 0)
(-5.1559203e-06 0.00059820242 0)
(-3.1512943e-06 0.00061824839 0)
(-1.0600551e-06 0.00062839294 0)
(1.0600551e-06 0.00062839294 0)
(3.1512943e-06 0.00061824839 0)
(5.1559203e-06 0.00059820242 0)
(7.0161892e-06 0.00056874126 0)
(8.674354e-06 0.0005305943 0)
(1.0072665e-05 0.00048473401 0)
(1.1153381e-05 0.000432376 0)
(1.1858816e-05 0.00037497896 0)
(1.2131462e-05 0.00031424455 0)
(1.1914141e-05 0.00025211688 0)
(1.1149666e-05 0.0001907808 0)
(9.7781427e-06 0.00013265784 0)
(7.7304245e-06 8.0406528e-05 0)
(4.9424226e-06 3.699122e-05 0)
(1.5394018e-06 6.155237e-06 0)
(-4.5873871e-06 7.0131888e-06 0)
(-1.4920047e-05 3.808548e-05 0)
(-2.3311638e-05 8.1255337e-05 0)
(-2.9469205e-05 0.00013321157 0)
(-3.3588853e-05 0.00019106895 0)
(-3.5876951e-05 0.00025216872 0)
(-3.6517465e-05 0.00031408501 0)
(-3.5685632e-05 0.00037463157 0)
(-3.3554757e-05 0.00043186413 0)
(-3.0297964e-05 0.00048408111 0)
(-2.6088436e-05 0.00052982385 0)
(-2.1099391e-05 0.00056787677 0)
(-1.5504056e-05 0.0005972674 0)
(-9.4756587e-06 0.00061726635 0)
(-3.1874237e-06 0.00062738739 0)
(3.1874237e-06 0.00062738739 0)
(9.4756587e-06 0.00061726635 0)
(1.5504056e-05 0.0005972674 0)
(2.1099391e-05 0.00056787677 0)
(2.6088436e-05 0.00052982385 0)
(3.0297964e-05 0.00048408111 0)
(3.3554757e-05 0.00043186413 0)
(3.5685632e-05 0.00037463157 0)
(3.6517465e-05 0.00031408501 0)
(3.5876951e-05 0.00025216872 0)
(3.3588853e-05 0.00019106895 0)
(2.9469205e-05 0.00013321157 0)
(2.3311638e-05 8.1255337e-05 0)
(1.4920047e-05 3.808548e-05 0)
(4.5873871e-06 7.0131888e-06 0)
(-8.6778743e-06 9.1931958e-06 0)
(-2.6345179e-05 4.0544821e-05 0)
(-4.015664e-05 8.3157065e-05 0)
(-5.0271915e-05 0.00013452591 0)
(-5.7028144e-05 0.00019185497 0)
(-6.0741795e-05 0.0002524818 0)
(-6.171026e-05 0.00031397457 0)
(-6.0224338e-05 0.00037414504 0)
(-5.6573113e-05 0.00043104852 0)
(-5.104532e-05 0.0004829834 0)
(-4.3929652e-05 0.00052849105 0)
(-3.5514806e-05 0.0005663559 0)
(-2.6089487e-05 0.00059560547 0)
(-1.5942399e-05 0.00061551039 0)
(-5.362251e-06 0.00062558441 0)
(5.362251e-06 0.00062558441 0)
(1.5942399e-05 0.00061551039 0)
(2.6089487e-05 0.00059560547 0)
(3.5514806e-05 0.0005663559 0)
(4.3929652e-05 0.00052849105 0)
(5.104532e-05 0.0004829834 0)
(5.6573113e-05 0.00043104852 0)
(6.0224338e-05 0.00037414504 0)
(6.171026e-05 0.00031397457 0)
(6.0741795e-05 0.0002524818 0)
(5.7028144e-05 0.00019185497 0)
(5.0271915e-05 0.00013452591 0)
(4.015664e-05 8.3157065e-05 0)
(2.6345179e-05 4.0544821e-05 0)
(8.6778743e-06 9.1931958e-06 0)
(-1.6351414e-05 1.3683975e-05 0)
(-4.0252386e-05 4.4312663e-05 0)
(-5.9060271e-05 8.6030247e-05 0)
(-7.2909488e-05 0.00013654122 0)
(-8.2131222e-05 0.00019308939 0)
(-8.7109989e-05 0.00025300946 0)
(-8.8247825e-05 0.00031386717 0)
(-8.5949537e-05 0.00037347339 0)
(-8.0619743e-05 0.00042988319 0)
(-7.2662749e-05 0.00048139492 0)
(-6.2482746e-05 0.00052654994 0)
(-5.0483906e-05 0.00056413268 0)
(-3.7070407e-05 0.00059317067 0)
(-2.2646434e-05 0.00061293453 0)
(-7.6161765e-06 0.00062293803 0)
(7.6161765e-06 0.00062293803 0)
(2.2646434e-05 0.00061293453 0)
(3.7070407e-05 0.00059317067 0)
(5.0483906e-05 0.00056413268 0)
(6.2482746e-05 0.00052654994 0)
(7.2662749e-05 0.00048139492 0)
(8.0619743e-05 0.00042988319 0)
(8.5949537e-05 0.00037347339 0)
(8.8247825e-05 0.00031386717 0)
(8.7109989e-05 0.00025300946 0)
(8.2131222e-05 0.00019308939 0)
(7.2909488e-05 0.00013654122 0)
(5.9060271e-05 8.6030247e-05 0)
(4.0252386e-05 4.4312663e-05 0)
(1.6351414e-05 1.3683975e-05 0)
(2.7381589e-06 -1.064357e-06 0)
(2.2155454e-06 -1.0644542e-06 0)
(2.7163848e-06 -7.2224461e-07 0)
(2.2265491e-06 -7.1485808e-07 0)
(2.0140179e-06 -1.0261787e-06 0)
(1.966676e-06 -7.5031345e-07 0)
(1.9559049e-06 -7.7982654e-07 0)
(2.3947138e-06 -7.5881593e-07 0)
(3.1273075e-06 -7.5833996e-07 0)
(4.0597742e-06 -7.5851489e-07 0)
(5.1245597e-06 1.4780838e-07 0)
(6.219999e-06 2.0461171e-07 0)
(7.3368971e-06 2.3055123e-07 0)
(8.466537e-06 2.3326693e-07 0)
(9.5774525e-06 2.2410391e-07 0)
(1.0646508e-05 2.070346e-07 0)
(1.1658845e-05 1.8432316e-07 0)
(1.2603596e-05 1.5718632e-07 0)
(1.3472285e-05 1.2640822e-07 0)
(1.4257986e-05 9.2566973e-08 0)
(1.4954936e-05 5.6147185e-08 0)
(1.5558351e-05 1.7590105e-08 0)
(1.6064334e-05 -2.2683058e-08 0)
(1.6469841e-05 -6.4260413e-08 0)
(1.6772656e-05 -1.0673442e-07 0)
(1.697138e-05 -1.496996e-07 0)
(1.7065432e-05 -1.9275143e-07 0)
(1.7055044e-05 -2.3548582e-07 0)
(1.6941259e-05 -2.774989e-07 0)
(1.6725931e-05 -3.1838689e-07 0)
(1.6411728e-05 -3.5774606e-07 0)
(1.6002126e-05 -3.951727e-07 0)
(1.5501414e-05 -4.3026312e-07 0)
(1.4914693e-05 -4.6261363e-07 0)
(1.4247873e-05 -4.9182055e-07 0)
(1.3507676e-05 -5.1748024e-07 0)
(1.2701635e-05 -5.3918906e-07 0)
(1.1838094e-05 -5.5654341e-07 0)
(1.0926208e-05 -5.6913974e-07 0)
(9.9759423e-06 -5.7657459e-07 0)
(8.9980725e-06 -5.7844469e-07 0)
(8.0041829e-06 -5.7434723e-07 0)
(7.0066649e-06 -5.6388032e-07 0)
(6.018712e-06 -5.4664403e-07 0)
(5.0543102e-06 -5.2224255e-07 0)
(4.1282174e-06 -4.902888e-07 0)
(3.2559207e-06 -4.5041421e-07 0)
(2.4535463e-06 -4.022896e-07 0)
(1.7376698e-06 -3.4566995e-07 0)
(1.1249158e-06 -2.8048772e-07 0)
(6.3113041e-07 -2.0706935e-07 0)
(2.695366e-07 -1.2649354e-07 0)
(4.738652e-08 -4.2042885e-08 0)
(5.2421885e-06 -8.9564489e-07 0)
(6.2137599e-06 -9.1575113e-07 0)
(7.3244049e-06 -9.0242057e-07 0)
(8.4577218e-06 -8.8175341e-07 0)
(9.5697144e-06 -8.5280131e-07 0)
(1.0639318e-05 -8.1792562e-07 0)
(1.1651866e-05 -7.7815061e-07 0)
(1.2596708e-05 -7.3427237e-07 0)
(1.3465434e-05 -6.8688454e-07 0)
(1.4251151e-05 -6.364887e-07 0)
(1.4948108e-05 -5.8353724e-07 0)
(1.5551525e-05 -5.2845806e-07 0)
(1.605751e-05 -4.716668e-07 0)
(1.6463017e-05 -4.1357299e-07 0)
(1.6765832e-05 -3.5458321e-07 0)
(1.6964556e-05 -2.9510256e-07 0)
(1.7058608e-05 -2.3553544e-07 0)
(1.704822e-05 -1.762859e-07 0)
(1.6934435e-05 -1.177578e-07 0)
(1.6719107e-05 -6.035491e-08 0)
(1.6404904e-05 -4.4809637e-09 0)
(1.5995302e-05 4.9460349e-08 0)
(1.5494591e-05 1.0106536e-07 0)
(1.490787e-05 1.4993039e-07 0)
(1.424105e-05 1.9565179e-07 0)
(1.3500852e-05 2.3782589e-07 0)
(1.2694811e-05 2.7604906e-07 0)
(1.1831271e-05 3.0991767e-07 0)
(1.0919385e-05 3.3902816e-07 0)
(9.969119e-06 3.6297706e-07 0)
(8.9912492e-06 3.8136113e-07 0)
(7.9973597e-06 3.937775e-07 0)
(6.9998419e-06 3.9982414e-07 0)
(6.0118895e-06 3.9910071e-07 0)
(5.0474888e-06 3.912104e-07 0)
(4.1213987e-06 3.7576381e-07 0)
(3.2491086e-06 3.5238674e-07 0)
(2.4467499e-06 3.2073648e-07 0)
(1.7309113e-06 2.805355e-07 0)
(1.1182483e-06 2.3163771e-07 0)
(6.2468419e-07 1.7418243e-07 0)
(2.6362091e-07 1.0878671e-07 0)
(4.3044395e-08 3.7695582e-08 0)
(-2.7370164e-06 -1.0643608e-06 0)
(-2.2144086e-06 -1.0644573e-06 0)
(-2.7152423e-06 -7.2225457e-07 0)
(-2.2254121e-06 -7.1486888e-07 0)
(-2.0128889e-06 -1.0261814e-06 0)
(-1.9655444e-06 -7.5032462e-07 0)
(-1.9547843e-06 -7.7983672e-07 0)
(-2.3936084e-06 -7.5882611e-07 0)
(-3.1262222e-06 -7.5835046e-07 0)
(-4.058713e-06 -7.585258e-07 0)
(-5.1235268e-06 1.478228e-07 0)
(-6.2189973e-06 2.0462786e-07 0)
(-7.3359283e-06 2.3056843e-07 0)
(-8.4656028e-06 2.3328468e-07 0)
(-9.5765538e-06 2.2412197e-07 0)
(-1.0645646e-05 2.0705282e-07 0)
(-1.1658019e-05 1.8434145e-07 0)
(-1.2602806e-05 1.572046e-07 0)
(-1.3471531e-05 1.2642642e-07 0)
(-1.4257268e-05 9.2585037e-08 0)
(-1.4954255e-05 5.6165083e-08 0)
(-1.5557705e-05 1.760781e-08 0)
(-1.6063723e-05 -2.2665577e-08 0)
(-1.6469265e-05 -6.4243194e-08 0)
(-1.6772114e-05 -1.0671751e-07 0)
(-1.6970871e-05 -1.4968303e-07 0)
(-1.7064956e-05 -1.9273523e-07 0)
(-1.70546e-05 -2.3547001e-07 0)
(-1.6940846e-05 -2.7748351e-07 0)
(-1.6725549e-05 -3.1837194e-07 0)
(-1.6411375e-05 -3.5773157e-07 0)
(-1.6001801e-05 -3.951587e-07 0)
(-1.5501117e-05 -4.3024963e-07 0)
(-1.4914422e-05 -4.6260069e-07 0)
(-1.4247628e-05 -4.9180819e-07 0)
(-1.3507455e-05 -5.1746847e-07 0)
(-1.2701437e-05 -5.3917789e-07 0)
(-1.1837918e-05 -5.5653283e-07 0)
(-1.0926053e-05 -5.6912973e-07 0)
(-9.975807e-06 -5.7656514e-07 0)
(-8.9979556e-06 -5.7843582e-07 0)
(-8.0040833e-06 -5.7433896e-07 0)
(-7.0065814e-06 -5.6387268e-07 0)
(-6.0186432e-06 -5.4663705e-07 0)
(-5.0542548e-06 -5.2223627e-07 0)
(-4.1281741e-06 -4.9028324e-07 0)
(-3.2558881e-06 -4.504094e-07 0)
(-2.4535228e-06 -4.0228553e-07 0)
(-1.737654e-06 -3.4566663e-07 0)
(-1.1249062e-06 -2.8048515e-07 0)
(-6.3112535e-07 -2.0706754e-07 0)
(-2.6953465e-07 -1.264925e-07 0)
(-4.7386256e-08 -4.2042563e-08 0)
(-5.2411591e-06 -8.9566033e-07 0)
(-6.2127583e-06 -9.1576791e-07 0)
(-7.323436e-06 -9.024378e-07 0)
(-8.4567875e-06 -8.8177095e-07 0)
(-9.5688157e-06 -8.5281902e-07 0)
(-1.0638455e-05 -8.1794343e-07 0)
(-1.165104e-05 -7.7816846e-07 0)
(-1.2595918e-05 -7.3429022e-07 0)
(-1.3464681e-05 -6.8690236e-07 0)
(-1.4250434e-05 -6.3650644e-07 0)
(-1.4947426e-05 -5.8355484e-07 0)
(-1.5550879e-05 -5.2847548e-07 0)
(-1.6056899e-05 -4.7168398e-07 0)
(-1.6462441e-05 -4.1358991e-07 0)
(-1.676529e-05 -3.5459984e-07 0)
(-1.6964047e-05 -2.9511887e-07 0)
(-1.7058133e-05 -2.3555139e-07 0)
(-1.7047776e-05 -1.7630146e-07 0)
(-1.6934022e-05 -1.1777294e-07 0)
(-1.6718725e-05 -6.03696e-08 0)
(-1.6404551e-05 -4.4951865e-09 0)
(-1.5994978e-05 4.9446603e-08 0)
(-1.5494294e-05 1.0105209e-07 0)
(-1.4907599e-05 1.499176e-07 0)
(-1.4240804e-05 1.9563947e-07 0)
(-1.3500631e-05 2.3781407e-07 0)
(-1.2694614e-05 2.7603777e-07 0)
(-1.1831095e-05 3.0990693e-07 0)
(-1.091923e-05 3.3901801e-07 0)
(-9.9689837e-06 3.6296754e-07 0)
(-8.9911324e-06 3.8135225e-07 0)
(-7.9972602e-06 3.9376926e-07 0)
(-6.9997584e-06 3.9981654e-07 0)
(-6.0118207e-06 3.9909375e-07 0)
(-5.0474334e-06 3.9120409e-07 0)
(-4.1213554e-06 3.7575815e-07 0)
(-3.2490759e-06 3.5238178e-07 0)
(-2.4467264e-06 3.2073224e-07 0)
(-1.7308955e-06 2.8053203e-07 0)
(-1.1182387e-06 2.3163502e-07 0)
(-6.2467914e-07 1.7418055e-07 0)
(-2.6361896e-07 1.0878563e-07 0)
(-4.3044132e-08 3.769525e-08 0)
(1.7614426e-07 2.1690279e-07 0)
(4.2329636e-07 1.5629769e-06 0)
(6.4024813e-07 3.8141734e-06 0)
(8.207389e-07 6.8450268e-06 0)
(9.6582701e-07 1.0518391e-05 0)
(1.0771628e-06 1.469786e-05 0)
(1.1566796e-06 1.9252917e-05 0)
(1.2063968e-06 2.4060524e-05 0)
(1.2283613e-06 2.9005644e-05 0)
(1.2246282e-06 3.3981396e-05 0)
(1.197255e-06 3.8889114e-05 0)
(1.1482996e-06 4.3638356e-05 0)
(1.0798195e-06 4.8146911e-05 0)
(9.9387198e-07 5.2340793e-05 0)
(8.9251359e-07 5.6154249e-05 0)
(7.7780051e-07 5.9529747e-05 0)
(6.5178833e-07 6.2417982e-05 0)
(5.165321e-07 6.4777867e-05 0)
(3.740865e-07 6.6576537e-05 0)
(2.2650587e-07 6.7789343e-05 0)
(7.5844311e-08 6.8399854e-05 0)
(-7.58442e-08 6.8399854e-05 0)
(-2.2650575e-07 6.7789344e-05 0)
(-3.7408637e-07 6.6576537e-05 0)
(-5.1653196e-07 6.4777868e-05 0)
(-6.5178817e-07 6.2417982e-05 0)
(-7.7780035e-07 5.9529748e-05 0)
(-8.9251344e-07 5.615425e-05 0)
(-9.9387184e-07 5.2340794e-05 0)
(-1.0798194e-06 4.8146912e-05 0)
(-1.1482995e-06 4.3638357e-05 0)
(-1.1972549e-06 3.8889115e-05 0)
(-1.2246281e-06 3.3981397e-05 0)
(-1.2283612e-06 2.9005644e-05 0)
(-1.2063968e-06 2.4060525e-05 0)
(-1.1566796e-06 1.9252917e-05 0)
(-1.0771628e-06 1.469786e-05 0)
(-9.6582703e-07 1.0518391e-05 0)
(-8.2073895e-07 6.8450269e-06 0)
(-6.4024818e-07 3.8141735e-06 0)
(-4.232964e-07 1.562977e-06 0)
(-1.7614428e-07 2.1690278e-07 0)
(-1.7624904e-07 2.1683232e-07 0)
(-4.2344498e-07 1.5628834e-06 0)
(-6.4040599e-07 3.8140752e-06 0)
(-8.2089363e-07 6.8449269e-06 0)
(-9.6597463e-07 1.051829e-05 0)
(-1.077302e-06 1.4697759e-05 0)
(-1.1568101e-06 1.9252816e-05 0)
(-1.2065184e-06 2.4060424e-05 0)
(-1.2284738e-06 2.9005543e-05 0)
(-1.2247317e-06 3.3981295e-05 0)
(-1.1973496e-06 3.8889013e-05 0)
(-1.1483852e-06 4.3638256e-05 0)
(-1.0798961e-06 4.814681e-05 0)
(-9.9393956e-07 5.2340693e-05 0)
(-8.9257215e-07 5.6154148e-05 0)
(-7.7785006e-07 5.9529646e-05 0)
(-6.5182886e-07 6.2417881e-05 0)
(-5.1656363e-07 6.4777766e-05 0)
(-3.7410901e-07 6.6576436e-05 0)
(-2.2651934e-07 6.7789243e-05 0)
(-7.584874e-08 6.8399754e-05 0)
(7.5848812e-08 6.8399754e-05 0)
(2.265194e-07 6.7789243e-05 0)
(3.7410906e-07 6.6576437e-05 0)
(5.1656369e-07 6.4777767e-05 0)
(6.5182894e-07 6.2417882e-05 0)
(7.7785015e-07 5.9529647e-05 0)
(8.9257225e-07 5.6154149e-05 0)
(9.9393965e-07 5.2340694e-05 0)
(1.0798962e-06 4.8146811e-05 0)
(1.1483853e-06 4.3638257e-05 0)
(1.1973497e-06 3.8889014e-05 0)
(1.2247319e-06 3.3981296e-05 0)
(1.2284739e-06 2.9005544e-05 0)
(1.2065185e-06 2.4060424e-05 0)
(1.1568101e-06 1.9252816e-05 0)
(1.0773021e-06 1.469776e-05 0)
(9.6597465e-07 1.0518291e-05 0)
(8.2089361e-07 6.844927e-06 0)
(6.4040597e-07 3.8140752e-06 0)
(4.2344497e-07 1.5628835e-06 0)
(1.7624903e-07 2.1683231e-07 0)
)
;

boundaryField
{
    cornea_bottom
    {
        type            solidTraction;
        nonOrthogonalCorrections true;
        useUndeformedArea false;
        traction        uniform (0 0 0);
        pressure        uniform 0;
        secondOrder     false;
        extrapolateValue false;
        setEffectiveTraction false;
        relaxationFactor 1;
        value           nonuniform List<vector> 
40
(
(-5.3301739e-06 -3.5268532e-06 0)
(-8.244022e-06 -1.2841468e-05 0)
(-1.0662284e-05 -2.7636013e-05 0)
(-1.2612472e-05 -4.7018046e-05 0)
(-1.411345e-05 -7.0076457e-05 0)
(-1.5190379e-05 -9.5940866e-05 0)
(-1.5869961e-05 -0.00012379076 0)
(-1.6179412e-05 -0.00015285896 0)
(-1.614611e-05 -0.00018243266 0)
(-1.5797481e-05 -0.00021185382 0)
(-1.5160962e-05 -0.00024051924 0)
(-1.4263991e-05 -0.00026788057 0)
(-1.3134001e-05 -0.00029344435 -3.639359e-21)
(-1.1798421e-05 -0.00031677198 -3.3942095e-21)
(-1.0284676e-05 -0.00033747969 1.594145e-21)
(-8.6201832e-06 -0.00035523859 -1.6724131e-37)
(-6.8323578e-06 -0.00036977458 1.0692484e-53)
(-4.9486099e-06 -0.00038086842 5.7053815e-70)
(-2.9963467e-06 -0.00038835567 -5.3962428e-86)
(-1.0029745e-06 -0.0003921267 0)
(1.0041009e-06 -0.00039212671 8.0201573e-71)
(2.9974733e-06 -0.00038835569 9.9229327e-55)
(4.9497368e-06 -0.00038086845 6.4490769e-40)
(6.8334851e-06 -0.00036977462 -3.4115971e-21)
(8.6213109e-06 -0.00035523863 -6.1297728e-22)
(1.0285804e-05 -0.00033747975 2.7403788e-21)
(1.179955e-05 -0.00031677204 3.9096936e-21)
(1.3135131e-05 -0.00029344442 0)
(1.4265122e-05 -0.00026788065 0)
(1.5162094e-05 -0.00024051932 0)
(1.5798615e-05 -0.0002118539 0)
(1.6147246e-05 -0.00018243274 0)
(1.618055e-05 -0.00015285903 0)
(1.58711e-05 -0.00012379083 0)
(1.519152e-05 -9.594093e-05 0)
(1.4114592e-05 -7.0076511e-05 0)
(1.2613615e-05 -4.701809e-05 -8.1791481e-22)
(1.0663428e-05 -2.7636044e-05 -8.7902864e-22)
(8.2451671e-06 -1.2841484e-05 -1.6339886e-22)
(5.3313182e-06 -3.5268561e-06 0)
)
;
        gradient        nonuniform List<vector> 
40
(
(-0.0059357725 -0.0023886542 0)
(-0.012054543 -0.0021813167 0)
(-0.017088234 -0.0017870921 0)
(-0.021220151 -0.0014118397 0)
(-0.024461324 -0.0010545977 0)
(-0.026857054 -0.00071857209 0)
(-0.028458936 -0.00040460376 0)
(-0.029320831 -0.00011296944 0)
(-0.02949731 0.00015624521 0)
(-0.029043164 0.00040301555 0)
(-0.02801325 0.00062733695 0)
(-0.026462438 0.00082921124 0)
(-0.024445591 0.001008642 -1.4557436e-17)
(-0.022017566 0.0011656329 -1.3576838e-17)
(-0.019233211 0.0013001881 6.3765799e-18)
(-0.016147364 0.0014123114 -2.1899356e-33)
(-0.012814853 0.0015020067 -1.8872925e-50)
(-0.0092904985 0.0015692766 -1.1741678e-66)
(-0.0056291137 0.0016141229 -3.1975931e-82)
(-0.0018855108 0.001636546 0)
(0.0018854985 0.0016365461 -8.4060425e-67)
(0.0056291022 0.0016141231 -2.5607179e-50)
(0.0092904881 0.0015692769 -1.6249192e-33)
(0.012814844 0.001502007 -1.3646388e-17)
(0.016147355 0.0014123116 -2.4519091e-18)
(0.019233203 0.0013001883 1.0961515e-17)
(0.022017559 0.0011656332 1.5638774e-17)
(0.024445585 0.0010086424 0)
(0.026462434 0.00082921179 0)
(0.028013248 0.00062733752 0)
(0.029043164 0.0004030161 0)
(0.029497311 0.00015624581 0)
(0.029320835 -0.00011296873 0)
(0.028458943 -0.00040460303 0)
(0.026857063 -0.00071857152 0)
(0.024461334 -0.0010545973 0)
(0.021220163 -0.0014118393 -3.2716592e-18)
(0.017088248 -0.0017870918 -3.5161146e-18)
(0.012054557 -0.0021813173 -6.5359543e-19)
(0.0059357819 -0.0023886561 0)
)
;
    }
    cornea_top
    {
        type            solidTraction;
        nonOrthogonalCorrections true;
        useUndeformedArea false;
        traction        uniform (0 0 0);
        pressure        uniform 1000;
        secondOrder     false;
        extrapolateValue false;
        setEffectiveTraction false;
        relaxationFactor 1;
        value           nonuniform List<vector> 
40
(
(4.7529811e-07 -3.5929635e-06 0)
(3.5925093e-06 -1.2933894e-05 0)
(6.2472742e-06 -2.7736751e-05 0)
(8.4449998e-06 -4.7121488e-05 0)
(1.019707e-05 -7.0180773e-05 0)
(1.1526243e-05 -9.6045465e-05 0)
(1.2458441e-05 -0.00012389545 0)
(1.302063e-05 -0.00015296368 0)
(1.3240104e-05 -0.00018253739 0)
(1.3144263e-05 -0.00021195856 0)
(1.2760537e-05 -0.00024062397 0)
(1.2116361e-05 -0.00026798531 0)
(1.1239166e-05 -0.00029354909 0)
(1.0156382e-05 -0.00031687671 0)
(8.8954315e-06 -0.00033758443 0)
(7.4837344e-06 -0.00035534332 0)
(5.9487048e-06 -0.00036987931 0)
(4.3177527e-06 -0.00038097315 0)
(2.6182854e-06 -0.0003884604 0)
(8.7770906e-07 -0.00039223144 0)
(-8.7657057e-07 -0.00039223145 0)
(-2.6171474e-06 -0.00038846042 0)
(-4.3166153e-06 -0.00038097318 0)
(-5.947568e-06 -0.00036987935 0)
(-7.482598e-06 -0.00035534337 0)
(-8.8942952e-06 -0.00033758449 0)
(-1.0155246e-05 -0.00031687678 0)
(-1.123803e-05 -0.00029354916 0)
(-1.2115225e-05 -0.00026798538 0)
(-1.2759402e-05 -0.00024062405 0)
(-1.3143129e-05 -0.00021195864 0)
(-1.323897e-05 -0.00018253747 0)
(-1.3019496e-05 -0.00015296375 0)
(-1.2457309e-05 -0.00012389553 0)
(-1.1525111e-05 -9.6045529e-05 0)
(-1.0195939e-05 -7.0180827e-05 0)
(-8.4438688e-06 -4.7121531e-05 0)
(-6.2461436e-06 -2.7736782e-05 0)
(-3.5913785e-06 -1.293391e-05 0)
(-4.7416529e-07 -3.5929668e-06 0)
)
;
        gradient        nonuniform List<vector> 
40
(
(0.0059841245 -0.0025101668 0)
(0.012071857 -0.002363899 0)
(0.017093742 -0.0019877459 0)
(0.02122194 -0.0016184616 0)
(0.024461903 -0.0012631448 0)
(0.026857241 -0.00092774271 0)
(0.028458997 -0.00061397623 0)
(0.029320851 -0.00032240729 0)
(0.029497316 -5.3213826e-05 0)
(0.029043166 0.00019354963 0)
(0.028013251 0.00041786878 0)
(0.026462438 0.00061974229 0)
(0.024445591 0.0007991727 0)
(0.022017566 0.00095616355 0)
(0.019233211 0.0010907187 0)
(0.016147364 0.0012028421 0)
(0.012814853 0.0012925374 0)
(0.0092904986 0.0013598073 0)
(0.0056291137 0.0014046536 0)
(0.0018855107 0.0014270768 0)
(-0.0018854986 0.0014270769 0)
(-0.0056291022 0.001404654 0)
(-0.0092904881 0.0013598078 0)
(-0.012814844 0.0012925378 0)
(-0.016147355 0.0012028425 0)
(-0.019233203 0.0010907192 0)
(-0.022017559 0.00095616422 0)
(-0.024445585 0.00079917355 0)
(-0.026462434 0.00061974325 0)
(-0.028013249 0.00041786975 0)
(-0.029043166 0.00019355061 0)
(-0.029497318 -5.3212777e-05 0)
(-0.029320855 -0.00032240612 0)
(-0.028459003 -0.00061397501 0)
(-0.02685725 -0.00092774158 0)
(-0.024461913 -0.0012631438 0)
(-0.021221952 -0.0016184607 0)
(-0.017093756 -0.0019877452 0)
(-0.012071871 -0.0023638994 0)
(-0.0059841331 -0.002510169 0)
)
;
    }
    iris_pupil
    {
        type            solidTraction;
        nonOrthogonalCorrections true;
        useUndeformedArea false;
        traction        uniform (0 0 0);
        pressure        uniform 0;
        secondOrder     false;
        extrapolateValue false;
        setEffectiveTraction false;
        relaxationFactor 1;
        value           nonuniform List<vector> 10((9.613194e-05 -0.0012384847 0) (7.7271943e-05 -0.0012451353 0) (5.4534219e-05 -0.001248669 0) (3.0475935e-05 -0.0012502269 0) (5.8326066e-06 -0.001250987 0) (-1.8939188e-05 -0.0012512343 0) (-4.357899e-05 -0.0012509668 0) (-6.7627471e-05 -0.0012498907 0) (-9.0333368e-05 -0.0012468223 0) (-0.0001091291 -0.0012405653 0));
        gradient        nonuniform List<vector> 10((-0.020887577 -0.065431399 0) (-0.0090931367 -0.086661917 0) (-0.0045460904 -0.097491683 0) (-0.0020697106 -0.10146169 0) (-0.00089945604 -0.10294817 0) (1.8103938e-05 -0.10294083 0) (0.0011995902 -0.10143392 0) (0.0037004506 -0.097404955 0) (0.0083262852 -0.08646172 0) (0.020210086 -0.064851818 0));
    }
    iris_bottom
    {
        type            solidTraction;
        nonOrthogonalCorrections true;
        useUndeformedArea false;
        traction        uniform (0 0 0);
        pressure        uniform 1000;
        secondOrder     false;
        extrapolateValue false;
        setEffectiveTraction false;
        relaxationFactor 1;
        value           nonuniform List<vector> 
26
(
(0.00010922583 -0.0012210115 0)
(0.00011553874 -0.0011736144 0)
(0.00011748792 -0.0011224784 0)
(0.00011863233 -0.0010705586 0)
(0.0001195343 -0.0010182759 0)
(0.00012026866 -0.0009656994 0)
(0.00012081642 -0.00091288754 1.4297191e-21)
(0.0001211437 -0.00085991942 -8.8899917e-22)
(0.00012121539 -0.00080689266 -5.6226388e-21)
(0.0001209968 -0.00075392066 7.7310832e-38)
(0.00012045358 -0.00070113149 -3.9268963e-21)
(0.0001195515 -0.00064866755 -9.454295e-21)
(0.00011825639 -0.0005966855 -2.4987222e-36)
(0.00011653406 -0.00054535622 1.4167599e-36)
(0.00011435033 -0.00049486485 -1.6801667e-21)
(0.00011167103 -0.00044541074 -5.7183088e-21)
(0.00010846197 -0.00039720753 -1.3263236e-21)
(0.00010468899 -0.00035048307 -1.3983501e-36)
(0.00010031792 -0.0003054795 -1.9135623e-52)
(9.5314726e-05 -0.00026245321 1.7954234e-67)
(8.9645819e-05 -0.00022167476 6.1096179e-83)
(8.327921e-05 -0.00018342795 0)
(7.6187423e-05 -0.00014800601 0)
(6.8349559e-05 -0.0001156983 0)
(5.9716951e-05 -8.6779985e-05 0)
(4.9384662e-05 -6.1650931e-05 -4.0835818e-24)
)
;
        gradient        nonuniform List<vector> 
26
(
(0.065599959 0.0092944052 0)
(0.098533115 0.0042837536 0)
(0.10305583 0.0020686827 0)
(0.10420248 0.001619877 0)
(0.10485916 0.0014441406 0)
(0.10538833 0.0012923359 0)
(0.10577998 0.0011178763 1.1914326e-17)
(0.10599488 0.00091384517 -7.4083264e-18)
(0.10599876 0.00067989807 -4.6855323e-17)
(0.10576117 0.00041636662 -1.8930349e-32)
(0.10525311 0.00012344502 -3.2724136e-17)
(0.10444599 -0.00019879527 -7.8785791e-17)
(0.10331133 -0.00055033436 3.811321e-32)
(0.10182065 -0.00093116853 2.8808309e-32)
(0.099945478 -0.001341298 -1.4001389e-17)
(0.097657318 -0.0017807235 -4.7652573e-17)
(0.094927675 -0.0022494446 -1.1052697e-17)
(0.091728032 -0.0027474509 1.7684435e-33)
(0.088029857 -0.0032746849 -3.2286515e-48)
(0.083804738 -0.0038309015 1.0411108e-64)
(0.07902526 -0.0044152214 -1.1796572e-78)
(0.073668748 -0.0050250269 0)
(0.06772965 -0.0056555645 0)
(0.061226026 -0.0063159165 0)
(0.054047372 -0.0073849558 1.6274522e-320)
(0.038802747 -0.0086242821 -3.4029848e-20)
)
;
    }
    iris_top
    {
        type            solidTraction;
        nonOrthogonalCorrections true;
        useUndeformedArea false;
        traction        uniform (0 0 0);
        pressure        uniform 1300;
        secondOrder     false;
        extrapolateValue false;
        setEffectiveTraction false;
        relaxationFactor 1;
        value           nonuniform List<vector> 
26
(
(-0.00012199973 -0.0012234732 0)
(-0.00012793961 -0.0011761281 0)
(-0.00012945805 -0.0011249958 0)
(-0.00013015849 -0.0010730737 0)
(-0.00013061291 -0.0010207892 0)
(-0.00013089877 -0.00096821167 0)
(-0.00013099786 -0.00091539936 0)
(-0.0001308765 -0.00086243106 0)
(-0.00013049961 -0.00080940425 0)
(-0.00012983248 -0.00075643224 0)
(-0.00012884074 -0.00070364308 0)
(-0.00012749016 -0.00065117915 0)
(-0.00012574655 -0.0005991971 0)
(-0.00012357572 -0.00054786782 0)
(-0.00012094349 -0.00049737644 0)
(-0.0001178157 -0.00044792233 0)
(-0.00011415815 -0.0003997191 0)
(-0.00010993666 -0.0003529946 0)
(-0.00010511704 -0.00030799096 0)
(-9.9665177e-05 -0.0002649646 0)
(-9.3547312e-05 -0.00022418618 0)
(-8.6731185e-05 -0.00018593989 0)
(-7.9189055e-05 -0.00015051991 0)
(-7.0900682e-05 -0.0001182174 0)
(-6.1824151e-05 -8.9307507e-05 0)
(-5.1101615e-05 -6.4161604e-05 0)
)
;
        gradient        nonuniform List<vector> 
26
(
(-0.065150951 0.0073262894 0)
(-0.098477385 0.0022307059 0)
(-0.1030544 -1.4768178e-05 0)
(-0.10420664 -0.00047077094 0)
(-0.10486205 -0.0006484485 0)
(-0.1053898 -0.00080073718 0)
(-0.10578061 -0.00097525901 0)
(-0.10599511 -0.0011792508 0)
(-0.10599882 -0.0014131536 0)
(-0.10576117 -0.0016766565 0)
(-0.1052531 -0.0019695635 0)
(-0.10444598 -0.0022917973 0)
(-0.10331133 -0.0026433336 0)
(-0.10182065 -0.0030241661 0)
(-0.099945488 -0.003434294 0)
(-0.097657344 -0.0038737189 0)
(-0.094927734 -0.0043424447 0)
(-0.09172814 -0.0048404742 0)
(-0.088029998 -0.0053677793 0)
(-0.083804779 -0.0059241711 0)
(-0.079024709 -0.0065088538 0)
(-0.073666276 -0.0071192528 0)
(-0.067722491 -0.0077502154 0)
(-0.061212399 -0.008407816 0)
(-0.054055799 -0.0094510285 0)
(-0.039171117 -0.010593153 0)
)
;
    }
    sclera_stub_bottom
    {
        type            solidTraction;
        nonOrthogonalCorrections true;
        useUndeformedArea false;
        traction        uniform (0 0 0);
        pressure        uniform 1000;
        secondOrder     false;
        extrapolateValue false;
        setEffectiveTraction false;
        relaxationFactor 1;
        value           nonuniform List<vector> 4((3.8852188e-05 -4.1999431e-05 -7.0994594e-37) (3.0575536e-05 -2.6025656e-05 4.8951341e-52) (1.9587107e-05 -1.3431924e-05 0) (7.9390741e-06 -5.0892597e-06 0));
        gradient        nonuniform List<vector> 4((0.022772249 -0.0025676875 2.7010962e-33) (0.028567507 -0.0075136063 2.1127869e-48) (0.020936396 -0.0089584836 0) (0.013644457 -0.0077937074 0));
    }
    sclera_stub_top
    {
        type            solidTraction;
        nonOrthogonalCorrections true;
        useUndeformedArea false;
        traction        uniform (0 0 0);
        pressure        uniform 1300;
        secondOrder     false;
        extrapolateValue false;
        setEffectiveTraction false;
        relaxationFactor 1;
        value           nonuniform List<vector> 4((-4.0161528e-05 -4.4504981e-05 0) (-3.1606118e-05 -2.8485708e-05 0) (-2.0418202e-05 -1.5619184e-05 0) (-8.627423e-06 -6.4892388e-06 0));
        gradient        nonuniform List<vector> 4((-0.022471564 -0.0044846622 0) (-0.028885797 -0.0094271396 0) (-0.021996469 -0.010813726 0) (-0.015890182 -0.0098707823 0));
    }
    iris_base
    {
        type            fixedValue;
        value           uniform (0 0 0);
    }
    iris_pupil_left
    {
        type            solidTraction;
        nonOrthogonalCorrections true;
        useUndeformedArea false;
        traction        uniform (0 0 0);
        pressure        uniform 0;
        secondOrder     false;
        extrapolateValue false;
        setEffectiveTraction false;
        relaxationFactor 1;
        value           nonuniform List<vector> 10((-9.6131941e-05 -0.0012384847 0) (-7.7271944e-05 -0.0012451353 0) (-5.4534221e-05 -0.001248669 0) (-3.0475936e-05 -0.0012502269 0) (-5.8326071e-06 -0.0012509871 0) (1.8939188e-05 -0.0012512343 0) (4.357899e-05 -0.0012509668 0) (6.7627472e-05 -0.0012498908 0) (9.0333369e-05 -0.0012468223 0) (0.0001091291 -0.0012405653 0));
        gradient        nonuniform List<vector> 10((0.020887577 -0.065431398 0) (0.0090931375 -0.086661917 0) (0.0045460911 -0.097491684 0) (0.0020697112 -0.10146169 0) (0.0008994565 -0.10294818 0) (-1.8103583e-05 -0.10294083 0) (-0.00119959 -0.10143392 0) (-0.0037004505 -0.097404957 0) (-0.0083262853 -0.086461722 0) (-0.020210086 -0.064851819 0));
    }
    iris_bottom_left
    {
        type            solidTraction;
        nonOrthogonalCorrections true;
        useUndeformedArea false;
        traction        uniform (0 0 0);
        pressure        uniform 1000;
        secondOrder     false;
        extrapolateValue false;
        setEffectiveTraction false;
        relaxationFactor 1;
        value           nonuniform List<vector> 
26
(
(-4.9384663e-05 -6.1650932e-05 0)
(-5.9716952e-05 -8.6779986e-05 0)
(-6.834956e-05 -0.0001156983 0)
(-7.6187424e-05 -0.00014800601 0)
(-8.3279211e-05 -0.00018342796 0)
(-8.9645821e-05 -0.00022167476 5.0513579e-22)
(-9.5314728e-05 -0.00026245322 3.7014048e-21)
(-0.00010031792 -0.0003054795 1.2788097e-21)
(-0.00010468899 -0.00035048308 3.2912959e-37)
(-0.00010846198 -0.00039720754 0)
(-0.00011167103 -0.00044541075 -4.4869398e-100)
(-0.00011435033 -0.00049486486 3.8181664e-67)
(-0.00011653406 -0.00054535623 -2.3682933e-51)
(-0.00011825639 -0.00059668551 -8.8500551e-38)
(-0.00011955151 -0.00064866757 -2.3440988e-21)
(-0.00012045358 -0.0007011315 -2.7596427e-21)
(-0.0001209968 -0.00075392067 0)
(-0.00012121539 -0.00080689268 0)
(-0.00012114371 -0.00085991944 0)
(-0.00012081642 -0.00091288756 0)
(-0.00012026866 -0.00096569942 0)
(-0.0001195343 -0.0010182759 0)
(-0.00011863233 -0.0010705586 0)
(-0.00011748792 -0.0011224784 0)
(-0.00011553874 -0.0011736144 0)
(-0.00010922583 -0.0012210115 0)
)
;
        gradient        nonuniform List<vector> 
26
(
(-0.038802748 -0.0086242823 0)
(-0.054047373 -0.007384956 0)
(-0.061226027 -0.0063159167 0)
(-0.067729652 -0.0056555647 0)
(-0.073668749 -0.005025027 0)
(-0.079025261 -0.0044152215 4.2094649e-18)
(-0.08380474 -0.0038309016 3.084504e-17)
(-0.088029858 -0.003274685 1.0656748e-17)
(-0.091728034 -0.002747451 -1.0197811e-32)
(-0.094927677 -0.0022494447 0)
(-0.09765732 -0.0017807236 -5.5871893e-96)
(-0.099945481 -0.0013412981 -5.9832134e-63)
(-0.10182066 -0.00093116864 -7.3186619e-48)
(-0.10331133 -0.00055033446 2.2982948e-32)
(-0.10444599 -0.00019879535 -1.9534157e-17)
(-0.10525311 0.00012344497 -2.2997023e-17)
(-0.10576117 0.00041636659 0)
(-0.10599876 0.00067989804 0)
(-0.10599489 0.00091384518 0)
(-0.10577998 0.0011178764 0)
(-0.10538834 0.0012923359 0)
(-0.10485916 0.0014441408 0)
(-0.10420248 0.0016198771 0)
(-0.10305583 0.002068683 0)
(-0.098533116 0.004283754 0)
(-0.065599958 0.0092944053 0)
)
;
    }
    iris_top_left
    {
        type            solidTraction;
        nonOrthogonalCorrections true;
        useUndeformedArea false;
        traction        uniform (0 0 0);
        pressure        uniform 1300;
        secondOrder     false;
        extrapolateValue false;
        setEffectiveTraction false;
        relaxationFactor 1;
        value           nonuniform List<vector> 
26
(
(5.1101616e-05 -6.4161604e-05 0)
(6.1824152e-05 -8.9307508e-05 0)
(7.0900683e-05 -0.0001182174 0)
(7.9189056e-05 -0.00015051991 0)
(8.6731186e-05 -0.0001859399 0)
(9.3547313e-05 -0.00022418619 0)
(9.9665179e-05 -0.00026496461 0)
(0.00010511705 -0.00030799097 0)
(0.00010993666 -0.00035299461 0)
(0.00011415815 -0.00039971911 0)
(0.0001178157 -0.00044792234 0)
(0.0001209435 -0.00049737645 0)
(0.00012357572 -0.00054786783 0)
(0.00012574655 -0.00059919711 0)
(0.00012749017 -0.00065117916 0)
(0.00012884075 -0.00070364309 0)
(0.00012983248 -0.00075643226 0)
(0.00013049961 -0.00080940427 0)
(0.00013087651 -0.00086243108 0)
(0.00013099786 -0.00091539937 0)
(0.00013089878 -0.00096821169 0)
(0.00013061292 -0.0010207892 0)
(0.00013015849 -0.0010730737 0)
(0.00012945805 -0.0011249958 0)
(0.00012793962 -0.0011761281 0)
(0.00012199973 -0.0012234732 0)
)
;
        gradient        nonuniform List<vector> 
26
(
(0.039171117 -0.010593153 0)
(0.0540558 -0.0094510287 0)
(0.0612124 -0.0084078161 0)
(0.067722492 -0.0077502156 0)
(0.073666277 -0.007119253 0)
(0.07902471 -0.0065088539 0)
(0.08380478 -0.0059241713 0)
(0.08803 -0.0053677794 0)
(0.091728142 -0.0048404743 0)
(0.094927736 -0.0043424449 0)
(0.097657347 -0.003873719 0)
(0.09994549 -0.0034342941 0)
(0.10182066 -0.0030241662 0)
(0.10331133 -0.0026433337 0)
(0.10444598 -0.0022917974 0)
(0.1052531 -0.0019695635 0)
(0.10576117 -0.0016766565 0)
(0.10599882 -0.0014131536 0)
(0.10599511 -0.0011792508 0)
(0.10578061 -0.00097525896 0)
(0.1053898 -0.0008007371 0)
(0.10486205 -0.00064844839 0)
(0.10420664 -0.00047077078 0)
(0.1030544 -1.4768135e-05 0)
(0.098477388 0.0022307061 0)
(0.065150952 0.0073262896 0)
)
;
    }
    sclera_stub_bottom_left
    {
        type            solidTraction;
        nonOrthogonalCorrections true;
        useUndeformedArea false;
        traction        uniform (0 0 0);
        pressure        uniform 1000;
        secondOrder     false;
        extrapolateValue false;
        setEffectiveTraction false;
        relaxationFactor 1;
        value           nonuniform List<vector> 4((-7.9390742e-06 -5.0892598e-06 0) (-1.9587107e-05 -1.3431924e-05 0) (-3.0575536e-05 -2.6025656e-05 0) (-3.8852189e-05 -4.1999432e-05 0));
        gradient        nonuniform List<vector> 4((-0.013644457 -0.0077937075 0) (-0.020936396 -0.0089584837 0) (-0.028567508 -0.0075136065 0) (-0.022772249 -0.0025676876 0));
    }
    sclera_stub_top_left
    {
        type            solidTraction;
        nonOrthogonalCorrections true;
        useUndeformedArea false;
        traction        uniform (0 0 0);
        pressure        uniform 1300;
        secondOrder     false;
        extrapolateValue false;
        setEffectiveTraction false;
        relaxationFactor 1;
        value           nonuniform List<vector> 4((8.6274231e-06 -6.4892388e-06 0) (2.0418202e-05 -1.5619184e-05 0) (3.1606118e-05 -2.8485708e-05 0) (4.0161528e-05 -4.4504982e-05 0));
        gradient        nonuniform List<vector> 4((0.015890182 -0.0098707824 0) (0.021996469 -0.010813726 0) (0.028885797 -0.0094271398 0) (0.022471564 -0.0044846623 0));
    }
    iris_base_left
    {
        type            fixedValue;
        value           uniform (0 0 0);
    }
    lens_bottom
    {
        type            solidTraction;
        nonOrthogonalCorrections true;
        useUndeformedArea false;
        traction        uniform (0 0 0);
        pressure        uniform 1300;
        secondOrder     false;
        extrapolateValue false;
        setEffectiveTraction false;
        relaxationFactor 1;
        value           nonuniform List<vector> 
30
(
(2.245875e-05 1.7448522e-05 -3.6167497e-23)
(4.8805958e-05 4.8440588e-05 6.3007251e-38)
(6.9769121e-05 8.9746235e-05 -1.6671934e-71)
(8.5327799e-05 0.00013972992 1.6821384e-82)
(9.5669443e-05 0.00019575728 4.0841098e-67)
(0.00010118252 0.00025520041 6.6595159e-52)
(0.00010231112 0.00031563121 -1.0687312e-36)
(9.9513544e-05 0.0003748598 2.2070254e-21)
(9.3251257e-05 0.00043094004 2.9990017e-21)
(8.3986249e-05 0.00048216957 -2.8480786e-21)
(7.2180539e-05 0.00052708951 8.8443789e-37)
(5.8296109e-05 0.0005644842 -1.7174812e-52)
(4.2794908e-05 0.00059338115 0)
(2.6138877e-05 0.00061305098 0)
(8.7899475e-06 0.00062300745 0)
(-8.7899475e-06 0.00062300745 0)
(-2.6138877e-05 0.00061305098 0)
(-4.2794908e-05 0.00059338115 2.4676561e-37)
(-5.8296109e-05 0.0005644842 8.3353088e-21)
(-7.2180539e-05 0.00052708951 1.2312597e-20)
(-8.3986249e-05 0.00048216957 -1.9728319e-21)
(-9.3251257e-05 0.00043094004 -7.3792868e-21)
(-9.9513544e-05 0.0003748598 -9.1754268e-37)
(-0.00010231112 0.00031563121 -2.4908505e-52)
(-0.00010118252 0.00025520041 0)
(-9.5669443e-05 0.00019575728 0)
(-8.5327799e-05 0.00013972992 0)
(-6.9769121e-05 8.9746235e-05 0)
(-4.8805958e-05 4.8440588e-05 0)
(-2.245875e-05 1.7448522e-05 0)
)
;
        gradient        nonuniform List<vector> 
30
(
(0.02528305 0.012010385 -1.522842e-19)
(0.036148856 0.011103651 4.5021337e-34)
(0.045644665 0.0087918231 -7.0197618e-68)
(0.053005521 0.0065157833 4.453603e-79)
(0.057735246 0.0043631549 8.5114693e-64)
(0.059936966 0.0023889299 1.4421169e-48)
(0.059829696 0.00060807609 -1.0142037e-32)
(0.057654415 -0.0009756842 9.2927387e-18)
(0.053654886 -0.0023615632 1.2627376e-17)
(0.048074739 -0.0035494394 -1.199191e-17)
(0.041157315 -0.0045393157 1.1004876e-32)
(0.033145816 -0.0053312067 -5.9996187e-49)
(0.024283387 -0.0059251211 0)
(0.014813153 -0.006321063 0)
(0.004978238 -0.0065190337 0)
(-0.004978238 -0.0065190337 0)
(-0.014813153 -0.006321063 0)
(-0.024283387 -0.0059251211 1.7744062e-33)
(-0.033145816 -0.0053312067 3.5096037e-17)
(-0.041157315 -0.0045393157 5.1842515e-17)
(-0.048074739 -0.0035494394 -8.3066606e-18)
(-0.053654886 -0.0023615632 -3.1070681e-17)
(-0.057654415 -0.0009756842 5.5689945e-33)
(-0.059829696 0.00060807609 7.9969616e-49)
(-0.059936966 0.0023889299 0)
(-0.057735246 0.0043631549 0)
(-0.053005521 0.0065157833 0)
(-0.045644665 0.0087918231 0)
(-0.036148856 0.011103651 0)
(-0.02528305 0.012010385 0)
)
;
    }
    lens_top
    {
        type            solidTraction;
        nonOrthogonalCorrections true;
        useUndeformedArea false;
        traction        uniform (0 0 0);
        pressure        uniform 0;
        secondOrder     false;
        extrapolateValue false;
        setEffectiveTraction false;
        relaxationFactor 1;
        value           nonuniform List<vector> 
30
(
(-2.2137904e-05 1.6302482e-05 0)
(-4.8754609e-05 4.6742435e-05 0)
(-6.9880792e-05 8.7900147e-05 0)
(-8.54965e-05 0.00013786261 0)
(-9.5844877e-05 0.00019389603 0)
(-0.00010134627 0.00025334602 0)
(-0.00010245798 0.00031378047 0)
(-9.9642685e-05 0.00037301051 0)
(-9.3362841e-05 0.00042909119 0)
(-8.4080509e-05 0.00048032081 0)
(-7.2257606e-05 0.00052524075 0)
(-5.8356034e-05 0.00056263542 0)
(-4.283771e-05 0.00059153235 0)
(-2.6164557e-05 0.00061120218 0)
(-8.7985078e-06 0.00062115866 0)
(8.7985078e-06 0.00062115866 0)
(2.6164557e-05 0.00061120218 0)
(4.283771e-05 0.00059153235 0)
(5.8356034e-05 0.00056263542 0)
(7.2257606e-05 0.00052524075 0)
(8.4080509e-05 0.00048032081 0)
(9.3362841e-05 0.00042909119 0)
(9.9642685e-05 0.00037301051 0)
(0.00010245798 0.00031378047 0)
(0.00010134627 0.00025334602 0)
(9.5844877e-05 0.00019389603 0)
(8.54965e-05 0.00013786261 0)
(6.9880792e-05 8.7900147e-05 0)
(4.8754609e-05 4.6742435e-05 0)
(2.2137904e-05 1.6302482e-05 0)
)
;
        gradient        nonuniform List<vector> 
30
(
(-0.02436417 0.011025292 0)
(-0.035798833 0.010230619 0)
(-0.045560088 0.0078732622 0)
(-0.052997942 0.0055637325 0)
(-0.057741703 0.0033963786 0)
(-0.05994222 0.0014170944 0)
(-0.059832248 -0.00036505321 0)
(-0.057655358 -0.0019489592 0)
(-0.053655149 -0.003334752 0)
(-0.048074779 -0.0045225504 0)
(-0.041157305 -0.0055123875 0)
(-0.033145804 -0.0063042635 0)
(-0.02428338 -0.0068981736 0)
(-0.014813151 -0.0072941147 0)
(-0.0049782373 -0.0074920854 0)
(0.0049782373 -0.0074920854 0)
(0.014813151 -0.0072941147 0)
(0.02428338 -0.0068981736 0)
(0.033145804 -0.0063042635 0)
(0.041157305 -0.0055123875 0)
(0.048074779 -0.0045225504 0)
(0.053655149 -0.003334752 0)
(0.057655358 -0.0019489592 0)
(0.059832248 -0.00036505321 0)
(0.05994222 0.0014170944 0)
(0.057741703 0.0033963786 0)
(0.052997942 0.0055637325 0)
(0.045560088 0.0078732622 0)
(0.035798833 0.010230619 0)
(0.02436417 0.011025292 0)
)
;
    }
    lens_left
    {
        type            fixedValue;
        value           uniform (0 0 0);
    }
    lens_right
    {
        type            fixedValue;
        value           uniform (0 0 0);
    }
    sclera_R_bottom
    {
        type            solidTraction;
        nonOrthogonalCorrections true;
        useUndeformedArea false;
        traction        uniform (0 0 0);
        pressure        uniform 0;
        secondOrder     false;
        extrapolateValue false;
        setEffectiveTraction false;
        relaxationFactor 1;
        value           nonuniform List<vector> 2((2.8576648e-06 -1.0398692e-06 2.8818102e-108) (2.8322484e-06 -7.5961243e-07 -4.9246639e-74));
        gradient        nonuniform List<vector> 2((0.00047802374 9.7951057e-05 1.1527241e-104) (0.00046345456 -0.00014947128 -6.5209081e-71));
    }
    sclera_R_top
    {
        type            fixedValue;
        value           uniform (0 0 0);
    }
    sclera_R_inner
    {
        type            solidTraction;
        nonOrthogonalCorrections true;
        useUndeformedArea false;
        traction        uniform (0 0 0);
        pressure        uniform 1500;
        secondOrder     false;
        extrapolateValue false;
        setEffectiveTraction false;
        relaxationFactor 1;
        value           nonuniform List<vector> 
44
(
(2.0681082e-06 -1.1193485e-06 0)
(5.2899752e-06 4.8531344e-07 0)
(6.2789434e-06 7.1738717e-07 0)
(7.3506156e-06 7.7434061e-07 0)
(8.4642166e-06 7.842819e-07 0)
(9.5649257e-06 7.624579e-07 -9.0197846e-23)
(1.0627647e-05 7.2226942e-07 6.7426906e-23)
(1.163545e-05 6.6933351e-07 1.8491281e-22)
(1.2576712e-05 6.0687514e-07 0)
(1.3442571e-05 5.3680336e-07 1.253706e-68)
(1.4225927e-05 4.604467e-07 1.930456e-53)
(1.4920934e-05 3.7885647e-07 2.6316443e-38)
(1.5522768e-05 2.9295493e-07 1.9044563e-23)
(1.6027517e-05 2.036036e-07 5.0193683e-23)
(1.6432125e-05 1.1163542e-07 3.533621e-22)
(1.6734373e-05 1.786987e-08 2.7804412e-22)
(1.6932861e-05 -7.6879946e-08 1.633122e-22)
(1.7027007e-05 -1.7180395e-07 3.3148685e-22)
(1.7017042e-05 -2.6609347e-07 5.1496775e-23)
(1.6904009e-05 -3.5894053e-07 3.7626447e-38)
(1.6689762e-05 -4.4953745e-07 2.2504952e-53)
(1.6376968e-05 -5.3707671e-07 4.9541041e-85)
(1.5969104e-05 -6.2075088e-07 0)
(1.547046e-05 -6.9975256e-07 2.4669979e-53)
(1.4886134e-05 -7.7327439e-07 2.5295874e-38)
(1.4222038e-05 -8.4050904e-07 -2.5448022e-22)
(1.3484895e-05 -9.006492e-07 -3.7685685e-22)
(1.2682236e-05 -9.5288764e-07 -1.2866365e-22)
(1.1822405e-05 -9.9641721e-07 -3.4690508e-38)
(1.0914558e-05 -1.0304309e-06 6.088198e-72)
(9.96866e-06 -1.054122e-06 5.2218525e-85)
(8.9954854e-06 -1.0666847e-06 -1.927899e-100)
(8.0066181e-06 -1.0673142e-06 -3.8161379e-133)
(7.0144475e-06 -1.0552092e-06 -9.780259e-148)
(6.032163e-06 -1.0295745e-06 -2.022228e-179)
(5.0737421e-06 -9.8962851e-07 -8.6969393e-212)
(4.1539248e-06 -9.3461786e-07 1.4095149e-228)
(3.2881603e-06 -8.6384898e-07 0)
(2.4924948e-06 -7.7675472e-07 0)
(1.7833339e-06 -6.7303417e-07 2.6055122e-23)
(1.1769481e-06 -5.5295562e-07 -6.4294934e-24)
(6.8839359e-07 -4.1795661e-07 -2.5974001e-23)
(3.2947594e-07 -2.7218591e-07 2.2441468e-39)
(1.0291378e-07 -1.2404249e-07 0)
)
;
        gradient        nonuniform List<vector> 
44
(
(0.00021636108 -0.00037267948 0)
(0.00066166211 0.0013500202 0)
(0.00023577754 0.0020511018 0)
(5.4874184e-05 0.0021751575 0)
(-9.2817706e-06 0.0022040599 0)
(-5.0107208e-05 0.002153416 -3.6079138e-19)
(-7.5444563e-05 0.0020609393 2.6970762e-19)
(-9.3581014e-05 0.0019400414 7.3965123e-19)
(-0.00010753638 0.0017987553 0)
(-0.00011885507 0.0016415805 -2.0933739e-65)
(-0.00012823557 0.0014715189 -1.2444943e-50)
(-0.00013600878 0.0012908372 2.1378331e-34)
(-0.00014232933 0.0011014593 7.6178253e-20)
(-0.00014727 0.00090514662 2.0077473e-19)
(-0.000150865 0.00070358332 1.4134484e-18)
(-0.00015313045 0.00049841717 1.1121765e-18)
(-0.00015407394 0.00029127863 6.5324879e-19)
(-0.00015369907 8.378992e-05 1.3259474e-18)
(-0.00015200758 -0.00012243062 2.059871e-19)
(-0.00014900029 -0.00032576654 3.4612778e-34)
(-0.0001446776 -0.00052460224 -3.4334803e-50)
(-0.00013903971 -0.0007173226 -7.0251949e-82)
(-0.00013208675 -0.0009023127 0)
(-0.00012381876 -0.0010779578 8.5820755e-50)
(-0.0001142358 -0.001242643 1.0678834e-33)
(-0.00010333789 -0.0013947539 -1.0179209e-18)
(-9.1125098e-05 -0.0015326758 -1.5074274e-18)
(-7.7597513e-05 -0.0016547943 -5.1465458e-19)
(-6.2755335e-05 -0.0017594952 8.3875311e-34)
(-4.6598998e-05 -0.0018451646 2.4352792e-68)
(-2.912935e-05 -0.0019101898 1.4034224e-82)
(-1.0348143e-05 -0.0019529598 -3.1023659e-97)
(9.7409901e-06 -0.0019718679 -8.7344981e-130)
(3.1130382e-05 -0.0019653155 -1.0128133e-144)
(5.3803921e-05 -0.0019317219 -4.737879e-176)
(7.7727593e-05 -0.0018695439 4.5889465e-210)
(0.00010282961 -0.0017773162 1.4354128e-224)
(0.00012895837 -0.0016537391 0)
(0.00015579405 -0.0014978605 0)
(0.00018265626 -0.0013094569 1.0422049e-19)
(0.00020812923 -0.0010898716 -2.5717974e-20)
(0.00022905272 -0.00084354907 -1.03896e-19)
(0.00023975737 -0.00058276947 1.8854174e-34)
(0.00022210903 -0.00032799841 0)
)
;
    }
    sclera_R_outer
    {
        type            solidTraction;
        nonOrthogonalCorrections true;
        useUndeformedArea false;
        traction        uniform (0 0 0);
        pressure        uniform 0;
        secondOrder     false;
        extrapolateValue false;
        setEffectiveTraction false;
        relaxationFactor 1;
        value           nonuniform List<vector> 
50
(
(2.6749777e-06 -5.7641139e-07 2.7743359e-57)
(2.2489118e-06 -5.571774e-07 -6.8452316e-41)
(2.048003e-06 -6.8338247e-07 -6.0636898e-24)
(2.0306512e-06 -8.813109e-07 -4.8124207e-24)
(2.4542595e-06 -1.0451118e-06 0)
(3.1758304e-06 -1.1724229e-06 -1.6630703e-40)
(4.1105875e-06 -1.282335e-06 3.207683e-24)
(5.2716488e-06 -1.420908e-06 5.2510504e-24)
(6.2208698e-06 -1.4269687e-06 1.9717728e-39)
(7.3260287e-06 -1.4558292e-06 -3.6247203e-55)
(8.4447987e-06 -1.4349443e-06 0)
(9.549083e-06 -1.3923558e-06 0)
(1.0613054e-05 -1.3336102e-06 1.6988619e-312)
(1.1621414e-05 -1.263356e-06 -3.4915783e-280)
(1.2562902e-05 -1.1840409e-06 3.1208157e-247)
(1.3428856e-05 -1.097313e-06 -5.5658631e-215)
(1.4212251e-05 -1.0043823e-06 -2.1363112e-198)
(1.4907275e-05 -9.0625229e-07 -2.4346676e-183)
(1.5509116e-05 -8.038253e-07 -1.2623801e-167)
(1.6013867e-05 -6.9795447e-07 -1.276963e-152)
(1.6418477e-05 -5.8946926e-07 -3.914918e-120)
(1.6720725e-05 -4.791877e-07 -2.6537398e-88)
(1.6919214e-05 -3.6792232e-07 3.7110954e-56)
(1.701336e-05 -2.5648298e-07 -2.6433866e-22)
(1.7003395e-05 -1.4567829e-07 -2.9641929e-22)
(1.6890361e-05 -3.6316198e-08 6.1831873e-38)
(1.6676114e-05 7.0795616e-08 0)
(1.636332e-05 1.7484965e-07 0)
(1.5955457e-05 2.7503849e-07 0)
(1.5456813e-05 3.7055476e-07 1.0077061e-22)
(1.4872487e-05 4.6059112e-07 2.9296791e-22)
(1.4208392e-05 5.4434024e-07 3.558806e-22)
(1.3471248e-05 6.2099482e-07 1.7323112e-22)
(1.2668589e-05 6.8974762e-07 1.7207226e-22)
(1.1808758e-05 7.4979143e-07 1.2045816e-22)
(1.0900912e-05 8.0031927e-07 1.0118348e-22)
(9.9550133e-06 8.4052446e-07 -1.8785484e-22)
(8.9818389e-06 8.69601e-07 -1.4167512e-22)
(7.9929718e-06 8.8674429e-07 9.0373658e-23)
(7.0008017e-06 8.9115258e-07 8.5736725e-24)
(6.0185184e-06 8.8203018e-07 2.4078524e-23)
(5.0601003e-06 8.5859395e-07 2.5720314e-23)
(4.1402898e-06 8.2008705e-07 1.5026463e-23)
(3.2745419e-06 7.6580749e-07 -2.4549e-23)
(2.4789162e-06 6.9516788e-07 -4.468551e-24)
(1.7698509e-06 6.0781843e-07 -1.9502056e-23)
(1.1636961e-06 5.0391103e-07 -5.5771129e-24)
(6.7569256e-07 3.8459558e-07 2.4711851e-24)
(3.1812929e-07 2.5337676e-07 1.3682664e-24)
(9.4642613e-08 1.1687071e-07 -9.273155e-25)
)
;
        gradient        nonuniform List<vector> 
50
(
(-0.00016562849 0.00058333286 -3.0343538e-53)
(8.9450628e-05 0.00063072275 4.6286783e-37)
(0.00032530819 0.00026772394 -2.4254759e-20)
(0.00029898519 -0.00040593744 -1.9249683e-20)
(0.00023818249 -0.0011451835 -9.1253925e-321)
(0.00019409165 -0.0016563317 1.7299619e-35)
(0.00020325315 -0.0020952804 1.2830732e-20)
(0.00011784126 -0.0021010526 2.1004202e-20)
(2.8439417e-05 -0.0020448703 1.2873913e-35)
(6.4952276e-06 -0.0022136343 2.0584269e-51)
(-5.1692316e-05 -0.0022127636 0)
(-8.2525845e-05 -0.0021582178 0)
(-0.00010505656 -0.0020627382 3.6480666e-309)
(-0.00012180826 -0.0019408216 2.3758239e-277)
(-0.00013522434 -0.0017990742 -9.4078301e-245)
(-0.00014631286 -0.001641714 4.463276e-212)
(-0.00015559872 -0.0014715743 1.9462352e-196)
(-0.00016333246 -0.0012908602 2.1104399e-180)
(-0.0001696366 -0.001101469 -6.5533977e-165)
(-0.00017457034 -0.00090515069 2.0207166e-150)
(-0.00017816231 -0.00070358508 -6.6848348e-117)
(-0.00018042638 -0.00049841798 -1.2949555e-85)
(-0.00018136921 -0.00029127904 -1.540076e-52)
(-0.00018099403 -8.379016e-05 -1.0573546e-18)
(-0.00017930237 0.00012243045 -1.1856771e-18)
(-0.00017629497 0.00032576639 -5.9435252e-34)
(-0.00017197218 0.0005246021 0)
(-0.00016633419 0.00071732246 0)
(-0.00015938109 0.00090231256 0)
(-0.00015111295 0.0010779576 4.0308245e-19)
(-0.00014152981 0.0012426429 1.1718716e-18)
(-0.00013063173 0.0013947538 1.4235224e-18)
(-0.00011841879 0.0015326757 6.9292447e-19)
(-0.0001048911 0.0016547942 6.8828902e-19)
(-9.0048845e-05 0.0017594951 4.8183264e-19)
(-7.3892433e-05 0.0018451645 4.0473392e-19)
(-5.6422652e-05 0.0019101896 -7.5141938e-19)
(-3.7641164e-05 0.0019529595 -5.6670049e-19)
(-1.7551448e-05 0.0019718671 3.6149463e-19)
(3.8391978e-06 0.0019653138 3.429469e-20)
(2.6515604e-05 0.0019317179 9.6314096e-20)
(5.044612e-05 0.0018695342 1.0288126e-19)
(7.556467e-05 0.001777293 6.0105852e-20)
(0.00010173331 0.001653683 -9.8195998e-20)
(0.00012866519 0.0014977256 -1.7874204e-20)
(0.00015575827 0.0013091317 -7.8008223e-20)
(0.0001817912 0.0010890933 -2.2308452e-20)
(0.00020403351 0.00084165258 9.8847403e-21)
(0.00021803351 0.00057836019 5.4730656e-21)
(0.00020639287 0.0003167005 -3.709262e-21)
)
;
    }
    sclera_tm_gap
    {
        type            solidTraction;
        nonOrthogonalCorrections true;
        useUndeformedArea false;
        traction        uniform (0 0 0);
        pressure        uniform 1500;
        secondOrder     false;
        extrapolateValue false;
        setEffectiveTraction false;
        relaxationFactor 1;
        value           nonuniform List<vector> 6((1.9188908e-06 -1.0255478e-06 0) (4.922816e-06 -9.4316677e-08 -1.1952122e-24) (2.0665562e-06 -6.4546284e-07 0) (2.4563416e-06 -4.85069e-07 0) (3.1615396e-06 -3.4465483e-07 -9.2540595e-24) (4.1110786e-06 -3.1819515e-07 3.4450605e-23));
        gradient        nonuniform List<vector> 6((-0.00047563536 3.154569e-06 0) (-0.00080323897 -0.00096401644 -4.7587152e-21) (0.00044260529 0.00053745482 0) (0.0002465111 0.0010949877 0) (0.00013692859 0.0016547405 -3.7016238e-20) (0.00020521758 0.0017612789 1.3780242e-19));
    }
    sclera_L_bottom
    {
        type            solidTraction;
        nonOrthogonalCorrections true;
        useUndeformedArea false;
        traction        uniform (0 0 0);
        pressure        uniform 0;
        secondOrder     false;
        extrapolateValue false;
        setEffectiveTraction false;
        relaxationFactor 1;
        value           nonuniform List<vector> 2((-2.8565205e-06 -1.0398736e-06 0) (-2.831104e-06 -7.5962182e-07 0));
        gradient        nonuniform List<vector> 2((-0.00047801613 9.794881e-05 0) (-0.0004634469 -0.00014946901 0));
    }
    sclera_L_top
    {
        type            fixedValue;
        value           uniform (0 0 0);
    }
    sclera_L_inner
    {
        type            solidTraction;
        nonOrthogonalCorrections true;
        useUndeformedArea false;
        traction        uniform (0 0 0);
        pressure        uniform 1500;
        secondOrder     false;
        extrapolateValue false;
        setEffectiveTraction false;
        relaxationFactor 1;
        value           nonuniform List<vector> 
44
(
(-2.0669782e-06 -1.1193487e-06 1.2554752e-40)
(-5.288947e-06 4.853376e-07 0)
(-6.2779436e-06 7.1741831e-07 0)
(-7.3496476e-06 7.7437426e-07 0)
(-8.4632827e-06 7.8431698e-07 0)
(-9.5640272e-06 7.6249373e-07 0)
(-1.0626785e-05 7.2230564e-07 0)
(-1.1634624e-05 6.693699e-07 0)
(-1.2575922e-05 6.0691153e-07 0)
(-1.3441817e-05 5.3683961e-07 0)
(-1.422521e-05 4.6048272e-07 0)
(-1.4920252e-05 3.7889218e-07 0)
(-1.5522122e-05 2.9299025e-07 0)
(-1.6026906e-05 2.0363846e-07 0)
(-1.6431549e-05 1.1166975e-07 -1.4910239e-86)
(-1.6733831e-05 1.7903599e-08 -4.134056e-72)
(-1.6932352e-05 -7.6846896e-08 8.4795218e-39)
(-1.7026531e-05 -1.7177164e-07 1.5759563e-22)
(-1.7016598e-05 -2.6606195e-07 3.7944889e-23)
(-1.6903595e-05 -3.5890985e-07 1.5028002e-38)
(-1.6689379e-05 -4.4950764e-07 -7.153983e-54)
(-1.6376614e-05 -5.3704783e-07 2.1413684e-68)
(-1.5968779e-05 -6.2072297e-07 0)
(-1.5470162e-05 -6.9972567e-07 -7.273256e-23)
(-1.4885863e-05 -7.7324857e-07 -2.4182727e-22)
(-1.4221793e-05 -8.4048433e-07 -3.2247948e-22)
(-1.3484673e-05 -9.0062563e-07 -1.7874537e-22)
(-1.2682037e-05 -9.5286523e-07 -1.3504749e-22)
(-1.1822229e-05 -9.9639595e-07 -1.6064314e-22)
(-1.0914403e-05 -1.0304108e-06 -7.0827051e-23)
(-9.9685242e-06 -1.0541031e-06 1.1707912e-22)
(-8.9953681e-06 -1.0666669e-06 1.0615621e-22)
(-8.0065181e-06 -1.0672976e-06 -9.1965991e-23)
(-7.0143635e-06 -1.0551939e-06 -2.6224649e-24)
(-6.0320937e-06 -1.0295605e-06 -7.6928797e-24)
(-5.0736862e-06 -9.8961591e-07 -3.1578781e-23)
(-4.1538809e-06 -9.3460667e-07 -8.5652693e-24)
(-3.2881271e-06 -8.6383925e-07 2.1433134e-23)
(-2.4924707e-06 -7.7674646e-07 1.8220833e-23)
(-1.7833174e-06 -6.7302741e-07 2.2685785e-23)
(-1.1769378e-06 -5.5295037e-07 4.1690899e-24)
(-6.8838792e-07 -4.1795287e-07 -1.9313203e-24)
(-3.2947341e-07 -2.7218363e-07 1.9803799e-24)
(-1.0291305e-07 -1.2404154e-07 4.6169016e-24)
)
;
        gradient        nonuniform List<vector> 
44
(
(-0.00021635712 -0.0003726693 -1.4126085e-36)
(-0.00066168099 0.0013500592 0)
(-0.00023578517 0.0020511618 0)
(-5.4877245e-05 0.0021752233 0)
(9.2801278e-06 0.0022041292 0)
(5.0106374e-05 0.002153487 0)
(7.5444153e-05 0.0020610113 0)
(9.3580867e-05 0.0019401138 0)
(0.00010753643 0.0017988277 0)
(0.00011885527 0.0016416528 0)
(0.00012823593 0.0014715907 0)
(0.00013600931 0.0012909084 0)
(0.00014233002 0.0011015298 0)
(0.00014727082 0.00090521615 0)
(0.00015086594 0.00070365178 4.6530392e-84)
(0.0001531315 0.00049848443 -1.7060893e-68)
(0.0001540751 0.00029134454 3.4824546e-34)
(0.00015370035 8.3854365e-05 6.3038252e-19)
(0.00015200896 -0.00012236776 1.5177956e-19)
(0.00014900176 -0.00032570535 2.0425414e-34)
(0.00014467914 -0.00052454283 1.4782385e-50)
(0.0001390413 -0.00071726504 5.1660016e-65)
(0.00013208837 -0.00090225708 0)
(0.0001238204 -0.0010779041 -2.9093024e-19)
(0.00011423747 -0.0012425915 -9.673091e-19)
(0.00010333959 -0.0013947045 -1.2899179e-18)
(9.1126856e-05 -0.0015326286 -7.1498148e-19)
(7.7599348e-05 -0.0016547494 -5.4018997e-19)
(6.2757254e-05 -0.0017594525 -6.4257257e-19)
(4.6600993e-05 -0.0018451242 -2.8330821e-19)
(2.91314e-05 -0.0019101518 4.6831647e-19)
(1.0350224e-05 -0.0019529242 4.2462485e-19)
(-9.7388962e-06 -0.0019718348 -3.6786396e-19)
(-3.112828e-05 -0.0019652849 -1.048986e-20)
(-5.3801798e-05 -0.001931694 -3.0771519e-20)
(-7.772543e-05 -0.0018695186 -1.2631513e-19)
(-0.00010282739 -0.0017772937 -3.4261077e-20)
(-0.00012895606 -0.0016537194 8.5732534e-20)
(-0.00015579166 -0.0014978437 7.2883332e-20)
(-0.0001826538 -0.0013094431 9.0743138e-20)
(-0.00020812674 -0.0010898609 1.667636e-20)
(-0.00022905025 -0.00084354132 -7.7252813e-21)
(-0.00023975506 -0.00058276455 7.9215195e-21)
(-0.00022210716 -0.00032799589 1.8467607e-20)
)
;
    }
    sclera_L_outer
    {
        type            solidTraction;
        nonOrthogonalCorrections true;
        useUndeformedArea false;
        traction        uniform (0 0 0);
        pressure        uniform 0;
        secondOrder     false;
        extrapolateValue false;
        setEffectiveTraction false;
        relaxationFactor 1;
        value           nonuniform List<vector> 
50
(
(-2.673836e-06 -5.7642341e-07 -1.207598e-90)
(-2.2477756e-06 -5.5719094e-07 1.0065664e-74)
(-2.0468722e-06 -6.8339858e-07 1.2070662e-40)
(-2.0295312e-06 -8.8132772e-07 -1.5785733e-41)
(-2.453155e-06 -1.045131e-06 0)
(-3.1747463e-06 -1.1724446e-06 1.8087756e-23)
(-4.109528e-06 -1.28236e-06 4.5575821e-23)
(-5.2706208e-06 -1.4209381e-06 1.6129193e-23)
(-6.219869e-06 -1.4270004e-06 1.3879347e-39)
(-7.3250605e-06 -1.4558631e-06 -2.1157962e-55)
(-8.4438648e-06 -1.4349792e-06 0)
(-9.5481845e-06 -1.3923913e-06 5.5790684e-23)
(-1.0612191e-05 -1.333646e-06 -1.1422454e-22)
(-1.1620588e-05 -1.263392e-06 -1.4694259e-22)
(-1.2562112e-05 -1.1840769e-06 -7.5043753e-55)
(-1.3428102e-05 -1.0973489e-06 0)
(-1.4211534e-05 -1.004418e-06 -7.765004e-54)
(-1.4906593e-05 -9.062877e-07 1.9692768e-38)
(-1.5508469e-05 -8.0386033e-07 -1.0311916e-22)
(-1.6013256e-05 -6.9798904e-07 -1.4577305e-22)
(-1.64179e-05 -5.895033e-07 -2.8713332e-22)
(-1.6720183e-05 -4.7922115e-07 -2.1479162e-22)
(-1.6918705e-05 -3.6795511e-07 -2.1285849e-22)
(-1.7012884e-05 -2.5651505e-07 -1.7827336e-22)
(-1.7002951e-05 -1.4570957e-07 -1.604478e-22)
(-1.6889948e-05 -3.6346633e-08 2.2915273e-38)
(-1.6675732e-05 7.0766075e-08 4.0354272e-53)
(-1.6362967e-05 1.7482105e-07 3.8476393e-68)
(-1.5955132e-05 2.7501084e-07 0)
(-1.5456515e-05 3.7052809e-07 1.6775252e-53)
(-1.4872216e-05 4.6056544e-07 -2.0650573e-38)
(-1.4208146e-05 5.4431557e-07 2.5714393e-22)
(-1.3471026e-05 6.2097119e-07 3.2614503e-22)
(-1.266839e-05 6.8972507e-07 4.3265561e-23)
(-1.1808582e-05 7.4977002e-07 -5.7779235e-38)
(-1.0900756e-05 8.0029903e-07 0)
(-9.9548776e-06 8.4050544e-07 0)
(-8.9817216e-06 8.6958323e-07 0)
(-7.9928718e-06 8.8672777e-07 0)
(-7.0007177e-06 8.9113734e-07 0)
(-6.0184491e-06 8.8201623e-07 0)
(-5.0600444e-06 8.5858131e-07 0)
(-4.1402459e-06 8.2007576e-07 0)
(-3.2745086e-06 7.6579761e-07 0)
(-2.4788921e-06 6.9515946e-07 0)
(-1.7698344e-06 6.0781152e-07 -1.142025e-23)
(-1.1636858e-06 5.0390566e-07 1.8605091e-23)
(-6.756869e-07 3.8459176e-07 2.605397e-23)
(-3.1812677e-07 2.5337444e-07 0)
(-9.4641882e-08 1.1686975e-07 0)
)
;
        gradient        nonuniform List<vector> 
50
(
(0.00016562523 0.00058332463 -2.8577301e-89)
(-8.9453822e-05 0.00063071178 4.0262658e-71)
(-0.00032531131 0.00026770414 -1.8225167e-36)
(-0.00029898763 -0.00040596401 -1.3366736e-36)
(-0.00023818649 -0.0011452195 0)
(-0.00019409637 -0.0016563767 7.2351024e-20)
(-0.00020325998 -0.0020953367 1.8230328e-19)
(-0.00011784676 -0.0021011112 6.4516771e-20)
(-2.8442626e-05 -0.0020449299 2.0869323e-35)
(-6.4980065e-06 -0.002213701 1.0810602e-52)
(5.1690887e-05 -0.0022128331 0)
(8.2525028e-05 -0.002158289 2.2316274e-19)
(0.00010505616 -0.0020628102 -4.5689815e-19)
(0.00012180815 -0.001940894 -5.8777038e-19)
(0.00013522447 -0.0017991466 7.2815981e-51)
(0.00014631318 -0.0016417862 0)
(0.00015559918 -0.0014716461 1.5643922e-50)
(0.00016333304 -0.0012909314 -1.170895e-34)
(0.00016963728 -0.0011015394 -4.1247665e-19)
(0.00017457113 -0.00090522024 -5.8309222e-19)
(0.00017816322 -0.00070365356 -1.1485333e-18)
(0.00018042739 -0.00049848525 -8.591665e-19)
(0.00018137033 -0.00029134496 -8.5143394e-19)
(0.00018099523 -8.3854617e-05 -7.1309345e-19)
(0.00017930365 0.00012236758 -6.4179121e-19)
(0.00017629632 0.00032570521 -1.1273325e-33)
(0.0001719736 0.0005245427 -4.1397168e-50)
(0.00016633568 0.00071726493 -6.5484035e-65)
(0.00015938267 0.00090225696 0)
(0.00015111461 0.001077904 6.5462186e-50)
(0.00014153156 0.0012425914 -9.1725349e-34)
(0.00013063353 0.0013947044 1.0285757e-18)
(0.00011842062 0.0015326285 1.3045801e-18)
(0.00010489294 0.0016547492 1.7306225e-19)
(9.0050683e-05 0.0017594523 -5.5982472e-34)
(7.3894272e-05 0.0018451241 0)
(5.6424511e-05 0.0019101516 0)
(3.7643075e-05 0.0019529239 0)
(1.755344e-05 0.001971834 0)
(-3.8371075e-06 0.0019652832 0)
(-2.6513414e-05 0.0019316899 0)
(-5.044384e-05 0.0018695089 0)
(-7.5562318e-05 0.0017772704 0)
(-0.0001017309 0.0016536633 0)
(-0.00012866274 0.0014977089 0)
(-0.00015575579 0.001309118 -4.5680998e-20)
(-0.00018178871 0.0010890825 7.4420362e-20)
(-0.00020403106 0.00084164483 1.0421588e-19)
(-0.00021803122 0.00057835526 0)
(-0.000206391 0.00031669798 0)
)
;
    }
    sclera_tm_gap_left
    {
        type            solidTraction;
        nonOrthogonalCorrections true;
        useUndeformedArea false;
        traction        uniform (0 0 0);
        pressure        uniform 1500;
        secondOrder     false;
        extrapolateValue false;
        setEffectiveTraction false;
        relaxationFactor 1;
        value           nonuniform List<vector> 6((-1.9177627e-06 -1.0255521e-06 5.3392032e-24) (-4.9217771e-06 -9.4308753e-08 -1.0103763e-24) (-2.0654362e-06 -6.4546706e-07 -4.5667038e-23) (-2.4552372e-06 -4.8507038e-07 0) (-3.1604547e-06 -3.4465414e-07 4.7128795e-39) (-4.1100189e-06 -3.1819452e-07 6.6475843e-23));
        gradient        nonuniform List<vector> 6((0.00047563129 3.1463137e-06 2.6696016e-20) (0.00080326252 -0.00096404231 -4.0227946e-21) (-0.00044260777 0.00053747863 -1.8266815e-19) (-0.00024651515 0.0010950229 8.9623508e-321) (-0.00013693027 0.0016547853 1.0782316e-34) (-0.00020522351 0.0017613251 2.6590337e-19));
    }
    sclera_top_bottom
    {
        type            solidTraction;
        nonOrthogonalCorrections true;
        useUndeformedArea false;
        traction        uniform (0 0 0);
        pressure        uniform 1500;
        secondOrder     false;
        extrapolateValue false;
        setEffectiveTraction false;
        relaxationFactor 1;
        value           nonuniform List<vector> 
42
(
(3.8769769e-07 3.1074528e-07 0)
(8.7125837e-07 1.6560874e-06 0)
(1.2971449e-06 3.8944548e-06 0)
(1.6552655e-06 6.9112827e-06 0)
(1.9440143e-06 1.0570696e-05 0)
(2.1657318e-06 1.4736817e-05 3.0365486e-145)
(2.3239631e-06 1.9279291e-05 -7.1824788e-130)
(2.4226441e-06 2.4075133e-05 -5.7507001e-115)
(2.4658355e-06 2.9009321e-05 9.5185849e-99)
(2.4576371e-06 3.3974983e-05 8.20813e-84)
(2.4021605e-06 3.8873451e-05 5.1803261e-69)
(2.3035201e-06 4.3614285e-05 2.7833423e-54)
(2.1658307e-06 4.8115273e-05 -9.9444383e-38)
(1.9932065e-06 5.2302431e-05 6.7274209e-22)
(1.7897609e-06 5.6110002e-05 6.1372961e-22)
(1.5596061e-06 5.9480458e-05 -4.0606465e-22)
(1.3068533e-06 6.236449e-05 3.2714453e-55)
(1.0356126e-06 6.4721014e-05 -1.0533002e-72)
(7.4999317e-07 6.6517164e-05 0)
(4.5410378e-07 6.7728289e-05 -9.5446432e-103)
(1.520526e-07 6.833796e-05 9.556751e-87)
(-1.5205247e-07 6.833796e-05 3.1877903e-71)
(-4.5410364e-07 6.7728289e-05 3.4630444e-55)
(-7.49993e-07 6.6517164e-05 1.809079e-38)
(-1.0356124e-06 6.4721015e-05 9.7926661e-22)
(-1.3068531e-06 6.2364491e-05 1.0295286e-21)
(-1.5596059e-06 5.9480458e-05 -3.3341185e-22)
(-1.7897607e-06 5.6110003e-05 -9.0913828e-23)
(-1.9932064e-06 5.2302431e-05 4.1927305e-38)
(-2.1658306e-06 4.8115274e-05 1.0310091e-53)
(-2.30352e-06 4.3614286e-05 0)
(-2.4021604e-06 3.8873452e-05 0)
(-2.4576371e-06 3.3974983e-05 2.2204536e-99)
(-2.4658355e-06 2.9009322e-05 3.3429957e-84)
(-2.4226441e-06 2.4075133e-05 -3.7052284e-70)
(-2.3239631e-06 1.9279291e-05 4.0494554e-54)
(-2.1657318e-06 1.4736818e-05 -1.13597e-38)
(-1.9440144e-06 1.0570697e-05 7.0655653e-24)
(-1.6552656e-06 6.9112829e-06 8.0563545e-23)
(-1.2971449e-06 3.8944549e-06 3.699649e-23)
(-8.7125842e-07 1.6560875e-06 0)
(-3.8769771e-07 3.1074529e-07 0)
)
;
        gradient        nonuniform List<vector> 
42
(
(0.00084621369 0.00037536999 0)
(0.0017918481 0.0003724419 0)
(0.002627587 0.00032112551 0)
(0.0033381064 0.00026502374 0)
(0.0039127493 0.00020922245 0)
(0.0043542759 0.00015582894 2.2245029e-141)
(0.0046691339 0.00010549588 -5.3022358e-126)
(0.0048649892 5.8434092e-05 -6.2313337e-111)
(0.004949897 1.4710706e-05 1.6036416e-95)
(0.0049320358 -2.5653446e-05 4.464207e-80)
(0.004819622 -6.2652416e-05 -8.418798e-65)
(0.004620882 -9.6284899e-05 -1.3107672e-49)
(0.0043440446 -0.00012655099 -1.3945153e-33)
(0.0039973382 -0.00015345124 2.6909684e-18)
(0.0035889892 -0.00017698646 2.4549184e-18)
(0.0031272224 -0.00019715755 -1.6242586e-18)
(0.0026202599 -0.00021396542 9.3145463e-53)
(0.0020763218 -0.00022741084 6.8955358e-69)
(0.0015036267 -0.00023749438 0)
(0.00091039165 -0.00024421648 -1.3332226e-99)
(0.00030483315 -0.00024757743 7.2916423e-84)
(-0.00030483308 -0.00024757741 3.6506654e-68)
(-0.00091039154 -0.00024421643 -1.441624e-52)
(-0.0015036265 -0.00023749435 5.3952127e-34)
(-0.0020763217 -0.00022741083 3.9170664e-18)
(-0.0026202597 -0.00021396544 4.1181143e-18)
(-0.0031272223 -0.00019715757 -1.3336474e-18)
(-0.0035889891 -0.00017698646 -3.6365531e-19)
(-0.003997338 -0.00015345123 2.5444991e-34)
(-0.0043440446 -0.00012655098 -1.1049474e-49)
(-0.004620882 -9.6284913e-05 0)
(-0.0048196221 -6.265244e-05 0)
(-0.004932036 -2.5653454e-05 3.824462e-96)
(-0.0049498972 1.4710731e-05 1.4538113e-80)
(-0.0048649893 5.8434131e-05 -1.8127152e-65)
(-0.004669134 0.0001054959 -2.4582519e-50)
(-0.004354276 0.00015582893 -7.2403762e-35)
(-0.0039127494 0.00020922244 2.8262261e-20)
(-0.0033381064 0.00026502375 3.2225418e-19)
(-0.0026275871 0.00032112553 1.4798596e-19)
(-0.0017918481 0.00037244193 0)
(-0.00084621371 0.00037537001 0)
)
;
    }
    sclera_top_top
    {
        type            solidTraction;
        nonOrthogonalCorrections true;
        useUndeformedArea false;
        traction        uniform (0 0 0);
        pressure        uniform 0;
        secondOrder     false;
        extrapolateValue false;
        setEffectiveTraction false;
        relaxationFactor 1;
        value           nonuniform List<vector> 
42
(
(-3.8777715e-07 3.1059156e-07 0)
(-8.7140171e-07 1.6559029e-06 0)
(-1.2973009e-06 3.8942588e-06 0)
(-1.6554196e-06 6.9110831e-06 0)
(-1.9441617e-06 1.0570496e-05 0)
(-2.1658709e-06 1.4736616e-05 0)
(-2.3240935e-06 1.9279089e-05 0)
(-2.4227656e-06 2.4074932e-05 0)
(-2.465948e-06 2.900912e-05 0)
(-2.4577406e-06 3.3974781e-05 0)
(-2.402255e-06 3.8873249e-05 0)
(-2.3036057e-06 4.3614084e-05 0)
(-2.1659073e-06 4.8115071e-05 0)
(-1.9932741e-06 5.2302229e-05 0)
(-1.7898195e-06 5.6109801e-05 0)
(-1.5596557e-06 5.9480256e-05 0)
(-1.3068938e-06 6.2364289e-05 0)
(-1.0356441e-06 6.4720813e-05 0)
(-7.5001567e-07 6.6516962e-05 0)
(-4.5411725e-07 6.7728088e-05 0)
(-1.5205703e-07 6.8337759e-05 0)
(1.5205708e-07 6.8337759e-05 0)
(4.5411729e-07 6.7728088e-05 0)
(7.5001569e-07 6.6516962e-05 0)
(1.0356441e-06 6.4720813e-05 0)
(1.3068939e-06 6.236429e-05 0)
(1.5596557e-06 5.9480257e-05 0)
(1.7898195e-06 5.6109802e-05 0)
(1.9932742e-06 5.230223e-05 0)
(2.1659074e-06 4.8115072e-05 0)
(2.3036058e-06 4.3614085e-05 0)
(2.4022552e-06 3.887325e-05 0)
(2.4577409e-06 3.3974782e-05 0)
(2.4659482e-06 2.9009121e-05 0)
(2.4227658e-06 2.4074932e-05 0)
(2.3240936e-06 1.927909e-05 0)
(2.165871e-06 1.4736616e-05 0)
(1.9441618e-06 1.0570496e-05 0)
(1.6554196e-06 6.9110832e-06 0)
(1.2973008e-06 3.8942589e-06 0)
(8.7140171e-07 1.6559029e-06 0)
(3.8777714e-07 3.1059155e-07 0)
)
;
        gradient        nonuniform List<vector> 
42
(
(-0.00084611243 0.00037503695 0)
(-0.0017918269 0.00037207771 0)
(-0.0026275795 0.00032073444 0)
(-0.0033381039 0.00026462477 0)
(-0.0039127485 0.00020882086 0)
(-0.0043542757 0.00015542652 0)
(-0.0046691338 0.0001050932 0)
(-0.0048649892 5.8031335e-05 0)
(-0.004949897 1.4307916e-05 0)
(-0.0049320359 -2.6056251e-05 0)
(-0.004819622 -6.3055217e-05 0)
(-0.004620882 -9.6687685e-05 0)
(-0.0043440446 -0.00012695376 0)
(-0.0039973382 -0.00015385403 0)
(-0.0035889892 -0.00017738926 0)
(-0.0031272224 -0.00019756037 0)
(-0.0026202599 -0.00021436823 0)
(-0.0020763218 -0.00022781363 0)
(-0.0015036267 -0.00023789715 0)
(-0.00091039165 -0.00024461925 0)
(-0.00030483315 -0.00024798021 0)
(0.00030483309 -0.00024798022 0)
(0.00091039154 -0.00024461926 0)
(0.0015036265 -0.00023789717 0)
(0.0020763217 -0.00022781364 0)
(0.0026202597 -0.00021436823 0)
(0.0031272223 -0.00019756036 0)
(0.0035889891 -0.00017738926 0)
(0.003997338 -0.00015385405 0)
(0.0043440446 -0.00012695382 0)
(0.004620882 -9.6687748e-05 0)
(0.0048196221 -6.3055264e-05 0)
(0.004932036 -2.6056271e-05 0)
(0.0049498972 1.4307916e-05 0)
(0.0048649893 5.8031334e-05 0)
(0.0046691339 0.00010509319 0)
(0.0043542758 0.00015542651 0)
(0.0039127486 0.00020882087 0)
(0.003338104 0.00026462477 0)
(0.0026275795 0.00032073442 0)
(0.001791827 0.00037207771 0)
(0.00084611244 0.00037503695 0)
)
;
    }
    sclera_top_left
    {
        type            fixedValue;
        value           uniform (0 0 0);
    }
    sclera_top_right
    {
        type            fixedValue;
        value           uniform (0 0 0);
    }
    front
    {
        type            empty;
    }
    back
    {
        type            empty;
    }
}


// ************************************************************************* //
