/*--------------------------------*- C++ -*----------------------------------*\
| =========                 |                                                 |
| \\      /  F ield         | OpenFOAM: The Open Source CFD Toolbox           |
|  \\    /   O peration     | Version:  2512                                  |
|   \\  /    A nd           | Website:  www.openfoam.com                      |
|    \\/     M anipulation  |                                                 |
\*---------------------------------------------------------------------------*/
FoamFile
{
    version     2.0;
    format      ascii;
    arch        "LSB;label=32;scalar=64";
    class       pointVectorField;
    location    "3.8";
    object      pointD;
}
// * * * * * * * * * * * * * * * * * * * * * * * * * * * * * * * * * * * * * //

dimensions      [0 1 0 0 0 0 0];

internalField   nonuniform List<vector> 
462
(
(4.3940703e-05 5.1699996e-05 0)
(0 0 0)
(0 0 0)
(0 0 0)
(0 0 0)
(0 0 0)
(0 0 0)
(0 0 0)
(0 0 0)
(0 0 0)
(3.2853023e-05 -4.3504462e-05 0)
(0.00013600713 0.00015083916 0)
(9.7506072e-05 8.2395067e-05 0)
(7.3990199e-05 4.9592666e-05 0)
(6.1763498e-05 3.0193923e-05 0)
(5.5214725e-05 1.5160815e-05 0)
(5.2004946e-05 1.6874675e-06 0)
(5.139505e-05 -1.1688298e-05 0)
(5.3759258e-05 -2.6341788e-05 0)
(6.0879937e-05 -4.4653234e-05 0)
(7.7255209e-05 -7.3802303e-05 0)
(0.00010563313 -0.00013145432 0)
(0.00023227078 0.00023939906 0)
(0.00019411175 0.00015817773 0)
(0.0001650152 0.00010361296 0)
(0.0001458333 6.446563e-05 0)
(0.00013422962 3.2928252e-05 0)
(0.00012826443 4.5853357e-06 0)
(0.00012714576 -2.3507466e-05 0)
(0.00013120265 -5.4162133e-05 0)
(0.00014186545 -9.1288715e-05 0)
(0.00016110858 -0.00014151225 0)
(0.00018876726 -0.00021469087 0)
(0.00033186891 0.0003179266 0)
(0.00029609556 0.00022651877 0)
(0.00026667854 0.00015567473 0)
(0.00024511467 9.9425375e-05 0)
(0.00023092578 5.1861716e-05 0)
(0.00022321689 8.3882326e-06 0)
(0.00022150575 -3.4726917e-05 0)
(0.00022593601 -8.111727e-05 0)
(0.0002371413 -0.00013507987 0)
(0.00025563062 -0.00020210595 0)
(0.00028058172 -0.00028825905 0)
(0.0004389157 0.00038894815 0)
(0.00040580348 0.00028761575 0)
(0.00037780254 0.00020359888 0)
(0.00035614909 0.00013281013 0)
(0.00034112715 7.0623323e-05 0)
(0.00033255053 1.2749508e-05 0)
(0.00033023827 -4.4738775e-05 0)
(0.00033420285 -0.00010573034 0)
(0.00034455573 -0.00017443474 0)
(0.00036115305 -0.00025551256 0)
(0.00038317771 -0.00035361912 0)
(0.00055422198 0.00045249571 0)
(0.00052379582 0.00034200149 0)
(0.0004976978 0.00024683459 0)
(0.00047692926 0.00016360034 0)
(0.00046202483 8.8420182e-05 0)
(0.00045315063 1.7396255e-05 0)
(0.00045031262 -5.3278778e-05 0)
(0.00045346479 -0.00012742007 0)
(0.00046246536 -0.00020898507 0)
(0.00047691651 -0.00030208297 0)
(0.00049603391 -0.00041073378 0)
(0.00067740631 0.00050883526 0)
(0.00064955496 0.00039018901 0)
(0.00062543611 0.00028543923 0)
(0.00060590792 0.00019148391 0)
(0.00059156299 0.00010489988 0)
(0.00058271105 2.215255e-05 0)
(0.00057945001 -6.0315318e-05 0)
(0.00058171431 -0.00014609356 0)
(0.00058925817 -0.00023883803 0)
(0.00060159301 -0.00034225031 0)
(0.00061795333 -0.00045996616 0)
(0.00080754512 0.00055832424 0)
(0.00078211445 0.00043265296 0)
(0.00075990452 0.00031967675 0)
(0.00074169797 0.00021648213 0)
(0.00072808288 0.00011996708 0)
(0.00071941349 2.692083e-05 0)
(0.00071582312 -6.5923382e-05 0)
(0.00071723986 -0.00016187293 0)
(0.00072338018 -0.00026427185 0)
(0.00073372706 -0.00037647718 0)
(0.0007475236 -0.00050180775 0)
(0.00094352349 0.00060139297 0)
(0.00092034159 0.00046984462 0)
(0.00089991763 0.00034987676 0)
(0.0008829977 0.00023875788 0)
(0.00087015073 0.00013365525 0)
(0.00086173451 3.1654547e-05 0)
(0.00085788891 -7.0214758e-05 0)
(0.00085853727 -0.00017496255 0)
(0.00086338308 -0.00028562397 0)
(0.00087190296 -0.00040523835 0)
(0.00088334604 -0.0005368219 0)
(0.0010841872 0.00063851728 0)
(0.0010630749 0.00050220584 0)
(0.0010442968 0.00037638524 0)
(0.0010285832 0.0002585272 0)
(0.0010164841 0.00014605447 0)
(0.0010083465 3.633502e-05 0)
(0.0010043034 -7.3309818e-05 0)
(0.0010042713 -0.00018559341 0)
(0.0010079481 -0.0003032494 0)
(0.0010148111 -0.00042901316 0)
(0.0010241166 -0.00056560174 0)
(0.0012284157 0.00067020383 0)
(0.0012091925 0.0005301759 0)
(0.001191918 0.00039954801 0)
(0.0011773168 0.00027602062 0)
(0.0011659242 0.00015727454 0)
(0.0011580718 4.0954996e-05 0)
(0.0011538802 -7.5330063e-05 0)
(0.0011532563 -0.00019400336 0)
(0.0011558932 -0.00031750601 0)
(0.0011612706 -0.00044828029 0)
(0.0011686549 -0.00058874952 0)
(0.0013751596 0.0006969802 0)
(0.0013576475 0.00055419368 0)
(0.0013417393 0.00041970518 0)
(0.0013281583 0.00029146695 0)
(0.0013174276 0.00016742682 0)
(0.0013098635 4.5507884e-05 0)
(0.0013055711 -7.6398847e-05 0)
(0.0013044455 -0.000200432 0)
(0.001306173 -0.0003287499 0)
(0.0013102354 -0.00046351388 0)
(0.0013159126 -0.00060686475 0)
(0.0015234617 0.00071938807 0)
(0.0015074892 0.00057469744 0)
(0.001492819 0.00043718926 0)
(0.0014801736 0.00030508667 0)
(0.0014700663 0.00017661561 0)
(0.0014627979 4.9981006e-05 0)
(0.0014584571 -7.6644506e-05 0)
(0.0014569241 -0.00020512118 0)
(0.0014578757 -0.0003373346 0)
(0.0014607935 -0.00047518031 0)
(0.001464974 -0.0006205366 0)
(0.0016724711 0.00073797798 0)
(0.0016578775 0.00059212292 0)
(0.0016443282 0.00045232448 0)
(0.0016325437 0.00031708963 0)
(0.0016230297 0.00018493437 0)
(0.0016160723 5.435173e-05 0)
(0.0016117427 -7.6203595e-05 0)
(0.0016099044 -0.00020831755 0)
(0.0016102201 -0.00034361201 0)
(0.0016121652 -0.00048373508 0)
(0.0016150541 -0.00063033674 0)
(0.0018214557 0.00075330355 0)
(0.0018080969 0.00060690023 0)
(0.0017955625 0.00046542723 0)
(0.0017845721 0.00032767549 0)
(0.0017756283 0.00019246513 0)
(0.0017690033 5.8586202e-05 0)
(0.0017647509 -7.5223072e-05 0)
(0.001762718 -0.00021027614 0)
(0.0017625488 -0.00034793541 0)
(0.0017636992 -0.00048961958 0)
(0.0017654944 -0.00063680889 0)
(0.0019698144 0.00076590114 0)
(0.0019575737 0.00061944882 0)
(0.001945955 0.00047680943 0)
(0.0019356923 0.00033703668 0)
(0.0019272979 0.00019928043 0)
(0.0019210267 6.2641514e-05 0)
(0.0019169153 -7.3859441e-05 0)
(0.001914802 -0.00021126422 0)
(0.0019143147 -0.00035066665 0)
(0.0019148645 -0.00049325799 0)
(0.0019157514 -0.00064044447 0)
(0.0021170628 0.00077623772 0)
(0.002105895 0.0006301687 0)
(0.0020950829 0.00048678854 0)
(0.0020854735 0.00034536274 0)
(0.0020776069 0.0002054463 0)
(0.0020717004 6.6473308e-05 0)
(0.0020677702 -7.2269478e-05 0)
(0.0020656711 -0.00021156147 0)
(0.0020650449 -0.00035219118 0)
(0.0020652235 -0.00049505554 0)
(0.0020653488 -0.00064160854 0)
(0.0022626813 0.00078431858 0)
(0.0022527539 0.0006394148 0)
(0.002242634 0.00049570098 0)
(0.0022336175 0.00035283394 0)
(0.0022262744 0.00021101955 0)
(0.002220721 7.0051659e-05 0)
(0.0022169454 -7.0579816e-05 0)
(0.002214868 -0.00021143864 0)
(0.0022142376 -0.00035293626 0)
(0.0022143074 -0.00049539596 0)
(0.0022136712 -0.00064022297 0)
(0.0024051787 0.00078891109 0)
(0.0023976758 0.00064741433 0)
(0.0023882821 0.00050388219 0)
(0.0023799812 0.00035956546 0)
(0.0023732282 0.00021602955 0)
(0.0023679754 7.3387425e-05 0)
(0.002364201 -6.8817646e-05 0)
(0.0023619216 -0.00021106015 0)
(0.00236111 -0.00035333383 0)
(0.0023611375 -0.00049457702 0)
(0.0023588473 -0.00063485418 0)
(0.0025384031 0.00078048991 0)
(0.0025376222 0.00065375573 0)
(0.00253132 0.0005112071 0)
(0.002524724 0.00036540539 0)
(0.0025187166 0.00022045842 0)
(0.002513616 7.6563055e-05 0)
(0.0025095534 -6.6822616e-05 0)
(0.0025064966 -0.00021020729 0)
(0.0025041883 -0.00035331741 0)
(0.0025018039 -0.00049245613 0)
(0.0024945261 -0.00061679292 0)
(0.0026276442 0.00074545924 0)
(0.0026638765 0.00065393889 0)
(0.0026730481 0.00051545349 0)
(0.0026693502 0.00037001374 0)
(0.0026635665 0.00022443701 0)
(0.0026581146 7.9748411e-05 0)
(0.00265361 -6.4383401e-05 0)
(0.0026495209 -0.00020822516 0)
(0.0026435953 -0.0003505185 0)
(0.0026260287 -0.00048501263 0)
(0.0025855429 -0.00057589172 0)
(4.3940703e-05 5.1699996e-05 0)
(0 0 0)
(0 0 0)
(0 0 0)
(0 0 0)
(0 0 0)
(0 0 0)
(0 0 0)
(0 0 0)
(0 0 0)
(3.2853023e-05 -4.3504462e-05 0)
(0.00013600713 0.00015083916 0)
(9.7506072e-05 8.2395067e-05 0)
(7.3990199e-05 4.9592666e-05 0)
(6.1763498e-05 3.0193923e-05 0)
(5.5214725e-05 1.5160815e-05 0)
(5.2004946e-05 1.6874675e-06 0)
(5.139505e-05 -1.1688298e-05 0)
(5.3759258e-05 -2.6341788e-05 0)
(6.0879937e-05 -4.4653234e-05 0)
(7.7255209e-05 -7.3802303e-05 0)
(0.00010563313 -0.00013145432 0)
(0.00023227078 0.00023939906 0)
(0.00019411175 0.00015817773 0)
(0.0001650152 0.00010361296 0)
(0.0001458333 6.446563e-05 0)
(0.00013422962 3.2928252e-05 0)
(0.00012826443 4.5853357e-06 0)
(0.00012714576 -2.3507466e-05 0)
(0.00013120265 -5.4162133e-05 0)
(0.00014186545 -9.1288715e-05 0)
(0.00016110858 -0.00014151225 0)
(0.00018876726 -0.00021469087 0)
(0.00033186891 0.0003179266 0)
(0.00029609556 0.00022651877 0)
(0.00026667854 0.00015567473 0)
(0.00024511467 9.9425375e-05 0)
(0.00023092578 5.1861716e-05 0)
(0.00022321689 8.3882326e-06 0)
(0.00022150575 -3.4726917e-05 0)
(0.00022593601 -8.111727e-05 0)
(0.0002371413 -0.00013507987 0)
(0.00025563062 -0.00020210595 0)
(0.00028058172 -0.00028825905 0)
(0.0004389157 0.00038894815 0)
(0.00040580348 0.00028761575 0)
(0.00037780254 0.00020359888 0)
(0.00035614909 0.00013281013 0)
(0.00034112715 7.0623323e-05 0)
(0.00033255053 1.2749508e-05 0)
(0.00033023827 -4.4738775e-05 0)
(0.00033420285 -0.00010573034 0)
(0.00034455573 -0.00017443474 0)
(0.00036115305 -0.00025551256 0)
(0.00038317771 -0.00035361912 0)
(0.00055422198 0.00045249571 0)
(0.00052379582 0.00034200149 0)
(0.0004976978 0.00024683459 0)
(0.00047692926 0.00016360034 0)
(0.00046202483 8.8420182e-05 0)
(0.00045315063 1.7396255e-05 0)
(0.00045031262 -5.3278778e-05 0)
(0.00045346479 -0.00012742007 0)
(0.00046246536 -0.00020898507 0)
(0.00047691651 -0.00030208297 0)
(0.00049603391 -0.00041073378 0)
(0.00067740631 0.00050883526 0)
(0.00064955496 0.00039018901 0)
(0.00062543611 0.00028543923 0)
(0.00060590792 0.00019148391 0)
(0.00059156299 0.00010489988 0)
(0.00058271105 2.215255e-05 0)
(0.00057945001 -6.0315318e-05 0)
(0.00058171431 -0.00014609356 0)
(0.00058925817 -0.00023883803 0)
(0.00060159301 -0.00034225031 0)
(0.00061795333 -0.00045996616 0)
(0.00080754512 0.00055832424 0)
(0.00078211445 0.00043265296 0)
(0.00075990452 0.00031967675 0)
(0.00074169797 0.00021648213 0)
(0.00072808288 0.00011996708 0)
(0.00071941349 2.692083e-05 0)
(0.00071582312 -6.5923382e-05 0)
(0.00071723986 -0.00016187293 0)
(0.00072338018 -0.00026427185 0)
(0.00073372706 -0.00037647718 0)
(0.0007475236 -0.00050180775 0)
(0.00094352349 0.00060139297 0)
(0.00092034159 0.00046984462 0)
(0.00089991763 0.00034987676 0)
(0.0008829977 0.00023875788 0)
(0.00087015073 0.00013365525 0)
(0.00086173451 3.1654547e-05 0)
(0.00085788891 -7.0214758e-05 0)
(0.00085853727 -0.00017496255 0)
(0.00086338308 -0.00028562397 0)
(0.00087190296 -0.00040523835 0)
(0.00088334604 -0.0005368219 0)
(0.0010841872 0.00063851728 0)
(0.0010630749 0.00050220584 0)
(0.0010442968 0.00037638524 0)
(0.0010285832 0.0002585272 0)
(0.0010164841 0.00014605447 0)
(0.0010083465 3.633502e-05 0)
(0.0010043034 -7.3309818e-05 0)
(0.0010042713 -0.00018559341 0)
(0.0010079481 -0.0003032494 0)
(0.0010148111 -0.00042901316 0)
(0.0010241166 -0.00056560174 0)
(0.0012284157 0.00067020383 0)
(0.0012091925 0.0005301759 0)
(0.001191918 0.00039954801 0)
(0.0011773168 0.00027602062 0)
(0.0011659242 0.00015727454 0)
(0.0011580718 4.0954996e-05 0)
(0.0011538802 -7.5330063e-05 0)
(0.0011532563 -0.00019400336 0)
(0.0011558932 -0.00031750601 0)
(0.0011612706 -0.00044828029 0)
(0.0011686549 -0.00058874952 0)
(0.0013751596 0.0006969802 0)
(0.0013576475 0.00055419368 0)
(0.0013417393 0.00041970518 0)
(0.0013281583 0.00029146695 0)
(0.0013174276 0.00016742682 0)
(0.0013098635 4.5507884e-05 0)
(0.0013055711 -7.6398847e-05 0)
(0.0013044455 -0.000200432 0)
(0.001306173 -0.0003287499 0)
(0.0013102354 -0.00046351388 0)
(0.0013159126 -0.00060686475 0)
(0.0015234617 0.00071938807 0)
(0.0015074892 0.00057469744 0)
(0.001492819 0.00043718926 0)
(0.0014801736 0.00030508667 0)
(0.0014700663 0.00017661561 0)
(0.0014627979 4.9981006e-05 0)
(0.0014584571 -7.6644506e-05 0)
(0.0014569241 -0.00020512118 0)
(0.0014578757 -0.0003373346 0)
(0.0014607935 -0.00047518031 0)
(0.001464974 -0.0006205366 0)
(0.0016724711 0.00073797798 0)
(0.0016578775 0.00059212292 0)
(0.0016443282 0.00045232448 0)
(0.0016325437 0.00031708963 0)
(0.0016230297 0.00018493437 0)
(0.0016160723 5.435173e-05 0)
(0.0016117427 -7.6203595e-05 0)
(0.0016099044 -0.00020831755 0)
(0.0016102201 -0.00034361201 0)
(0.0016121652 -0.00048373508 0)
(0.0016150541 -0.00063033674 0)
(0.0018214557 0.00075330355 0)
(0.0018080969 0.00060690023 0)
(0.0017955625 0.00046542723 0)
(0.0017845721 0.00032767549 0)
(0.0017756283 0.00019246513 0)
(0.0017690033 5.8586202e-05 0)
(0.0017647509 -7.5223072e-05 0)
(0.001762718 -0.00021027614 0)
(0.0017625488 -0.00034793541 0)
(0.0017636992 -0.00048961958 0)
(0.0017654944 -0.00063680889 0)
(0.0019698144 0.00076590114 0)
(0.0019575737 0.00061944882 0)
(0.001945955 0.00047680943 0)
(0.0019356923 0.00033703668 0)
(0.0019272979 0.00019928043 0)
(0.0019210267 6.2641514e-05 0)
(0.0019169153 -7.3859441e-05 0)
(0.001914802 -0.00021126422 0)
(0.0019143147 -0.00035066665 0)
(0.0019148645 -0.00049325799 0)
(0.0019157514 -0.00064044447 0)
(0.0021170628 0.00077623772 0)
(0.002105895 0.0006301687 0)
(0.0020950829 0.00048678854 0)
(0.0020854735 0.00034536274 0)
(0.0020776069 0.0002054463 0)
(0.0020717004 6.6473308e-05 0)
(0.0020677702 -7.2269478e-05 0)
(0.0020656711 -0.00021156147 0)
(0.0020650449 -0.00035219118 0)
(0.0020652235 -0.00049505554 0)
(0.0020653488 -0.00064160854 0)
(0.0022626813 0.00078431858 0)
(0.0022527539 0.0006394148 0)
(0.002242634 0.00049570098 0)
(0.0022336175 0.00035283394 0)
(0.0022262744 0.00021101955 0)
(0.002220721 7.0051659e-05 0)
(0.0022169454 -7.0579816e-05 0)
(0.002214868 -0.00021143864 0)
(0.0022142376 -0.00035293626 0)
(0.0022143074 -0.00049539596 0)
(0.0022136712 -0.00064022297 0)
(0.0024051787 0.00078891109 0)
(0.0023976758 0.00064741433 0)
(0.0023882821 0.00050388219 0)
(0.0023799812 0.00035956546 0)
(0.0023732282 0.00021602955 0)
(0.0023679754 7.3387425e-05 0)
(0.002364201 -6.8817646e-05 0)
(0.0023619216 -0.00021106015 0)
(0.00236111 -0.00035333383 0)
(0.0023611375 -0.00049457702 0)
(0.0023588473 -0.00063485418 0)
(0.0025384031 0.00078048991 0)
(0.0025376222 0.00065375573 0)
(0.00253132 0.0005112071 0)
(0.002524724 0.00036540539 0)
(0.0025187166 0.00022045842 0)
(0.002513616 7.6563055e-05 0)
(0.0025095534 -6.6822616e-05 0)
(0.0025064966 -0.00021020729 0)
(0.0025041883 -0.00035331741 0)
(0.0025018039 -0.00049245613 0)
(0.0024945261 -0.00061679292 0)
(0.0026276442 0.00074545924 0)
(0.0026638765 0.00065393889 0)
(0.0026730481 0.00051545349 0)
(0.0026693502 0.00037001374 0)
(0.0026635665 0.00022443701 0)
(0.0026581146 7.9748411e-05 0)
(0.00265361 -6.4383401e-05 0)
(0.0026495209 -0.00020822516 0)
(0.0026435953 -0.0003505185 0)
(0.0026260287 -0.00048501263 0)
(0.0025855429 -0.00057589172 0)
)
;

boundaryField
{
    bottom
    {
        type            calculated;
    }
    interface
    {
        type            calculated;
    }
    frontAndBack
    {
        type            empty;
    }
}


// ************************************************************************* //
