/*--------------------------------*- C++ -*----------------------------------*\
| =========                 |                                                 |
| \\      /  F ield         | OpenFOAM: The Open Source CFD Toolbox           |
|  \\    /   O peration     | Version:  2512                                  |
|   \\  /    A nd           | Website:  www.openfoam.com                      |
|    \\/     M anipulation  |                                                 |
\*---------------------------------------------------------------------------*/
FoamFile
{
    version     2.0;
    format      ascii;
    arch        "LSB;label=32;scalar=64";
    class       surfaceScalarField;
    location    "17.2";
    object      phi;
}
// * * * * * * * * * * * * * * * * * * * * * * * * * * * * * * * * * * * * * //

dimensions      [0 3 -1 0 0 0 0];

oriented        oriented;

internalField   nonuniform List<scalar> 
6512
(
3.7362779e-14
-3.7362446e-14
-3.2966239e-19
7.2360715e-14
-3.499793e-14
1.0982314e-13
-3.7462432e-14
1.5244627e-13
-4.2623136e-14
1.9990105e-13
-4.7454778e-14
2.4999775e-13
-5.0096695e-14
2.99666e-13
-4.9668247e-14
3.4560691e-13
-4.5940907e-14
3.8484693e-13
-3.924003e-14
4.1531684e-13
-3.0469897e-14
4.3636925e-13
-2.1052406e-14
4.4902546e-13
-1.2656213e-14
4.5525289e-13
-6.2274266e-15
4.5718927e-13
-1.936376e-15
4.56647e-13
5.4227429e-16
4.5497032e-13
1.6766868e-15
4.5296512e-13
2.0052032e-15
4.5107507e-13
1.8900531e-15
4.494808e-13
1.5942639e-15
4.4820685e-13
1.2739571e-15
4.4719859e-13
1.0082663e-15
4.463727e-13
8.2589855e-16
4.4564996e-13
7.2272684e-16
4.4498051e-13
6.6945927e-16
4.4437128e-13
6.0922665e-16
4.4392351e-13
4.4777765e-16
4.438896e-13
3.3904935e-17
4.4478987e-13
-9.002648e-16
4.4752354e-13
-2.7336675e-15
4.535655e-13
-6.0419577e-15
4.6518944e-13
-1.1623943e-14
4.8566874e-13
-2.04793e-14
5.1927984e-13
-3.3611111e-14
5.7071616e-13
-5.1436313e-14
6.4283152e-13
-7.2115362e-14
7.2882371e-13
-8.5992184e-14
7.9362016e-13
-6.4796451e-14
7.7313724e-13
2.0482918e-14
4.4235353e-13
3.3078372e-13
4.4235353e-13
1.2895231e-13
-1.663135e-13
-1.2864526e-18
2.5463953e-13
-1.6068517e-13
3.9101625e-13
-1.7383915e-13
5.4453357e-13
-1.9614045e-13
7.1275265e-13
-2.1567384e-13
8.881724e-13
-2.2551646e-13
1.0609143e-12
-2.224101e-13
1.2205017e-12
-2.0552829e-13
1.3575148e-12
-1.7625318e-13
-1.3835438e-13
1.4653993e-12
1.8577743e-13
-3.5208884e-13
-2.0784666e-18
3.7127207e-13
-3.4617981e-13
5.8202773e-13
-3.8459481e-13
8.2300414e-13
-4.3711686e-13
1.0860336e-12
-4.7870332e-13
1.3581943e-12
-4.9767716e-13
1.6246341e-12
-4.8884987e-13
1.870004e-12
-4.5089819e-13
2.0803493e-12
-3.8659851e-13
-3.0378278e-13
2.2457777e-12
1.8879166e-13
-5.40878e-13
-2.5160058e-18
3.9852293e-13
-5.5591107e-13
6.6439785e-13
-6.5046973e-13
9.7703053e-13
-7.4974955e-13
1.3166832e-12
-8.1835593e-13
1.6648999e-12
-8.4589396e-13
2.0035312e-12
-8.2748114e-13
2.3137907e-12
-7.6115762e-13
2.5777505e-12
-6.5055834e-13
-5.0805636e-13
2.7820241e-12
8.4004918e-14
-6.2488065e-13
-2.2787972e-18
2.9477183e-13
-7.6667801e-13
6.2008949e-13
-9.7578739e-13
1.0023523e-12
-1.1320123e-12
1.4064156e-12
-1.2224192e-12
1.8133139e-12
-1.2527923e-12
2.2057409e-12
-1.2199082e-12
2.5632173e-12
-1.118634e-12
2.8635474e-12
-9.5088842e-13
3.0885284e-12
-7.3303742e-13
1.5420848e-12
-9.7737899e-14
1.5907101e-12
-6.1281544e-14
1.6174305e-12
-3.2947786e-14
1.6290232e-12
-1.3529107e-14
1.6313875e-12
-1.8219991e-15
1.6288609e-12
4.2032961e-15
1.624335e-12
6.531142e-15
1.6194575e-12
6.7675272e-15
1.6150242e-12
6.027555e-15
1.611299e-12
4.9991917e-15
1.608256e-12
4.0512513e-15
1.6057487e-12
3.3331935e-15
1.6036275e-12
2.8439495e-15
1.6018347e-12
2.4622768e-15
1.6005054e-12
1.9385374e-15
1.6001051e-12
8.4805881e-16
1.6016288e-12
-1.4898105e-15
1.6068661e-12
-6.1375962e-15
1.6188304e-12
-1.4697975e-14
-2.9476141e-14
1.6422646e-12
2.3632085e-12
-2.1516868e-13
2.4382209e-12
-1.3629394e-13
2.4807475e-12
-7.5474354e-14
2.5010992e-12
-3.3880769e-14
2.5078538e-12
-8.5765989e-15
2.5072327e-12
4.8243789e-15
2.5032498e-12
1.0514065e-14
2.4982427e-12
1.1774583e-14
2.4933942e-12
1.087608e-14
2.4891745e-12
9.2188581e-15
2.4856637e-12
7.5620919e-15
2.4827725e-12
6.2243741e-15
2.4803978e-12
5.2186855e-15
2.4785471e-12
4.3129434e-15
2.4774682e-12
3.0174459e-15
2.4778152e-12
5.0107487e-16
2.4808752e-12
-4.5498509e-15
2.4889e-12
-1.4162316e-14
2.5055272e-12
-3.1325274e-14
-6.0267126e-14
2.5363182e-12
2.9223993e-12
-3.5554389e-13
3.0089261e-12
-2.2282074e-13
3.0567319e-12
-1.2328008e-13
3.0796613e-12
-5.6810167e-14
3.0881067e-12
-1.7022053e-14
3.0889688e-12
3.9622831e-15
3.0864056e-12
1.3077299e-14
3.0827069e-12
1.5473333e-14
3.0789966e-12
1.4586319e-14
3.0757275e-12
1.2487951e-14
3.0730024e-12
1.0287221e-14
3.0707776e-12
8.4491564e-15
3.0689968e-12
6.99949e-15
3.0676938e-12
5.6159638e-15
3.0670955e-12
3.6157872e-15
3.067749e-12
-1.5248624e-16
3.0707015e-12
-7.5023259e-15
3.0777341e-12
-2.119491e-14
3.0916733e-12
-4.5264503e-14
-8.5358833e-14
3.116765e-12
3.231127e-12
-4.9814242e-13
3.310629e-12
-3.0232273e-13
3.3501766e-12
-1.6282775e-13
3.3673459e-12
-7.3979441e-14
3.3732193e-12
-2.2895374e-14
3.3739784e-12
3.2031186e-15
3.3727661e-12
1.4289597e-14
3.3710343e-12
1.7205163e-14
3.3693787e-12
1.6241894e-14
3.3679888e-12
1.387786e-14
3.3668802e-12
1.1395869e-14
3.3660111e-12
9.3182953e-15
3.3653431e-12
7.6675032e-15
3.3648798e-12
6.0792484e-15
3.3647022e-12
3.7933394e-15
3.3650122e-12
-4.6246037e-16
3.3661946e-12
-8.6847252e-15
3.3688928e-12
-2.3893137e-14
3.3741107e-12
-5.0482392e-14
3.3833232e-12
-9.4571352e-14
1.6842661e-12
-5.3625459e-14
1.7549397e-12
-9.1152827e-14
1.8679046e-12
-1.46576e-13
2.0403339e-12
-2.238657e-13
2.2922187e-12
-3.2400007e-13
2.646247e-12
-4.400205e-13
3.1299807e-12
-5.4853012e-13
3.7528505e-12
-6.0238689e-13
-5.3868042e-13
4.6223146e-12
2.589346e-12
-1.0665328e-13
2.6757267e-12
-1.7753345e-13
2.8098696e-12
-2.8071895e-13
3.0090326e-12
-4.2302865e-13
3.2915382e-12
-6.065057e-13
3.6727498e-12
-8.2123205e-13
4.1567677e-12
-1.0325481e-12
4.7178636e-12
-1.1634828e-12
-1.0836384e-12
5.2628216e-12
3.1590759e-12
-1.4896414e-13
3.2268622e-12
-2.4531973e-13
3.3308129e-12
-3.846697e-13
3.4840076e-12
-5.7622335e-13
3.7013803e-12
-8.2387834e-13
3.9990615e-12
-1.1189133e-12
4.3933228e-12
-1.4268093e-12
4.880404e-12
-1.650564e-12
-1.5569368e-12
5.3537025e-12
3.3985876e-12
-1.6422846e-13
3.4226493e-12
-2.6938144e-13
3.4591002e-12
-4.2112068e-13
3.5127818e-12
-6.2990495e-13
3.590902e-12
-9.0199848e-13
3.7073332e-12
-1.2353445e-12
3.9007995e-12
-1.6202757e-12
4.273476e-12
-2.0232405e-12
4.9190667e-12
-2.2025276e-12
-3.9791983e-13
5.462588e-12
-5.9768687e-13
5.4625886e-12
-7.0657301e-13
5.4625886e-12
5.4625881e-12
-1.2500943e-12
-1.5113129e-19
-1.8281613e-20
1.1482879e-19
-1.2174389e-13
-5.0313594e-13
-8.052856e-19
4.2265607e-14
-9.3068749e-13
2.9038769e-13
-1.2239095e-12
5.5813164e-13
-1.3997563e-12
8.2438822e-13
-1.4886758e-12
1.0864974e-12
-1.5149014e-12
1.3381875e-12
-1.4715983e-12
1.5670994e-12
-1.3475459e-12
1.7570283e-12
-1.1408173e-12
-8.6902704e-13
1.893018e-12
-4.6382435e-13
-3.9311352e-14
-2.5401971e-19
-1.3343735e-13
-1.2610745e-12
2.1629329e-13
-1.5736401e-12
5.1136824e-13
-1.6948312e-12
7.8606233e-13
-1.7633699e-12
1.0539666e-12
-1.7828057e-12
1.3124247e-12
-1.7300564e-12
1.548408e-12
-1.5835291e-12
1.7425324e-12
-1.3349418e-12
1.8752668e-12
-1.0017615e-12
1.9680263e-12
-5.7315075e-13
2.0019341e-12
-3.3623053e-13
2.0146515e-12
-1.7554514e-13
2.0182789e-12
-7.7606888e-14
2.0187573e-12
-2.3373701e-14
2.0185233e-12
3.4371093e-15
2.0183633e-12
1.4449578e-14
2.0184123e-12
1.7156136e-14
2.0186106e-12
1.6043614e-14
2.0188763e-12
1.3612132e-14
2.0191534e-12
1.1118804e-14
2.0194122e-12
9.0594981e-15
2.0196362e-12
7.4435508e-15
2.019805e-12
5.9103873e-15
2.0198767e-12
3.7216375e-15
2.0197657e-12
-3.5140526e-16
2.0193142e-12
-8.2331938e-15
2.0182514e-12
-2.2830358e-14
2.0161364e-12
-4.8367423e-14
-9.0710921e-14
2.012276e-12
1.9356925e-12
-6.3357639e-13
1.9538208e-12
-3.5435883e-13
1.955398e-12
-1.7712232e-13
1.9529218e-12
-7.5130697e-14
1.9508553e-12
-2.1307241e-14
1.9501308e-12
4.1616154e-15
1.9504749e-12
1.4105497e-14
1.9513943e-12
1.6236769e-14
1.9525064e-12
1.4931489e-14
1.9535926e-12
1.2525933e-14
1.9545594e-12
1.0152066e-14
1.9553825e-12
8.2363798e-15
1.9560568e-12
6.7692937e-15
1.9565514e-12
5.4157463e-15
1.956765e-12
3.5080473e-15
1.9564708e-12
-5.7173102e-17
1.955243e-12
-7.005478e-15
1.9523561e-12
-1.9943456e-14
1.9466471e-12
-4.2658401e-14
1.9363348e-12
-8.0398606e-14
2.0056042e-12
-1.5755666e-13
1.9944927e-12
-2.5826996e-13
1.976424e-12
-4.0305198e-13
1.9474289e-12
-6.0090982e-13
1.9010095e-12
-8.5557915e-13
1.8244585e-12
-1.1587934e-12
1.6858602e-12
-1.4816773e-12
1.4105826e-12
-1.7479629e-12
-1.6892146e-12
8.9726954e-13
1.9187838e-12
-1.4000569e-13
1.8901853e-12
-2.2967138e-13
1.8450731e-12
-3.5793975e-13
1.7754971e-12
-5.3133384e-13
1.6694727e-12
-7.495548e-13
1.5073698e-12
-9.966905e-13
1.2527307e-12
-1.2270382e-12
8.476186e-13
-1.3428508e-12
2.9641161e-13
-1.1380076e-12
-3.5282481e-13
-5.6413206e-14
-7.2943469e-13
-2.5098767e-12
-1.3179069e-13
-1.8587185e-12
9.6923499e-14
-1.8023543e-12
2.5208596e-13
-1.8499937e-12
3.9502201e-13
-1.906306e-12
5.361736e-13
-1.9239573e-12
6.742846e-13
-1.8681673e-12
8.0145085e-13
-1.7106954e-12
9.0557431e-13
-1.4390652e-12
9.7275621e-13
-1.0689434e-12
9.9639486e-13
-6.5721504e-13
9.9729232e-13
-3.5525627e-13
9.9263982e-13
-1.7246983e-13
9.8868785e-13
-7.1178717e-14
9.8664227e-13
-1.9261665e-14
9.8615914e-13
4.6447454e-15
9.8660256e-13
1.3662076e-14
9.8745591e-13
1.5383421e-14
9.88401e-13
1.3986413e-14
9.8928118e-13
1.1645739e-14
9.9004162e-13
9.3916495e-15
9.9067757e-13
7.6004282e-15
9.9119494e-13
6.2519224e-15
9.9157777e-13
5.0329159e-15
9.9175587e-13
3.3299422e-15
9.9156525e-13
1.3345716e-16
9.9069429e-13
-6.1345191e-15
9.8861014e-13
-1.7859305e-14
9.8446011e-13
-3.8508382e-14
9.7694557e-13
-7.2884067e-14
9.6416806e-13
-1.272282e-13
9.4344593e-13
-2.0894926e-13
9.1108533e-13
-3.2557915e-13
8.6205173e-13
-4.8230025e-13
7.8949525e-13
-6.7699832e-13
6.8409509e-13
-8.9129034e-13
5.3347238e-13
-1.0764155e-12
3.1563863e-13
-1.125017e-12
7.8479271e-14
-9.008482e-13
2.2066072e-14
-3.9776602e-13
-2.1121117e-12
1.0456423e-18
-1.0188835e-13
-2.1545962e-12
2.4728777e-13
-2.1515305e-12
5.8212138e-13
-2.1848273e-12
9.200498e-13
-2.2442344e-12
1.2689908e-12
-2.2728983e-12
1.6197417e-12
-2.2189183e-12
1.947421e-12
-2.0383746e-12
2.213936e-12
-1.7055803e-12
-1.231371e-12
2.3763637e-12
-2.6481061e-14
-2.0856324e-12
1.7355857e-18
4.9567297e-14
-2.2306445e-12
2.1468774e-13
-2.3166509e-12
4.4517056e-13
-2.4153101e-12
7.2091845e-13
-2.5199823e-12
1.033106e-12
-2.5850858e-12
1.3656589e-12
-2.5514713e-12
1.6864414e-12
-2.3591571e-12
1.9451779e-12
-1.9643168e-12
-1.3657633e-12
2.0795702e-12
1.0246213e-14
-2.095881e-12
2.4691626e-18
2.363704e-14
-2.2440354e-12
9.7824886e-14
-2.3908388e-12
2.3968816e-13
-2.5571734e-12
4.4477368e-13
-2.7250678e-12
7.068452e-13
-2.8471573e-12
1.0088259e-12
-2.8534519e-12
1.3123193e-12
-2.6626505e-12
1.5526031e-12
-2.2046005e-12
-1.4562786e-12
1.6431184e-12
-3.7992264e-14
-2.0578909e-12
2.1459925e-18
-8.4789757e-14
-2.1972379e-12
-8.9647444e-14
-2.3859811e-12
-3.4213912e-14
-2.6126069e-12
9.1785758e-14
-2.8510675e-12
2.9104953e-13
-3.0464211e-12
5.4960701e-13
-3.1120094e-12
8.2192879e-13
-2.9349723e-12
1.0199957e-12
-2.4026674e-12
1.0132128e-12
-1.4494957e-12
2.3979572e-12
-6.7880854e-13
2.3685789e-12
-3.2587796e-13
2.3390736e-12
-1.4296458e-13
2.3211877e-12
-5.3292784e-14
2.3135358e-12
-1.1609751e-14
2.3123353e-12
5.8452878e-15
2.3144138e-12
1.1583578e-14
2.3177304e-12
1.2066794e-14
2.3211799e-12
1.0536901e-14
2.3242795e-12
8.5461431e-15
2.3268969e-12
6.7743067e-15
2.3290573e-12
5.440041e-15
2.3308103e-12
4.4988628e-15
2.3321261e-12
3.7171701e-15
2.3327918e-12
2.6641829e-15
2.332286e-12
6.3931021e-16
2.3296011e-12
-3.4496398e-15
2.3230066e-12
-1.1264815e-14
2.3097304e-12
-2.523216e-14
-4.8717036e-14
2.2855634e-12
2.0163341e-12
-6.1557241e-13
1.9302577e-12
-2.3980157e-13
1.8777984e-12
-9.0505252e-14
1.853472e-12
-2.8966458e-14
1.8455256e-12
-3.6633144e-15
1.8457882e-12
5.5826839e-15
1.8494879e-12
7.8838677e-15
1.8540864e-12
7.4683905e-15
1.8584306e-12
6.1926228e-15
1.8621231e-12
4.8537232e-15
1.8651352e-12
3.7621945e-15
1.8675815e-12
2.9936918e-15
1.8695806e-12
2.4997685e-15
1.8711527e-12
2.1450424e-15
1.8721178e-12
1.6991126e-15
1.8719625e-12
7.946295e-16
1.8696591e-12
-1.1462727e-15
1.8634034e-12
-5.0090705e-15
1.8502722e-12
-1.2101015e-14
-2.4252622e-14
1.8258078e-12
1.4397992e-12
-4.1225318e-13
1.3061345e-12
-1.0613695e-13
1.248226e-12
-3.2596738e-14
1.2275349e-12
-8.2753081e-15
1.2233986e-12
4.7296253e-16
1.226005e-12
2.9763585e-15
1.2307141e-12
3.1746798e-15
1.2354845e-12
2.6980002e-15
1.2395819e-12
2.0952631e-15
1.2428669e-12
1.5687628e-15
1.24545e-12
1.1790554e-15
1.2475165e-12
9.2722998e-16
1.2492293e-12
7.8696952e-16
1.250661e-12
7.1328085e-16
1.2517223e-12
6.3782254e-16
1.252061e-12
4.5597608e-16
1.2509143e-12
4.5201733e-19
1.2469042e-12
-9.9898393e-16
1.2377387e-12
-2.9355497e-15
-6.3798135e-15
1.2198659e-12
6.0095964e-13
4.948227e-13
4.6222596e-13
4.5395065e-13
4.5442362e-13
4.5739998e-13
4.6057468e-13
4.6327267e-13
4.6536794e-13
4.669367e-13
4.6811576e-13
4.6904299e-13
4.6982995e-13
4.7054323e-13
4.7118106e-13
4.7163703e-13
4.7163748e-13
4.7063849e-13
4.6770294e-13
4.6132313e-13
2.2444084e-12
-8.6073253e-14
2.1778228e-12
-1.4236362e-13
2.0746401e-12
-2.223965e-13
1.9208308e-12
-3.2849093e-13
1.6999362e-12
-4.5610376e-13
1.3949221e-12
-5.8627617e-13
9.938221e-13
-6.7531554e-13
5.1807291e-13
-6.4926785e-13
-4.3837217e-13
5.5596885e-14
1.7835794e-12
-4.3844803e-14
1.7148478e-12
-7.3632005e-14
1.6085826e-12
-1.1613131e-13
1.4522903e-12
-1.7219865e-13
1.2344501e-12
-2.3826356e-13
9.4993123e-13
-3.0175731e-13
6.1064616e-13
-3.3603047e-13
2.6286366e-13
-3.0148534e-13
-1.7474669e-13
-7.6182815e-16
1.1881116e-12
-1.2090525e-14
1.1354443e-12
-2.0964655e-14
1.0531518e-12
-3.3838879e-14
9.3195628e-13
-5.1003078e-14
7.6492575e-13
-7.1233042e-14
5.5335204e-13
-9.0183603e-14
3.1601421e-13
-9.8692636e-14
9.800137e-14
-8.347249e-14
-4.0773403e-14
-3.5971923e-14
4.492326e-13
4.2826794e-13
3.9442906e-13
3.4342598e-13
2.7219294e-13
1.8200934e-13
8.3316694e-14
-1.5580051e-16
-4.0929204e-14
7.766296e-14
7.6901131e-14
4.0929201e-14
-1.4158668e-13
-1.9163061e-12
1.8631035e-18
-2.8886067e-13
-2.0499639e-12
-4.041737e-13
-2.270668e-12
-4.5765931e-13
-2.5591213e-12
-4.2418337e-13
-2.8845434e-12
-2.8618039e-13
-3.1844241e-12
-5.1278556e-14
-3.3469112e-12
2.1225127e-13
-3.1985022e-12
3.2923364e-13
-2.5196498e-12
-1.1202621e-12
-2.5726484e-13
-1.6590422e-12
9.9381283e-19
-5.1831807e-13
-1.7889106e-12
-7.6086768e-13
-2.0281184e-12
-9.5499277e-13
-2.3649962e-12
-1.0621648e-12
-2.7773714e-12
-1.0368221e-12
-3.2097668e-12
-8.4331785e-13
-3.5404155e-12
-5.0160999e-13
-3.54021e-12
-1.5293378e-13
-2.868326e-12
-1.2731959e-12
-3.5853575e-13
-1.3005067e-12
2.4025835e-19
-7.2619043e-13
-1.4212559e-12
-1.0951621e-12
-1.6591468e-12
-1.4421958e-12
-2.0179625e-12
-1.7211003e-12
-2.4984669e-12
-1.8540709e-12
-3.0767962e-12
-1.7342968e-12
-3.6601895e-12
-1.2727569e-12
-4.00175e-12
-5.4761778e-13
-3.5934652e-12
-1.8208137e-12
-4.1995026e-13
-8.8055618e-13
-2.45832e-19
-8.6113878e-13
-9.8006737e-13
-1.3341935e-12
-1.1860921e-12
-1.8337596e-12
-1.5183963e-12
-2.3247962e-12
-2.0074303e-12
-2.7182069e-12
-2.6833855e-12
-2.837945e-12
-3.5404514e-12
-2.4125136e-12
-4.4271815e-12
-1.2491236e-12
-4.7568551e-12
-3.0699373e-12
-4.150218e-13
-4.655339e-13
-4.4005188e-19
-8.651262e-13
-5.2996296e-13
-1.3821511e-12
-6.690672e-13
-1.9920477e-12
-9.0849973e-13
-2.704449e-12
-1.295029e-12
-3.4854737e-12
-1.9023609e-12
-4.1981537e-12
-2.8277714e-12
-4.4743089e-12
-4.1510263e-12
-3.4655257e-12
-5.7656383e-12
-6.535463e-12
-3.3353134e-13
-1.3200212e-13
-4.2356652e-19
-7.088305e-13
-1.5466377e-13
-1.172634e-12
-2.0526366e-13
-1.7841718e-12
-2.9696197e-13
-2.6242947e-12
-4.5490607e-13
-3.8050238e-12
-7.216318e-13
-5.4733135e-12
-1.1594817e-12
-7.7873594e-12
-1.8369804e-12
-1.0801643e-11
-2.7513544e-12
-3.4851317e-12
-1.3851975e-11
-1.3200191e-13
-1.807206e-19
-2.8666567e-13
-4.9192932e-13
-7.8889129e-13
-1.2437974e-12
-1.9654292e-12
-3.1249109e-12
-4.9618913e-12
-7.7132457e-12
-1.1198377e-11
-1.2769259e-11
-1.0827152e-12
-1.2599682e-11
-1.6957774e-13
-1.2553117e-11
-4.6564852e-14
-1.2534975e-11
-1.8141731e-14
-1.2528634e-11
-6.3411015e-15
-1.2526505e-11
-2.1290073e-15
-1.2525703e-11
-8.0189905e-16
-1.2525376e-11
-3.2749937e-16
-1.2525236e-11
-1.3989934e-16
-1.2525155e-11
-8.0694831e-17
-1.2525054e-11
-1.006396e-16
-1.2524838e-11
-2.160927e-16
-1.2524311e-11
-5.2733205e-16
-1.2522995e-11
-1.3155869e-15
-1.2519659e-11
-3.3360397e-15
-1.2511158e-11
-8.5010339e-15
-1.248977e-11
-2.1388745e-14
-1.2433604e-11
-5.6165178e-14
-1.2256877e-11
-1.7672758e-13
-6.2072905e-13
-1.1636148e-11
-1.2281093e-11
-1.245067e-11
-1.2497235e-11
-1.2515377e-11
-1.2521718e-11
-1.2523847e-11
-1.2524649e-11
-1.2524976e-11
-1.2525116e-11
-1.2525197e-11
-1.2525298e-11
-1.2525514e-11
-1.2526041e-11
-1.2527357e-11
-1.2530693e-11
-1.2539194e-11
-1.2560583e-11
-1.2616748e-11
-1.2793475e-11
-1.3414204e-11
-1.1045738e-11
-5.9040934e-13
-1.077517e-11
-2.7056839e-13
-1.0608427e-11
-1.6674309e-13
-1.0478294e-11
-1.3013265e-13
-1.0364323e-11
-1.1397177e-13
-1.0252032e-11
-1.1229056e-13
-1.0125832e-11
-1.2620036e-13
-9.9099871e-12
-2.1584473e-13
-4.2865314e-13
-9.481334e-12
-1.375666e-11
-2.4795341e-13
-1.3767249e-11
-2.5997922e-13
-1.3647629e-11
-2.863638e-13
-1.3444974e-11
-3.3278712e-13
-1.3149576e-11
-4.0937014e-13
-1.2721883e-11
-5.3998303e-13
-1.2095503e-11
-7.525807e-13
-1.1125072e-11
-1.1862755e-12
-9.7798247e-12
-1.7739007e-12
-4.2625105e-12
-8.8235119e-12
-7.5869022e-18
-2.4794586e-13
-7.5430482e-18
-2.5997926e-13
-7.2691344e-18
-2.8636409e-13
-7.2231151e-18
-3.3278716e-13
-7.1943355e-18
-4.0937023e-13
-7.1797147e-18
-5.3998306e-13
-6.7099472e-18
-7.5258116e-13
-1.0452238e-17
-1.1862717e-12
-1.7738827e-12
-2.8519978e-17
-1.4419197e-14
-2.3352666e-13
-3.1877198e-14
-2.4252126e-13
-5.6559283e-14
-2.6168201e-13
-9.5819455e-14
-2.9352698e-13
-1.6326653e-13
-3.4192315e-13
-2.8965368e-13
-4.1359591e-13
-5.2818355e-13
-5.1405128e-13
-1.053706e-12
-6.6074924e-13
-8.2723684e-13
-2.0003518e-12
-2.1671813e-14
-2.1185485e-13
-4.7243341e-14
-2.1694973e-13
-8.179288e-14
-2.2713247e-13
-1.3362459e-13
-2.4169527e-13
-2.1723804e-13
-2.5830971e-13
-3.6341171e-13
-2.6742224e-13
-6.2370516e-13
-2.5375783e-13
-1.162136e-12
-1.2231838e-13
-2.1026549e-12
1.1328203e-13
-3.9526382e-12
-1.0820889e-12
1.6861584e-12
-2.7096775e-14
-1.8475807e-13
-5.7985412e-14
-1.860611e-13
-9.698492e-14
-1.8813296e-13
-1.4972508e-13
-1.8895511e-13
-2.2371356e-13
-1.8432123e-13
-3.2744765e-13
-1.6368814e-13
-4.6775069e-13
-1.1345479e-13
-6.1371298e-13
2.3643905e-14
2.2625474e-13
-7.2668569e-13
-2.8000481e-14
-1.5675759e-13
-5.9070865e-14
-1.5499071e-13
-9.6136797e-14
-1.5106703e-13
-1.4230504e-13
-1.4278687e-13
-2.0070676e-13
-1.2591951e-13
-2.7243179e-13
-9.1963106e-14
-3.5429869e-13
-3.1587894e-14
-4.1463785e-13
8.398307e-14
2.339514e-13
-4.2233451e-13
-2.6224791e-14
-1.305328e-13
-5.4800713e-14
-1.2641479e-13
-8.7162742e-14
-1.18705e-13
-1.2418944e-13
-1.0576018e-13
-1.6583397e-13
-8.4274978e-14
-2.0894935e-13
-4.8847727e-14
-2.4590692e-13
5.3696764e-15
-2.5176797e-13
8.9844114e-14
1.8852801e-13
-2.0634457e-13
-2.22941e-14
-1.082387e-13
-4.7072193e-14
-1.016367e-13
-7.4222083e-14
-9.1555112e-14
-1.0296684e-13
-7.7015423e-14
-1.3196824e-13
-5.5273572e-14
-1.5752336e-13
-2.3292607e-14
-1.7303257e-13
2.087888e-14
-1.6355204e-13
8.0363591e-14
1.4375231e-13
-1.1877634e-13
-1.7506363e-14
-9.0732336e-14
-3.8109896e-14
-8.1033165e-14
-6.0332868e-14
-6.933214e-14
-8.2190085e-14
-5.5158206e-14
-1.019374e-13
-3.5526258e-14
-1.1634132e-13
-8.8886821e-15
-1.2060134e-13
2.51389e-14
-1.0653351e-13
6.6295756e-14
-6.9643549e-14
1.0686235e-13
9.5947276e-13
5.3713825e-13
3.3079368e-13
2.1201733e-13
1.4237378e-13
2.3133784e-17
-2.3133784e-17
-1.4710352e-26
4.6734942e-17
-2.3601158e-17
7.12843e-17
-2.4549358e-17
9.7290277e-17
-2.6005977e-17
1.2530446e-16
-2.8014187e-17
1.5593952e-16
-3.0635058e-17
1.8989047e-16
-3.3950949e-17
2.2796078e-16
-3.807031e-17
2.7109513e-16
-4.313435e-17
-4.9326287e-17
3.2042142e-16
2.2699025e-17
-4.5832808e-17
-1.6350628e-26
4.5852818e-17
-4.6754951e-17
6.9928945e-17
-4.8625485e-17
9.5421199e-17
-5.1498231e-17
1.2286435e-16
-5.5457338e-17
1.5285101e-16
-6.0621715e-17
1.8605157e-16
-6.7151513e-17
2.2323852e-16
-7.5257263e-17
2.6531672e-16
-8.5212545e-17
-9.7371462e-17
3.1336189e-16
2.1841316e-17
-6.7674125e-17
-2.4126851e-26
4.411281e-17
-6.9026445e-17
6.72562e-17
-7.1768876e-17
9.1736823e-17
-7.5978853e-17
1.1805679e-16
-8.1777303e-17
1.4676988e-16
-8.9334811e-17
1.78499e-16
-9.8880629e-17
2.1395704e-16
-1.107153e-16
2.5397257e-16
-1.2522808e-16
-1.4292079e-16
2.995219e-16
2.0583649e-17
-8.8257774e-17
-1.4175598e-26
4.1562084e-17
-9.000488e-17
6.3339882e-17
-9.3546674e-17
8.6341589e-17
-9.898056e-17
1.1102268e-16
-1.064584e-16
1.3788178e-16
-1.161939e-16
1.6747459e-16
-1.2847344e-16
2.0043028e-16
-1.4367099e-16
2.3747092e-16
-1.6226872e-16
-1.8488487e-16
2.79435e-16
1.8959409e-17
-1.0721718e-16
-1.6537517e-26
3.8269082e-17
-1.0931455e-16
5.8286964e-17
-1.1356456e-16
7.9386581e-17
-1.2008018e-16
1.0196539e-16
-1.290372e-16
1.2645379e-16
-1.4068231e-16
1.5332507e-16
-1.5534472e-16
1.8310646e-16
-1.7345239e-16
2.1639161e-16
-1.9555387e-16
2.5385448e-16
-2.2234774e-16
3.7730561e-16
-5.6884189e-17
4.4342459e-16
-6.6118985e-17
5.2086454e-16
-7.7439952e-17
6.1225588e-16
-9.1391336e-17
7.2096165e-16
-1.0870577e-16
8.5134534e-16
-1.3038369e-16
1.0091592e-15
-1.5781384e-16
1.2021198e-15
-1.929606e-16
1.4407833e-15
-2.3866352e-16
1.739912e-15
-2.9912868e-16
2.1206876e-15
-3.8077561e-16
2.614387e-15
-4.9369939e-16
3.2689317e-15
-6.5454471e-16
4.160265e-15
-8.9133326e-16
5.4167735e-15
-1.2565085e-15
7.2570868e-15
-1.8403133e-15
1.0121994e-14
-2.864907e-15
1.4735128e-14
-4.613134e-15
2.3306402e-14
-8.5712741e-15
-1.4269269e-14
3.7575671e-14
3.6867053e-16
-1.1219282e-16
4.3282536e-16
-1.3027382e-16
5.0778283e-16
-1.5239743e-16
5.9599139e-16
-1.795999e-16
7.005539e-16
-2.1326828e-16
8.2545379e-16
-2.5528358e-16
9.7587483e-16
-3.0823488e-16
1.1586598e-15
-3.7574553e-16
1.3829784e-15
-4.6298215e-16
1.661313e-15
-5.7746328e-16
2.0109312e-15
-7.3039378e-16
2.4560845e-15
-9.3885276e-16
3.0313147e-15
-1.2297748e-15
3.7861046e-15
-1.6461232e-15
4.7912953e-15
-2.2616992e-15
6.1446441e-15
-3.1936622e-15
7.9680198e-15
-4.6882827e-15
1.0382288e-14
-7.0274023e-15
1.3226633e-14
-1.1415619e-14
-1.7263692e-14
1.6221056e-14
3.5176969e-16
-1.6444061e-16
4.1212118e-16
-1.9062531e-16
4.8228994e-16
-2.2256619e-16
5.6438665e-16
-2.6169661e-16
6.6103626e-16
-3.0991789e-16
7.7553354e-16
-3.6978086e-16
9.1204982e-16
-4.4475116e-16
1.075907e-15
-5.3960276e-16
1.2739365e-15
-6.6101159e-16
1.514934e-15
-8.1846074e-16
1.810198e-15
-1.0256578e-15
2.1740644e-15
-1.3027191e-15
2.6241113e-15
-1.6798218e-15
3.1803133e-15
-2.2023251e-15
3.8602691e-15
-2.941655e-15
4.6681654e-15
-4.0015585e-15
5.547182e-15
-5.5672993e-15
6.3399487e-15
-7.8201691e-15
6.2890248e-15
-1.1364695e-14
-1.567456e-14
4.6998925e-15
3.2730604e-16
-2.1231164e-16
3.8224763e-16
-2.455669e-16
4.4564639e-16
-2.8596495e-16
5.1916421e-16
-3.3521443e-16
6.0480101e-16
-3.9555469e-16
7.0496772e-16
-4.6994758e-16
8.2256628e-16
-5.6234972e-16
9.6106582e-16
-6.7810229e-16
1.1245485e-15
-8.2449424e-16
1.3176653e-15
-1.0115776e-15
1.5453704e-15
-1.2533629e-15
1.8121711e-15
-1.5695199e-15
2.1202883e-15
-1.9879389e-15
2.4657777e-15
-2.5478146e-15
2.829509e-15
-3.3053864e-15
3.1621273e-15
-4.3341767e-15
3.3399588e-15
-5.7451308e-15
3.1401133e-15
-7.6203235e-15
1.9627845e-15
-1.0187366e-14
-1.3021236e-14
-6.9053959e-16
2.9626482e-16
-2.5472198e-16
3.4450474e-16
-2.9380682e-16
3.9958568e-16
-3.4104589e-16
4.6266346e-16
-3.9829221e-16
5.3504746e-16
-4.6793869e-16
6.1819581e-16
-5.5309593e-16
7.1368148e-16
-6.5783539e-16
8.2310157e-16
-7.8752238e-16
9.4787867e-16
-9.4927134e-16
1.0888627e-15
-1.1525616e-15
1.2455645e-15
-1.4100647e-15
1.4147343e-15
-1.7386896e-15
1.587723e-15
-2.1609276e-15
1.7458993e-15
-2.7059909e-15
1.8519942e-15
-3.4114812e-15
1.8377595e-15
-4.3199421e-15
1.5750888e-15
-5.4824601e-15
8.6703803e-16
-6.9122727e-15
-6.7650271e-16
-8.6438253e-15
-3.3449869e-15
-1.0352752e-14
1.8645454e-15
-5.502121e-14
-2.5038617e-14
-5.4130003e-14
-4.5902797e-14
-4.846796e-14
-6.3497099e-14
-3.7563904e-14
-7.7286145e-14
-2.1737212e-14
-8.5366937e-14
-8.0788964e-16
-8.4788673e-14
2.4560637e-14
-7.141318e-14
5.2920262e-14
7.9120625e-14
-4.3671458e-14
-3.5742836e-15
-3.5225871e-14
-2.1149885e-14
-3.6554401e-14
-3.6385037e-14
-3.3232808e-14
-4.9062695e-14
-2.4886246e-14
-5.8272625e-14
-1.2527282e-14
-6.2527896e-14
3.4473813e-15
-6.0003958e-14
2.2036699e-14
-4.87108e-14
4.1627103e-14
5.8806712e-14
-2.8396887e-14
-6.4667227e-15
-2.4059255e-14
-1.8033017e-14
-2.4988106e-14
-2.8885416e-14
-2.238041e-14
-3.7812134e-14
-1.5959528e-14
-4.3858591e-14
-6.4808247e-15
-4.5915218e-14
5.5040085e-15
-4.288468e-14
1.900616e-14
-3.3872868e-14
3.2615292e-14
4.4068723e-14
-1.9134879e-14
-7.848399e-15
-1.6901396e-14
-1.5676683e-14
-1.7159822e-14
-2.3181694e-14
-1.4875399e-14
-2.9274255e-14
-9.8669667e-15
-3.3117313e-14
-2.6377664e-15
-3.3900544e-14
6.2872394e-15
-3.0963802e-14
1.6069418e-14
-2.3944295e-14
2.5595785e-14
3.3360173e-14
-1.3235745e-14
-8.177453e-15
-1.206893e-14
-1.3544418e-14
-1.1792857e-14
-1.8687437e-14
-9.7323806e-15
-2.2771335e-14
-5.7830687e-15
-2.5136414e-14
-2.7268724e-16
-2.5210189e-14
6.3610143e-15
-2.2598825e-14
1.3458054e-14
-1.7187341e-14
2.0184301e-14
-9.3585139e-15
2.5531346e-14
9.8702325e-14
7.0305438e-14
5.117056e-14
3.7934814e-14
2.85763e-14
1.8149736e-17
-1.2536692e-16
-1.0342521e-26
3.6617386e-17
-1.277822e-16
5.5726519e-17
-1.3267369e-16
7.5812074e-17
-1.4016573e-16
9.7226149e-17
-1.5045128e-16
1.2034389e-16
-1.6380005e-16
1.4556944e-16
-1.8057026e-16
1.7334171e-16
-2.0122466e-16
2.0413982e-16
-2.2635199e-16
-2.5669536e-16
2.3848744e-16
1.5571787e-17
-1.4093871e-16
1.042761e-26
3.1396095e-17
-1.4360651e-16
4.7728387e-17
-1.4900598e-16
6.4829898e-17
-1.5726724e-16
8.2970171e-17
-1.6859155e-16
1.0242911e-16
-1.8325899e-16
1.2349821e-16
-2.0163936e-16
1.4648048e-16
-2.2420694e-16
1.7168834e-16
-2.5155984e-16
-2.8444524e-16
1.9943822e-16
1.2725957e-17
-1.5366466e-16
7.9337541e-27
2.5635986e-17
-1.5651654e-16
3.8914536e-17
-1.6228453e-16
5.2746547e-17
-1.7109925e-16
6.7316979e-17
-1.8316198e-16
8.2809399e-17
-1.9875141e-16
9.9403066e-17
-2.1823303e-16
1.1726784e-16
-2.4207171e-16
1.3655581e-16
-2.7084782e-16
-3.052777e-16
1.5738828e-16
9.6851843e-18
-1.6334985e-16
1.061769e-26
1.948569e-17
-1.6631704e-16
2.9514949e-17
-1.7231379e-16
3.9882237e-17
-1.8146654e-16
5.0689637e-17
-1.9396938e-16
6.2027714e-17
-2.1008948e-16
7.3969286e-17
-2.301746e-16
8.6560428e-17
-2.5466285e-16
9.9807568e-17
-2.8409496e-16
-3.1912923e-16
1.1365909e-16
6.5231504e-18
-1.69873e-16
2.1909582e-26
1.3095015e-17
-1.7288891e-16
1.9760552e-17
-1.7897933e-16
2.6556788e-17
-1.8826278e-16
3.3507733e-17
-2.0092033e-16
4.0617872e-17
-2.1719962e-16
4.7863531e-17
-2.3742026e-16
5.5181254e-17
-2.6198057e-16
6.2452082e-17
-2.9136579e-16
-3.2615736e-16
6.9480216e-17
3.3110319e-18
-1.7318403e-16
3.2566748e-26
6.608302e-18
-1.7618618e-16
9.8728985e-18
-1.8224393e-16
1.3075167e-17
-1.9146504e-16
1.6168197e-17
-2.0401336e-16
1.907985e-17
-2.2011128e-16
2.1702668e-17
-2.4004308e-16
2.3880865e-17
-2.6415877e-16
2.5393389e-17
-2.9287831e-16
-3.2669576e-16
2.5931787e-17
1.152599e-19
-1.7329929e-16
4.3291392e-26
1.5989421e-19
-1.7623081e-16
5.7212228e-20
-1.8214124e-16
-2.820293e-19
-1.911258e-16
-9.6698353e-19
-2.033284e-16
-2.1354404e-18
-2.1894282e-16
-3.9645029e-18
-2.3821402e-16
-6.683899e-18
-2.6143937e-16
-1.0592757e-17
-2.8896945e-16
-1.608083e-17
-3.2120768e-16
2.769551e-16
-2.9318963e-16
3.2015866e-16
-3.3701039e-16
3.6875095e-16
-3.8963818e-16
4.2340152e-16
-4.5294278e-16
4.847563e-16
-5.2929347e-16
5.533634e-16
-6.2170302e-16
6.295425e-16
-7.3401449e-16
7.131608e-16
-8.7114069e-16
8.0325476e-16
-1.0393653e-15
8.9739976e-16
-1.2467066e-15
9.906684e-16
-1.5033333e-15
1.0739395e-15
-1.8219608e-15
1.1311551e-15
-2.2181432e-15
1.1351257e-15
-2.7099615e-15
1.0407885e-15
-3.317144e-15
7.7705862e-16
-4.0562122e-15
2.3153363e-16
-4.9369351e-15
-7.4764714e-16
-5.933092e-15
-2.3950599e-15
-6.9964125e-15
-7.8927861e-15
-4.8550254e-15
2.3004023e-16
-3.2379165e-16
2.6378008e-16
-3.7075024e-16
3.0088909e-16
-4.2674718e-16
3.4149584e-16
-4.9354953e-16
3.8554979e-16
-5.7334743e-16
4.3270174e-16
-6.6885497e-16
4.8211838e-16
-7.8343113e-16
5.3219665e-16
-9.2121896e-16
5.8012637e-16
-1.087295e-15
6.2122659e-16
-1.2878069e-15
6.4794803e-16
-1.5300548e-15
6.4840503e-16
-1.8224178e-15
6.0424569e-16
-2.1739839e-15
4.8777044e-16
-2.5934862e-15
2.5800463e-16
-3.0873782e-15
-1.4301958e-16
-3.655188e-15
-7.954794e-16
-4.2844753e-15
-1.7949669e-15
-4.9336045e-15
-3.2587083e-15
-5.5326712e-15
-5.9169369e-15
-5.2345575e-15
1.7983576e-16
-3.4623913e-16
2.0388815e-16
-3.9480263e-16
2.2941028e-16
-4.5226931e-16
2.5607663e-16
-5.2021588e-16
2.8327564e-16
-6.0054643e-16
3.0997032e-16
-6.9554965e-16
3.3449629e-16
-8.0795709e-16
3.5427088e-16
-9.4099355e-16
3.6537796e-16
-1.0984021e-15
3.6198303e-16
-1.2844119e-15
3.3552367e-16
-1.5035954e-15
2.7362479e-16
-1.7605189e-15
1.5869716e-16
-2.0590562e-15
-3.3694501e-17
-2.4010946e-15
-3.3659623e-16
-2.7844765e-15
-7.9250797e-16
-3.1992763e-15
-1.4534456e-15
-3.6235376e-15
-2.3732682e-15
-4.0137819e-15
-3.6021428e-15
-4.3037965e-15
-4.3798357e-15
-5.139244e-15
1.2797928e-16
-3.6055932e-16
1.4251157e-16
-4.0933491e-16
1.5682698e-16
-4.6658472e-16
1.7025206e-16
-5.3364096e-16
1.8176867e-16
-6.1206304e-16
1.8987538e-16
-7.0365636e-16
1.9239716e-16
-8.1047888e-16
1.8622693e-16
-9.3482332e-16
1.6697952e-16
-1.0791547e-15
1.285385e-16
-1.2459709e-15
6.2481378e-17
-1.4375383e-15
-4.2611321e-17
-1.6554262e-15
-2.0192192e-16
-1.8997456e-15
-4.3508338e-16
-2.1679331e-15
-7.6656428e-16
-2.4529956e-15
-1.2249904e-15
-2.7408502e-15
-1.8411296e-15
-3.0073984e-15
-2.6411956e-15
-3.213716e-15
-3.6394908e-15
-3.3055013e-15
-3.2054458e-15
-4.8138807e-15
7.5964117e-17
-3.6704322e-16
8.1457454e-17
-4.1482825e-16
8.5316509e-17
-4.7044377e-16
8.6629711e-17
-5.3495416e-16
8.4123819e-17
-6.0955715e-16
7.6040124e-17
-6.9557266e-16
5.9973053e-17
-7.9441181e-16
3.2663349e-17
-9.0751362e-16
-1.0260551e-17
-1.0362308e-15
-7.4594097e-17
-1.1816374e-15
-1.6791098e-16
-1.3442214e-15
-2.9992558e-16
-1.5234116e-15
-4.8279101e-16
-1.7168802e-15
-7.3117761e-16
-1.9195465e-15
-1.0619117e-15
-2.1222615e-15
-1.4926835e-15
-2.3100784e-15
-2.039556e-15
-2.4605259e-15
-2.7117929e-15
-2.5414791e-15
-3.5057975e-15
-2.5114967e-15
-2.318802e-15
-4.3924413e-15
2.507126e-17
-3.661827e-16
2.2232931e-17
-4.1198992e-16
1.6634865e-17
-4.6484571e-16
7.2289653e-18
-5.2554826e-16
-7.3795282e-18
-5.9494866e-16
-2.9033314e-17
-6.7391888e-16
-6.014798e-17
-7.6329714e-16
-1.0386191e-16
-8.6379969e-16
-1.6420879e-16
-9.758839e-16
-2.4630306e-16
-1.0995431e-15
-3.5651634e-16
-1.2340081e-15
-5.0260089e-16
-1.377327e-15
-6.9368588e-16
-1.5257952e-15
-9.4001944e-16
-1.673213e-15
-1.2522886e-15
-1.8099923e-15
-1.6402296e-15
-1.9221374e-15
-2.1103684e-15
-1.990387e-15
-2.6623134e-15
-1.9895342e-15
-3.2845163e-15
-1.8892938e-15
-1.655516e-15
-3.9478023e-15
-2.3655352e-17
-3.5860817e-16
-3.3974877e-17
-4.016704e-16
-4.7891616e-17
-4.5092897e-16
-6.6503837e-17
-5.0693604e-16
-9.1219717e-17
-5.7023278e-16
-1.2383348e-16
-6.4130512e-16
-1.6661333e-16
-7.2051729e-16
-2.2239832e-16
-8.0801469e-16
-2.9469691e-16
-9.0358532e-16
-3.8777287e-16
-1.0064671e-15
-5.0669358e-16
-1.1150874e-15
-6.5729917e-16
-1.2267214e-15
-8.4603056e-16
-1.3370638e-15
-1.079525e-15
-1.4397185e-15
-1.3638692e-15
-1.5256481e-15
-1.70336e-15
-1.5826466e-15
-2.0987084e-15
-1.5950385e-15
-2.54452e-15
-1.5437226e-15
-3.0265892e-15
-1.4072246e-15
-3.5186908e-15
-1.1634144e-15
-8.4568398e-15
-8.4671154e-15
-1.2388475e-14
-7.8612211e-15
-1.6082748e-14
-6.0381081e-15
-1.8914625e-14
-2.9511919e-15
-2.0369203e-14
1.1818913e-15
-2.0031269e-14
6.0230803e-15
-1.7656816e-14
1.1083601e-14
-1.3241892e-14
1.5769378e-14
1.9418341e-14
-7.1288874e-15
-7.7707675e-15
-5.9309054e-15
-1.0450417e-14
-5.1815715e-15
-1.2888646e-14
-3.5998787e-15
-1.4664393e-14
-1.175445e-15
-1.5421258e-14
1.9387561e-15
-1.4887599e-14
5.4894214e-15
-1.2926937e-14
9.1229384e-15
-9.5804549e-15
1.2422896e-14
1.4950998e-14
-5.113112e-15
-6.9450325e-15
-4.1251169e-15
-8.7772563e-15
-3.3493478e-15
-1.0375594e-14
-2.0015409e-15
-1.1459403e-14
-9.1635931e-17
-1.1788341e-14
2.2676943e-15
-1.1188082e-14
4.8891624e-15
-9.5849459e-15
7.5198018e-15
-7.0317846e-15
9.8697344e-15
1.164623e-14
-3.7270161e-15
-6.1044413e-15
-2.8345563e-15
-7.3568338e-15
-2.0969553e-15
-8.3941055e-15
-9.6426915e-16
-9.0294754e-15
5.4373398e-16
-9.1033935e-15
2.3416124e-15
-8.5057731e-15
4.291542e-15
-7.1992392e-15
6.2132679e-15
-5.2347332e-15
7.9052284e-15
9.1701303e-15
-2.7586336e-15
-5.3142163e-15
-1.9127813e-15
-6.1666646e-15
-1.244507e-15
-6.8287208e-15
-3.0221287e-16
-7.1758839e-15
8.9089704e-16
-7.1033083e-15
2.2690367e-15
-6.5425664e-15
3.7308002e-15
-5.4769694e-15
5.1476708e-15
-3.9508832e-15
6.3791422e-15
7.291001e-15
-2.0717538e-15
-4.6035653e-15
-1.2570183e-15
-5.1786465e-15
-6.6942576e-16
-5.5896873e-15
1.0882786e-16
-5.753476e-15
1.0546858e-15
-5.6016005e-15
2.1171613e-15
-5.0922794e-15
3.2214791e-15
-4.2203136e-15
4.275705e-15
-3.0225854e-15
5.1814141e-15
5.8464413e-15
-1.5780258e-15
-3.9818765e-15
-7.9383265e-16
-4.3639517e-15
-2.8735048e-16
-4.6071998e-15
3.5207594e-16
-4.655852e-15
1.1033379e-15
-4.4655288e-15
1.9268381e-15
-4.0113027e-15
2.767253e-15
-3.2940922e-15
3.5584944e-15
-2.3438602e-15
4.2311821e-15
-1.2188493e-15
4.7214304e-15
2.1447413e-14
1.6334301e-14
1.2607285e-14
9.8486511e-15
7.7768973e-15
6.1988715e-15
4.9800221e-15
-2.7910124e-18
-1.7050828e-16
3.7204377e-26
-5.6960931e-18
-1.7332573e-16
-8.8355166e-18
-1.7900182e-16
-1.2342328e-17
-1.8761899e-16
-1.6369637e-17
-1.9930109e-16
-2.1099058e-17
-2.142134e-16
-2.675074e-17
-2.3256233e-16
-3.3595512e-17
-2.545946e-16
-4.1969743e-17
-2.8059522e-16
-3.1088386e-16
-5.2293565e-17
-5.5097339e-18
-1.6499854e-16
4.2627199e-26
-1.1173107e-17
-1.6766236e-16
-1.7150034e-17
-1.7302489e-16
-2.3613277e-17
-1.8115575e-16
-3.0755628e-17
-1.9215874e-16
-3.8798021e-17
-2.0617101e-16
-4.7998929e-17
-2.2336143e-16
-5.8665421e-17
-2.4392811e-16
-7.1166288e-17
-2.6809436e-16
-2.9610251e-16
-8.5947635e-17
-8.0790142e-18
-1.5691953e-16
5.2683496e-26
-1.6345118e-17
-1.5939626e-16
-2.4991454e-17
-1.6437856e-16
-3.4223505e-17
-1.719237e-16
-4.4265841e-17
-1.8211641e-16
-5.5369572e-17
-1.9506727e-16
-6.7820747e-17
-2.1091025e-16
-8.1949941e-17
-2.2979892e-16
-9.8143264e-17
-2.5190103e-16
-2.7739081e-16
-1.1685497e-16
-1.0466662e-17
-1.4645287e-16
6.7798576e-26
-2.1147975e-17
-1.4871494e-16
-3.2264204e-17
-1.5326233e-16
-4.4046994e-17
-1.6014091e-16
-5.6745459e-17
-1.6941794e-16
-7.0632746e-17
-1.8117999e-16
-8.6013201e-17
-1.955298e-16
-1.0323028e-16
-2.1258183e-16
-1.2267528e-16
-2.3245604e-16
-2.5526923e-16
-1.4479686e-16
-1.2646384e-17
-1.3380649e-16
6.6969675e-26
-2.5529544e-17
-1.3583178e-16
-3.8891273e-17
-1.399006e-16
-5.2983485e-17
-1.460487e-16
-6.8073498e-17
-1.5432793e-16
-8.4449569e-17
-1.6480392e-16
-1.0242673e-16
-1.7755264e-16
-1.2235294e-16
-1.9265562e-16
-1.4461555e-16
-2.1019344e-16
-2.3023693e-16
-1.6964784e-16
-1.459714e-17
-1.1920935e-16
6.4521158e-26
-2.9448334e-17
-1.2098059e-16
-4.4811971e-17
-1.2453696e-16
-6.0955136e-17
-1.2990553e-16
-7.8158018e-17
-1.3712505e-16
-9.6718373e-17
-1.4624356e-16
-1.1695602e-16
-1.5731499e-16
-1.3921727e-16
-1.7039437e-16
-1.6387925e-16
-1.8553145e-16
-2.0276238e-16
-1.913538e-16
-1.6302466e-17
-1.0290688e-16
8.5023967e-26
-3.2872102e-17
-1.0441095e-16
-4.9979707e-17
-1.0742936e-16
-6.7903309e-17
-1.1198193e-16
-8.69317e-17
-1.1809666e-16
-1.0736786e-16
-1.258074e-16
-1.2953216e-16
-1.3515069e-16
-1.5376525e-16
-1.4616127e-16
-1.8043043e-16
-1.5886627e-16
-1.7327766e-16
-2.0991516e-16
-1.7750357e-17
-8.5156523e-17
8.0894745e-26
-3.5777478e-17
-8.6383831e-17
-5.4361125e-17
-8.884571e-17
-7.3786854e-17
-9.2556202e-17
-9.4348769e-17
-9.753474e-17
-1.1635198e-16
-1.0380419e-16
-1.4011468e-16
-1.11388e-16
-1.6596961e-16
-1.2030634e-16
-1.942648e-16
-1.3057109e-16
-2.2536309e-16
-1.4217937e-16
-6.50932e-17
-3.4580854e-16
-8.1028142e-17
-3.8573546e-16
-1.0092388e-16
-4.3103323e-16
-1.2581064e-16
-4.8204928e-16
-1.5696824e-16
-5.3907518e-16
-1.959761e-16
-6.0229726e-16
-2.4476616e-16
-6.7172723e-16
-3.0567389e-16
-7.4710695e-16
-3.8147871e-16
-8.277805e-16
-4.7541964e-16
-9.125262e-16
-5.9116418e-16
-9.9934289e-16
-7.3269805e-16
-1.0851876e-15
-9.0409179e-16
-1.1656701e-15
-1.1090872e-15
-1.2347231e-15
-1.350443e-15
-1.2842923e-15
-1.6289742e-15
-1.3041154e-15
-1.9422831e-15
-1.2817297e-15
-2.2831792e-15
-1.2028266e-15
-2.6381217e-15
-1.0522821e-15
-8.1576726e-16
-2.9857688e-15
-1.0355135e-16
-3.2820483e-16
-1.2463671e-16
-3.6465009e-16
-1.5000535e-16
-4.056646e-16
-1.8062915e-16
-4.5142548e-16
-2.1768054e-16
-5.0202379e-16
-2.6256312e-16
-5.5741468e-16
-3.1693949e-16
-6.1735086e-16
-3.8275078e-16
-6.8129566e-16
-4.6221922e-16
-7.4831205e-16
-5.5782095e-16
-8.1692447e-16
-6.7221093e-16
-8.8495291e-16
-8.080758e-16
-9.493227e-16
-9.6788457e-16
-1.0058613e-15
-1.1535032e-15
-1.0491045e-15
-1.3656427e-15
-1.0721528e-15
-1.6031207e-15
-1.0666374e-15
-1.8619609e-15
-1.0228895e-15
-2.1343872e-15
-9.3040023e-16
-2.4079368e-15
-7.7873257e-16
-5.5885031e-16
-2.6648537e-15
-1.386218e-16
-3.0643799e-16
-1.6407899e-16
-3.391929e-16
-1.9397766e-16
-3.7576593e-16
-2.2920295e-16
-4.1620019e-16
-2.7079146e-16
-4.6043527e-16
-3.1994599e-16
-5.0826015e-16
-3.7804377e-16
-5.5925308e-16
-4.4663313e-16
-6.127063e-16
-5.2741082e-16
-6.6753436e-16
-6.2216959e-16
-7.221657e-16
-7.3270228e-16
-7.7442022e-16
-8.6064577e-16
-8.2137921e-16
-1.0072463e-15
-8.5926079e-16
-1.1730283e-15
-8.833225e-16
-1.3573562e-15
-8.878249e-16
-1.5578922e-15
-8.6610134e-16
-1.7699861e-15
-8.1079557e-16
-1.9860637e-15
-7.1432264e-16
-2.1951686e-15
-5.6962773e-16
-3.7121853e-16
-2.3828003e-15
-1.7011134e-16
-2.8112351e-16
-1.9921344e-16
-3.100908e-16
-2.3278686e-16
-3.4219252e-16
-2.7161389e-16
-3.7737316e-16
-3.1658246e-16
-4.1546671e-16
-3.6868827e-16
-4.5615434e-16
-4.2902891e-16
-4.9891244e-16
-4.9878499e-16
-5.4295022e-16
-5.7918245e-16
-5.8713689e-16
-6.7142787e-16
-6.2992028e-16
-7.7660733e-16
-6.6924077e-16
-8.9553834e-16
-7.024482e-16
-1.0285649e-15
-7.2623427e-16
-1.1752882e-15
-7.3659915e-16
-1.3342348e-15
-7.2887834e-16
-1.502474e-15
-6.9786208e-16
-1.6752236e-15
-6.38046e-16
-1.8455016e-15
-5.4404465e-16
-2.0039314e-15
-4.1119789e-16
-2.3634549e-16
-2.1388045e-15
-1.9793564e-16
-2.5283572e-16
-2.300232e-16
-2.7800324e-16
-2.6651813e-16
-3.0569759e-16
-3.0809387e-16
-3.3579742e-16
-3.554886e-16
-3.6807199e-16
-4.0949817e-16
-4.0214476e-16
-4.7096044e-16
-4.3745017e-16
-5.4072707e-16
-4.7318359e-16
-6.1961819e-16
-5.0824577e-16
-7.0835443e-16
-5.4118405e-16
-8.0746016e-16
-5.7013504e-16
-9.1713221e-16
-5.9277614e-16
-1.0370698e-15
-6.0629664e-16
-1.1662654e-15
-6.0740363e-16
-1.3027621e-15
-5.9238156e-16
-1.4433966e-15
-5.5722758e-16
-1.5835574e-15
-4.9788529e-16
-1.7170088e-15
-4.1059324e-16
-1.8358511e-15
-2.9235559e-16
-1.4151019e-16
-1.9306864e-15
-2.2209063e-16
-2.2209889e-16
-2.5657931e-16
-2.4351455e-16
-2.9534932e-16
-2.6692758e-16
-3.3896705e-16
-2.9217969e-16
-3.8802856e-16
-3.1901048e-16
-4.4314614e-16
-3.4702718e-16
-5.0492646e-16
-3.7566985e-16
-5.7393744e-16
-4.0417261e-16
-6.5066055e-16
-4.3152266e-16
-7.3542509e-16
-4.5641951e-16
-8.2832097e-16
-4.7723916e-16
-9.2908758e-16
-4.9200952e-16
-1.0369782e-15
-4.9840605e-16
-1.150603e-15
-4.9377885e-16
-1.2677596e-15
-4.7522489e-16
-1.3852681e-15
-4.3971911e-16
-1.4988359e-15
-3.8431747e-16
-1.602991e-15
-3.064382e-16
-1.691128e-15
-2.0421859e-16
-7.692453e-17
-1.7557136e-15
-2.4263144e-16
-1.893826e-16
-2.790145e-16
-2.0713149e-16
-3.1951895e-16
-2.2642313e-16
-3.6461171e-16
-2.4708693e-16
-4.1476035e-16
-2.6886184e-16
-4.7041548e-16
-2.9137205e-16
-5.3198539e-16
-3.1409993e-16
-5.9980105e-16
-3.3635696e-16
-6.7406932e-16
-3.5725439e-16
-7.5481248e-16
-3.7567636e-16
-8.4179254e-16
-3.902591e-16
-9.3442026e-16
-3.9938181e-16
-1.0316504e-15
-4.0117594e-16
-1.131868e-15
-3.9356127e-16
-1.2327752e-15
-3.7431762e-16
-1.3312932e-15
-3.4120118e-16
-1.423499e-15
-2.921116e-16
-1.5046261e-15
-2.2531113e-16
-1.5691555e-15
-1.396892e-16
-3.505269e-17
-1.6110273e-15
-2.5964022e-16
-1.5510547e-16
-2.9748087e-16
-1.6929084e-16
-3.3927195e-16
-1.8463206e-16
-3.8539245e-16
-2.0096642e-16
-4.3619889e-16
-2.180554e-16
-4.9200509e-16
-2.3556585e-16
-5.5305529e-16
-2.5304973e-16
-6.1948918e-16
-2.6992307e-16
-6.9129778e-16
-2.8544579e-16
-7.6826942e-16
-2.9870472e-16
-8.499257e-16
-3.0860282e-16
-9.3544858e-16
-3.1385893e-16
-1.0236015e-15
-3.1302306e-16
-1.1126497e-15
-3.0451298e-16
-1.2002894e-15
-2.8667799e-16
-1.2835955e-15
-2.5789501e-16
-1.3590075e-15
-2.1669959e-16
-1.422368e-15
-1.6195063e-16
-1.4690359e-15
-9.3021355e-17
-1.4940878e-15
-1.0000772e-17
-3.2969612e-15
-4.8264022e-16
-3.5355683e-15
-4.8743406e-17
-3.6629764e-15
4.7948402e-16
-3.6431219e-15
1.0834834e-15
-3.4484261e-15
1.7321423e-15
-3.0649866e-15
2.3838135e-15
-2.4965052e-15
2.990013e-15
-1.7660512e-15
3.5007281e-15
3.8705488e-15
-9.1516953e-16
-2.8824104e-15
-2.6508351e-16
-3.0340577e-15
1.0290389e-16
-3.0924067e-15
5.3783297e-16
-3.0327765e-15
1.0238533e-15
-2.8371778e-15
1.5365436e-15
-2.497811e-15
2.0444467e-15
-2.0196034e-15
2.5118054e-15
-1.4212087e-15
2.9023335e-15
3.1834932e-15
-7.341532e-16
-2.5313751e-15
-1.1650875e-16
-2.6213228e-15
1.9285159e-16
-2.6331662e-15
5.4967637e-16
-2.5500184e-15
9.4070547e-16
-2.3602768e-15
1.346802e-15
-2.0599694e-15
1.7441394e-15
-1.6543828e-15
2.1062187e-15
-1.1586029e-15
2.4065535e-15
2.621659e-15
-5.9676858e-16
-2.2365674e-15
-1.8745873e-17
-2.2827605e-15
2.3904476e-16
-2.2635085e-15
5.3042429e-16
-2.1672813e-15
8.4447836e-16
-1.9867296e-15
1.1662503e-15
-1.7202528e-15
1.4776626e-15
-1.3730372e-15
1.7590031e-15
-9.5732398e-16
1.9908403e-15
2.1561194e-15
-4.9178447e-16
-1.9910772e-15
4.1644955e-17
-2.0063124e-15
2.5427998e-16
-1.9664929e-15
4.9060483e-16
-1.86378e-15
7.4176545e-16
-1.6936519e-15
9.9612219e-16
-1.4559524e-15
1.239963e-15
-1.1555459e-15
1.4585966e-15
-8.0242765e-16
1.6377221e-15
1.7649017e-15
-4.1120987e-16
-1.7886935e-15
7.4624843e-17
-1.7821039e-15
2.4769039e-16
-1.728872e-15
4.3737288e-16
-1.6237054e-15
6.3659891e-16
-1.4639592e-15
8.3637599e-16
-1.2503364e-15
1.0263401e-15
-9.8729709e-16
1.1955574e-15
-6.8307783e-16
1.3335028e-15
1.4310972e-15
-3.4927336e-16
-1.6239911e-15
8.7588656e-17
-1.6020911e-15
2.257904e-16
-1.5402621e-15
3.7554385e-16
-1.434969e-15
5.3130578e-16
-1.284809e-15
6.8621604e-16
-1.0909811e-15
8.3251212e-16
-8.5753634e-16
9.6211264e-16
-5.9134751e-16
1.067314e-15
1.1415178e-15
-3.0176809e-16
-1.4926166e-15
8.6117469e-17
-1.4601176e-15
1.9329139e-16
-1.3929388e-15
3.0836505e-16
-1.2887475e-15
4.2711447e-16
-1.1469542e-15
5.4442276e-16
-9.6902886e-16
6.5458676e-16
-7.5865103e-16
7.5173481e-16
-5.2165294e-16
8.3031587e-16
-2.6573936e-16
8.8560422e-16
4.0648526e-15
3.3306994e-15
2.7339308e-15
2.2421464e-15
1.8309365e-15
1.4816631e-15
1.179895e-15
9.1415568e-16
-6.051606e-18
-7.9104917e-17
-1.2195086e-17
-8.0240351e-17
-1.8523146e-17
-8.251765e-17
-2.513013e-17
-8.5949218e-17
-3.2112749e-17
-9.0552121e-17
-3.9570711e-17
-9.6346229e-17
-4.7607182e-17
-1.0335153e-16
-5.6329031e-17
-1.1158449e-16
-6.5846758e-17
-1.2105336e-16
-7.6274017e-17
-1.3175211e-16
-8.7726585e-17
-1.436529e-16
-1.0032064e-16
-1.5669679e-16
-1.1417009e-16
-1.707826e-16
-1.2938284e-16
-1.8575367e-16
-1.4605557e-16
-2.0138268e-16
-1.6426681e-16
-2.1735461e-16
-1.8406809e-16
-2.3324845e-16
-2.0547269e-16
-2.4851847e-16
-2.2844195e-16
-2.6247654e-16
-2.5286894e-16
-2.7427773e-16
-2.7855981e-16
-2.8291194e-16
-3.0521322e-16
-2.8720552e-16
-3.3239899e-16
-2.8583729e-16
-3.5953782e-16
-2.7737415e-16
-3.8588451e-16
-2.603313e-16
-4.1051841e-16
-2.3326111e-16
-4.3234511e-16
-1.9487288e-16
-4.5011449e-16
-1.4418126e-16
-4.6245938e-16
-8.0676465e-17
-4.6795845e-16
-4.5016989e-18
-4.6522419e-16
8.3383201e-17
-4.5301279e-16
1.8107999e-16
-4.3034866e-16
2.8570092e-16
-3.9665048e-16
3.9341629e-16
-3.5184321e-16
4.9961549e-16
-2.9643898e-16
5.9918254e-16
-2.3157202e-16
6.8686784e-16
-1.5897703e-16
7.5772088e-16
-8.0907737e-17
8.0753493e-16
8.3324794e-16
-1.8853252e-17
-6.0251666e-17
9.5299685e-26
-3.7986048e-17
-6.1107554e-17
-5.7680029e-17
-6.2823669e-17
-7.822102e-17
-6.5408227e-17
-9.9900777e-17
-6.8872365e-17
-1.2301837e-16
-7.3228636e-17
-1.47881e-16
-7.8488894e-17
-1.7480405e-16
-8.4661445e-17
-2.0411004e-16
-9.1747364e-17
-9.9735833e-17
-2.3612632e-16
-1.9643438e-17
-4.0608228e-17
7.8495748e-26
-3.9570246e-17
-4.1180746e-17
-6.0065496e-17
-4.232842e-17
-8.1417515e-17
-4.4056208e-17
-1.0391916e-16
-4.6370721e-17
-1.2786861e-16
-4.9279187e-17
-1.5356952e-16
-5.2787983e-17
-1.8133028e-16
-5.6900686e-17
-2.1146209e-16
-6.1615554e-17
-6.6922347e-17
-2.4427557e-16
-2.0171779e-17
-2.043645e-17
7.7667089e-26
-4.0629269e-17
-2.0723255e-17
-6.165958e-17
-2.1298109e-17
-8.3552457e-17
-2.2163331e-17
-1.066012e-16
-2.3321977e-17
-1.3110307e-16
-2.4777314e-17
-1.5735899e-16
-2.6532067e-17
-1.8567225e-16
-2.8587429e-17
-2.1634602e-16
-3.0941783e-17
-3.3589099e-17
-2.4967927e-16
-2.043645e-17
7.3893788e-26
-4.1159705e-17
-6.2457814e-17
-8.4621145e-17
-1.0794312e-16
-1.3272044e-16
-1.592525e-16
-1.8783993e-16
-2.1878171e-16
-2.5237081e-16
-2.7118087e-16
-1.0859835e-16
-3.0959597e-16
-1.1828169e-16
-3.5167906e-16
-1.2869951e-16
-3.9771016e-16
-1.3972257e-16
-4.4792523e-16
-1.511676e-16
-5.0249475e-16
-1.627851e-16
-5.6149676e-16
-1.7424644e-16
-6.2488406e-16
-1.8513116e-16
-6.9244509e-16
-1.9491552e-16
-7.6375891e-16
-2.0296391e-16
-8.3814535e-16
-2.085255e-16
-9.1461227e-16
-2.1073859e-16
-9.9180363e-16
-2.0864593e-16
-1.0679535e-15
-2.0122432e-16
-1.1408531e-15
-1.8743166e-16
-1.2078407e-15
-1.6627353e-16
-1.2658235e-15
-1.3689004e-16
-1.3113443e-15
-9.8660462e-17
-1.340701e-15
-5.1319805e-17
4.9231338e-18
-1.3501258e-15
-2.800755e-16
-7.2798424e-17
-3.1915318e-16
-7.9204011e-17
-3.6177607e-16
-8.6076617e-17
-4.0817408e-16
-9.3324567e-17
-4.5852193e-16
-1.0081975e-16
-5.1291727e-16
-1.0838976e-16
-5.7135398e-16
-1.1580972e-16
-6.3369068e-16
-1.2279446e-16
-6.9961448e-16
-1.2899172e-16
-7.6860085e-16
-1.3397753e-16
-8.3987109e-16
-1.3725527e-16
-9.123497e-16
-1.3825998e-16
-9.8462554e-16
-1.3637009e-16
-1.0549215e-15
-1.3092835e-16
-1.1210793e-15
-1.2127383e-16
-1.1805667e-15
-1.0678621e-16
-1.2305147e-15
-8.6941981e-17
-1.2677942e-15
-6.1381011e-17
-1.2891349e-15
-2.9979102e-17
7.0801618e-18
-1.2912919e-15
-2.8596073e-16
-3.651696e-17
-3.2546055e-16
-3.9704194e-17
-3.6841908e-16
-4.3118086e-17
-4.1503248e-16
-4.6711167e-17
-4.654346e-16
-5.0417636e-17
-5.1967484e-16
-5.4149516e-17
-5.7769184e-16
-5.7792715e-17
-6.3928302e-16
-6.1203285e-17
-7.0407045e-16
-6.4204286e-17
-7.7146417e-16
-6.6583814e-17
-8.4062455e-16
-6.8094887e-17
-9.1042649e-16
-6.8458046e-17
-9.7942899e-16
-6.7367593e-17
-1.0458549e-15
-6.4502414e-17
-1.1075866e-15
-5.9542155e-17
-1.1621836e-15
-5.2189218e-17
-1.2069292e-15
-4.2196399e-17
-1.238911e-15
-2.9399153e-17
-1.2551398e-15
-1.3750372e-17
4.6456832e-18
-1.2527053e-15
-2.8888777e-16
-3.2859197e-16
-3.7171005e-16
-4.1842122e-16
-4.6883886e-16
-5.2298837e-16
-5.8078109e-16
-6.4198437e-16
-7.0618866e-16
-7.7277247e-16
-8.4086736e-16
-9.0932541e-16
-9.76693e-16
-1.0411954e-15
-1.1007376e-15
-1.1529268e-15
-1.1951232e-15
-1.2245223e-15
-1.2382727e-15
-1.233627e-15
-1.3360236e-15
6.9280956e-17
-1.295258e-15
1.403144e-16
-1.2254662e-15
2.1590913e-16
-1.1253691e-15
2.933192e-16
-9.9503953e-16
3.6928592e-16
-8.3608806e-16
4.4023107e-16
-6.5173202e-16
5.025118e-16
-4.4672424e-16
5.527131e-16
5.8794572e-16
-2.2713502e-16
-1.2712544e-15
4.9243501e-17
-1.226487e-15
9.5546984e-17
-1.1551849e-15
1.4460697e-16
-1.0565179e-15
1.9465226e-16
-9.3083411e-16
2.436021e-16
-7.7979193e-16
2.8918889e-16
-6.0639728e-16
3.2911716e-16
-4.1492854e-16
3.6124436e-16
3.8376359e-16
-2.1074641e-16
-1.2289665e-15
2.5504685e-17
-1.1817635e-15
4.8343979e-17
-1.1096363e-15
7.2479809e-17
-1.0120283e-15
9.7044229e-17
-8.8944986e-16
1.2102369e-16
-7.4357954e-16
1.4331856e-16
-5.7728191e-16
1.6281953e-16
-3.9453142e-16
1.7849386e-16
1.8947232e-16
-2.0024015e-16
-1.2081223e-15
-1.1597784e-15
-1.0872986e-15
-9.9025433e-16
-8.6923063e-16
-7.2591207e-16
-5.6309254e-16
-3.8459868e-16
-1.9512636e-16
6.0611292e-16
3.953665e-16
1.9512636e-16
-3.8484682e-13
4.1531675e-13
-3.0469944e-14
-3.4560674e-13
-3.924008e-14
-2.9966577e-13
-4.5940963e-14
-2.4999746e-13
-4.9668319e-14
-1.9990069e-13
-5.0096778e-14
-1.5244583e-13
-4.7454857e-14
-1.0982262e-13
-4.262322e-14
-7.2360118e-14
-3.7462508e-14
-3.7362138e-14
-3.4997989e-14
-3.7362476e-14
-4.4752339e-13
4.5356536e-13
-6.0419798e-15
-4.4478971e-13
-2.733673e-15
-4.4388946e-13
-9.0025319e-16
-4.4392338e-13
3.3926748e-17
-4.4437118e-13
4.477973e-16
-4.4498042e-13
6.0924378e-16
-4.4564989e-13
6.6947503e-16
-4.4637264e-13
7.2274269e-16
-4.4719854e-13
8.2590928e-16
-4.4820681e-13
1.0082792e-15
-4.4948078e-13
1.273962e-15
-4.5107505e-13
1.5942772e-15
-4.5296512e-13
1.8900584e-15
-4.5497032e-13
2.0052079e-15
-4.5664701e-13
1.6766812e-15
-4.5718928e-13
5.4226738e-16
-4.5525289e-13
-1.9363923e-15
-4.4902544e-13
-6.2274509e-15
-4.363692e-13
-1.2656245e-14
-2.1052451e-14
-7.7313726e-13
4.4235353e-13
3.3078373e-13
-7.9362019e-13
2.0482942e-14
-7.2882375e-13
-6.4796436e-14
-6.4283157e-13
-8.599218e-14
-5.7071618e-13
-7.2115373e-14
-5.1927984e-13
-5.1436343e-14
-4.8566869e-13
-3.3611151e-14
-4.6518935e-13
-2.047934e-14
-1.1623976e-14
4.4235353e-13
-1.3575142e-12
-1.3835459e-13
1.4653989e-12
-1.2205009e-12
-1.7625342e-13
-1.0609133e-12
-2.0552856e-13
-8.8817122e-13
-2.2241043e-13
-7.1275116e-13
-2.2551683e-13
-5.4453181e-13
-2.1567424e-13
-3.9101418e-13
-1.9614085e-13
-2.546372e-13
-1.7383948e-13
-1.2894982e-13
-1.6068538e-13
-1.6631357e-13
-2.0803486e-12
-3.0378324e-13
2.2457772e-12
-1.8700029e-12
-3.8659906e-13
-1.6246327e-12
-4.5089884e-13
-1.3581925e-12
-4.8885063e-13
-1.0860313e-12
-4.9767803e-13
-8.2300125e-13
-4.7870424e-13
-5.8202434e-13
-4.3711776e-13
-3.7126826e-13
-3.8459557e-13
-1.8577336e-13
-3.461803e-13
-3.5208902e-13
-2.5777498e-12
-5.080571e-13
2.7820237e-12
-2.3137896e-12
-6.5055926e-13
-2.0035297e-12
-7.6115875e-13
-1.6648978e-12
-8.2748249e-13
-1.3166804e-12
-8.4589548e-13
-9.770271e-13
-8.1835754e-13
-6.6439378e-13
-7.4975108e-13
-3.9851833e-13
-6.5047102e-13
-1.8878677e-13
-5.5591187e-13
-5.408783e-13
-2.863547e-12
3.0885283e-12
-7.3303839e-13
-2.5632165e-12
-9.5088967e-13
-2.2057397e-12
-1.1186356e-12
-1.8133122e-12
-1.21991e-12
-1.4064132e-12
-1.2527944e-12
-1.0023493e-12
-1.2224215e-12
-6.200859e-13
-1.1320145e-12
-2.9476773e-13
-9.7578918e-13
-8.4000401e-14
-7.666792e-13
-6.2488099e-13
-1.6188301e-12
-2.9476222e-14
1.6422644e-12
-1.6068658e-12
-1.4698e-14
-1.6016285e-12
-6.1375731e-15
-1.6001048e-12
-1.4897504e-15
-1.6005052e-12
8.4813109e-16
-1.6018345e-12
1.9386027e-15
-1.6036274e-12
2.4623324e-15
-1.6057486e-12
2.8439926e-15
-1.608256e-12
3.3332271e-15
-1.611299e-12
4.0512656e-15
-1.6150242e-12
4.9992203e-15
-1.6194575e-12
6.0275751e-15
-1.624335e-12
6.7675439e-15
-1.6288609e-12
6.5311482e-15
-1.6313875e-12
4.2032804e-15
-1.6290232e-12
-1.8220426e-15
-1.6174304e-12
-1.3529186e-14
-1.59071e-12
-3.2947904e-14
-1.5420845e-12
-6.1281707e-14
-9.773808e-14
-2.505527e-12
-6.0267273e-14
2.536318e-12
-2.4888996e-12
-3.1325328e-14
-2.4808749e-12
-1.4162277e-14
-2.4778149e-12
-4.5497578e-15
-2.477468e-12
5.0118994e-16
-2.4785469e-12
3.0175625e-15
-2.4803977e-12
4.3130419e-15
-2.4827724e-12
5.218759e-15
-2.4856636e-12
6.2244313e-15
-2.4891745e-12
7.5621433e-15
-2.4933942e-12
9.2188883e-15
-2.4982427e-12
1.087611e-14
-2.5032498e-12
1.1774601e-14
-2.5072327e-12
1.0514067e-14
-2.5078538e-12
4.8243528e-15
-2.5010991e-12
-8.576672e-15
-2.4807474e-12
-3.3880916e-14
-2.4382207e-12
-7.5474578e-14
-2.3632082e-12
-1.3629425e-13
-2.1516907e-13
-3.0916732e-12
-8.535903e-14
3.1167649e-12
-3.0777339e-12
-4.5264583e-14
-3.0707013e-12
-2.1194878e-14
-3.0677488e-12
-7.5022134e-15
-3.0670953e-12
-1.5234202e-16
-3.0676937e-12
3.6159309e-15
-3.0689967e-12
5.616082e-15
-3.0707776e-12
6.9995876e-15
-3.0730024e-12
8.4492334e-15
-3.0757275e-12
1.0287276e-14
-3.0789966e-12
1.2487999e-14
-3.0827068e-12
1.4586353e-14
-3.0864056e-12
1.5473353e-14
-3.0889688e-12
1.3077301e-14
-3.0881067e-12
3.9622495e-15
-3.0796612e-12
-1.7022144e-14
-3.0567318e-12
-5.6810348e-14
-3.008926e-12
-1.2328038e-13
-2.9223991e-12
-2.2282118e-13
-3.5554447e-13
-3.3741107e-12
3.3833232e-12
-9.4571547e-14
-3.3688928e-12
-5.0482478e-14
-3.3661946e-12
-2.3893115e-14
-3.3650121e-12
-8.6846257e-15
-3.3647022e-12
-4.6233036e-16
-3.3648797e-12
3.7934732e-15
-3.365343e-12
6.0793608e-15
-3.366011e-12
7.6675937e-15
-3.3668801e-12
9.3183647e-15
-3.3679888e-12
1.1395922e-14
-3.3693787e-12
1.3877903e-14
-3.3710343e-12
1.6241926e-14
-3.3727661e-12
1.7205192e-14
-3.3739784e-12
1.4289605e-14
-3.3732193e-12
3.2031e-15
-3.367346e-12
-2.2895467e-14
-3.3501767e-12
-7.3979628e-14
-3.310629e-12
-1.6282806e-13
-3.2311269e-12
-3.0232322e-13
-4.9814313e-13
-3.7528506e-12
-5.3868032e-13
4.6223147e-12
-3.1299808e-12
-6.0238679e-13
-2.6462472e-12
-5.4853005e-13
-2.2922189e-12
-4.400205e-13
-2.0403341e-12
-3.2400013e-13
-1.8679046e-12
-2.2386582e-13
-1.7549396e-12
-1.4657615e-13
-1.684266e-12
-9.1152976e-14
-5.362559e-14
-4.7178637e-12
-1.0836382e-12
5.2628216e-12
-4.1567679e-12
-1.1634826e-12
-3.6727499e-12
-1.0325479e-12
-3.2915384e-12
-8.2123202e-13
-3.0090327e-12
-6.0650579e-13
-2.8098697e-12
-4.2302884e-13
-2.6757266e-12
-2.807192e-13
-2.5893459e-12
-1.7753372e-13
-1.0665351e-13
-4.880404e-12
-1.5569366e-12
5.3537025e-12
-4.3933228e-12
-1.6505638e-12
-3.9990616e-12
-1.4268092e-12
-3.7013803e-12
-1.1189133e-12
-3.4840077e-12
-8.2387843e-13
-3.3308129e-12
-5.7622355e-13
-3.2268622e-12
-3.8466998e-13
-3.1590758e-12
-2.4532003e-13
-1.4896441e-13
-4.2734759e-12
4.9190667e-12
-2.2025274e-12
-3.9007994e-12
-2.0232403e-12
-3.707333e-12
-1.6202756e-12
-3.5909018e-12
-1.2353445e-12
-3.5127817e-12
-9.0199855e-13
-3.4591001e-12
-6.2990512e-13
-3.4226492e-12
-4.2112092e-13
-3.3985875e-12
-2.6938171e-13
-1.6422873e-13
-3.9791978e-13
5.462588e-12
-5.9768679e-13
5.4625886e-12
-7.065729e-13
5.4625886e-12
5.4625881e-12
-1.2500943e-12
-1.5113127e-19
-1.8281611e-20
1.148288e-19
-1.7570283e-12
-8.6902809e-13
1.893018e-12
-1.5670993e-12
-1.1408187e-12
-1.3381872e-12
-1.3475476e-12
-1.0864968e-12
-1.4716004e-12
-8.2438739e-13
-1.5149038e-12
-5.5813055e-13
-1.4886783e-12
-2.903864e-13
-1.3997586e-12
-4.2264233e-14
-1.2239114e-12
1.2174537e-13
-9.3068881e-13
-5.0313642e-13
-1.7425325e-12
1.875267e-12
-1.0017625e-12
-1.548408e-12
-1.3349432e-12
-1.3124247e-12
-1.583531e-12
-1.0539664e-12
-1.7300586e-12
-7.8606205e-13
-1.7828082e-12
-5.1136786e-13
-1.7633725e-12
-2.1629284e-13
-1.6948336e-12
1.3343789e-13
-1.5736421e-12
4.6382491e-13
-1.2610758e-12
-3.9311787e-14
-2.0161365e-12
-9.0711098e-14
2.012276e-12
-2.0182514e-12
-4.8367512e-14
-2.0193142e-12
-2.2830347e-14
-2.0197657e-12
-8.2331142e-15
-2.0198768e-12
-3.5129834e-16
-2.019805e-12
3.7217487e-15
-2.0196362e-12
5.9104877e-15
-2.0194122e-12
7.4436403e-15
-2.0191534e-12
9.0595606e-15
-2.0188763e-12
1.1118847e-14
-2.0186106e-12
1.3612168e-14
-2.0184123e-12
1.6043645e-14
-2.0183633e-12
1.7156174e-14
-2.0185233e-12
1.4449589e-14
-2.0187573e-12
3.4370931e-15
-2.018279e-12
-2.3373767e-14
-2.0146515e-12
-7.7607036e-14
-2.0019342e-12
-1.7554544e-13
-1.9680264e-12
-3.3623102e-13
-5.7315148e-13
-1.9466472e-12
1.9363349e-12
-8.0398763e-14
-1.9523562e-12
-4.2658485e-14
-1.9552431e-12
-1.9943466e-14
-1.9564708e-12
-7.0054332e-15
-1.956765e-12
-5.7077266e-17
-1.9565514e-12
3.5081395e-15
-1.9560568e-12
5.4158274e-15
-1.9553825e-12
6.7693536e-15
-1.9545594e-12
8.2364278e-15
-1.9535926e-12
1.0152106e-14
-1.9525064e-12
1.2525962e-14
-1.9513943e-12
1.4931522e-14
-1.9504749e-12
1.6236782e-14
-1.9501308e-12
1.4105512e-14
-1.9508553e-12
4.1616046e-15
-1.9529218e-12
-2.1307294e-14
-1.955398e-12
-7.5130815e-14
-1.9538209e-12
-1.7712258e-13
-1.9356926e-12
-3.5435928e-13
-6.3357711e-13
-1.4105825e-12
-1.6892144e-12
8.9726951e-13
-1.6858601e-12
-1.7479627e-12
-1.8244584e-12
-1.4816772e-12
-1.9010094e-12
-1.1587934e-12
-1.9474287e-12
-8.555792e-13
-1.9764239e-12
-6.0090993e-13
-1.9944927e-12
-4.0305217e-13
-2.0056042e-12
-2.5827019e-13
-1.5755689e-13
-8.4761853e-13
2.9641158e-13
-1.1380075e-12
-1.2527306e-12
-1.3428507e-12
-1.5073696e-12
-1.2270382e-12
-1.6694726e-12
-9.9669046e-13
-1.7754969e-12
-7.4955482e-13
-1.845073e-12
-5.3133393e-13
-1.8901852e-12
-3.5793989e-13
-1.9187839e-12
-2.2967157e-13
-1.4000589e-13
-3.5282475e-13
-5.6413163e-14
-9.0557442e-13
9.7275631e-13
-1.0689444e-12
-8.0145097e-13
-1.4390667e-12
-6.7428471e-13
-1.7106972e-12
-5.361737e-13
-1.8681696e-12
-3.9502211e-13
-1.9239598e-12
-2.5208608e-13
-1.9063085e-12
-9.6923638e-14
-1.8499961e-12
1.3179054e-13
-1.8023562e-12
7.2943453e-13
-1.8587198e-12
-2.5098773e-12
-9.8446017e-13
9.7694561e-13
-7.2884206e-14
-9.886102e-13
-3.8508451e-14
-9.9069435e-13
-1.785931e-14
-9.915653e-13
-6.1344739e-15
-9.9175591e-13
1.3353244e-16
-9.915778e-13
3.3300247e-15
-9.9119496e-13
5.0329892e-15
-9.9067758e-13
6.25198e-15
-9.9004162e-13
7.6004674e-15
-9.8928118e-13
9.3916712e-15
-9.8840099e-13
1.1645762e-14
-9.874559e-13
1.398643e-14
-9.8660256e-13
1.5383434e-14
-9.8615914e-13
1.3662082e-14
-9.8664227e-13
4.6447485e-15
-9.8868786e-13
-1.9261696e-14
-9.9263985e-13
-7.1178826e-14
-9.9729237e-13
-1.7247005e-13
-9.9639494e-13
-3.552567e-13
-6.5721573e-13
-3.156386e-13
7.847926e-14
-9.0084814e-13
-5.3347232e-13
-1.125017e-12
-6.8409502e-13
-1.0764155e-12
-7.8949517e-13
-8.9129033e-13
-8.6205166e-13
-6.7699833e-13
-9.1108528e-13
-4.8230031e-13
-9.4344591e-13
-3.2557924e-13
-9.6416807e-13
-2.089494e-13
-1.2722834e-13
2.2066103e-14
-2.2139364e-12
-1.231372e-12
2.376364e-12
-1.9474215e-12
-1.7055816e-12
-1.6197424e-12
-2.0383763e-12
-1.2689916e-12
-2.2189203e-12
-9.2005083e-13
-2.2729005e-12
-5.8212266e-13
-2.2442367e-12
-2.4728934e-13
-2.1848294e-12
1.0188647e-13
-2.151532e-12
3.9776409e-13
-2.1545974e-12
-2.1121121e-12
-1.9451784e-12
-1.3657641e-12
2.0795706e-12
-1.6864422e-12
-1.9643179e-12
-1.36566e-12
-2.3591585e-12
-1.0331074e-12
-2.5514729e-12
-7.2092032e-13
-2.5850876e-12
-4.4517294e-13
-2.519984e-12
-2.1469061e-13
-2.4153117e-12
-4.9570458e-14
-2.3166522e-12
2.6478108e-14
-2.230646e-12
-2.0856323e-12
-1.5526036e-12
-1.4562792e-12
1.6431187e-12
-1.3123202e-12
-2.2046013e-12
-1.0088271e-12
-2.6626516e-12
-7.0684689e-13
-2.853453e-12
-4.4477595e-13
-2.8471585e-12
-2.3969105e-13
-2.7250689e-12
-9.7828363e-14
-2.5571744e-12
-2.3640991e-14
-2.3908395e-12
-1.0251621e-14
-2.2440353e-12
-2.0958814e-12
-1.0199961e-12
1.0132131e-12
-1.4494961e-12
-8.2192952e-13
-2.4026679e-12
-5.4960813e-13
-2.9349729e-12
-2.9105116e-13
-3.11201e-12
-9.1787943e-14
-3.0464217e-12
3.4211114e-14
-2.851068e-12
8.9644056e-14
-2.6126073e-12
8.4785782e-14
-2.3859812e-12
3.7988312e-14
-2.1972378e-12
-2.0578909e-12
-2.3097305e-12
-4.8717121e-14
2.2855634e-12
-2.3230068e-12
-2.523222e-14
-2.3296013e-12
-1.1264831e-14
-2.3322861e-12
-3.4496179e-15
-2.3327919e-12
6.393469e-16
-2.3321261e-12
2.6642296e-15
-2.3308104e-12
3.7172063e-15
-2.3290573e-12
4.4988846e-15
-2.3268969e-12
5.4400639e-15
-2.3242795e-12
6.7743234e-15
-2.3211799e-12
8.5461533e-15
-2.3177304e-12
1.0536904e-14
-2.3144138e-12
1.2066801e-14
-2.3123353e-12
1.1583587e-14
-2.3135358e-12
5.8452934e-15
-2.3211877e-12
-1.1609769e-14
-2.3390737e-12
-5.3292857e-14
-2.368579e-12
-1.4296474e-13
-2.3979574e-12
-3.2587828e-13
-6.7880911e-13
-1.8502723e-12
-2.4252661e-14
1.8258079e-12
-1.8634035e-12
-1.2101044e-14
-1.8696592e-12
-5.0090818e-15
-1.8719626e-12
-1.1462659e-15
-1.8721179e-12
7.9465271e-16
-1.8711528e-12
1.6991333e-15
-1.8695807e-12
2.1450581e-15
-1.8675815e-12
2.499785e-15
-1.8651352e-12
2.9937011e-15
-1.8621231e-12
3.7621977e-15
-1.8584306e-12
4.8537219e-15
-1.8540864e-12
6.1926181e-15
-1.8494879e-12
7.468387e-15
-1.8457882e-12
7.8838623e-15
-1.8455256e-12
5.5826849e-15
-1.853472e-12
-3.6633265e-15
-1.8777984e-12
-2.8966493e-14
-1.9302578e-12
-9.0505342e-14
-2.0163343e-12
-2.3980176e-13
-6.1557281e-13
-1.2377387e-12
-6.3798219e-15
1.2198659e-12
-1.2469042e-12
-2.9355583e-15
-1.2509143e-12
-9.9898417e-16
-1.252061e-12
4.4737729e-19
-1.2517224e-12
4.5597231e-16
-1.2506611e-12
6.3782671e-16
-1.2492293e-12
7.1328458e-16
-1.2475165e-12
7.8696761e-16
-1.24545e-12
9.2722285e-16
-1.2428668e-12
1.1790496e-15
-1.2395819e-12
1.5687546e-15
-1.2354845e-12
2.0952565e-15
-1.2307141e-12
2.6979971e-15
-1.2260049e-12
3.1746823e-15
-1.2233986e-12
2.976359e-15
-1.2275349e-12
4.7296081e-16
-1.248226e-12
-8.2753219e-15
-1.3061346e-12
-3.259677e-14
-1.4397993e-12
-1.0613702e-13
-4.1225338e-13
-4.677029e-13
4.6132307e-13
-4.7063846e-13
-4.7163744e-13
-4.7163699e-13
-4.7118102e-13
-4.705432e-13
-4.6982991e-13
-4.6904295e-13
-4.6811572e-13
-4.6693667e-13
-4.6536792e-13
-4.6327266e-13
-4.6057467e-13
-4.5739998e-13
-4.5442362e-13
-4.5395066e-13
-4.6222597e-13
-4.9482274e-13
-6.0095975e-13
-5.1807284e-13
-4.3837216e-13
5.5596866e-14
-9.9382198e-13
-6.4926782e-13
-1.3949219e-12
-6.7531551e-13
-1.6999361e-12
-5.8627616e-13
-1.9208306e-12
-4.5610375e-13
-2.07464e-12
-3.2849094e-13
-2.1778227e-12
-2.2239654e-13
-2.2444084e-12
-1.4236368e-13
-8.6073347e-14
-2.6286361e-13
-1.7474668e-13
-7.6183798e-16
-6.106461e-13
-3.0148533e-13
-9.4993115e-13
-3.3603046e-13
-1.23445e-12
-3.017573e-13
-1.4522902e-12
-2.3826355e-13
-1.6085825e-12
-1.7219864e-13
-1.7148477e-12
-1.1613133e-13
-1.7835794e-12
-7.3632031e-14
-4.3844853e-14
-9.8001349e-14
-4.07734e-14
-3.5971933e-14
-3.1601418e-13
-8.3472491e-14
-5.53352e-13
-9.8692634e-14
-7.649257e-13
-9.0183598e-14
-9.3195622e-13
-7.1233033e-14
-1.0531518e-12
-5.1003071e-14
-1.1354442e-12
-3.3838879e-14
-1.1881116e-12
-2.0964658e-14
-1.2090532e-14
1.5582054e-16
-4.0929209e-14
-8.3316664e-14
-1.820093e-13
-2.721929e-13
-3.4342593e-13
-3.94429e-13
-4.2826788e-13
-4.4923254e-13
7.7662964e-14
7.6901125e-14
4.0929211e-14
-3.2923391e-13
-1.1202622e-12
-2.1225187e-13
-2.51965e-12
5.1277557e-14
-3.1985023e-12
2.861789e-13
-3.3469113e-12
4.2418137e-13
-3.1844241e-12
4.5765676e-13
-2.8845433e-12
4.0417065e-13
-2.5591211e-12
2.8885723e-13
-2.2706678e-12
1.4158303e-13
-2.0499636e-12
-1.916306e-12
1.5293366e-13
-1.2731958e-12
5.0160966e-13
-2.868326e-12
8.4331726e-13
-3.54021e-12
1.0368212e-12
-3.5404153e-12
1.0621636e-12
-3.2097665e-12
9.549913e-13
-2.777371e-12
7.6086598e-13
-2.3649958e-12
5.1831619e-13
-2.028118e-12
2.5726287e-13
-1.7889103e-12
-1.6590421e-12
5.4761775e-13
-1.8208136e-12
1.2727568e-12
-3.593465e-12
1.7342966e-12
-4.0017498e-12
1.8540706e-12
-3.6601893e-12
1.7210998e-12
-3.0767958e-12
1.4421953e-12
-2.4984665e-12
1.0951615e-12
-2.017962e-12
7.2618991e-13
-1.6591463e-12
3.5853526e-13
-1.4212556e-12
-1.3005066e-12
1.2491236e-12
-3.0699373e-12
2.4125135e-12
-4.756855e-12
2.837945e-12
-4.4271813e-12
2.7182069e-12
-3.5404512e-12
2.3247963e-12
-2.6833852e-12
1.8337597e-12
-2.00743e-12
1.3341937e-12
-1.518396e-12
8.6113916e-13
-1.1860917e-12
4.1995071e-13
-9.8006713e-13
-8.8055608e-13
3.4655257e-12
-6.535463e-12
4.4743089e-12
-5.7656382e-12
4.1981538e-12
-4.1510262e-12
3.4854738e-12
-2.8277713e-12
2.7044493e-12
-1.9023607e-12
1.9920481e-12
-1.2950288e-12
1.3821517e-12
-9.0849951e-13
8.6512694e-13
-6.69067e-13
4.1502265e-13
-5.2996282e-13
-4.6553385e-13
1.0801643e-11
-3.4851317e-12
-1.3851975e-11
7.7873595e-12
-2.7513544e-12
5.4733136e-12
-1.8369803e-12
3.805024e-12
-1.1594817e-12
2.624295e-12
-7.2163175e-13
1.7841722e-12
-4.5490601e-13
1.1726346e-12
-2.969619e-13
7.0883122e-13
-2.052636e-13
3.3353215e-13
-1.5466373e-13
-1.3200209e-13
7.7132456e-12
-1.1198377e-11
4.9618913e-12
3.1249109e-12
1.9654292e-12
1.2437975e-12
7.8889147e-13
4.9192958e-13
2.8666599e-13
1.3200227e-13
1.2256877e-11
-6.2072907e-13
-1.1636148e-11
1.2433604e-11
-1.7672757e-13
1.248977e-11
-5.6165133e-14
1.2511158e-11
-2.1388706e-14
1.2519659e-11
-8.5010197e-15
1.2522995e-11
-3.3360518e-15
1.2524311e-11
-1.315618e-15
1.2524838e-11
-5.2735292e-16
1.2525054e-11
-2.1609792e-16
1.2525155e-11
-1.0062665e-16
1.2525236e-11
-8.0670161e-17
1.2525376e-11
-1.3987746e-16
1.2525703e-11
-3.2748704e-16
1.2526505e-11
-8.0191129e-16
1.2528634e-11
-2.1290322e-15
1.2534975e-11
-6.3411257e-15
1.2553117e-11
-1.8141753e-14
1.2599682e-11
-4.6564865e-14
1.2769259e-11
-1.6957774e-13
-1.0827152e-12
1.2793475e-11
-1.3414204e-11
1.2616748e-11
1.2560583e-11
1.2539194e-11
1.2530693e-11
1.2527357e-11
1.2526041e-11
1.2525514e-11
1.2525298e-11
1.2525197e-11
1.2525116e-11
1.2524976e-11
1.2524649e-11
1.2523847e-11
1.2521718e-11
1.2515377e-11
1.2497235e-11
1.245067e-11
1.2281093e-11
9.9099871e-12
-4.2865306e-13
-9.481334e-12
1.0125832e-11
-2.1584473e-13
1.0252032e-11
-1.2620029e-13
1.0364323e-11
-1.1229064e-13
1.0478294e-11
-1.1397176e-13
1.0608427e-11
-1.3013268e-13
1.077517e-11
-1.6674307e-13
1.1045738e-11
-2.7056838e-13
-5.9040937e-13
1.1125072e-11
-9.7798248e-12
-1.7739008e-12
1.2095503e-11
-1.1862754e-12
1.2721883e-11
-7.5258068e-13
1.3149576e-11
-5.3998303e-13
1.3444974e-11
-4.0937014e-13
1.3647629e-11
-3.3278709e-13
1.3767249e-11
-2.8636385e-13
1.375666e-11
-2.599792e-13
-2.4795344e-13
-4.2625105e-12
-8.8235119e-12
1.0452238e-17
-1.7738827e-12
-2.8519978e-17
6.7099469e-18
-1.1862717e-12
7.1797146e-18
-7.5258116e-13
7.1943355e-18
-5.3998306e-13
7.2231155e-18
-4.0937023e-13
7.2691343e-18
-3.3278716e-13
7.5430487e-18
-2.8636409e-13
7.5869018e-18
-2.5997926e-13
-2.4794586e-13
1.053706e-12
-8.2723684e-13
-2.0003518e-12
5.2818355e-13
-6.6074924e-13
2.8965368e-13
-5.1405128e-13
1.6326653e-13
-4.1359591e-13
9.5819455e-14
-3.4192315e-13
5.6559283e-14
-2.9352698e-13
3.1877198e-14
-2.6168201e-13
1.4419197e-14
-2.4252126e-13
-2.3352666e-13
1.162136e-12
-2.1026549e-12
1.1328203e-13
6.2370516e-13
-1.2231838e-13
3.6341171e-13
-2.5375783e-13
2.1723804e-13
-2.6742224e-13
1.3362459e-13
-2.5830971e-13
8.179288e-14
-2.4169527e-13
4.7243341e-14
-2.2713247e-13
2.1671813e-14
-2.1694973e-13
-2.1185485e-13
-3.9526382e-12
-1.0820889e-12
1.6861584e-12
6.1371298e-13
2.2625474e-13
-7.2668569e-13
4.6775069e-13
2.3643905e-14
3.2744765e-13
-1.1345479e-13
2.2371356e-13
-1.6368814e-13
1.4972508e-13
-1.8432123e-13
9.698492e-14
-1.8895511e-13
5.7985412e-14
-1.8813296e-13
2.7096775e-14
-1.860611e-13
-1.8475807e-13
4.1463785e-13
2.339514e-13
-4.2233451e-13
3.5429869e-13
8.398307e-14
2.7243179e-13
-3.1587894e-14
2.0070676e-13
-9.1963106e-14
1.4230504e-13
-1.2591951e-13
9.6136797e-14
-1.4278687e-13
5.9070865e-14
-1.5106703e-13
2.8000481e-14
-1.5499071e-13
-1.5675759e-13
2.5176797e-13
1.8852801e-13
-2.0634457e-13
2.4590692e-13
8.9844114e-14
2.0894935e-13
5.3696764e-15
1.6583397e-13
-4.8847727e-14
1.2418944e-13
-8.4274978e-14
8.7162742e-14
-1.0576018e-13
5.4800713e-14
-1.18705e-13
2.6224791e-14
-1.2641479e-13
-1.305328e-13
1.6355204e-13
1.4375231e-13
-1.1877634e-13
1.7303257e-13
8.0363591e-14
1.5752336e-13
2.087888e-14
1.3196824e-13
-2.3292607e-14
1.0296684e-13
-5.5273572e-14
7.4222083e-14
-7.7015423e-14
4.7072193e-14
-9.1555112e-14
2.22941e-14
-1.016367e-13
-1.082387e-13
1.0653351e-13
-6.9643549e-14
1.0686235e-13
1.2060134e-13
6.6295756e-14
1.1634132e-13
2.5138901e-14
1.019374e-13
-8.8886821e-15
8.2190085e-14
-3.5526258e-14
6.0332868e-14
-5.5158206e-14
3.8109896e-14
-6.933214e-14
1.7506363e-14
-8.1033165e-14
-9.0732336e-14
9.5947276e-13
5.3713825e-13
3.3079368e-13
2.1201733e-13
1.4237378e-13
-2.7109513e-16
-4.9326287e-17
3.2042142e-16
-2.2796078e-16
-4.313435e-17
-1.8989047e-16
-3.807031e-17
-1.5593952e-16
-3.3950949e-17
-1.2530446e-16
-3.0635058e-17
-9.7290277e-17
-2.8014187e-17
-7.12843e-17
-2.6005977e-17
-4.6734942e-17
-2.4549358e-17
-2.3133784e-17
-2.3601158e-17
-2.3133784e-17
-2.6531672e-16
-9.7371462e-17
3.1336189e-16
-2.2323852e-16
-8.5212545e-17
-1.8605157e-16
-7.5257263e-17
-1.5285101e-16
-6.7151513e-17
-1.2286435e-16
-6.0621715e-17
-9.5421199e-17
-5.5457338e-17
-6.9928945e-17
-5.1498231e-17
-4.5852818e-17
-4.8625485e-17
-2.2699025e-17
-4.6754951e-17
-4.5832808e-17
-2.5397257e-16
-1.4292079e-16
2.995219e-16
-2.1395704e-16
-1.2522808e-16
-1.78499e-16
-1.107153e-16
-1.4676988e-16
-9.8880629e-17
-1.1805679e-16
-8.9334811e-17
-9.1736823e-17
-8.1777303e-17
-6.72562e-17
-7.5978853e-17
-4.411281e-17
-7.1768876e-17
-2.1841316e-17
-6.9026445e-17
-6.7674125e-17
-2.3747092e-16
-1.8488487e-16
2.79435e-16
-2.0043028e-16
-1.6226872e-16
-1.6747459e-16
-1.4367099e-16
-1.3788178e-16
-1.2847344e-16
-1.1102268e-16
-1.161939e-16
-8.6341589e-17
-1.064584e-16
-6.3339882e-17
-9.898056e-17
-4.1562084e-17
-9.3546674e-17
-2.0583649e-17
-9.000488e-17
-8.8257774e-17
-2.1639161e-16
2.5385448e-16
-2.2234774e-16
-1.8310646e-16
-1.9555387e-16
-1.5332507e-16
-1.7345239e-16
-1.2645379e-16
-1.5534472e-16
-1.0196539e-16
-1.4068231e-16
-7.9386581e-17
-1.290372e-16
-5.8286964e-17
-1.2008018e-16
-3.8269082e-17
-1.1356456e-16
-1.8959409e-17
-1.0931455e-16
-1.0721718e-16
-2.3306402e-14
-1.4269269e-14
3.7575671e-14
-1.4735128e-14
-8.5712741e-15
-1.0121994e-14
-4.613134e-15
-7.2570868e-15
-2.864907e-15
-5.4167735e-15
-1.8403133e-15
-4.160265e-15
-1.2565085e-15
-3.2689317e-15
-8.9133326e-16
-2.614387e-15
-6.5454471e-16
-2.1206876e-15
-4.9369939e-16
-1.739912e-15
-3.8077561e-16
-1.4407833e-15
-2.9912868e-16
-1.2021198e-15
-2.3866352e-16
-1.0091592e-15
-1.929606e-16
-8.5134534e-16
-1.5781384e-16
-7.2096165e-16
-1.3038369e-16
-6.1225588e-16
-1.0870577e-16
-5.2086454e-16
-9.1391336e-17
-4.4342459e-16
-7.7439952e-17
-3.7730561e-16
-6.6118985e-17
-5.6884189e-17
-1.3226633e-14
-1.7263692e-14
1.6221056e-14
-1.0382288e-14
-1.1415619e-14
-7.9680198e-15
-7.0274023e-15
-6.1446441e-15
-4.6882827e-15
-4.7912953e-15
-3.1936622e-15
-3.7861046e-15
-2.2616992e-15
-3.0313147e-15
-1.6461232e-15
-2.4560845e-15
-1.2297748e-15
-2.0109312e-15
-9.3885276e-16
-1.661313e-15
-7.3039378e-16
-1.3829784e-15
-5.7746328e-16
-1.1586598e-15
-4.6298215e-16
-9.7587483e-16
-3.7574553e-16
-8.2545379e-16
-3.0823488e-16
-7.005539e-16
-2.5528358e-16
-5.9599139e-16
-2.1326828e-16
-5.0778283e-16
-1.795999e-16
-4.3282536e-16
-1.5239743e-16
-3.6867053e-16
-1.3027382e-16
-1.1219282e-16
-6.2890248e-15
-1.567456e-14
4.6998925e-15
-6.3399487e-15
-1.1364695e-14
-5.547182e-15
-7.8201691e-15
-4.6681654e-15
-5.5672993e-15
-3.8602691e-15
-4.0015585e-15
-3.1803133e-15
-2.941655e-15
-2.6241113e-15
-2.2023251e-15
-2.1740644e-15
-1.6798218e-15
-1.810198e-15
-1.3027191e-15
-1.514934e-15
-1.0256578e-15
-1.2739365e-15
-8.1846074e-16
-1.075907e-15
-6.6101159e-16
-9.1204982e-16
-5.3960276e-16
-7.7553354e-16
-4.4475116e-16
-6.6103626e-16
-3.6978086e-16
-5.6438665e-16
-3.0991789e-16
-4.8228994e-16
-2.6169661e-16
-4.1212118e-16
-2.2256619e-16
-3.5176969e-16
-1.9062531e-16
-1.6444061e-16
-1.9627845e-15
-1.3021236e-14
-6.9053959e-16
-3.1401133e-15
-1.0187366e-14
-3.3399588e-15
-7.6203235e-15
-3.1621273e-15
-5.7451308e-15
-2.829509e-15
-4.3341767e-15
-2.4657777e-15
-3.3053864e-15
-2.1202883e-15
-2.5478146e-15
-1.8121711e-15
-1.9879389e-15
-1.5453704e-15
-1.5695199e-15
-1.3176653e-15
-1.2533629e-15
-1.1245485e-15
-1.0115776e-15
-9.6106582e-16
-8.2449424e-16
-8.2256628e-16
-6.7810229e-16
-7.0496772e-16
-5.6234972e-16
-6.0480101e-16
-4.6994758e-16
-5.1916421e-16
-3.9555469e-16
-4.4564639e-16
-3.3521443e-16
-3.8224763e-16
-2.8596495e-16
-3.2730604e-16
-2.455669e-16
-2.1231164e-16
6.7650271e-16
-3.3449869e-15
-1.0352752e-14
-8.6703803e-16
-8.6438253e-15
-1.5750888e-15
-6.9122727e-15
-1.8377595e-15
-5.4824601e-15
-1.8519942e-15
-4.3199421e-15
-1.7458993e-15
-3.4114812e-15
-1.587723e-15
-2.7059909e-15
-1.4147343e-15
-2.1609276e-15
-1.2455645e-15
-1.7386896e-15
-1.0888627e-15
-1.4100647e-15
-9.4787867e-16
-1.1525616e-15
-8.2310157e-16
-9.4927134e-16
-7.1368148e-16
-7.8752238e-16
-6.1819581e-16
-6.5783539e-16
-5.3504746e-16
-5.5309593e-16
-4.6266346e-16
-4.6793869e-16
-3.9958568e-16
-3.9829221e-16
-3.4450474e-16
-3.4104589e-16
-2.9626482e-16
-2.9380682e-16
-2.5472198e-16
7.141318e-14
7.9120625e-14
-4.3671458e-14
8.4788673e-14
5.2920262e-14
8.5366937e-14
2.4560637e-14
7.7286145e-14
-8.0788964e-16
6.3497099e-14
-2.1737212e-14
4.5902797e-14
-3.7563904e-14
2.5038617e-14
-4.846796e-14
-1.8645454e-15
-5.4130003e-14
-5.502121e-14
4.87108e-14
5.8806712e-14
-2.8396887e-14
6.0003958e-14
4.1627103e-14
6.2527896e-14
2.2036699e-14
5.8272625e-14
3.4473813e-15
4.9062695e-14
-1.2527282e-14
3.6385037e-14
-2.4886246e-14
2.1149885e-14
-3.3232808e-14
3.5742836e-15
-3.6554401e-14
-3.5225871e-14
3.3872868e-14
4.4068723e-14
-1.9134879e-14
4.288468e-14
3.2615292e-14
4.5915218e-14
1.900616e-14
4.3858591e-14
5.5040085e-15
3.7812134e-14
-6.4808247e-15
2.8885416e-14
-1.5959528e-14
1.8033017e-14
-2.238041e-14
6.4667227e-15
-2.4988106e-14
-2.4059255e-14
2.3944295e-14
3.3360173e-14
-1.3235745e-14
3.0963802e-14
2.5595785e-14
3.3900544e-14
1.6069418e-14
3.3117313e-14
6.2872394e-15
2.9274255e-14
-2.6377664e-15
2.3181694e-14
-9.8669667e-15
1.5676683e-14
-1.4875399e-14
7.848399e-15
-1.7159822e-14
-1.6901396e-14
1.7187341e-14
-9.3585139e-15
2.5531346e-14
2.2598825e-14
2.0184301e-14
2.5210189e-14
1.3458054e-14
2.5136414e-14
6.3610143e-15
2.2771335e-14
-2.7268724e-16
1.8687437e-14
-5.7830687e-15
1.3544418e-14
-9.7323806e-15
8.177453e-15
-1.1792857e-14
-1.206893e-14
9.8702325e-14
7.0305438e-14
5.117056e-14
3.7934814e-14
2.85763e-14
-2.0413982e-16
-2.5669536e-16
2.3848744e-16
-1.7334171e-16
-2.2635198e-16
-1.4556944e-16
-2.0122466e-16
-1.2034389e-16
-1.8057026e-16
-9.7226149e-17
-1.6380005e-16
-7.5812074e-17
-1.5045128e-16
-5.5726519e-17
-1.4016573e-16
-3.6617386e-17
-1.3267369e-16
-1.8149736e-17
-1.277822e-16
-1.2536692e-16
-1.7168834e-16
-2.8444524e-16
1.9943822e-16
-1.4648048e-16
-2.5155984e-16
-1.2349821e-16
-2.2420694e-16
-1.0242911e-16
-2.0163936e-16
-8.2970171e-17
-1.8325899e-16
-6.4829898e-17
-1.6859155e-16
-4.7728387e-17
-1.5726724e-16
-3.1396095e-17
-1.4900598e-16
-1.5571787e-17
-1.4360651e-16
-1.4093871e-16
-1.3655581e-16
-3.052777e-16
1.5738828e-16
-1.1726784e-16
-2.7084782e-16
-9.9403066e-17
-2.4207171e-16
-8.2809399e-17
-2.1823303e-16
-6.7316979e-17
-1.9875141e-16
-5.2746547e-17
-1.8316198e-16
-3.8914536e-17
-1.7109925e-16
-2.5635986e-17
-1.6228453e-16
-1.2725957e-17
-1.5651654e-16
-1.5366466e-16
-9.9807568e-17
-3.1912923e-16
1.1365909e-16
-8.6560428e-17
-2.8409496e-16
-7.3969286e-17
-2.5466285e-16
-6.2027714e-17
-2.301746e-16
-5.0689637e-17
-2.1008948e-16
-3.9882237e-17
-1.9396938e-16
-2.9514949e-17
-1.8146654e-16
-1.948569e-17
-1.7231379e-16
-9.6851843e-18
-1.6631704e-16
-1.6334985e-16
-6.2452082e-17
-3.2615736e-16
6.9480216e-17
-5.5181254e-17
-2.9136579e-16
-4.7863531e-17
-2.6198057e-16
-4.0617872e-17
-2.3742026e-16
-3.3507733e-17
-2.1719962e-16
-2.6556788e-17
-2.0092033e-16
-1.9760552e-17
-1.8826278e-16
-1.3095015e-17
-1.7897933e-16
-6.5231504e-18
-1.7288891e-16
-1.69873e-16
-2.5393389e-17
-3.2669576e-16
2.5931787e-17
-2.3880865e-17
-2.9287831e-16
-2.1702668e-17
-2.6415877e-16
-1.907985e-17
-2.4004308e-16
-1.6168197e-17
-2.2011128e-16
-1.3075167e-17
-2.0401336e-16
-9.8728985e-18
-1.9146504e-16
-6.6083021e-18
-1.8224393e-16
-3.3110319e-18
-1.7618618e-16
-1.7318403e-16
1.0592757e-17
-1.608083e-17
-3.2120768e-16
6.683899e-18
-2.8896945e-16
3.9645029e-18
-2.6143937e-16
2.1354405e-18
-2.3821402e-16
9.6698356e-19
-2.1894282e-16
2.820293e-19
-2.033284e-16
-5.7212279e-20
-1.911258e-16
-1.5989427e-19
-1.8214124e-16
-1.1525993e-19
-1.7623081e-16
-1.7329929e-16
2.3950599e-15
-7.8927861e-15
-4.8550254e-15
7.4764714e-16
-6.9964125e-15
-2.3153363e-16
-5.933092e-15
-7.7705862e-16
-4.9369351e-15
-1.0407885e-15
-4.0562122e-15
-1.1351257e-15
-3.317144e-15
-1.1311551e-15
-2.7099615e-15
-1.0739395e-15
-2.2181432e-15
-9.906684e-16
-1.8219608e-15
-8.9739976e-16
-1.5033333e-15
-8.0325476e-16
-1.2467066e-15
-7.131608e-16
-1.0393653e-15
-6.295425e-16
-8.7114069e-16
-5.533634e-16
-7.3401449e-16
-4.847563e-16
-6.2170302e-16
-4.2340152e-16
-5.2929347e-16
-3.6875095e-16
-4.5294278e-16
-3.2015866e-16
-3.8963818e-16
-2.769551e-16
-3.3701039e-16
-2.9318963e-16
3.2587083e-15
-5.9169369e-15
-5.2345575e-15
1.7949669e-15
-5.5326712e-15
7.954794e-16
-4.9336045e-15
1.4301958e-16
-4.2844753e-15
-2.5800463e-16
-3.655188e-15
-4.8777044e-16
-3.0873782e-15
-6.0424569e-16
-2.5934862e-15
-6.4840503e-16
-2.1739839e-15
-6.4794803e-16
-1.8224178e-15
-6.2122659e-16
-1.5300548e-15
-5.8012637e-16
-1.2878069e-15
-5.3219665e-16
-1.087295e-15
-4.8211838e-16
-9.2121896e-16
-4.3270174e-16
-7.8343113e-16
-3.8554979e-16
-6.6885497e-16
-3.4149584e-16
-5.7334743e-16
-3.0088909e-16
-4.9354953e-16
-2.6378008e-16
-4.2674718e-16
-2.3004023e-16
-3.7075024e-16
-3.2379165e-16
3.6021428e-15
-4.3798357e-15
-5.139244e-15
2.3732682e-15
-4.3037965e-15
1.4534456e-15
-4.0137819e-15
7.9250797e-16
-3.6235376e-15
3.3659623e-16
-3.1992763e-15
3.3694501e-17
-2.7844765e-15
-1.5869716e-16
-2.4010946e-15
-2.7362479e-16
-2.0590562e-15
-3.3552367e-16
-1.7605189e-15
-3.6198303e-16
-1.5035954e-15
-3.6537796e-16
-1.2844119e-15
-3.5427088e-16
-1.0984021e-15
-3.3449629e-16
-9.4099355e-16
-3.0997032e-16
-8.0795709e-16
-2.8327564e-16
-6.9554965e-16
-2.5607663e-16
-6.0054643e-16
-2.2941028e-16
-5.2021588e-16
-2.0388815e-16
-4.5226931e-16
-1.7983576e-16
-3.9480263e-16
-3.4623913e-16
3.6394908e-15
-3.2054458e-15
-4.8138807e-15
2.6411956e-15
-3.3055013e-15
1.8411296e-15
-3.213716e-15
1.2249904e-15
-3.0073984e-15
7.6656428e-16
-2.7408502e-15
4.3508338e-16
-2.4529956e-15
2.0192192e-16
-2.1679331e-15
4.2611321e-17
-1.8997456e-15
-6.2481378e-17
-1.6554262e-15
-1.285385e-16
-1.4375383e-15
-1.6697952e-16
-1.2459709e-15
-1.8622693e-16
-1.0791547e-15
-1.9239716e-16
-9.3482332e-16
-1.8987538e-16
-8.1047888e-16
-1.8176867e-16
-7.0365636e-16
-1.7025206e-16
-6.1206304e-16
-1.5682698e-16
-5.3364096e-16
-1.4251157e-16
-4.6658472e-16
-1.2797928e-16
-4.0933491e-16
-3.6055932e-16
3.5057975e-15
-2.318802e-15
-4.3924413e-15
2.7117929e-15
-2.5114967e-15
2.039556e-15
-2.5414791e-15
1.4926835e-15
-2.4605259e-15
1.0619117e-15
-2.3100784e-15
7.3117761e-16
-2.1222615e-15
4.8279101e-16
-1.9195465e-15
2.9992558e-16
-1.7168802e-15
1.6791098e-16
-1.5234116e-15
7.4594097e-17
-1.3442214e-15
1.0260551e-17
-1.1816374e-15
-3.2663349e-17
-1.0362308e-15
-5.9973053e-17
-9.0751362e-16
-7.6040124e-17
-7.9441181e-16
-8.412382e-17
-6.9557266e-16
-8.6629712e-17
-6.0955715e-16
-8.5316509e-17
-5.3495416e-16
-8.1457454e-17
-4.7044377e-16
-7.5964117e-17
-4.1482825e-16
-3.6704322e-16
3.2845163e-15
-1.655516e-15
-3.9478023e-15
2.6623134e-15
-1.8892938e-15
2.1103684e-15
-1.9895342e-15
1.6402296e-15
-1.990387e-15
1.2522886e-15
-1.9221374e-15
9.4001944e-16
-1.8099923e-15
6.9368588e-16
-1.673213e-15
5.0260089e-16
-1.5257952e-15
3.5651634e-16
-1.377327e-15
2.4630306e-16
-1.2340081e-15
1.6420879e-16
-1.0995431e-15
1.0386191e-16
-9.758839e-16
6.014798e-17
-8.6379968e-16
2.9033314e-17
-7.6329714e-16
7.3795281e-18
-6.7391888e-16
-7.2289654e-18
-5.9494866e-16
-1.6634865e-17
-5.2554826e-16
-2.2232931e-17
-4.6484571e-16
-2.507126e-17
-4.1198992e-16
-3.661827e-16
3.0265892e-15
-3.5186908e-15
-1.1634144e-15
2.54452e-15
-1.4072246e-15
2.0987084e-15
-1.5437226e-15
1.70336e-15
-1.5950385e-15
1.3638692e-15
-1.5826466e-15
1.079525e-15
-1.5256481e-15
8.4603056e-16
-1.4397185e-15
6.5729917e-16
-1.3370638e-15
5.0669358e-16
-1.2267214e-15
3.8777287e-16
-1.1150874e-15
2.9469691e-16
-1.0064671e-15
2.2239832e-16
-9.0358532e-16
1.6661333e-16
-8.0801469e-16
1.2383348e-16
-7.2051729e-16
9.1219717e-17
-6.4130512e-16
6.6503837e-17
-5.7023278e-16
4.7891616e-17
-5.0693604e-16
3.3974877e-17
-4.5092897e-16
2.3655352e-17
-4.016704e-16
-3.5860817e-16
1.3241892e-14
1.9418341e-14
-7.1288874e-15
1.7656816e-14
1.5769378e-14
2.0031269e-14
1.1083601e-14
2.0369203e-14
6.0230803e-15
1.8914625e-14
1.1818913e-15
1.6082748e-14
-2.9511919e-15
1.2388475e-14
-6.0381081e-15
8.4568398e-15
-7.8612211e-15
-8.4671154e-15
9.5804549e-15
1.4950998e-14
-5.113112e-15
1.2926937e-14
1.2422896e-14
1.4887599e-14
9.1229384e-15
1.5421258e-14
5.4894214e-15
1.4664393e-14
1.9387561e-15
1.2888646e-14
-1.175445e-15
1.0450417e-14
-3.5998787e-15
7.7707675e-15
-5.1815715e-15
-5.9309054e-15
7.0317846e-15
1.164623e-14
-3.7270161e-15
9.5849459e-15
9.8697344e-15
1.1188082e-14
7.5198018e-15
1.1788341e-14
4.8891624e-15
1.1459403e-14
2.2676943e-15
1.0375594e-14
-9.163593e-17
8.7772563e-15
-2.0015409e-15
6.9450325e-15
-3.3493478e-15
-4.1251169e-15
5.2347332e-15
9.1701303e-15
-2.7586336e-15
7.1992392e-15
7.9052284e-15
8.5057731e-15
6.2132679e-15
9.1033935e-15
4.291542e-15
9.0294754e-15
2.3416124e-15
8.3941055e-15
5.4373398e-16
7.3568338e-15
-9.6426915e-16
6.1044413e-15
-2.0969553e-15
-2.8345563e-15
3.9508832e-15
7.291001e-15
-2.0717538e-15
5.4769694e-15
6.3791422e-15
6.5425664e-15
5.1476708e-15
7.1033083e-15
3.7308002e-15
7.1758839e-15
2.2690367e-15
6.8287208e-15
8.9089704e-16
6.1666646e-15
-3.0221287e-16
5.3142163e-15
-1.244507e-15
-1.9127813e-15
3.0225854e-15
5.8464413e-15
-1.5780258e-15
4.2203136e-15
5.1814141e-15
5.0922794e-15
4.275705e-15
5.6016005e-15
3.2214791e-15
5.753476e-15
2.1171613e-15
5.5896873e-15
1.0546858e-15
5.1786465e-15
1.0882786e-16
4.6035653e-15
-6.6942576e-16
-1.2570183e-15
2.3438602e-15
-1.2188493e-15
4.7214304e-15
3.2940922e-15
4.2311821e-15
4.0113027e-15
3.5584944e-15
4.4655288e-15
2.767253e-15
4.655852e-15
1.9268381e-15
4.6071998e-15
1.1033379e-15
4.3639517e-15
3.5207594e-16
3.9818765e-15
-2.8735048e-16
-7.9383265e-16
2.1447413e-14
1.6334301e-14
1.2607285e-14
9.8486511e-15
7.7768973e-15
6.1988715e-15
4.9800221e-15
4.1969743e-17
-3.1088386e-16
-5.2293565e-17
3.3595512e-17
-2.8059522e-16
2.675074e-17
-2.545946e-16
2.1099058e-17
-2.3256233e-16
1.6369637e-17
-2.142134e-16
1.2342328e-17
-1.9930109e-16
8.8355166e-18
-1.8761899e-16
5.696093e-18
-1.7900182e-16
2.7910123e-18
-1.7332573e-16
-1.7050828e-16
7.1166288e-17
-2.9610251e-16
-8.5947635e-17
5.8665421e-17
-2.6809436e-16
4.7998929e-17
-2.4392811e-16
3.8798021e-17
-2.2336143e-16
3.0755628e-17
-2.0617101e-16
2.3613277e-17
-1.9215874e-16
1.7150034e-17
-1.8115575e-16
1.1173107e-17
-1.7302489e-16
5.5097339e-18
-1.6766236e-16
-1.6499854e-16
9.8143264e-17
-2.7739081e-16
-1.1685497e-16
8.1949941e-17
-2.5190103e-16
6.7820747e-17
-2.2979892e-16
5.5369572e-17
-2.1091025e-16
4.4265841e-17
-1.9506727e-16
3.4223505e-17
-1.8211641e-16
2.4991454e-17
-1.719237e-16
1.6345117e-17
-1.6437856e-16
8.0790141e-18
-1.5939626e-16
-1.5691953e-16
1.2267528e-16
-2.5526923e-16
-1.4479686e-16
1.0323028e-16
-2.3245604e-16
8.6013201e-17
-2.1258183e-16
7.0632746e-17
-1.955298e-16
5.6745459e-17
-1.8117999e-16
4.4046994e-17
-1.6941794e-16
3.2264204e-17
-1.6014091e-16
2.1147975e-17
-1.5326233e-16
1.0466661e-17
-1.4871494e-16
-1.4645287e-16
1.4461555e-16
-2.3023693e-16
-1.6964784e-16
1.2235294e-16
-2.1019344e-16
1.0242673e-16
-1.9265562e-16
8.4449569e-17
-1.7755264e-16
6.8073498e-17
-1.6480392e-16
5.2983485e-17
-1.5432793e-16
3.8891273e-17
-1.460487e-16
2.5529544e-17
-1.399006e-16
1.2646384e-17
-1.3583178e-16
-1.3380649e-16
1.6387925e-16
-2.0276238e-16
-1.913538e-16
1.3921727e-16
-1.8553145e-16
1.1695602e-16
-1.7039437e-16
9.6718373e-17
-1.5731499e-16
7.8158018e-17
-1.4624356e-16
6.0955136e-17
-1.3712505e-16
4.4811971e-17
-1.2990553e-16
2.9448334e-17
-1.2453696e-16
1.4597139e-17
-1.2098059e-16
-1.1920935e-16
1.8043043e-16
-1.7327766e-16
-2.0991516e-16
1.5376525e-16
-1.5886627e-16
1.2953216e-16
-1.4616127e-16
1.0736786e-16
-1.3515069e-16
8.69317e-17
-1.258074e-16
6.7903309e-17
-1.1809666e-16
4.9979707e-17
-1.1198193e-16
3.2872102e-17
-1.0742936e-16
1.6302466e-17
-1.0441095e-16
-1.0290688e-16
1.942648e-16
-2.2536309e-16
-1.4217937e-16
1.6596961e-16
-1.3057109e-16
1.4011468e-16
-1.2030634e-16
1.1635198e-16
-1.11388e-16
9.4348769e-17
-1.0380419e-16
7.3786854e-17
-9.753474e-17
5.4361125e-17
-9.2556202e-17
3.5777478e-17
-8.884571e-17
1.7750356e-17
-8.6383831e-17
-8.5156523e-17
2.6381217e-15
-8.1576726e-16
-2.9857688e-15
2.2831792e-15
-1.0522821e-15
1.9422831e-15
-1.2028266e-15
1.6289742e-15
-1.2817297e-15
1.350443e-15
-1.3041154e-15
1.1090872e-15
-1.2842923e-15
9.0409179e-16
-1.2347231e-15
7.3269805e-16
-1.1656701e-15
5.9116418e-16
-1.0851876e-15
4.7541964e-16
-9.9934289e-16
3.8147871e-16
-9.125262e-16
3.0567389e-16
-8.277805e-16
2.4476616e-16
-7.4710695e-16
1.959761e-16
-6.7172723e-16
1.5696824e-16
-6.0229726e-16
1.2581064e-16
-5.3907518e-16
1.0092388e-16
-4.8204928e-16
8.1028142e-17
-4.3103323e-16
6.50932e-17
-3.8573546e-16
-3.4580854e-16
2.4079368e-15
-5.5885031e-16
-2.6648537e-15
2.1343872e-15
-7.7873257e-16
1.8619609e-15
-9.3040023e-16
1.6031207e-15
-1.0228895e-15
1.3656427e-15
-1.0666374e-15
1.1535032e-15
-1.0721528e-15
9.6788457e-16
-1.0491045e-15
8.080758e-16
-1.0058613e-15
6.7221093e-16
-9.493227e-16
5.5782095e-16
-8.8495291e-16
4.6221922e-16
-8.1692447e-16
3.8275078e-16
-7.4831205e-16
3.1693948e-16
-6.8129566e-16
2.6256311e-16
-6.1735086e-16
2.1768054e-16
-5.5741468e-16
1.8062915e-16
-5.0202379e-16
1.5000535e-16
-4.5142548e-16
1.2463671e-16
-4.056646e-16
1.0355135e-16
-3.6465009e-16
-3.2820483e-16
2.1951686e-15
-3.7121853e-16
-2.3828003e-15
1.9860637e-15
-5.6962773e-16
1.7699861e-15
-7.1432264e-16
1.5578922e-15
-8.1079557e-16
1.3573562e-15
-8.6610135e-16
1.1730283e-15
-8.878249e-16
1.0072463e-15
-8.833225e-16
8.6064577e-16
-8.5926079e-16
7.3270228e-16
-8.2137921e-16
6.2216959e-16
-7.7442022e-16
5.2741082e-16
-7.221657e-16
4.4663313e-16
-6.6753436e-16
3.7804377e-16
-6.127063e-16
3.1994599e-16
-5.5925308e-16
2.7079146e-16
-5.0826015e-16
2.2920294e-16
-4.6043527e-16
1.9397766e-16
-4.1620019e-16
1.6407899e-16
-3.7576593e-16
1.386218e-16
-3.391929e-16
-3.0643799e-16
2.0039314e-15
-2.3634549e-16
-2.1388045e-15
1.8455016e-15
-4.1119789e-16
1.6752236e-15
-5.4404465e-16
1.502474e-15
-6.38046e-16
1.3342348e-15
-6.9786208e-16
1.1752882e-15
-7.2887834e-16
1.0285649e-15
-7.3659915e-16
8.9553834e-16
-7.2623427e-16
7.7660733e-16
-7.024482e-16
6.7142787e-16
-6.6924077e-16
5.7918245e-16
-6.2992028e-16
4.9878499e-16
-5.8713689e-16
4.2902891e-16
-5.4295022e-16
3.6868827e-16
-4.9891244e-16
3.1658246e-16
-4.5615434e-16
2.7161389e-16
-4.1546671e-16
2.3278686e-16
-3.7737316e-16
1.9921344e-16
-3.4219252e-16
1.7011134e-16
-3.100908e-16
-2.8112351e-16
1.8358511e-15
-1.4151019e-16
-1.9306864e-15
1.7170088e-15
-2.9235559e-16
1.5835574e-15
-4.1059324e-16
1.4433966e-15
-4.9788529e-16
1.3027621e-15
-5.5722758e-16
1.1662654e-15
-5.9238156e-16
1.0370698e-15
-6.0740363e-16
9.1713221e-16
-6.0629664e-16
8.0746016e-16
-5.9277614e-16
7.0835443e-16
-5.7013504e-16
6.1961819e-16
-5.4118405e-16
5.4072707e-16
-5.0824577e-16
4.7096044e-16
-4.7318359e-16
4.0949817e-16
-4.3745017e-16
3.554886e-16
-4.0214476e-16
3.0809387e-16
-3.6807199e-16
2.6651813e-16
-3.3579742e-16
2.300232e-16
-3.0569759e-16
1.9793564e-16
-2.7800324e-16
-2.5283572e-16
1.691128e-15
-7.692453e-17
-1.7557136e-15
1.602991e-15
-2.0421859e-16
1.4988359e-15
-3.064382e-16
1.3852681e-15
-3.8431747e-16
1.2677596e-15
-4.3971911e-16
1.150603e-15
-4.7522489e-16
1.0369782e-15
-4.9377886e-16
9.2908758e-16
-4.9840605e-16
8.2832097e-16
-4.9200953e-16
7.3542509e-16
-4.7723916e-16
6.5066055e-16
-4.5641951e-16
5.7393744e-16
-4.3152266e-16
5.0492646e-16
-4.0417261e-16
4.4314614e-16
-3.7566985e-16
3.8802856e-16
-3.4702718e-16
3.3896705e-16
-3.1901048e-16
2.9534932e-16
-2.9217969e-16
2.5657931e-16
-2.6692758e-16
2.2209063e-16
-2.4351455e-16
-2.2209889e-16
1.5691555e-15
-3.505269e-17
-1.6110273e-15
1.5046261e-15
-1.396892e-16
1.423499e-15
-2.2531113e-16
1.3312932e-15
-2.921116e-16
1.2327752e-15
-3.4120118e-16
1.131868e-15
-3.7431762e-16
1.0316504e-15
-3.9356127e-16
9.3442026e-16
-4.0117594e-16
8.4179254e-16
-3.9938181e-16
7.5481248e-16
-3.902591e-16
6.7406932e-16
-3.7567636e-16
5.9980105e-16
-3.5725439e-16
5.3198539e-16
-3.3635696e-16
4.7041548e-16
-3.1409993e-16
4.1476035e-16
-2.9137205e-16
3.6461171e-16
-2.6886184e-16
3.1951895e-16
-2.4708693e-16
2.790145e-16
-2.2642313e-16
2.4263144e-16
-2.0713149e-16
-1.893826e-16
1.4690359e-15
-1.4940878e-15
-1.0000772e-17
1.422368e-15
-9.3021355e-17
1.3590075e-15
-1.6195063e-16
1.2835955e-15
-2.1669959e-16
1.2002894e-15
-2.5789501e-16
1.1126497e-15
-2.8667799e-16
1.0236015e-15
-3.0451298e-16
9.3544858e-16
-3.1302306e-16
8.499257e-16
-3.1385893e-16
7.6826942e-16
-3.0860282e-16
6.9129778e-16
-2.9870472e-16
6.1948918e-16
-2.8544579e-16
5.5305529e-16
-2.6992307e-16
4.9200509e-16
-2.5304973e-16
4.3619889e-16
-2.3556585e-16
3.8539245e-16
-2.180554e-16
3.3927195e-16
-2.0096642e-16
2.9748087e-16
-1.8463206e-16
2.5964022e-16
-1.6929084e-16
-1.5510547e-16
1.7660512e-15
3.8705488e-15
-9.1516953e-16
2.4965052e-15
3.5007281e-15
3.0649866e-15
2.990013e-15
3.4484261e-15
2.3838135e-15
3.6431219e-15
1.7321423e-15
3.6629764e-15
1.0834834e-15
3.5355683e-15
4.7948402e-16
3.2969612e-15
-4.8743406e-17
-4.8264022e-16
1.4212087e-15
3.1834932e-15
-7.341532e-16
2.0196034e-15
2.9023335e-15
2.497811e-15
2.5118054e-15
2.8371778e-15
2.0444467e-15
3.0327765e-15
1.5365436e-15
3.0924067e-15
1.0238533e-15
3.0340577e-15
5.3783297e-16
2.8824104e-15
1.0290389e-16
-2.6508351e-16
1.1586029e-15
2.621659e-15
-5.9676858e-16
1.6543828e-15
2.4065535e-15
2.0599694e-15
2.1062187e-15
2.3602768e-15
1.7441394e-15
2.5500184e-15
1.346802e-15
2.6331662e-15
9.4070547e-16
2.6213228e-15
5.4967637e-16
2.5313751e-15
1.9285159e-16
-1.1650875e-16
9.5732398e-16
2.1561194e-15
-4.9178447e-16
1.3730372e-15
1.9908403e-15
1.7202528e-15
1.7590031e-15
1.9867296e-15
1.4776626e-15
2.1672813e-15
1.1662503e-15
2.2635085e-15
8.4447836e-16
2.2827605e-15
5.3042429e-16
2.2365674e-15
2.3904476e-16
-1.8745873e-17
8.0242765e-16
1.7649017e-15
-4.1120987e-16
1.1555459e-15
1.6377221e-15
1.4559524e-15
1.4585966e-15
1.6936519e-15
1.239963e-15
1.86378e-15
9.9612219e-16
1.9664929e-15
7.4176545e-16
2.0063124e-15
4.9060483e-16
1.9910772e-15
2.5427998e-16
4.1644955e-17
6.8307783e-16
1.4310972e-15
-3.4927336e-16
9.8729709e-16
1.3335028e-15
1.2503364e-15
1.1955574e-15
1.4639592e-15
1.0263401e-15
1.6237054e-15
8.3637599e-16
1.728872e-15
6.3659891e-16
1.7821039e-15
4.3737288e-16
1.7886935e-15
2.4769039e-16
7.4624843e-17
5.913475e-16
1.1415178e-15
-3.0176809e-16
8.5753634e-16
1.067314e-15
1.0909811e-15
9.6211264e-16
1.284809e-15
8.3251212e-16
1.434969e-15
6.8621604e-16
1.5402621e-15
5.3130578e-16
1.6020911e-15
3.7554385e-16
1.6239911e-15
2.257904e-16
8.7588656e-17
5.2165294e-16
-2.6573936e-16
8.8560422e-16
7.5865103e-16
8.3031587e-16
9.6902886e-16
7.5173481e-16
1.1469542e-15
6.5458676e-16
1.2887475e-15
5.4442276e-16
1.3929388e-15
4.2711447e-16
1.4601176e-15
3.0836505e-16
1.4926166e-15
1.9329139e-16
8.6117469e-17
4.0648526e-15
3.3306994e-15
2.7339308e-15
2.2421464e-15
1.8309365e-15
1.4816631e-15
1.179895e-15
9.1415568e-16
6.5846758e-17
-7.6274017e-17
-1.3175211e-16
5.6329031e-17
-1.2105336e-16
4.7607182e-17
-1.1158449e-16
3.9570711e-17
-1.0335153e-16
3.2112749e-17
-9.6346229e-17
2.513013e-17
-9.0552121e-17
1.8523146e-17
-8.5949218e-17
1.2195086e-17
-8.251765e-17
6.0516059e-18
-8.0240351e-17
-7.9104917e-17
4.6245938e-16
-4.6795845e-16
-4.501699e-18
4.5011449e-16
-8.0676466e-17
4.3234511e-16
-1.4418126e-16
4.1051841e-16
-1.9487288e-16
3.8588451e-16
-2.3326111e-16
3.5953782e-16
-2.603313e-16
3.3239899e-16
-2.7737415e-16
3.0521322e-16
-2.8583729e-16
2.7855981e-16
-2.8720552e-16
2.5286894e-16
-2.8291194e-16
2.2844195e-16
-2.7427773e-16
2.0547269e-16
-2.6247654e-16
1.8406809e-16
-2.4851847e-16
1.6426681e-16
-2.3324845e-16
1.4605557e-16
-2.1735461e-16
1.2938284e-16
-2.0138268e-16
1.1417009e-16
-1.8575367e-16
1.0032064e-16
-1.707826e-16
8.7726586e-17
-1.5669679e-16
-1.436529e-16
1.5897703e-16
-8.0907737e-17
8.0753493e-16
2.3157202e-16
7.5772088e-16
2.9643898e-16
6.8686784e-16
3.5184321e-16
5.9918254e-16
3.9665048e-16
4.9961549e-16
4.3034866e-16
3.9341629e-16
4.5301279e-16
2.8570092e-16
4.6522419e-16
1.8107999e-16
8.3383201e-17
8.3324794e-16
2.0411004e-16
-9.9735833e-17
-2.3612632e-16
1.7480405e-16
-9.1747364e-17
1.47881e-16
-8.4661445e-17
1.2301837e-16
-7.8488894e-17
9.9900777e-17
-7.3228636e-17
7.822102e-17
-6.8872365e-17
5.7680029e-17
-6.5408227e-17
3.7986048e-17
-6.2823669e-17
1.8853251e-17
-6.1107554e-17
-6.0251666e-17
2.1146209e-16
-6.6922347e-17
-2.4427557e-16
1.8133028e-16
-6.1615554e-17
1.5356952e-16
-5.6900686e-17
1.2786861e-16
-5.2787983e-17
1.0391916e-16
-4.9279187e-17
8.1417515e-17
-4.6370721e-17
6.0065495e-17
-4.4056208e-17
3.9570246e-17
-4.232842e-17
1.9643438e-17
-4.1180746e-17
-4.0608228e-17
2.1634602e-16
-3.3589099e-17
-2.4967927e-16
1.8567225e-16
-3.0941783e-17
1.5735899e-16
-2.8587429e-17
1.3110307e-16
-2.6532067e-17
1.066012e-16
-2.4777314e-17
8.3552457e-17
-2.3321977e-17
6.165958e-17
-2.2163331e-17
4.0629269e-17
-2.1298109e-17
2.0171779e-17
-2.0723255e-17
-2.043645e-17
2.1878171e-16
-2.5237081e-16
1.8783993e-16
1.592525e-16
1.3272044e-16
1.0794312e-16
8.4621145e-17
6.2457814e-17
4.1159705e-17
2.043645e-17
1.340701e-15
4.9231338e-18
-1.3501258e-15
1.3113443e-15
-5.1319805e-17
1.2658235e-15
-9.8660462e-17
1.2078407e-15
-1.3689004e-16
1.1408531e-15
-1.6627353e-16
1.0679535e-15
-1.8743166e-16
9.9180363e-16
-2.0122432e-16
9.1461227e-16
-2.0864593e-16
8.3814535e-16
-2.1073859e-16
7.6375891e-16
-2.085255e-16
6.9244509e-16
-2.0296391e-16
6.2488406e-16
-1.9491552e-16
5.6149676e-16
-1.8513116e-16
5.0249475e-16
-1.7424644e-16
4.4792523e-16
-1.627851e-16
3.9771016e-16
-1.511676e-16
3.5167906e-16
-1.3972257e-16
3.0959597e-16
-1.2869951e-16
2.7118087e-16
-1.1828169e-16
-1.0859835e-16
1.2891349e-15
7.0801618e-18
-1.2912919e-15
1.2677942e-15
-2.9979102e-17
1.2305147e-15
-6.1381011e-17
1.1805667e-15
-8.6941981e-17
1.1210793e-15
-1.0678621e-16
1.0549215e-15
-1.2127383e-16
9.8462554e-16
-1.3092835e-16
9.123497e-16
-1.3637009e-16
8.3987109e-16
-1.3825998e-16
7.6860085e-16
-1.3725527e-16
6.9961448e-16
-1.3397753e-16
6.3369068e-16
-1.2899172e-16
5.7135398e-16
-1.2279446e-16
5.1291727e-16
-1.1580972e-16
4.5852193e-16
-1.0838976e-16
4.0817408e-16
-1.0081975e-16
3.6177607e-16
-9.3324567e-17
3.1915318e-16
-8.6076617e-17
2.800755e-16
-7.9204011e-17
-7.2798423e-17
1.2551398e-15
4.6456832e-18
-1.2527053e-15
1.238911e-15
-1.3750372e-17
1.2069292e-15
-2.9399153e-17
1.1621836e-15
-4.2196399e-17
1.1075866e-15
-5.2189218e-17
1.0458549e-15
-5.9542155e-17
9.7942899e-16
-6.4502414e-17
9.1042649e-16
-6.7367593e-17
8.4062455e-16
-6.8458046e-17
7.7146417e-16
-6.8094887e-17
7.0407045e-16
-6.6583814e-17
6.3928302e-16
-6.4204286e-17
5.7769184e-16
-6.1203285e-17
5.1967484e-16
-5.7792715e-17
4.654346e-16
-5.4149516e-17
4.1503248e-16
-5.0417636e-17
3.6841908e-16
-4.6711167e-17
3.2546055e-16
-4.3118086e-17
2.8596073e-16
-3.9704194e-17
-3.651696e-17
1.2382727e-15
-1.233627e-15
1.2245223e-15
1.1951232e-15
1.1529268e-15
1.1007376e-15
1.0411954e-15
9.76693e-16
9.0932541e-16
8.4086736e-16
7.7277247e-16
7.0618866e-16
6.4198437e-16
5.8078109e-16
5.2298837e-16
4.6883886e-16
4.1842122e-16
3.7171005e-16
3.2859197e-16
2.8888777e-16
4.4672424e-16
5.8794572e-16
-2.2713502e-16
6.5173202e-16
5.527131e-16
8.3608806e-16
5.025118e-16
9.9503953e-16
4.4023107e-16
1.1253691e-15
3.6928592e-16
1.2254662e-15
2.933192e-16
1.295258e-15
2.1590913e-16
1.3360236e-15
1.403144e-16
6.9280956e-17
4.1492854e-16
3.8376359e-16
-2.1074641e-16
6.0639728e-16
3.6124436e-16
7.7979193e-16
3.2911716e-16
9.3083411e-16
2.8918889e-16
1.0565179e-15
2.436021e-16
1.1551849e-15
1.9465226e-16
1.226487e-15
1.4460697e-16
1.2712544e-15
9.5546984e-17
4.9243501e-17
3.9453142e-16
1.8947232e-16
-2.0024015e-16
5.7728191e-16
1.7849386e-16
7.4357954e-16
1.6281953e-16
8.8944986e-16
1.4331856e-16
1.0120283e-15
1.2102369e-16
1.1096363e-15
9.7044229e-17
1.1817635e-15
7.2479809e-17
1.2289665e-15
4.8343979e-17
2.5504685e-17
3.8459868e-16
-1.9512636e-16
5.6309254e-16
7.2591207e-16
8.6923063e-16
9.9025433e-16
1.0872986e-15
1.1597784e-15
1.2081223e-15
6.0611292e-16
3.953665e-16
1.9512636e-16
)
;

boundaryField
{
    needle_inlet_left
    {
        type            calculated;
        value           uniform 0;
    }
    needle_inlet_right
    {
        type            calculated;
        value           uniform 0;
    }
    needle_outlet_left
    {
        type            calculated;
        value           uniform 0;
    }
    needle_outlet_right
    {
        type            calculated;
        value           uniform 0;
    }
    sclera_left_lower
    {
        type            calculated;
        value           uniform 0;
    }
    sclera_left_upper
    {
        type            calculated;
        value           uniform 0;
    }
    sclera_right
    {
        type            calculated;
        value           uniform 0;
    }
    sclera_right_upper
    {
        type            calculated;
        value           uniform 0;
    }
    sclera_top
    {
        type            calculated;
        value           uniform 0;
    }
    cornea_fsi
    {
        type            calculated;
        value           uniform 0;
    }
    lens_bottom
    {
        type            calculated;
        value           uniform 0;
    }
    lens_bottom_left
    {
        type            calculated;
        value           uniform 0;
    }
    lens_right
    {
        type            calculated;
        value           uniform 0;
    }
    lens_left
    {
        type            calculated;
        value           uniform 0;
    }
    lens_top
    {
        type            calculated;
        value           uniform 0;
    }
    lens_top_left
    {
        type            calculated;
        value           uniform 0;
    }
    iris_bottom
    {
        type            calculated;
        value           uniform 0;
    }
    iris_pupil
    {
        type            calculated;
        value           uniform 0;
    }
    iris_pupil_left
    {
        type            calculated;
        value           uniform 0;
    }
    iris_top
    {
        type            calculated;
        value           uniform 0;
    }
    tm_limbus_wall
    {
        type            calculated;
        value           uniform 0;
    }
    ac_inlet
    {
        type            calculated;
        value           nonuniform List<scalar> 5(-5.2188234e-12 -5.2188234e-12 -4.8709022e-12 -4.8709012e-12 -4.8709022e-12);
    }
    ac_inlet_left
    {
        type            calculated;
        value           nonuniform List<scalar> 5(-5.2188234e-12 -5.2188234e-12 -4.8709022e-12 -4.8709012e-12 -4.8709022e-12);
    }
    outlet_tm
    {
        type            calculated;
        value           nonuniform List<scalar> 4(5.4625881e-12 5.4625885e-12 5.4625885e-12 5.4625882e-12);
    }
    outlet_tm_left
    {
        type            calculated;
        value           nonuniform List<scalar> 4(5.4625881e-12 5.4625885e-12 5.4625885e-12 5.4625882e-12);
    }
    front
    {
        type            empty;
    }
    back
    {
        type            empty;
    }
    defaultFaces
    {
        type            calculated;
        value           uniform 0;
    }
    needle_int_inlet_master
    {
        type            calculated;
        value           uniform 0;
    }
    needle_int_inlet_slave
    {
        type            calculated;
        value           uniform 0;
    }
    needle_int_outlet_master
    {
        type            calculated;
        value           uniform 3.2e-12;
    }
    needle_int_outlet_slave
    {
        type            calculated;
        value           uniform 3.2e-12;
    }
}


// ************************************************************************* //
