/*--------------------------------*- C++ -*----------------------------------*\
| =========                 |                                                 |
| \\      /  F ield         | OpenFOAM: The Open Source CFD Toolbox           |
|  \\    /   O peration     | Version:  2512                                  |
|   \\  /    A nd           | Website:  www.openfoam.com                      |
|    \\/     M anipulation  |                                                 |
\*---------------------------------------------------------------------------*/
FoamFile
{
    version     2.0;
    format      ascii;
    arch        "LSB;label=32;scalar=64";
    class       surfaceScalarField;
    location    "10.1";
    object      phi;
}
// * * * * * * * * * * * * * * * * * * * * * * * * * * * * * * * * * * * * * //

dimensions      [0 3 -1 0 0 0 0];

oriented        oriented;

internalField   nonuniform List<scalar> 
6512
(
4.4323787e-14
-4.4323747e-14
-4.4461623e-20
9.1628013e-14
-4.7304273e-14
1.4378595e-13
-5.2157881e-14
2.0070721e-13
-5.692125e-14
2.610484e-13
-6.0341183e-14
3.2260978e-13
-6.1561393e-14
3.8253807e-13
-5.992827e-14
4.3759264e-13
-5.5054588e-14
4.8463304e-13
-4.7040367e-14
5.213211e-13
-3.6688065e-14
5.4683888e-13
-2.5517759e-14
5.6231723e-13
-1.5478364e-14
5.7004558e-13
-7.7283378e-15
5.725573e-13
-2.5117133e-15
5.7201897e-13
5.3831793e-16
5.7005687e-13
1.9621438e-15
5.6765756e-13
2.3992804e-15
5.6536635e-13
2.291222e-15
5.6341253e-13
1.953807e-15
5.6183509e-13
1.5774194e-15
5.6057553e-13
1.2595788e-15
5.5953889e-13
1.0366119e-15
5.5863412e-13
9.0479778e-16
5.5780486e-13
8.2922832e-16
5.5706358e-13
7.4123406e-16
5.5653513e-13
5.2844011e-16
5.565381e-13
-2.9435082e-18
5.5771251e-13
-1.1744221e-15
5.6117411e-13
-3.4616191e-15
5.6876234e-13
-7.5882289e-15
5.8333321e-13
-1.4570862e-14
6.0903358e-13
-2.5700382e-14
6.5133515e-13
-4.2301566e-14
7.1632092e-13
-6.4985756e-14
8.078248e-13
-9.1503893e-14
9.1741817e-13
-1.0959335e-13
1.0004972e-12
-8.3079032e-14
9.7568922e-13
2.4808001e-14
5.573869e-13
4.1830238e-13
5.5738684e-13
1.6643753e-13
-2.1076121e-13
-1.1958883e-19
3.4201128e-13
-2.2287803e-13
5.3216221e-13
-2.4230889e-13
7.3640008e-13
-2.6115912e-13
9.5039218e-13
-2.7433332e-13
1.1670649e-12
-2.7823405e-13
1.3772104e-12
-2.7007377e-13
1.5703818e-12
-2.4822599e-13
1.7364909e-12
-2.1314946e-13
-1.6824108e-13
1.8680439e-12
2.5847425e-13
-4.6923526e-13
-1.9179831e-19
5.3164114e-13
-4.9604493e-13
8.2686931e-13
-5.3753704e-13
1.1421034e-12
-5.7639321e-13
1.4706492e-12
-6.0287915e-13
1.8023344e-12
-6.099192e-13
2.123799e-12
-5.915384e-13
2.4195086e-12
-5.4393563e-13
2.6740755e-12
-4.6771627e-13
-3.6994483e-13
2.8757792e-12
3.1228349e-13
-7.8151854e-13
-2.4944245e-19
6.4891321e-13
-8.3267464e-13
1.0162656e-12
-9.0488943e-13
1.4085089e-12
-9.6863649e-13
1.8170322e-12
-1.0114025e-12
2.2300828e-12
-1.0229698e-12
2.6315104e-12
-9.9296601e-13
3.0013622e-12
-9.1378735e-13
3.3187601e-12
-7.8511415e-13
-6.1812172e-13
3.566937e-12
3.214309e-13
-1.1029492e-12
-2.3792092e-19
6.9027356e-13
-1.2015174e-12
1.1003135e-12
-1.3149294e-12
1.5370685e-12
-1.4053914e-12
1.9928111e-12
-1.4671452e-12
2.4567105e-12
-1.4868691e-12
2.9110201e-12
-1.4472756e-12
3.3312083e-12
-1.3339756e-12
3.6893975e-12
-1.1433034e-12
3.9615486e-12
-8.9027285e-13
1.9623851e-12
-1.1985889e-13
2.0229665e-12
-7.6059789e-14
2.0569485e-12
-4.1710269e-14
2.0723698e-12
-1.7932977e-14
2.0763153e-12
-3.4072248e-15
2.0740562e-12
4.2213127e-15
2.0691237e-12
7.3317366e-15
2.0635714e-12
7.8434788e-15
2.058416e-12
7.1092518e-15
2.0540243e-12
5.9691337e-15
2.0504056e-12
4.8782996e-15
2.0474165e-12
4.0256993e-15
2.0449053e-12
3.4159104e-15
2.0428292e-12
2.9053548e-15
2.041379e-12
2.1915522e-15
2.041154e-12
7.5329486e-16
2.0433949e-12
-2.243841e-15
2.0503432e-12
-8.1227663e-15
2.0657665e-12
-1.8884826e-14
-3.744077e-14
2.095619e-12
3.0203621e-12
-2.6444171e-13
3.1138944e-12
-1.695921e-13
3.1679248e-12
-9.57406e-14
3.1947033e-12
-4.4711549e-14
3.2045587e-12
-1.3262566e-14
3.205054e-12
3.72598e-15
3.2011171e-12
1.1268609e-14
3.1956603e-12
1.3300232e-14
3.1901909e-12
1.2578625e-14
3.1853445e-12
1.0815542e-14
3.1812742e-12
8.9486276e-15
3.1779199e-12
7.3799088e-15
3.1751988e-12
6.1371001e-15
3.1731587e-12
4.9454275e-15
3.1721393e-12
3.2108373e-15
3.1729789e-12
-8.6341509e-17
3.1772971e-12
-6.5619535e-15
3.187914e-12
-1.8739676e-14
3.2093886e-12
-4.0359514e-14
-7.6768361e-14
3.2487163e-12
3.7394183e-12
-4.3692304e-13
3.8471159e-12
-2.7728963e-13
3.9076628e-12
-1.5628757e-13
3.9375748e-12
-7.4623519e-14
3.9494216e-12
-2.5109307e-14
3.9516408e-12
1.5067535e-15
3.9493577e-12
1.3551749e-14
3.945441e-12
1.721699e-14
3.9413261e-12
1.6693429e-14
3.9376226e-12
1.451908e-14
3.9345047e-12
1.2066487e-14
3.9319612e-12
9.9234506e-15
3.9299595e-12
8.1387605e-15
3.9285737e-12
6.331294e-15
3.928112e-12
3.6724603e-15
3.929274e-12
-1.2483233e-15
3.9333821e-12
-1.0670062e-14
3.9426669e-12
-2.8024413e-14
3.9606736e-12
-5.8366286e-14
-1.0884291e-13
3.9927482e-12
4.1364022e-12
-6.1177656e-13
4.2352302e-12
-3.7611765e-13
4.285226e-12
-2.0628335e-13
4.3075146e-12
-9.6912143e-14
4.3156209e-12
-3.3215556e-14
4.3171705e-12
-4.2857793e-17
4.3161076e-12
1.4614718e-14
4.3142658e-12
1.9058762e-14
4.3124229e-12
1.8536342e-14
4.3108447e-12
1.609738e-14
4.3095749e-12
1.3336175e-14
4.3085818e-12
1.0916618e-14
4.3078335e-12
8.8870738e-15
4.3073475e-12
6.8172681e-15
4.3072348e-12
3.7850717e-15
4.3077552e-12
-1.7686973e-15
4.3093938e-12
-1.2308663e-14
4.312958e-12
-3.1588546e-14
4.3197073e-12
-6.5115583e-14
4.3315003e-12
-1.2063596e-13
2.148867e-12
-6.7818816e-14
2.2383766e-12
-1.1521002e-13
2.3816436e-12
-1.8556851e-13
2.6009247e-12
-2.8426693e-13
2.9223203e-12
-4.128994e-13
3.3755007e-12
-5.6277389e-13
3.9961929e-12
-7.037712e-13
4.7960211e-12
-7.7502023e-13
-6.9578692e-13
5.9101104e-12
3.3161138e-12
-1.3521636e-13
3.4257601e-12
-2.2485639e-13
3.5962007e-12
-3.5600906e-13
3.8498506e-12
-5.3791678e-13
4.2106977e-12
-7.7374662e-13
4.6989434e-12
-1.0510195e-12
5.3199112e-12
-1.324739e-12
6.0395017e-12
-1.4946107e-12
-1.3912838e-12
6.7349986e-12
4.0465776e-12
-1.8904585e-13
4.1327111e-12
-3.1098982e-13
4.2649365e-12
-4.882345e-13
4.4602796e-12
-7.3325985e-13
4.7382908e-12
-1.0517578e-12
5.1200097e-12
-1.4327385e-12
5.62616e-12
-1.8308893e-12
6.2505382e-12
-2.1189888e-12
-1.9938647e-12
6.8531191e-12
4.3509482e-12
-2.0849374e-13
4.3815717e-12
-3.4161337e-13
4.428032e-12
-5.3469477e-13
4.4966697e-12
-8.0189755e-13
4.5969201e-12
-1.1520082e-12
4.746708e-12
-1.5825264e-12
4.9955077e-12
-2.079689e-12
5.4732997e-12
-2.5967808e-12
6.2969823e-12
-2.8175472e-12
-5.1509043e-13
6.9825877e-12
-7.6268039e-13
6.9825885e-12
-8.9214987e-13
6.9825885e-12
6.9825878e-12
-1.5777554e-12
-1.9386638e-19
-2.2896063e-20
1.4833106e-19
1.6830006e-13
-1.2712491e-12
-8.4796018e-20
4.0014186e-13
-1.4333591e-12
6.5382797e-13
-1.5686155e-12
9.202556e-13
-1.6718191e-12
1.1996991e-12
-1.7465886e-12
1.4878315e-12
-1.7750015e-12
1.7736493e-12
-1.7330935e-12
2.0398004e-12
-1.6001266e-12
2.2648795e-12
-1.3683824e-12
-1.0542263e-12
2.428833e-12
1.2444298e-13
-1.3956919e-12
-2.2187163e-19
3.8403718e-13
-1.6929534e-12
6.3318826e-13
-1.8177666e-12
8.9150713e-13
-1.930138e-12
1.1664455e-12
-2.021527e-12
1.4549334e-12
-2.0634895e-12
1.7453164e-12
-2.0234764e-12
2.0178752e-12
-1.8726854e-12
2.2468794e-12
-1.5973866e-12
2.4064408e-12
-1.2137876e-12
2.5207282e-12
-7.0367182e-13
2.5629047e-12
-4.1829417e-13
2.5790059e-12
-2.2238449e-13
2.5837206e-12
-1.0162678e-13
2.584391e-12
-3.3885923e-14
2.5840888e-12
2.5925672e-16
2.5838392e-12
1.4864333e-14
2.5838393e-12
1.9058595e-14
2.5840291e-12
1.8346554e-14
2.5843114e-12
1.5815033e-14
2.5846158e-12
1.3031789e-14
2.5849022e-12
1.0630131e-14
2.5851463e-12
8.6430065e-15
2.5853189e-12
6.6446132e-15
2.5853644e-12
3.7395562e-15
2.5851738e-12
-1.5780686e-15
2.5845485e-12
-1.1683395e-14
2.5831492e-12
-3.0189276e-14
2.5804225e-12
-6.2388952e-14
-1.157085e-13
2.5754951e-12
2.480427e-12
-7.7765805e-13
2.5030302e-12
-4.4089733e-13
2.5050766e-12
-2.2443084e-13
2.5018774e-12
-9.8427596e-14
2.499045e-12
-3.1053545e-14
2.4978349e-12
1.4693635e-15
2.4979721e-12
1.4727175e-14
2.4988722e-12
1.81585e-14
2.5000648e-12
1.7153989e-14
2.5012704e-12
1.4609504e-14
2.5023596e-12
1.1942584e-14
2.5032879e-12
9.7018037e-15
2.504035e-12
7.8959218e-15
2.5045503e-12
6.1292943e-15
2.5046975e-12
3.592308e-15
2.5041865e-12
-1.067013e-15
2.5024809e-12
-9.9778445e-15
2.498671e-12
-2.6379317e-14
2.4912974e-12
-5.5015361e-14
2.4781163e-12
-1.0252739e-13
2.5670164e-12
-2.0001507e-13
2.5529107e-12
-3.2750772e-13
2.5299505e-12
-5.1173456e-13
2.4930256e-12
-7.6497256e-13
2.4337524e-12
-1.0927351e-12
2.3357404e-12
-1.4845144e-12
2.1579107e-12
-1.9018593e-12
1.8044725e-12
-2.2433426e-12
-2.1593365e-12
1.1462618e-12
2.4557874e-12
-1.7768609e-13
2.4194466e-12
-2.911669e-13
2.3620609e-12
-4.5434886e-13
2.2733418e-12
-6.7625354e-13
2.1377482e-12
-9.571414e-13
1.9298894e-12
-1.2766556e-12
1.602863e-12
-1.5748328e-12
1.0826371e-12
-1.7231168e-12
3.7674886e-13
-1.4534483e-12
-4.3149355e-13
-5.474471e-14
9.4818562e-14
-1.4905105e-12
2.0659766e-13
-1.8047325e-12
3.2415601e-13
-1.9353249e-12
4.5258524e-13
-2.0585672e-12
5.9347271e-13
-2.1624145e-12
7.445885e-13
-2.2146053e-12
8.9912592e-13
-2.1780138e-12
1.0454241e-12
-2.0189836e-12
1.1677949e-12
-1.7197574e-12
1.2482481e-12
-1.2942409e-12
1.2771275e-12
-8.0653734e-13
1.2783007e-12
-4.4207054e-13
1.2724525e-12
-2.1858264e-13
1.2673263e-12
-9.3301396e-14
1.2645041e-12
-2.8231366e-14
1.2636263e-12
2.3472289e-15
1.2639378e-12
1.4415602e-14
1.2648081e-12
1.7288209e-14
1.2658391e-12
1.6123012e-14
1.2668266e-12
1.3621991e-14
1.2676906e-12
1.1078526e-14
1.2684136e-12
8.9788057e-15
1.2689921e-12
7.3174154e-15
1.2693969e-12
5.7244835e-15
1.2695331e-12
3.4561828e-15
1.2691905e-12
-7.2446846e-16
1.2679765e-12
-8.7638513e-15
1.2652229e-12
-2.3625753e-14
1.2598601e-12
-4.965249e-14
1.2502523e-12
-9.291964e-14
1.2339938e-12
-1.6142753e-13
1.2076593e-12
-2.6483249e-13
1.1664918e-12
-4.1318127e-13
1.1039613e-12
-6.1372307e-13
1.0111538e-12
-8.6433385e-13
8.7596821e-13
-1.1414701e-12
6.8247789e-13
-1.3813425e-12
4.0259887e-13
-1.4432378e-12
9.8716667e-14
-1.149566e-12
4.3971929e-14
3.3782436e-13
-1.828335e-12
1.6165828e-19
5.29063e-13
-1.9959711e-12
7.7241434e-13
-2.1786763e-12
1.0653154e-12
-2.3514682e-12
1.4029633e-12
-2.5000624e-12
1.7770185e-12
-2.5886605e-12
2.1683823e-12
-2.5693776e-12
2.5435036e-12
-2.3941049e-12
2.8547212e-12
-2.0309751e-12
-1.4874711e-12
3.0479515e-12
2.2196341e-13
-2.0502984e-12
-5.1202705e-20
4.047214e-13
-2.1787291e-12
6.0087282e-13
-2.3748277e-12
8.4031467e-13
-2.5909101e-12
1.1320052e-12
-2.791753e-12
1.4726094e-12
-2.9292646e-12
1.8438264e-12
-2.9405946e-12
2.2076201e-12
-2.7578985e-12
2.5046878e-12
-2.3280428e-12
-1.6429803e-12
2.660197e-12
1.1978956e-13
-2.170088e-12
3.0709924e-20
2.3294901e-13
-2.2918886e-12
3.6231552e-13
-2.5041942e-12
5.3388706e-13
-2.7624816e-12
7.6351208e-13
-3.0213781e-12
1.0539893e-12
-3.2197418e-12
1.3892998e-12
-3.2759051e-12
1.726542e-12
-3.0951408e-12
1.9918562e-12
-2.593357e-12
-1.7366009e-12
2.0854768e-12
1.5106971e-14
-2.1851951e-12
1.0789744e-19
3.4878215e-14
-2.3116598e-12
7.5429844e-14
-2.5447458e-12
1.600165e-13
-2.8470683e-12
3.085787e-13
-3.1699403e-12
5.3021843e-13
-3.4413816e-12
8.1188074e-13
-3.5575674e-12
1.1023925e-12
-3.3856525e-12
1.3015264e-12
-2.7924909e-12
1.2595751e-12
-1.6946496e-12
3.0741466e-12
-8.3273241e-13
3.0377743e-12
-4.0569828e-13
3.0005437e-12
-1.81352e-13
2.9772928e-12
-7.005045e-14
2.9666537e-12
-1.7592319e-14
2.9641424e-12
4.8586311e-15
2.9658871e-12
1.2670851e-14
2.9693682e-12
1.3807116e-14
2.9731851e-12
1.2306053e-14
2.9766972e-12
1.0109897e-14
2.9796965e-12
8.0792221e-15
2.9821736e-12
6.501708e-15
2.9841538e-12
5.3372303e-15
2.9855689e-12
4.3093393e-15
2.9861287e-12
2.8962339e-15
2.9851661e-12
2.3828911e-16
2.9814087e-12
-5.0065035e-15
2.9726886e-12
-1.490562e-14
2.9555277e-12
-3.2491603e-14
-6.2017359e-14
2.9246254e-12
2.5821373e-12
-7.5467272e-13
2.4752013e-12
-2.9876229e-13
2.4087698e-12
-1.1492051e-13
2.376946e-12
-3.8226699e-14
2.3655987e-12
-6.2449111e-15
2.3647126e-12
5.7447152e-15
2.36839e-12
8.9934678e-15
2.3734384e-12
8.7587042e-15
2.3783712e-12
7.3732895e-15
2.3826381e-12
5.8430893e-15
2.3861517e-12
4.5655809e-15
2.3890089e-12
3.6444837e-15
2.3913182e-12
3.0279564e-15
2.3930724e-12
2.5551801e-15
2.3940216e-12
1.9471109e-15
2.3935058e-12
7.540127e-16
2.3902342e-12
-1.7348819e-15
2.3819451e-12
-6.6165801e-15
2.3649763e-12
-1.5522741e-14
-3.0761542e-14
2.3337205e-12
1.8356932e-12
-5.0488906e-13
1.6693499e-12
-1.3241906e-13
1.5957484e-12
-4.1318972e-14
1.5684067e-12
-1.0885043e-14
1.5620132e-12
1.4864262e-16
1.5642791e-12
3.4787992e-15
1.569465e-12
3.8076194e-15
1.5749424e-12
3.2812546e-15
1.5797406e-12
2.5751638e-15
1.5836364e-12
1.9472486e-15
1.5867253e-12
1.4766062e-15
1.5892027e-12
1.16715e-15
1.5912423e-12
9.8831905e-16
1.5929113e-12
8.8623089e-16
1.5940803e-12
7.7796535e-16
1.5942966e-12
5.37778e-16
1.592607e-12
-4.5358087e-17
1.5872888e-12
-1.2983741e-15
1.5754784e-12
-3.7123311e-15
-8.0036962e-15
1.5527206e-12
7.5468606e-13
6.2226704e-13
5.8094807e-13
5.7006303e-13
5.7021168e-13
5.7369048e-13
5.7749812e-13
5.8077931e-13
5.8335448e-13
5.8530174e-13
5.8677834e-13
5.8794546e-13
5.8893378e-13
5.8982e-13
5.9059798e-13
5.9113579e-13
5.9109042e-13
5.8979204e-13
5.8607972e-13
5.7807602e-13
2.8722555e-12
-1.0905764e-13
2.7876329e-12
-1.8020987e-13
2.6563637e-12
-2.8191207e-13
2.4602054e-12
-4.1756477e-13
2.1776239e-12
-5.8175227e-13
1.7863121e-12
-7.5015842e-13
1.2707847e-12
-8.6581502e-13
6.5942173e-13
-8.3187478e-13
-5.5728992e-13
6.7145582e-14
2.2800376e-12
-5.5374761e-14
2.1927723e-12
-9.2944577e-14
2.0577026e-12
-1.4684229e-13
1.8585357e-12
-2.1839789e-13
1.5800422e-12
-3.0325873e-13
1.2151837e-12
-3.8529994e-13
7.7918655e-13
-4.2981787e-13
3.3226363e-13
-3.8495184e-13
-2.2004371e-13
-4.9825887e-15
1.512483e-12
-1.5137191e-14
1.4458116e-12
-2.6273108e-14
1.3414934e-12
-4.2524144e-14
1.1874276e-12
-6.4332121e-14
9.7436762e-13
-9.0198751e-14
7.0361777e-13
-1.1455017e-13
3.9925406e-13
-1.2545408e-13
1.1979571e-13
-1.0549348e-13
-5.0013481e-14
-5.0234557e-14
5.6293883e-13
5.3666571e-13
4.941416e-13
4.2980946e-13
3.3961077e-13
2.2506063e-13
9.9606518e-14
-5.8869803e-15
-5.5900419e-14
1.1111755e-13
1.0613495e-13
5.5900466e-14
-1.1921859e-13
-2.0659766e-12
1.5430305e-19
-2.2966059e-13
-2.2012179e-12
-3.150244e-13
-2.459382e-12
-3.489018e-13
-2.8131909e-12
-3.0168713e-13
-3.217155e-12
-1.5127326e-13
-3.5917954e-12
9.4611685e-14
-3.8034524e-12
3.5804015e-13
-3.649081e-12
4.3722467e-13
-2.8716754e-12
-1.2574249e-12
-2.6251258e-13
-1.8034642e-12
1.2033356e-19
-5.2038177e-13
-1.9433487e-12
-7.612932e-13
-2.2184706e-12
-9.58971e-13
-2.6155131e-12
-1.0722827e-12
-3.1038433e-12
-1.0500744e-12
-3.6140037e-12
-8.5184276e-13
-4.0016841e-12
-4.9923089e-13
-4.0016929e-12
-1.4563614e-13
-3.2252702e-12
-1.4030611e-12
-3.8314536e-13
-1.4203189e-12
6.9227319e-20
-7.7243017e-13
-1.5540638e-12
-1.1653243e-12
-1.8255766e-12
-1.5409211e-12
-2.2399162e-12
-1.8499349e-12
-2.7948296e-12
-2.0054677e-12
-3.4584709e-12
-1.8865325e-12
-4.1206193e-12
-1.3905195e-12
-4.497706e-12
-5.9973895e-13
-4.0160507e-12
-2.0028e-12
-4.5657143e-13
-9.6374749e-13
2.1855001e-20
-9.355819e-13
-1.0750534e-12
-1.4521724e-12
-1.3089861e-12
-2.003707e-12
-1.6883816e-12
-2.5528049e-12
-2.2457317e-12
-2.9995921e-12
-3.0116837e-12
-3.1448632e-12
-3.9753483e-12
-2.6810478e-12
-4.9615214e-12
-1.3894575e-12
-5.307641e-12
-3.3922576e-12
-4.5450228e-13
-5.0924524e-13
-1.2356912e-20
-9.4814948e-13
-5.814062e-13
-1.5184919e-12
-7.3864359e-13
-2.1967753e-12
-1.0100983e-12
-2.9950636e-12
-1.4474433e-12
-3.8751049e-12
-2.1316424e-12
-4.6812817e-12
-3.1691716e-12
-4.9974081e-12
-4.6453949e-12
-3.8704771e-12
-6.4345722e-12
-7.2627346e-12
-3.6580845e-13
-1.4343675e-13
-2.230022e-20
-7.785237e-13
-1.6869092e-13
-1.2916211e-12
-2.2554625e-13
-1.9728413e-12
-3.288781e-13
-2.9136404e-12
-5.066442e-13
-4.2392822e-12
-8.0600067e-13
-6.1124243e-12
-1.2960295e-12
-8.7054317e-12
-2.0523875e-12
-1.2069427e-11
-3.0705773e-12
-3.8844468e-12
-1.5447714e-11
-1.4343675e-13
-3.8541635e-20
-3.1212769e-13
-5.3767396e-13
-8.6655208e-13
-1.3731963e-12
-2.1791969e-12
-3.4752264e-12
-5.5276139e-12
-8.5981912e-12
-1.2482638e-11
-1.423799e-11
-1.2097247e-12
-1.4048407e-11
-1.8958221e-13
-1.3996408e-11
-5.1999717e-14
-1.3976134e-11
-2.0273688e-14
-1.3969046e-11
-7.0879794e-15
-1.3966666e-11
-2.3804693e-15
-1.3965768e-11
-8.9728261e-16
-1.3965402e-11
-3.6646662e-16
-1.3965247e-11
-1.5505894e-16
-1.3965162e-11
-8.4899386e-17
-1.3965064e-11
-9.7677541e-17
-1.3964861e-11
-2.0364195e-16
-1.3964366e-11
-4.9457165e-16
-1.3963133e-11
-1.2331013e-15
-1.3959996e-11
-3.1371891e-15
-1.395191e-11
-8.0854513e-15
-1.393122e-11
-2.0690362e-14
-1.3875975e-11
-5.5245228e-14
-1.3696582e-11
-1.7939264e-13
-6.7432469e-13
-1.3022257e-11
-1.3692363e-11
-1.3881945e-11
-1.3933945e-11
-1.3954218e-11
-1.3961306e-11
-1.3963687e-11
-1.3964584e-11
-1.3964951e-11
-1.3965106e-11
-1.3965191e-11
-1.3965288e-11
-1.3965492e-11
-1.3965986e-11
-1.396722e-11
-1.3970357e-11
-1.3978442e-11
-1.3999133e-11
-1.4054378e-11
-1.423377e-11
-1.4908095e-11
-1.2196681e-11
-8.2557592e-13
-1.1779449e-11
-4.1723246e-13
-1.1464759e-11
-3.1468982e-13
-1.1198405e-11
-2.6635416e-13
-1.095573e-11
-2.4267467e-13
-1.0720531e-11
-2.3519969e-13
-1.0475033e-11
-2.4549797e-13
-1.0142417e-11
-3.3261606e-13
-5.4920046e-13
-9.5932162e-12
-1.5180015e-11
-5.5365562e-13
-1.5033861e-11
-5.6338638e-13
-1.476275e-11
-5.8580092e-13
-1.440182e-11
-6.2728472e-13
-1.3945858e-11
-6.9863655e-13
-1.3356794e-11
-8.2426292e-13
-1.2569782e-11
-1.0325107e-12
-1.143964e-11
-1.4627576e-12
-9.9408356e-12
-2.0480052e-12
-4.3743928e-12
-9.096405e-12
-8.1925537e-18
-5.5364743e-13
-8.1332904e-18
-5.6338643e-13
-7.7799428e-18
-5.8580128e-13
-7.6524909e-18
-6.2728488e-13
-7.5467548e-18
-6.9863668e-13
-7.4564484e-18
-8.2426301e-13
-6.9211991e-18
-1.0325112e-12
-1.0648644e-17
-1.4627538e-12
-2.047987e-12
-2.8793538e-17
-1.2082342e-14
-5.4156508e-13
-2.7740887e-14
-5.4772789e-13
-5.1344739e-14
-5.6219742e-13
-9.0234995e-14
-5.8839462e-13
-1.578991e-13
-6.3097258e-13
-2.8494233e-13
-6.9721978e-13
-5.2443256e-13
-7.9302098e-13
-1.0511116e-12
-9.3607482e-13
-1.1000701e-12
-1.9990285e-12
-1.720777e-14
-5.2435731e-13
-3.947417e-14
-5.2546149e-13
-7.2151208e-14
-5.2952039e-13
-1.2343686e-13
-5.3710897e-13
-2.0755258e-13
-5.4685687e-13
-3.5498163e-13
-5.4979072e-13
-6.1703501e-13
-5.309676e-13
-1.157542e-12
-3.9556788e-13
-2.1003174e-12
-1.572947e-13
-4.2255316e-12
-1.3536589e-12
1.4169259e-12
-1.9285446e-14
-5.0507187e-13
-4.4741016e-14
-5.0000592e-13
-8.0934581e-14
-4.9332682e-13
-1.3309992e-13
-4.8494363e-13
-2.081578e-13
-4.7179899e-13
-3.1407173e-13
-4.4387679e-13
-4.5726048e-13
-3.8777885e-13
-6.0653083e-13
-2.4629753e-13
-4.0781768e-14
-7.2304376e-13
-1.5131886e-14
-4.8993998e-13
-3.8266771e-14
-4.7687103e-13
-7.1931667e-14
-4.5966192e-13
-1.1801412e-13
-4.3886118e-13
-1.7852186e-13
-4.1129124e-13
-2.5369305e-13
-3.687056e-13
-3.3978778e-13
-3.0168412e-13
-4.0478613e-13
-1.8129918e-13
-2.8205101e-14
-4.173628e-13
-5.3608051e-15
-4.8457918e-13
-2.2983805e-14
-4.5924803e-13
-5.197594e-14
-4.3066979e-13
-9.0231141e-14
-4.0060598e-13
-1.3572514e-13
-3.6579724e-13
-1.8405999e-13
-3.2037076e-13
-2.2692245e-13
-2.5882165e-13
-2.3900628e-13
-1.6921535e-13
-6.727105e-14
-1.9994033e-13
1.5281064e-14
-4.9986024e-13
3.9859138e-15
-4.4795288e-13
-2.2889049e-14
-4.0379483e-13
-5.6409714e-14
-3.6708532e-13
-9.2386158e-14
-3.298208e-13
-1.2570723e-13
-2.8704968e-13
-1.4920841e-13
-2.3532048e-13
-1.4772153e-13
-1.7070223e-13
-1.0411009e-13
-1.1088248e-13
4.2468354e-14
-5.4232859e-13
3.7223401e-14
-4.4270793e-13
1.0072484e-14
-3.7664391e-13
-2.1568073e-14
-3.3544476e-13
-5.2259551e-14
-2.9912932e-13
-7.7399767e-14
-2.6190946e-13
-9.1922752e-14
-2.2079749e-13
-8.7675379e-14
-1.7494961e-13
-6.0293673e-14
-1.314918e-13
6.9388216e-13
2.7651936e-13
7.6579034e-14
-3.4303449e-14
-9.4597123e-14
8.6240898e-15
-8.6240898e-15
7.1140231e-25
1.7168196e-14
-8.5441057e-15
2.5556979e-14
-8.3887834e-15
3.3723828e-14
-8.1668487e-15
4.1613994e-14
-7.8901662e-15
4.9186597e-14
-7.5726038e-15
5.6415531e-14
-7.2289334e-15
6.3289433e-14
-6.8739022e-15
6.9810998e-14
-6.521565e-15
-6.184896e-15
7.5995894e-14
8.6964665e-15
-1.7320556e-14
-2.1321223e-24
1.7308823e-14
-1.7156462e-14
2.5758081e-14
-1.6838041e-14
3.397479e-14
-1.6383558e-14
4.1902351e-14
-1.5817728e-14
4.9499006e-14
-1.5169258e-14
5.6738596e-14
-1.4468523e-14
6.3610318e-14
-1.3745624e-14
7.0117784e-14
-1.3029031e-14
-1.2344813e-14
7.6277701e-14
8.844888e-15
-2.6165444e-14
-1.1462603e-24
1.7597011e-14
-2.5908586e-14
2.6169777e-14
-2.5410806e-14
3.4487908e-14
-2.470169e-14
4.2491103e-14
-2.3820922e-14
5.0135959e-14
-2.2814114e-14
5.7396409e-14
-2.1728973e-14
6.4262986e-14
-2.0612201e-14
7.0741352e-14
-1.9507398e-14
-1.8453949e-14
7.6850488e-14
9.0770182e-15
-3.5242462e-14
1.4050335e-23
1.8047204e-14
-3.4878771e-14
2.6811766e-14
-3.4175369e-14
3.5286298e-14
-3.3176222e-14
4.3404964e-14
-3.1939588e-14
5.112223e-14
-3.053138e-14
5.8412675e-14
-2.9019418e-14
6.5269405e-14
-2.7468931e-14
7.1701715e-14
-2.5939708e-14
-2.4484715e-14
7.7732481e-14
9.4054121e-15
-4.4647875e-14
2.2368792e-23
1.868294e-14
-4.4156299e-14
2.7715912e-14
-4.3208341e-14
3.6407002e-14
-4.1867312e-14
4.4683126e-14
-4.0215712e-14
5.2496645e-14
-3.8344899e-14
5.9824076e-14
-3.6346849e-14
6.6663116e-14
-3.4307972e-14
7.3028983e-14
-3.2305574e-14
7.895068e-14
-3.0406412e-14
8.1871562e-14
-5.8756679e-15
8.7476124e-14
-5.6045622e-15
9.28576e-14
-5.3814758e-15
9.8073599e-14
-5.2159987e-15
1.0319166e-13
-5.118062e-15
1.0829045e-13
-5.0987875e-15
1.1346207e-13
-5.1716186e-15
1.1881595e-13
-5.3538873e-15
1.2448506e-13
-5.669105e-15
1.3063553e-13
-6.1504756e-15
1.3748219e-13
-6.8466535e-15
1.4531351e-13
-7.8313175e-15
1.5453497e-13
-9.2214662e-15
1.6574217e-13
-1.1207194e-14
1.7987411e-13
-1.4131949e-14
1.9844192e-13
-1.8567804e-14
2.2433291e-13
-2.5890987e-14
2.6210772e-13
-3.7774812e-14
3.2526394e-13
-6.3156225e-14
-9.8612906e-14
4.2387685e-13
8.2118456e-14
-1.1716423e-14
8.7678842e-14
-1.1164948e-14
9.3007105e-14
-1.0709739e-14
9.8160476e-14
-1.036937e-14
1.0320531e-13
-1.0162891e-14
1.0821797e-13
-1.0111452e-14
1.1328674e-13
-1.0240393e-14
1.1851494e-13
-1.0582085e-14
1.2402578e-13
-1.1179941e-14
1.2996968e-13
-1.2094374e-14
1.3653515e-13
-1.3412125e-14
1.4396485e-13
-1.5261015e-14
1.5257942e-13
-1.783604e-14
1.6281104e-13
-2.1438818e-14
1.752508e-13
-2.657171e-14
1.9069489e-13
-3.401189e-14
2.101601e-13
-4.5356201e-14
2.3477007e-13
-6.2384774e-14
2.6432767e-13
-9.2713831e-14
-1.3247781e-13
2.9819258e-13
8.2620844e-14
-1.7486779e-14
8.8092711e-14
-1.6636815e-14
9.331496e-14
-1.5931988e-14
9.8344263e-14
-1.5398673e-14
1.0324488e-13
-1.5063511e-14
1.0808909e-13
-1.4955659e-14
1.129583e-13
-1.5109601e-14
1.17945e-13
-1.5568785e-14
1.2315563e-13
-1.6390576e-14
1.2871451e-13
-1.765325e-14
1.3476874e-13
-1.9466353e-14
1.4149383e-13
-2.1986108e-14
1.4909821e-13
-2.5440419e-14
1.5782274e-13
-3.016335e-14
1.6791845e-13
-3.6667422e-14
1.7959134e-13
-4.568478e-14
1.9272792e-13
-5.8492777e-14
2.0670594e-13
-7.6362799e-14
2.1736117e-13
-1.0336905e-13
-1.3650244e-13
2.213858e-13
8.3395675e-14
-2.3149973e-14
8.8734213e-14
-2.1975352e-14
9.3798275e-14
-2.099605e-14
9.864415e-14
-2.0244549e-14
1.033336e-13
-1.9752963e-14
1.0793373e-13
-1.9555783e-14
1.1251725e-13
-1.9693122e-14
1.1716317e-13
-2.021471e-14
1.219576e-13
-2.1185003e-14
1.2699435e-13
-2.2689996e-14
1.3237462e-13
-2.4846631e-14
1.3820424e-13
-2.7815727e-14
1.4458479e-13
-3.182097e-14
1.5159341e-13
-3.7171971e-14
1.592323e-13
-4.4306312e-14
1.6734518e-13
-5.3797658e-14
1.7535501e-13
-6.6502608e-14
1.8214216e-13
-8.3149945e-14
1.8431623e-13
-1.0554312e-13
-1.3148964e-13
1.7930342e-13
8.4467641e-14
-2.8666934e-14
8.9626937e-14
-2.7134648e-14
9.4481127e-14
-2.5850241e-14
9.9086715e-14
-2.4850136e-14
1.0350311e-13
-2.4169359e-14
1.07792e-13
-2.3844667e-14
1.1201688e-13
-2.3918011e-14
1.1624268e-13
-2.444051e-14
1.2053486e-13
-2.5477179e-14
1.2495763e-13
-2.7112761e-14
1.295701e-13
-2.9459108e-14
1.3441871e-13
-3.2664338e-14
1.3952233e-13
-3.6924587e-14
1.4484586e-13
-4.2495497e-14
1.5024881e-13
-4.9709269e-14
1.5541243e-13
-5.8961276e-14
1.5966072e-13
-7.07509e-14
1.6191317e-13
-8.5402388e-14
1.5987674e-13
-1.0350669e-13
1.5189709e-13
-1.2350999e-13
2.3098409e-13
-3.4943584e-13
1.213028e-13
-3.3302665e-13
5.9420043e-14
-3.1476115e-13
1.5853952e-14
-2.9187867e-13
-1.6405244e-14
-2.6687012e-13
-3.9306158e-14
-2.3900855e-13
-5.1517226e-14
-2.0858643e-13
-4.9768329e-14
-1.766985e-13
-1.4826214e-13
-3.2997989e-14
1.9706359e-13
-2.4830685e-13
1.2643986e-13
-2.6240292e-13
7.5945057e-14
-2.6426634e-13
3.7685921e-14
-2.5361953e-13
8.707743e-15
-2.3789195e-13
-1.1839841e-14
-2.1846096e-13
-2.3454738e-14
-1.9697153e-13
-2.4976519e-14
-1.7517672e-13
-1.5653127e-13
-1.6707384e-14
1.7079933e-13
-1.9772038e-13
1.2468271e-13
-2.1628629e-13
8.4473991e-14
-2.2405763e-13
5.1826754e-14
-2.2097229e-13
2.6178317e-14
-2.1224351e-13
7.413537e-15
-1.9969619e-13
-4.3123888e-15
-1.852456e-13
-8.7863061e-15
-1.7070281e-13
-1.5854686e-13
-6.7707211e-15
1.4859243e-13
-1.6700938e-13
1.1651004e-13
-1.842039e-13
8.5785623e-14
-1.9333321e-13
5.9112409e-14
-1.9429908e-13
3.7103258e-14
-1.9023436e-13
2.0143223e-14
-1.8273615e-13
8.3875783e-15
-1.7348996e-13
1.7516236e-15
-1.6406685e-13
-1.5625088e-13
-5.4435909e-16
1.3136896e-13
-1.4648126e-13
1.0797737e-13
-1.6081231e-13
8.418246e-14
-1.695383e-13
6.237713e-14
-1.7249375e-13
4.3528372e-14
-1.713856e-13
2.8197739e-14
-1.6740552e-13
1.6571372e-14
-1.6186359e-13
8.5092264e-15
-1.5600471e-13
3.3660368e-15
-1.5110769e-13
-1.2759511e-13
-1.443025e-13
-1.5107322e-13
-1.5161758e-13
-1.4825154e-13
1.0568624e-14
-5.5216499e-14
-5.4088595e-24
2.0966297e-14
-5.4553972e-14
3.1040061e-14
-5.3282104e-14
4.06664e-14
-5.1493652e-14
4.9757431e-14
-4.9306743e-14
5.8260811e-14
-4.6848278e-14
6.6156248e-14
-4.4242286e-14
7.3449887e-14
-4.1601611e-14
8.0168256e-14
-3.9023943e-14
-3.6590735e-14
8.6352578e-14
1.1251217e-14
-6.6467716e-14
6.8730303e-24
2.2279314e-14
-6.5582069e-14
3.2890365e-14
-6.3893155e-14
4.2934588e-14
-6.1537875e-14
5.2313506e-14
-5.8685661e-14
6.0976577e-14
-5.5511349e-14
6.8913899e-14
-5.2179608e-14
7.6146575e-14
-4.8834288e-14
8.2717499e-14
-4.5594866e-14
-4.2556616e-14
8.868338e-14
1.2160535e-14
-7.8628251e-14
2.7854737e-23
2.4018781e-14
-7.7440315e-14
3.5323116e-14
-7.519749e-14
4.5890234e-14
-7.2104992e-14
5.5612938e-14
-6.8408365e-14
6.4449439e-14
-6.4347851e-14
7.2409555e-14
-6.0139724e-14
7.9538728e-14
-5.596346e-14
8.5904469e-14
-5.1960607e-14
-4.823772e-14
9.1585573e-14
1.3373648e-14
-9.2001899e-14
-9.4423851e-24
2.6320884e-14
-9.0387551e-14
3.8509618e-14
-8.7386223e-14
4.9715828e-14
-8.3311203e-14
5.9831116e-14
-7.8523654e-14
6.8836052e-14
-7.3352787e-14
7.6775695e-14
-6.8079367e-14
8.3733839e-14
-6.2921603e-14
8.9813889e-14
-5.8040658e-14
-5.3548824e-14
9.5124994e-14
1.5009024e-14
-1.0701092e-13
-4.8708479e-24
2.9388188e-14
-1.0476672e-13
4.2695998e-14
-1.0069403e-13
5.4663405e-14
-9.5278609e-14
6.5200333e-14
-8.9060582e-14
7.4334859e-14
-8.2487312e-14
8.2172358e-14
-7.5916865e-14
8.8855208e-14
-6.9604454e-14
9.4537458e-14
-6.3722908e-14
-5.8379662e-14
9.9368295e-14
1.7256619e-14
-1.2426754e-13
9.9280956e-24
3.3529931e-14
-1.2104003e-13
4.8240878e-14
-1.1540498e-13
6.1081553e-14
-1.0811928e-13
7.2024881e-14
-1.0000391e-13
8.1191127e-14
-9.1653559e-14
8.8785195e-14
-8.3510933e-14
9.5035916e-14
-7.5855175e-14
1.0016594e-13
-6.8852928e-14
-6.2588304e-14
1.0437458e-13
2.0428392e-14
-1.4469593e-13
1.3730272e-23
3.9222856e-14
-1.3983449e-13
5.5666997e-14
-1.3184912e-13
6.9447632e-14
-1.2189992e-13
8.0695238e-14
-1.1125152e-13
8.9698099e-14
-1.0065642e-13
9.6819174e-14
-9.0632008e-14
1.0240939e-13
-8.1445387e-14
1.0677934e-13
-7.3222885e-14
1.1018667e-13
-6.5995635e-14
9.2053978e-14
-3.4368334e-14
9.7329701e-14
-3.2410371e-14
1.022403e-13
-3.0760842e-14
1.0684765e-13
-2.9457479e-14
1.1121349e-13
-2.8535203e-14
1.1539842e-13
-2.8029597e-14
1.1946084e-13
-2.7980435e-14
1.2345571e-13
-2.8435371e-14
1.2743245e-13
-2.945392e-14
1.3143154e-13
-3.1111858e-14
1.3547856e-13
-3.3506121e-14
1.3957415e-13
-3.6759931e-14
1.4367747e-13
-4.1027907e-14
1.4768027e-13
-4.6498293e-14
1.5136435e-13
-5.3393348e-14
1.5434937e-13
-6.19463e-14
1.5599075e-13
-7.2392279e-14
1.5538342e-13
-8.4795057e-14
1.5104878e-13
-9.9172053e-14
-1.1445107e-13
1.4198986e-13
9.4108518e-14
-3.9793471e-14
9.9060216e-14
-3.736207e-14
1.0360561e-13
-3.5306236e-14
1.0780951e-13
-3.3661383e-14
1.1173295e-13
-3.2458645e-14
1.1543202e-13
-3.1728666e-14
1.1895669e-13
-3.1505098e-14
1.223492e-13
-3.1827881e-14
1.2564165e-13
-3.2746373e-14
1.2885211e-13
-3.4322323e-14
1.3197855e-13
-3.6632559e-14
1.3498955e-13
-3.9770933e-14
1.3781048e-13
-4.3848832e-14
1.4030415e-13
-4.8991964e-14
1.4224356e-13
-5.5332762e-14
1.4328381e-13
-6.2986549e-14
1.4291931e-13
-7.2027773e-14
1.4051172e-13
-8.2387472e-14
1.3521425e-13
-9.3874582e-14
-1.0574418e-13
1.2650736e-13
9.6664437e-14
-4.4872336e-14
1.0122192e-13
-4.1919552e-14
1.0533413e-13
-3.9418444e-14
1.0907052e-13
-3.7397774e-14
1.1249274e-13
-3.5880868e-14
1.1565379e-13
-3.488971e-14
1.1859703e-13
-3.4448343e-14
1.2135485e-13
-3.4585695e-14
1.2394636e-13
-3.5337891e-14
1.2637403e-13
-3.6749989e-14
1.2861845e-13
-3.8876982e-14
1.3063108e-13
-4.1783564e-14
1.3232424e-13
-4.5541992e-14
1.3355869e-13
-5.022641e-14
1.3412872e-13
-5.5902794e-14
1.3375075e-13
-6.2608573e-14
1.3205239e-13
-7.0329417e-14
1.2860576e-13
-7.8940844e-14
1.2293472e-13
-8.8203535e-14
-9.7593517e-14
1.1478405e-13
9.977329e-14
-4.9520632e-14
1.038568e-13
-4.6003058e-14
1.0746281e-13
-4.3024462e-14
1.1066683e-13
-4.0601785e-14
1.1353215e-13
-3.8746194e-14
1.1610982e-13
-3.7467379e-14
1.1843825e-13
-3.6776769e-14
1.2054242e-13
-3.6689865e-14
1.2243232e-13
-3.7227791e-14
1.2410037e-13
-3.8418047e-14
1.2551771e-13
-4.0294317e-14
1.2662909e-13
-4.2894943e-14
1.2734664e-13
-4.6259549e-14
1.2754305e-13
-5.0422811e-14
1.2704505e-13
-5.5404801e-14
1.2563176e-13
-6.119528e-14
1.2303815e-13
-6.7735802e-14
1.1898494e-13
-7.4887637e-14
1.1320639e-13
-8.2424992e-14
-8.9973498e-14
1.0558637e-13
1.0348341e-13
-5.3635744e-14
1.0700108e-13
-4.9520733e-14
1.1002125e-13
-4.6044631e-14
1.1262599e-13
-4.3206529e-14
1.148806e-13
-4.1000799e-14
1.1683459e-13
-3.9421367e-14
1.1852237e-13
-3.846455e-14
1.1996329e-13
-3.8130789e-14
1.2116097e-13
-3.8425469e-14
1.221018e-13
-3.9358879e-14
1.2275269e-13
-4.0945208e-14
1.2305809e-13
-4.3200341e-14
1.2293667e-13
-4.6138133e-14
1.2227846e-13
-4.9764601e-14
1.2094348e-13
-5.4069821e-14
1.1876478e-13
-5.901658e-14
1.1555707e-13
-6.4528087e-14
1.1114046e-13
-7.0471025e-14
1.0536732e-13
-7.6651856e-14
-8.279827e-14
9.8192094e-14
1.0783187e-13
-5.7093037e-14
1.1067792e-13
-5.2366777e-14
1.1302509e-13
-4.8391802e-14
1.1496116e-13
-4.5142605e-14
1.1655245e-13
-4.2592081e-14
1.1784635e-13
-4.071527e-14
1.1887327e-13
-3.9491472e-14
1.1964766e-13
-3.8905181e-14
1.2016832e-13
-3.8946126e-14
1.2041797e-13
-3.9608527e-14
1.2036229e-13
-4.0889525e-14
1.1994861e-13
-4.2786668e-14
1.1910475e-13
-4.5294275e-14
1.177386e-13
-4.8398447e-14
1.1573949e-13
-5.2070706e-14
1.1298305e-13
-5.6260147e-14
1.0934053e-13
-6.0885561e-14
1.0469643e-13
-6.5826927e-14
9.8969116e-14
-7.0924544e-14
-7.5976469e-14
9.2147316e-14
1.1283747e-13
-5.9743833e-14
1.1489204e-13
-5.442135e-14
1.1647231e-13
-4.9972064e-14
1.1766866e-13
-4.6338962e-14
1.1854578e-13
-4.3469201e-14
1.1914704e-13
-4.1316526e-14
1.1949769e-13
-3.984212e-14
1.1960695e-13
-3.901444e-14
1.1946918e-13
-3.8808357e-14
1.1906437e-13
-3.9203721e-14
1.1835819e-13
-4.0183341e-14
1.1730186e-13
-4.1730339e-14
1.1583236e-13
-4.3824782e-14
1.1387345e-13
-4.6439537e-14
1.113382e-13
-4.9535455e-14
1.0813412e-13
-5.305606e-14
1.041713e-13
-5.6922743e-14
9.9375152e-14
-6.1030781e-14
9.370072e-14
-6.5250111e-14
8.7152219e-14
-6.9427968e-14
1.2575623e-13
-1.3024763e-13
1.0670115e-13
-1.4175723e-13
8.6682777e-14
-1.4951992e-13
6.7540112e-14
-1.5335109e-13
5.026336e-14
-1.5410885e-13
3.5452363e-14
-1.5259452e-13
2.3326786e-14
-1.4973802e-13
1.3772915e-14
-1.4645083e-13
-1.4361982e-13
6.2850465e-15
1.1364283e-13
-1.173831e-13
9.8525369e-14
-1.2663977e-13
8.2381979e-14
-1.3337654e-13
6.6452842e-14
-1.3742195e-13
5.1537548e-14
-1.3919355e-13
3.8146992e-14
-1.3920396e-13
2.6493124e-14
-1.3808415e-13
1.6516423e-14
-1.3647413e-13
-1.3498134e-13
7.8779418e-15
1.0398042e-13
-1.0657948e-13
9.1447279e-14
-1.1410663e-13
7.7980266e-14
-1.1990952e-13
6.4400745e-14
-1.2384243e-13
5.1308355e-14
-1.2610116e-13
3.9107324e-14
-1.2700293e-13
2.7986212e-14
-1.2696304e-13
1.7929577e-14
-1.264175e-13
-1.2577689e-13
8.7251258e-15
9.6137881e-14
-9.7130983e-14
8.5356849e-14
-1.0332559e-13
7.3763066e-14
-1.0831574e-13
6.1902823e-14
-1.1198218e-13
5.0211443e-14
-1.1440978e-13
3.89975e-14
-1.1578899e-13
2.8421018e-14
-1.1638655e-13
1.8495954e-14
-1.1649243e-13
-1.1638033e-13
9.0993982e-15
8.967797e-14
-8.8616858e-14
8.0118975e-14
-9.3766598e-14
6.9860422e-14
-9.8057186e-14
5.9270375e-14
-1.0139214e-13
4.8661233e-14
-1.0380064e-13
3.8265104e-14
-1.0539286e-13
2.8214576e-14
-1.0633603e-13
1.8540898e-14
-1.0681876e-13
-1.0702079e-13
9.1813575e-15
8.4299368e-14
-8.0768911e-14
7.5613816e-14
-8.5081046e-14
6.6325065e-14
-8.8768435e-14
5.6685608e-14
-9.175268e-14
4.6919961e-14
-9.4034994e-14
3.7202483e-14
-9.5675383e-14
2.7642065e-14
-9.6775609e-14
1.8278816e-14
-9.7455507e-14
-9.7831083e-14
9.0891096e-15
7.9789658e-14
-7.3406351e-14
7.1741147e-14
-7.7032534e-14
6.3169514e-14
-8.0196802e-14
5.4251571e-14
-8.2834738e-14
4.5150257e-14
-8.4933681e-14
3.5997551e-14
-8.6522677e-14
2.6882964e-14
-8.7661022e-14
1.7850108e-14
-8.8422651e-14
8.8998425e-15
-8.8880818e-14
-1.4196649e-13
-1.3408855e-13
-1.2536343e-13
-1.1626403e-13
-1.0708267e-13
-9.799356e-14
-8.9093718e-14
2.3807959e-14
-1.6850389e-13
4.3796403e-23
4.4848302e-14
-1.6087483e-13
6.2445214e-14
-1.4944603e-13
7.6390581e-14
-1.3584529e-13
8.7137559e-14
-1.2199849e-13
9.5231452e-14
-1.0875031e-13
1.012411e-13
-9.664166e-14
1.056512e-13
-8.5855484e-14
1.0885384e-13
-7.6425521e-14
-6.8291823e-14
1.1115002e-13
3.0203712e-14
-1.9870761e-13
2.6920605e-23
5.5242047e-14
-1.8591317e-13
7.4939137e-14
-1.6914312e-13
8.9385091e-14
-1.5029124e-13
9.967891e-14
-1.3229231e-13
1.0678658e-13
-1.1585798e-13
1.1158105e-13
-1.0143613e-13
1.1472076e-13
-8.8995191e-14
1.1669243e-13
-7.8397195e-14
-6.9439658e-14
1.1784027e-13
4.0607054e-14
-2.3931466e-13
4.6160603e-23
7.0625822e-14
-2.1593194e-13
9.2271675e-14
-1.9078898e-13
1.0639117e-13
-1.6441073e-13
1.1531885e-13
-1.4121999e-13
1.2062743e-13
-1.2116657e-13
1.2356546e-13
-1.0437416e-13
1.2495766e-13
-9.038739e-14
1.2535638e-13
-7.8795915e-14
-6.9199685e-14
1.2511641e-13
5.772926e-14
-2.9704392e-13
-3.1639101e-24
9.3460082e-14
-2.5166276e-13
1.1620931e-13
-2.1353821e-13
1.2838459e-13
-1.7658601e-13
1.3447908e-13
-1.4731448e-13
1.3684236e-13
-1.2352985e-13
1.3711233e-13
-1.0464413e-13
1.3620859e-13
-8.948365e-14
1.3467488e-13
-7.7262202e-14
-6.7340898e-14
1.3281609e-13
9.2480556e-14
-3.8952448e-13
5.1448759e-23
1.3103708e-13
-2.9021928e-13
1.5079969e-13
-2.3330082e-13
1.5707095e-13
-1.8285727e-13
1.5763199e-13
-1.4787553e-13
1.5534999e-13
-1.2124785e-13
1.5194004e-13
-1.0123417e-13
1.4815481e-13
-8.5698423e-14
1.4435617e-13
-7.3463564e-14
-6.3678278e-14
1.4069355e-13
1.4669727e-13
-5.3622174e-13
5.9869367e-23
1.8345385e-13
-3.2697586e-13
1.9511172e-13
-2.4495869e-13
1.9113674e-13
-1.7888229e-13
1.8349829e-13
-1.4023708e-13
1.7507981e-13
-1.1282937e-13
1.6721504e-13
-9.33694e-14
1.6017067e-13
-7.8654053e-14
1.5393738e-13
-6.7230282e-14
-5.8147661e-14
1.4840677e-13
3.2864888e-13
-8.6487063e-13
3.1315431e-23
2.9857673e-13
-2.9690371e-13
2.6509652e-13
-2.1147848e-13
2.3463909e-13
-1.4842486e-13
2.1202325e-13
-1.1762123e-13
1.9506855e-13
-9.5874669e-14
1.8196697e-13
-8.0267825e-14
1.7149904e-13
-6.8186118e-14
1.6286854e-13
-5.8599779e-14
-5.084237e-14
1.5556325e-13
4.2777823e-13
-1.2926489e-12
-1.4763808e-23
3.6738636e-13
-2.3651184e-13
3.1093745e-13
-1.5502957e-13
2.6517689e-13
-1.026643e-13
2.332812e-13
-8.5725546e-14
2.1067184e-13
-7.3265309e-14
1.939134e-13
-6.3509384e-14
1.8093274e-13
-5.5205454e-14
1.7046253e-13
-4.8129576e-14
1.6174142e-13
-4.2121256e-14
1.1276509e-13
-6.13589e-14
1.1386401e-13
-5.5520266e-14
1.1456526e-13
-5.067332e-14
1.1495183e-13
-4.6725527e-14
1.1507941e-13
-4.3596779e-14
1.1498237e-13
-4.1219491e-14
1.1467788e-13
-3.9537628e-14
1.141686e-13
-3.8505166e-14
1.1344448e-13
-3.808423e-14
1.1248373e-13
-3.8242972e-14
1.1125356e-13
-3.8953176e-14
1.0971077e-13
-4.0187543e-14
1.0780258e-13
-4.1916597e-14
1.0546829e-13
-4.4105244e-14
1.0264194e-13
-4.6709106e-14
9.9256766e-14
-4.9670886e-14
9.5251474e-14
-5.2917451e-14
9.0578809e-14
-5.6358116e-14
8.5214779e-14
-5.9886081e-14
-6.3382172e-14
7.9168983e-14
1.1840406e-13
-6.1922698e-14
1.1854787e-13
-5.5664072e-14
1.1838192e-13
-5.0507375e-14
1.1797806e-13
-4.6321667e-14
1.1738037e-13
-4.2999084e-14
1.1661233e-13
-4.0451452e-14
1.1568161e-13
-3.8606909e-14
1.1458315e-13
-3.7406709e-14
1.1330119e-13
-3.6802264e-14
1.1181056e-13
-3.6752339e-14
1.1007769e-13
-3.7220316e-14
1.0806158e-13
-3.8171427e-14
1.057149e-13
-3.9569919e-14
1.0298582e-13
-4.1376164e-14
9.9820563e-14
-4.3543848e-14
9.6167134e-14
-4.6017457e-14
9.1980204e-14
-4.8730521e-14
8.7227123e-14
-5.1605034e-14
8.1894056e-14
-5.4553014e-14
-5.7479981e-14
7.5991865e-14
1.2446433e-13
-6.1270626e-14
1.235421e-13
-5.4741839e-14
1.2243643e-13
-4.9401706e-14
1.2119741e-13
-4.5082642e-14
1.1985026e-13
-4.1651938e-14
1.1840279e-13
-3.9003982e-14
1.1685001e-13
-3.7054122e-14
1.1517704e-13
-3.5733746e-14
1.1336105e-13
-3.4986268e-14
1.1137243e-13
-3.4763726e-14
1.0917588e-13
-3.5023765e-14
1.0673132e-13
-3.5726863e-14
1.0399512e-13
-3.6833718e-14
1.0092175e-13
-3.8302798e-14
9.7466036e-14
-4.0088132e-14
9.3586105e-14
-4.2137526e-14
8.9247081e-14
-4.4391497e-14
8.4425248e-14
-4.6783201e-14
7.9112082e-14
-4.9239849e-14
-5.1685539e-14
7.331764e-14
1.3080246e-13
-5.9256996e-14
1.2872477e-13
-5.2664147e-14
1.2662733e-13
-4.7304267e-14
1.245264e-13
-4.298171e-14
1.2242074e-13
-3.9546273e-14
1.2029763e-13
-3.6880879e-14
1.1813641e-13
-3.4892896e-14
1.1591045e-13
-3.3507789e-14
1.135885e-13
-3.2664314e-14
1.1113549e-13
-3.2310721e-14
1.0851333e-13
-3.2401606e-14
1.0568167e-13
-3.2895203e-14
1.0259895e-13
-3.3750993e-14
9.9223746e-14
-3.4927597e-14
9.551663e-14
-3.6381016e-14
9.1442417e-14
-3.8063314e-14
8.6972857e-14
-3.9921937e-14
8.2089492e-14
-4.1899836e-14
7.6786277e-14
-4.3936635e-14
-4.5970787e-14
7.1071526e-14
1.3721889e-13
-5.5782335e-14
1.3393636e-13
-4.9381612e-14
1.3082768e-13
-4.4195595e-14
1.2786386e-13
-4.0017883e-14
1.2501063e-13
-3.6693045e-14
1.2223103e-13
-3.4101278e-14
1.1948647e-13
-3.2148341e-14
1.1673725e-13
-3.0758566e-14
1.1394275e-13
-2.9869815e-14
1.1106168e-13
-2.9429647e-14
1.0805232e-13
-2.9392252e-14
1.0487305e-13
-2.9715928e-14
1.0148299e-13
-3.0360939e-14
9.7843121e-14
-3.1287725e-14
9.3917572e-14
-3.2455467e-14
8.9675346e-14
-3.3821088e-14
8.5092194e-14
-3.5338785e-14
8.015255e-14
-3.6960192e-14
7.4851198e-14
-3.8635282e-14
-4.0313953e-14
6.9194364e-14
1.4345911e-13
-5.0834678e-14
1.3898523e-13
-4.4907731e-14
1.3489117e-13
-4.0101531e-14
1.3109635e-13
-3.6223067e-14
1.2753059e-13
-3.3127288e-14
1.2413132e-13
-3.0702008e-14
1.2084146e-13
-2.8858473e-14
1.1760787e-13
-2.7524975e-14
1.1438037e-13
-2.6642319e-14
1.1111111e-13
-2.6160391e-14
1.0775432e-13
-2.6035455e-14
1.0426633e-13
-2.6227942e-14
1.0060601e-13
-2.6700619e-14
9.6735384e-14
-2.7417099e-14
9.2620593e-14
-2.8340676e-14
8.8233057e-14
-2.9433552e-14
8.3550764e-14
-3.0656492e-14
7.8559536e-14
-3.1968963e-14
7.3254052e-14
-3.3329799e-14
-3.4698331e-14
6.763843e-14
1.4924092e-13
-4.4512354e-14
1.436648e-13
-3.9331608e-14
1.3866319e-13
-3.5099923e-14
1.3410561e-13
-3.1665485e-14
1.2988816e-13
-2.8909842e-14
1.2592463e-13
-2.6738476e-14
1.2214088e-13
-2.5074728e-14
1.1847139e-13
-2.3855484e-14
1.14857e-13
-2.3027925e-14
1.1124355e-13
-2.2546946e-14
1.0758115e-13
-2.2373047e-14
1.0382377e-13
-2.2470568e-14
9.9929373e-14
-2.2806219e-14
9.5860155e-14
-2.3347881e-14
9.1583178e-14
-2.4063698e-14
8.7071093e-14
-2.4921467e-14
8.2302978e-14
-2.5888377e-14
7.726512e-14
-2.6931105e-14
7.1951614e-14
-2.8016292e-14
-2.9111329e-14
6.6364612e-14
1.5428753e-13
-3.7058459e-14
1.4778244e-13
-3.2826524e-14
1.4200328e-13
-2.9320761e-14
1.3678532e-13
-2.6447523e-14
1.3200045e-13
-2.4124978e-14
1.2754465e-13
-2.2282677e-14
1.233304e-13
-2.0860473e-14
1.1928203e-13
-1.9807111e-14
1.153328e-13
-1.90787e-14
1.1142307e-13
-1.8637215e-14
1.0749913e-13
-1.8449108e-14
1.0351261e-13
-1.8484046e-14
9.9420215e-14
-1.8713825e-14
9.5183806e-14
-1.9111471e-14
9.0770653e-14
-1.9650545e-14
8.6153873e-14
-2.0304688e-14
8.1312911e-14
-2.1047415e-14
7.623399e-14
-2.1852184e-14
7.0910408e-14
-2.269271e-14
6.5342587e-14
-2.3543508e-14
7.2488406e-14
-6.6725774e-14
6.5260136e-14
-6.9804264e-14
5.759538e-14
-7.2532046e-14
4.9615726e-14
-7.4855084e-14
4.1436453e-14
-7.6754408e-14
3.3154683e-14
-7.8240907e-14
2.4841341e-14
-7.934768e-14
1.6538277e-14
-8.0119587e-14
-8.0602571e-14
8.2600302e-15
6.9558191e-14
-6.02921e-14
6.2657222e-14
-6.2903295e-14
5.5370802e-14
-6.5245626e-14
4.7789045e-14
-6.7273327e-14
3.9999511e-14
-6.8964874e-14
3.2078779e-14
-7.0320175e-14
2.4086606e-14
-7.1355506e-14
1.6063557e-14
-7.2096538e-14
-7.2570982e-14
8.0319686e-15
6.7071574e-14
-5.4046033e-14
6.0422087e-14
-5.6253809e-14
5.3430548e-14
-5.8254087e-14
4.6165095e-14
-6.0007873e-14
3.8693475e-14
-6.1493254e-14
3.1077106e-14
-6.2703806e-14
2.3366863e-14
-6.3645264e-14
1.5601193e-14
-6.4330868e-14
-6.4776338e-14
7.8065488e-15
6.4968311e-14
-4.7942818e-14
5.851332e-14
-4.9798818e-14
5.175336e-14
-5.1494127e-14
4.4740968e-14
-5.2995481e-14
3.752957e-14
-5.4281857e-14
3.01693e-14
-5.5343536e-14
2.270395e-14
-5.6179914e-14
1.5169476e-14
-5.6796393e-14
-5.7200978e-14
7.5941154e-15
6.3199782e-14
-4.1948236e-14
5.6895653e-14
-4.3494689e-14
5.0318254e-14
-4.4916728e-14
4.3508875e-14
-4.6186103e-14
3.6510477e-14
-4.7283459e-14
2.9364713e-14
-4.8197771e-14
2.21097e-14
-4.8924901e-14
1.4778833e-14
-4.9465526e-14
-4.982284e-14
7.400695e-15
6.1726099e-14
-3.6035905e-14
5.5538906e-14
-3.7307496e-14
4.9105407e-14
-3.8483228e-14
4.2458677e-14
-3.9539373e-14
3.5633946e-14
-4.0458727e-14
2.8666439e-14
-4.1230265e-14
2.1589724e-14
-4.1848186e-14
1.4434738e-14
-4.2310541e-14
-4.2617682e-14
7.22958e-15
6.0514094e-14
-3.0185387e-14
5.4417108e-14
-3.121051e-14
4.8096492e-14
-3.2162612e-14
4.1579266e-14
-3.3022147e-14
3.4894907e-14
-3.3774368e-14
2.8073748e-14
-3.4409106e-14
2.1145711e-14
-3.4920149e-14
1.4139498e-14
-3.5304328e-14
-3.5560486e-14
7.082303e-15
5.9537783e-14
-2.4380583e-14
5.3509427e-14
-2.5182154e-14
4.7276129e-14
-2.5929314e-14
4.0860452e-14
-2.660647e-14
3.4287603e-14
-2.7201519e-14
2.7584209e-14
-2.7705712e-14
2.0777307e-14
-2.8113247e-14
1.3893654e-14
-2.8420675e-14
6.9593836e-15
-2.8626215e-14
-8.0833688e-14
-7.2801719e-14
-6.499517e-14
-5.7401055e-14
-5.000036e-14
-4.277078e-14
-3.5688477e-14
-2.8729093e-14
4.9849104e-13
1.0888601e-12
2.3760922e-13
2.4369983e-14
1.2311951e-13
-4.053986e-14
9.4005682e-14
-7.355047e-14
7.9337371e-14
-7.1057235e-14
7.0976755e-14
-6.4904694e-14
6.5072562e-14
-5.760519e-14
6.0560125e-14
-5.0693017e-14
5.6915212e-14
-4.4484664e-14
5.3870587e-14
-3.907663e-14
5.1263745e-14
-3.4451617e-14
4.8988359e-14
-3.0551139e-14
4.696936e-14
-2.7301762e-14
4.5150587e-14
-2.462875e-14
4.3487897e-14
-2.2462289e-14
4.1945207e-14
-2.0739987e-14
4.0492104e-14
-1.940737e-14
3.9102354e-14
-1.8417361e-14
3.7752943e-14
-1.7729289e-14
3.6423458e-14
-1.730773e-14
3.5095687e-14
-1.7121338e-14
3.3753385e-14
-1.7141744e-14
3.2382152e-14
-1.7342593e-14
3.0969413e-14
-1.7698731e-14
2.9504452e-14
-1.8185585e-14
2.7978507e-14
-1.8778742e-14
2.6384868e-14
-1.9453776e-14
2.4718972e-14
-2.0186289e-14
2.297846e-14
-2.0952198e-14
2.1163158e-14
-2.1728207e-14
1.9274977e-14
-2.2492402e-14
1.7317715e-14
-2.3224892e-14
1.5296768e-14
-2.3908368e-14
1.3218792e-14
-2.4528494e-14
1.1091331e-14
-2.5074058e-14
8.9224739e-15
-2.5536854e-14
6.7205635e-15
-2.5911337e-14
4.4939882e-15
-2.61941e-14
2.2510633e-15
-2.638329e-14
-2.647803e-14
4.3521457e-13
6.5364552e-13
-8.7261996e-24
3.7376315e-13
8.5821407e-14
3.1737693e-13
1.5846355e-14
2.7199994e-13
-2.817348e-14
2.4003001e-13
-3.9087303e-14
2.1692002e-13
-4.17947e-14
1.9937449e-13
-4.0059661e-14
1.8547799e-13
-3.679652e-14
1.740731e-13
-3.3079772e-14
-2.9466854e-14
1.6446333e-13
3.4240587e-13
3.1123965e-13
-5.7864733e-24
3.1936009e-13
1.0886718e-13
2.8979299e-13
4.5413461e-14
2.6038983e-13
1.2296773e-15
2.3686651e-13
-1.5563983e-14
2.1780721e-13
-2.2735399e-14
2.0202657e-13
-2.4279019e-14
1.8871339e-13
-2.3483343e-14
1.7731712e-13
-2.1683504e-14
-1.960234e-14
1.6745261e-13
1.7403925e-13
1.372004e-13
-3.4587689e-24
2.2416954e-13
5.8736893e-14
2.4199564e-13
2.7587366e-14
2.3839867e-13
4.8266429e-15
2.2798541e-13
-5.1507259e-15
2.1512511e-13
-9.8750954e-15
2.0220901e-13
-1.1362917e-14
1.9009972e-13
-1.1374055e-14
1.7911025e-13
-1.0694035e-14
-9.7663395e-15
1.6927425e-13
1.372004e-13
1.7533817e-23
1.9593729e-13
2.2352466e-13
2.283513e-13
2.2320058e-13
2.1332548e-13
2.0196256e-13
1.9058851e-13
1.7989447e-13
1.7012813e-13
1.5619873e-13
-2.6187019e-14
1.4897208e-13
-2.3324491e-14
1.4255996e-13
-2.0889637e-14
1.3679124e-13
-1.8860032e-14
1.3152913e-13
-1.7200183e-14
1.2666061e-13
-1.5871469e-14
1.2208994e-13
-1.4836693e-14
1.1773447e-13
-1.4061895e-14
1.1352195e-13
-1.3516767e-14
1.0938861e-13
-1.3174394e-14
1.0527798e-13
-1.3010704e-14
1.0114005e-13
-1.3003815e-14
9.6930869e-14
-1.313341e-14
9.2612318e-14
-1.338018e-14
8.8152126e-14
-1.3725393e-14
8.3523983e-14
-1.41506e-14
7.8707711e-14
-1.4637503e-14
7.3689404e-14
-1.5167982e-14
6.8461483e-14
-1.5724277e-14
-1.6289295e-14
6.3022571e-14
1.5883021e-13
-1.7564624e-14
1.5122189e-13
-1.5716171e-14
1.4444148e-13
-1.4109229e-14
1.3833351e-13
-1.2752054e-14
1.3276599e-13
-1.1632668e-14
1.2762562e-13
-1.0731097e-14
1.2281418e-13
-1.0025257e-14
1.1824594e-13
-9.4936543e-15
1.1384562e-13
-9.11644e-15
1.0954687e-13
-8.875646e-15
1.0529119e-13
-8.7550289e-15
1.0102713e-13
-8.739753e-15
9.6709752e-14
-8.8160315e-15
9.2300365e-14
-8.9707932e-15
8.7766385e-14
-9.1914124e-15
8.308131e-14
-9.4655246e-15
7.8224746e-14
-9.7809394e-15
7.3182418e-14
-1.0125654e-14
6.7946103e-14
-1.0487962e-14
-1.0856636e-14
6.2513444e-14
1.6051158e-13
-8.8019541e-15
1.5269692e-13
-7.9015135e-15
1.4569388e-13
-7.1061803e-15
1.3936993e-13
-6.4281052e-15
1.3360273e-13
-5.86547e-15
1.2828204e-13
-5.4104043e-15
1.2330967e-13
-5.0528938e-15
1.1859867e-13
-4.7826521e-15
1.1407215e-13
-4.5899246e-15
1.0966226e-13
-4.4657527e-15
1.0530921e-13
-4.4019743e-15
1.0096056e-13
-4.3911065e-15
9.6570718e-14
-4.426189e-15
9.2100554e-14
-4.5006292e-15
8.7517216e-14
-4.6080746e-15
8.2794015e-14
-4.7423235e-15
7.7910358e-14
-4.8972827e-15
7.2851677e-14
-5.0669727e-15
6.7609293e-14
-5.2455777e-15
-5.427532e-15
6.2180188e-14
1.6132618e-13
1.5342467e-13
1.4631849e-13
1.3989038e-13
1.3402491e-13
1.2861451e-13
1.2356161e-13
1.1877896e-13
1.1418904e-13
1.0972328e-13
1.0532131e-13
1.009302e-13
9.6504014e-14
9.2003385e-14
8.7395311e-14
8.2652987e-14
7.7755704e-14
7.2688732e-14
6.7443154e-14
6.2015622e-14
5.7377169e-14
-1.6847001e-14
5.1535106e-14
-1.7382828e-14
4.5510779e-14
-1.7884041e-14
3.9322267e-14
-1.8339982e-14
3.2990386e-14
-1.8742178e-14
2.6537792e-14
-1.9084261e-14
1.9988209e-14
-1.9361753e-14
1.3365843e-14
-1.9571734e-14
-1.9712465e-14
6.6950172e-15
5.6887606e-14
-1.1221163e-14
5.1076764e-14
-1.1571986e-14
4.5093446e-14
-1.1900722e-14
3.8953775e-14
-1.2200311e-14
3.2676672e-14
-1.2465074e-14
2.6283086e-14
-1.2690675e-14
1.979532e-14
-1.2873987e-14
1.3236491e-14
-1.3012905e-14
-1.3106114e-14
6.6301399e-15
5.6566654e-14
-5.6076285e-15
5.0775801e-14
-5.7811328e-15
4.4818962e-14
-5.943884e-15
3.8711015e-14
-6.092364e-15
3.2469666e-14
-6.2237258e-15
2.6114767e-14
-6.3357749e-15
1.9667689e-14
-6.4269098e-15
1.3150816e-14
-6.4960316e-15
-6.5424397e-15
6.5871418e-15
5.6407993e-14
5.0626861e-14
4.4682977e-14
3.8590613e-14
3.2366887e-14
2.6031112e-14
1.9604202e-14
1.3108171e-14
6.5657309e-15
-1.9783013e-14
-1.3152873e-14
-6.5657309e-15
-4.84633e-13
5.2132101e-13
-3.6688008e-14
-4.3759265e-13
-4.7040377e-14
-3.8253809e-13
-5.5054552e-14
-3.2260984e-13
-5.9928243e-14
-2.6104849e-13
-6.156138e-14
-2.007073e-13
-6.0341201e-14
-1.4378604e-13
-5.6921238e-14
-9.1628128e-14
-5.215787e-14
-4.4323825e-14
-4.7304324e-14
-4.4323856e-14
-5.61174e-13
5.687622e-13
-7.5882132e-15
-5.5771238e-13
-3.461587e-15
-5.5653798e-13
-1.1743693e-15
-5.565351e-13
-2.9255357e-18
-5.5706354e-13
5.2846452e-16
-5.5780484e-13
7.4129825e-16
-5.5863408e-13
8.2925831e-16
-5.5953887e-13
9.0477594e-16
-5.6057549e-13
1.0366136e-15
-5.6183509e-13
1.2595833e-15
-5.6341252e-13
1.5774358e-15
-5.6536634e-13
1.9538321e-15
-5.6765757e-13
2.2912192e-15
-5.7005689e-13
2.3992886e-15
-5.7201904e-13
1.9621659e-15
-5.7255736e-13
5.3834043e-16
-5.7004567e-13
-2.5117079e-15
-5.6231733e-13
-7.7283765e-15
-5.4683886e-13
-1.5478453e-14
-2.551784e-14
-9.7568914e-13
5.5738667e-13
4.1830244e-13
-1.0004971e-12
2.4807993e-14
-9.1741817e-13
-8.307896e-14
-8.078249e-13
-1.0959326e-13
-7.1632101e-13
-9.1503862e-14
-6.5133525e-13
-6.4985768e-14
-6.0903359e-13
-4.2301629e-14
-5.8333313e-13
-2.5700486e-14
-1.4570897e-14
5.5738666e-13
-1.7364908e-12
-1.6824106e-13
1.8680439e-12
-1.5703818e-12
-2.131494e-13
-1.3772104e-12
-2.4822598e-13
-1.1670649e-12
-2.7007375e-13
-9.503922e-13
-2.7823406e-13
-7.3640004e-13
-2.7433331e-13
-5.3216221e-13
-2.6115915e-13
-3.4201128e-13
-2.4230886e-13
-1.6643743e-13
-2.228782e-13
-2.1076139e-13
-2.6740754e-12
-3.6994478e-13
2.8757791e-12
-2.4195086e-12
-4.6771628e-13
-2.1237989e-12
-5.4393564e-13
-1.8023342e-12
-5.9153839e-13
-1.470649e-12
-6.0991921e-13
-1.1421032e-12
-6.0287921e-13
-8.2686908e-13
-5.7639322e-13
-5.3164094e-13
-5.37537e-13
-2.5847396e-13
-4.9604514e-13
-4.6923559e-13
-3.3187601e-12
-6.181215e-13
3.5669368e-12
-3.0013621e-12
-7.851142e-13
-2.6315103e-12
-9.1378744e-13
-2.2300826e-12
-9.9296609e-13
-1.8170321e-12
-1.0229698e-12
-1.4085087e-12
-1.0114026e-12
-1.0162654e-12
-9.6863654e-13
-6.4891297e-13
-9.0488941e-13
-3.1228321e-13
-8.3267494e-13
-7.8151907e-13
-3.6893978e-12
3.9615484e-12
-8.9027211e-13
-3.3312084e-12
-1.1433037e-12
-2.9110202e-12
-1.3339757e-12
-2.4567105e-12
-1.4472757e-12
-1.9928111e-12
-1.4868692e-12
-1.5370683e-12
-1.4671454e-12
-1.1003133e-12
-1.4053916e-12
-6.9027339e-13
-1.3149294e-12
-3.2143076e-13
-1.2015176e-12
-1.1029501e-12
-2.0657664e-12
-3.7440788e-14
2.095619e-12
-2.0503432e-12
-1.88848e-14
-2.0433949e-12
-8.1226776e-15
-2.041154e-12
-2.2437371e-15
-2.0413789e-12
7.533224e-16
-2.0428291e-12
2.1915373e-15
-2.0449053e-12
2.9053809e-15
-2.0474164e-12
3.4159518e-15
-2.0504055e-12
4.0257193e-15
-2.0540242e-12
4.8783126e-15
-2.058416e-12
5.9691713e-15
-2.0635714e-12
7.1092761e-15
-2.0691237e-12
7.8435121e-15
-2.0740562e-12
7.3317533e-15
-2.0763154e-12
4.2213181e-15
-2.0723699e-12
-3.4071986e-15
-2.0569486e-12
-1.7932976e-14
-2.0229667e-12
-4.1710297e-14
-1.9623852e-12
-7.6059993e-14
-1.1985912e-13
-3.2093886e-12
-7.6768353e-14
3.2487163e-12
-3.187914e-12
-4.0359525e-14
-3.177297e-12
-1.873958e-14
-3.172979e-12
-6.5618789e-15
-3.1721393e-12
-8.6245725e-17
-3.1731586e-12
3.210894e-15
-3.1751987e-12
4.9454558e-15
-3.1779199e-12
6.1371136e-15
-3.1812741e-12
7.3799462e-15
-3.1853445e-12
8.9486564e-15
-3.1901909e-12
1.081555e-14
-3.1956603e-12
1.2578645e-14
-3.2011171e-12
1.3300268e-14
-3.205054e-12
1.1268669e-14
-3.2045587e-12
3.7260324e-15
-3.1947034e-12
-1.3262502e-14
-3.1679248e-12
-4.4711505e-14
-3.1138945e-12
-9.5740645e-14
-3.0203621e-12
-1.6959244e-13
-2.644421e-13
-3.9606736e-12
-1.0884286e-13
3.9927481e-12
-3.9426668e-12
-5.8366262e-14
-3.9333821e-12
-2.80243e-14
-3.929274e-12
-1.0669966e-14
-3.928112e-12
-1.2482621e-15
-3.9285736e-12
3.6725179e-15
-3.9299595e-12
6.3313119e-15
-3.9319611e-12
8.1388081e-15
-3.9345047e-12
9.9234534e-15
-3.9376225e-12
1.2066497e-14
-3.9413261e-12
1.4519144e-14
-3.9454409e-12
1.6693465e-14
-3.9493577e-12
1.7217044e-14
-3.9516408e-12
1.3551815e-14
-3.9494217e-12
1.5068106e-15
-3.9375749e-12
-2.5109298e-14
-3.907663e-12
-7.46235e-14
-3.847116e-12
-1.5628766e-13
-3.7394183e-12
-2.7729011e-13
-4.3692359e-13
-4.3197072e-12
4.3315002e-12
-1.2063584e-13
-4.3129578e-12
-6.5115658e-14
-4.3093938e-12
-3.1588335e-14
-4.3077552e-12
-1.2308569e-14
-4.3072348e-12
-1.7686217e-15
-4.3073474e-12
3.7851042e-15
-4.3078334e-12
6.8173104e-15
-4.3085817e-12
8.8871059e-15
-4.3095749e-12
1.0916643e-14
-4.3108445e-12
1.3336204e-14
-4.3124229e-12
1.6097376e-14
-4.3142658e-12
1.8536376e-14
-4.3161075e-12
1.905881e-14
-4.3171705e-12
1.4614748e-14
-4.3156209e-12
-4.2809611e-17
-4.3075147e-12
-3.321545e-14
-4.2852262e-12
-9.6912031e-14
-4.2352305e-12
-2.062833e-13
-4.1364023e-12
-3.7611827e-13
-6.117775e-13
-4.7960213e-12
-6.9578668e-13
5.9101104e-12
-3.9961932e-12
-7.7502012e-13
-3.375501e-12
-7.0377109e-13
-2.9223205e-12
-5.6277383e-13
-2.6009249e-12
-4.1289943e-13
-2.3816437e-12
-2.8426697e-13
-2.2383767e-12
-1.8556857e-13
-2.1488671e-12
-1.1521016e-13
-6.7818913e-14
-6.0395023e-12
-1.3912832e-12
6.7349988e-12
-5.3199118e-12
-1.4946105e-12
-4.6989438e-12
-1.3247392e-12
-4.210698e-12
-1.0510196e-12
-3.8498507e-12
-7.7374668e-13
-3.5962008e-12
-5.3791687e-13
-3.4257602e-12
-3.5600918e-13
-3.3161138e-12
-2.2485652e-13
-1.3521648e-13
-6.2505386e-12
-1.9938637e-12
6.8531191e-12
-5.6261605e-12
-2.1189887e-12
-5.12001e-12
-1.8308896e-12
-4.738291e-12
-1.4327386e-12
-4.4602798e-12
-1.051758e-12
-4.2649367e-12
-7.3325996e-13
-4.1327111e-12
-4.8823465e-13
-4.0465776e-12
-3.1099008e-13
-1.890459e-13
-5.4732994e-12
6.2969819e-12
-2.8175462e-12
-4.9955074e-12
-2.5967807e-12
-4.746708e-12
-2.079689e-12
-4.5969201e-12
-1.5825265e-12
-4.4966698e-12
-1.1520083e-12
-4.4280321e-12
-8.0189762e-13
-4.3815718e-12
-5.3469491e-13
-4.3509482e-12
-3.4161375e-13
-2.084938e-13
-5.1509055e-13
6.9825877e-12
-7.6268032e-13
6.9825885e-12
-8.9214972e-13
6.9825885e-12
6.9825878e-12
-1.5777556e-12
-1.938664e-19
-2.2896075e-20
1.4833107e-19
-2.2648798e-12
-1.0542254e-12
2.4288331e-12
-2.0398007e-12
-1.3683827e-12
-1.7736496e-12
-1.6001268e-12
-1.4878317e-12
-1.7330937e-12
-1.1996992e-12
-1.7750018e-12
-9.202556e-13
-1.7465888e-12
-6.538279e-13
-1.6718192e-12
-4.0014176e-13
-1.5686155e-12
-1.6830002e-13
-1.4333593e-12
-1.2712502e-12
-2.24688e-12
2.406441e-12
-1.2137863e-12
-2.0178756e-12
-1.5973871e-12
-1.7453166e-12
-1.8726857e-12
-1.4549335e-12
-2.0234768e-12
-1.1664455e-12
-2.0634899e-12
-8.9150702e-13
-2.0215273e-12
-6.3318807e-13
-1.9301382e-12
-3.8403693e-13
-1.8177667e-12
-1.2444297e-13
-1.6929533e-12
-1.3956934e-12
-2.5804225e-12
-1.1570862e-13
2.5754953e-12
-2.5831492e-12
-6.238897e-14
-2.5845485e-12
-3.0189037e-14
-2.5851738e-12
-1.1683298e-14
-2.5853644e-12
-1.5779891e-15
-2.5853189e-12
3.7395693e-15
-2.5851462e-12
6.6446479e-15
-2.5849022e-12
8.6430372e-15
-2.5846157e-12
1.0630173e-14
-2.5843113e-12
1.3031811e-14
-2.584029e-12
1.5815077e-14
-2.5838392e-12
1.8346573e-14
-2.5838391e-12
1.9058661e-14
-2.5840887e-12
1.4864375e-14
-2.5843909e-12
2.5935247e-16
-2.5837206e-12
-3.3885835e-14
-2.579006e-12
-1.0162662e-13
-2.562905e-12
-2.2238432e-13
-2.5207287e-12
-4.1829452e-13
-7.0367308e-13
-2.4912977e-12
2.4781166e-12
-1.0252744e-13
-2.4986712e-12
-5.5015463e-14
-2.502481e-12
-2.6379205e-14
-2.5041865e-12
-9.9777832e-15
-2.5046975e-12
-1.0669575e-15
-2.5045503e-12
3.592393e-15
-2.504035e-12
6.1293034e-15
-2.5032879e-12
7.8959331e-15
-2.5023595e-12
9.7018134e-15
-2.5012703e-12
1.1942604e-14
-2.5000647e-12
1.4609513e-14
-2.4988721e-12
1.7154024e-14
-2.497972e-12
1.8158526e-14
-2.4978348e-12
1.4727242e-14
-2.4990449e-12
1.4694355e-15
-2.5018773e-12
-3.1053446e-14
-2.5050765e-12
-9.8427446e-14
-2.5030303e-12
-2.2443058e-13
-2.4804274e-12
-4.4089742e-13
-7.7765952e-13
-1.8044719e-12
-2.1593358e-12
1.1462614e-12
-2.1579102e-12
-2.2433425e-12
-2.33574e-12
-1.9018592e-12
-2.4337522e-12
-1.4845143e-12
-2.4930255e-12
-1.0927351e-12
-2.5299506e-12
-7.6497255e-13
-2.5529109e-12
-5.1173458e-13
-2.5670168e-12
-3.275079e-13
-2.0001523e-13
-1.0826368e-12
3.7674888e-13
-1.4534478e-12
-1.6028623e-12
-1.7231169e-12
-1.929889e-12
-1.5748326e-12
-2.1377479e-12
-1.2766554e-12
-2.2733417e-12
-9.5714128e-13
-2.3620608e-12
-6.7625347e-13
-2.4194466e-12
-4.5434869e-13
-2.4557876e-12
-2.9116694e-13
-1.7768626e-13
-4.3149411e-13
-5.4745269e-14
-1.1677952e-12
1.2482485e-12
-1.2942396e-12
-1.0454246e-12
-1.7197577e-12
-8.9912608e-13
-2.0189842e-12
-7.4458857e-13
-2.1780143e-12
-5.9347272e-13
-2.2146057e-12
-4.525852e-13
-2.1624148e-12
-3.2415592e-13
-2.0585675e-12
-2.0659757e-13
-1.935325e-12
-9.4818494e-14
-1.8047323e-12
-1.4905119e-12
-1.2598601e-12
1.2502526e-12
-9.2919918e-14
-1.2652232e-12
-4.9652406e-14
-1.2679765e-12
-2.3625857e-14
-1.2691905e-12
-8.7637846e-15
-1.269533e-12
-7.2440913e-16
-1.2693969e-12
3.4561829e-15
-1.2689921e-12
5.7245115e-15
-1.2684136e-12
7.3174444e-15
-1.2676906e-12
8.9788079e-15
-1.2668265e-12
1.1078572e-14
-1.265839e-12
1.3622011e-14
-1.2648081e-12
1.6123001e-14
-1.2639378e-12
1.7288181e-14
-1.2636262e-12
1.4415642e-14
-1.2645041e-12
2.3472627e-15
-1.2673262e-12
-2.8231303e-14
-1.2724524e-12
-9.3301248e-14
-1.2783006e-12
-2.1858231e-13
-1.2771279e-12
-4.4207017e-13
-8.0653893e-13
-4.025987e-13
9.8716761e-14
-1.149566e-12
-6.8247765e-13
-1.4432379e-12
-8.7596801e-13
-1.3813422e-12
-1.0111536e-12
-1.1414698e-12
-1.1039612e-12
-8.6433368e-13
-1.1664917e-12
-6.1372291e-13
-1.2076593e-12
-4.1318111e-13
-1.2339942e-12
-2.6483211e-13
-1.6142786e-13
4.3971504e-14
-2.8547216e-12
-1.48747e-12
3.0479521e-12
-2.543504e-12
-2.0309752e-12
-2.1683826e-12
-2.3941057e-12
-1.7770186e-12
-2.5693782e-12
-1.4029633e-12
-2.588661e-12
-1.0653152e-12
-2.5000629e-12
-7.7241419e-13
-2.3514685e-12
-5.2906286e-13
-2.1786763e-12
-3.378239e-13
-1.9959713e-12
-1.8283357e-12
-2.5046882e-12
-1.6429791e-12
2.6601973e-12
-2.2076207e-12
-2.3280428e-12
-1.8438268e-12
-2.7578995e-12
-1.4726097e-12
-2.9405954e-12
-1.1320054e-12
-2.9292653e-12
-8.4031476e-13
-2.7917535e-12
-6.0087288e-13
-2.5909104e-12
-4.0472144e-13
-2.3748278e-12
-2.2196349e-13
-2.1787294e-12
-2.0502992e-12
-1.9918564e-12
-1.7365994e-12
2.0854768e-12
-1.7265425e-12
-2.5933567e-12
-1.3893002e-12
-3.0951417e-12
-1.0539895e-12
-3.275906e-12
-7.6351227e-13
-3.2197425e-12
-5.3388718e-13
-3.0213786e-12
-3.6231563e-13
-2.762482e-12
-2.3294913e-13
-2.5041943e-12
-1.1978965e-13
-2.2918888e-12
-2.1700888e-12
-1.3015262e-12
1.2595749e-12
-1.694648e-12
-1.1023925e-12
-2.7924905e-12
-8.1188084e-13
-3.3856533e-12
-5.3021855e-13
-3.5575684e-12
-3.0857881e-13
-3.4413822e-12
-1.6001661e-13
-3.1699408e-12
-7.5429945e-14
-2.8470686e-12
-3.4878315e-14
-2.5447459e-12
-1.5107053e-14
-2.31166e-12
-2.1851958e-12
-2.9555279e-12
-6.2017533e-14
2.9246255e-12
-2.9726887e-12
-3.2491636e-14
-2.9814088e-12
-1.4905737e-14
-2.9851661e-12
-5.0065064e-15
-2.9861288e-12
2.3828104e-16
-2.9855688e-12
2.8962699e-15
-2.9841537e-12
4.3093807e-15
-2.9821735e-12
5.3372162e-15
-2.9796964e-12
6.5017339e-15
-2.9766971e-12
8.0792316e-15
-2.9731851e-12
1.0109909e-14
-2.9693681e-12
1.2306113e-14
-2.9658871e-12
1.3807148e-14
-2.9641423e-12
1.2670853e-14
-2.9666537e-12
4.8586787e-15
-2.9772927e-12
-1.759221e-14
-3.0005436e-12
-7.005032e-14
-3.0377742e-12
-1.8135173e-13
-3.0741463e-12
-4.0569814e-13
-8.3273309e-13
-2.3649763e-12
-3.0761697e-14
2.3337205e-12
-2.3819451e-12
-1.5522801e-14
-2.3902342e-12
-6.6166826e-15
-2.3935058e-12
-1.7349256e-15
-2.3940215e-12
7.5398127e-16
-2.3930724e-12
1.9470856e-15
-2.3913181e-12
2.5551747e-15
-2.3890089e-12
3.0279735e-15
-2.3861516e-12
3.6445086e-15
-2.382638e-12
4.5655901e-15
-2.3783712e-12
5.8431081e-15
-2.3734384e-12
7.3732927e-15
-2.3683899e-12
8.7587159e-15
-2.3647126e-12
8.9934948e-15
-2.3655986e-12
5.7446771e-15
-2.376946e-12
-6.2448914e-15
-2.4087697e-12
-3.8226581e-14
-2.4752012e-12
-1.1492024e-13
-2.5821371e-12
-2.9876224e-13
-7.5467294e-13
-1.5754784e-12
-8.0037543e-15
1.5527205e-12
-1.5872888e-12
-3.7124233e-15
-1.592607e-12
-1.298411e-15
-1.5942966e-12
-4.5386147e-17
-1.5940803e-12
5.3779072e-16
-1.5929112e-12
7.7799781e-16
-1.5912423e-12
8.8622705e-16
-1.5892027e-12
9.8832695e-16
-1.5867253e-12
1.167147e-15
-1.5836363e-12
1.4765981e-15
-1.5797405e-12
1.94723e-15
-1.5749424e-12
2.5751484e-15
-1.5694649e-12
3.2812076e-15
-1.5642791e-12
3.8075892e-15
-1.5620132e-12
3.478836e-15
-1.5684067e-12
1.4864541e-16
-1.5957483e-12
-1.0884977e-14
-1.6693498e-12
-4.1318772e-14
-1.8356929e-12
-1.324191e-13
-5.0488905e-13
-5.8607955e-13
5.7807579e-13
-5.8979198e-13
-5.9109039e-13
-5.9113578e-13
-5.9059797e-13
-5.8982e-13
-5.8893376e-13
-5.8794545e-13
-5.8677831e-13
-5.8530173e-13
-5.8335445e-13
-5.807793e-13
-5.7749809e-13
-5.7369047e-13
-5.7021166e-13
-5.7006301e-13
-5.8094797e-13
-6.2226677e-13
-7.5468579e-13
-6.5942172e-13
-5.5729015e-13
6.7145898e-14
-1.2707848e-12
-8.3187493e-13
-1.7863121e-12
-8.6581488e-13
-2.1776238e-12
-7.5015819e-13
-2.4602053e-12
-5.8175208e-13
-2.6563637e-12
-4.1756463e-13
-2.7876329e-12
-2.8191186e-13
-2.8722554e-12
-1.8020961e-13
-1.0905769e-13
-3.3226368e-13
-2.2004396e-13
-4.9825451e-15
-7.7918666e-13
-3.8495194e-13
-1.2151838e-12
-4.2981771e-13
-1.5800422e-12
-3.8529978e-13
-1.8585357e-12
-3.0325858e-13
-2.0577026e-12
-2.1839774e-13
-2.1927724e-12
-1.4684207e-13
-2.2800376e-12
-9.2944378e-14
-5.5374841e-14
-1.1979593e-13
-5.0013569e-14
-5.0234447e-14
-3.9925435e-13
-1.0549358e-13
-7.0361807e-13
-1.2545405e-13
-9.7436776e-13
-1.1455002e-13
-1.1874277e-12
-9.0198663e-14
-1.3414934e-12
-6.433203e-14
-1.4458115e-12
-4.2523988e-14
-1.5124829e-12
-2.6273019e-14
-1.5137196e-14
5.8867602e-15
-5.5900367e-14
-9.960682e-14
-2.2506086e-13
-3.3961093e-13
-4.2980955e-13
-4.9414158e-13
-5.3666561e-13
-5.6293859e-13
1.1111738e-13
1.0613482e-13
5.5900392e-14
-4.3722447e-13
-1.2574236e-12
-3.5803997e-13
-2.871675e-12
-9.4611571e-14
-3.6490816e-12
1.5127325e-13
-3.8034532e-12
3.0168702e-13
-3.591796e-12
3.4890169e-13
-3.2171555e-12
3.1502426e-13
-2.8131912e-12
2.2966047e-13
-2.459382e-12
1.1921852e-13
-2.2012181e-12
-2.0659771e-12
1.4563616e-13
-1.4030597e-12
4.9923086e-13
-3.2252697e-12
8.5184272e-13
-4.0016935e-12
1.0500744e-12
-4.0016848e-12
1.0722827e-12
-3.6140043e-12
9.5897094e-13
-3.1038437e-12
7.6129313e-13
-2.6155133e-12
5.2038171e-13
-2.2184706e-12
2.625125e-13
-1.9433489e-12
-1.8034645e-12
5.9973876e-13
-2.0027985e-12
1.3905192e-12
-4.0160501e-12
1.8865325e-12
-4.4977067e-12
2.0054678e-12
-4.1206201e-12
1.8499349e-12
-3.4584715e-12
1.5409212e-12
-2.79483e-12
1.1653243e-12
-2.2399164e-12
7.7243022e-13
-1.8255766e-12
3.8314531e-13
-1.554064e-12
-1.4203191e-12
1.3894577e-12
-3.3922561e-12
2.6810481e-12
-5.3076406e-12
3.1448635e-12
-4.9615221e-12
2.9995925e-12
-3.975349e-12
2.5528052e-12
-3.0116842e-12
2.0037072e-12
-2.245732e-12
1.4521725e-12
-1.6883818e-12
9.3558205e-13
-1.308986e-12
4.5657147e-13
-1.0750534e-12
-9.6374763e-13
3.8704776e-12
-7.2627338e-12
4.9974094e-12
-6.4345722e-12
4.6812826e-12
-4.6453953e-12
3.8751056e-12
-3.169172e-12
2.9950641e-12
-2.1316426e-12
2.1967755e-12
-1.4474435e-12
1.5184921e-12
-1.0100984e-12
9.4814967e-13
-7.386435e-13
4.5450238e-13
-5.8140612e-13
-5.0924529e-13
1.2069428e-11
-3.8844468e-12
-1.5447715e-11
8.7054328e-12
-3.0705771e-12
6.1124251e-12
-2.0523876e-12
4.2392826e-12
-1.2960294e-12
2.9136406e-12
-8.0600063e-13
1.9728414e-12
-5.0664417e-13
1.2916211e-12
-3.2887809e-13
7.7852379e-13
-2.2554624e-13
3.6580852e-13
-1.6869086e-13
-1.4343679e-13
8.5981908e-12
-1.2482638e-11
5.5276137e-12
3.4752261e-12
2.1791968e-12
1.3731962e-12
8.6655199e-13
5.376739e-13
3.121277e-13
1.4343681e-13
1.3696582e-11
-6.7432513e-13
-1.3022257e-11
1.3875975e-11
-1.793923e-13
1.393122e-11
-5.5245386e-14
1.395191e-11
-2.0690375e-14
1.3959996e-11
-8.0854476e-15
1.3963133e-11
-3.1371892e-15
1.3964366e-11
-1.2330964e-15
1.3964861e-11
-4.9455846e-16
1.3965064e-11
-2.036179e-16
1.3965162e-11
-9.7687768e-17
1.3965247e-11
-8.4885549e-17
1.3965402e-11
-1.5508537e-16
1.3965768e-11
-3.6646057e-16
1.3966666e-11
-8.9729608e-16
1.3969046e-11
-2.3804785e-15
1.3976134e-11
-7.0880107e-15
1.3996408e-11
-2.0273748e-14
1.4048408e-11
-5.1999808e-14
1.423799e-11
-1.895821e-13
-1.2097251e-12
1.423377e-11
-1.4908095e-11
1.4054378e-11
1.3999133e-11
1.3978442e-11
1.3970357e-11
1.396722e-11
1.3965986e-11
1.3965492e-11
1.3965288e-11
1.3965191e-11
1.3965106e-11
1.3964951e-11
1.3964584e-11
1.3963687e-11
1.3961306e-11
1.3954218e-11
1.3933945e-11
1.3881945e-11
1.3692363e-11
1.0142416e-11
-5.4920037e-13
-9.5932161e-12
1.0475033e-11
-3.3261596e-13
1.072053e-11
-2.4549798e-13
1.095573e-11
-2.3519969e-13
1.1198405e-11
-2.4267465e-13
1.1464759e-11
-2.6635421e-13
1.1779449e-11
-3.1468986e-13
1.2196681e-11
-4.1723232e-13
-8.255761e-13
1.1439641e-11
-9.9408358e-12
-2.0480052e-12
1.2569782e-11
-1.4627575e-12
1.3356795e-11
-1.0325107e-12
1.3945858e-11
-8.2426293e-13
1.440182e-11
-6.9863654e-13
1.4762751e-11
-6.2728474e-13
1.5033862e-11
-5.8580092e-13
1.5180016e-11
-5.6338637e-13
-5.5365562e-13
-4.3743927e-12
-9.096405e-12
1.0648644e-17
-2.047987e-12
-2.879354e-17
6.9212006e-18
-1.4627538e-12
7.4564488e-18
-1.0325112e-12
7.5467554e-18
-8.2426301e-13
7.6524914e-18
-6.9863668e-13
7.7799435e-18
-6.2728488e-13
8.1332899e-18
-5.8580128e-13
8.1925532e-18
-5.6338643e-13
-5.5364743e-13
1.0511116e-12
-1.1000701e-12
-1.9990285e-12
5.2443256e-13
-9.3607482e-13
2.8494233e-13
-7.9302098e-13
1.578991e-13
-6.9721978e-13
9.0234995e-14
-6.3097258e-13
5.1344739e-14
-5.8839462e-13
2.7740887e-14
-5.6219742e-13
1.2082342e-14
-5.4772789e-13
-5.4156508e-13
1.157542e-12
-2.1003174e-12
-1.572947e-13
6.1703501e-13
-3.9556788e-13
3.5498163e-13
-5.309676e-13
2.0755258e-13
-5.4979072e-13
1.2343686e-13
-5.4685687e-13
7.2151208e-14
-5.3710897e-13
3.947417e-14
-5.2952039e-13
1.720777e-14
-5.2546149e-13
-5.2435731e-13
-4.2255316e-12
-1.3536589e-12
1.4169259e-12
6.0653083e-13
-4.0781768e-14
-7.2304376e-13
4.5726048e-13
-2.4629753e-13
3.1407173e-13
-3.8777885e-13
2.081578e-13
-4.4387679e-13
1.3309992e-13
-4.7179899e-13
8.0934582e-14
-4.8494363e-13
4.4741017e-14
-4.9332682e-13
1.9285446e-14
-5.0000592e-13
-5.0507187e-13
4.0478613e-13
-2.8205101e-14
-4.173628e-13
3.3978778e-13
-1.8129918e-13
2.5369305e-13
-3.0168412e-13
1.7852186e-13
-3.687056e-13
1.1801412e-13
-4.1129124e-13
7.1931667e-14
-4.3886118e-13
3.8266771e-14
-4.5966192e-13
1.5131886e-14
-4.7687103e-13
-4.8993998e-13
2.3900628e-13
-6.727105e-14
-1.9994033e-13
2.2692245e-13
-1.6921535e-13
1.8405999e-13
-2.5882165e-13
1.3572514e-13
-3.2037076e-13
9.0231141e-14
-3.6579724e-13
5.1975941e-14
-4.0060598e-13
2.2983805e-14
-4.3066979e-13
5.3608051e-15
-4.5924803e-13
-4.8457918e-13
1.4772153e-13
-1.0411009e-13
-1.1088248e-13
1.4920841e-13
-1.7070223e-13
1.2570723e-13
-2.3532048e-13
9.2386158e-14
-2.8704968e-13
5.6409715e-14
-3.298208e-13
2.2889049e-14
-3.6708532e-13
-3.9859138e-15
-4.0379483e-13
-1.5281064e-14
-4.4795288e-13
-4.9986024e-13
8.7675379e-14
-6.0293673e-14
-1.314918e-13
9.1922752e-14
-1.7494961e-13
7.7399767e-14
-2.2079749e-13
5.2259551e-14
-2.6190946e-13
2.1568073e-14
-2.9912932e-13
-1.0072484e-14
-3.3544476e-13
-3.7223401e-14
-3.7664391e-13
-4.2468354e-14
-4.4270793e-13
-5.4232859e-13
6.9388216e-13
2.7651936e-13
7.6579034e-14
-3.4303449e-14
-9.4597123e-14
-6.9810998e-14
-6.184896e-15
7.5995894e-14
-6.3289433e-14
-6.521565e-15
-5.6415531e-14
-6.8739022e-15
-4.9186597e-14
-7.2289333e-15
-4.1613994e-14
-7.5726038e-15
-3.3723828e-14
-7.8901662e-15
-2.5556979e-14
-8.1668487e-15
-1.7168195e-14
-8.3887834e-15
-8.6240898e-15
-8.5441057e-15
-8.6240898e-15
-7.0117784e-14
-1.2344813e-14
7.6277701e-14
-6.3610318e-14
-1.3029031e-14
-5.6738596e-14
-1.3745624e-14
-4.9499006e-14
-1.4468523e-14
-4.1902351e-14
-1.5169258e-14
-3.397479e-14
-1.5817728e-14
-2.5758081e-14
-1.6383558e-14
-1.7308823e-14
-1.6838041e-14
-8.6964664e-15
-1.7156462e-14
-1.7320556e-14
-7.0741352e-14
-1.8453949e-14
7.6850488e-14
-6.4262986e-14
-1.9507398e-14
-5.7396409e-14
-2.0612201e-14
-5.0135959e-14
-2.1728973e-14
-4.2491103e-14
-2.2814114e-14
-3.4487908e-14
-2.3820922e-14
-2.6169777e-14
-2.470169e-14
-1.7597011e-14
-2.5410806e-14
-8.844888e-15
-2.5908586e-14
-2.6165444e-14
-7.1701715e-14
-2.4484715e-14
7.7732481e-14
-6.5269405e-14
-2.5939708e-14
-5.8412675e-14
-2.7468931e-14
-5.112223e-14
-2.9019418e-14
-4.3404964e-14
-3.053138e-14
-3.5286298e-14
-3.1939588e-14
-2.6811766e-14
-3.3176222e-14
-1.8047204e-14
-3.4175369e-14
-9.0770182e-15
-3.4878771e-14
-3.5242462e-14
-7.3028983e-14
7.895068e-14
-3.0406412e-14
-6.6663116e-14
-3.2305574e-14
-5.9824076e-14
-3.4307972e-14
-5.2496645e-14
-3.6346849e-14
-4.4683126e-14
-3.8344899e-14
-3.6407002e-14
-4.0215712e-14
-2.7715912e-14
-4.1867312e-14
-1.868294e-14
-4.3208341e-14
-9.4054121e-15
-4.4156299e-14
-4.4647875e-14
-3.2526394e-13
-9.8612906e-14
4.2387685e-13
-2.6210772e-13
-6.3156224e-14
-2.2433291e-13
-3.7774812e-14
-1.9844192e-13
-2.5890987e-14
-1.7987411e-13
-1.8567804e-14
-1.6574217e-13
-1.4131948e-14
-1.5453497e-13
-1.1207194e-14
-1.4531351e-13
-9.2214662e-15
-1.3748219e-13
-7.8313176e-15
-1.3063553e-13
-6.8466535e-15
-1.2448506e-13
-6.1504757e-15
-1.1881595e-13
-5.669105e-15
-1.1346207e-13
-5.3538872e-15
-1.0829045e-13
-5.1716186e-15
-1.0319166e-13
-5.0987875e-15
-9.8073599e-14
-5.118062e-15
-9.28576e-14
-5.2159987e-15
-8.7476124e-14
-5.3814758e-15
-8.1871562e-14
-5.6045622e-15
-5.8756679e-15
-2.6432767e-13
-1.3247781e-13
2.9819258e-13
-2.3477007e-13
-9.2713831e-14
-2.101601e-13
-6.2384774e-14
-1.9069489e-13
-4.5356201e-14
-1.752508e-13
-3.401189e-14
-1.6281104e-13
-2.657171e-14
-1.5257942e-13
-2.1438818e-14
-1.4396485e-13
-1.783604e-14
-1.3653515e-13
-1.5261014e-14
-1.2996968e-13
-1.3412125e-14
-1.2402578e-13
-1.2094374e-14
-1.1851494e-13
-1.1179941e-14
-1.1328674e-13
-1.0582085e-14
-1.0821797e-13
-1.0240393e-14
-1.0320531e-13
-1.0111452e-14
-9.8160476e-14
-1.0162891e-14
-9.3007105e-14
-1.036937e-14
-8.7678842e-14
-1.0709739e-14
-8.2118456e-14
-1.1164948e-14
-1.1716423e-14
-2.1736117e-13
-1.3650244e-13
2.213858e-13
-2.0670594e-13
-1.0336905e-13
-1.9272792e-13
-7.6362799e-14
-1.7959134e-13
-5.8492777e-14
-1.6791845e-13
-4.568478e-14
-1.5782274e-13
-3.6667422e-14
-1.4909821e-13
-3.016335e-14
-1.4149383e-13
-2.5440419e-14
-1.3476874e-13
-2.1986108e-14
-1.2871451e-13
-1.9466353e-14
-1.2315563e-13
-1.7653249e-14
-1.17945e-13
-1.6390576e-14
-1.129583e-13
-1.5568785e-14
-1.0808909e-13
-1.5109601e-14
-1.0324488e-13
-1.4955659e-14
-9.8344263e-14
-1.5063511e-14
-9.331496e-14
-1.5398673e-14
-8.8092711e-14
-1.5931988e-14
-8.2620844e-14
-1.6636815e-14
-1.7486779e-14
-1.8431623e-13
-1.3148964e-13
1.7930342e-13
-1.8214216e-13
-1.0554312e-13
-1.7535501e-13
-8.3149945e-14
-1.6734518e-13
-6.6502608e-14
-1.592323e-13
-5.3797658e-14
-1.5159341e-13
-4.4306312e-14
-1.4458479e-13
-3.7171971e-14
-1.3820424e-13
-3.182097e-14
-1.3237462e-13
-2.7815727e-14
-1.2699435e-13
-2.484663e-14
-1.219576e-13
-2.2689996e-14
-1.1716317e-13
-2.1185003e-14
-1.1251725e-13
-2.021471e-14
-1.0793373e-13
-1.9693122e-14
-1.033336e-13
-1.9555783e-14
-9.864415e-14
-1.9752963e-14
-9.3798275e-14
-2.0244549e-14
-8.8734213e-14
-2.099605e-14
-8.3395675e-14
-2.1975352e-14
-2.3149973e-14
-1.5987674e-13
1.5189709e-13
-1.2350999e-13
-1.6191317e-13
-1.0350669e-13
-1.5966072e-13
-8.5402388e-14
-1.5541243e-13
-7.07509e-14
-1.5024881e-13
-5.8961276e-14
-1.4484586e-13
-4.9709269e-14
-1.3952233e-13
-4.2495497e-14
-1.3441871e-13
-3.6924587e-14
-1.295701e-13
-3.2664338e-14
-1.2495763e-13
-2.9459108e-14
-1.2053486e-13
-2.7112761e-14
-1.1624268e-13
-2.5477179e-14
-1.1201688e-13
-2.444051e-14
-1.07792e-13
-2.3918011e-14
-1.0350311e-13
-2.3844667e-14
-9.9086715e-14
-2.4169359e-14
-9.4481128e-14
-2.4850136e-14
-8.9626937e-14
-2.5850241e-14
-8.4467641e-14
-2.7134648e-14
-2.8666934e-14
4.9768329e-14
-1.4826214e-13
-3.2997989e-14
5.1517226e-14
-1.766985e-13
3.9306158e-14
-2.0858643e-13
1.6405244e-14
-2.3900855e-13
-1.5853952e-14
-2.6687012e-13
-5.9420043e-14
-2.9187867e-13
-1.213028e-13
-3.1476115e-13
-2.3098409e-13
-3.3302665e-13
-3.4943584e-13
2.4976519e-14
-1.5653127e-13
-1.6707384e-14
2.3454738e-14
-1.7517672e-13
1.1839841e-14
-1.9697153e-13
-8.7077429e-15
-2.1846096e-13
-3.7685921e-14
-2.3789195e-13
-7.5945057e-14
-2.5361953e-13
-1.2643986e-13
-2.6426634e-13
-1.9706359e-13
-2.6240292e-13
-2.4830685e-13
8.7863061e-15
-1.5854686e-13
-6.7707212e-15
4.3123888e-15
-1.7070281e-13
-7.413537e-15
-1.852456e-13
-2.6178317e-14
-1.9969619e-13
-5.1826754e-14
-2.1224351e-13
-8.447399e-14
-2.2097229e-13
-1.2468271e-13
-2.2405763e-13
-1.7079933e-13
-2.1628629e-13
-1.9772038e-13
-1.7516235e-15
-1.5625088e-13
-5.4435912e-16
-8.3875783e-15
-1.6406685e-13
-2.0143223e-14
-1.7348996e-13
-3.7103258e-14
-1.8273615e-13
-5.9112409e-14
-1.9023436e-13
-8.5785623e-14
-1.9429908e-13
-1.1651004e-13
-1.9333321e-13
-1.4859243e-13
-1.842039e-13
-1.6700938e-13
-8.5092264e-15
3.3660367e-15
-1.5110769e-13
-1.6571372e-14
-1.5600471e-13
-2.8197739e-14
-1.6186359e-13
-4.3528372e-14
-1.6740552e-13
-6.237713e-14
-1.713856e-13
-8.418246e-14
-1.7249375e-13
-1.0797737e-13
-1.695383e-13
-1.3136896e-13
-1.6081231e-13
-1.4648126e-13
-1.2759511e-13
-1.443025e-13
-1.5107322e-13
-1.5161758e-13
-1.4825154e-13
-8.0168256e-14
-3.6590735e-14
8.6352578e-14
-7.3449887e-14
-3.9023943e-14
-6.6156248e-14
-4.1601611e-14
-5.8260811e-14
-4.4242286e-14
-4.9757431e-14
-4.6848278e-14
-4.06664e-14
-4.9306743e-14
-3.1040061e-14
-5.1493652e-14
-2.0966297e-14
-5.3282104e-14
-1.0568624e-14
-5.4553972e-14
-5.5216499e-14
-8.2717499e-14
-4.2556616e-14
8.868338e-14
-7.6146575e-14
-4.5594866e-14
-6.8913899e-14
-4.8834288e-14
-6.0976577e-14
-5.2179608e-14
-5.2313506e-14
-5.5511349e-14
-4.2934588e-14
-5.8685661e-14
-3.2890365e-14
-6.1537875e-14
-2.2279314e-14
-6.3893155e-14
-1.1251217e-14
-6.5582069e-14
-6.6467716e-14
-8.5904469e-14
-4.823772e-14
9.1585573e-14
-7.9538728e-14
-5.1960608e-14
-7.2409555e-14
-5.596346e-14
-6.4449439e-14
-6.0139724e-14
-5.5612938e-14
-6.4347851e-14
-4.5890234e-14
-6.8408365e-14
-3.5323116e-14
-7.2104992e-14
-2.4018781e-14
-7.519749e-14
-1.2160535e-14
-7.7440315e-14
-7.8628251e-14
-8.9813889e-14
-5.3548824e-14
9.5124994e-14
-8.3733839e-14
-5.8040658e-14
-7.6775695e-14
-6.2921603e-14
-6.8836052e-14
-6.8079367e-14
-5.9831116e-14
-7.3352787e-14
-4.9715828e-14
-7.8523654e-14
-3.8509618e-14
-8.3311203e-14
-2.6320884e-14
-8.7386223e-14
-1.3373649e-14
-9.0387551e-14
-9.2001899e-14
-9.4537458e-14
-5.8379661e-14
9.9368295e-14
-8.8855208e-14
-6.3722908e-14
-8.2172358e-14
-6.9604454e-14
-7.4334859e-14
-7.5916865e-14
-6.5200333e-14
-8.2487312e-14
-5.4663405e-14
-8.9060582e-14
-4.2695998e-14
-9.5278609e-14
-2.9388189e-14
-1.0069403e-13
-1.5009023e-14
-1.0476672e-13
-1.0701092e-13
-1.0016594e-13
-6.2588304e-14
1.0437458e-13
-9.5035916e-14
-6.8852928e-14
-8.8785195e-14
-7.5855176e-14
-8.1191127e-14
-8.3510933e-14
-7.2024881e-14
-9.1653559e-14
-6.1081553e-14
-1.0000391e-13
-4.8240878e-14
-1.0811928e-13
-3.3529931e-14
-1.1540498e-13
-1.7256619e-14
-1.2104003e-13
-1.2426754e-13
-1.0677934e-13
1.1018667e-13
-6.5995635e-14
-1.0240939e-13
-7.3222885e-14
-9.6819174e-14
-8.1445387e-14
-8.9698099e-14
-9.0632008e-14
-8.0695238e-14
-1.0065642e-13
-6.9447631e-14
-1.1125152e-13
-5.5666997e-14
-1.2189992e-13
-3.9222856e-14
-1.3184912e-13
-2.0428392e-14
-1.3983449e-13
-1.4469593e-13
-1.5104878e-13
-1.1445107e-13
1.4198986e-13
-1.5538342e-13
-9.9172053e-14
-1.5599075e-13
-8.4795057e-14
-1.5434937e-13
-7.2392279e-14
-1.5136435e-13
-6.19463e-14
-1.4768027e-13
-5.3393348e-14
-1.4367747e-13
-4.6498293e-14
-1.3957415e-13
-4.1027907e-14
-1.3547856e-13
-3.6759931e-14
-1.3143154e-13
-3.3506121e-14
-1.2743245e-13
-3.1111858e-14
-1.2345571e-13
-2.945392e-14
-1.1946084e-13
-2.8435371e-14
-1.1539842e-13
-2.7980435e-14
-1.1121349e-13
-2.8029597e-14
-1.0684765e-13
-2.8535203e-14
-1.022403e-13
-2.9457479e-14
-9.7329701e-14
-3.0760842e-14
-9.2053978e-14
-3.2410371e-14
-3.4368334e-14
-1.3521425e-13
-1.0574418e-13
1.2650736e-13
-1.4051172e-13
-9.3874582e-14
-1.4291931e-13
-8.2387472e-14
-1.4328381e-13
-7.2027773e-14
-1.4224356e-13
-6.2986549e-14
-1.4030415e-13
-5.5332762e-14
-1.3781048e-13
-4.8991964e-14
-1.3498955e-13
-4.3848832e-14
-1.3197855e-13
-3.9770933e-14
-1.2885211e-13
-3.6632559e-14
-1.2564165e-13
-3.4322323e-14
-1.223492e-13
-3.2746373e-14
-1.1895669e-13
-3.1827881e-14
-1.1543202e-13
-3.1505098e-14
-1.1173295e-13
-3.1728666e-14
-1.0780951e-13
-3.2458645e-14
-1.0360561e-13
-3.3661383e-14
-9.9060216e-14
-3.5306236e-14
-9.4108518e-14
-3.736207e-14
-3.9793471e-14
-1.2293472e-13
-9.7593517e-14
1.1478405e-13
-1.2860576e-13
-8.8203536e-14
-1.3205239e-13
-7.8940844e-14
-1.3375075e-13
-7.0329417e-14
-1.3412872e-13
-6.2608573e-14
-1.3355869e-13
-5.5902794e-14
-1.3232424e-13
-5.022641e-14
-1.3063108e-13
-4.5541992e-14
-1.2861845e-13
-4.1783564e-14
-1.2637403e-13
-3.8876982e-14
-1.2394636e-13
-3.6749989e-14
-1.2135485e-13
-3.5337891e-14
-1.1859703e-13
-3.4585696e-14
-1.1565379e-13
-3.4448343e-14
-1.1249274e-13
-3.488971e-14
-1.0907052e-13
-3.5880868e-14
-1.0533413e-13
-3.7397774e-14
-1.0122192e-13
-3.9418444e-14
-9.6664437e-14
-4.1919552e-14
-4.4872336e-14
-1.1320639e-13
-8.9973498e-14
1.0558637e-13
-1.1898494e-13
-8.2424992e-14
-1.2303815e-13
-7.4887637e-14
-1.2563176e-13
-6.7735802e-14
-1.2704505e-13
-6.119528e-14
-1.2754305e-13
-5.5404801e-14
-1.2734664e-13
-5.0422811e-14
-1.2662909e-13
-4.6259549e-14
-1.2551771e-13
-4.2894943e-14
-1.2410037e-13
-4.0294317e-14
-1.2243232e-13
-3.8418047e-14
-1.2054242e-13
-3.7227791e-14
-1.1843825e-13
-3.6689865e-14
-1.1610982e-13
-3.6776769e-14
-1.1353215e-13
-3.7467379e-14
-1.1066683e-13
-3.8746194e-14
-1.0746281e-13
-4.0601785e-14
-1.038568e-13
-4.3024462e-14
-9.977329e-14
-4.6003058e-14
-4.9520632e-14
-1.0536732e-13
-8.279827e-14
9.8192094e-14
-1.1114046e-13
-7.6651856e-14
-1.1555707e-13
-7.0471025e-14
-1.1876478e-13
-6.4528087e-14
-1.2094348e-13
-5.901658e-14
-1.2227846e-13
-5.4069821e-14
-1.2293667e-13
-4.9764601e-14
-1.2305809e-13
-4.6138133e-14
-1.2275269e-13
-4.3200341e-14
-1.221018e-13
-4.0945208e-14
-1.2116097e-13
-3.9358879e-14
-1.1996329e-13
-3.8425469e-14
-1.1852237e-13
-3.8130789e-14
-1.1683459e-13
-3.846455e-14
-1.148806e-13
-3.9421367e-14
-1.1262599e-13
-4.1000799e-14
-1.1002125e-13
-4.3206529e-14
-1.0700108e-13
-4.6044631e-14
-1.0348341e-13
-4.9520733e-14
-5.3635744e-14
-9.8969116e-14
-7.5976469e-14
9.2147316e-14
-1.0469643e-13
-7.0924544e-14
-1.0934053e-13
-6.5826927e-14
-1.1298305e-13
-6.0885561e-14
-1.1573949e-13
-5.6260147e-14
-1.177386e-13
-5.2070706e-14
-1.1910475e-13
-4.8398447e-14
-1.1994861e-13
-4.5294275e-14
-1.2036229e-13
-4.2786668e-14
-1.2041797e-13
-4.0889525e-14
-1.2016832e-13
-3.9608527e-14
-1.1964766e-13
-3.8946126e-14
-1.1887327e-13
-3.8905181e-14
-1.1784635e-13
-3.9491472e-14
-1.1655245e-13
-4.071527e-14
-1.1496116e-13
-4.2592081e-14
-1.1302509e-13
-4.5142605e-14
-1.1067792e-13
-4.8391802e-14
-1.0783187e-13
-5.2366777e-14
-5.7093037e-14
-9.370072e-14
8.7152219e-14
-6.9427968e-14
-9.9375152e-14
-6.5250111e-14
-1.041713e-13
-6.1030781e-14
-1.0813412e-13
-5.6922743e-14
-1.113382e-13
-5.305606e-14
-1.1387345e-13
-4.9535455e-14
-1.1583236e-13
-4.6439537e-14
-1.1730186e-13
-4.3824782e-14
-1.1835819e-13
-4.1730339e-14
-1.1906437e-13
-4.0183341e-14
-1.1946918e-13
-3.9203721e-14
-1.1960695e-13
-3.8808357e-14
-1.1949769e-13
-3.901444e-14
-1.1914704e-13
-3.984212e-14
-1.1854578e-13
-4.1316526e-14
-1.1766866e-13
-4.3469201e-14
-1.1647231e-13
-4.6338963e-14
-1.1489204e-13
-4.9972064e-14
-1.1283747e-13
-5.442135e-14
-5.9743833e-14
-1.3772915e-14
-1.4361982e-13
6.2850465e-15
-2.3326786e-14
-1.4645083e-13
-3.5452363e-14
-1.4973802e-13
-5.026336e-14
-1.5259452e-13
-6.7540112e-14
-1.5410885e-13
-8.6682777e-14
-1.5335109e-13
-1.0670115e-13
-1.4951992e-13
-1.2575623e-13
-1.4175723e-13
-1.3024763e-13
-1.6516423e-14
-1.3498134e-13
7.8779418e-15
-2.6493124e-14
-1.3647413e-13
-3.8146992e-14
-1.3808415e-13
-5.1537547e-14
-1.3920396e-13
-6.6452842e-14
-1.3919355e-13
-8.2381979e-14
-1.3742195e-13
-9.8525369e-14
-1.3337654e-13
-1.1364283e-13
-1.2663977e-13
-1.173831e-13
-1.7929577e-14
-1.2577689e-13
8.7251258e-15
-2.7986212e-14
-1.264175e-13
-3.9107324e-14
-1.2696304e-13
-5.1308355e-14
-1.2700293e-13
-6.4400745e-14
-1.2610116e-13
-7.7980266e-14
-1.2384243e-13
-9.1447279e-14
-1.1990952e-13
-1.0398042e-13
-1.1410663e-13
-1.0657948e-13
-1.8495955e-14
-1.1638033e-13
9.0993982e-15
-2.8421018e-14
-1.1649243e-13
-3.89975e-14
-1.1638655e-13
-5.0211442e-14
-1.1578899e-13
-6.1902823e-14
-1.1440978e-13
-7.3763066e-14
-1.1198218e-13
-8.5356849e-14
-1.0831574e-13
-9.6137881e-14
-1.0332559e-13
-9.7130983e-14
-1.8540898e-14
-1.0702079e-13
9.1813575e-15
-2.8214576e-14
-1.0681876e-13
-3.8265103e-14
-1.0633603e-13
-4.8661233e-14
-1.0539286e-13
-5.9270375e-14
-1.0380064e-13
-6.9860422e-14
-1.0139214e-13
-8.0118975e-14
-9.8057186e-14
-8.967797e-14
-9.3766598e-14
-8.8616859e-14
-1.8278816e-14
-9.7831083e-14
9.0891096e-15
-2.7642065e-14
-9.7455507e-14
-3.7202483e-14
-9.6775609e-14
-4.6919961e-14
-9.5675383e-14
-5.6685608e-14
-9.4034994e-14
-6.6325065e-14
-9.175268e-14
-7.5613816e-14
-8.8768435e-14
-8.4299368e-14
-8.5081046e-14
-8.0768911e-14
-1.7850108e-14
8.8998425e-15
-8.8880817e-14
-2.6882964e-14
-8.8422651e-14
-3.5997551e-14
-8.7661022e-14
-4.5150257e-14
-8.6522677e-14
-5.4251571e-14
-8.4933681e-14
-6.3169514e-14
-8.2834738e-14
-7.1741147e-14
-8.0196802e-14
-7.9789658e-14
-7.7032534e-14
-7.3406351e-14
-1.4196649e-13
-1.3408855e-13
-1.2536343e-13
-1.1626403e-13
-1.0708267e-13
-9.799356e-14
-8.9093718e-14
-1.0885384e-13
-6.8291823e-14
1.1115002e-13
-1.056512e-13
-7.6425521e-14
-1.012411e-13
-8.5855484e-14
-9.5231452e-14
-9.664166e-14
-8.7137559e-14
-1.0875031e-13
-7.6390581e-14
-1.2199849e-13
-6.2445214e-14
-1.3584529e-13
-4.4848302e-14
-1.4944603e-13
-2.3807959e-14
-1.6087483e-13
-1.6850389e-13
-1.1669243e-13
-6.9439658e-14
1.1784027e-13
-1.1472076e-13
-7.8397195e-14
-1.1158105e-13
-8.8995191e-14
-1.0678658e-13
-1.0143613e-13
-9.967891e-14
-1.1585798e-13
-8.9385091e-14
-1.3229231e-13
-7.4939138e-14
-1.5029124e-13
-5.5242047e-14
-1.6914312e-13
-3.0203712e-14
-1.8591317e-13
-1.9870761e-13
-1.2535638e-13
-6.9199685e-14
1.2511641e-13
-1.2495766e-13
-7.8795916e-14
-1.2356546e-13
-9.038739e-14
-1.2062743e-13
-1.0437416e-13
-1.1531884e-13
-1.2116657e-13
-1.0639117e-13
-1.4121999e-13
-9.2271675e-14
-1.6441073e-13
-7.0625822e-14
-1.9078898e-13
-4.0607054e-14
-2.1593194e-13
-2.3931466e-13
-1.3467488e-13
-6.7340898e-14
1.3281609e-13
-1.3620859e-13
-7.7262202e-14
-1.3711233e-13
-8.948365e-14
-1.3684236e-13
-1.0464413e-13
-1.3447908e-13
-1.2352985e-13
-1.2838459e-13
-1.4731448e-13
-1.1620931e-13
-1.7658601e-13
-9.3460082e-14
-2.1353821e-13
-5.772926e-14
-2.5166276e-13
-2.9704392e-13
-1.4435617e-13
-6.3678278e-14
1.4069355e-13
-1.4815481e-13
-7.3463564e-14
-1.5194004e-13
-8.5698423e-14
-1.5534999e-13
-1.0123417e-13
-1.5763199e-13
-1.2124785e-13
-1.5707095e-13
-1.4787553e-13
-1.5079969e-13
-1.8285727e-13
-1.3103708e-13
-2.3330082e-13
-9.2480556e-14
-2.9021928e-13
-3.8952448e-13
-1.5393738e-13
-5.8147661e-14
1.4840677e-13
-1.6017067e-13
-6.7230282e-14
-1.6721504e-13
-7.8654053e-14
-1.7507981e-13
-9.33694e-14
-1.8349829e-13
-1.1282937e-13
-1.9113674e-13
-1.4023708e-13
-1.9511172e-13
-1.7888229e-13
-1.8345385e-13
-2.4495869e-13
-1.4669727e-13
-3.2697586e-13
-5.3622174e-13
-1.6286854e-13
-5.084237e-14
1.5556325e-13
-1.7149904e-13
-5.8599779e-14
-1.8196697e-13
-6.8186118e-14
-1.9506855e-13
-8.0267824e-14
-2.1202325e-13
-9.5874669e-14
-2.3463909e-13
-1.1762123e-13
-2.6509652e-13
-1.4842486e-13
-2.9857673e-13
-2.1147848e-13
-3.2864888e-13
-2.9690371e-13
-8.6487063e-13
-1.7046253e-13
1.6174142e-13
-4.2121255e-14
-1.8093274e-13
-4.8129576e-14
-1.939134e-13
-5.5205454e-14
-2.1067184e-13
-6.3509384e-14
-2.332812e-13
-7.3265309e-14
-2.6517689e-13
-8.5725546e-14
-3.1093745e-13
-1.026643e-13
-3.6738636e-13
-1.5502957e-13
-4.2777823e-13
-2.3651184e-13
-1.2926489e-12
-8.5214779e-14
-6.3382172e-14
7.9168983e-14
-9.0578809e-14
-5.9886081e-14
-9.5251474e-14
-5.6358116e-14
-9.9256766e-14
-5.2917451e-14
-1.0264194e-13
-4.9670886e-14
-1.0546829e-13
-4.6709106e-14
-1.0780258e-13
-4.4105244e-14
-1.0971077e-13
-4.1916597e-14
-1.1125356e-13
-4.0187543e-14
-1.1248373e-13
-3.8953176e-14
-1.1344448e-13
-3.8242972e-14
-1.141686e-13
-3.808423e-14
-1.1467788e-13
-3.8505166e-14
-1.1498237e-13
-3.9537628e-14
-1.1507941e-13
-4.1219491e-14
-1.1495183e-13
-4.3596779e-14
-1.1456526e-13
-4.6725527e-14
-1.1386401e-13
-5.067332e-14
-1.1276509e-13
-5.5520266e-14
-6.13589e-14
-8.1894056e-14
-5.7479981e-14
7.5991865e-14
-8.7227123e-14
-5.4553014e-14
-9.1980204e-14
-5.1605034e-14
-9.6167134e-14
-4.8730521e-14
-9.9820563e-14
-4.6017457e-14
-1.0298582e-13
-4.3543848e-14
-1.057149e-13
-4.1376164e-14
-1.0806158e-13
-3.9569919e-14
-1.1007769e-13
-3.8171427e-14
-1.1181056e-13
-3.7220316e-14
-1.1330119e-13
-3.6752339e-14
-1.1458315e-13
-3.6802264e-14
-1.1568161e-13
-3.7406709e-14
-1.1661233e-13
-3.8606909e-14
-1.1738037e-13
-4.0451452e-14
-1.1797806e-13
-4.2999084e-14
-1.1838192e-13
-4.6321667e-14
-1.1854787e-13
-5.0507375e-14
-1.1840406e-13
-5.5664072e-14
-6.1922698e-14
-7.9112082e-14
-5.1685539e-14
7.331764e-14
-8.4425248e-14
-4.9239849e-14
-8.9247081e-14
-4.6783201e-14
-9.3586105e-14
-4.4391497e-14
-9.7466036e-14
-4.2137526e-14
-1.0092175e-13
-4.0088132e-14
-1.0399512e-13
-3.8302798e-14
-1.0673132e-13
-3.6833718e-14
-1.0917588e-13
-3.5726863e-14
-1.1137243e-13
-3.5023765e-14
-1.1336105e-13
-3.4763726e-14
-1.1517704e-13
-3.4986268e-14
-1.1685001e-13
-3.5733746e-14
-1.1840279e-13
-3.7054122e-14
-1.1985026e-13
-3.9003982e-14
-1.2119741e-13
-4.1651938e-14
-1.2243643e-13
-4.5082642e-14
-1.235421e-13
-4.9401706e-14
-1.2446433e-13
-5.4741839e-14
-6.1270626e-14
-7.6786277e-14
-4.5970787e-14
7.1071526e-14
-8.2089492e-14
-4.3936635e-14
-8.6972857e-14
-4.1899836e-14
-9.1442417e-14
-3.9921937e-14
-9.551663e-14
-3.8063314e-14
-9.9223746e-14
-3.6381016e-14
-1.0259895e-13
-3.4927597e-14
-1.0568167e-13
-3.3750993e-14
-1.0851333e-13
-3.2895203e-14
-1.1113549e-13
-3.2401606e-14
-1.135885e-13
-3.2310721e-14
-1.1591045e-13
-3.2664314e-14
-1.1813641e-13
-3.3507789e-14
-1.2029763e-13
-3.4892896e-14
-1.2242074e-13
-3.6880879e-14
-1.245264e-13
-3.9546273e-14
-1.2662733e-13
-4.298171e-14
-1.2872477e-13
-4.7304267e-14
-1.3080246e-13
-5.2664147e-14
-5.9256996e-14
-7.4851198e-14
-4.0313953e-14
6.9194364e-14
-8.015255e-14
-3.8635282e-14
-8.5092194e-14
-3.6960192e-14
-8.9675346e-14
-3.5338785e-14
-9.3917572e-14
-3.3821088e-14
-9.7843121e-14
-3.2455467e-14
-1.0148299e-13
-3.1287725e-14
-1.0487305e-13
-3.0360939e-14
-1.0805232e-13
-2.9715928e-14
-1.1106168e-13
-2.9392252e-14
-1.1394275e-13
-2.9429647e-14
-1.1673725e-13
-2.9869815e-14
-1.1948647e-13
-3.0758566e-14
-1.2223103e-13
-3.2148341e-14
-1.2501063e-13
-3.4101278e-14
-1.2786386e-13
-3.6693045e-14
-1.3082768e-13
-4.0017883e-14
-1.3393636e-13
-4.4195595e-14
-1.3721889e-13
-4.9381612e-14
-5.5782335e-14
-7.3254052e-14
-3.4698331e-14
6.763843e-14
-7.8559536e-14
-3.3329798e-14
-8.3550764e-14
-3.1968963e-14
-8.8233057e-14
-3.0656492e-14
-9.2620593e-14
-2.9433552e-14
-9.6735384e-14
-2.8340675e-14
-1.0060601e-13
-2.7417098e-14
-1.0426633e-13
-2.6700619e-14
-1.0775432e-13
-2.6227942e-14
-1.1111111e-13
-2.6035455e-14
-1.1438037e-13
-2.6160391e-14
-1.1760787e-13
-2.6642319e-14
-1.2084146e-13
-2.7524975e-14
-1.2413132e-13
-2.8858473e-14
-1.2753059e-13
-3.0702008e-14
-1.3109635e-13
-3.3127288e-14
-1.3489117e-13
-3.6223067e-14
-1.3898523e-13
-4.0101531e-14
-1.4345911e-13
-4.4907731e-14
-5.0834679e-14
-7.1951614e-14
-2.9111329e-14
6.6364612e-14
-7.726512e-14
-2.8016292e-14
-8.2302978e-14
-2.6931105e-14
-8.7071093e-14
-2.5888377e-14
-9.1583178e-14
-2.4921467e-14
-9.5860155e-14
-2.4063698e-14
-9.9929373e-14
-2.3347881e-14
-1.0382377e-13
-2.2806219e-14
-1.0758115e-13
-2.2470568e-14
-1.1124355e-13
-2.2373047e-14
-1.14857e-13
-2.2546946e-14
-1.1847139e-13
-2.3027925e-14
-1.2214088e-13
-2.3855484e-14
-1.2592463e-13
-2.5074728e-14
-1.2988816e-13
-2.6738476e-14
-1.3410561e-13
-2.8909842e-14
-1.3866319e-13
-3.1665485e-14
-1.436648e-13
-3.5099923e-14
-1.4924092e-13
-3.9331608e-14
-4.4512354e-14
-7.0910408e-14
6.5342587e-14
-2.3543508e-14
-7.623399e-14
-2.269271e-14
-8.1312911e-14
-2.1852184e-14
-8.6153873e-14
-2.1047415e-14
-9.0770653e-14
-2.0304688e-14
-9.5183806e-14
-1.9650545e-14
-9.9420215e-14
-1.9111471e-14
-1.0351261e-13
-1.8713825e-14
-1.0749913e-13
-1.8484046e-14
-1.1142307e-13
-1.8449108e-14
-1.153328e-13
-1.8637215e-14
-1.1928203e-13
-1.90787e-14
-1.233304e-13
-1.9807111e-14
-1.2754465e-13
-2.0860473e-14
-1.3200045e-13
-2.2282677e-14
-1.3678532e-13
-2.4124978e-14
-1.4200328e-13
-2.6447523e-14
-1.4778244e-13
-2.9320761e-14
-1.5428753e-13
-3.2826524e-14
-3.7058459e-14
-1.6538277e-14
-8.060257e-14
8.2600302e-15
-2.4841341e-14
-8.0119587e-14
-3.3154683e-14
-7.934768e-14
-4.1436453e-14
-7.8240907e-14
-4.9615726e-14
-7.6754408e-14
-5.759538e-14
-7.4855084e-14
-6.5260136e-14
-7.2532046e-14
-7.2488406e-14
-6.9804264e-14
-6.6725774e-14
-1.6063557e-14
-7.2570982e-14
8.0319686e-15
-2.4086606e-14
-7.2096538e-14
-3.2078779e-14
-7.1355506e-14
-3.9999511e-14
-7.0320175e-14
-4.7789045e-14
-6.8964874e-14
-5.5370802e-14
-6.7273327e-14
-6.2657222e-14
-6.5245626e-14
-6.9558191e-14
-6.2903295e-14
-6.02921e-14
-1.5601193e-14
-6.4776338e-14
7.8065488e-15
-2.3366863e-14
-6.4330868e-14
-3.1077106e-14
-6.3645264e-14
-3.8693475e-14
-6.2703806e-14
-4.6165095e-14
-6.1493254e-14
-5.3430548e-14
-6.0007873e-14
-6.0422087e-14
-5.8254087e-14
-6.7071574e-14
-5.6253809e-14
-5.4046033e-14
-1.5169476e-14
-5.7200978e-14
7.5941154e-15
-2.270395e-14
-5.6796393e-14
-3.01693e-14
-5.6179914e-14
-3.752957e-14
-5.5343536e-14
-4.4740968e-14
-5.4281857e-14
-5.175336e-14
-5.2995481e-14
-5.851332e-14
-5.1494127e-14
-6.4968311e-14
-4.9798818e-14
-4.7942818e-14
-1.4778833e-14
-4.982284e-14
7.400695e-15
-2.21097e-14
-4.9465527e-14
-2.9364713e-14
-4.8924901e-14
-3.6510477e-14
-4.8197771e-14
-4.3508875e-14
-4.7283459e-14
-5.0318254e-14
-4.6186103e-14
-5.6895653e-14
-4.4916728e-14
-6.3199782e-14
-4.3494689e-14
-4.1948236e-14
-1.4434738e-14
-4.2617682e-14
7.22958e-15
-2.1589724e-14
-4.2310541e-14
-2.8666439e-14
-4.1848186e-14
-3.5633946e-14
-4.1230265e-14
-4.2458677e-14
-4.0458727e-14
-4.9105407e-14
-3.9539373e-14
-5.5538906e-14
-3.8483228e-14
-6.1726099e-14
-3.7307496e-14
-3.6035905e-14
-1.4139498e-14
-3.5560486e-14
7.082303e-15
-2.1145711e-14
-3.5304328e-14
-2.8073748e-14
-3.4920149e-14
-3.4894907e-14
-3.4409106e-14
-4.1579266e-14
-3.3774368e-14
-4.8096492e-14
-3.3022147e-14
-5.4417108e-14
-3.2162612e-14
-6.0514094e-14
-3.121051e-14
-3.0185387e-14
-1.3893654e-14
6.9593836e-15
-2.8626215e-14
-2.0777307e-14
-2.8420675e-14
-2.7584209e-14
-2.8113247e-14
-3.4287603e-14
-2.7705712e-14
-4.0860452e-14
-2.7201519e-14
-4.7276129e-14
-2.660647e-14
-5.3509427e-14
-2.5929314e-14
-5.9537783e-14
-2.5182154e-14
-2.4380583e-14
-8.0833687e-14
-7.2801719e-14
-6.499517e-14
-5.7401055e-14
-5.000036e-14
-4.277078e-14
-3.5688477e-14
-2.8729093e-14
-5.6915212e-14
5.3870587e-14
-3.907663e-14
-6.0560125e-14
-4.4484664e-14
-6.5072562e-14
-5.0693017e-14
-7.0976755e-14
-5.760519e-14
-7.9337371e-14
-6.4904693e-14
-9.4005682e-14
-7.1057235e-14
-1.2311951e-13
-7.355047e-14
-2.3760922e-13
-4.053986e-14
-4.9849104e-13
2.4369983e-14
1.0888601e-12
-2.297846e-14
2.1163158e-14
-2.1728207e-14
-2.4718972e-14
-2.0952198e-14
-2.6384868e-14
-2.0186289e-14
-2.7978507e-14
-1.9453776e-14
-2.9504452e-14
-1.8778742e-14
-3.0969413e-14
-1.8185585e-14
-3.2382152e-14
-1.7698731e-14
-3.3753385e-14
-1.7342593e-14
-3.5095687e-14
-1.7141744e-14
-3.6423458e-14
-1.7121338e-14
-3.7752943e-14
-1.730773e-14
-3.9102354e-14
-1.7729289e-14
-4.0492104e-14
-1.8417361e-14
-4.1945207e-14
-1.940737e-14
-4.3487897e-14
-2.0739987e-14
-4.5150587e-14
-2.2462289e-14
-4.696936e-14
-2.462875e-14
-4.8988359e-14
-2.7301762e-14
-5.1263745e-14
-3.0551139e-14
-3.4451617e-14
-4.4939882e-15
2.2510633e-15
-2.638329e-14
-6.7205635e-15
-2.61941e-14
-8.9224739e-15
-2.5911337e-14
-1.1091331e-14
-2.5536854e-14
-1.3218792e-14
-2.5074058e-14
-1.5296768e-14
-2.4528494e-14
-1.7317715e-14
-2.3908368e-14
-1.9274977e-14
-2.3224892e-14
-2.2492402e-14
-2.647803e-14
-1.740731e-13
-2.9466854e-14
1.6446333e-13
-1.8547799e-13
-3.3079772e-14
-1.9937449e-13
-3.679652e-14
-2.1692002e-13
-4.0059661e-14
-2.4003001e-13
-4.17947e-14
-2.7199994e-13
-3.9087303e-14
-3.1737693e-13
-2.817348e-14
-3.7376315e-13
1.5846355e-14
-4.3521457e-13
8.5821407e-14
6.5364552e-13
-1.7731712e-13
-1.960234e-14
1.6745261e-13
-1.8871339e-13
-2.1683504e-14
-2.0202657e-13
-2.3483343e-14
-2.1780721e-13
-2.4279019e-14
-2.3686651e-13
-2.2735399e-14
-2.6038983e-13
-1.5563983e-14
-2.8979299e-13
1.2296773e-15
-3.1936009e-13
4.5413461e-14
-3.4240587e-13
1.0886718e-13
3.1123965e-13
-1.7911025e-13
-9.7663395e-15
1.6927425e-13
-1.9009972e-13
-1.0694035e-14
-2.0220901e-13
-1.1374055e-14
-2.1512511e-13
-1.1362917e-14
-2.2798541e-13
-9.8750954e-15
-2.3839867e-13
-5.1507259e-15
-2.4199564e-13
4.8266429e-15
-2.2416954e-13
2.7587366e-14
-1.7403925e-13
5.8736893e-14
1.372004e-13
-1.7989447e-13
1.7012813e-13
-1.9058851e-13
-2.0196256e-13
-2.1332548e-13
-2.2320058e-13
-2.283513e-13
-2.2352466e-13
-1.9593729e-13
-1.372004e-13
-6.8461483e-14
-1.6289295e-14
6.3022571e-14
-7.3689404e-14
-1.5724277e-14
-7.8707711e-14
-1.5167982e-14
-8.3523983e-14
-1.4637503e-14
-8.8152126e-14
-1.41506e-14
-9.2612318e-14
-1.3725393e-14
-9.6930869e-14
-1.338018e-14
-1.0114005e-13
-1.313341e-14
-1.0527798e-13
-1.3003815e-14
-1.0938861e-13
-1.3010704e-14
-1.1352195e-13
-1.3174394e-14
-1.1773447e-13
-1.3516767e-14
-1.2208994e-13
-1.4061895e-14
-1.2666061e-13
-1.4836693e-14
-1.3152913e-13
-1.5871469e-14
-1.3679124e-13
-1.7200183e-14
-1.4255996e-13
-1.8860032e-14
-1.4897208e-13
-2.0889637e-14
-1.5619873e-13
-2.3324491e-14
-2.6187019e-14
-6.7946103e-14
-1.0856636e-14
6.2513444e-14
-7.3182418e-14
-1.0487962e-14
-7.8224746e-14
-1.0125654e-14
-8.308131e-14
-9.7809394e-15
-8.7766385e-14
-9.4655246e-15
-9.2300365e-14
-9.1914124e-15
-9.6709752e-14
-8.9707932e-15
-1.0102713e-13
-8.8160315e-15
-1.0529119e-13
-8.739753e-15
-1.0954687e-13
-8.7550289e-15
-1.1384562e-13
-8.875646e-15
-1.1824594e-13
-9.11644e-15
-1.2281418e-13
-9.4936544e-15
-1.2762562e-13
-1.0025257e-14
-1.3276599e-13
-1.0731097e-14
-1.3833351e-13
-1.1632668e-14
-1.4444148e-13
-1.2752054e-14
-1.5122189e-13
-1.4109229e-14
-1.5883021e-13
-1.5716171e-14
-1.7564624e-14
-6.7609293e-14
-5.427532e-15
6.2180188e-14
-7.2851677e-14
-5.2455778e-15
-7.7910358e-14
-5.0669727e-15
-8.2794015e-14
-4.8972827e-15
-8.7517216e-14
-4.7423235e-15
-9.2100554e-14
-4.6080746e-15
-9.6570718e-14
-4.5006292e-15
-1.0096056e-13
-4.426189e-15
-1.0530921e-13
-4.3911065e-15
-1.0966226e-13
-4.4019743e-15
-1.1407215e-13
-4.4657527e-15
-1.1859867e-13
-4.5899246e-15
-1.2330967e-13
-4.7826521e-15
-1.2828204e-13
-5.0528938e-15
-1.3360273e-13
-5.4104043e-15
-1.3936993e-13
-5.86547e-15
-1.4569388e-13
-6.4281051e-15
-1.5269692e-13
-7.1061803e-15
-1.6051158e-13
-7.9015135e-15
-8.8019541e-15
-6.7443154e-14
6.2015622e-14
-7.2688732e-14
-7.7755704e-14
-8.2652987e-14
-8.7395311e-14
-9.2003385e-14
-9.6504014e-14
-1.009302e-13
-1.0532131e-13
-1.0972328e-13
-1.1418904e-13
-1.1877896e-13
-1.2356161e-13
-1.2861451e-13
-1.3402491e-13
-1.3989038e-13
-1.4631849e-13
-1.5342467e-13
-1.6132618e-13
-1.3365843e-14
-1.9712465e-14
6.6950172e-15
-1.9988209e-14
-1.9571734e-14
-2.6537792e-14
-1.9361753e-14
-3.2990386e-14
-1.9084261e-14
-3.9322267e-14
-1.8742178e-14
-4.5510779e-14
-1.8339982e-14
-5.1535106e-14
-1.7884041e-14
-5.7377169e-14
-1.7382829e-14
-1.6847001e-14
-1.3236491e-14
-1.3106114e-14
6.6301399e-15
-1.979532e-14
-1.3012905e-14
-2.6283086e-14
-1.2873987e-14
-3.2676672e-14
-1.2690675e-14
-3.8953775e-14
-1.2465074e-14
-4.5093446e-14
-1.2200311e-14
-5.1076764e-14
-1.1900722e-14
-5.6887606e-14
-1.1571986e-14
-1.1221163e-14
-1.3150816e-14
-6.5424397e-15
6.5871418e-15
-1.9667689e-14
-6.4960315e-15
-2.6114767e-14
-6.4269098e-15
-3.2469667e-14
-6.3357749e-15
-3.8711015e-14
-6.2237258e-15
-4.4818962e-14
-6.092364e-15
-5.0775801e-14
-5.943884e-15
-5.6566654e-14
-5.7811328e-15
-5.6076285e-15
-1.3108171e-14
6.5657309e-15
-1.9604202e-14
-2.6031112e-14
-3.2366887e-14
-3.8590613e-14
-4.4682977e-14
-5.0626861e-14
-5.6407993e-14
-1.9783013e-14
-1.3152873e-14
-6.5657308e-15
)
;

boundaryField
{
    needle_inlet_left
    {
        type            calculated;
        value           uniform 0;
    }
    needle_inlet_right
    {
        type            calculated;
        value           uniform 0;
    }
    needle_outlet_left
    {
        type            calculated;
        value           uniform 0;
    }
    needle_outlet_right
    {
        type            calculated;
        value           uniform 0;
    }
    sclera_left_lower
    {
        type            calculated;
        value           uniform 0;
    }
    sclera_left_upper
    {
        type            calculated;
        value           uniform 0;
    }
    sclera_right
    {
        type            calculated;
        value           uniform 0;
    }
    sclera_right_upper
    {
        type            calculated;
        value           uniform 0;
    }
    sclera_top
    {
        type            calculated;
        value           uniform 0;
    }
    cornea_fsi
    {
        type            calculated;
        value           uniform 0;
    }
    lens_bottom
    {
        type            calculated;
        value           uniform 0;
    }
    lens_bottom_left
    {
        type            calculated;
        value           uniform 0;
    }
    lens_right
    {
        type            calculated;
        value           uniform 0;
    }
    lens_left
    {
        type            calculated;
        value           uniform 0;
    }
    lens_top
    {
        type            calculated;
        value           uniform 0;
    }
    lens_top_left
    {
        type            calculated;
        value           uniform 0;
    }
    iris_bottom
    {
        type            calculated;
        value           uniform 0;
    }
    iris_pupil
    {
        type            calculated;
        value           uniform 0;
    }
    iris_pupil_left
    {
        type            calculated;
        value           uniform 0;
    }
    iris_top
    {
        type            calculated;
        value           uniform 0;
    }
    tm_limbus_wall
    {
        type            calculated;
        value           uniform 0;
    }
    ac_inlet
    {
        type            calculated;
        value           nonuniform List<scalar> 5(-5.2188234e-12 -5.2188234e-12 -4.8709022e-12 -4.8709012e-12 -4.8709022e-12);
    }
    ac_inlet_left
    {
        type            calculated;
        value           nonuniform List<scalar> 5(-5.2188234e-12 -5.2188234e-12 -4.8709022e-12 -4.8709012e-12 -4.8709022e-12);
    }
    outlet_tm
    {
        type            calculated;
        value           nonuniform List<scalar> 4(6.9825879e-12 6.9825883e-12 6.9825883e-12 6.9825879e-12);
    }
    outlet_tm_left
    {
        type            calculated;
        value           nonuniform List<scalar> 4(6.9825879e-12 6.9825883e-12 6.9825883e-12 6.9825879e-12);
    }
    front
    {
        type            empty;
    }
    back
    {
        type            empty;
    }
    defaultFaces
    {
        type            calculated;
        value           uniform 0;
    }
    needle_int_inlet_master
    {
        type            calculated;
        value           uniform -2.88e-12;
    }
    needle_int_inlet_slave
    {
        type            calculated;
        value           uniform -2.88e-12;
    }
    needle_int_outlet_master
    {
        type            calculated;
        value           uniform 0;
    }
    needle_int_outlet_slave
    {
        type            calculated;
        value           uniform 0;
    }
}


// ************************************************************************* //
