/*--------------------------------*- C++ -*----------------------------------*\
| =========                 |                                                 |
| \\      /  F ield         | OpenFOAM: The Open Source CFD Toolbox           |
|  \\    /   O peration     | Version:  2512                                  |
|   \\  /    A nd           | Website:  www.openfoam.com                      |
|    \\/     M anipulation  |                                                 |
\*---------------------------------------------------------------------------*/
FoamFile
{
    version     2.0;
    format      ascii;
    arch        "LSB;label=32;scalar=64";
    class       surfaceScalarField;
    location    "15.5";
    object      phi;
}
// * * * * * * * * * * * * * * * * * * * * * * * * * * * * * * * * * * * * * //

dimensions      [0 3 -1 0 0 0 0];

oriented        oriented;

internalField   nonuniform List<scalar> 
3108
(
-8.1760104e-15
8.1760184e-15
3.3162308e-14
-4.1338239e-14
1.3172324e-13
-9.856089e-14
2.7510902e-13
-1.4338576e-13
4.4743704e-13
-1.7232799e-13
6.3320037e-13
-1.8576332e-13
8.1811446e-13
-1.8491412e-13
9.8947318e-13
-1.7135872e-13
1.1367955e-12
-1.4732231e-13
-1.1618841e-13
1.2529839e-12
3.6913753e-14
-2.8737695e-14
1.9010257e-13
-1.94527e-13
4.6149e-13
-3.6994824e-13
8.277895e-13
-5.0968525e-13
1.2569614e-12
-6.014999e-13
1.7154637e-12
-6.4426553e-13
2.1710714e-12
-6.405218e-13
2.5943918e-12
-5.946791e-13
2.9608124e-12
-5.1374294e-13
-4.0881455e-13
3.2534386e-12
8.5793256e-14
-1.1453094e-13
3.4705335e-13
-4.557871e-13
7.6406713e-13
-7.8696207e-13
1.3035233e-12
-1.0491413e-12
1.9236227e-12
-1.2215994e-12
2.5804974e-12
-1.3011403e-12
3.2312015e-12
-1.291226e-12
3.8354785e-12
-1.1989561e-12
4.3585318e-12
-1.0367963e-12
-8.2590777e-13
4.775625e-12
1.1562295e-13
-2.3015389e-13
4.57219e-13
-7.973831e-13
9.8640384e-13
-1.3161468e-12
1.6567692e-12
-1.7195066e-12
2.4164357e-12
-1.9812658e-12
3.2147374e-12
-2.0994419e-12
4.002441e-12
-2.0789296e-12
4.7318706e-12
-1.9283857e-12
5.3596434e-12
-1.6645691e-12
-1.3192139e-12
5.8529496e-12
1.1729888e-13
-3.4745277e-13
4.9212551e-13
-1.1722097e-12
1.1021468e-12
-1.926168e-12
1.8672869e-12
-2.4846467e-12
2.7219967e-12
-2.8359756e-12
3.6127128e-12
-2.990158e-12
4.4879212e-12
-2.9541381e-12
5.2949398e-12
-2.7354043e-12
5.981841e-12
-2.3514702e-12
6.5055475e-12
-1.8429205e-12
1.3356797e-12
-8.2695788e-14
1.3880042e-12
-5.2324493e-14
1.4164475e-12
-2.8443231e-14
1.4283365e-12
-1.1889077e-14
1.4301364e-12
-1.7999163e-15
1.4266863e-12
3.4501777e-15
1.4211858e-12
5.5005279e-15
1.4154584e-12
5.7274506e-15
1.4103712e-12
5.0871621e-15
1.4061911e-12
4.1801192e-15
1.4028536e-12
3.3373908e-15
1.4001444e-12
2.7092189e-15
1.3978134e-12
2.3310232e-15
1.3956532e-12
2.1601287e-15
1.3935694e-12
2.0837962e-15
1.3916705e-12
1.8988855e-15
1.3904059e-12
1.2646279e-15
1.3907932e-12
-3.8731875e-16
1.394734e-12
-3.9408306e-15
-1.0767246e-14
1.4055013e-12
3.4663709e-12
-2.9562806e-13
3.6065464e-12
-1.9250006e-13
3.6887667e-12
-1.1066356e-13
3.7298432e-12
-5.2965524e-14
3.7447266e-12
-1.6683318e-14
3.744842e-12
3.3349024e-15
3.7379097e-12
1.2432755e-14
3.7286075e-12
1.5029637e-14
3.7194033e-12
1.4291353e-14
3.711339e-12
1.2244441e-14
3.7046303e-12
1.0046087e-14
3.6990856e-12
8.25389e-15
3.6943884e-12
7.0282853e-15
3.6903014e-12
6.2472047e-15
3.6868537e-12
5.5315196e-15
3.6845679e-12
4.1845837e-15
3.6847884e-12
1.0442084e-15
3.6901546e-12
-5.7534497e-15
3.7053138e-12
-1.9100058e-14
-4.3319492e-14
3.7378661e-12
5.0778068e-12
-5.9780991e-13
5.2766512e-12
-3.9134437e-13
5.3948608e-12
-2.2887313e-13
5.456748e-12
-1.1485263e-13
5.4829941e-12
-4.2929391e-14
5.4888904e-12
-2.5613915e-15
5.4845921e-12
1.6731034e-14
5.4762238e-12
2.3398099e-14
5.467092e-12
2.3423138e-14
5.4587117e-12
2.062471e-14
5.4515621e-12
1.7195674e-14
5.4456041e-12
1.4211804e-14
5.4406286e-12
1.2003825e-14
5.43651e-12
1.0365741e-14
5.4334374e-12
8.604048e-15
5.4321871e-12
5.4348659e-15
5.4344998e-12
-1.2684373e-15
5.4436234e-12
-1.4877103e-14
5.4650818e-12
-4.0558447e-14
-8.5938835e-14
5.5077012e-12
6.1991892e-12
-9.4404947e-13
6.4186092e-12
-6.1076439e-13
6.5448942e-12
-3.5515803e-13
6.6099413e-12
-1.7989973e-13
6.638256e-12
-7.1244065e-14
6.6464481e-12
-1.0753406e-14
6.6447829e-12
1.8396184e-14
6.6391079e-12
2.9073117e-14
6.632463e-12
3.0068164e-14
6.6262262e-12
2.6861478e-14
6.6208657e-12
2.2556156e-14
6.6164113e-12
1.8666272e-14
6.6127528e-12
1.5662369e-14
6.6098483e-12
1.3270175e-14
6.6079089e-12
1.0543514e-14
6.6076118e-12
5.7319079e-15
6.6103923e-12
-4.0490213e-15
6.6188585e-12
-2.3343255e-14
6.6373668e-12
-5.906684e-14
-1.2136262e-13
6.6727905e-12
6.846115e-12
-1.284617e-12
7.0416928e-12
-8.0634219e-13
7.1430112e-12
-4.5647635e-13
7.1900319e-12
-2.2692042e-13
7.2086704e-12
-8.988249e-14
7.2137863e-12
-1.5869372e-14
7.2131596e-12
1.9022888e-14
7.2105521e-12
3.1680656e-14
7.2076224e-12
3.2997831e-14
7.2049981e-12
2.9485823e-14
7.2028369e-12
2.4717437e-14
7.2011102e-12
2.0392937e-14
7.199748e-12
1.7024615e-14
7.198722e-12
1.4296188e-14
7.1981125e-12
1.1152974e-14
7.1981851e-12
5.6592734e-15
7.1994967e-12
-5.3606232e-15
7.2030466e-12
-2.6893144e-14
7.2104837e-12
-6.6503935e-14
7.2243723e-12
-1.3525126e-13
1.4283663e-12
-2.2864983e-14
1.4713659e-12
-4.2999632e-14
1.5460912e-12
-7.4725277e-14
1.6682291e-12
-1.2213792e-13
1.8573347e-12
-1.8910555e-13
2.1349206e-12
-2.7758589e-13
2.5197462e-12
-3.848256e-13
3.0225516e-12
-5.0280546e-13
3.6565435e-12
-6.3399188e-13
-7.9718316e-13
3.7995895e-12
-8.4588533e-14
3.9078389e-12
-1.5124905e-13
4.0868525e-12
-2.5373888e-13
4.3683686e-12
-4.0365389e-13
4.7904104e-12
-6.1114735e-13
5.3922931e-12
-8.7946861e-13
6.2029778e-12
-1.1955103e-12
7.2198773e-12
-1.5197048e-12
8.3791154e-12
-1.79323e-12
-1.9751388e-12
5.5849016e-12
-1.6178896e-13
5.7161623e-12
-2.8250989e-13
5.9284122e-12
-4.6598867e-13
6.2568095e-12
-7.3205125e-13
6.7438976e-12
-1.0982356e-12
7.4351948e-12
-1.5707658e-12
8.3669444e-12
-2.1272599e-12
9.5360475e-12
-2.688808e-12
1.0841007e-11
-3.0981894e-12
-3.1950139e-12
6.7354796e-12
-2.2447808e-13
6.8403715e-12
-3.8740181e-13
7.0081483e-12
-6.3376548e-13
7.2662746e-12
-9.9017758e-13
7.6496846e-12
-1.4816456e-12
8.2004575e-12
-2.1215389e-12
8.9640421e-12
-2.8908446e-12
9.9767633e-12
-3.7015294e-12
1.12152e-11
-4.3366265e-12
-4.1573372e-12
7.2485018e-12
-2.4860747e-13
7.2881984e-12
-4.270985e-13
7.3505736e-12
-6.9614071e-13
7.4446499e-12
-1.0842539e-12
7.5815156e-12
-1.6185113e-12
7.7755227e-12
-2.3155461e-12
8.0492029e-12
-3.1645248e-12
8.4460898e-12
-4.0984163e-12
9.075408e-12
-4.9659447e-12
-5.3334317e-12
2.7242018e-15
-3.5017692e-13
2.5431645e-13
-1.4238019e-12
6.8353237e-13
-2.3553838e-12
1.1981139e-12
-2.9992281e-12
1.7595161e-12
-3.3973778e-12
2.3390773e-12
-3.5697192e-12
2.9065733e-12
-3.521634e-12
3.4278513e-12
-3.2566823e-12
3.8656267e-12
-2.7892456e-12
-2.1622942e-12
4.1850005e-12
-2.3440899e-13
-1.157679e-13
1.6511112e-13
-1.8233219e-12
6.5451207e-13
-2.8447847e-12
1.1899095e-12
-3.5346255e-12
1.7595558e-12
-3.967024e-12
2.3434982e-12
-4.1536615e-12
2.9144311e-12
-4.0925669e-12
3.4377462e-12
-3.7799974e-12
3.8720666e-12
-3.223566e-12
4.1740473e-12
-2.4642749e-12
4.3669322e-12
-1.4665487e-12
4.4519424e-12
-8.9135234e-13
4.4852498e-12
-4.8978371e-13
4.4955092e-12
-2.3717974e-13
4.4973052e-12
-9.167849e-14
4.4968931e-12
-1.5457237e-14
4.4964406e-12
1.9475396e-14
4.4964238e-12
3.1697484e-14
4.4967644e-12
3.2657181e-14
4.497286e-12
2.8964243e-14
4.4978558e-12
2.4147699e-14
4.4984028e-12
1.9845904e-14
4.4988962e-12
1.6531186e-14
4.4993144e-12
1.3878089e-14
4.4996122e-12
1.0855107e-14
4.4996856e-12
5.5859397e-15
4.4993252e-12
-5.0001952e-15
4.4981533e-12
-2.5721218e-14
4.4955328e-12
-6.3883414e-14
-1.3015165e-13
4.4904331e-12
4.315783e-12
-1.6082844e-12
4.3586827e-12
-9.3425194e-13
4.3614745e-12
-4.9257547e-13
4.3539929e-12
-2.296982e-13
4.3473553e-12
-8.5040815e-14
4.344123e-12
-1.2224927e-14
4.3437744e-12
1.9824042e-14
4.345126e-12
3.0345903e-14
4.347197e-12
3.0586244e-14
4.3493861e-12
2.677513e-14
4.3514059e-12
2.2127819e-14
4.3531637e-12
1.8088131e-14
4.3546515e-12
1.5043415e-14
4.3558547e-12
1.2674876e-14
4.3566674e-12
1.0042469e-14
4.3567964e-12
5.4568861e-15
4.3556358e-12
-3.8395902e-15
4.35209e-12
-2.2175407e-14
4.3443254e-12
-5.6118859e-14
4.3294262e-12
-1.1525245e-13
4.481224e-12
-2.3939833e-13
4.4653332e-12
-4.1120764e-13
4.4386253e-12
-6.6943286e-13
4.3941565e-12
-1.039785e-12
4.3194695e-12
-1.5438243e-12
4.1906587e-12
-2.1867354e-12
3.9597078e-12
-2.9335738e-12
3.5184073e-12
-3.6571158e-12
2.5455558e-12
-3.9930932e-12
-2.787876e-12
4.3029201e-12
-2.1289218e-13
4.2581106e-12
-3.663982e-13
4.1850666e-12
-5.9638883e-13
4.068896e-12
-9.2361438e-13
3.8864182e-12
-1.3613464e-12
3.5994615e-12
-1.8997788e-12
3.1425142e-12
-2.4766265e-12
2.4042818e-12
-2.9188834e-12
1.2406412e-12
-2.8294526e-12
-1.5472347e-12
-3.1742928e-13
-1.3983386e-12
6.2715986e-14
-2.2034672e-12
3.3822397e-13
-3.1202926e-12
6.2207467e-13
-3.8184762e-12
9.2147708e-13
-4.2664264e-12
1.2282904e-12
-4.4604748e-12
1.528647e-12
-4.3929234e-12
1.8038331e-12
-4.0551835e-12
2.030072e-12
-3.4498049e-12
2.1778802e-12
-2.6120832e-12
2.2305842e-12
-1.6609883e-12
2.2307037e-12
-9.3437142e-13
2.2173018e-12
-4.7917365e-13
2.2056477e-12
-2.1804403e-13
2.1988886e-12
-7.8281722e-14
2.1962969e-12
-9.6332207e-15
2.1963306e-12
1.9790347e-14
2.1976735e-12
2.9003089e-14
2.1994708e-12
2.8788884e-14
2.2012663e-12
2.4979591e-14
2.2028694e-12
2.0524826e-14
2.2042364e-12
1.67212e-14
2.2053811e-12
1.3898664e-14
2.2063064e-12
1.1749553e-14
2.2069426e-12
9.4062999e-15
2.2070775e-12
5.3219123e-15
2.2062638e-12
-3.0258785e-15
2.2036868e-12
-1.9598337e-14
2.197981e-12
-5.0413067e-14
2.1869797e-12
-1.0425122e-13
2.1673858e-12
-1.9329835e-13
2.1343471e-12
-3.3335944e-13
2.0808996e-12
-5.4294137e-13
1.9971891e-12
-8.3990383e-13
1.8692547e-12
-1.233412e-12
1.6769351e-12
-1.7074591e-12
1.3910506e-12
-2.1907421e-12
9.7876978e-13
-2.5066026e-12
4.4798042e-13
-2.2986631e-12
-1.0992542e-12
-2.5936615e-13
-1.1389724e-12
2.3445811e-13
-2.6972915e-12
8.5332277e-13
-3.7391572e-12
1.5412223e-12
-4.5063757e-12
2.2784795e-12
-5.0036836e-12
3.0384907e-12
-5.220486e-12
3.7850183e-12
-5.1394511e-12
4.4688379e-12
-4.7390031e-12
5.0233183e-12
-4.0042853e-12
-2.951183e-12
5.3624181e-12
6.5823348e-14
-1.2047957e-12
3.3648668e-13
-2.9679548e-12
8.1157116e-13
-4.2142417e-12
1.3976617e-12
-5.0924662e-12
2.048724e-12
-5.6547458e-12
2.7306931e-12
-5.9024551e-12
3.4051341e-12
-5.813892e-12
4.0215551e-12
-5.3554241e-12
4.5079067e-12
-4.4906368e-12
-3.1928066e-12
4.7495303e-12
9.046448e-14
-1.2952602e-12
3.2286749e-13
-3.2003578e-12
6.9452453e-13
-4.5858987e-12
1.16657e-12
-5.5645116e-12
1.7030278e-12
-6.1912036e-12
2.2711657e-12
-6.4705929e-12
2.8317344e-12
-6.3744608e-12
3.3323273e-12
-5.856017e-12
3.7021149e-12
-4.8604244e-12
-3.2928152e-12
3.8021236e-12
6.6175611e-14
-1.3614358e-12
2.4188491e-13
-3.376067e-12
5.098312e-13
-4.853845e-12
8.5333337e-13
-5.9080138e-12
1.2510141e-12
-6.5888842e-12
1.6744509e-12
-6.8940298e-12
2.0799421e-12
-6.779952e-12
2.399482e-12
-6.1755569e-12
2.5419959e-12
-5.0029383e-12
2.4091593e-12
-3.1599786e-12
5.3981601e-12
-1.6967303e-12
5.3159981e-12
-8.5220939e-13
5.2339037e-12
-3.9707915e-13
5.1812961e-12
-1.6543647e-13
5.1553778e-12
-5.2363403e-14
5.1470315e-12
-1.2868896e-15
5.1482843e-12
1.8537574e-14
5.1537865e-12
2.350089e-14
5.1604773e-12
2.2098146e-14
5.1668754e-12
1.858145e-14
5.1724401e-12
1.4960103e-14
5.177111e-12
1.2050392e-14
5.1809969e-12
1.0012722e-14
5.1841534e-12
8.592974e-15
5.1863863e-12
7.173454e-15
5.1870264e-12
4.6818286e-15
5.184626e-12
-6.2547736e-16
5.1765234e-12
-1.1495777e-14
5.1582414e-12
-3.2131044e-14
-6.8684021e-14
5.1226742e-12
4.5759576e-12
-1.5231574e-12
4.3496093e-12
-6.2586119e-13
4.2054324e-12
-2.5290225e-13
4.1329226e-12
-9.29266e-14
4.1038035e-12
-2.3244323e-14
4.0977308e-12
4.7857705e-15
4.1022967e-12
1.3971674e-14
4.1106499e-12
1.5147687e-14
4.1194282e-12
1.3319864e-14
4.127253e-12
1.075664e-14
4.1337798e-12
8.4332995e-15
4.1391343e-12
6.6959271e-15
4.1435764e-12
5.5705876e-15
4.1472776e-12
4.8918038e-15
4.1501274e-12
4.3236123e-15
4.1515052e-12
3.3040431e-15
4.1499581e-12
9.2158929e-16
4.1427371e-12
-4.2747265e-15
4.1251337e-12
-1.4527655e-14
-3.3159721e-14
4.0896094e-12
3.2969597e-12
-1.0179937e-12
2.9480933e-12
-2.7699476e-13
2.7878447e-12
-9.2653641e-14
2.7234464e-12
-2.8528239e-14
2.7040023e-12
-3.8002506e-15
2.7043816e-12
4.4064635e-15
2.7121647e-12
6.1886125e-15
2.7215726e-12
5.7397961e-15
2.730232e-12
4.6604881e-15
2.7374154e-12
3.5732562e-15
2.7431454e-12
2.7033443e-15
2.747736e-12
2.1052543e-15
2.7515491e-12
1.7575244e-15
2.7548436e-12
1.5973376e-15
2.7576444e-12
1.5228542e-15
2.7595754e-12
1.3730168e-15
2.7596092e-12
8.8777707e-16
2.7556927e-12
-3.5827151e-16
2.7441974e-12
-3.0323157e-15
-8.150086e-15
2.7191878e-12
1.3911656e-12
1.1141709e-12
1.0215173e-12
9.9298901e-13
9.8918878e-13
9.9359526e-13
9.9978387e-13
1.0055236e-12
1.0101842e-12
1.0137574e-12
1.0164608e-12
1.018566e-12
1.0203235e-12
1.0219208e-12
1.0234437e-12
1.0248167e-12
1.0257045e-12
1.0253462e-12
1.0223139e-12
1.0141638e-12
5.0590648e-12
-1.2968894e-13
4.9518029e-12
-2.2609753e-13
4.7791486e-12
-3.7028707e-13
4.5120948e-12
-5.7284992e-13
4.1138574e-12
-8.3517463e-13
3.5415309e-12
-1.1351326e-12
2.7548876e-12
-1.4040989e-12
1.7474876e-12
-1.4992026e-12
6.5362636e-13
-1.2048019e-12
-4.4562776e-13
4.0247353e-12
-6.4814931e-14
3.914096e-12
-1.1545812e-13
3.7355272e-12
-1.9171827e-13
3.461478e-12
-2.9880075e-13
3.0620276e-12
-4.3572412e-13
2.5133457e-12
-5.8645067e-13
1.8160529e-12
-7.0680611e-13
1.0301194e-12
-7.1326896e-13
3.2938629e-13
-5.0406868e-13
-1.1624144e-13
2.6715351e-12
-1.7162168e-14
2.5880471e-12
-3.1970143e-14
2.4510519e-12
-5.4723078e-14
2.2393656e-12
-8.7114444e-14
1.9323661e-12
-1.2872451e-13
1.5198192e-12
-1.7390378e-13
1.0202531e-12
-2.0724004e-13
5.0695328e-13
-1.9996908e-13
1.2182225e-13
-1.1893755e-13
5.5808941e-15
9.9700161e-13
9.6503145e-13
9.1030837e-13
8.2319396e-13
6.9446945e-13
5.2056569e-13
3.1332564e-13
1.1335659e-13
-5.5809037e-15
3.67061e-14
-1.3981418e-12
1.3752949e-13
-3.4768904e-12
2.9755374e-13
-5.0138692e-12
5.1597564e-13
-6.1264357e-12
7.8479638e-13
-6.857705e-12
1.0780261e-12
-7.1872595e-12
1.3333359e-12
-7.0352618e-12
1.4233619e-12
-6.265583e-12
1.1089473e-12
-4.6885237e-12
-2.0510313e-12
-1.8414685e-14
-1.3797272e-12
-5.4206312e-14
-3.4410987e-12
-8.3372608e-14
-4.9847029e-12
-8.0470114e-14
-6.1293382e-12
-2.539381e-14
-6.9127812e-12
8.7383191e-14
-7.3000365e-12
2.3164701e-13
-7.1795256e-12
3.2338771e-13
-6.3573236e-12
2.269038e-13
-4.5920398e-12
-1.8241274e-12
-8.2510392e-14
-1.2972168e-12
-2.7049943e-13
-3.2531096e-12
-5.075172e-13
-4.7476852e-12
-7.3881471e-13
-5.8980407e-12
-9.091768e-13
-6.742419e-12
-9.6339955e-13
-7.2458138e-12
-8.5544421e-13
-7.287481e-12
-5.7650288e-13
-6.636265e-12
-2.1693635e-13
-4.9516063e-12
-2.0410638e-12
-1.5103787e-13
-1.146179e-12
-4.9913867e-13
-2.9050088e-12
-9.5796602e-13
-4.2888578e-12
-1.4496599e-12
-5.4063468e-12
-1.8901875e-12
-6.3018914e-12
-2.1770174e-12
-6.958984e-12
-2.1810871e-12
-7.2834113e-12
-1.7555754e-12
-7.0617767e-12
-8.4339897e-13
-5.8637828e-12
-2.8844627e-12
-2.1612902e-13
-9.3004996e-13
-7.1645832e-13
-2.4046795e-12
-1.3954616e-12
-3.6098546e-12
-2.1687714e-12
-4.6330369e-12
-2.9473742e-12
-5.5232888e-12
-3.6162513e-12
-6.2901069e-12
-4.0104179e-12
-6.8892447e-12
-3.875601e-12
-7.1965936e-12
-2.767704e-12
-6.9716797e-12
-5.6521668e-12
-2.6398791e-13
-6.6606207e-13
-8.7979421e-13
-1.7888731e-12
-1.7398868e-12
-2.7497621e-12
-2.7732502e-12
-3.5996736e-12
-3.9161062e-12
-4.3804328e-12
-5.0975078e-12
-5.1087054e-12
-6.230785e-12
-5.7559674e-12
-7.2060946e-12
-6.2212841e-12
-7.9135927e-12
-6.2641817e-12
-5.233906e-12
-8.3318534e-12
-2.7595759e-13
-3.9010454e-13
-9.3165569e-13
-1.1331751e-12
-1.8760948e-12
-1.8053229e-12
-3.0596516e-12
-2.4161168e-12
-4.4457365e-12
-2.9943479e-12
-5.9996184e-12
-3.5548234e-12
-7.680669e-12
-4.074917e-12
-9.4358924e-12
-4.4660608e-12
-1.118063e-11
-4.5194445e-12
-3.830836e-12
-1.25837e-11
-2.3538784e-13
-1.5471668e-13
-8.2327673e-13
-5.4528621e-13
-1.7067796e-12
-9.218201e-13
-2.856276e-12
-1.2666204e-12
-4.2533738e-12
-1.5972501e-12
-5.8830764e-12
-1.9251209e-12
-7.7209629e-12
-2.2370305e-12
-9.7104761e-12
-2.4765476e-12
-1.1712277e-11
-2.5176437e-12
-2.1534155e-12
-1.3389698e-11
-1.3735826e-13
-1.7358424e-14
-5.4191382e-13
-1.4073066e-13
-1.1970182e-12
-2.6671574e-13
-2.0842492e-12
-3.7938952e-13
-3.1939522e-12
-4.8754716e-13
-4.521666e-12
-5.9740713e-13
-6.0529902e-12
-7.0570634e-13
-7.7361996e-12
-7.933383e-13
-9.4370798e-12
-8.1676343e-13
-7.0559901e-13
-1.0884896e-11
-1.7358438e-14
-1.5808909e-13
-4.2480484e-13
-8.0419439e-13
-1.2917416e-12
-1.8891487e-12
-2.594855e-12
-3.3881933e-12
-4.2049567e-12
-4.9105558e-12
-6.3450736e-12
-1.9867798e-12
-5.7947357e-12
-5.5033794e-13
-5.621847e-12
-1.7288861e-13
-5.5695618e-12
-5.2285258e-14
-5.5589417e-12
-1.0620074e-14
-5.5599567e-12
1.0150439e-15
-5.5626751e-12
2.7183677e-15
-5.5647236e-12
2.0485658e-15
-5.5659804e-12
1.256778e-15
-5.5668249e-12
8.445067e-16
-5.5676967e-12
8.7183545e-16
-5.5690372e-12
1.3405232e-15
-5.5712499e-12
2.2126096e-15
-5.5743946e-12
3.1447114e-15
-5.5771359e-12
2.7413312e-15
-5.5740545e-12
-3.0813408e-15
-5.5503171e-12
-2.3737352e-14
-5.4717532e-12
-7.8563973e-14
-5.2722578e-12
-1.9949534e-13
-4.1201317e-13
-4.8602447e-12
-1.2579078e-11
-1.9914014e-12
-1.2357598e-11
-7.7181793e-13
-1.2264505e-11
-2.6598207e-13
-1.2238161e-11
-7.8629165e-14
-1.2234979e-11
-1.3801394e-14
-1.2238172e-11
4.2079118e-15
-1.2241786e-11
6.3324095e-15
-1.2244316e-11
4.577929e-15
-1.2245855e-11
2.7959383e-15
-1.2246877e-11
1.8668353e-15
-1.2247863e-11
1.8575355e-15
-1.2249216e-11
2.6941234e-15
-1.225112e-11
4.1163122e-15
-1.2252936e-11
4.960325e-15
-1.2251437e-11
1.2432166e-15
-1.2236689e-11
-1.7830063e-14
-1.2183056e-11
-7.7370762e-14
-1.203173e-11
-2.2988945e-13
-1.1660266e-11
-5.7095982e-13
-1.1944488e-12
-1.087783e-11
-1.4138355e-11
-1.2427436e-12
-1.4367568e-11
-5.426058e-13
-1.4437646e-11
-1.9590415e-13
-1.4461538e-11
-5.4736717e-14
-1.4469629e-11
-5.7101895e-15
-1.4472256e-11
6.83485e-15
-1.4473106e-11
7.1827606e-15
-1.4473389e-11
4.8605479e-15
-1.4473481e-11
2.887397e-15
-1.4473499e-11
1.8857277e-15
-1.4473471e-11
1.8286638e-15
-1.4473357e-11
2.5807433e-15
-1.4473015e-11
3.7740796e-15
-1.4472002e-11
3.9474257e-15
-1.4468966e-11
-1.7925717e-15
-1.4459932e-11
-2.6864723e-14
-1.4434038e-11
-1.0326385e-13
-1.436039e-11
-3.0353782e-13
-1.4132615e-11
-7.9873506e-13
-1.8843911e-12
-1.3442673e-11
-1.1712531e-11
-4.1510874e-13
-1.2073402e-11
-1.8173537e-13
-1.2207142e-11
-6.216352e-14
-1.2248442e-11
-1.3436545e-14
-1.2256445e-11
2.2926601e-15
-1.2254752e-11
5.1421153e-15
-1.2251632e-11
4.0624585e-15
-1.2249272e-11
2.5000161e-15
-1.2247788e-11
1.4037387e-15
-1.2246778e-11
8.7529077e-16
-1.2245776e-11
8.2667253e-16
-1.2244357e-11
1.1620594e-15
-1.2242259e-11
1.6759566e-15
-1.2239879e-11
1.5674372e-15
-1.2239695e-11
-1.9768076e-15
-1.2249238e-11
-1.7321584e-14
-1.2287097e-11
-6.5404054e-14
-1.2395318e-11
-1.9531732e-13
-1.2622668e-11
-5.7138505e-13
-1.8757254e-12
-1.2631334e-11
-5.3256646e-12
-5.5073999e-12
-5.5695634e-12
-5.583e-12
-5.5807073e-12
-5.5755652e-12
-5.5715028e-12
-5.5690027e-12
-5.567599e-12
-5.5667237e-12
-5.565897e-12
-5.564735e-12
-5.563059e-12
-5.5614916e-12
-5.5634684e-12
-5.58079e-12
-5.6461941e-12
-5.8415114e-12
-6.4128965e-12
-8.2886219e-12
-4.2257369e-12
-6.3450784e-13
-3.5835684e-12
-6.421685e-13
-3.0864119e-12
-4.9715651e-13
-2.813869e-12
-2.7254288e-13
-2.812739e-12
-1.1300305e-15
-3.1371327e-12
3.2439369e-13
-3.8726414e-12
7.3550864e-13
-5.191423e-12
1.3187816e-12
-7.4003308e-12
2.2089077e-12
2.6198102e-12
-9.6339051e-12
-1.8784328e-12
-8.3677439e-12
-1.9083297e-12
-7.376694e-12
-1.4882065e-12
-6.8031541e-12
-8.4608278e-13
-6.7077355e-12
-9.6548668e-14
-7.1092592e-12
7.2591743e-13
-7.9878085e-12
1.6140579e-12
-9.2007194e-12
2.5316926e-12
-1.0212249e-11
3.2204373e-12
2.4277023e-12
-1.2043954e-11
-3.2771515e-12
-1.0629635e-11
-3.3226482e-12
-9.54162e-12
-2.5762218e-12
-8.8958084e-12
-1.4918944e-12
-8.7161019e-12
-2.7625527e-13
-8.9725872e-12
9.8240289e-13
-9.5625523e-12
2.204023e-12
-1.0226406e-11
3.1955458e-12
-1.045045e-11
3.4444813e-12
1.9973937e-12
-1.1509982e-11
-4.3985029e-12
-1.0409833e-11
-4.4227973e-12
-9.6122907e-12
-3.3737642e-12
-9.1357401e-12
-1.968445e-12
-8.9672534e-12
-4.4474202e-13
-9.0712729e-12
1.0864224e-12
-9.3789201e-12
2.5116701e-12
-9.7788736e-12
3.5954993e-12
-1.0095011e-11
3.760619e-12
1.9225233e-12
-8.1116201e-12
-4.5755047e-12
-8.0508376e-12
-4.4835798e-12
-7.9799443e-12
-3.4446576e-12
-7.9060724e-12
-2.0423169e-12
-7.849232e-12
-5.0158243e-13
-7.8089841e-12
1.0461744e-12
-7.7810185e-12
2.4837046e-12
-7.8377863e-12
3.6522671e-12
-8.4000822e-12
4.322915e-12
3.5425821e-12
-2.9040079e-12
-1.6714968e-12
-4.5751802e-12
-2.8124075e-12
-5.4668656e-12
-2.5529722e-12
-5.8857882e-12
-1.6233943e-12
-5.9650378e-12
-4.2233278e-13
-5.7417277e-12
8.2286425e-13
-5.1820678e-12
1.9240447e-12
-4.174354e-12
2.6445533e-12
-2.426927e-12
2.575488e-12
1.1156551e-12
-1.0160899e-12
-6.5540692e-13
-2.3877092e-12
-1.4407882e-12
-3.4015631e-12
-1.5391182e-12
-3.9628852e-12
-1.0620722e-12
-4.0974249e-12
-2.8779316e-13
-3.8241228e-12
5.4956209e-13
-3.1400338e-12
1.2399556e-12
-2.0518956e-12
1.5564152e-12
-7.3448058e-13
1.2580728e-12
3.8117448e-13
-4.4896636e-13
-2.0644058e-13
-1.2567745e-12
-6.3298017e-13
-2.0057597e-12
-7.9013288e-13
-2.4772275e-12
-5.9060447e-13
-2.6019545e-12
-1.6306621e-13
-2.3725314e-12
3.2013902e-13
-1.8201205e-12
6.8754478e-13
-1.0457436e-12
7.8203826e-13
-3.0658906e-13
5.1891817e-13
7.4585423e-14
-2.0499964e-13
-1.4409384e-15
-6.4554753e-13
-1.9243225e-13
-1.1156004e-12
-3.2008005e-13
-1.4399773e-12
-2.6622759e-13
-1.5311955e-12
-7.1847945e-14
-1.3710637e-12
1.6000719e-13
-9.9972207e-13
3.1620318e-13
-5.2602311e-13
3.0833924e-13
-1.3488788e-13
1.2778292e-13
-6.0302494e-14
-8.1419855e-14
7.9978963e-14
-3.0341881e-13
2.9566697e-14
-5.6843457e-13
-5.5064301e-14
-7.644678e-13
-7.0194308e-14
-8.2173017e-13
-1.4585586e-14
-7.2281432e-13
6.1091324e-14
-5.0120609e-13
9.4594896e-14
-2.388429e-13
4.5976113e-14
-4.7675874e-14
-6.3384116e-14
-1.0797839e-13
-2.2144098e-14
1.0212308e-13
-1.1714999e-13
1.2457259e-13
-2.4811346e-13
7.5899154e-14
-3.5194901e-13
3.3641279e-14
-3.8282745e-13
1.6292813e-14
-3.2817491e-13
6.4387511e-15
-2.1095862e-13
-2.2621306e-14
-8.3407839e-14
-8.1574695e-14
-6.0530157e-15
-1.4073892e-13
-1.1403142e-13
4.3063411e-15
9.7816717e-14
-2.1922766e-14
1.5080173e-13
-7.2587307e-14
1.2656378e-13
-1.174062e-13
7.8460159e-14
-1.3045364e-13
2.9340246e-14
-1.0418063e-13
-1.9834178e-14
-5.2409984e-14
-7.439199e-14
-4.3217534e-15
-1.2966299e-13
1.2384928e-14
-1.5744556e-13
-1.016465e-13
1.3970625e-14
8.3846104e-14
2.1216634e-14
1.4355574e-13
1.4281078e-14
1.3349943e-13
3.6937927e-15
8.9047472e-14
1.5098958e-15
3.1524163e-14
1.1374125e-14
-2.9698409e-14
2.5954328e-14
-8.8972161e-14
3.1386755e-14
-1.3509546e-13
1.8614551e-14
-1.4467333e-13
-8.3031959e-14
1.4384334e-14
6.9461785e-14
3.5050983e-14
1.2288902e-13
4.9338042e-14
1.192124e-13
5.6637322e-14
8.1748182e-14
6.0459418e-14
2.7701989e-14
6.1906143e-14
-3.1145098e-14
5.7737639e-14
-8.4803601e-14
4.3205181e-14
-1.20563e-13
1.899183e-14
-1.2045997e-13
-6.4040105e-14
7.8591194e-15
6.1602645e-14
3.3053198e-14
9.7694973e-14
5.6247008e-14
9.6018606e-14
7.1618351e-14
6.6376865e-14
7.8325117e-14
2.0995267e-14
7.615956e-14
-2.8979585e-14
6.426553e-14
-7.2909666e-14
4.2779224e-14
-9.9076744e-14
1.6684254e-14
-9.4365031e-14
-4.7355858e-14
6.9361097e-18
-6.9504193e-18
-7.5444487e-17
8.2345083e-17
-2.464673e-16
1.7098919e-16
-4.6850637e-16
2.2203093e-16
-6.9992703e-16
2.3141566e-16
-9.0607364e-16
2.0614915e-16
-1.0640646e-15
1.5797782e-16
-1.1637944e-15
9.9758186e-17
-1.2066975e-15
4.2865903e-17
-4.2952405e-18
-1.202405e-15
-8.505155e-17
7.8072765e-17
-3.6938484e-16
3.6671063e-16
-8.2172475e-16
6.2332683e-16
-1.3674858e-15
7.677622e-16
-1.9224779e-15
7.8633306e-16
-2.4139999e-15
6.9767506e-16
-2.7927277e-15
5.3668804e-16
-3.0362201e-15
3.432326e-16
-3.1470516e-15
1.5368473e-16
-4.564117e-18
-3.1468346e-15
-1.7568856e-16
2.5372846e-16
-6.3231175e-16
8.2327379e-16
-1.2861549e-15
1.2771071e-15
-2.0365422e-15
1.518127e-15
-2.7793792e-15
1.5290774e-15
-3.4258428e-15
1.3442097e-15
-3.9161827e-15
1.0270072e-15
-4.2240491e-15
6.5111866e-16
-4.3547379e-15
2.8440568e-16
-2.1371587e-17
-4.3379255e-15
-2.2722486e-16
4.8096565e-16
-7.7740848e-16
1.3734328e-15
-1.5268324e-15
2.026538e-15
-2.3563627e-15
2.3476107e-15
-3.1537658e-15
2.3265167e-15
-3.8275698e-15
2.0180776e-15
-4.3183412e-15
1.5178052e-15
-4.6027064e-15
9.3548686e-16
-4.6908603e-15
3.7258798e-16
-9.3634936e-17
-4.6186154e-15
-2.3380871e-16
7.1475616e-16
-7.8374871e-16
1.9233623e-15
-1.5108906e-15
2.7536761e-15
-2.2909283e-15
3.1276509e-15
-3.0144504e-15
3.0500016e-15
-3.5966892e-15
2.6003047e-15
-3.9860756e-15
1.9071565e-15
-4.166599e-15
1.1160711e-15
-4.1545624e-15
3.6046528e-16
-2.5827123e-16
-3.9899123e-15
-2.0021406e-16
9.1496148e-16
-6.631609e-16
2.3863159e-15
-1.2595657e-15
3.3500856e-15
-1.8759297e-15
3.7439753e-15
-2.4165127e-15
3.5905158e-15
-2.8111331e-15
2.9949027e-15
-3.0212441e-15
2.117218e-15
-3.0405573e-15
1.1353832e-15
-2.8909351e-15
2.1085484e-16
-5.3505473e-16
-2.6141819e-15
-1.3678921e-16
1.051709e-15
-4.4689624e-16
2.6963721e-15
-8.3093966e-16
3.7341202e-15
-1.2006759e-15
4.1137031e-15
-1.4838967e-15
3.8737726e-15
-1.6313777e-15
3.1423421e-15
-1.6205958e-15
2.1064622e-15
-1.4555338e-15
9.7036333e-16
-1.161968e-15
-8.2702096e-17
-7.8007462e-16
-9.1693759e-16
-1.1654536e-15
-3.6965868e-17
-1.111722e-15
-5.3733196e-17
-1.0559658e-15
-5.5776069e-17
-1.0098796e-15
-4.609557e-17
-9.8137985e-16
-2.8470422e-17
-9.7439711e-16
-7.0157362e-18
-9.8883025e-16
1.4390927e-17
-1.0211452e-15
3.2350277e-17
-1.0647484e-15
4.3619805e-17
-1.1101233e-15
4.5345744e-17
-1.1449306e-15
3.482432e-17
-1.1544793e-15
9.5389816e-18
-1.1221908e-15
-3.2298279e-17
-1.0321085e-15
-9.007727e-17
-8.7786736e-16
-1.5428643e-16
-6.9024212e-16
-1.8765053e-16
-5.9589333e-16
-9.4321892e-17
-9.3523215e-16
3.3932147e-16
-3.1147422e-15
2.1795073e-15
1.1817835e-14
-1.4932578e-14
-3.0685476e-15
-1.1528319e-16
-2.9490858e-15
-1.7318701e-16
-2.8231579e-15
-1.8168063e-16
-2.7190215e-15
-1.5016056e-16
-2.6563767e-15
-9.1125965e-17
-2.6454931e-15
-1.7962215e-17
-2.687478e-15
5.6478363e-17
-2.7756358e-15
1.2050041e-16
-2.8962839e-15
1.6423002e-16
-3.0302461e-15
1.7932967e-16
-3.1546076e-15
1.5924779e-16
-3.24526e-15
1.0024704e-16
-3.2817366e-15
4.115837e-18
-3.2564186e-15
-1.1545954e-16
-3.1936212e-15
-2.1705536e-16
-3.1840685e-15
-1.9715205e-16
-3.4536205e-15
1.752101e-16
-4.5408213e-15
1.4264666e-15
-7.4230376e-15
5.0617005e-15
1.5053426e-14
-1.0658582e-14
-4.2179881e-15
-2.3527261e-16
-4.0444621e-15
-3.4670297e-16
-3.8642543e-15
-3.6198694e-16
-3.7157304e-15
-2.9869439e-16
-3.6258678e-15
-1.8091654e-16
-3.6094184e-15
-3.4445136e-17
-3.6689684e-15
1.1592745e-16
-3.7966728e-15
2.4817624e-16
-3.9763066e-15
3.4386146e-16
-4.1855979e-15
3.886242e-16
-4.3993888e-15
3.7299593e-16
-4.5939213e-15
2.9476013e-16
-4.7538546e-15
1.6397612e-16
-4.8825051e-15
1.3204621e-17
-5.0174365e-15
-8.2185232e-17
-5.2473072e-15
3.2779847e-17
-5.7277791e-15
6.5563408e-16
-6.6474483e-15
2.346073e-15
-7.7582753e-15
6.1725258e-15
1.378354e-14
-6.4883822e-15
-4.4370396e-15
-4.168116e-16
-4.2023048e-15
-5.8142525e-16
-3.9669232e-15
-5.9726298e-16
-3.7740067e-15
-4.9162448e-16
-3.6536193e-15
-3.0122e-16
-3.6223678e-15
-6.5728904e-17
-3.683483e-15
1.7704608e-16
-3.8291125e-15
3.9384708e-16
-4.042716e-15
5.5752901e-16
-4.3021043e-15
6.4800935e-16
-4.582897e-15
6.5373794e-16
-4.8630816e-15
5.7493725e-16
-5.1287604e-15
4.2960989e-16
-5.380153e-15
2.6463326e-16
-5.636215e-15
1.7381356e-16
-5.9287311e-15
3.2525965e-16
-6.2692519e-15
9.9615905e-16
-6.5325837e-15
2.6094056e-15
-6.0997905e-15
5.7397627e-15
1.0867201e-14
-3.1834851e-15
-3.7264801e-15
-6.802412e-16
-3.4216372e-15
-8.8624041e-16
-3.1282783e-15
-8.9068656e-16
-2.8889646e-15
-7.3097713e-16
-2.7331238e-15
-4.570161e-16
-2.67657e-15
-1.2231556e-16
-2.7220667e-15
2.2249272e-16
-2.8617161e-15
5.3349723e-16
-3.0795458e-15
7.7536532e-16
-3.3544933e-15
9.2294421e-16
-3.6636566e-15
9.6288546e-16
-3.9855311e-15
8.9684311e-16
-4.3032053e-15
7.4730421e-16
-4.6053139e-15
5.6670944e-16
-4.881582e-15
4.5007527e-16
-5.1053124e-15
5.4900851e-16
-5.1895551e-15
1.0803988e-15
-4.8939556e-15
2.3137924e-15
-3.6564311e-15
4.5021923e-15
7.6530045e-15
-4.4230567e-16
-2.2625786e-15
-1.0318445e-15
-1.8899686e-15
-1.258869e-15
-1.544472e-15
-1.2361216e-15
-1.2639536e-15
-1.011386e-15
-1.0737982e-15
-6.4712709e-16
-9.8668622e-16
-2.0948533e-16
-1.0036365e-15
2.3950889e-16
-1.116543e-15
6.4638621e-16
-1.3102775e-15
9.6910169e-16
-1.565525e-15
1.1781832e-15
-1.8610708e-15
1.258396e-15
-2.1757223e-15
1.2114669e-15
-2.4888778e-15
1.0604436e-15
-2.7781966e-15
8.5601869e-16
-3.0115582e-15
6.8339234e-16
-3.1286328e-15
6.6610899e-16
-3.0079313e-15
9.5961387e-16
-2.415841e-15
1.7217466e-15
-9.5356882e-16
3.0399499e-15
4.7819546e-15
1.9174983e-15
-3.564416e-16
-1.4555058e-15
6.3325985e-17
-1.678624e-15
4.3991961e-16
-1.6127555e-15
7.439306e-16
-1.3153748e-15
9.5678017e-16
-8.5994494e-16
1.0705741e-15
-3.232249e-16
1.0866927e-15
2.2342623e-16
1.013738e-15
7.1937865e-16
8.6539144e-16
1.1174291e-15
6.5849366e-16
1.3850237e-15
4.1157563e-16
1.5052769e-15
1.4426245e-16
1.4787732e-15
-1.2189009e-16
1.3265684e-15
-3.5953875e-16
1.093671e-15
-5.2774661e-16
8.5154477e-16
-5.5818965e-16
6.9655393e-16
-3.3626137e-16
7.3768061e-16
3.1810656e-16
1.0673522e-15
1.6515203e-15
1.7065513e-15
3.9126043e-15
2.5209087e-15
-1.8625249e-16
4.6856289e-14
2.7483269e-14
7.0025471e-14
5.4215097e-14
6.928684e-14
7.2949306e-14
4.7642636e-14
8.0910469e-14
1.3034082e-14
7.7313574e-14
-2.5382633e-14
6.2596868e-14
-5.8192968e-14
3.9341091e-14
-7.5820948e-14
1.4288185e-14
-6.9312061e-14
-3.3067691e-14
1.179386e-15
3.5018262e-14
2.2875299e-14
4.8329596e-14
4.5105636e-14
4.7056453e-14
6.1340994e-14
3.1407285e-14
6.8114491e-14
6.2605555e-15
6.4301001e-14
-2.156914e-14
5.0773025e-14
-4.4664991e-14
3.0772488e-14
-5.5820364e-14
1.0644122e-14
-4.9183715e-14
-2.2423594e-14
3.369999e-15
2.5159814e-14
1.9439975e-14
3.225961e-14
3.6155915e-14
3.0340543e-14
4.8527968e-14
1.9035182e-14
5.3448211e-14
1.3402458e-15
4.9831745e-14
-1.7952702e-14
3.8593289e-14
-3.3426513e-14
2.2764488e-14
-3.9991617e-14
7.5809303e-15
-3.4000156e-14
-1.4842645e-14
4.8068315e-15
1.716955e-14
1.6470239e-14
2.0596192e-14
2.840139e-14
1.84094e-14
3.7126976e-14
1.0309611e-14
4.0273588e-14
-1.8063256e-15
3.7003668e-14
-1.4682752e-14
2.8148598e-14
-2.45714e-14
1.6220632e-14
-2.8063601e-14
5.2272564e-15
-2.3006726e-14
-9.6153997e-15
5.7648018e-15
1.0962508e-14
1.4034833e-14
1.2326141e-14
2.2213172e-14
1.0231012e-14
2.7984593e-14
4.538228e-15
2.969767e-14
-3.5193985e-15
2.6801394e-14
-1.1786541e-14
2.001125e-14
-1.7781223e-14
1.1278663e-14
-1.9330941e-14
3.5251516e-15
-1.5253317e-14
-6.0902487e-15
6.5226821e-15
6.3573044e-15
1.2194213e-14
6.6545839e-15
1.7551013e-14
4.8741976e-15
2.1092843e-14
9.9634681e-16
2.1743454e-14
-4.1700562e-15
1.919301e-14
-9.2360701e-15
1.4038546e-14
-1.2626745e-14
7.7368531e-15
-1.3029233e-14
2.3469687e-15
-9.8634762e-15
-3.7432984e-15
7.1387236e-15
3.1311463e-15
1.084054e-14
2.9527721e-15
1.4131133e-14
1.5836749e-15
1.6063454e-14
-9.3596154e-16
1.5975568e-14
-4.0820893e-15
1.3730082e-14
-6.9906357e-15
9.8134349e-15
-8.7100705e-15
5.2838157e-15
-8.4996184e-15
1.5559309e-15
-6.1356778e-15
-2.1873727e-15
-5.5820047e-17
1.1075321e-15
-1.745883e-16
2.8150772e-15
-3.0182907e-16
3.8613509e-15
-3.8681162e-16
4.1986569e-15
-3.8947859e-16
3.8763891e-15
-2.8600602e-16
3.0388495e-15
-7.1144767e-17
1.891613e-15
2.4283543e-16
6.56386e-16
6.3042209e-16
-4.702851e-16
-1.3449001e-15
1.058356e-15
1.9841878e-17
1.0876418e-15
7.9196384e-17
2.7557327e-15
1.8844109e-16
3.7520732e-15
3.6108013e-16
4.026042e-15
6.0586558e-16
3.63162e-15
9.2268922e-16
2.7219824e-15
1.3016693e-15
1.512681e-15
1.7244055e-15
2.3366678e-16
2.1674302e-15
-9.1329214e-16
-1.7833773e-15
2.6058603e-15
8.7994261e-17
9.9965296e-16
3.072062e-16
2.5365126e-15
6.2522514e-16
3.4340123e-15
1.018063e-15
3.6332298e-15
1.4631893e-15
3.1864975e-15
1.9377265e-15
2.2474781e-15
2.4186245e-15
1.0317594e-15
2.8843668e-15
-2.3203012e-16
3.3166233e-15
-1.3455625e-15
-2.168748e-15
3.7020103e-15
1.4029746e-16
8.59349e-16
4.8206422e-16
2.1947659e-15
9.5651554e-16
2.9595244e-15
1.5061354e-15
3.0836105e-15
2.0804386e-15
2.6121853e-15
2.6369397e-15
1.6910498e-15
3.1428003e-15
5.2594732e-16
3.5763944e-15
-6.6564664e-16
3.9275389e-15
-1.6967156e-15
-2.4376049e-15
4.196295e-15
1.7155083e-16
6.8781532e-16
5.8656876e-16
1.7797006e-15
1.1504856e-15
2.3956851e-15
1.7794695e-15
2.4546186e-15
2.4011491e-15
1.9905822e-15
2.9579774e-15
1.1341531e-15
3.4114735e-15
7.2503675e-17
3.7428085e-15
-9.9693301e-16
3.9517893e-15
-1.9056833e-15
-2.5388376e-15
4.0529967e-15
1.8010448e-16
5.0769408e-16
6.1590727e-16
1.3438314e-15
1.1992956e-15
1.8122316e-15
1.8300688e-15
1.8238025e-15
2.4212519e-15
1.3994557e-15
2.9062303e-15
6.4915681e-16
3.2444449e-15
-2.6570903e-16
3.4221719e-15
-1.1747125e-15
3.4498813e-15
-1.9333961e-15
-2.4449971e-15
3.3560817e-15
1.6805229e-16
3.3965357e-16
5.7750173e-16
9.343951e-16
1.1193006e-15
1.2704412e-15
1.6871424e-15
1.2559085e-15
2.1876507e-15
8.988694e-16
2.5509454e-15
2.8587315e-16
2.7375693e-15
-4.5234322e-16
2.7399865e-15
-1.1771498e-15
2.5783792e-15
-1.7718593e-15
-2.1595199e-15
2.2929372e-15
1.4166388e-16
1.9797432e-16
4.8968993e-16
5.8645002e-16
9.4593635e-16
8.1421751e-16
1.4087834e-15
7.9313151e-16
1.7858098e-15
5.2182448e-16
2.0085615e-15
6.3157011e-17
2.0410331e-15
-4.847796e-16
1.8814564e-15
-1.0175983e-15
1.557476e-15
-1.447882e-15
1.1170307e-15
-1.7190598e-15
1.4916086e-15
-1.8887297e-15
1.8979368e-15
-2.0849971e-15
2.2516163e-15
-1.9664064e-15
2.5347396e-15
-1.5984645e-15
2.7376331e-15
-1.0628209e-15
2.85808e-15
-4.4367359e-16
2.8998584e-15
1.816248e-16
2.8711479e-15
7.4805351e-16
2.7829372e-15
1.2056188e-15
2.6479294e-15
1.5200197e-15
2.4797549e-15
1.6734083e-15
2.2933932e-15
1.6651117e-15
2.1067191e-15
1.5132583e-15
1.943945e-15
1.2563851e-15
1.8417926e-15
9.5372453e-16
1.8572964e-15
6.8102125e-16
2.0761975e-15
5.1874509e-16
2.6151306e-15
5.283431e-16
3.6060364e-15
7.1564268e-16
9.8574392e-16
5.1412391e-15
3.0169914e-15
-2.2998772e-15
3.3825012e-15
-2.4505469e-15
3.6900232e-15
-2.2739232e-15
3.932971e-15
-1.841419e-15
4.1102297e-15
-1.2400414e-15
4.2246723e-15
-5.5809243e-16
4.2820926e-15
1.2416055e-16
4.2900347e-15
7.4018986e-16
4.2563813e-15
1.2392092e-15
4.1894223e-15
1.5869888e-15
4.0973586e-15
1.7654269e-15
3.9895485e-15
1.7729433e-15
3.87808e-15
1.6247594e-15
3.780891e-15
1.3535321e-15
3.7261038e-15
1.0084563e-15
3.7563446e-15
6.5074169e-16
3.9310225e-15
3.4403331e-16
4.3223097e-15
1.3712293e-16
4.9971793e-15
4.0790771e-17
4.5774095e-18
5.9783275e-15
4.0325486e-15
-2.6304855e-15
4.3057856e-15
-2.7238059e-15
4.5236627e-15
-2.4917905e-15
4.6913687e-15
-2.0091583e-15
4.8160093e-15
-1.3646407e-15
4.904984e-15
-6.4709337e-16
4.9652926e-15
6.3850756e-17
5.0026584e-15
7.02891e-16
5.0210207e-15
1.22086e-15
5.0230091e-15
1.5850127e-15
5.0102906e-15
1.778157e-15
4.9848857e-15
1.7982817e-15
4.951214e-15
1.6584271e-15
4.9183991e-15
1.3863613e-15
4.9032931e-15
1.0235099e-15
4.9327911e-15
6.2124008e-16
5.0432886e-15
2.3355058e-16
5.2750958e-15
-9.4702288e-17
5.6580831e-15
-3.4219362e-16
-5.2371904e-16
6.1864042e-15
4.3911111e-15
-2.8253003e-15
4.5256909e-15
-2.8583428e-15
4.6162909e-15
-2.5823773e-15
4.6791815e-15
-2.0720557e-15
4.7286596e-15
-1.4140931e-15
4.7755542e-15
-6.9398192e-16
4.8268801e-15
1.2563951e-17
4.8854235e-15
6.4430157e-16
4.9504475e-15
1.1559151e-15
5.0180216e-15
1.51743e-15
5.0826177e-15
1.7135701e-15
5.1383453e-15
1.7425766e-15
5.1810104e-15
1.6157252e-15
5.2103815e-15
1.356987e-15
5.2321496e-15
1.0017695e-15
5.2592616e-15
5.9421172e-16
5.3107359e-15
1.8210317e-16
5.4068564e-15
-1.908839e-16
5.5591864e-15
-4.945545e-16
-7.1989286e-16
5.7553528e-15
4.071094e-15
-2.8433339e-15
4.0351904e-15
-2.8224696e-15
3.9745668e-15
-2.5218216e-15
3.9149619e-15
-2.0124777e-15
3.8762455e-15
-1.375307e-15
3.8711387e-15
-6.8890447e-16
3.9054419e-15
-2.1757551e-17
3.9783428e-15
5.7139826e-16
4.0835119e-15
1.050666e-15
4.2106904e-15
1.3902733e-15
4.3468865e-15
1.5773752e-15
4.4785575e-15
1.6108735e-15
4.5934937e-15
1.5008204e-15
4.6827447e-15
1.2677497e-15
4.7424865e-15
9.4195501e-16
4.7750289e-15
5.6162939e-16
4.7877363e-15
1.6937238e-16
4.7900483e-15
-1.9314803e-16
4.786743e-15
-4.9122854e-16
-7.0274737e-16
4.7695971e-15
3.1798984e-15
-2.6671427e-15
2.9638526e-15
-2.6064246e-15
2.7477373e-15
-2.3057069e-15
2.5643109e-15
-1.8290855e-15
2.4370235e-15
-1.2479861e-15
2.3790187e-15
-6.3084005e-16
2.3937703e-15
-3.6483612e-17
2.4763947e-15
4.888398e-16
2.6151234e-15
9.119204e-16
2.7935841e-15
1.2119164e-15
2.9922461e-15
1.3787254e-15
3.1909725e-15
1.4121322e-15
3.3707565e-15
1.3209899e-15
3.5158155e-15
1.1226684e-15
3.6152452e-15
8.4254387e-16
3.6640956e-15
5.1284015e-16
3.6629978e-15
1.7044045e-16
3.6165251e-15
-1.4670212e-16
3.5293108e-15
-4.0402289e-16
-5.7470842e-16
3.4011885e-15
1.9342127e-15
-2.3084095e-15
1.5546019e-15
-2.2267504e-15
1.2010795e-15
-1.9521554e-15
9.1067288e-16
-1.5386438e-15
7.081096e-16
-1.0454236e-15
6.0556418e-16
-5.2824247e-16
6.0357161e-16
-3.4530853e-17
6.9327568e-16
3.991804e-16
8.5817145e-16
7.4708151e-16
1.0767498e-15
9.9333271e-16
1.3246034e-15
1.1308177e-15
1.5766908e-15
1.160074e-15
1.8092047e-15
1.0884799e-15
2.0017327e-15
9.3009923e-16
2.1389119e-15
7.053276e-16
2.2116518e-15
4.4011068e-16
2.2174165e-15
1.6465742e-16
2.1596125e-15
-8.8895849e-17
2.0454477e-15
-2.8988965e-16
-4.1258163e-16
1.8832943e-15
6.1785278e-16
-1.8092178e-15
1.1762807e-16
-1.7265307e-15
-3.3340964e-16
-1.5011511e-15
-6.9714756e-16
-1.174937e-15
-9.4951263e-16
-7.9298228e-16
-1.0806351e-15
-3.9717283e-16
-1.0926654e-15
-2.2471757e-17
-9.9805032e-16
3.0456577e-16
-8.1658049e-16
5.656054e-16
-5.7298573e-16
7.4970932e-16
-2.9449477e-16
8.5235133e-16
-8.8888502e-18
8.7445285e-16
2.5778316e-16
8.217958e-16
4.8294759e-16
7.0497949e-16
6.4912293e-16
5.3915327e-16
7.4560021e-16
3.4365823e-16
7.6897991e-16
1.4130804e-16
7.232495e-16
-4.3170176e-17
6.1875017e-16
-1.8542039e-16
4.7058061e-16
-2.6440011e-16
7.1592354e-15
1.1131033e-15
9.3219307e-15
7.900582e-16
1.1085518e-14
-1.7991393e-16
1.1889921e-14
-1.7403936e-15
1.1365417e-14
-3.5575516e-15
9.4828163e-15
-5.1081008e-15
6.6129409e-15
-5.8402756e-15
3.4795254e-15
-5.3661705e-15
9.9783836e-16
-3.6539969e-15
-1.1895668e-15
7.1828318e-15
-9.1408513e-17
8.3731555e-15
-4.0023887e-16
9.2040532e-15
-1.0108301e-15
9.3375481e-15
-1.8739309e-15
8.5710946e-15
-2.7911332e-15
6.9321822e-15
-3.4691838e-15
4.7114541e-15
-3.6195844e-15
2.4211426e-15
-3.0758496e-15
6.7539802e-16
-1.9082892e-15
-5.1419916e-16
6.7869182e-15
-6.9195474e-16
7.3021123e-15
-9.15388e-16
7.5218399e-15
-1.230642e-15
7.2535576e-15
-1.6056934e-15
6.3996889e-15
-1.9372021e-15
5.0139199e-15
-2.083498e-15
3.3172994e-15
-1.9229189e-15
1.662858e-15
-1.4214573e-15
4.5065555e-16
-6.9612065e-16
-6.3548217e-17
5.9434793e-15
-8.8011078e-16
6.0277167e-15
-9.9967061e-16
5.8895777e-15
-1.0924819e-15
5.4294387e-15
-1.1455996e-15
4.6120748e-15
-1.1197967e-15
3.497703e-15
-9.6916262e-16
2.2472035e-15
-6.7246295e-16
1.0942316e-15
-2.6851575e-16
2.8591826e-16
1.1220093e-16
2.2235371e-16
4.7097828e-15
-8.2022402e-16
4.557333e-15
-8.4723914e-16
4.2546064e-15
-7.8980245e-16
3.7597938e-15
-6.5071293e-16
3.0713709e-15
-4.3142613e-16
2.2442202e-15
-1.4205382e-16
1.3881891e-15
1.8350569e-16
6.4711222e-16
4.7265202e-16
1.5828508e-16
6.0100553e-16
3.8060182e-16
3.2236166e-15
-6.4264107e-16
2.9794154e-15
-6.0301407e-16
2.6500693e-15
-4.6044136e-16
2.2275878e-15
-2.2823245e-16
1.7263879e-15
6.9809133e-17
1.1892619e-15
3.9501963e-16
6.8385346e-16
6.8894462e-16
2.8653778e-16
8.6990627e-16
5.6221473e-17
8.3134912e-16
4.368113e-16
1.6801506e-15
-4.3945191e-16
1.4409065e-15
-3.6370192e-16
1.1708578e-15
-1.9038467e-16
8.8024987e-16
6.2375181e-17
5.8810055e-16
3.6194998e-16
3.2300135e-16
6.6012434e-16
1.1835534e-16
8.9358927e-16
1.4339731e-18
9.8682417e-16
-2.3877479e-17
8.5660068e-16
4.1291938e-16
2.9618514e-16
-2.6503509e-16
1.1390647e-16
-1.8143105e-16
-5.7759881e-17
-1.867902e-17
-2.0057806e-16
2.0518503e-16
-2.9695202e-16
4.5832825e-16
-3.3229066e-16
6.9549467e-16
-2.9936575e-16
8.6070198e-16
-2.0518476e-16
8.9265146e-16
-8.1074708e-17
7.3248288e-16
3.3186212e-16
4.0053573e-17
1.5794262e-16
1.3497928e-16
4.9151166e-16
2.6047989e-16
6.8874328e-16
3.8577889e-16
6.6785452e-16
4.8168971e-16
4.2588009e-16
5.2698418e-16
1.7875029e-17
5.109464e-16
-4.6874083e-16
4.3394783e-16
-9.4058108e-16
3.0585058e-16
-1.3197577e-15
1.4290798e-16
-1.5561654e-15
-3.5651027e-17
-1.6306086e-15
-2.109878e-16
-1.5511939e-15
-3.6690274e-16
-1.3451944e-15
-4.9141793e-16
-1.0504163e-15
-5.7725618e-16
-7.0713293e-16
-6.2174568e-16
-3.5267119e-16
-6.2615155e-16
-1.8032197e-17
-5.9495827e-16
2.7338863e-16
-5.3492478e-16
5.0557845e-16
-4.543052e-16
6.6908041e-16
-3.6206268e-16
7.6012507e-16
-2.6723139e-16
7.7961003e-16
-1.7827669e-16
7.3283494e-16
-1.0252353e-16
6.2925891e-16
-4.561683e-17
4.8223842e-16
-1.102116e-17
3.0905237e-16
2.2977077e-19
1.300656e-16
-1.0353281e-17
-3.2583176e-17
-3.8925329e-17
-1.5688656e-16
-7.9728292e-17
-2.2353305e-16
-1.2586713e-16
-2.1887858e-16
-1.6992163e-16
-1.3736683e-16
-2.0464132e-16
1.6055055e-17
-2.2362177e-16
2.2420217e-16
-2.2203661e-16
4.5676269e-16
-1.9762678e-16
6.7105239e-16
-1.5198903e-16
8.1509078e-16
-9.2625074e-17
8.332769e-16
-3.3940301e-17
6.7382459e-16
2.979049e-16
9.1271154e-17
6.6698353e-17
3.2602119e-16
2.567872e-16
6.346917e-16
3.8001258e-16
9.34138e-16
3.6840204e-16
1.1444008e-15
2.1561537e-16
1.2057799e-15
-4.3497962e-17
1.0891834e-15
-3.520871e-16
7.9811318e-16
-6.4944387e-16
3.6361046e-16
-8.8528475e-16
-1.0278335e-15
-1.6471611e-16
5.33429e-17
1.3322292e-17
2.0692454e-16
1.0315124e-16
4.1683009e-16
1.7023018e-16
6.162516e-16
1.6895598e-16
7.3786002e-16
9.4032028e-17
7.3077026e-16
-3.6443653e-17
5.7109976e-16
-1.9240671e-16
2.636782e-16
-3.4205212e-16
-1.6220782e-16
-4.5935803e-16
-5.2832479e-16
-6.6169214e-16
1.8841287e-17
-5.5048139e-18
9.9920542e-17
2.2094826e-17
2.2400659e-16
4.6112359e-17
3.4428702e-16
4.870382e-17
4.1026118e-16
2.7962912e-17
3.8392281e-16
-1.0093823e-17
2.4762253e-16
-5.602886e-17
5.6252655e-18
-1.0001631e-16
-3.1957199e-16
-1.3412933e-16
-1.5368064e-16
-6.9423087e-16
-5.5083419e-18
1.6585819e-17
6.2729028e-17
1.1140696e-16
1.3938213e-16
1.2929289e-16
7.3246721e-17
-2.6758057e-17
-1.6087055e-16
-3.1456117e-16
-7.2945629e-16
-1.0657973e-15
-1.2751179e-15
-1.005544e-15
-1.7548126e-15
-8.6556273e-16
-2.1344717e-15
-6.7071968e-16
-2.3944085e-15
-4.4721619e-16
-2.5283102e-15
-2.1883893e-16
-2.5414197e-15
-4.9193268e-18
-2.4481015e-15
1.8008141e-16
-2.2690511e-15
3.2652993e-16
-2.0289492e-15
4.2898412e-16
-1.7542962e-15
4.8547887e-16
-1.4715781e-15
4.9689309e-16
-1.2053986e-15
4.6673248e-16
-9.7714705e-16
4.0099732e-16
-8.0315769e-16
3.082147e-16
-6.9339431e-16
1.9927764e-16
-6.5056264e-16
8.7221533e-17
-6.6954642e-16
-1.3570371e-17
-7.3776177e-16
-8.869864e-17
-1.2512486e-16
-8.3614612e-16
-1.1837632e-15
-5.4369559e-16
-1.6799826e-15
-5.0934931e-16
-2.1103707e-15
-4.3518038e-16
-2.4468e-15
-3.3429608e-16
-2.6739238e-15
-2.2011751e-16
-2.7881351e-15
-1.0459025e-16
-2.7956279e-15
2.637353e-18
-2.7101901e-15
9.4620478e-17
-2.5505467e-15
1.6689222e-16
-2.3384945e-15
2.1697202e-16
-2.0970979e-15
2.4406217e-16
-1.849011e-15
2.4881586e-16
-1.6152436e-15
2.33029e-16
-1.4138942e-15
1.9968525e-16
-1.2587414e-15
1.5304703e-16
-1.1579698e-15
9.853586e-17
-1.1134401e-15
4.2717868e-17
-1.1199323e-15
-7.0917478e-18
-1.1651345e-15
-4.3436669e-17
-5.9536924e-17
-1.2307053e-15
-1.0806765e-15
-1.5731847e-16
-1.4436216e-15
-1.4634987e-16
-1.7548128e-15
-1.2400059e-16
-1.994971e-15
-9.417322e-17
-2.1542193e-15
-6.0917628e-17
-2.2312181e-15
-2.7630824e-17
-2.2315105e-15
2.9530844e-18
-2.1657557e-15
2.8885143e-17
-2.0478948e-15
4.9029298e-17
-1.8937375e-15
6.2766309e-17
-1.7196709e-15
6.9957993e-17
-1.5417048e-15
7.0835291e-17
-1.3745858e-15
6.5924966e-17
-1.2309577e-15
5.6041365e-17
-1.1203939e-15
4.2442197e-17
-1.0484823e-15
2.6639924e-17
-1.0162889e-15
1.050854e-17
-1.0196035e-15
-3.814988e-18
-1.0489452e-15
-1.4103598e-17
-1.8336039e-17
-1.0901476e-15
-4.71851e-16
-6.1818285e-16
-7.4213704e-16
-8.3635684e-16
-8.9722732e-16
-9.2483529e-16
-9.2189939e-16
-8.9302247e-16
-8.4396628e-16
-7.8119737e-16
-7.1122917e-16
-6.403822e-16
-5.7446282e-16
-5.1839911e-16
-4.7595647e-16
-4.493029e-16
-4.3880025e-16
-4.4260014e-16
-4.5671458e-16
-4.7505559e-16
-9.4142714e-16
-1.1359527e-16
-1.0284299e-15
-5.0314605e-17
-1.0732191e-15
6.086312e-17
-1.0562802e-15
2.0726518e-16
-9.6614685e-16
3.6660457e-16
-8.0289029e-16
5.077981e-16
-5.8140474e-16
5.9367942e-16
-3.34021e-16
5.858669e-16
-1.1282689e-16
4.5266086e-16
1.8505208e-16
-1.2939089e-15
-5.0377712e-17
-1.3303214e-15
-1.3971185e-17
-1.3171716e-15
4.7712765e-17
-1.2374183e-15
1.2753488e-16
-1.0839576e-15
2.1310487e-16
-8.6315676e-16
2.8696856e-16
-5.9760624e-16
3.2810909e-16
-3.2645215e-16
3.1466453e-16
-1.0387113e-16
2.3005565e-16
8.119164e-17
-1.1255421e-15
-1.4965823e-17
-1.1362293e-15
-3.2846671e-18
-1.1046584e-15
1.6105768e-17
-1.0182527e-15
4.1131734e-17
-8.730042e-16
6.785086e-17
-6.766703e-16
9.0714333e-17
-4.5123797e-16
1.0269037e-16
-2.3263325e-16
9.6145634e-17
-6.7101266e-17
6.4480701e-17
1.4124485e-17
-4.8999096e-16
-4.9328299e-16
-4.7717762e-16
-4.3605556e-16
-3.6818119e-16
-2.7745864e-16
-1.747383e-16
-7.860525e-17
-1.4112146e-17
)
;

boundaryField
{
    needle_inlet
    {
        type            calculated;
        value           uniform 0;
    }
    needle_outlet
    {
        type            calculated;
        value           uniform 1.6e-12;
    }
    sclera_left
    {
        type            calculated;
        value           uniform 0;
    }
    sclera_top
    {
        type            calculated;
        value           uniform 0;
    }
    sclera_bot
    {
        type            calculated;
        value           uniform 0;
    }
    sclera_right
    {
        type            calculated;
        value           uniform 0;
    }
    lens_wall
    {
        type            calculated;
        value           uniform 0;
    }
    iris_wall
    {
        type            calculated;
        value           uniform 0;
    }
    ac_inlet
    {
        type            calculated;
        value           nonuniform List<scalar> 5(-1.0020141e-11 -1.0020141e-11 -1.0020141e-11 -1.0020141e-11 -1.0020141e-11);
    }
    outlet_tm
    {
        type            calculated;
        value           nonuniform List<scalar> 5(4.4537267e-12 9.557071e-12 1.2060882e-11 1.2177523e-11 1.0251503e-11);
    }
    front
    {
        type            empty;
    }
    back
    {
        type            empty;
    }
}


// ************************************************************************* //
