/*--------------------------------*- C++ -*----------------------------------*\
| =========                 |                                                 |
| \\      /  F ield         | OpenFOAM: The Open Source CFD Toolbox           |
|  \\    /   O peration     | Version:  2512                                  |
|   \\  /    A nd           | Website:  www.openfoam.com                      |
|    \\/     M anipulation  |                                                 |
\*---------------------------------------------------------------------------*/
FoamFile
{
    version     2.0;
    format      ascii;
    arch        "LSB;label=32;scalar=64";
    class       surfaceScalarField;
    location    "20.1";
    object      phi;
}
// * * * * * * * * * * * * * * * * * * * * * * * * * * * * * * * * * * * * * //

dimensions      [0 3 -1 0 0 0 0];

oriented        oriented;

internalField   nonuniform List<scalar> 
6512
(
4.2895109e-14
-4.2894836e-14
-2.7731774e-19
8.2487504e-14
-3.959239e-14
1.2333972e-13
-4.0852219e-14
1.6822382e-13
-4.4884101e-14
2.1706983e-13
-4.8846011e-14
2.6798157e-13
-5.0911732e-14
3.1813305e-13
-5.015149e-14
3.6439234e-13
-4.6259292e-14
4.0388032e-13
-3.9487969e-14
4.3457009e-13
-3.0689775e-14
4.5582945e-13
-2.1259355e-14
4.686881e-13
-1.2858665e-14
4.7511821e-13
-6.4301184e-15
4.772571e-13
-2.1388793e-15
4.7691281e-13
3.4429288e-16
4.7542068e-13
1.492137e-15
4.7358051e-13
1.8401671e-15
4.7183231e-13
1.7481889e-15
4.7035722e-13
1.4750973e-15
4.691839e-13
1.1733331e-15
4.6826464e-13
9.1925323e-16
4.6752495e-13
7.3968876e-16
4.6689553e-13
6.294011e-16
4.6633693e-13
5.5859593e-16
4.6586625e-13
4.7068174e-16
4.6559179e-13
2.7446026e-16
4.6577484e-13
-1.8305259e-16
4.6693263e-13
-1.1578018e-15
4.699573e-13
-3.0247057e-15
4.763082e-13
-6.3509012e-15
4.882395e-13
-1.1931305e-14
5.0901173e-13
-2.0772222e-14
5.4291157e-13
-3.3899857e-14
5.9467798e-13
-5.176639e-14
6.6722401e-13
-7.2546027e-14
7.5370327e-13
-8.6479278e-14
8.1865401e-13
-6.4950732e-14
7.9657679e-13
2.2077213e-14
4.5678144e-13
3.3979536e-13
4.5678144e-13
1.4062703e-13
-1.8352125e-13
-5.9703306e-19
2.7573199e-13
-1.7469733e-13
4.1878714e-13
-1.8390737e-13
5.7646072e-13
-2.0255767e-13
7.469161e-13
-2.1930137e-13
9.2332792e-13
-2.2732354e-13
1.0963855e-12
-2.2320911e-13
1.2560041e-12
-2.0587781e-13
1.3929843e-12
-1.7646818e-13
-1.3857169e-13
1.5008662e-12
1.9940363e-13
-3.829242e-13
-6.6763643e-19
3.9464722e-13
-3.6994095e-13
6.1169189e-13
-4.0095202e-13
8.5620779e-13
-4.4707354e-13
1.1208722e-12
-4.8396582e-13
1.3935395e-12
-4.9999084e-13
1.6599548e-12
-4.8962435e-13
1.9051516e-12
-4.5107467e-13
2.115358e-12
-3.8667463e-13
-3.0393414e-13
2.2807205e-12
2.0468706e-13
-5.8761066e-13
-6.0355475e-19
4.2203785e-13
-5.8729173e-13
6.9159776e-13
-6.7051192e-13
1.005704e-12
-7.611798e-13
1.3457467e-12
-8.2400856e-13
1.6939788e-12
-8.4822291e-13
2.0326573e-12
-8.2830282e-13
2.3431719e-12
-7.6158935e-13
2.6075759e-12
-6.5107861e-13
-5.086908e-13
2.8123326e-12
1.0744748e-13
-6.9505862e-13
4.6165652e-19
3.2010328e-13
-7.9994749e-13
6.4416088e-13
-9.9456951e-13
1.0243865e-12
-1.1414054e-12
1.4270904e-12
-1.2267125e-12
1.8336613e-12
-1.2547938e-12
2.2267483e-12
-1.2213899e-12
2.5856505e-12
-1.1204915e-12
2.8877914e-12
-9.5321952e-13
3.1144827e-12
-7.3538211e-13
1.577609e-12
-9.800216e-14
1.6263687e-12
-6.1618336e-14
1.6533092e-12
-3.3370569e-14
1.6652008e-12
-1.4030539e-14
1.667917e-12
-2.3719339e-15
1.6657664e-12
3.6428031e-15
1.6616068e-12
5.9997108e-15
1.6570649e-12
6.2901429e-15
1.6529273e-12
5.6126776e-15
1.6494611e-12
4.6394762e-15
1.6466534e-12
3.7269487e-15
1.6443768e-12
3.0163164e-15
1.6425043e-12
2.501915e-15
1.6410014e-12
2.0615548e-15
1.640023e-12
1.4490038e-15
1.6400494e-12
2.4811259e-16
1.6420688e-12
-2.2025368e-15
1.647854e-12
-6.9429058e-15
1.6603688e-12
-1.5539522e-14
-3.0265955e-14
1.6842839e-12
2.3981403e-12
-2.1542198e-13
2.4732082e-12
-1.3668628e-13
2.5158807e-12
-7.6043062e-14
2.5364771e-12
-3.4626905e-14
2.5435591e-12
-9.4540133e-15
2.5433127e-12
3.8892502e-15
2.539715e-12
9.5974306e-15
2.5350744e-12
1.093071e-14
2.5305587e-12
1.0128377e-14
2.5266377e-12
8.5604454e-15
2.5234026e-12
6.9620647e-15
2.5207833e-12
5.6356719e-15
2.5186994e-12
4.5857695e-15
2.5171815e-12
3.5794174e-15
2.5164957e-12
2.1348341e-15
2.5173029e-12
-5.5903893e-16
2.5208822e-12
-5.7818341e-15
2.5294489e-12
-1.550963e-14
2.5465769e-12
-3.2667596e-14
-6.1427206e-14
2.5777382e-12
2.9530741e-12
-3.5616352e-13
3.0398523e-12
-2.2346446e-13
3.0878634e-12
-1.2405417e-13
3.1110124e-12
-5.7775883e-14
3.1197159e-12
-1.8157488e-14
3.1208666e-12
2.7385282e-15
3.1186009e-12
1.1863106e-14
3.115188e-12
1.4343649e-14
3.1117397e-12
1.3576635e-14
3.1087075e-12
1.1592664e-14
3.1062019e-12
9.4676337e-15
3.1041933e-12
7.6443026e-15
3.102642e-12
6.1370354e-15
3.1015983e-12
4.623051e-15
3.1013017e-12
2.4315077e-15
3.1023029e-12
-1.5602835e-15
3.1056402e-12
-9.1190693e-15
3.1130648e-12
-2.2934303e-14
3.127354e-12
-4.695676e-14
-8.6761638e-14
3.1526885e-12
3.2582704e-12
-4.9995127e-13
3.3384748e-12
-3.0366878e-13
3.3784109e-12
-1.6399032e-13
3.3958108e-12
-7.5175752e-14
3.4018515e-12
-2.4198181e-14
3.4027555e-12
1.8345292e-15
3.4016769e-12
1.2941723e-14
3.4000668e-12
1.595379e-14
3.3985192e-12
1.5124161e-14
3.3972246e-12
1.28873e-14
3.3962024e-12
1.0489844e-14
3.3954168e-12
8.4298738e-15
3.3948364e-12
6.7174518e-15
3.3944715e-12
4.9880208e-15
3.394408e-12
2.4948835e-15
3.3948508e-12
-2.003035e-15
3.3961814e-12
-1.0449642e-14
3.3990353e-12
-2.5788232e-14
3.4044021e-12
-5.2323581e-14
3.4137405e-12
-9.6100001e-14
1.7266156e-12
-5.4263049e-14
1.7974169e-12
-9.1573504e-14
1.9103457e-12
-1.4682863e-13
2.0827752e-12
-2.2419584e-13
2.3351024e-12
-3.2487323e-13
2.6906159e-12
-4.4199282e-13
3.1775715e-12
-5.5190628e-13
3.8062379e-12
-6.0658919e-13
-5.4109307e-13
4.6871263e-12
2.6309141e-12
-1.0743901e-13
2.717176e-12
-1.778354e-13
2.851013e-12
-2.8066557e-13
3.0499759e-12
-4.2315875e-13
3.3329546e-12
-6.0785198e-13
3.7161263e-12
-8.2516454e-13
4.2044954e-12
-1.0402754e-12
4.7731736e-12
-1.1752674e-12
-1.0980064e-12
5.330087e-12
3.1950753e-12
-1.4982586e-13
3.2627601e-12
-2.455202e-13
3.3665371e-12
-3.8444254e-13
3.5197853e-12
-5.7640701e-13
3.737992e-12
-8.2605862e-13
4.038094e-12
-1.1252665e-12
4.4373702e-12
-1.4395515e-12
4.9332066e-12
-1.6711038e-12
-1.5847796e-12
5.4199797e-12
3.4291e-12
-1.6518539e-13
3.4532489e-12
-2.6966909e-13
3.4898651e-12
-4.2105868e-13
3.5439798e-12
-6.3052176e-13
3.6231311e-12
-9.0520986e-13
3.7416929e-12
-1.2438284e-12
3.93919e-12
-1.6370486e-12
4.3195139e-12
-2.0514277e-12
4.9799143e-12
-2.24518e-12
-3.9868003e-13
5.5425878e-12
-6.1118146e-13
5.5425884e-12
-7.3379015e-13
5.5425884e-12
5.5425879e-12
-1.2964637e-12
-1.5266944e-19
-1.9083921e-20
1.1480648e-19
-9.8917806e-14
-5.9614337e-13
2.5815453e-18
6.1328063e-14
-9.6019337e-13
3.0487544e-13
-1.2381169e-12
5.6883217e-13
-1.4053621e-12
8.3326814e-13
-1.4911485e-12
1.0951558e-12
-1.5166815e-12
1.347799e-12
-1.474033e-12
1.5784414e-12
-1.3511339e-12
1.770425e-12
-1.1452031e-12
-8.7323454e-13
1.9082774e-12
-4.2592262e-13
-1.7022129e-13
5.4088915e-19
-1.0523878e-13
-1.2808772e-12
2.3177105e-13
-1.5751267e-12
5.2065281e-13
-1.6942439e-12
7.9291923e-13
-1.7634149e-12
1.0607288e-12
-1.7844911e-12
1.3206662e-12
-1.7339704e-12
1.5591259e-12
-1.5895937e-12
1.7561131e-12
-1.3421903e-12
1.8913941e-12
-1.0085156e-12
1.984495e-12
-5.761689e-13
2.0190608e-12
-3.3823456e-13
2.0320923e-12
-1.7702179e-13
2.0358493e-12
-7.8932779e-14
2.0363675e-12
-2.4716387e-14
2.0361326e-12
2.0694182e-15
2.0359542e-12
1.3120125e-14
2.0359779e-12
1.593006e-14
2.0361489e-12
1.4953249e-14
2.036387e-12
1.2649101e-14
2.0366365e-12
1.0240367e-14
2.0368667e-12
8.1996365e-15
2.0370596e-12
6.5245077e-15
2.0371935e-12
4.8541528e-15
2.0372254e-12
2.4630164e-15
2.0370703e-12
-1.8479783e-15
2.0365734e-12
-9.9527004e-15
2.0354703e-12
-2.4685193e-14
2.0333311e-12
-5.018434e-14
-9.2246853e-14
2.0294779e-12
1.9533525e-12
-6.3812726e-13
1.9722475e-12
-3.5712953e-13
1.9741517e-12
-1.7892602e-13
1.9717727e-12
-7.6553704e-14
1.9696884e-12
-2.2632159e-14
1.968892e-12
2.8658635e-15
1.9691422e-12
1.2869941e-14
1.969963e-12
1.5109211e-14
1.9709804e-12
1.393592e-14
1.9719778e-12
1.1651615e-14
1.9728602e-12
9.3580175e-15
1.9735989e-12
7.460983e-15
1.9741828e-12
5.9405845e-15
1.9745756e-12
4.4613894e-15
1.9746717e-12
2.3668648e-15
1.974244e-12
-1.4202858e-15
1.9728723e-12
-8.5809843e-15
1.9698446e-12
-2.1657507e-14
1.9640215e-12
-4.4361286e-14
1.9536542e-12
-8.1879464e-14
2.0228647e-12
-1.5857213e-13
2.0118848e-12
-2.5868918e-13
1.9940409e-12
-4.0321484e-13
1.965377e-12
-6.0185779e-13
1.9193894e-12
-8.5922233e-13
1.8433118e-12
-1.1677507e-12
1.7049802e-12
-1.498717e-12
1.4288701e-12
-1.7753176e-12
-1.7276894e-12
9.1137947e-13
1.9361421e-12
-1.4106001e-13
1.9077008e-12
-2.3024795e-13
1.8628576e-12
-3.5837167e-13
1.7935975e-12
-5.3259768e-13
1.6877842e-12
-7.5340895e-13
1.5255113e-12
-1.0054779e-12
1.2698207e-12
-1.2430265e-12
8.6175783e-13
-1.3672546e-12
3.0362814e-13
-1.1695597e-12
-3.8508426e-13
-8.1456087e-14
-6.6330274e-13
-2.3869186e-12
-1.1216262e-13
-1.8320174e-12
1.0523685e-13
-1.7925262e-12
2.5656857e-13
-1.8455756e-12
3.9817421e-13
-1.9050205e-12
5.3941781e-13
-1.9257346e-12
6.7856148e-13
-1.8731141e-12
8.0735814e-13
-1.7183903e-12
9.1334146e-13
-1.4481737e-12
9.8214431e-13
-1.0773185e-12
1.0066881e-12
-6.6267111e-13
1.007985e-12
-3.5842638e-13
1.0034794e-12
-1.7442046e-13
9.9955097e-13
-7.2625238e-14
9.9746717e-13
-2.0548364e-14
9.9691659e-13
3.4164824e-15
9.9728154e-13
1.2504981e-14
9.9805601e-13
1.4334733e-14
9.9892704e-13
1.306491e-14
9.9973912e-13
1.0839517e-14
1.0004356e-12
8.6615261e-15
1.001008e-12
6.8885813e-15
1.0014576e-12
5.4910142e-15
1.0017637e-12
4.1552557e-15
1.0018527e-12
2.2778288e-15
1.0015599e-12
-1.1274249e-15
1.0005767e-12
-7.5978308e-15
9.983798e-13
-1.9460561e-14
9.9413256e-13
-4.0114045e-14
9.8655833e-13
-7.4305231e-14
9.7378138e-13
-1.282831e-13
9.5313285e-13
-2.095994e-13
9.2090449e-13
-3.2614329e-13
8.7199961e-13
-4.8369279e-13
7.9944056e-13
-6.808499e-13
6.9370346e-13
-8.997408e-13
5.4211646e-13
-1.0914394e-12
3.2228924e-13
-1.1474274e-12
8.1935956e-14
-9.2920644e-13
4.7984501e-16
-3.5028293e-13
-2.036633e-12
-2.5853675e-18
-7.0793364e-14
-2.1115069e-12
2.6421921e-13
-2.1275388e-12
5.9166884e-13
-2.1730252e-12
9.2708139e-13
-2.2404331e-12
1.2769475e-12
-2.2756007e-12
1.6311237e-12
-2.2272903e-12
1.9638996e-12
-2.0511662e-12
2.2362008e-12
-1.7204748e-12
-1.2448684e-12
2.4037507e-12
-1.3575879e-14
-2.0230566e-12
-5.2140021e-19
6.4221894e-14
-2.1893047e-12
2.2581588e-13
-2.2891328e-12
4.531622e-13
-2.4003715e-12
7.2827426e-13
-2.5155451e-12
1.0424297e-12
-2.5897562e-12
1.3791971e-12
-2.5640576e-12
1.7059182e-12
-2.3778874e-12
1.971586e-12
-1.9861425e-12
-1.3857224e-12
2.1124399e-12
1.9944656e-14
-2.0430011e-12
-1.5334198e-19
3.3533398e-14
-2.2028934e-12
1.069901e-13
-2.3625894e-12
2.4816121e-13
-2.5415427e-12
4.5392455e-13
-2.7213085e-12
7.1844592e-13
-2.8542775e-12
1.0246283e-12
-2.8702401e-12
1.3339512e-12
-2.6872102e-12
1.5817273e-12
-2.2339187e-12
-1.4844917e-12
1.6804966e-12
-3.1882364e-14
-2.0111191e-12
2.7603309e-19
-7.596606e-14
-2.1588097e-12
-7.9844115e-14
-2.3587114e-12
-2.3679355e-14
-2.5977074e-12
1.0356252e-13
-2.8485504e-12
3.0492593e-13
-3.055641e-12
5.6650295e-13
-3.1318171e-12
8.4281972e-13
-2.963527e-12
1.0466079e-12
-2.4377069e-12
1.0488772e-12
-1.486761e-12
2.427672e-12
-6.8659234e-13
2.3991225e-12
-3.2987696e-13
2.3698295e-12
-1.451274e-13
2.3518839e-12
-5.4679646e-14
2.3440372e-12
-1.2701717e-14
2.3425783e-12
4.8754324e-15
2.3443769e-12
1.0706307e-14
2.3474212e-12
1.1290518e-14
2.3506197e-12
9.8663504e-15
2.3534918e-12
7.9674573e-15
2.3558977e-12
6.2556343e-15
2.3578493e-12
4.9370198e-15
2.3593796e-12
3.9606892e-15
2.3604423e-12
3.0925357e-15
2.3608121e-12
1.9080803e-15
2.3599634e-12
-2.787671e-16
2.3568964e-12
-4.5308437e-15
2.3499092e-12
-1.2473371e-14
2.3362787e-12
-2.6483492e-14
-4.9889008e-14
2.3118625e-12
2.0507217e-12
-6.2487414e-13
1.9645912e-12
-2.4374643e-13
1.911861e-12
-9.2397181e-14
1.8872327e-12
-3.0051307e-14
1.8789598e-12
-4.4288129e-15
1.8788794e-12
4.9557646e-15
1.8822403e-12
7.3454001e-15
1.886523e-12
7.0078178e-15
1.8905847e-12
5.8046569e-15
1.8940266e-12
4.5255439e-15
1.8968099e-12
3.472411e-15
1.899032e-12
2.7148403e-15
1.9007916e-12
2.2011339e-15
1.9020887e-12
1.7953909e-15
1.9027268e-12
1.2699654e-15
1.9021836e-12
2.6448303e-16
1.8994379e-12
-1.785175e-15
1.8927095e-12
-5.7449136e-15
1.879123e-12
-1.2897049e-14
-2.5052362e-14
1.8542864e-12
1.476136e-12
-4.205136e-13
1.3408882e-12
-1.0849863e-13
1.2821232e-12
-3.3632204e-14
1.2608934e-12
-8.8214311e-15
1.2563502e-12
1.1434324e-16
1.2585884e-12
2.7175857e-15
1.2629687e-12
2.9651897e-15
1.267449e-12
2.5274742e-15
1.2712967e-12
1.9569466e-15
1.2743671e-12
1.4551591e-15
1.2767585e-12
1.0809511e-15
1.2786394e-12
8.339773e-16
1.2801535e-12
6.8713645e-16
1.2813537e-12
5.9514531e-16
1.2821336e-12
4.9005028e-16
1.2821283e-12
2.6980367e-16
1.280576e-12
-2.3287843e-16
1.2761104e-12
-1.2792672e-15
1.2664712e-12
-3.2578355e-15
-6.7336822e-15
1.2481525e-12
6.2836362e-13
5.19865e-13
4.862328e-13
4.7741137e-13
4.7752573e-13
4.8024329e-13
4.8320849e-13
4.8573595e-13
4.876929e-13
4.8914809e-13
4.9022903e-13
4.9106301e-13
4.9175013e-13
4.9234527e-13
4.9283533e-13
4.9310511e-13
4.9287224e-13
4.9159298e-13
4.8833514e-13
4.8160145e-13
2.2706299e-12
-8.7050537e-14
2.2041667e-12
-1.4313619e-13
2.1012381e-12
-2.2321471e-13
1.9475817e-12
-3.3003633e-13
1.7262967e-12
-4.5956497e-13
1.4197189e-12
-5.9316293e-13
1.0151707e-12
-6.8689134e-13
5.3341072e-13
-6.6566742e-13
-4.5755823e-13
6.1762527e-14
1.8118322e-12
-4.4596404e-14
1.7430392e-12
-7.4343215e-14
1.6367821e-12
-1.1695752e-13
1.4802859e-12
-1.7354014e-13
1.2615274e-12
-2.4080653e-13
9.7472045e-13
-3.0635598e-13
6.3117956e-13
-3.4335042e-13
2.7696697e-13
-3.1145484e-13
-1.8601595e-13
5.4246922e-15
1.2160239e-12
-1.2467777e-14
1.1630577e-12
-2.1377012e-14
1.0804473e-12
-3.4347082e-14
9.5865725e-13
-5.1750158e-14
7.9030981e-13
-7.245907e-14
5.7613888e-13
-9.2185053e-14
3.3447189e-13
-1.0168345e-13
1.1038677e-13
-8.736972e-14
-4.5335067e-14
-3.0294145e-14
4.6913368e-13
4.4775669e-13
4.1340958e-13
3.6165942e-13
2.8920034e-13
1.9701532e-13
9.5331864e-14
7.9621471e-15
-3.7372912e-14
6.224236e-14
6.7667053e-14
3.7372927e-14
-1.3489744e-13
-1.8762221e-12
4.2616024e-19
-2.7773794e-13
-2.0159692e-12
-3.9019028e-13
-2.246259e-12
-4.4176845e-13
-2.5461292e-12
-4.0688165e-13
-2.8834372e-12
-2.6779347e-13
-3.1947291e-12
-3.2372282e-14
-3.3672383e-12
2.3034853e-13
-3.2262478e-12
3.4304652e-13
-2.5504049e-12
-1.1437144e-12
-2.500577e-13
-1.6261648e-12
3.9577591e-19
-5.0532445e-13
-1.7607024e-12
-7.4376928e-13
-2.0078142e-12
-9.3542818e-13
-2.3544703e-12
-1.0416301e-12
-2.7772353e-12
-1.0167649e-12
-3.2195943e-12
-8.2534552e-13
-3.5586577e-12
-4.877511e-13
-3.5638422e-12
-1.4571366e-13
-2.8924423e-12
-1.2894281e-12
-3.5064556e-13
-1.2755195e-12
3.2027964e-19
-7.1162613e-13
-1.3997219e-12
-1.0757733e-12
-1.643667e-12
-1.420126e-12
-2.0101177e-12
-1.6985401e-12
-2.4988212e-12
-1.833163e-12
-3.0849714e-12
-1.7170797e-12
-3.674741e-12
-1.2610045e-12
-4.0199173e-12
-5.423794e-13
-3.6110674e-12
-1.8318075e-12
-4.1185226e-13
-8.6366749e-13
2.3253044e-19
-8.4608557e-13
-9.6548858e-13
-1.3141184e-12
-1.1756342e-12
-1.8110459e-12
-1.5131902e-12
-2.3019717e-12
-2.0078954e-12
-2.6977111e-12
-2.689232e-12
-2.8218838e-12
-3.5505683e-12
-2.4023039e-12
-4.4394972e-12
-1.2449625e-12
-4.7684089e-12
-3.07677e-12
-4.0749566e-13
-4.5617199e-13
1.5874581e-19
-8.5110833e-13
-5.218759e-13
-1.3634688e-12
-6.6327368e-13
-1.9710125e-12
-9.0564652e-13
-2.6835462e-12
-1.2953617e-12
-3.4670722e-12
-1.905706e-12
-4.1841793e-12
-2.8334612e-12
-4.4658571e-12
-4.1578195e-12
-3.4624527e-12
-5.7718133e-12
-6.5392227e-12
-3.273114e-13
-1.2886067e-13
9.8708945e-20
-6.9724096e-13
-1.5194631e-13
-1.1572029e-12
-2.0331169e-13
-1.7668535e-12
-2.9599603e-13
-2.6072005e-12
-4.5501463e-13
-3.7901446e-12
-7.2276183e-13
-5.4621988e-12
-1.161407e-12
-7.7807517e-12
-1.8392666e-12
-1.0799171e-11
-2.7533937e-12
-3.4863818e-12
-1.3852012e-11
-1.2886072e-13
3.5097104e-20
-2.8080702e-13
-4.8411872e-13
-7.8011475e-13
-1.2351294e-12
-1.9578912e-12
-3.1192983e-12
-4.9585648e-12
-7.7119586e-12
-1.119834e-11
-1.2769213e-11
-1.0827989e-12
-1.2599662e-11
-1.6955159e-13
-1.2553109e-11
-4.6552578e-14
-1.2534972e-11
-1.8137296e-14
-1.2528633e-11
-6.3391304e-15
-1.2526505e-11
-2.1281018e-15
-1.2525703e-11
-8.0151273e-16
-1.2525376e-11
-3.2732655e-16
-1.2525236e-11
-1.3981889e-16
-1.2525155e-11
-8.064518e-17
-1.2525055e-11
-1.0061157e-16
-1.2524839e-11
-2.1607851e-16
-1.2524311e-11
-5.2735442e-16
-1.2522996e-11
-1.3156097e-15
-1.251966e-11
-3.3360582e-15
-1.2511159e-11
-8.5010284e-15
-1.248977e-11
-2.1388717e-14
-1.2433605e-11
-5.6165157e-14
-1.2256877e-11
-1.7672759e-13
-6.2072907e-13
-1.1636148e-11
-1.2281139e-11
-1.2450691e-11
-1.2497243e-11
-1.2515381e-11
-1.252172e-11
-1.2523848e-11
-1.2524649e-11
-1.2524977e-11
-1.2525117e-11
-1.2525197e-11
-1.2525298e-11
-1.2525514e-11
-1.2526041e-11
-1.2527357e-11
-1.2530693e-11
-1.2539194e-11
-1.2560583e-11
-1.2616748e-11
-1.2793475e-11
-1.3414205e-11
-1.1045739e-11
-5.9040937e-13
-1.077517e-11
-2.7056838e-13
-1.0608427e-11
-1.66743e-13
-1.0478295e-11
-1.3013199e-13
-1.0364322e-11
-1.1397313e-13
-1.0252031e-11
-1.1229111e-13
-1.0125835e-11
-1.2619638e-13
-9.9099857e-12
-2.1584886e-13
-4.2865272e-13
-9.481333e-12
-1.375666e-11
-2.4795344e-13
-1.376725e-11
-2.5997922e-13
-1.3647629e-11
-2.8636382e-13
-1.3444974e-11
-3.3278711e-13
-1.3149577e-11
-4.093702e-13
-1.2721885e-11
-5.3998305e-13
-1.20955e-11
-7.5258069e-13
-1.1125074e-11
-1.1862754e-12
-9.7798258e-12
-1.7739007e-12
-4.2625096e-12
-8.8235119e-12
-7.5869025e-18
-2.4794586e-13
-7.5430489e-18
-2.5997926e-13
-7.2691335e-18
-2.8636409e-13
-7.2231185e-18
-3.3278716e-13
-7.1943312e-18
-4.0937023e-13
-7.1797105e-18
-5.3998306e-13
-6.709951e-18
-7.5258116e-13
-1.0452246e-17
-1.1862717e-12
-1.7738827e-12
-2.8519974e-17
-1.4419197e-14
-2.3352666e-13
-3.1877198e-14
-2.4252126e-13
-5.6559283e-14
-2.6168201e-13
-9.5819455e-14
-2.9352698e-13
-1.6326653e-13
-3.4192315e-13
-2.8965368e-13
-4.1359591e-13
-5.2818355e-13
-5.1405128e-13
-1.053706e-12
-6.6074924e-13
-8.2723684e-13
-2.0003518e-12
-2.1671813e-14
-2.1185485e-13
-4.7243341e-14
-2.1694973e-13
-8.179288e-14
-2.2713247e-13
-1.3362459e-13
-2.4169527e-13
-2.1723804e-13
-2.5830971e-13
-3.6341171e-13
-2.6742224e-13
-6.2370516e-13
-2.5375783e-13
-1.162136e-12
-1.2231838e-13
-2.1026549e-12
1.1328203e-13
-3.9526382e-12
-1.0820889e-12
1.6861584e-12
-2.7096775e-14
-1.8475807e-13
-5.7985412e-14
-1.860611e-13
-9.698492e-14
-1.8813296e-13
-1.4972508e-13
-1.8895511e-13
-2.2371356e-13
-1.8432123e-13
-3.2744765e-13
-1.6368814e-13
-4.6775069e-13
-1.1345479e-13
-6.1371298e-13
2.3643905e-14
2.2625474e-13
-7.2668569e-13
-2.8000481e-14
-1.5675759e-13
-5.9070865e-14
-1.5499071e-13
-9.6136797e-14
-1.5106703e-13
-1.4230504e-13
-1.4278687e-13
-2.0070676e-13
-1.2591951e-13
-2.7243179e-13
-9.1963106e-14
-3.5429869e-13
-3.1587894e-14
-4.1463785e-13
8.398307e-14
2.339514e-13
-4.2233451e-13
-2.6224791e-14
-1.305328e-13
-5.4800713e-14
-1.2641479e-13
-8.7162742e-14
-1.18705e-13
-1.2418944e-13
-1.0576018e-13
-1.6583397e-13
-8.4274978e-14
-2.0894935e-13
-4.8847727e-14
-2.4590692e-13
5.3696764e-15
-2.5176797e-13
8.9844114e-14
1.8852801e-13
-2.0634457e-13
-2.22941e-14
-1.082387e-13
-4.7072193e-14
-1.016367e-13
-7.4222083e-14
-9.1555112e-14
-1.0296684e-13
-7.7015423e-14
-1.3196824e-13
-5.5273572e-14
-1.5752336e-13
-2.3292607e-14
-1.7303257e-13
2.087888e-14
-1.6355204e-13
8.0363591e-14
1.4375231e-13
-1.1877634e-13
-1.7506363e-14
-9.0732336e-14
-3.8109896e-14
-8.1033165e-14
-6.0332868e-14
-6.933214e-14
-8.2190085e-14
-5.5158206e-14
-1.019374e-13
-3.5526258e-14
-1.1634132e-13
-8.8886822e-15
-1.2060134e-13
2.51389e-14
-1.0653351e-13
6.6295756e-14
-6.9643549e-14
1.0686235e-13
9.5947276e-13
5.3713825e-13
3.3079368e-13
2.1201733e-13
1.4237378e-13
2.3133776e-17
-2.3133783e-17
7.2003798e-24
4.6734937e-17
-2.3601157e-17
7.1284296e-17
-2.4549357e-17
9.7290274e-17
-2.6005976e-17
1.2530446e-16
-2.8014186e-17
1.5593952e-16
-3.0635057e-17
1.8989047e-16
-3.3950948e-17
2.2796078e-16
-3.8070308e-17
2.7109513e-16
-4.3134348e-17
-4.9326284e-17
3.2042142e-16
2.2699018e-17
-4.5832806e-17
8.0018196e-24
4.5852813e-17
-4.6754948e-17
6.9928941e-17
-4.8625482e-17
9.5421196e-17
-5.1498227e-17
1.2286435e-16
-5.5457334e-17
1.5285101e-16
-6.062171e-17
1.8605157e-16
-6.7151508e-17
2.2323852e-16
-7.5257258e-17
2.6531672e-16
-8.521254e-17
-9.7371456e-17
3.133619e-16
2.184131e-17
-6.767412e-17
7.725653e-24
4.4112805e-17
-6.9026439e-17
6.7256197e-17
-7.1768871e-17
9.173682e-17
-7.5978847e-17
1.1805679e-16
-8.1777296e-17
1.4676988e-16
-8.9334804e-17
1.78499e-16
-9.8880622e-17
2.1395704e-16
-1.1071529e-16
2.5397257e-16
-1.2522807e-16
-1.4292078e-16
2.995219e-16
2.0583643e-17
-8.8257768e-17
7.2774728e-24
4.156208e-17
-9.0004873e-17
6.3339879e-17
-9.3546667e-17
8.6341587e-17
-9.8980552e-17
1.1102268e-16
-1.0645839e-16
1.3788178e-16
-1.161939e-16
1.6747459e-16
-1.2847343e-16
2.0043028e-16
-1.4367098e-16
2.3747093e-16
-1.6226871e-16
-1.8488486e-16
2.7943501e-16
1.8959404e-17
-1.0721718e-16
6.6589864e-24
3.8269078e-17
-1.0931455e-16
5.8286961e-17
-1.1356455e-16
7.938658e-17
-1.2008017e-16
1.0196539e-16
-1.2903719e-16
1.2645379e-16
-1.406823e-16
1.5332507e-16
-1.5534471e-16
1.8310646e-16
-1.7345238e-16
2.1639162e-16
-1.9555386e-16
2.5385449e-16
-2.2234773e-16
3.7730561e-16
-5.6884187e-17
4.4342459e-16
-6.6118982e-17
5.2086454e-16
-7.7439949e-17
6.1225588e-16
-9.1391334e-17
7.2096165e-16
-1.0870577e-16
8.5134534e-16
-1.3038369e-16
1.0091592e-15
-1.5781384e-16
1.2021198e-15
-1.929606e-16
1.4407833e-15
-2.3866352e-16
1.739912e-15
-2.9912868e-16
2.1206876e-15
-3.8077561e-16
2.614387e-15
-4.9369939e-16
3.2689317e-15
-6.5454471e-16
4.160265e-15
-8.9133326e-16
5.4167735e-15
-1.2565085e-15
7.2570868e-15
-1.8403133e-15
1.0121994e-14
-2.864907e-15
1.4735128e-14
-4.613134e-15
2.3306402e-14
-8.5712741e-15
-1.4269269e-14
3.7575671e-14
3.6867053e-16
-1.1219281e-16
4.3282536e-16
-1.3027381e-16
5.0778283e-16
-1.5239742e-16
5.9599139e-16
-1.7959989e-16
7.005539e-16
-2.1326827e-16
8.2545379e-16
-2.5528357e-16
9.7587482e-16
-3.0823487e-16
1.1586598e-15
-3.7574552e-16
1.3829784e-15
-4.6298214e-16
1.661313e-15
-5.7746327e-16
2.0109312e-15
-7.3039378e-16
2.4560845e-15
-9.3885275e-16
3.0313147e-15
-1.2297748e-15
3.7861046e-15
-1.6461232e-15
4.7912953e-15
-2.2616992e-15
6.1446441e-15
-3.1936622e-15
7.9680198e-15
-4.6882827e-15
1.0382288e-14
-7.0274023e-15
1.3226633e-14
-1.1415619e-14
-1.7263692e-14
1.6221056e-14
3.5176969e-16
-1.644406e-16
4.1212118e-16
-1.906253e-16
4.8228994e-16
-2.2256618e-16
5.6438665e-16
-2.616966e-16
6.6103626e-16
-3.0991788e-16
7.7553354e-16
-3.6978085e-16
9.1204982e-16
-4.4475115e-16
1.075907e-15
-5.3960275e-16
1.2739365e-15
-6.6101158e-16
1.5149339e-15
-8.1846073e-16
1.810198e-15
-1.0256578e-15
2.1740644e-15
-1.3027191e-15
2.6241113e-15
-1.6798217e-15
3.1803133e-15
-2.2023251e-15
3.8602691e-15
-2.941655e-15
4.6681654e-15
-4.0015585e-15
5.547182e-15
-5.5672993e-15
6.3399487e-15
-7.820169e-15
6.2890248e-15
-1.1364695e-14
-1.567456e-14
4.6998926e-15
3.2730604e-16
-2.1231163e-16
3.8224763e-16
-2.4556689e-16
4.4564639e-16
-2.8596494e-16
5.1916421e-16
-3.3521442e-16
6.04801e-16
-3.9555468e-16
7.0496772e-16
-4.6994756e-16
8.2256628e-16
-5.6234971e-16
9.6106581e-16
-6.7810228e-16
1.1245485e-15
-8.2449423e-16
1.3176653e-15
-1.0115776e-15
1.5453704e-15
-1.2533629e-15
1.8121711e-15
-1.5695199e-15
2.1202883e-15
-1.9879389e-15
2.4657777e-15
-2.5478145e-15
2.8295091e-15
-3.3053864e-15
3.1621273e-15
-4.3341767e-15
3.3399588e-15
-5.7451308e-15
3.1401133e-15
-7.6203235e-15
1.9627845e-15
-1.0187366e-14
-1.3021236e-14
-6.9053958e-16
2.9626482e-16
-2.5472196e-16
3.4450474e-16
-2.9380681e-16
3.9958568e-16
-3.4104587e-16
4.6266346e-16
-3.9829219e-16
5.3504746e-16
-4.6793868e-16
6.1819581e-16
-5.5309591e-16
7.1368148e-16
-6.5783537e-16
8.2310156e-16
-7.8752236e-16
9.4787866e-16
-9.4927133e-16
1.0888627e-15
-1.1525616e-15
1.2455645e-15
-1.4100647e-15
1.4147343e-15
-1.7386896e-15
1.587723e-15
-2.1609276e-15
1.7458993e-15
-2.7059909e-15
1.8519942e-15
-3.4114812e-15
1.8377595e-15
-4.3199421e-15
1.5750888e-15
-5.4824601e-15
8.6703804e-16
-6.9122727e-15
-6.7650271e-16
-8.6438253e-15
-3.3449869e-15
-1.0352752e-14
1.8645454e-15
-5.502121e-14
-2.5038617e-14
-5.4130003e-14
-4.5902797e-14
-4.846796e-14
-6.3497099e-14
-3.7563904e-14
-7.7286145e-14
-2.1737212e-14
-8.5366937e-14
-8.0788965e-16
-8.4788673e-14
2.4560637e-14
-7.141318e-14
5.2920262e-14
7.9120625e-14
-4.3671458e-14
-3.5742836e-15
-3.5225871e-14
-2.1149885e-14
-3.6554401e-14
-3.6385037e-14
-3.3232808e-14
-4.9062695e-14
-2.4886246e-14
-5.8272625e-14
-1.2527282e-14
-6.2527896e-14
3.4473813e-15
-6.0003958e-14
2.2036699e-14
-4.87108e-14
4.1627103e-14
5.8806712e-14
-2.8396887e-14
-6.4667227e-15
-2.4059255e-14
-1.8033017e-14
-2.4988106e-14
-2.8885416e-14
-2.238041e-14
-3.7812134e-14
-1.5959528e-14
-4.3858591e-14
-6.4808247e-15
-4.5915218e-14
5.5040085e-15
-4.288468e-14
1.900616e-14
-3.3872868e-14
3.2615292e-14
4.4068723e-14
-1.9134879e-14
-7.848399e-15
-1.6901396e-14
-1.5676683e-14
-1.7159822e-14
-2.3181694e-14
-1.4875399e-14
-2.9274255e-14
-9.8669667e-15
-3.3117313e-14
-2.6377664e-15
-3.3900544e-14
6.2872394e-15
-3.0963802e-14
1.6069418e-14
-2.3944295e-14
2.5595785e-14
3.3360173e-14
-1.3235745e-14
-8.177453e-15
-1.206893e-14
-1.3544418e-14
-1.1792857e-14
-1.8687437e-14
-9.7323806e-15
-2.2771335e-14
-5.7830687e-15
-2.5136414e-14
-2.7268725e-16
-2.5210189e-14
6.3610143e-15
-2.2598825e-14
1.3458054e-14
-1.7187341e-14
2.0184301e-14
-9.3585139e-15
2.5531346e-14
9.8702325e-14
7.0305438e-14
5.117056e-14
3.7934814e-14
2.85763e-14
1.8149731e-17
-1.2536691e-16
6.2839663e-24
3.6617383e-17
-1.2778219e-16
5.5726517e-17
-1.3267368e-16
7.5812073e-17
-1.4016572e-16
9.722615e-17
-1.5045127e-16
1.203439e-16
-1.6380004e-16
1.4556944e-16
-1.8057025e-16
1.7334171e-16
-2.0122465e-16
2.0413983e-16
-2.2635197e-16
-2.5669535e-16
2.3848744e-16
1.5571783e-17
-1.409387e-16
5.3698297e-24
3.1396092e-17
-1.436065e-16
4.7728386e-17
-1.4900597e-16
6.4829898e-17
-1.5726723e-16
8.2970172e-17
-1.6859154e-16
1.0242911e-16
-1.8325898e-16
1.2349821e-16
-2.0163935e-16
1.4648048e-16
-2.2420693e-16
1.7168834e-16
-2.5155983e-16
-2.8444523e-16
1.9943822e-16
1.2725954e-17
-1.5366466e-16
4.5542562e-24
2.5635984e-17
-1.5651653e-16
3.8914536e-17
-1.6228453e-16
5.2746547e-17
-1.7109925e-16
6.7316981e-17
-1.8316198e-16
8.2809401e-17
-1.987514e-16
9.940307e-17
-2.1823302e-16
1.1726784e-16
-2.420717e-16
1.3655582e-16
-2.7084781e-16
-3.0527769e-16
1.5738828e-16
9.6851819e-18
-1.6334984e-16
3.8328663e-24
1.9485689e-17
-1.6631704e-16
2.9514949e-17
-1.7231379e-16
3.9882238e-17
-1.8146654e-16
5.0689639e-17
-1.9396938e-16
6.2027717e-17
-2.1008948e-16
7.396929e-17
-2.301746e-16
8.6560433e-17
-2.5466284e-16
9.9807573e-17
-2.8409495e-16
-3.1912922e-16
1.136591e-16
6.5231484e-18
-1.69873e-16
3.2613557e-24
1.3095013e-17
-1.7288891e-16
1.9760552e-17
-1.7897933e-16
2.6556789e-17
-1.8826277e-16
3.3507735e-17
-2.0092033e-16
4.0617876e-17
-2.1719962e-16
4.7863535e-17
-2.3742026e-16
5.5181259e-17
-2.6198057e-16
6.2452088e-17
-2.9136578e-16
-3.2615736e-16
6.9480221e-17
3.3110301e-18
-1.7318403e-16
2.9736218e-24
6.6083008e-18
-1.7618618e-16
9.8728985e-18
-1.8224393e-16
1.3075168e-17
-1.9146504e-16
1.6168199e-17
-2.0401336e-16
1.9079854e-17
-2.2011128e-16
2.1702673e-17
-2.4004308e-16
2.388087e-17
-2.6415877e-16
2.5393395e-17
-2.9287831e-16
-3.2669576e-16
2.5931793e-17
1.1525799e-19
-1.7329929e-16
3.0091631e-24
1.5989278e-19
-1.7623082e-16
5.721197e-20
-1.8214125e-16
-2.8202829e-19
-1.9112581e-16
-9.6698122e-19
-2.0332841e-16
-2.1354368e-18
-2.1894282e-16
-3.9644982e-18
-2.3821402e-16
-6.6838933e-18
-2.6143938e-16
-1.059275e-17
-2.8896946e-16
-1.6080823e-17
-3.2120769e-16
2.769551e-16
-2.9318962e-16
3.2015867e-16
-3.3701037e-16
3.6875095e-16
-3.8963816e-16
4.2340152e-16
-4.5294276e-16
4.847563e-16
-5.2929346e-16
5.5336339e-16
-6.2170301e-16
6.2954249e-16
-7.3401447e-16
7.131608e-16
-8.7114067e-16
8.0325475e-16
-1.0393653e-15
8.9739975e-16
-1.2467066e-15
9.906684e-16
-1.5033333e-15
1.0739395e-15
-1.8219608e-15
1.1311551e-15
-2.2181432e-15
1.1351257e-15
-2.7099615e-15
1.0407885e-15
-3.317144e-15
7.7705862e-16
-4.0562122e-15
2.3153363e-16
-4.9369351e-15
-7.4764713e-16
-5.933092e-15
-2.3950599e-15
-6.9964125e-15
-7.8927861e-15
-4.8550254e-15
2.3004023e-16
-3.2379163e-16
2.6378009e-16
-3.7075023e-16
3.0088909e-16
-4.2674717e-16
3.4149584e-16
-4.9354951e-16
3.8554979e-16
-5.7334741e-16
4.3270174e-16
-6.6885495e-16
4.8211838e-16
-7.8343111e-16
5.3219664e-16
-9.2121894e-16
5.8012636e-16
-1.087295e-15
6.2122658e-16
-1.2878068e-15
6.4794802e-16
-1.5300548e-15
6.4840502e-16
-1.8224178e-15
6.0424568e-16
-2.1739839e-15
4.8777044e-16
-2.5934862e-15
2.5800463e-16
-3.0873782e-15
-1.4301958e-16
-3.655188e-15
-7.954794e-16
-4.2844753e-15
-1.7949669e-15
-4.9336045e-15
-3.2587083e-15
-5.5326711e-15
-5.9169369e-15
-5.2345575e-15
1.7983577e-16
-3.4623912e-16
2.0388815e-16
-3.9480261e-16
2.2941028e-16
-4.522693e-16
2.5607663e-16
-5.2021587e-16
2.8327564e-16
-6.0054642e-16
3.0997032e-16
-6.9554964e-16
3.3449628e-16
-8.0795708e-16
3.5427087e-16
-9.4099353e-16
3.6537795e-16
-1.0984021e-15
3.6198302e-16
-1.2844119e-15
3.3552367e-16
-1.5035954e-15
2.7362479e-16
-1.7605189e-15
1.5869715e-16
-2.0590562e-15
-3.3694503e-17
-2.4010946e-15
-3.3659623e-16
-2.7844765e-15
-7.9250797e-16
-3.1992763e-15
-1.4534456e-15
-3.6235376e-15
-2.3732682e-15
-4.0137819e-15
-3.6021428e-15
-4.3037965e-15
-4.3798357e-15
-5.139244e-15
1.2797929e-16
-3.6055931e-16
1.4251158e-16
-4.0933491e-16
1.5682698e-16
-4.6658471e-16
1.7025206e-16
-5.3364095e-16
1.8176867e-16
-6.1206303e-16
1.8987538e-16
-7.0365635e-16
1.9239716e-16
-8.1047886e-16
1.8622693e-16
-9.3482331e-16
1.6697951e-16
-1.0791547e-15
1.285385e-16
-1.2459709e-15
6.2481374e-17
-1.4375383e-15
-4.2611326e-17
-1.6554262e-15
-2.0192192e-16
-1.8997456e-15
-4.3508339e-16
-2.1679331e-15
-7.6656428e-16
-2.4529956e-15
-1.2249904e-15
-2.7408502e-15
-1.8411296e-15
-3.0073984e-15
-2.6411956e-15
-3.213716e-15
-3.6394908e-15
-3.3055013e-15
-3.2054458e-15
-4.8138807e-15
7.5964123e-17
-3.6704322e-16
8.1457459e-17
-4.1482825e-16
8.5316513e-17
-4.7044377e-16
8.6629714e-17
-5.3495415e-16
8.4123821e-17
-6.0955715e-16
7.6040124e-17
-6.9557265e-16
5.9973052e-17
-7.944118e-16
3.2663346e-17
-9.0751361e-16
-1.0260554e-17
-1.0362308e-15
-7.4594101e-17
-1.1816374e-15
-1.6791098e-16
-1.3442214e-15
-2.9992559e-16
-1.5234116e-15
-4.8279102e-16
-1.7168802e-15
-7.3117761e-16
-1.9195465e-15
-1.0619117e-15
-2.1222614e-15
-1.4926835e-15
-2.3100784e-15
-2.039556e-15
-2.4605258e-15
-2.7117929e-15
-2.5414791e-15
-3.5057975e-15
-2.5114967e-15
-2.318802e-15
-4.3924413e-15
2.5071266e-17
-3.661827e-16
2.2232936e-17
-4.1198992e-16
1.663487e-17
-4.6484571e-16
7.2289691e-18
-5.2554826e-16
-7.3795256e-18
-5.9494866e-16
-2.9033313e-17
-6.7391887e-16
-6.014798e-17
-7.6329713e-16
-1.0386191e-16
-8.6379968e-16
-1.6420879e-16
-9.7588389e-16
-2.4630306e-16
-1.0995431e-15
-3.5651635e-16
-1.2340081e-15
-5.026009e-16
-1.377327e-15
-6.9368589e-16
-1.5257952e-15
-9.4001944e-16
-1.6732129e-15
-1.2522886e-15
-1.8099923e-15
-1.6402296e-15
-1.9221374e-15
-2.1103685e-15
-1.990387e-15
-2.6623134e-15
-1.9895342e-15
-3.2845163e-15
-1.8892938e-15
-1.655516e-15
-3.9478023e-15
-2.3655346e-17
-3.5860818e-16
-3.3974871e-17
-4.016704e-16
-4.789161e-17
-4.5092897e-16
-6.6503832e-17
-5.0693604e-16
-9.1219713e-17
-5.7023278e-16
-1.2383347e-16
-6.4130511e-16
-1.6661333e-16
-7.2051729e-16
-2.2239832e-16
-8.0801468e-16
-2.9469691e-16
-9.0358531e-16
-3.8777288e-16
-1.0064671e-15
-5.0669359e-16
-1.1150874e-15
-6.5729918e-16
-1.2267214e-15
-8.4603057e-16
-1.3370638e-15
-1.079525e-15
-1.4397185e-15
-1.3638692e-15
-1.5256481e-15
-1.70336e-15
-1.5826466e-15
-2.0987084e-15
-1.5950385e-15
-2.54452e-15
-1.5437226e-15
-3.0265892e-15
-1.4072246e-15
-3.5186908e-15
-1.1634144e-15
-8.4568398e-15
-8.4671154e-15
-1.2388475e-14
-7.8612211e-15
-1.6082748e-14
-6.0381081e-15
-1.8914625e-14
-2.9511919e-15
-2.0369203e-14
1.1818913e-15
-2.0031269e-14
6.0230803e-15
-1.7656816e-14
1.1083601e-14
-1.3241892e-14
1.5769378e-14
1.9418341e-14
-7.1288874e-15
-7.7707675e-15
-5.9309054e-15
-1.0450417e-14
-5.1815715e-15
-1.2888646e-14
-3.5998787e-15
-1.4664393e-14
-1.175445e-15
-1.5421258e-14
1.9387561e-15
-1.4887599e-14
5.4894214e-15
-1.2926937e-14
9.1229384e-15
-9.5804549e-15
1.2422896e-14
1.4950998e-14
-5.113112e-15
-6.9450325e-15
-4.1251169e-15
-8.7772563e-15
-3.3493478e-15
-1.0375594e-14
-2.0015409e-15
-1.1459403e-14
-9.1635929e-17
-1.1788341e-14
2.2676943e-15
-1.1188082e-14
4.8891624e-15
-9.5849459e-15
7.5198018e-15
-7.0317846e-15
9.8697344e-15
1.164623e-14
-3.7270161e-15
-6.1044413e-15
-2.8345563e-15
-7.3568338e-15
-2.0969553e-15
-8.3941055e-15
-9.6426915e-16
-9.0294754e-15
5.4373398e-16
-9.1033935e-15
2.3416124e-15
-8.5057731e-15
4.291542e-15
-7.1992392e-15
6.2132679e-15
-5.2347332e-15
7.9052284e-15
9.1701303e-15
-2.7586336e-15
-5.3142163e-15
-1.9127813e-15
-6.1666646e-15
-1.244507e-15
-6.8287208e-15
-3.0221287e-16
-7.1758839e-15
8.9089704e-16
-7.1033083e-15
2.2690367e-15
-6.5425664e-15
3.7308002e-15
-5.4769694e-15
5.1476708e-15
-3.9508832e-15
6.3791422e-15
7.291001e-15
-2.0717538e-15
-4.6035653e-15
-1.2570183e-15
-5.1786465e-15
-6.6942576e-16
-5.5896873e-15
1.0882786e-16
-5.753476e-15
1.0546858e-15
-5.6016005e-15
2.1171613e-15
-5.0922794e-15
3.2214791e-15
-4.2203136e-15
4.275705e-15
-3.0225854e-15
5.1814141e-15
5.8464413e-15
-1.5780258e-15
-3.9818765e-15
-7.9383265e-16
-4.3639517e-15
-2.8735047e-16
-4.6071998e-15
3.5207594e-16
-4.655852e-15
1.1033379e-15
-4.4655288e-15
1.9268381e-15
-4.0113028e-15
2.767253e-15
-3.2940922e-15
3.5584944e-15
-2.3438602e-15
4.2311821e-15
-1.2188493e-15
4.7214304e-15
2.1447413e-14
1.6334301e-14
1.2607285e-14
9.8486511e-15
7.7768973e-15
6.1988715e-15
4.9800221e-15
-2.7910147e-18
-1.7050828e-16
3.2149979e-24
-5.6960949e-18
-1.7332574e-16
-8.8355173e-18
-1.7900183e-16
-1.2342327e-17
-1.87619e-16
-1.6369635e-17
-1.993011e-16
-2.1099055e-17
-2.1421341e-16
-2.6750735e-17
-2.3256234e-16
-3.3595507e-17
-2.5459461e-16
-4.1969737e-17
-2.8059523e-16
-3.1088387e-16
-5.2293558e-17
-5.509737e-18
-1.6499855e-16
3.8053581e-24
-1.117311e-17
-1.6766237e-16
-1.7150035e-17
-1.730249e-16
-2.3613276e-17
-1.8115576e-16
-3.0755626e-17
-1.9215875e-16
-3.8798018e-17
-2.0617102e-16
-4.7998925e-17
-2.2336144e-16
-5.8665416e-17
-2.4392812e-16
-7.1166281e-17
-2.6809437e-16
-2.9610253e-16
-8.5947627e-17
-8.0790182e-18
-1.5691954e-16
4.7400026e-24
-1.6345121e-17
-1.5939627e-16
-2.4991456e-17
-1.6437857e-16
-3.4223505e-17
-1.7192371e-16
-4.426584e-17
-1.8211642e-16
-5.536957e-17
-1.9506729e-16
-6.7820743e-17
-2.1091027e-16
-8.1949936e-17
-2.2979893e-16
-9.8143257e-17
-2.5190105e-16
-2.7739082e-16
-1.1685496e-16
-1.0466667e-17
-1.4645288e-16
5.8946283e-24
-2.114798e-17
-1.4871495e-16
-3.2264207e-17
-1.5326234e-16
-4.4046995e-17
-1.6014092e-16
-5.6745459e-17
-1.6941796e-16
-7.0632744e-17
-1.8118e-16
-8.6013197e-17
-1.9552981e-16
-1.0323028e-16
-2.1258185e-16
-1.2267527e-16
-2.3245605e-16
-2.5526924e-16
-1.4479685e-16
-1.264639e-17
-1.338065e-16
7.3172927e-24
-2.552955e-17
-1.3583179e-16
-3.8891277e-17
-1.3990061e-16
-5.2983488e-17
-1.4604871e-16
-6.8073499e-17
-1.5432794e-16
-8.4449567e-17
-1.6480393e-16
-1.0242673e-16
-1.7755265e-16
-1.2235294e-16
-1.9265564e-16
-1.4461554e-16
-2.1019345e-16
-2.3023695e-16
-1.6964784e-16
-1.4597148e-17
-1.1920936e-16
8.856945e-24
-2.944834e-17
-1.209806e-16
-4.4811976e-17
-1.2453698e-16
-6.095514e-17
-1.2990555e-16
-7.8158019e-17
-1.3712506e-16
-9.6718372e-17
-1.4624358e-16
-1.1695601e-16
-1.5731501e-16
-1.3921726e-16
-1.7039439e-16
-1.6387925e-16
-1.8553147e-16
-2.027624e-16
-1.9135379e-16
-1.6302476e-17
-1.0290689e-16
1.0831993e-23
-3.287211e-17
-1.0441096e-16
-4.9979713e-17
-1.0742937e-16
-6.7903313e-17
-1.1198194e-16
-8.6931701e-17
-1.1809667e-16
-1.0736786e-16
-1.2580742e-16
-1.2953215e-16
-1.3515071e-16
-1.5376525e-16
-1.4616129e-16
-1.8043042e-16
-1.5886629e-16
-1.7327767e-16
-2.0991515e-16
-1.7750368e-17
-8.5156534e-17
1.2514592e-23
-3.5777487e-17
-8.6383842e-17
-5.4361132e-17
-8.8845722e-17
-7.3786858e-17
-9.2556214e-17
-9.4348772e-17
-9.7534753e-17
-1.1635198e-16
-1.038042e-16
-1.4011468e-16
-1.1138801e-16
-1.6596961e-16
-1.2030635e-16
-1.9426479e-16
-1.305711e-16
-2.2536308e-16
-1.4217938e-16
-6.5093193e-17
-3.4580855e-16
-8.1028135e-17
-3.8573546e-16
-1.0092387e-16
-4.3103324e-16
-1.2581064e-16
-4.8204928e-16
-1.5696824e-16
-5.3907518e-16
-1.9597609e-16
-6.0229726e-16
-2.4476616e-16
-6.7172723e-16
-3.0567389e-16
-7.4710695e-16
-3.8147871e-16
-8.2778049e-16
-4.7541964e-16
-9.125262e-16
-5.9116419e-16
-9.9934289e-16
-7.3269805e-16
-1.0851876e-15
-9.0409179e-16
-1.1656701e-15
-1.1090872e-15
-1.2347231e-15
-1.350443e-15
-1.2842923e-15
-1.6289742e-15
-1.3041153e-15
-1.9422831e-15
-1.2817296e-15
-2.2831792e-15
-1.2028266e-15
-2.6381217e-15
-1.0522821e-15
-8.1576726e-16
-2.9857688e-15
-1.0355134e-16
-3.2820484e-16
-1.2463671e-16
-3.646501e-16
-1.5000534e-16
-4.0566461e-16
-1.8062914e-16
-4.5142548e-16
-2.1768053e-16
-5.020238e-16
-2.6256311e-16
-5.5741469e-16
-3.1693948e-16
-6.1735086e-16
-3.8275078e-16
-6.8129566e-16
-4.6221922e-16
-7.4831205e-16
-5.5782095e-16
-8.1692447e-16
-6.7221093e-16
-8.8495291e-16
-8.080758e-16
-9.493227e-16
-9.6788458e-16
-1.0058613e-15
-1.1535032e-15
-1.0491045e-15
-1.3656427e-15
-1.0721528e-15
-1.6031207e-15
-1.0666374e-15
-1.8619609e-15
-1.0228895e-15
-2.1343872e-15
-9.3040023e-16
-2.4079368e-15
-7.7873256e-16
-5.588503e-16
-2.6648537e-15
-1.386218e-16
-3.0643801e-16
-1.6407898e-16
-3.3919291e-16
-1.9397765e-16
-3.7576594e-16
-2.2920294e-16
-4.162002e-16
-2.7079145e-16
-4.6043528e-16
-3.1994598e-16
-5.0826016e-16
-3.7804376e-16
-5.5925308e-16
-4.4663312e-16
-6.1270631e-16
-5.2741082e-16
-6.6753436e-16
-6.2216959e-16
-7.221657e-16
-7.3270228e-16
-7.7442022e-16
-8.6064577e-16
-8.2137921e-16
-1.0072463e-15
-8.5926079e-16
-1.1730283e-15
-8.8332249e-16
-1.3573562e-15
-8.878249e-16
-1.5578922e-15
-8.6610134e-16
-1.7699861e-15
-8.1079557e-16
-1.9860637e-15
-7.1432264e-16
-2.1951686e-15
-5.6962773e-16
-3.7121852e-16
-2.3828003e-15
-1.7011134e-16
-2.8112352e-16
-1.9921343e-16
-3.1009082e-16
-2.3278685e-16
-3.4219253e-16
-2.7161388e-16
-3.7737317e-16
-3.1658245e-16
-4.1546672e-16
-3.6868827e-16
-4.5615435e-16
-4.290289e-16
-4.9891245e-16
-4.9878498e-16
-5.4295023e-16
-5.7918245e-16
-5.871369e-16
-6.7142787e-16
-6.2992029e-16
-7.7660732e-16
-6.6924077e-16
-8.9553835e-16
-7.024482e-16
-1.0285649e-15
-7.2623427e-16
-1.1752882e-15
-7.3659915e-16
-1.3342348e-15
-7.2887833e-16
-1.5024741e-15
-6.9786208e-16
-1.6752236e-15
-6.38046e-16
-1.8455016e-15
-5.4404465e-16
-2.0039314e-15
-4.1119789e-16
-2.3634549e-16
-2.1388045e-15
-1.9793563e-16
-2.5283573e-16
-2.300232e-16
-2.7800325e-16
-2.6651812e-16
-3.056976e-16
-3.0809386e-16
-3.3579743e-16
-3.5548859e-16
-3.68072e-16
-4.0949816e-16
-4.0214478e-16
-4.7096043e-16
-4.3745018e-16
-5.4072706e-16
-4.731836e-16
-6.1961819e-16
-5.0824578e-16
-7.0835442e-16
-5.4118405e-16
-8.0746015e-16
-5.7013505e-16
-9.1713221e-16
-5.9277614e-16
-1.0370698e-15
-6.0629664e-16
-1.1662654e-15
-6.0740363e-16
-1.3027621e-15
-5.9238156e-16
-1.4433966e-15
-5.5722758e-16
-1.5835574e-15
-4.9788529e-16
-1.7170088e-15
-4.1059324e-16
-1.8358511e-15
-2.9235559e-16
-1.4151019e-16
-1.9306864e-15
-2.2209062e-16
-2.2209891e-16
-2.565793e-16
-2.4351456e-16
-2.9534931e-16
-2.6692759e-16
-3.3896704e-16
-2.921797e-16
-3.8802855e-16
-3.1901049e-16
-4.4314613e-16
-3.470272e-16
-5.0492645e-16
-3.7566986e-16
-5.7393743e-16
-4.0417262e-16
-6.5066054e-16
-4.3152267e-16
-7.3542508e-16
-4.5641952e-16
-8.2832097e-16
-4.7723917e-16
-9.2908758e-16
-4.9200953e-16
-1.0369782e-15
-4.9840605e-16
-1.150603e-15
-4.9377886e-16
-1.2677596e-15
-4.7522489e-16
-1.3852681e-15
-4.3971911e-16
-1.4988359e-15
-3.8431747e-16
-1.602991e-15
-3.064382e-16
-1.691128e-15
-2.0421859e-16
-7.6924532e-17
-1.7557136e-15
-2.4263143e-16
-1.8938262e-16
-2.7901449e-16
-2.0713151e-16
-3.1951893e-16
-2.2642315e-16
-3.6461169e-16
-2.4708694e-16
-4.1476034e-16
-2.6886185e-16
-4.7041547e-16
-2.9137207e-16
-5.3198538e-16
-3.1409995e-16
-5.9980104e-16
-3.3635697e-16
-6.7406931e-16
-3.572544e-16
-7.5481247e-16
-3.7567637e-16
-8.4179253e-16
-3.9025911e-16
-9.3442025e-16
-3.9938181e-16
-1.0316504e-15
-4.0117595e-16
-1.131868e-15
-3.9356127e-16
-1.2327752e-15
-3.7431762e-16
-1.3312932e-15
-3.4120118e-16
-1.423499e-15
-2.921116e-16
-1.5046261e-15
-2.2531114e-16
-1.5691555e-15
-1.396892e-16
-3.5052693e-17
-1.6110273e-15
-2.5964021e-16
-1.5510548e-16
-2.9748086e-16
-1.6929086e-16
-3.3927193e-16
-1.8463207e-16
-3.8539244e-16
-2.0096644e-16
-4.3619888e-16
-2.1805541e-16
-4.9200508e-16
-2.3556586e-16
-5.5305528e-16
-2.5304974e-16
-6.1948917e-16
-2.6992308e-16
-6.9129777e-16
-2.854458e-16
-7.6826941e-16
-2.9870473e-16
-8.4992569e-16
-3.0860282e-16
-9.3544857e-16
-3.1385893e-16
-1.0236015e-15
-3.1302307e-16
-1.1126497e-15
-3.0451298e-16
-1.2002894e-15
-2.86678e-16
-1.2835955e-15
-2.5789501e-16
-1.3590076e-15
-2.1669959e-16
-1.4223681e-15
-1.6195064e-16
-1.4690359e-15
-9.3021358e-17
-1.4940878e-15
-1.0000775e-17
-3.2969612e-15
-4.8264021e-16
-3.5355683e-15
-4.8743403e-17
-3.6629764e-15
4.7948402e-16
-3.6431219e-15
1.0834834e-15
-3.4484261e-15
1.7321423e-15
-3.0649866e-15
2.3838135e-15
-2.4965052e-15
2.990013e-15
-1.7660512e-15
3.5007281e-15
3.8705488e-15
-9.1516953e-16
-2.8824104e-15
-2.6508351e-16
-3.0340577e-15
1.0290389e-16
-3.0924067e-15
5.3783297e-16
-3.0327766e-15
1.0238533e-15
-2.8371778e-15
1.5365436e-15
-2.497811e-15
2.0444467e-15
-2.0196034e-15
2.5118054e-15
-1.4212087e-15
2.9023334e-15
3.1834932e-15
-7.341532e-16
-2.5313751e-15
-1.1650875e-16
-2.6213228e-15
1.9285159e-16
-2.6331662e-15
5.4967637e-16
-2.5500184e-15
9.4070546e-16
-2.3602768e-15
1.346802e-15
-2.0599694e-15
1.7441393e-15
-1.6543828e-15
2.1062187e-15
-1.1586029e-15
2.4065535e-15
2.621659e-15
-5.9676858e-16
-2.2365674e-15
-1.8745874e-17
-2.2827605e-15
2.3904476e-16
-2.2635085e-15
5.3042429e-16
-2.1672814e-15
8.4447836e-16
-1.9867296e-15
1.1662503e-15
-1.7202528e-15
1.4776626e-15
-1.3730372e-15
1.7590031e-15
-9.5732398e-16
1.9908403e-15
2.1561194e-15
-4.9178447e-16
-1.9910772e-15
4.1644953e-17
-2.0063124e-15
2.5427998e-16
-1.966493e-15
4.9060482e-16
-1.86378e-15
7.4176545e-16
-1.6936519e-15
9.9612218e-16
-1.4559524e-15
1.239963e-15
-1.1555459e-15
1.4585966e-15
-8.0242765e-16
1.637722e-15
1.7649017e-15
-4.1120987e-16
-1.7886935e-15
7.462484e-17
-1.7821039e-15
2.4769038e-16
-1.728872e-15
4.3737288e-16
-1.6237054e-15
6.365989e-16
-1.4639592e-15
8.3637598e-16
-1.2503364e-15
1.0263401e-15
-9.8729709e-16
1.1955574e-15
-6.8307783e-16
1.3335028e-15
1.4310972e-15
-3.4927336e-16
-1.6239911e-15
8.7588653e-17
-1.6020912e-15
2.257904e-16
-1.5402621e-15
3.7554385e-16
-1.434969e-15
5.3130577e-16
-1.284809e-15
6.8621603e-16
-1.0909811e-15
8.3251211e-16
-8.5753635e-16
9.6211264e-16
-5.9134751e-16
1.0673139e-15
1.1415178e-15
-3.0176809e-16
-1.4926166e-15
8.6117465e-17
-1.4601176e-15
1.9329138e-16
-1.3929388e-15
3.0836505e-16
-1.2887475e-15
4.2711447e-16
-1.1469542e-15
5.4442275e-16
-9.6902887e-16
6.5458676e-16
-7.5865103e-16
7.517348e-16
-5.2165294e-16
8.3031586e-16
-2.6573936e-16
8.8560422e-16
4.0648526e-15
3.3306994e-15
2.7339308e-15
2.2421464e-15
1.8309365e-15
1.4816631e-15
1.179895e-15
9.1415567e-16
-6.0516089e-18
-7.9104923e-17
-1.2195089e-17
-8.0240359e-17
-1.8523149e-17
-8.2517658e-17
-2.5130132e-17
-8.5949227e-17
-3.211275e-17
-9.055213e-17
-3.9570711e-17
-9.6346238e-17
-4.7607181e-17
-1.0335154e-16
-5.6329029e-17
-1.115845e-16
-6.5846756e-17
-1.2105337e-16
-7.6274014e-17
-1.3175212e-16
-8.7726582e-17
-1.4365291e-16
-1.0032063e-16
-1.566968e-16
-1.1417009e-16
-1.7078261e-16
-1.2938284e-16
-1.8575368e-16
-1.4605556e-16
-2.0138269e-16
-1.642668e-16
-2.1735462e-16
-1.8406809e-16
-2.3324846e-16
-2.0547269e-16
-2.4851848e-16
-2.2844194e-16
-2.6247655e-16
-2.5286893e-16
-2.7427774e-16
-2.7855981e-16
-2.8291195e-16
-3.0521322e-16
-2.8720553e-16
-3.3239899e-16
-2.858373e-16
-3.5953782e-16
-2.7737416e-16
-3.8588451e-16
-2.603313e-16
-4.1051841e-16
-2.3326112e-16
-4.3234512e-16
-1.9487288e-16
-4.501145e-16
-1.4418126e-16
-4.6245939e-16
-8.0676469e-17
-4.6795846e-16
-4.5017021e-18
-4.6522419e-16
8.3383198e-17
-4.5301279e-16
1.8107999e-16
-4.3034866e-16
2.8570092e-16
-3.9665048e-16
3.9341629e-16
-3.5184321e-16
4.9961548e-16
-2.9643898e-16
5.9918253e-16
-2.3157202e-16
6.8686784e-16
-1.5897703e-16
7.5772088e-16
-8.0907737e-17
8.0753493e-16
8.3324794e-16
-1.8853264e-17
-6.0251671e-17
1.3461203e-23
-3.7986058e-17
-6.1107561e-17
-5.7680037e-17
-6.2823676e-17
-7.8221026e-17
-6.5408234e-17
-9.990078e-17
-6.8872372e-17
-1.2301837e-16
-7.3228644e-17
-1.47881e-16
-7.8488902e-17
-1.7480404e-16
-8.4661453e-17
-2.0411003e-16
-9.1747373e-17
-9.9735842e-17
-2.3612631e-16
-1.964345e-17
-4.0608232e-17
1.4015477e-23
-3.9570256e-17
-4.118075e-17
-6.0065503e-17
-4.2328424e-17
-8.141752e-17
-4.4056212e-17
-1.0391916e-16
-4.6370726e-17
-1.2786861e-16
-4.9279192e-17
-1.5356952e-16
-5.2787988e-17
-1.8133027e-16
-5.6900691e-17
-2.1146208e-16
-6.1615559e-17
-6.6922352e-17
-2.4427557e-16
-2.0171792e-17
-2.0436451e-17
1.4040068e-23
-4.0629279e-17
-2.0723257e-17
-6.1659588e-17
-2.129811e-17
-8.3552463e-17
-2.2163331e-17
-1.066012e-16
-2.3321978e-17
-1.3110308e-16
-2.4777315e-17
-1.5735899e-16
-2.6532068e-17
-1.8567224e-16
-2.858743e-17
-2.1634601e-16
-3.0941784e-17
-3.35891e-17
-2.4967926e-16
-2.0436462e-17
1.4392554e-23
-4.1159715e-17
-6.2457822e-17
-8.462115e-17
-1.0794313e-16
-1.3272044e-16
-1.592525e-16
-1.8783993e-16
-2.1878171e-16
-2.5237081e-16
-2.7118086e-16
-1.0859836e-16
-3.0959596e-16
-1.182817e-16
-3.5167905e-16
-1.2869952e-16
-3.9771015e-16
-1.3972258e-16
-4.4792522e-16
-1.5116761e-16
-5.0249473e-16
-1.627851e-16
-5.6149675e-16
-1.7424644e-16
-6.2488405e-16
-1.8513117e-16
-6.9244507e-16
-1.9491552e-16
-7.637589e-16
-2.0296391e-16
-8.3814534e-16
-2.0852551e-16
-9.1461227e-16
-2.107386e-16
-9.9180363e-16
-2.0864593e-16
-1.0679535e-15
-2.0122433e-16
-1.1408531e-15
-1.8743166e-16
-1.2078407e-15
-1.6627353e-16
-1.2658235e-15
-1.3689005e-16
-1.3113443e-15
-9.8660465e-17
-1.340701e-15
-5.1319808e-17
4.923131e-18
-1.3501258e-15
-2.8007549e-16
-7.2798429e-17
-3.1915316e-16
-7.9204016e-17
-3.6177606e-16
-8.6076622e-17
-4.0817406e-16
-9.3324572e-17
-4.5852191e-16
-1.0081976e-16
-5.1291725e-16
-1.0838976e-16
-5.7135397e-16
-1.1580972e-16
-6.3369067e-16
-1.2279447e-16
-6.9961447e-16
-1.2899172e-16
-7.6860084e-16
-1.3397754e-16
-8.3987108e-16
-1.3725527e-16
-9.123497e-16
-1.3825999e-16
-9.8462554e-16
-1.363701e-16
-1.0549215e-15
-1.3092835e-16
-1.1210793e-15
-1.2127383e-16
-1.1805667e-15
-1.0678621e-16
-1.2305147e-15
-8.6941983e-17
-1.2677942e-15
-6.1381013e-17
-1.2891349e-15
-2.9979104e-17
7.0801597e-18
-1.2912919e-15
-2.8596072e-16
-3.6516961e-17
-3.2546054e-16
-3.9704195e-17
-3.6841907e-16
-4.3118087e-17
-4.1503246e-16
-4.6711168e-17
-4.6543458e-16
-5.0417637e-17
-5.1967482e-16
-5.4149518e-17
-5.7769183e-16
-5.7792717e-17
-6.39283e-16
-6.1203286e-17
-7.0407044e-16
-6.4204288e-17
-7.7146416e-16
-6.6583816e-17
-8.4062454e-16
-6.8094889e-17
-9.1042648e-16
-6.8458048e-17
-9.7942899e-16
-6.7367595e-17
-1.0458549e-15
-6.4502416e-17
-1.1075866e-15
-5.9542157e-17
-1.1621836e-15
-5.218922e-17
-1.2069292e-15
-4.21964e-17
-1.238911e-15
-2.9399155e-17
-1.2551398e-15
-1.3750373e-17
4.6456821e-18
-1.2527053e-15
-2.8888776e-16
-3.2859196e-16
-3.7171004e-16
-4.1842121e-16
-4.6883884e-16
-5.2298836e-16
-5.8078107e-16
-6.4198436e-16
-7.0618865e-16
-7.7277246e-16
-8.4086735e-16
-9.093254e-16
-9.76693e-16
-1.0411954e-15
-1.1007376e-15
-1.1529268e-15
-1.1951232e-15
-1.2245223e-15
-1.2382727e-15
-1.233627e-15
-1.3360236e-15
6.9280954e-17
-1.295258e-15
1.403144e-16
-1.2254662e-15
2.1590913e-16
-1.1253691e-15
2.933192e-16
-9.9503953e-16
3.6928591e-16
-8.3608807e-16
4.4023107e-16
-6.5173202e-16
5.025118e-16
-4.4672424e-16
5.5271309e-16
5.8794571e-16
-2.2713502e-16
-1.2712545e-15
4.9243499e-17
-1.226487e-15
9.5546982e-17
-1.1551849e-15
1.4460697e-16
-1.0565179e-15
1.9465225e-16
-9.3083412e-16
2.436021e-16
-7.7979193e-16
2.8918889e-16
-6.0639729e-16
3.2911716e-16
-4.1492854e-16
3.6124435e-16
3.8376359e-16
-2.1074641e-16
-1.2289665e-15
2.5504684e-17
-1.1817635e-15
4.8343978e-17
-1.1096363e-15
7.2479809e-17
-1.0120283e-15
9.7044229e-17
-8.8944987e-16
1.2102369e-16
-7.4357954e-16
1.4331856e-16
-5.7728191e-16
1.6281953e-16
-3.9453142e-16
1.7849386e-16
1.8947232e-16
-2.0024015e-16
-1.2081224e-15
-1.1597784e-15
-1.0872986e-15
-9.9025433e-16
-8.6923064e-16
-7.2591207e-16
-5.6309254e-16
-3.8459868e-16
-1.9512636e-16
6.0611292e-16
3.953665e-16
1.9512636e-16
-4.0388044e-13
4.3457026e-13
-3.068982e-14
-3.6439245e-13
-3.9488004e-14
-3.1813304e-13
-4.625938e-14
-2.6798143e-13
-5.0151618e-14
-2.1706958e-13
-5.0911859e-14
-1.6822344e-13
-4.884613e-14
-1.2333923e-13
-4.4884201e-14
-8.2486952e-14
-4.0852284e-14
-4.2894551e-14
-3.9592402e-14
-4.2894832e-14
-4.6995742e-13
4.7630831e-13
-6.3509012e-15
-4.6693275e-13
-3.0246704e-15
-4.6577492e-13
-1.1578289e-15
-4.6559183e-13
-1.8310524e-16
-4.6586627e-13
2.7444058e-16
-4.6633694e-13
4.7067415e-16
-4.6689555e-13
5.585906e-16
-4.6752496e-13
6.2942687e-16
-4.6826465e-13
7.397007e-16
-4.691839e-13
9.1924673e-16
-4.7035724e-13
1.173322e-15
-4.7183232e-13
1.475103e-15
-4.7358052e-13
1.7481901e-15
-4.7542069e-13
1.8401718e-15
-4.7691284e-13
1.4921329e-15
-4.7725713e-13
3.4428741e-16
-4.7511826e-13
-2.1388525e-15
-4.6868818e-13
-6.4300527e-15
-4.5582962e-13
-1.2858577e-14
-2.1259358e-14
-7.9657701e-13
4.5678163e-13
3.3979537e-13
-8.1865415e-13
2.2077159e-14
-7.5370331e-13
-6.4950844e-14
-6.672239e-13
-8.6479413e-14
-5.9467785e-13
-7.2546054e-14
-5.4291148e-13
-5.176638e-14
-5.090117e-13
-3.3899778e-14
-4.8823958e-13
-2.0772108e-14
-1.1931263e-14
4.5678163e-13
-1.3929844e-12
-1.3857173e-13
1.5008663e-12
-1.2560041e-12
-1.7646834e-13
-1.0963854e-12
-2.0587807e-13
-9.233276e-13
-2.232094e-13
-7.4691556e-13
-2.2732389e-13
-5.7645994e-13
-2.1930177e-13
-4.1878612e-13
-2.0255803e-13
-2.7573079e-13
-1.8390758e-13
-1.4062582e-13
-1.7469737e-13
-1.8352122e-13
-2.115358e-12
-3.0393425e-13
2.2807206e-12
-1.9051516e-12
-3.8667483e-13
-1.6599546e-12
-4.5107503e-13
-1.3935392e-12
-4.8962479e-13
-1.1208717e-12
-4.9999138e-13
-8.5620702e-13
-4.8396647e-13
-6.1169079e-13
-4.4707424e-13
-3.9464587e-13
-4.0095253e-13
-1.9940223e-13
-3.6994104e-13
-3.8292412e-13
-2.6075759e-12
-5.08691e-13
2.8123327e-12
-2.3431719e-12
-6.5107883e-13
-2.0326572e-12
-7.6158977e-13
-1.6939786e-12
-8.2830334e-13
-1.3457465e-12
-8.4822357e-13
-1.0057035e-12
-8.2400942e-13
-6.9159689e-13
-7.6118091e-13
-4.2203652e-13
-6.7051289e-13
-2.0468568e-13
-5.8729186e-13
-5.8761039e-13
-2.8877914e-12
3.1144828e-12
-7.3538233e-13
-2.5856506e-12
-9.5321968e-13
-2.2267484e-12
-1.120492e-12
-1.8336615e-12
-1.2213903e-12
-1.4270908e-12
-1.2547942e-12
-1.0243871e-12
-1.2267131e-12
-6.4416152e-13
-1.1414065e-12
-3.201037e-13
-9.9457075e-13
-1.0744807e-13
-7.9994753e-13
-6.9505798e-13
-1.6603689e-12
-3.0265902e-14
1.6842839e-12
-1.647854e-12
-1.553955e-14
-1.6420689e-12
-6.9429758e-15
-1.6400494e-12
-2.2025902e-15
-1.640023e-12
2.4809594e-16
-1.6410014e-12
1.4489914e-15
-1.6425043e-12
2.0615436e-15
-1.6443768e-12
2.5018915e-15
-1.6466535e-12
3.0163043e-15
-1.6494611e-12
3.7269515e-15
-1.6529273e-12
4.6394761e-15
-1.6570649e-12
5.6126801e-15
-1.6616069e-12
6.2901512e-15
-1.6657664e-12
5.9997115e-15
-1.6679171e-12
3.6428127e-15
-1.6652009e-12
-2.3718815e-15
-1.6533092e-12
-1.40305e-14
-1.6263688e-12
-3.3370511e-14
-1.5776091e-12
-6.1618255e-14
-9.800213e-14
-2.5465769e-12
-6.1427169e-14
2.5777382e-12
-2.5294489e-12
-3.2667583e-14
-2.5208822e-12
-1.5509689e-14
-2.5173029e-12
-5.7818668e-15
-2.5164957e-12
-5.5906707e-16
-2.5171816e-12
2.1348177e-15
-2.5186994e-12
3.5794168e-15
-2.5207833e-12
4.5857693e-15
-2.5234026e-12
5.635659e-15
-2.5266378e-12
6.9620801e-15
-2.5305587e-12
8.5604542e-15
-2.5350744e-12
1.0128389e-14
-2.539715e-12
1.0930716e-14
-2.5433127e-12
9.597454e-15
-2.5435592e-12
3.8892911e-15
-2.5364771e-12
-9.4539595e-15
-2.5158808e-12
-3.4626839e-14
-2.4732083e-12
-7.6042971e-14
-2.3981404e-12
-1.3668617e-13
-2.1542198e-13
-3.127354e-12
-8.6761648e-14
3.1526885e-12
-3.1130649e-12
-4.6956754e-14
-3.1056402e-12
-2.2934371e-14
-3.1023029e-12
-9.1191055e-15
-3.1013017e-12
-1.5602972e-15
-3.1015984e-12
2.4314911e-15
-3.102642e-12
4.6230442e-15
-3.1041933e-12
6.1370457e-15
-3.1062019e-12
7.6443202e-15
-3.1087075e-12
9.4676376e-15
-3.1117397e-12
1.1592662e-14
-3.115188e-12
1.3576644e-14
-3.118601e-12
1.4343669e-14
-3.1208666e-12
1.1863137e-14
-3.1197159e-12
2.7385704e-15
-3.1110124e-12
-1.8157458e-14
-3.0878634e-12
-5.7775797e-14
-3.0398524e-12
-1.2405403e-13
-2.9530743e-12
-2.2346426e-13
-3.5616358e-13
-3.4044022e-12
3.4137406e-12
-9.6100048e-14
-3.3990354e-12
-5.2323502e-14
-3.3961814e-12
-2.5788392e-14
-3.3948508e-12
-1.0449717e-14
-3.3944081e-12
-2.0030673e-15
-3.3944715e-12
2.4948882e-15
-3.3948364e-12
4.9880157e-15
-3.3954168e-12
6.7174368e-15
-3.3962024e-12
8.429879e-15
-3.3972246e-12
1.0489847e-14
-3.3985192e-12
1.2887289e-14
-3.4000668e-12
1.5124167e-14
-3.4016769e-12
1.5953787e-14
-3.4027555e-12
1.2941717e-14
-3.4018515e-12
1.8345458e-15
-3.3958108e-12
-2.4198149e-14
-3.3784108e-12
-7.5175715e-14
-3.3384747e-12
-1.639902e-13
-3.2582705e-12
-3.0366844e-13
-4.9995134e-13
-3.8062379e-12
-5.4109305e-13
4.6871263e-12
-3.1775713e-12
-6.065894e-13
-2.6906156e-12
-5.5190655e-13
-2.3351021e-12
-4.4199291e-13
-2.0827749e-12
-3.2487319e-13
-1.9103455e-12
-2.2419576e-13
-1.7974168e-12
-1.4682853e-13
-1.7266155e-12
-9.1573375e-14
-5.426294e-14
-4.7731731e-12
-1.0980067e-12
5.3300868e-12
-4.2044948e-12
-1.1752677e-12
-3.7161259e-12
-1.0402755e-12
-3.3329544e-12
-8.2516448e-13
-3.0499757e-12
-6.0785184e-13
-2.8510129e-12
-4.2315859e-13
-2.717176e-12
-2.8066541e-13
-2.6309141e-12
-1.7783521e-13
-1.0743892e-13
-4.9332062e-12
-1.5847801e-12
5.4199796e-12
-4.4373697e-12
-1.6711042e-12
-4.0380936e-12
-1.4395515e-12
-3.7379918e-12
-1.1252663e-12
-3.5197853e-12
-8.2605839e-13
-3.366537e-12
-5.7640681e-13
-3.2627601e-12
-3.8444232e-13
-3.1950754e-12
-2.4551994e-13
-1.498258e-13
-4.319514e-12
4.9799143e-12
-2.2451805e-12
-3.9391901e-12
-2.0514281e-12
-3.7416929e-12
-1.6370487e-12
-3.6231312e-12
-1.2438281e-12
-3.5439799e-12
-9.0520966e-13
-3.4898651e-12
-6.3052158e-13
-3.4532489e-12
-4.2105848e-13
-3.4291002e-12
-2.6966868e-13
-1.6518537e-13
-3.9867982e-13
5.5425878e-12
-6.1118144e-13
5.5425884e-12
-7.3379026e-13
5.5425884e-12
5.5425878e-12
-1.2964638e-12
-1.5266937e-19
-1.9083912e-20
1.1480647e-19
-1.770425e-12
-8.7323458e-13
1.9082772e-12
-1.5784413e-12
-1.1452033e-12
-1.347799e-12
-1.3511343e-12
-1.095156e-12
-1.4740332e-12
-8.3326876e-13
-1.5166815e-12
-5.6883357e-13
-1.4911483e-12
-3.0487827e-13
-1.4053618e-12
-6.1332625e-14
-1.2381164e-12
9.8912767e-14
-9.6019293e-13
-5.9614262e-13
-1.7561127e-12
1.8913938e-12
-1.0085157e-12
-1.5591256e-12
-1.3421904e-12
-1.320666e-12
-1.5895939e-12
-1.0607288e-12
-1.7339704e-12
-7.9291959e-13
-1.7844907e-12
-5.2065387e-13
-1.763414e-12
-2.3177317e-13
-1.6942425e-12
1.0523614e-13
-1.5751257e-12
4.259212e-13
-1.280878e-12
-1.7022087e-13
-2.0333311e-12
-9.2246734e-14
2.0294778e-12
-2.0354703e-12
-5.0184338e-14
-2.0365734e-12
-2.4685374e-14
-2.0370703e-12
-9.9527472e-15
-2.0372254e-12
-1.8479801e-15
-2.0371935e-12
2.4630127e-15
-2.0370597e-12
4.8541614e-15
-2.0368667e-12
6.5245288e-15
-2.0366365e-12
8.1996382e-15
-2.036387e-12
1.024036e-14
-2.0361489e-12
1.2649126e-14
-2.0359779e-12
1.4953249e-14
-2.0359542e-12
1.5930073e-14
-2.0361326e-12
1.3120144e-14
-2.0363675e-12
2.0694033e-15
-2.0358493e-12
-2.4716393e-14
-2.0320922e-12
-7.893279e-14
-2.0190606e-12
-1.7702178e-13
-1.9844947e-12
-3.3823437e-13
-5.7616884e-13
-1.9640213e-12
1.953654e-12
-8.1879366e-14
-1.9698445e-12
-4.4361186e-14
-1.9728722e-12
-2.1657568e-14
-1.974244e-12
-8.5809824e-15
-1.9746717e-12
-1.4202951e-15
-1.9745756e-12
2.3668796e-15
-1.9741828e-12
4.4613758e-15
-1.9735989e-12
5.9405828e-15
-1.9728602e-12
7.4609987e-15
-1.9719779e-12
9.358033e-15
-1.9709804e-12
1.1651619e-14
-1.9699631e-12
1.3935957e-14
-1.9691422e-12
1.5109223e-14
-1.968892e-12
1.2869957e-14
-1.9696885e-12
2.865893e-15
-1.9717727e-12
-2.2632177e-14
-1.9741517e-12
-7.6553757e-14
-1.9722474e-12
-1.7892609e-13
-1.9533522e-12
-3.571295e-13
-6.3812729e-13
-1.4288704e-12
-1.7276898e-12
9.1137964e-13
-1.7049805e-12
-1.7753179e-12
-1.8433122e-12
-1.498717e-12
-1.9193898e-12
-1.1677506e-12
-1.9653772e-12
-8.5922221e-13
-1.9940411e-12
-6.0185772e-13
-2.0118847e-12
-4.032148e-13
-2.0228644e-12
-2.5868899e-13
-1.5857194e-13
-8.6175787e-13
3.0362796e-13
-1.1695598e-12
-1.2698212e-12
-1.3672546e-12
-1.5255119e-12
-1.2430263e-12
-1.6877846e-12
-1.0054778e-12
-1.7935978e-12
-7.5340895e-13
-1.8628578e-12
-5.3259773e-13
-1.9077008e-12
-3.5837177e-13
-1.9361419e-12
-2.3024787e-13
-1.4105996e-13
-3.8508413e-13
-8.145618e-14
-9.1334133e-13
9.8214401e-13
-1.0773184e-12
-8.0735778e-13
-1.448174e-12
-6.7856135e-13
-1.7183903e-12
-5.3941773e-13
-1.873114e-12
-3.9817418e-13
-1.9257343e-12
-2.5656866e-13
-1.9050196e-12
-1.052373e-13
-1.8455738e-12
1.1216184e-13
-1.7925248e-12
6.6330123e-13
-1.8320174e-12
-2.3869196e-12
-9.9413254e-13
9.8655811e-13
-7.4304938e-14
-9.9837958e-13
-4.0114169e-14
-1.0005767e-12
-1.9460444e-14
-1.0015599e-12
-7.5978303e-15
-1.0018527e-12
-1.1274002e-15
-1.0017637e-12
2.2778226e-15
-1.0014576e-12
4.1552663e-15
-1.001008e-12
5.4910082e-15
-1.0004356e-12
6.8885745e-15
-9.9973913e-13
8.6615404e-15
-9.9892704e-13
1.0839542e-14
-9.9805602e-13
1.3064913e-14
-9.9728155e-13
1.4334731e-14
-9.969166e-13
1.2504985e-14
-9.9746719e-13
3.4164724e-15
-9.9955098e-13
-2.0548374e-14
-1.0034794e-12
-7.2625294e-14
-1.0079849e-12
-1.744206e-13
-1.0066877e-12
-3.5842679e-13
-6.6267096e-13
-3.2228931e-13
8.1935852e-14
-9.2920638e-13
-5.4211665e-13
-1.1474273e-12
-6.937037e-13
-1.0914393e-12
-7.9944075e-13
-8.9974078e-13
-8.7199976e-13
-6.8085e-13
-9.209046e-13
-4.8369288e-13
-9.5313291e-13
-3.2614343e-13
-9.7378101e-13
-2.0959979e-13
-1.2828283e-13
4.7969193e-16
-2.2362003e-12
-1.2448686e-12
2.4037505e-12
-1.9638992e-12
-1.720475e-12
-1.6311233e-12
-2.0511663e-12
-1.276947e-12
-2.2272903e-12
-9.2708056e-13
-2.2756007e-12
-5.916672e-13
-2.2404329e-12
-2.6421617e-13
-2.1730248e-12
7.0797308e-14
-2.1275383e-12
3.5028797e-13
-2.111508e-12
-2.0366343e-12
-1.9715858e-12
-1.3857226e-12
2.1124399e-12
-1.705918e-12
-1.9861428e-12
-1.3791968e-12
-2.3778875e-12
-1.0424293e-12
-2.5640578e-12
-7.282736e-13
-2.5897564e-12
-4.53161e-13
-2.5155455e-12
-2.2581374e-13
-2.4003721e-12
-6.4218699e-14
-2.2891333e-12
1.3577948e-14
-2.1893047e-12
-2.0230568e-12
-1.5817274e-12
-1.484492e-12
1.6804968e-12
-1.3339512e-12
-2.233919e-12
-1.0246283e-12
-2.6872104e-12
-7.1844579e-13
-2.8702403e-12
-4.5392432e-13
-2.8542779e-12
-2.4816084e-13
-2.721309e-12
-1.069896e-13
-2.5415433e-12
-3.3532879e-14
-2.36259e-12
-1.9944106e-14
-2.2028935e-12
-2.0430011e-12
-1.0466083e-12
1.0488777e-12
-1.4867615e-12
-8.4282006e-13
-2.4377073e-12
-5.6650321e-13
-2.9635273e-12
-3.0492614e-13
-3.1318174e-12
-1.0356268e-13
-3.0556414e-12
2.367917e-14
-2.8485509e-12
7.9843797e-14
-2.597708e-12
7.5965501e-14
-2.3587118e-12
3.1881807e-14
-2.1588098e-12
-2.011119e-12
-2.3362785e-12
-4.9888894e-14
2.3118624e-12
-2.3499092e-12
-2.6483495e-14
-2.3568964e-12
-1.2473234e-14
-2.3599634e-12
-4.5307841e-15
-2.3608121e-12
-2.7875885e-16
-2.3604423e-12
1.9080754e-15
-2.3593796e-12
3.0925256e-15
-2.3578493e-12
3.9606817e-15
-2.3558977e-12
4.9370208e-15
-2.3534918e-12
6.255632e-15
-2.3506197e-12
7.9674594e-15
-2.3474212e-12
9.866359e-15
-2.3443769e-12
1.1290527e-14
-2.3425783e-12
1.0706308e-14
-2.3440372e-12
4.8754222e-15
-2.3518839e-12
-1.2701736e-14
-2.3698295e-12
-5.4679722e-14
-2.3991225e-12
-1.4512755e-13
-2.427672e-12
-3.298773e-13
-6.8659245e-13
-1.879123e-12
-2.5052249e-14
1.8542864e-12
-1.8927095e-12
-1.2896993e-14
-1.8994379e-12
-5.7448369e-15
-1.9021836e-12
-1.7851349e-15
-1.9027268e-12
2.6449179e-16
-1.9020887e-12
1.2699713e-15
-1.9007916e-12
1.7954011e-15
-1.899032e-12
2.2011501e-15
-1.8968098e-12
2.7148464e-15
-1.8940266e-12
3.4724016e-15
-1.8905847e-12
4.5255415e-15
-1.886523e-12
5.8046576e-15
-1.8822403e-12
7.0078455e-15
-1.8788794e-12
7.3454228e-15
-1.8789597e-12
4.9557867e-15
-1.8872327e-12
-4.4288403e-15
-1.911861e-12
-3.0051362e-14
-1.9645912e-12
-9.2397368e-14
-2.0507218e-12
-2.4374671e-13
-6.2487433e-13
-1.2664712e-12
-6.733649e-15
1.2481526e-12
-1.2761104e-12
-3.2577719e-15
-1.280576e-12
-1.2792221e-15
-1.2821283e-12
-2.3283948e-16
-1.2821336e-12
2.6980717e-16
-1.2813537e-12
4.9004844e-16
-1.2801535e-12
5.951337e-16
-1.2786394e-12
6.871215e-16
-1.2767585e-12
8.3397217e-16
-1.2743671e-12
1.0809553e-15
-1.2712967e-12
1.4551701e-15
-1.267449e-12
1.9569664e-15
-1.2629686e-12
2.5274614e-15
-1.2585884e-12
2.9652002e-15
-1.2563502e-12
2.7175874e-15
-1.2608934e-12
1.1435563e-16
-1.2821233e-12
-8.8214821e-15
-1.3408883e-12
-3.3632339e-14
-1.4761362e-12
-1.0849879e-13
-4.2051375e-13
-4.883353e-13
4.8160166e-13
-4.9159307e-13
-4.9287228e-13
-4.9310513e-13
-4.9283533e-13
-4.9234527e-13
-4.9175013e-13
-4.9106301e-13
-4.9022903e-13
-4.8914808e-13
-4.8769289e-13
-4.8573595e-13
-4.8320846e-13
-4.8024328e-13
-4.7752571e-13
-4.7741137e-13
-4.8623283e-13
-5.1986518e-13
-6.2836396e-13
-5.3341063e-13
-4.5755821e-13
6.1762451e-14
-1.0151708e-12
-6.6566713e-13
-1.419719e-12
-6.868911e-13
-1.7262969e-12
-5.931629e-13
-1.9475818e-12
-4.5956503e-13
-2.1012382e-12
-3.3003646e-13
-2.2041668e-12
-2.2321487e-13
-2.2706301e-12
-1.4313645e-13
-8.7050502e-14
-2.7696713e-13
-1.8601584e-13
5.4247494e-15
-6.3117964e-13
-3.1145463e-13
-9.7472045e-13
-3.433503e-13
-1.2615274e-12
-3.0635596e-13
-1.4802858e-12
-2.4080658e-13
-1.6367821e-12
-1.7354027e-13
-1.7430392e-12
-1.169577e-13
-1.8118323e-12
-7.4343416e-14
-4.4596378e-14
-1.103868e-13
-4.5334991e-14
-3.0294022e-14
-3.3447184e-13
-8.7369618e-14
-5.7613874e-13
-1.0168338e-13
-7.9030966e-13
-9.2185018e-14
-9.5865716e-13
-7.2459113e-14
-1.0804472e-12
-5.175022e-14
-1.1630577e-12
-3.4347222e-14
-1.216024e-12
-2.1377107e-14
-1.2467787e-14
-7.9621742e-15
-3.7372836e-14
-9.5331805e-14
-1.9701518e-13
-2.8920022e-13
-3.6165932e-13
-4.1340956e-13
-4.4775678e-13
-4.6913387e-13
6.224213e-14
6.7666868e-14
3.7372827e-14
-3.4304682e-13
-1.1437146e-12
-2.3034898e-13
-2.5504052e-12
3.2371817e-14
-3.226248e-12
2.6779304e-13
-3.3672386e-12
4.068812e-13
-3.1947295e-12
4.4176791e-13
-2.8834376e-12
3.9018957e-13
-2.5461296e-12
2.7773705e-13
-2.2462593e-12
1.3489653e-13
-2.0159692e-12
-1.876222e-12
1.4571353e-13
-1.2894282e-12
4.8775082e-13
-2.8924425e-12
8.253452e-13
-3.5638424e-12
1.0167645e-12
-3.558658e-12
1.0416296e-12
-3.2195946e-12
9.3542759e-13
-2.7772356e-12
7.4376857e-13
-2.3544706e-12
5.0532366e-13
-2.0078144e-12
2.5005687e-13
-1.7607025e-12
-1.6261648e-12
5.4237939e-13
-1.8318076e-12
1.2610044e-12
-3.6110675e-12
1.7170795e-12
-4.0199175e-12
1.8331628e-12
-3.6747412e-12
1.6985397e-12
-3.0849716e-12
1.4201255e-12
-2.4988214e-12
1.0757728e-12
-2.0101178e-12
7.1162548e-13
-1.6436671e-12
3.5064491e-13
-1.3997219e-12
-1.2755195e-12
1.2449624e-12
-3.07677e-12
2.4023038e-12
-4.7684089e-12
2.8218837e-12
-4.4394973e-12
2.6977109e-12
-3.5505684e-12
2.3019714e-12
-2.6892321e-12
1.8110455e-12
-2.0078955e-12
1.314118e-12
-1.5131903e-12
8.4608511e-13
-1.1756342e-12
4.1185179e-13
-9.6548858e-13
-8.6366748e-13
3.4624527e-12
-6.5392227e-12
4.4658571e-12
-5.7718133e-12
4.1841793e-12
-4.1578195e-12
3.4670721e-12
-2.8334613e-12
2.683546e-12
-1.905706e-12
1.9710122e-12
-1.2953617e-12
1.3634686e-12
-9.0564658e-13
8.5110803e-13
-6.632737e-13
4.0749535e-13
-5.2187589e-13
-4.5617199e-13
1.0799171e-11
-3.4863818e-12
-1.3852012e-11
7.7807517e-12
-2.7533937e-12
5.4621988e-12
-1.8392666e-12
3.7901446e-12
-1.1614071e-12
2.6072004e-12
-7.2276185e-13
1.7668533e-12
-4.5501465e-13
1.1572028e-12
-2.9599603e-13
6.9724079e-13
-2.0331171e-13
3.273112e-13
-1.5194631e-13
-1.2886067e-13
7.7119586e-12
-1.119834e-11
4.9585649e-12
3.1192983e-12
1.9578912e-12
1.2351294e-12
7.801147e-13
4.8411865e-13
2.8080697e-13
1.2886064e-13
1.2256877e-11
-6.2072906e-13
-1.1636148e-11
1.2433605e-11
-1.7672758e-13
1.248977e-11
-5.6165136e-14
1.2511159e-11
-2.1388719e-14
1.251966e-11
-8.5010294e-15
1.2522996e-11
-3.3360482e-15
1.2524311e-11
-1.315612e-15
1.2524839e-11
-5.2735262e-16
1.2525055e-11
-2.1608434e-16
1.2525155e-11
-1.0062366e-16
1.2525236e-11
-8.0649293e-17
1.2525376e-11
-1.3981741e-16
1.2525703e-11
-3.2733145e-16
1.2526505e-11
-8.0151562e-16
1.2528633e-11
-2.1281086e-15
1.2534972e-11
-6.3391194e-15
1.2553109e-11
-1.8137286e-14
1.2599662e-11
-4.6552582e-14
1.2769213e-11
-1.695516e-13
-1.0827989e-12
1.2793475e-11
-1.3414205e-11
1.2616748e-11
1.2560583e-11
1.2539194e-11
1.2530693e-11
1.2527357e-11
1.2526041e-11
1.2525514e-11
1.2525298e-11
1.2525197e-11
1.2525117e-11
1.2524977e-11
1.2524649e-11
1.2523848e-11
1.252172e-11
1.2515381e-11
1.2497243e-11
1.2450691e-11
1.2281139e-11
9.9099857e-12
-4.2865272e-13
-9.481333e-12
1.0125835e-11
-2.1584885e-13
1.0252031e-11
-1.2619639e-13
1.0364322e-11
-1.1229113e-13
1.0478295e-11
-1.1397313e-13
1.0608427e-11
-1.3013198e-13
1.077517e-11
-1.6674299e-13
1.1045739e-11
-2.7056834e-13
-5.9040936e-13
1.1125074e-11
-9.7798258e-12
-1.7739007e-12
1.20955e-11
-1.1862754e-12
1.2721885e-11
-7.5258069e-13
1.3149577e-11
-5.3998304e-13
1.3444974e-11
-4.093702e-13
1.3647629e-11
-3.3278712e-13
1.376725e-11
-2.8636383e-13
1.375666e-11
-2.5997921e-13
-2.4795344e-13
-4.2625096e-12
-8.8235119e-12
1.0452246e-17
-1.7738827e-12
-2.8519974e-17
6.7099508e-18
-1.1862717e-12
7.1797106e-18
-7.5258116e-13
7.1943312e-18
-5.3998306e-13
7.2231184e-18
-4.0937023e-13
7.2691335e-18
-3.3278716e-13
7.5430491e-18
-2.8636409e-13
7.5869023e-18
-2.5997926e-13
-2.4794586e-13
1.053706e-12
-8.2723684e-13
-2.0003518e-12
5.2818355e-13
-6.6074924e-13
2.8965368e-13
-5.1405128e-13
1.6326653e-13
-4.1359591e-13
9.5819455e-14
-3.4192315e-13
5.6559283e-14
-2.9352698e-13
3.1877198e-14
-2.6168201e-13
1.4419197e-14
-2.4252126e-13
-2.3352666e-13
1.162136e-12
-2.1026549e-12
1.1328203e-13
6.2370516e-13
-1.2231838e-13
3.6341171e-13
-2.5375783e-13
2.1723804e-13
-2.6742224e-13
1.3362459e-13
-2.5830971e-13
8.179288e-14
-2.4169527e-13
4.7243341e-14
-2.2713247e-13
2.1671813e-14
-2.1694973e-13
-2.1185485e-13
-3.9526382e-12
-1.0820889e-12
1.6861584e-12
6.1371298e-13
2.2625474e-13
-7.2668569e-13
4.6775069e-13
2.3643905e-14
3.2744765e-13
-1.1345479e-13
2.2371356e-13
-1.6368814e-13
1.4972508e-13
-1.8432123e-13
9.698492e-14
-1.8895511e-13
5.7985412e-14
-1.8813296e-13
2.7096775e-14
-1.860611e-13
-1.8475807e-13
4.1463785e-13
2.339514e-13
-4.2233451e-13
3.5429869e-13
8.398307e-14
2.7243179e-13
-3.1587894e-14
2.0070676e-13
-9.1963106e-14
1.4230504e-13
-1.2591951e-13
9.6136797e-14
-1.4278687e-13
5.9070865e-14
-1.5106703e-13
2.8000481e-14
-1.5499071e-13
-1.5675759e-13
2.5176797e-13
1.8852801e-13
-2.0634457e-13
2.4590692e-13
8.9844114e-14
2.0894935e-13
5.3696764e-15
1.6583397e-13
-4.8847727e-14
1.2418944e-13
-8.4274978e-14
8.7162742e-14
-1.0576018e-13
5.4800713e-14
-1.18705e-13
2.6224791e-14
-1.2641479e-13
-1.305328e-13
1.6355204e-13
1.4375231e-13
-1.1877634e-13
1.7303257e-13
8.0363591e-14
1.5752336e-13
2.087888e-14
1.3196824e-13
-2.3292607e-14
1.0296684e-13
-5.5273572e-14
7.4222083e-14
-7.7015423e-14
4.7072193e-14
-9.1555112e-14
2.22941e-14
-1.016367e-13
-1.082387e-13
1.0653351e-13
-6.9643549e-14
1.0686235e-13
1.2060134e-13
6.6295756e-14
1.1634132e-13
2.51389e-14
1.019374e-13
-8.8886821e-15
8.2190085e-14
-3.5526258e-14
6.0332868e-14
-5.5158206e-14
3.8109896e-14
-6.933214e-14
1.7506363e-14
-8.1033165e-14
-9.0732336e-14
9.5947276e-13
5.3713825e-13
3.3079368e-13
2.1201733e-13
1.4237378e-13
-2.7109514e-16
-4.9326286e-17
3.2042142e-16
-2.2796079e-16
-4.3134351e-17
-1.8989048e-16
-3.807031e-17
-1.5593953e-16
-3.395095e-17
-1.2530448e-16
-3.0635059e-17
-9.7290289e-17
-2.8014188e-17
-7.1284312e-17
-2.6005977e-17
-4.6734953e-17
-2.4549358e-17
-2.3133794e-17
-2.3601158e-17
-2.3133782e-17
-2.6531673e-16
-9.7371464e-17
3.133619e-16
-2.2323853e-16
-8.5212548e-17
-1.8605158e-16
-7.5257265e-17
-1.5285102e-16
-6.7151514e-17
-1.2286436e-16
-6.0621715e-17
-9.5421212e-17
-5.5457338e-17
-6.9928957e-17
-5.149823e-17
-4.5852829e-17
-4.8625484e-17
-2.2699035e-17
-4.6754949e-17
-4.5832806e-17
-2.5397258e-16
-1.4292079e-16
2.995219e-16
-2.1395705e-16
-1.2522808e-16
-1.7849901e-16
-1.107153e-16
-1.467699e-16
-9.8880631e-17
-1.180568e-16
-8.9334811e-17
-9.1736835e-17
-8.1777302e-17
-6.7256212e-17
-7.5978852e-17
-4.411282e-17
-7.1768874e-17
-2.1841326e-17
-6.9026441e-17
-6.7674121e-17
-2.3747093e-16
-1.8488487e-16
2.7943501e-16
-2.0043029e-16
-1.6226873e-16
-1.674746e-16
-1.43671e-16
-1.3788179e-16
-1.2847344e-16
-1.1102269e-16
-1.1619391e-16
-8.63416e-17
-1.0645839e-16
-6.3339893e-17
-9.8980558e-17
-4.1562094e-17
-9.3546671e-17
-2.0583658e-17
-9.0004876e-17
-8.8257769e-17
-2.1639162e-16
2.5385449e-16
-2.2234775e-16
-1.8310647e-16
-1.9555388e-16
-1.5332508e-16
-1.7345239e-16
-1.264538e-16
-1.5534472e-16
-1.019654e-16
-1.4068231e-16
-7.9386591e-17
-1.290372e-16
-5.8286973e-17
-1.2008018e-16
-3.8269091e-17
-1.1356455e-16
-1.8959417e-17
-1.0931455e-16
-1.0721718e-16
-2.3306402e-14
-1.4269269e-14
3.7575671e-14
-1.4735128e-14
-8.5712741e-15
-1.0121994e-14
-4.613134e-15
-7.2570868e-15
-2.864907e-15
-5.4167735e-15
-1.8403133e-15
-4.160265e-15
-1.2565085e-15
-3.2689317e-15
-8.9133327e-16
-2.614387e-15
-6.5454472e-16
-2.1206876e-15
-4.9369939e-16
-1.739912e-15
-3.8077561e-16
-1.4407833e-15
-2.9912869e-16
-1.2021198e-15
-2.3866352e-16
-1.0091592e-15
-1.929606e-16
-8.5134534e-16
-1.5781385e-16
-7.2096165e-16
-1.3038369e-16
-6.1225588e-16
-1.0870577e-16
-5.2086454e-16
-9.1391337e-17
-4.4342459e-16
-7.7439953e-17
-3.7730561e-16
-6.6118986e-17
-5.6884191e-17
-1.3226633e-14
-1.7263692e-14
1.6221056e-14
-1.0382288e-14
-1.1415619e-14
-7.9680198e-15
-7.0274024e-15
-6.1446441e-15
-4.6882827e-15
-4.7912952e-15
-3.1936622e-15
-3.7861046e-15
-2.2616992e-15
-3.0313146e-15
-1.6461232e-15
-2.4560845e-15
-1.2297749e-15
-2.0109311e-15
-9.3885277e-16
-1.661313e-15
-7.3039379e-16
-1.3829784e-15
-5.7746328e-16
-1.1586598e-15
-4.6298215e-16
-9.7587482e-16
-3.7574553e-16
-8.2545378e-16
-3.0823489e-16
-7.0055389e-16
-2.5528359e-16
-5.9599139e-16
-2.1326828e-16
-5.0778283e-16
-1.795999e-16
-4.3282536e-16
-1.5239743e-16
-3.6867053e-16
-1.3027382e-16
-1.1219282e-16
-6.2890248e-15
-1.567456e-14
4.6998925e-15
-6.3399487e-15
-1.1364695e-14
-5.547182e-15
-7.8201691e-15
-4.6681654e-15
-5.5672993e-15
-3.8602691e-15
-4.0015585e-15
-3.1803133e-15
-2.9416551e-15
-2.6241113e-15
-2.2023251e-15
-2.1740644e-15
-1.6798218e-15
-1.810198e-15
-1.3027191e-15
-1.5149339e-15
-1.0256578e-15
-1.2739365e-15
-8.1846075e-16
-1.075907e-15
-6.610116e-16
-9.1204981e-16
-5.3960277e-16
-7.7553354e-16
-4.4475116e-16
-6.6103626e-16
-3.6978087e-16
-5.6438665e-16
-3.099179e-16
-4.8228994e-16
-2.6169661e-16
-4.1212118e-16
-2.2256619e-16
-3.5176969e-16
-1.9062531e-16
-1.6444061e-16
-1.9627845e-15
-1.3021236e-14
-6.9053958e-16
-3.1401133e-15
-1.0187366e-14
-3.3399588e-15
-7.6203235e-15
-3.1621273e-15
-5.7451308e-15
-2.829509e-15
-4.3341768e-15
-2.4657777e-15
-3.3053864e-15
-2.1202883e-15
-2.5478146e-15
-1.8121711e-15
-1.9879389e-15
-1.5453704e-15
-1.5695199e-15
-1.3176653e-15
-1.2533629e-15
-1.1245485e-15
-1.0115776e-15
-9.6106581e-16
-8.2449425e-16
-8.2256627e-16
-6.781023e-16
-7.0496771e-16
-5.6234973e-16
-6.04801e-16
-4.6994759e-16
-5.191642e-16
-3.955547e-16
-4.4564638e-16
-3.3521444e-16
-3.8224763e-16
-2.8596495e-16
-3.2730604e-16
-2.4556691e-16
-2.1231165e-16
6.7650271e-16
-3.3449869e-15
-1.0352752e-14
-8.6703803e-16
-8.6438253e-15
-1.5750888e-15
-6.9122728e-15
-1.8377595e-15
-5.4824601e-15
-1.8519942e-15
-4.3199421e-15
-1.7458993e-15
-3.4114812e-15
-1.587723e-15
-2.7059909e-15
-1.4147343e-15
-2.1609276e-15
-1.2455645e-15
-1.7386897e-15
-1.0888627e-15
-1.4100647e-15
-9.4787866e-16
-1.1525617e-15
-8.2310156e-16
-9.4927135e-16
-7.1368148e-16
-7.8752239e-16
-6.1819581e-16
-6.578354e-16
-5.3504746e-16
-5.5309594e-16
-4.6266345e-16
-4.679387e-16
-3.9958568e-16
-3.9829222e-16
-3.4450474e-16
-3.4104589e-16
-2.9626482e-16
-2.9380683e-16
-2.5472198e-16
7.141318e-14
7.9120625e-14
-4.3671458e-14
8.4788673e-14
5.2920262e-14
8.5366937e-14
2.4560637e-14
7.7286145e-14
-8.0788965e-16
6.3497099e-14
-2.1737212e-14
4.5902797e-14
-3.7563904e-14
2.5038617e-14
-4.846796e-14
-1.8645454e-15
-5.4130003e-14
-5.502121e-14
4.87108e-14
5.8806712e-14
-2.8396887e-14
6.0003958e-14
4.1627103e-14
6.2527896e-14
2.2036699e-14
5.8272625e-14
3.4473813e-15
4.9062695e-14
-1.2527282e-14
3.6385037e-14
-2.4886246e-14
2.1149885e-14
-3.3232808e-14
3.5742836e-15
-3.6554401e-14
-3.5225871e-14
3.3872868e-14
4.4068723e-14
-1.9134879e-14
4.288468e-14
3.2615292e-14
4.5915218e-14
1.900616e-14
4.3858591e-14
5.5040085e-15
3.7812134e-14
-6.4808247e-15
2.8885416e-14
-1.5959528e-14
1.8033017e-14
-2.238041e-14
6.4667227e-15
-2.4988106e-14
-2.4059255e-14
2.3944295e-14
3.3360173e-14
-1.3235745e-14
3.0963802e-14
2.5595785e-14
3.3900544e-14
1.6069418e-14
3.3117313e-14
6.2872394e-15
2.9274255e-14
-2.6377664e-15
2.3181694e-14
-9.8669667e-15
1.5676683e-14
-1.4875399e-14
7.848399e-15
-1.7159822e-14
-1.6901396e-14
1.7187341e-14
-9.3585139e-15
2.5531346e-14
2.2598825e-14
2.0184301e-14
2.5210189e-14
1.3458054e-14
2.5136414e-14
6.3610143e-15
2.2771335e-14
-2.7268725e-16
1.8687437e-14
-5.7830687e-15
1.3544418e-14
-9.7323806e-15
8.177453e-15
-1.1792857e-14
-1.206893e-14
9.8702325e-14
7.0305438e-14
5.117056e-14
3.7934814e-14
2.85763e-14
-2.0413983e-16
-2.5669536e-16
2.3848744e-16
-1.7334172e-16
-2.2635199e-16
-1.4556945e-16
-2.0122467e-16
-1.203439e-16
-1.8057027e-16
-9.7226159e-17
-1.6380005e-16
-7.5812084e-17
-1.5045128e-16
-5.5726528e-17
-1.4016573e-16
-3.6617394e-17
-1.3267369e-16
-1.8149744e-17
-1.277822e-16
-1.2536691e-16
-1.7168834e-16
-2.8444524e-16
1.9943822e-16
-1.4648049e-16
-2.5155985e-16
-1.2349821e-16
-2.2420694e-16
-1.0242912e-16
-2.0163936e-16
-8.2970179e-17
-1.8325899e-16
-6.4829906e-17
-1.6859155e-16
-4.7728395e-17
-1.5726724e-16
-3.1396101e-17
-1.4900598e-16
-1.5571794e-17
-1.436065e-16
-1.409387e-16
-1.3655581e-16
-3.0527771e-16
1.5738828e-16
-1.1726784e-16
-2.7084782e-16
-9.9403072e-17
-2.4207171e-16
-8.2809405e-17
-2.1823303e-16
-6.7316986e-17
-1.9875141e-16
-5.2746553e-17
-1.8316198e-16
-3.8914543e-17
-1.7109925e-16
-2.5635992e-17
-1.6228453e-16
-1.2725962e-17
-1.5651653e-16
-1.5366466e-16
-9.980757e-17
-3.1912923e-16
1.1365909e-16
-8.6560432e-17
-2.8409496e-16
-7.3969291e-17
-2.5466285e-16
-6.2027719e-17
-2.301746e-16
-5.0689642e-17
-2.1008948e-16
-3.9882243e-17
-1.9396938e-16
-2.9514954e-17
-1.8146654e-16
-1.9485695e-17
-1.7231379e-16
-9.6851882e-18
-1.6631704e-16
-1.6334984e-16
-6.2452083e-17
-3.2615736e-16
6.9480215e-17
-5.5181257e-17
-2.9136579e-16
-4.7863534e-17
-2.6198058e-16
-4.0617876e-17
-2.3742026e-16
-3.3507737e-17
-2.1719962e-16
-2.6556792e-17
-2.0092033e-16
-1.9760557e-17
-1.8826278e-16
-1.3095018e-17
-1.7897933e-16
-6.5231535e-18
-1.7288891e-16
-1.69873e-16
-2.5393389e-17
-3.2669576e-16
2.5931785e-17
-2.3880867e-17
-2.9287831e-16
-2.1702671e-17
-2.6415877e-16
-1.9079853e-17
-2.4004308e-16
-1.61682e-17
-2.2011128e-16
-1.307517e-17
-2.0401336e-16
-9.8729021e-18
-1.9146504e-16
-6.6083053e-18
-1.8224393e-16
-3.3110348e-18
-1.7618618e-16
-1.7318403e-16
1.0592758e-17
-1.6080833e-17
-3.2120769e-16
6.6838983e-18
-2.8896945e-16
3.9645011e-18
-2.6143938e-16
2.1354379e-18
-2.3821402e-16
9.6698042e-19
-2.1894282e-16
2.8202596e-19
-2.033284e-16
-5.7215668e-20
-1.911258e-16
-1.5989752e-19
-1.8214124e-16
-1.1526276e-19
-1.7623081e-16
-1.7329929e-16
2.3950599e-15
-7.8927861e-15
-4.8550254e-15
7.4764714e-16
-6.9964125e-15
-2.3153363e-16
-5.933092e-15
-7.7705861e-16
-4.9369351e-15
-1.0407885e-15
-4.0562123e-15
-1.1351257e-15
-3.317144e-15
-1.1311551e-15
-2.7099615e-15
-1.0739395e-15
-2.2181432e-15
-9.9066839e-16
-1.8219608e-15
-8.9739975e-16
-1.5033334e-15
-8.0325475e-16
-1.2467066e-15
-7.131608e-16
-1.0393653e-15
-6.2954249e-16
-8.711407e-16
-5.5336339e-16
-7.340145e-16
-4.8475629e-16
-6.2170303e-16
-4.2340152e-16
-5.2929348e-16
-3.6875095e-16
-4.5294279e-16
-3.2015866e-16
-3.8963819e-16
-2.769551e-16
-3.3701039e-16
-2.9318964e-16
3.2587083e-15
-5.9169369e-15
-5.2345575e-15
1.7949669e-15
-5.5326712e-15
7.954794e-16
-4.9336045e-15
1.4301958e-16
-4.2844753e-15
-2.5800463e-16
-3.655188e-15
-4.8777044e-16
-3.0873782e-15
-6.0424568e-16
-2.5934862e-15
-6.4840502e-16
-2.1739839e-15
-6.4794802e-16
-1.8224178e-15
-6.2122658e-16
-1.5300548e-15
-5.8012636e-16
-1.2878069e-15
-5.3219664e-16
-1.087295e-15
-4.8211837e-16
-9.2121897e-16
-4.3270173e-16
-7.8343114e-16
-3.8554978e-16
-6.6885498e-16
-3.4149583e-16
-5.7334744e-16
-3.0088908e-16
-4.9354954e-16
-2.6378008e-16
-4.2674719e-16
-2.3004023e-16
-3.7075025e-16
-3.2379165e-16
3.6021428e-15
-4.3798357e-15
-5.139244e-15
2.3732682e-15
-4.3037966e-15
1.4534456e-15
-4.0137819e-15
7.9250797e-16
-3.6235376e-15
3.3659623e-16
-3.1992763e-15
3.3694504e-17
-2.7844765e-15
-1.5869715e-16
-2.4010946e-15
-2.7362478e-16
-2.0590562e-15
-3.3552366e-16
-1.7605189e-15
-3.6198302e-16
-1.5035954e-15
-3.6537795e-16
-1.2844119e-15
-3.5427086e-16
-1.0984021e-15
-3.3449627e-16
-9.4099356e-16
-3.0997031e-16
-8.0795711e-16
-2.8327563e-16
-6.9554966e-16
-2.5607662e-16
-6.0054644e-16
-2.2941027e-16
-5.2021589e-16
-2.0388814e-16
-4.5226932e-16
-1.7983576e-16
-3.9480263e-16
-3.4623914e-16
3.6394908e-15
-3.2054458e-15
-4.8138807e-15
2.6411956e-15
-3.3055013e-15
1.8411296e-15
-3.213716e-15
1.2249904e-15
-3.0073984e-15
7.6656428e-16
-2.7408502e-15
4.3508339e-16
-2.4529956e-15
2.0192192e-16
-2.1679331e-15
4.2611328e-17
-1.8997457e-15
-6.2481369e-17
-1.6554262e-15
-1.2853849e-16
-1.4375383e-15
-1.6697951e-16
-1.2459709e-15
-1.8622692e-16
-1.0791547e-15
-1.9239715e-16
-9.3482333e-16
-1.8987536e-16
-8.1047889e-16
-1.8176866e-16
-7.0365637e-16
-1.7025205e-16
-6.1206305e-16
-1.5682697e-16
-5.3364097e-16
-1.4251157e-16
-4.6658473e-16
-1.2797928e-16
-4.0933492e-16
-3.6055933e-16
3.5057975e-15
-2.318802e-15
-4.3924413e-15
2.7117928e-15
-2.5114967e-15
2.039556e-15
-2.5414791e-15
1.4926835e-15
-2.4605259e-15
1.0619117e-15
-2.3100784e-15
7.3117761e-16
-2.1222615e-15
4.8279102e-16
-1.9195465e-15
2.9992559e-16
-1.7168802e-15
1.6791099e-16
-1.5234116e-15
7.4594108e-17
-1.3442214e-15
1.0260563e-17
-1.1816374e-15
-3.2663336e-17
-1.0362308e-15
-5.997304e-17
-9.0751362e-16
-7.6040112e-17
-7.9441181e-16
-8.4123809e-17
-6.9557267e-16
-8.6629702e-17
-6.0955716e-16
-8.5316502e-17
-5.3495417e-16
-8.1457449e-17
-4.7044378e-16
-7.5964114e-17
-4.1482826e-16
-3.6704323e-16
3.2845163e-15
-1.655516e-15
-3.9478023e-15
2.6623134e-15
-1.8892938e-15
2.1103684e-15
-1.9895342e-15
1.6402296e-15
-1.990387e-15
1.2522886e-15
-1.9221375e-15
9.4001944e-16
-1.8099923e-15
6.9368589e-16
-1.673213e-15
5.026009e-16
-1.5257952e-15
3.5651635e-16
-1.377327e-15
2.4630307e-16
-1.2340081e-15
1.642088e-16
-1.0995431e-15
1.0386192e-16
-9.7588391e-16
6.0147993e-17
-8.6379969e-16
2.9033327e-17
-7.6329715e-16
7.3795395e-18
-6.7391888e-16
-7.2289556e-18
-5.9494866e-16
-1.6634857e-17
-5.2554827e-16
-2.2232925e-17
-4.6484571e-16
-2.5071256e-17
-4.1198993e-16
-3.661827e-16
3.0265892e-15
-3.5186908e-15
-1.1634144e-15
2.54452e-15
-1.4072246e-15
2.0987084e-15
-1.5437226e-15
1.70336e-15
-1.5950386e-15
1.3638692e-15
-1.5826466e-15
1.079525e-15
-1.5256481e-15
8.4603057e-16
-1.4397185e-15
6.5729918e-16
-1.3370638e-15
5.0669359e-16
-1.2267214e-15
3.8777288e-16
-1.1150874e-15
2.9469692e-16
-1.0064671e-15
2.2239834e-16
-9.0358532e-16
1.6661334e-16
-8.0801469e-16
1.2383349e-16
-7.2051729e-16
9.1219728e-17
-6.4130512e-16
6.6503847e-17
-5.7023278e-16
4.7891624e-17
-5.0693604e-16
3.3974884e-17
-4.5092897e-16
2.3655357e-17
-4.016704e-16
-3.5860818e-16
1.3241892e-14
1.9418341e-14
-7.1288874e-15
1.7656816e-14
1.5769378e-14
2.0031269e-14
1.1083601e-14
2.0369203e-14
6.0230803e-15
1.8914625e-14
1.1818913e-15
1.6082748e-14
-2.9511919e-15
1.2388475e-14
-6.0381081e-15
8.4568398e-15
-7.8612211e-15
-8.4671154e-15
9.5804549e-15
1.4950998e-14
-5.113112e-15
1.2926937e-14
1.2422896e-14
1.4887599e-14
9.1229384e-15
1.5421258e-14
5.4894214e-15
1.4664393e-14
1.9387561e-15
1.2888646e-14
-1.175445e-15
1.0450417e-14
-3.5998787e-15
7.7707675e-15
-5.1815715e-15
-5.9309054e-15
7.0317846e-15
1.164623e-14
-3.7270161e-15
9.5849459e-15
9.8697344e-15
1.1188082e-14
7.5198018e-15
1.1788341e-14
4.8891624e-15
1.1459403e-14
2.2676943e-15
1.0375594e-14
-9.1635931e-17
8.7772563e-15
-2.0015409e-15
6.9450325e-15
-3.3493478e-15
-4.1251169e-15
5.2347332e-15
9.1701303e-15
-2.7586336e-15
7.1992391e-15
7.9052284e-15
8.5057731e-15
6.2132679e-15
9.1033934e-15
4.291542e-15
9.0294754e-15
2.3416124e-15
8.3941055e-15
5.4373398e-16
7.3568338e-15
-9.6426915e-16
6.1044413e-15
-2.0969553e-15
-2.8345563e-15
3.9508832e-15
7.291001e-15
-2.0717538e-15
5.4769694e-15
6.3791422e-15
6.5425664e-15
5.1476708e-15
7.1033083e-15
3.7308002e-15
7.1758839e-15
2.2690367e-15
6.8287208e-15
8.9089704e-16
6.1666646e-15
-3.0221287e-16
5.3142163e-15
-1.244507e-15
-1.9127813e-15
3.0225854e-15
5.8464413e-15
-1.5780258e-15
4.2203136e-15
5.1814141e-15
5.0922794e-15
4.275705e-15
5.6016005e-15
3.2214791e-15
5.753476e-15
2.1171613e-15
5.5896873e-15
1.0546858e-15
5.1786465e-15
1.0882786e-16
4.6035652e-15
-6.6942576e-16
-1.2570183e-15
2.3438602e-15
-1.2188493e-15
4.7214305e-15
3.2940922e-15
4.2311821e-15
4.0113027e-15
3.5584945e-15
4.4655288e-15
2.767253e-15
4.655852e-15
1.9268381e-15
4.6071998e-15
1.1033379e-15
4.3639517e-15
3.5207595e-16
3.9818764e-15
-2.8735047e-16
-7.9383265e-16
2.1447413e-14
1.6334301e-14
1.2607285e-14
9.8486511e-15
7.7768973e-15
6.1988715e-15
4.9800222e-15
4.1969745e-17
-3.1088386e-16
-5.2293568e-17
3.3595512e-17
-2.8059522e-16
2.6750739e-17
-2.545946e-16
2.1099056e-17
-2.3256233e-16
1.6369634e-17
-2.142134e-16
1.2342324e-17
-1.993011e-16
8.8355131e-18
-1.8761899e-16
5.6960896e-18
-1.7900182e-16
2.7910092e-18
-1.7332574e-16
-1.7050828e-16
7.1166289e-17
-2.9610251e-16
-8.5947638e-17
5.8665421e-17
-2.6809436e-16
4.7998928e-17
-2.4392811e-16
3.8798019e-17
-2.2336143e-16
3.0755625e-17
-2.0617101e-16
2.3613273e-17
-1.9215874e-16
1.7150029e-17
-1.8115575e-16
1.1173103e-17
-1.730249e-16
5.5097299e-18
-1.6766236e-16
-1.6499855e-16
9.8143266e-17
-2.7739081e-16
-1.1685498e-16
8.1949941e-17
-2.5190103e-16
6.7820746e-17
-2.2979892e-16
5.536957e-17
-2.1091025e-16
4.4265837e-17
-1.9506727e-16
3.42235e-17
-1.8211641e-16
2.4991449e-17
-1.719237e-16
1.6345112e-17
-1.6437856e-16
8.0790089e-18
-1.5939626e-16
-1.5691954e-16
1.2267528e-16
-2.5526923e-16
-1.4479686e-16
1.0323028e-16
-2.3245604e-16
8.6013199e-17
-2.1258183e-16
7.0632742e-17
-1.955298e-16
5.6745454e-17
-1.8117999e-16
4.4046988e-17
-1.6941794e-16
3.2264198e-17
-1.6014091e-16
2.1147968e-17
-1.5326233e-16
1.0466655e-17
-1.4871495e-16
-1.4645288e-16
1.4461555e-16
-2.3023693e-16
-1.6964785e-16
1.2235294e-16
-2.1019343e-16
1.0242673e-16
-1.9265562e-16
8.4449565e-17
-1.7755264e-16
6.8073492e-17
-1.6480392e-16
5.2983478e-17
-1.5432793e-16
3.8891265e-17
-1.460487e-16
2.5529536e-17
-1.399006e-16
1.2646375e-17
-1.3583179e-16
-1.3380649e-16
1.6387925e-16
-2.0276238e-16
-1.913538e-16
1.3921727e-16
-1.8553145e-16
1.1695601e-16
-1.7039437e-16
9.6718368e-17
-1.5731499e-16
7.8158011e-17
-1.4624356e-16
6.0955128e-17
-1.3712505e-16
4.4811962e-17
-1.2990554e-16
2.9448323e-17
-1.2453697e-16
1.4597129e-17
-1.209806e-16
-1.1920936e-16
1.8043043e-16
-1.7327765e-16
-2.0991516e-16
1.5376525e-16
-1.5886627e-16
1.2953215e-16
-1.4616127e-16
1.0736785e-16
-1.3515069e-16
8.6931691e-17
-1.258074e-16
6.7903299e-17
-1.1809666e-16
4.9979696e-17
-1.1198193e-16
3.287209e-17
-1.0742936e-16
1.6302454e-17
-1.0441096e-16
-1.0290689e-16
1.942648e-16
-2.2536309e-16
-1.4217937e-16
1.6596961e-16
-1.3057109e-16
1.4011467e-16
-1.2030634e-16
1.1635198e-16
-1.11388e-16
9.4348759e-17
-1.0380419e-16
7.3786842e-17
-9.7534742e-17
5.4361112e-17
-9.2556205e-17
3.5777465e-17
-8.8845715e-17
1.7750343e-17
-8.6383837e-17
-8.5156529e-17
2.6381217e-15
-8.1576726e-16
-2.9857688e-15
2.2831792e-15
-1.0522821e-15
1.9422831e-15
-1.2028266e-15
1.6289742e-15
-1.2817297e-15
1.350443e-15
-1.3041154e-15
1.1090872e-15
-1.2842923e-15
9.0409179e-16
-1.2347231e-15
7.3269805e-16
-1.1656701e-15
5.9116419e-16
-1.0851876e-15
4.7541965e-16
-9.9934289e-16
3.8147873e-16
-9.125262e-16
3.0567391e-16
-8.277805e-16
2.4476617e-16
-7.4710696e-16
1.9597611e-16
-6.7172723e-16
1.5696825e-16
-6.0229726e-16
1.2581065e-16
-5.3907518e-16
1.0092389e-16
-4.8204928e-16
8.1028149e-17
-4.3103324e-16
6.5093205e-17
-3.8573546e-16
-3.4580854e-16
2.4079368e-15
-5.588503e-16
-2.6648537e-15
2.1343872e-15
-7.7873256e-16
1.8619609e-15
-9.3040023e-16
1.6031207e-15
-1.0228895e-15
1.3656427e-15
-1.0666374e-15
1.1535032e-15
-1.0721528e-15
9.6788458e-16
-1.0491045e-15
8.080758e-16
-1.0058613e-15
6.7221094e-16
-9.493227e-16
5.5782096e-16
-8.8495291e-16
4.6221923e-16
-8.1692447e-16
3.8275079e-16
-7.4831205e-16
3.169395e-16
-6.8129566e-16
2.6256313e-16
-6.1735086e-16
2.1768055e-16
-5.5741468e-16
1.8062916e-16
-5.0202379e-16
1.5000536e-16
-4.5142548e-16
1.2463672e-16
-4.056646e-16
1.0355135e-16
-3.6465009e-16
-3.2820483e-16
2.1951685e-15
-3.7121852e-16
-2.3828003e-15
1.9860637e-15
-5.6962772e-16
1.7699861e-15
-7.1432263e-16
1.5578922e-15
-8.1079556e-16
1.3573562e-15
-8.6610134e-16
1.1730283e-15
-8.878249e-16
1.0072463e-15
-8.8332249e-16
8.6064577e-16
-8.5926079e-16
7.3270229e-16
-8.2137921e-16
6.221696e-16
-7.7442022e-16
5.2741083e-16
-7.221657e-16
4.4663314e-16
-6.6753436e-16
3.7804378e-16
-6.127063e-16
3.19946e-16
-5.5925308e-16
2.7079147e-16
-5.0826015e-16
2.2920296e-16
-4.6043527e-16
1.9397767e-16
-4.1620019e-16
1.64079e-16
-3.7576593e-16
1.3862181e-16
-3.391929e-16
-3.0643799e-16
2.0039314e-15
-2.3634548e-16
-2.1388045e-15
1.8455016e-15
-4.1119788e-16
1.6752236e-15
-5.4404464e-16
1.502474e-15
-6.38046e-16
1.3342348e-15
-6.9786207e-16
1.1752882e-15
-7.2887833e-16
1.0285649e-15
-7.3659915e-16
8.9553835e-16
-7.2623426e-16
7.7660733e-16
-7.0244819e-16
6.7142788e-16
-6.6924077e-16
5.7918247e-16
-6.2992028e-16
4.98785e-16
-5.8713689e-16
4.2902892e-16
-5.4295022e-16
3.6868829e-16
-4.9891244e-16
3.1658247e-16
-4.5615433e-16
2.716139e-16
-4.1546671e-16
2.3278687e-16
-3.7737316e-16
1.9921345e-16
-3.4219251e-16
1.7011135e-16
-3.100908e-16
-2.8112351e-16
1.8358511e-15
-1.4151018e-16
-1.9306863e-15
1.7170088e-15
-2.9235558e-16
1.5835573e-15
-4.1059323e-16
1.4433966e-15
-4.9788528e-16
1.3027621e-15
-5.5722757e-16
1.1662654e-15
-5.9238156e-16
1.0370698e-15
-6.0740362e-16
9.1713222e-16
-6.0629663e-16
8.0746016e-16
-5.9277613e-16
7.0835444e-16
-5.7013504e-16
6.196182e-16
-5.4118404e-16
5.4072708e-16
-5.0824577e-16
4.7096045e-16
-4.7318359e-16
4.0949818e-16
-4.3745017e-16
3.5548861e-16
-4.0214476e-16
3.0809388e-16
-3.6807198e-16
2.6651814e-16
-3.3579742e-16
2.3002321e-16
-3.0569758e-16
1.9793564e-16
-2.7800323e-16
-2.5283571e-16
1.6911279e-15
-7.6924521e-17
-1.7557136e-15
1.6029909e-15
-2.0421858e-16
1.4988359e-15
-3.0643819e-16
1.3852681e-15
-3.8431746e-16
1.2677596e-15
-4.397191e-16
1.1506029e-15
-4.7522488e-16
1.0369782e-15
-4.9377885e-16
9.2908759e-16
-4.9840604e-16
8.2832098e-16
-4.9200952e-16
7.3542509e-16
-4.7723915e-16
6.5066056e-16
-4.5641951e-16
5.7393745e-16
-4.3152266e-16
5.0492647e-16
-4.0417261e-16
4.4314615e-16
-3.7566984e-16
3.8802857e-16
-3.4702718e-16
3.3896706e-16
-3.1901048e-16
2.9534933e-16
-2.9217969e-16
2.5657932e-16
-2.6692757e-16
2.2209063e-16
-2.4351454e-16
-2.2209889e-16
1.5691555e-15
-3.5052681e-17
-1.6110273e-15
1.5046261e-15
-1.3968919e-16
1.423499e-15
-2.2531113e-16
1.3312931e-15
-2.9211159e-16
1.2327752e-15
-3.4120117e-16
1.1318679e-15
-3.7431761e-16
1.0316504e-15
-3.9356126e-16
9.3442026e-16
-4.0117594e-16
8.4179254e-16
-3.993818e-16
7.5481248e-16
-3.9025909e-16
6.7406933e-16
-3.7567635e-16
5.9980106e-16
-3.5725439e-16
5.319854e-16
-3.3635695e-16
4.7041549e-16
-3.1409993e-16
4.1476036e-16
-2.9137205e-16
3.6461172e-16
-2.6886183e-16
3.1951895e-16
-2.4708693e-16
2.7901451e-16
-2.2642313e-16
2.4263145e-16
-2.0713149e-16
-1.893826e-16
1.4690359e-15
-1.4940878e-15
-1.0000764e-17
1.422368e-15
-9.3021347e-17
1.3590075e-15
-1.6195063e-16
1.2835955e-15
-2.1669958e-16
1.2002894e-15
-2.57895e-16
1.1126497e-15
-2.8667799e-16
1.0236015e-15
-3.0451297e-16
9.3544858e-16
-3.1302306e-16
8.4992571e-16
-3.1385892e-16
7.6826942e-16
-3.0860281e-16
6.9129779e-16
-2.9870472e-16
6.1948919e-16
-2.8544579e-16
5.530553e-16
-2.6992306e-16
4.920051e-16
-2.5304973e-16
4.361989e-16
-2.3556585e-16
3.8539246e-16
-2.1805539e-16
3.3927195e-16
-2.0096642e-16
2.9748088e-16
-1.8463205e-16
2.5964023e-16
-1.6929084e-16
-1.5510546e-16
1.7660512e-15
3.8705488e-15
-9.1516953e-16
2.4965052e-15
3.5007281e-15
3.0649866e-15
2.990013e-15
3.4484261e-15
2.3838135e-15
3.6431219e-15
1.7321423e-15
3.6629764e-15
1.0834834e-15
3.5355683e-15
4.7948403e-16
3.2969612e-15
-4.8743399e-17
-4.8264021e-16
1.4212087e-15
3.1834932e-15
-7.341532e-16
2.0196034e-15
2.9023335e-15
2.497811e-15
2.5118054e-15
2.8371778e-15
2.0444467e-15
3.0327765e-15
1.5365436e-15
3.0924067e-15
1.0238533e-15
3.0340577e-15
5.3783298e-16
2.8824104e-15
1.0290389e-16
-2.6508351e-16
1.1586029e-15
2.621659e-15
-5.9676858e-16
1.6543828e-15
2.4065535e-15
2.0599694e-15
2.1062188e-15
2.3602768e-15
1.7441394e-15
2.5500184e-15
1.346802e-15
2.6331662e-15
9.4070548e-16
2.6213228e-15
5.4967638e-16
2.5313751e-15
1.928516e-16
-1.1650874e-16
9.5732397e-16
2.1561195e-15
-4.9178446e-16
1.3730372e-15
1.9908403e-15
1.7202528e-15
1.7590031e-15
1.9867296e-15
1.4776626e-15
2.1672813e-15
1.1662503e-15
2.2635084e-15
8.4447837e-16
2.2827605e-15
5.304243e-16
2.2365673e-15
2.3904477e-16
-1.8745864e-17
8.0242764e-16
1.7649017e-15
-4.1120987e-16
1.1555459e-15
1.6377221e-15
1.4559523e-15
1.4585966e-15
1.6936519e-15
1.239963e-15
1.86378e-15
9.961222e-16
1.9664929e-15
7.4176546e-16
2.0063124e-15
4.9060484e-16
1.9910772e-15
2.5427999e-16
4.1644965e-17
6.8307782e-16
1.4310972e-15
-3.4927336e-16
9.8729708e-16
1.3335028e-15
1.2503363e-15
1.1955574e-15
1.4639592e-15
1.0263401e-15
1.6237054e-15
8.36376e-16
1.728872e-15
6.3659892e-16
1.7821039e-15
4.3737289e-16
1.7886935e-15
2.476904e-16
7.4624853e-17
5.913475e-16
1.1415178e-15
-3.0176809e-16
8.5753633e-16
1.067314e-15
1.0909811e-15
9.6211265e-16
1.284809e-15
8.3251213e-16
1.434969e-15
6.8621605e-16
1.5402621e-15
5.3130579e-16
1.6020911e-15
3.7554386e-16
1.6239911e-15
2.2579041e-16
8.7588665e-17
5.2165293e-16
-2.6573936e-16
8.8560423e-16
7.5865102e-16
8.3031587e-16
9.6902885e-16
7.5173482e-16
1.1469542e-15
6.5458677e-16
1.2887475e-15
5.4442277e-16
1.3929388e-15
4.2711448e-16
1.4601176e-15
3.0836506e-16
1.4926166e-15
1.9329139e-16
8.6117476e-17
4.0648526e-15
3.3306994e-15
2.7339308e-15
2.2421464e-15
1.8309365e-15
1.4816631e-15
1.1798951e-15
9.1415568e-16
6.5846758e-17
-7.6274017e-17
-1.3175211e-16
5.6329029e-17
-1.2105336e-16
4.760718e-17
-1.1158449e-16
3.9570708e-17
-1.0335153e-16
3.2112746e-17
-9.634623e-17
2.5130126e-17
-9.0552124e-17
1.8523142e-17
-8.5949222e-17
1.2195081e-17
-8.2517655e-17
6.0516023e-18
-8.0240357e-17
-7.9104926e-17
4.6245938e-16
-4.6795845e-16
-4.5016922e-18
4.5011449e-16
-8.0676458e-17
4.3234511e-16
-1.4418125e-16
4.105184e-16
-1.9487287e-16
3.8588451e-16
-2.3326111e-16
3.5953781e-16
-2.6033129e-16
3.3239899e-16
-2.7737415e-16
3.0521322e-16
-2.8583728e-16
2.7855981e-16
-2.8720551e-16
2.5286894e-16
-2.8291194e-16
2.2844195e-16
-2.7427772e-16
2.054727e-16
-2.6247653e-16
1.8406809e-16
-2.4851846e-16
1.6426681e-16
-2.3324845e-16
1.4605557e-16
-2.1735461e-16
1.2938285e-16
-2.0138267e-16
1.1417009e-16
-1.8575367e-16
1.0032064e-16
-1.707826e-16
8.7726587e-17
-1.5669679e-16
-1.436529e-16
1.5897703e-16
-8.0907736e-17
8.0753493e-16
2.3157201e-16
7.5772088e-16
2.9643898e-16
6.8686785e-16
3.518432e-16
5.9918254e-16
3.9665048e-16
4.9961549e-16
4.3034865e-16
3.934163e-16
4.5301278e-16
2.8570093e-16
4.6522418e-16
1.8108e-16
8.3383208e-17
8.3324795e-16
2.0411004e-16
-9.9735832e-17
-2.3612632e-16
1.7480404e-16
-9.1747364e-17
1.4788099e-16
-8.4661445e-17
1.2301836e-16
-7.8488895e-17
9.9900765e-17
-7.3228638e-17
7.8221007e-17
-6.8872367e-17
5.7680015e-17
-6.540823e-17
3.7986034e-17
-6.2823673e-17
1.8853237e-17
-6.1107559e-17
-6.0251672e-17
2.1146209e-16
-6.6922346e-17
-2.4427558e-16
1.8133027e-16
-6.1615553e-17
1.5356951e-16
-5.6900687e-17
1.278686e-16
-5.2787984e-17
1.0391915e-16
-4.9279188e-17
8.1417501e-17
-4.6370723e-17
6.006548e-17
-4.405621e-17
3.957023e-17
-4.2328423e-17
1.9643422e-17
-4.1180749e-17
-4.0608232e-17
2.1634602e-16
-3.3589099e-17
-2.4967927e-16
1.8567224e-16
-3.0941784e-17
1.5735898e-16
-2.858743e-17
1.3110306e-16
-2.6532068e-17
1.0660119e-16
-2.4777315e-17
8.3552443e-17
-2.3321979e-17
6.1659564e-17
-2.2163332e-17
4.0629253e-17
-2.1298111e-17
2.0171762e-17
-2.0723257e-17
-2.0436451e-17
2.1878171e-16
-2.5237082e-16
1.8783993e-16
1.5925249e-16
1.3272043e-16
1.0794311e-16
8.4621131e-17
6.2457799e-17
4.1159689e-17
2.0436434e-17
1.340701e-15
4.923139e-18
-1.3501258e-15
1.3113443e-15
-5.1319799e-17
1.2658235e-15
-9.8660456e-17
1.2078407e-15
-1.3689004e-16
1.1408531e-15
-1.6627352e-16
1.0679535e-15
-1.8743165e-16
9.9180363e-16
-2.0122432e-16
9.1461228e-16
-2.0864592e-16
8.3814535e-16
-2.1073859e-16
7.6375891e-16
-2.085255e-16
6.9244509e-16
-2.029639e-16
6.2488407e-16
-1.9491551e-16
5.6149677e-16
-1.8513116e-16
5.0249476e-16
-1.7424643e-16
4.4792524e-16
-1.6278509e-16
3.9771017e-16
-1.511676e-16
3.5167907e-16
-1.3972257e-16
3.0959598e-16
-1.2869951e-16
2.7118087e-16
-1.1828169e-16
-1.0859835e-16
1.2891349e-15
7.0801652e-18
-1.2912919e-15
1.2677942e-15
-2.9979098e-17
1.2305147e-15
-6.1381007e-17
1.1805667e-15
-8.6941977e-17
1.1210793e-15
-1.067862e-16
1.0549215e-15
-1.2127383e-16
9.8462554e-16
-1.3092834e-16
9.123497e-16
-1.3637009e-16
8.3987109e-16
-1.3825998e-16
7.6860086e-16
-1.3725526e-16
6.9961449e-16
-1.3397753e-16
6.3369069e-16
-1.2899172e-16
5.7135399e-16
-1.2279446e-16
5.1291728e-16
-1.1580972e-16
4.5852194e-16
-1.0838976e-16
4.0817408e-16
-1.0081975e-16
3.6177608e-16
-9.3324566e-17
3.1915318e-16
-8.6076616e-17
2.800755e-16
-7.920401e-17
-7.2798423e-17
1.2551397e-15
4.6456848e-18
-1.2527053e-15
1.238911e-15
-1.375037e-17
1.2069292e-15
-2.9399151e-17
1.1621836e-15
-4.2196397e-17
1.1075866e-15
-5.2189216e-17
1.0458549e-15
-5.9542153e-17
9.7942899e-16
-6.4502412e-17
9.1042649e-16
-6.7367591e-17
8.4062456e-16
-6.8458044e-17
7.7146418e-16
-6.8094885e-17
7.0407046e-16
-6.6583812e-17
6.3928303e-16
-6.4204285e-17
5.7769185e-16
-6.1203283e-17
5.1967485e-16
-5.7792714e-17
4.654346e-16
-5.4149516e-17
4.1503249e-16
-5.0417636e-17
3.6841909e-16
-4.6711167e-17
3.2546055e-16
-4.3118086e-17
2.8596074e-16
-3.9704194e-17
-3.651696e-17
1.2382727e-15
-1.233627e-15
1.2245223e-15
1.1951232e-15
1.1529268e-15
1.1007376e-15
1.0411954e-15
9.76693e-16
9.0932541e-16
8.4086736e-16
7.7277248e-16
7.0618867e-16
6.4198438e-16
5.807811e-16
5.2298838e-16
4.6883887e-16
4.1842123e-16
3.7171006e-16
3.2859197e-16
2.8888778e-16
4.4672423e-16
5.8794572e-16
-2.2713502e-16
6.5173201e-16
5.527131e-16
8.3608805e-16
5.025118e-16
9.9503951e-16
4.4023107e-16
1.1253691e-15
3.6928592e-16
1.2254662e-15
2.9331921e-16
1.295258e-15
2.1590913e-16
1.3360236e-15
1.4031441e-16
6.9280961e-17
4.1492854e-16
3.8376359e-16
-2.1074641e-16
6.0639727e-16
3.6124436e-16
7.7979192e-16
3.2911716e-16
9.308341e-16
2.8918889e-16
1.0565179e-15
2.436021e-16
1.1551849e-15
1.9465226e-16
1.226487e-15
1.4460697e-16
1.2712544e-15
9.5546986e-17
4.9243504e-17
3.9453141e-16
1.8947232e-16
-2.0024015e-16
5.772819e-16
1.7849386e-16
7.4357953e-16
1.6281953e-16
8.8944985e-16
1.4331856e-16
1.0120283e-15
1.2102369e-16
1.1096363e-15
9.7044229e-17
1.1817634e-15
7.247981e-17
1.2289664e-15
4.8343979e-17
2.5504686e-17
3.8459867e-16
-1.9512636e-16
5.6309253e-16
7.2591206e-16
8.6923062e-16
9.9025431e-16
1.0872985e-15
1.1597783e-15
1.2081223e-15
6.0611292e-16
3.9536651e-16
1.9512636e-16
)
;

boundaryField
{
    needle_inlet_left
    {
        type            calculated;
        value           uniform 0;
    }
    needle_inlet_right
    {
        type            calculated;
        value           uniform 0;
    }
    needle_outlet_left
    {
        type            calculated;
        value           uniform 0;
    }
    needle_outlet_right
    {
        type            calculated;
        value           uniform 0;
    }
    sclera_left_lower
    {
        type            calculated;
        value           uniform 0;
    }
    sclera_left_upper
    {
        type            calculated;
        value           uniform 0;
    }
    sclera_right
    {
        type            calculated;
        value           uniform 0;
    }
    sclera_right_upper
    {
        type            calculated;
        value           uniform 0;
    }
    sclera_top
    {
        type            calculated;
        value           uniform 0;
    }
    cornea_fsi
    {
        type            calculated;
        value           uniform 0;
    }
    lens_bottom
    {
        type            calculated;
        value           uniform 0;
    }
    lens_bottom_left
    {
        type            calculated;
        value           uniform 0;
    }
    lens_right
    {
        type            calculated;
        value           uniform 0;
    }
    lens_left
    {
        type            calculated;
        value           uniform 0;
    }
    lens_top
    {
        type            calculated;
        value           uniform 0;
    }
    lens_top_left
    {
        type            calculated;
        value           uniform 0;
    }
    iris_bottom
    {
        type            calculated;
        value           uniform 0;
    }
    iris_pupil
    {
        type            calculated;
        value           uniform 0;
    }
    iris_pupil_left
    {
        type            calculated;
        value           uniform 0;
    }
    iris_top
    {
        type            calculated;
        value           uniform 0;
    }
    tm_limbus_wall
    {
        type            calculated;
        value           uniform 0;
    }
    ac_inlet
    {
        type            calculated;
        value           nonuniform List<scalar> 5(-5.2188234e-12 -5.2188234e-12 -4.8709022e-12 -4.8709012e-12 -4.8709022e-12);
    }
    ac_inlet_left
    {
        type            calculated;
        value           nonuniform List<scalar> 5(-5.2188234e-12 -5.2188234e-12 -4.8709022e-12 -4.8709012e-12 -4.8709022e-12);
    }
    outlet_tm
    {
        type            calculated;
        value           nonuniform List<scalar> 4(5.5425879e-12 5.5425883e-12 5.5425883e-12 5.542588e-12);
    }
    outlet_tm_left
    {
        type            calculated;
        value           nonuniform List<scalar> 4(5.5425879e-12 5.5425883e-12 5.5425883e-12 5.542588e-12);
    }
    front
    {
        type            empty;
    }
    back
    {
        type            empty;
    }
    defaultFaces
    {
        type            calculated;
        value           uniform 0;
    }
    needle_int_inlet_master
    {
        type            calculated;
        value           uniform 0;
    }
    needle_int_inlet_slave
    {
        type            calculated;
        value           uniform 0;
    }
    needle_int_outlet_master
    {
        type            calculated;
        value           uniform 2.88e-12;
    }
    needle_int_outlet_slave
    {
        type            calculated;
        value           uniform 2.88e-12;
    }
}


// ************************************************************************* //
