/*--------------------------------*- C++ -*----------------------------------*\
| =========                 |                                                 |
| \\      /  F ield         | OpenFOAM: The Open Source CFD Toolbox           |
|  \\    /   O peration     | Version:  2512                                  |
|   \\  /    A nd           | Website:  www.openfoam.com                      |
|    \\/     M anipulation  |                                                 |
\*---------------------------------------------------------------------------*/
FoamFile
{
    version     2.0;
    format      ascii;
    arch        "LSB;label=32;scalar=64";
    class       surfaceScalarField;
    location    "3.7";
    object      phi;
}
// * * * * * * * * * * * * * * * * * * * * * * * * * * * * * * * * * * * * * //

dimensions      [0 3 -1 0 0 0 0];

oriented        oriented;

internalField   nonuniform List<scalar> 
6512
(
3.8168267e-14
-3.8168122e-14
-1.4757995e-19
7.9098444e-14
-4.093018e-14
1.2462025e-13
-4.5521827e-14
1.7488682e-13
-5.0266583e-14
2.2891321e-13
-5.4026387e-14
2.8484788e-13
-5.5934673e-14
3.4010512e-13
-5.525725e-14
3.9159891e-13
-5.149381e-14
4.36223e-13
-4.462411e-14
4.7156126e-13
-3.5338259e-14
4.9662121e-13
-2.5059955e-14
5.122785e-13
-1.5657294e-14
5.2055809e-13
-8.2795907e-15
5.2377504e-13
-3.2169507e-15
5.2396052e-13
-1.8548724e-16
5.2263637e-13
1.3241591e-15
5.2076771e-13
1.8686501e-15
5.1889352e-13
1.8741876e-15
5.1725791e-13
1.635613e-15
5.1592368e-13
1.3342337e-15
5.1485909e-13
1.0645966e-15
5.1399502e-13
8.6406366e-16
5.132617e-13
7.3332956e-16
5.1261586e-13
6.4582877e-16
5.1206992e-13
5.4593425e-16
5.1172879e-13
3.4112812e-16
5.1186566e-13
-1.3686038e-16
5.130325e-13
-1.1668425e-15
5.1620745e-13
-3.1749452e-15
5.2302123e-13
-6.8137758e-15
5.3602744e-13
-1.300621e-14
5.5895357e-13
-2.2926124e-14
5.9672968e-13
-3.7776115e-14
6.548365e-13
-5.8106811e-14
7.3671749e-13
-8.1880989e-14
8.3477928e-13
-9.8061783e-14
9.0896512e-13
-7.4185851e-14
8.8577256e-13
2.3192567e-14
5.0694331e-13
3.7882926e-13
5.0694331e-13
1.4119479e-13
-1.793624e-13
-5.1741871e-19
2.9094268e-13
-1.906781e-13
4.5467379e-13
-2.0925293e-13
6.3272285e-13
-2.2831565e-13
8.2190276e-13
-2.4320632e-13
1.0162462e-12
-2.5027811e-13
1.207411e-12
-2.4642205e-13
1.3854754e-12
-2.2955824e-13
1.5405044e-12
-1.9965315e-13
-1.5963157e-13
1.6647977e-12
2.1843631e-13
-3.9779794e-13
-7.8567808e-19
4.5056216e-13
-4.2280395e-13
7.0388699e-13
-4.6257775e-13
9.7781035e-13
-5.0223905e-13
1.2673624e-12
-5.3275843e-13
1.5639184e-12
-5.4683402e-13
1.8553029e-12
-5.3780657e-13
2.1267146e-12
-5.0097001e-13
2.3630131e-12
-4.3595162e-13
-3.4885616e-13
2.5522376e-12
2.6379189e-13
-6.6158893e-13
-8.9860863e-19
5.4973338e-13
-7.0874546e-13
8.6489064e-13
-7.7773501e-13
1.2058028e-12
-8.4315118e-13
1.5660316e-12
-8.9298726e-13
1.9355368e-12
-9.1633926e-13
2.2994524e-12
-9.0172223e-13
2.6386757e-12
-8.4019328e-13
2.9327144e-12
-7.299903e-13
-5.8081477e-13
3.164673e-12
2.7199021e-13
-9.3357831e-13
-8.3944205e-19
5.8574694e-13
-1.0225022e-12
9.3810771e-13
-1.1300958e-12
1.3185963e-12
-1.2236398e-12
1.7216016e-12
-1.2959926e-12
2.1377444e-12
-1.3324821e-12
2.5504696e-12
-1.3144474e-12
2.9362244e-12
-1.2259481e-12
3.2678288e-12
-1.0615947e-12
3.5214705e-12
-8.3445652e-13
1.7551698e-12
-1.1543206e-13
1.8142671e-12
-7.47546e-14
1.8483885e-12
-4.2401001e-14
1.8648395e-12
-1.9667969e-14
1.8701588e-12
-5.5047609e-15
1.8693105e-12
2.1724421e-15
1.8656315e-12
5.547634e-15
1.8611157e-12
6.3900064e-15
1.8567822e-12
5.9691299e-15
1.8530378e-12
5.0786845e-15
1.849948e-12
4.1543134e-15
1.8474269e-12
3.3851814e-15
1.8453672e-12
2.7930712e-15
1.8437434e-12
2.2696119e-15
1.8427197e-12
1.5696949e-15
1.8428036e-12
2.5721575e-16
1.845049e-12
-2.3822465e-15
1.8513919e-12
-7.5097673e-15
1.8651239e-12
-1.6906963e-14
-3.3198324e-14
1.8915085e-12
2.6894172e-12
-2.5261157e-13
2.7794184e-12
-1.6475592e-13
2.8324899e-12
-9.5472427e-14
2.8597858e-12
-4.6963968e-14
2.8708479e-12
-1.6566855e-14
2.8727489e-12
2.7146354e-16
2.870143e-12
8.1535783e-15
2.8658288e-12
1.0704182e-14
2.8612893e-12
1.050859e-14
2.8571888e-12
9.1791854e-15
2.8537328e-12
7.610304e-15
2.8509167e-12
6.2013182e-15
2.8486977e-12
5.0120874e-15
2.8471308e-12
3.8364696e-15
2.8465085e-12
2.1920062e-15
2.8475387e-12
-7.7299765e-16
2.8516073e-12
-6.4508353e-15
2.8611462e-12
-1.7048569e-14
2.8801406e-12
-3.590141e-14
-6.7830954e-14
2.9147732e-12
3.3273592e-12
-4.1529774e-13
3.4300908e-12
-2.6748753e-13
3.4887821e-12
-1.5416379e-13
3.5185849e-12
-7.6766708e-14
3.5311548e-12
-2.913672e-14
3.5343683e-12
-2.9420714e-15
3.5330928e-12
9.4290858e-15
3.5300573e-12
1.3739689e-14
3.5266673e-12
1.3898517e-14
3.5235483e-12
1.2298228e-14
3.5209112e-12
1.0247358e-14
3.5187842e-12
8.3283035e-15
3.5171622e-12
6.6341135e-15
3.5161196e-12
4.8790674e-15
3.5159217e-12
2.3899578e-15
3.5171637e-12
-2.0150434e-15
3.5209733e-12
-1.0260449e-14
3.5292779e-12
-2.5353146e-14
3.5451769e-12
-5.1800447e-14
-9.6050598e-14
3.5733966e-12
3.6854615e-12
-5.7928874e-13
3.7788781e-12
-3.6090422e-13
3.8266659e-12
-2.0195149e-13
3.8483781e-12
-9.8478962e-14
3.8566181e-12
-3.7376771e-14
3.8585491e-12
-4.8730656e-15
3.8578901e-12
1.0088137e-14
3.8564036e-12
1.5226222e-14
3.8548473e-12
1.545475e-14
3.8534947e-12
1.365087e-14
3.8524062e-12
1.1335832e-14
3.8515667e-12
9.1677757e-15
3.8509561e-12
7.2447263e-15
3.8505928e-12
5.2424351e-15
3.850572e-12
2.4107196e-15
3.8511148e-12
-2.557826e-15
3.8526346e-12
-1.1780183e-14
3.8558283e-12
-2.8546964e-14
3.8617969e-12
-5.7769002e-14
3.8721844e-12
-1.0643814e-13
1.9385401e-12
-6.0037796e-14
2.0177543e-12
-1.0214035e-13
2.1448783e-12
-1.6490015e-13
2.3399249e-12
-2.5315339e-13
2.6263319e-12
-3.6828793e-13
3.0306888e-12
-5.0241867e-13
3.5849772e-12
-6.2847428e-13
4.2999692e-12
-6.9179943e-13
-6.19415e-13
5.2982134e-12
2.9741537e-12
-1.1941821e-13
3.0710006e-12
-1.9898723e-13
3.2220079e-12
-3.1590753e-13
3.4473865e-12
-4.7853192e-13
3.7687907e-12
-6.8969224e-13
4.2045395e-12
-9.381674e-13
4.7597837e-12
-1.1837185e-12
5.4048516e-12
-1.3368674e-12
-1.2465922e-12
6.0320288e-12
3.6207952e-12
-1.6681681e-13
3.6968465e-12
-2.7503851e-13
3.8139825e-12
-4.3304358e-13
3.9875857e-12
-6.5213507e-13
4.2353447e-12
-9.3745117e-13
4.5763499e-12
-1.2791726e-12
5.0295973e-12
-1.6369659e-12
5.5905585e-12
-1.8978285e-12
-1.7921615e-12
6.1361278e-12
3.8893262e-12
-1.839586e-13
3.9163983e-12
-3.0211051e-13
3.9576282e-12
-4.7427358e-13
4.0187769e-12
-7.1328374e-13
4.1084012e-12
-1.0270755e-12
4.2426923e-12
-1.4134637e-12
4.4661466e-12
-1.8604202e-12
4.8956621e-12
-2.3273441e-12
5.6382077e-12
-2.5347071e-12
-4.5743096e-13
6.2625877e-12
-6.879906e-13
6.2625884e-12
-8.1445121e-13
6.2625884e-12
6.2625878e-12
-1.4388313e-12
-1.7326299e-19
-2.1002838e-20
1.3152831e-19
1.4293154e-13
-1.0765094e-12
-3.95061e-19
3.4053148e-13
-1.2201021e-12
5.5909381e-13
-1.3486581e-12
7.9204031e-13
-1.4565862e-12
1.0401419e-12
-1.5440942e-12
1.2995464e-12
-1.5918866e-12
1.5598838e-12
-1.5747848e-12
1.8045443e-12
-1.4706086e-12
2.0128684e-12
-1.2699187e-12
-9.8690925e-13
2.1653211e-12
1.0625337e-13
-1.1827626e-12
-2.8362104e-19
3.2776073e-13
-1.4416095e-12
5.430954e-13
-1.5639928e-12
7.6990191e-13
-1.6833928e-12
1.0149867e-12
-1.789179e-12
1.275533e-12
-1.8524329e-12
1.5405626e-12
-1.8398144e-12
1.7913265e-12
-1.7213726e-12
2.0032253e-12
-1.4818175e-12
2.1513299e-12
-1.1350138e-12
2.2509954e-12
-6.6496305e-13
2.2903993e-12
-4.0030816e-13
2.3054303e-12
-2.1698248e-13
2.3097682e-12
-1.0281688e-13
2.3102901e-12
-3.7898687e-14
2.3098942e-12
-4.4771436e-15
2.3095558e-12
1.0426521e-14
2.3094681e-12
1.531387e-14
2.3095759e-12
1.5347017e-14
2.3097848e-12
1.3441927e-14
2.3100241e-12
1.1096489e-14
2.3102518e-12
8.9400735e-15
2.3104419e-12
7.0546539e-15
2.3105669e-12
5.117416e-15
2.3105787e-12
2.3989593e-15
2.3103845e-12
-2.3635649e-15
2.3098142e-12
-1.1209983e-14
2.3085746e-12
-2.730729e-14
2.3061814e-12
-5.5375809e-14
-1.0212015e-13
2.3018634e-12
2.2198343e-12
-7.3346746e-13
2.2404478e-12
-4.2092166e-13
2.2418454e-12
-2.1838008e-13
2.2383405e-12
-9.9312024e-14
2.2352199e-12
-3.4778088e-14
2.2336879e-12
-2.9451589e-15
2.2334951e-12
1.061933e-14
2.2340898e-12
1.4719177e-14
2.2350184e-12
1.441839e-14
2.2360026e-12
1.2457717e-14
2.2369045e-12
1.0194601e-14
2.237668e-12
8.1765678e-15
2.2382646e-12
6.4580854e-15
2.2386454e-12
4.7365595e-15
2.2386928e-12
2.3515822e-15
2.2381601e-12
-1.8308762e-15
2.2365893e-12
-9.6391746e-15
2.2331945e-12
-2.3912449e-14
2.2267e-12
-4.8881316e-14
2.2151237e-12
-9.054385e-14
2.294421e-12
-1.7651614e-13
2.2820043e-12
-2.8969387e-13
2.2617359e-12
-4.540052e-13
2.229064e-12
-6.8061185e-13
2.1765283e-12
-9.7453973e-13
2.0895411e-12
-1.3264765e-12
1.9314857e-12
-1.7023648e-12
1.6167238e-12
-2.0125823e-12
-1.9469092e-12
1.0289259e-12
2.1954911e-12
-1.5688353e-13
2.1634496e-12
-2.5765246e-13
2.1126947e-12
-4.0325026e-13
2.0340091e-12
-6.019262e-13
1.9134927e-12
-8.5402339e-13
1.7284609e-12
-1.1414446e-12
1.4369832e-12
-1.4108872e-12
9.725927e-13
-1.5481917e-12
3.4021754e-13
-1.314534e-12
-4.0990536e-13
-6.9687836e-14
8.0809704e-14
-1.2635722e-12
1.7667908e-13
-1.5374789e-12
2.788656e-13
-1.6661793e-12
3.9219846e-13
-1.7967256e-12
5.1828453e-13
-1.9152651e-12
6.5512424e-13
-1.9892726e-12
7.9636531e-13
-1.9810555e-12
9.310183e-13
-1.8560256e-12
1.0442098e-12
-1.5950091e-12
1.1187887e-12
-1.2095927e-12
1.1452912e-12
-7.5997001e-13
1.1459386e-12
-4.2156897e-13
1.1400197e-12
-2.1246127e-13
1.1347947e-12
-9.4086949e-14
1.1317763e-12
-3.1759689e-14
1.1306454e-12
-1.8142573e-15
1.1306947e-12
1.0570036e-14
1.1313259e-12
1.408798e-14
1.1321539e-12
1.3590416e-14
1.1329737e-12
1.1637826e-14
1.1336975e-12
9.4708529e-15
1.1342976e-12
7.5765259e-15
1.1347633e-12
5.9923146e-15
1.135066e-12
4.4338261e-15
1.1351238e-12
2.2938214e-15
1.1347582e-12
-1.46529e-15
1.1336341e-12
-8.5150015e-15
1.1311745e-12
-2.1452907e-14
1.1264448e-12
-4.4151553e-14
1.1179998e-12
-8.2098833e-14
1.1036959e-12
-1.4257965e-13
1.0804645e-12
-2.344211e-13
1.0440328e-12
-3.6681849e-13
9.8853603e-13
-5.4642949e-13
9.0598026e-13
-7.7146764e-13
7.8552404e-13
-1.0209884e-12
6.1286727e-13
-1.2382304e-12
3.628015e-13
-1.298126e-12
9.0387235e-14
-1.0421198e-12
2.0699431e-14
2.8765264e-13
-1.5512248e-12
-1.0922296e-19
4.538235e-13
-1.7036497e-12
6.6767056e-13
-1.8800264e-12
9.28203e-13
-2.057258e-12
1.232017e-12
-2.219079e-12
1.5718104e-12
-2.3290661e-12
1.9299775e-12
-2.3392225e-12
2.2752823e-12
-2.2013304e-12
2.5630994e-12
-1.8828262e-12
-1.3886751e-12
2.7421818e-12
1.9091101e-13
-1.7421359e-12
1.1609461e-19
3.5077164e-13
-1.8635103e-12
5.2525314e-13
-2.0545078e-12
7.4060231e-13
-2.2726072e-12
1.0049766e-12
-2.4834533e-12
1.3154283e-12
-2.6395177e-12
1.6553155e-12
-2.6791098e-12
1.9899682e-12
-2.5359832e-12
2.2650344e-12
-2.1578924e-12
-1.5340026e-12
2.4103619e-12
1.0546889e-13
-1.8476051e-12
3.1648124e-19
2.0683461e-13
-1.964876e-12
3.2446549e-13
-2.1721387e-12
4.8114714e-13
-2.4292888e-12
6.9082149e-13
-2.6931276e-12
9.5591566e-13
-2.9046119e-12
1.2621562e-12
-2.9853503e-12
1.5714528e-12
-2.8452798e-12
1.8181426e-12
-2.4045822e-12
-1.626166e-12
1.910306e-12
1.7204986e-14
-1.8648105e-12
4.8067903e-19
3.9198992e-14
-1.9868701e-12
8.0280645e-14
-2.2132204e-12
1.6069162e-13
-2.5096998e-12
2.977914e-13
-2.8302274e-12
4.9952484e-13
-3.1063453e-12
7.5449199e-13
-3.2403174e-12
1.017997e-12
-3.1087848e-12
1.202927e-12
-2.5895123e-12
1.1773229e-12
-1.6005619e-12
2.764981e-12
-7.8276919e-13
2.7292993e-12
-3.8588726e-13
2.6928077e-12
-1.7596967e-13
2.6695147e-12
-7.0793969e-14
2.6582462e-12
-2.0491214e-14
2.654855e-12
1.5769473e-15
2.6556867e-12
9.7383217e-15
2.6583495e-12
1.1425238e-14
2.6614826e-12
1.0457244e-14
2.6644375e-12
8.683e-15
2.6669744e-12
6.9339184e-15
2.6690471e-12
5.5037412e-15
2.6706546e-12
4.3848424e-15
2.6717271e-12
3.3613672e-15
2.672015e-12
2.0059009e-15
2.6709511e-12
-4.0141577e-16
2.6674512e-12
-5.0150819e-15
2.6596429e-12
-1.364457e-14
2.6444869e-12
-2.8995577e-14
-5.4911633e-14
2.6172997e-12
2.3356794e-12
-7.0808672e-13
2.2336247e-12
-2.8383256e-13
2.1693686e-12
-1.1171355e-13
2.1376908e-12
-3.9116228e-14
2.1255164e-12
-8.3168154e-15
2.1234938e-12
3.5995205e-15
2.1260542e-12
7.1779223e-15
2.13014e-12
7.339513e-15
2.1342947e-12
6.3025277e-15
2.1379434e-12
5.0343366e-15
2.1409519e-12
3.9254021e-15
2.1433677e-12
3.0879135e-15
2.1452627e-12
2.4898385e-15
2.1466208e-12
2.0033032e-15
2.1472273e-12
1.3993591e-15
2.1465249e-12
3.010506e-16
2.1434114e-12
-1.9016041e-15
2.1359366e-12
-6.1697855e-15
2.1209003e-12
-1.3959205e-14
-2.7357427e-14
2.0933461e-12
1.6757151e-12
-4.7349579e-13
1.5178738e-12
-1.2599131e-13
1.4467149e-12
-4.0554613e-14
1.4191803e-12
-1.1581634e-14
1.4116868e-12
-8.233863e-16
1.4127104e-12
2.5759415e-15
1.4167826e-12
3.1057669e-15
1.4213605e-12
2.7615729e-15
1.4254647e-12
2.1983222e-15
1.4288279e-12
1.6711368e-15
1.4314907e-12
1.2626211e-15
1.4335963e-12
9.8231267e-16
1.435279e-12
8.0711175e-16
1.436589e-12
6.9328966e-16
1.4374157e-12
5.7267567e-16
1.4373764e-12
3.4043551e-16
1.4356603e-12
-1.8552552e-16
1.4307808e-12
-1.2903602e-15
1.4202355e-12
-3.413868e-15
-7.2047119e-15
1.4000828e-12
7.0382709e-13
5.7783579e-13
5.3728116e-13
5.2569954e-13
5.2487615e-13
5.2745209e-13
5.3055786e-13
5.3331943e-13
5.3551774e-13
5.3718889e-13
5.384515e-13
5.3943381e-13
5.4024092e-13
5.4093421e-13
5.4150687e-13
5.4184731e-13
5.4166178e-13
5.4037143e-13
5.3695756e-13
5.2975287e-13
2.5711939e-12
-9.6473886e-14
2.4964976e-12
-1.5972475e-13
2.380261e-12
-2.5058195e-13
2.2060584e-12
-3.7222681e-13
1.9545083e-12
-5.1991757e-13
1.6055281e-12
-6.7200816e-13
1.1450462e-12
-7.7774842e-13
5.9774831e-13
-7.508281e-13
-5.0938991e-13
6.5018425e-14
2.0460121e-12
-4.9139895e-14
1.9688807e-12
-8.2593323e-14
1.8491271e-12
-1.3082839e-13
1.6720223e-12
-1.9512202e-13
1.4237545e-12
-2.7164974e-13
1.0978026e-12
-3.4605623e-13
7.0745811e-13
-3.8740398e-13
3.0601889e-13
-3.4938888e-13
-2.0409624e-13
7.2522925e-16
1.3644876e-12
-1.3544699e-14
1.3053947e-12
-2.3500512e-14
1.212668e-12
-3.8101651e-14
1.0753223e-12
-5.7776339e-14
8.8488476e-13
-8.1212177e-14
6.4227926e-13
-1.0345076e-13
3.6873312e-13
-1.1385782e-13
1.1622586e-13
-9.6881604e-14
-4.7956693e-14
-3.9913708e-14
5.1620817e-13
4.9270766e-13
4.5460601e-13
3.9682967e-13
3.156175e-13
2.1216675e-13
9.8308932e-14
1.4273231e-15
-4.6529362e-14
8.5717843e-14
8.6443073e-14
4.6529375e-14
-9.6421861e-14
-1.7683893e-12
6.8023681e-19
-1.8534448e-13
-1.8979474e-12
-2.5285247e-13
-2.1457124e-12
-2.763188e-13
-2.4862335e-12
-2.30154e-13
-2.8763922e-12
-9.5117912e-14
-3.2413814e-12
1.2184527e-13
-3.4572806e-12
3.5148017e-13
-3.3384197e-12
4.1264462e-13
-2.6506767e-12
-1.1879173e-12
-2.1984242e-13
-1.5485476e-12
7.1052488e-19
-4.3670809e-13
-1.6810818e-12
-6.4086429e-13
-1.9415562e-12
-8.1017672e-13
-2.316921e-12
-9.0901893e-13
-2.77755e-12
-8.9230794e-13
-3.2580924e-12
-7.2370689e-13
-3.6258816e-12
-4.2142432e-13
-3.6407023e-12
-1.2005663e-13
-2.9520444e-12
-1.3079739e-12
-3.2505255e-13
-1.2234957e-12
6.3870501e-19
-6.5728996e-13
-1.3488444e-12
-9.9613461e-13
-1.6027115e-12
-1.3244789e-12
-1.9885768e-12
-1.5994912e-12
-2.5025377e-12
-1.7440611e-12
-3.1135225e-12
-1.6495736e-12
-3.7203691e-12
-1.2221425e-12
-4.0681333e-12
-5.3022261e-13
-3.6439643e-12
-1.8381965e-12
-3.9045969e-13
-8.3303651e-13
4.9717332e-19
-8.0286866e-13
-9.364354e-13
-1.2525653e-12
-1.1530149e-12
-1.738765e-12
-1.502377e-12
-2.2291596e-12
-2.012143e-12
-2.6348621e-12
-2.70782e-12
-2.7771999e-12
-3.5780313e-12
-2.3789885e-12
-4.4663446e-12
-1.2388562e-12
-4.7840966e-12
-3.0770527e-12
-3.9100344e-13
-4.4203342e-13
3.2733219e-19
-8.1876652e-13
-5.0867231e-13
-1.3184881e-12
-6.5329335e-13
-1.9194139e-12
-9.014512e-13
-2.6330993e-12
-1.2984576e-12
-3.4254003e-12
-1.915519e-12
-4.1565059e-12
-2.8469258e-12
-4.452987e-12
-4.1698635e-12
-3.4598421e-12
-5.7772415e-12
-6.5368948e-12
-3.1646916e-13
-1.2556444e-13
1.6903469e-19
-6.7629336e-13
-1.4884812e-13
-1.1285541e-12
-2.010326e-13
-1.7347379e-12
-2.952674e-13
-2.5769313e-12
-4.5626419e-13
-3.7666724e-12
-7.257779e-13
-5.4483969e-12
-1.1652012e-12
-7.7760087e-12
-1.8422517e-12
-1.0799186e-11
-2.7540643e-12
-3.4847637e-12
-1.3851317e-11
-1.2556449e-13
5.3957993e-20
-2.7441262e-13
-4.7544522e-13
-7.7071262e-13
-1.2269768e-12
-1.9527547e-12
-3.1179559e-12
-4.9602076e-12
-7.7142719e-12
-1.1199036e-11
-1.2768998e-11
-1.0823193e-12
-1.259957e-11
-1.6942714e-13
-1.2553072e-11
-4.6498304e-14
-1.2534957e-11
-1.8115075e-14
-1.2528627e-11
-6.3302374e-15
-1.2526502e-11
-2.1245782e-15
-1.2525702e-11
-8.0008983e-16
-1.2525375e-11
-3.2674408e-16
-1.2525236e-11
-1.3957703e-16
-1.2525155e-11
-8.0563937e-17
-1.2525055e-11
-1.0059219e-16
-1.2524839e-11
-2.1608292e-16
-1.2524311e-11
-5.2736232e-16
-1.2522996e-11
-1.3156018e-15
-1.251966e-11
-3.3360443e-15
-1.2511158e-11
-8.5010116e-15
-1.248977e-11
-2.138872e-14
-1.2433605e-11
-5.6165166e-14
-1.2256877e-11
-1.7672761e-13
-6.2072907e-13
-1.1636148e-11
-1.2281355e-11
-1.2450782e-11
-1.2497281e-11
-1.2515396e-11
-1.2521726e-11
-1.252385e-11
-1.252465e-11
-1.2524977e-11
-1.2525117e-11
-1.2525197e-11
-1.2525298e-11
-1.2525514e-11
-1.2526041e-11
-1.2527357e-11
-1.2530693e-11
-1.2539194e-11
-1.2560583e-11
-1.2616748e-11
-1.2793475e-11
-1.3414205e-11
-1.1045739e-11
-5.9040935e-13
-1.077517e-11
-2.7056836e-13
-1.0608427e-11
-1.6674303e-13
-1.0478295e-11
-1.3013267e-13
-1.0364323e-11
-1.1397177e-13
-1.0252032e-11
-1.1229056e-13
-1.0125832e-11
-1.2620031e-13
-9.9099871e-12
-2.1584473e-13
-4.2865309e-13
-9.481334e-12
-1.375666e-11
-2.4795343e-13
-1.376725e-11
-2.5997923e-13
-1.3647629e-11
-2.863638e-13
-1.3444974e-11
-3.3278713e-13
-1.3149576e-11
-4.093702e-13
-1.2721883e-11
-5.3998304e-13
-1.2095503e-11
-7.525807e-13
-1.1125072e-11
-1.1862755e-12
-9.7798247e-12
-1.7739007e-12
-4.2625105e-12
-8.8235119e-12
-7.5869024e-18
-2.4794586e-13
-7.5430488e-18
-2.5997926e-13
-7.2691348e-18
-2.8636409e-13
-7.223116e-18
-3.3278716e-13
-7.1943356e-18
-4.0937023e-13
-7.1797149e-18
-5.3998306e-13
-6.7099471e-18
-7.5258116e-13
-1.0452238e-17
-1.1862717e-12
-1.7738827e-12
-2.8519978e-17
-1.4419197e-14
-2.3352666e-13
-3.1877198e-14
-2.4252126e-13
-5.6559283e-14
-2.6168201e-13
-9.5819455e-14
-2.9352698e-13
-1.6326653e-13
-3.4192315e-13
-2.8965368e-13
-4.1359591e-13
-5.2818355e-13
-5.1405128e-13
-1.053706e-12
-6.6074924e-13
-8.2723684e-13
-2.0003518e-12
-2.1671813e-14
-2.1185485e-13
-4.7243341e-14
-2.1694973e-13
-8.179288e-14
-2.2713247e-13
-1.3362459e-13
-2.4169527e-13
-2.1723804e-13
-2.5830971e-13
-3.6341171e-13
-2.6742224e-13
-6.2370516e-13
-2.5375783e-13
-1.162136e-12
-1.2231838e-13
-2.1026549e-12
1.1328203e-13
-3.9526382e-12
-1.0820889e-12
1.6861584e-12
-2.7096775e-14
-1.8475807e-13
-5.7985412e-14
-1.860611e-13
-9.698492e-14
-1.8813296e-13
-1.4972508e-13
-1.8895511e-13
-2.2371356e-13
-1.8432123e-13
-3.2744765e-13
-1.6368814e-13
-4.6775069e-13
-1.1345479e-13
-6.1371298e-13
2.3643905e-14
2.2625474e-13
-7.2668569e-13
-2.8000481e-14
-1.5675759e-13
-5.9070865e-14
-1.5499071e-13
-9.6136797e-14
-1.5106703e-13
-1.4230504e-13
-1.4278687e-13
-2.0070676e-13
-1.2591951e-13
-2.7243179e-13
-9.1963106e-14
-3.5429869e-13
-3.1587894e-14
-4.1463785e-13
8.398307e-14
2.339514e-13
-4.2233451e-13
-2.6224791e-14
-1.305328e-13
-5.4800713e-14
-1.2641479e-13
-8.7162742e-14
-1.18705e-13
-1.2418944e-13
-1.0576018e-13
-1.6583397e-13
-8.4274978e-14
-2.0894935e-13
-4.8847727e-14
-2.4590692e-13
5.3696764e-15
-2.5176797e-13
8.9844114e-14
1.8852801e-13
-2.0634457e-13
-2.22941e-14
-1.082387e-13
-4.7072193e-14
-1.016367e-13
-7.4222083e-14
-9.1555112e-14
-1.0296684e-13
-7.7015423e-14
-1.3196824e-13
-5.5273572e-14
-1.5752336e-13
-2.3292607e-14
-1.7303257e-13
2.087888e-14
-1.6355204e-13
8.0363591e-14
1.4375231e-13
-1.1877634e-13
-1.7506363e-14
-9.0732336e-14
-3.8109896e-14
-8.1033165e-14
-6.0332868e-14
-6.933214e-14
-8.2190085e-14
-5.5158206e-14
-1.019374e-13
-3.5526258e-14
-1.1634132e-13
-8.8886822e-15
-1.2060134e-13
2.51389e-14
-1.0653351e-13
6.6295756e-14
-6.9643549e-14
1.0686235e-13
9.5947276e-13
5.3713825e-13
3.3079368e-13
2.1201733e-13
1.4237378e-13
2.3133784e-17
-2.3133784e-17
-4.9617355e-26
4.6734942e-17
-2.3601158e-17
7.12843e-17
-2.4549358e-17
9.7290277e-17
-2.6005977e-17
1.2530446e-16
-2.8014187e-17
1.5593952e-16
-3.0635058e-17
1.8989047e-16
-3.3950949e-17
2.2796078e-16
-3.807031e-17
2.7109513e-16
-4.313435e-17
-4.9326287e-17
3.2042142e-16
2.2699025e-17
-4.5832808e-17
-5.2172271e-26
4.5852818e-17
-4.6754951e-17
6.9928945e-17
-4.8625485e-17
9.5421199e-17
-5.1498231e-17
1.2286435e-16
-5.5457338e-17
1.5285101e-16
-6.0621715e-17
1.8605157e-16
-6.7151513e-17
2.2323852e-16
-7.5257263e-17
2.6531672e-16
-8.5212546e-17
-9.7371462e-17
3.1336189e-16
2.1841316e-17
-6.7674125e-17
-5.4275975e-26
4.411281e-17
-6.9026445e-17
6.72562e-17
-7.1768876e-17
9.1736823e-17
-7.5978853e-17
1.1805679e-16
-8.1777303e-17
1.4676988e-16
-8.9334811e-17
1.78499e-16
-9.8880629e-17
2.1395704e-16
-1.107153e-16
2.5397257e-16
-1.2522808e-16
-1.4292079e-16
2.995219e-16
2.0583649e-17
-8.8257774e-17
-6.6888147e-26
4.1562084e-17
-9.000488e-17
6.3339882e-17
-9.3546675e-17
8.6341589e-17
-9.898056e-17
1.1102268e-16
-1.064584e-16
1.3788178e-16
-1.1619391e-16
1.6747459e-16
-1.2847344e-16
2.0043028e-16
-1.4367099e-16
2.3747092e-16
-1.6226872e-16
-1.8488487e-16
2.79435e-16
1.8959409e-17
-1.0721718e-16
-4.8718328e-26
3.8269082e-17
-1.0931455e-16
5.8286964e-17
-1.1356456e-16
7.9386581e-17
-1.2008018e-16
1.0196539e-16
-1.290372e-16
1.2645379e-16
-1.4068231e-16
1.5332507e-16
-1.5534472e-16
1.8310646e-16
-1.7345239e-16
2.1639161e-16
-1.9555387e-16
2.5385448e-16
-2.2234774e-16
3.7730561e-16
-5.6884189e-17
4.4342459e-16
-6.6118985e-17
5.2086454e-16
-7.7439952e-17
6.1225588e-16
-9.1391336e-17
7.2096165e-16
-1.0870577e-16
8.5134534e-16
-1.3038369e-16
1.0091592e-15
-1.5781384e-16
1.2021198e-15
-1.929606e-16
1.4407833e-15
-2.3866352e-16
1.739912e-15
-2.9912868e-16
2.1206876e-15
-3.8077561e-16
2.614387e-15
-4.9369939e-16
3.2689317e-15
-6.5454471e-16
4.160265e-15
-8.9133327e-16
5.4167735e-15
-1.2565085e-15
7.2570868e-15
-1.8403133e-15
1.0121994e-14
-2.864907e-15
1.4735128e-14
-4.613134e-15
2.3306402e-14
-8.5712741e-15
-1.4269269e-14
3.7575671e-14
3.6867053e-16
-1.1219282e-16
4.3282536e-16
-1.3027382e-16
5.0778283e-16
-1.5239743e-16
5.9599139e-16
-1.795999e-16
7.005539e-16
-2.1326828e-16
8.2545379e-16
-2.5528358e-16
9.7587483e-16
-3.0823488e-16
1.1586598e-15
-3.7574553e-16
1.3829784e-15
-4.6298215e-16
1.661313e-15
-5.7746328e-16
2.0109312e-15
-7.3039379e-16
2.4560845e-15
-9.3885276e-16
3.0313147e-15
-1.2297748e-15
3.7861046e-15
-1.6461232e-15
4.7912953e-15
-2.2616992e-15
6.1446441e-15
-3.1936622e-15
7.9680198e-15
-4.6882827e-15
1.0382288e-14
-7.0274023e-15
1.3226633e-14
-1.1415619e-14
-1.7263692e-14
1.6221056e-14
3.5176969e-16
-1.6444061e-16
4.1212118e-16
-1.9062531e-16
4.8228994e-16
-2.2256619e-16
5.6438665e-16
-2.6169661e-16
6.6103626e-16
-3.0991789e-16
7.7553354e-16
-3.6978086e-16
9.1204982e-16
-4.4475116e-16
1.075907e-15
-5.3960276e-16
1.2739365e-15
-6.6101159e-16
1.514934e-15
-8.1846074e-16
1.810198e-15
-1.0256578e-15
2.1740644e-15
-1.3027191e-15
2.6241113e-15
-1.6798218e-15
3.1803133e-15
-2.2023251e-15
3.8602691e-15
-2.941655e-15
4.6681654e-15
-4.0015585e-15
5.547182e-15
-5.5672993e-15
6.3399487e-15
-7.8201691e-15
6.2890248e-15
-1.1364695e-14
-1.567456e-14
4.6998925e-15
3.2730604e-16
-2.1231164e-16
3.8224763e-16
-2.455669e-16
4.4564639e-16
-2.8596495e-16
5.1916421e-16
-3.3521443e-16
6.0480101e-16
-3.9555469e-16
7.0496772e-16
-4.6994758e-16
8.2256628e-16
-5.6234972e-16
9.6106582e-16
-6.7810229e-16
1.1245485e-15
-8.2449424e-16
1.3176653e-15
-1.0115776e-15
1.5453704e-15
-1.2533629e-15
1.8121711e-15
-1.5695199e-15
2.1202883e-15
-1.9879389e-15
2.4657777e-15
-2.5478146e-15
2.829509e-15
-3.3053864e-15
3.1621273e-15
-4.3341767e-15
3.3399588e-15
-5.7451308e-15
3.1401133e-15
-7.6203235e-15
1.9627845e-15
-1.0187366e-14
-1.3021236e-14
-6.9053958e-16
2.9626482e-16
-2.5472198e-16
3.4450474e-16
-2.9380682e-16
3.9958568e-16
-3.4104589e-16
4.6266346e-16
-3.9829221e-16
5.3504746e-16
-4.6793869e-16
6.1819581e-16
-5.5309593e-16
7.1368148e-16
-6.5783539e-16
8.2310157e-16
-7.8752238e-16
9.4787867e-16
-9.4927134e-16
1.0888627e-15
-1.1525616e-15
1.2455645e-15
-1.4100647e-15
1.4147343e-15
-1.7386896e-15
1.587723e-15
-2.1609276e-15
1.7458993e-15
-2.7059909e-15
1.8519942e-15
-3.4114812e-15
1.8377595e-15
-4.3199421e-15
1.5750888e-15
-5.4824601e-15
8.6703804e-16
-6.9122727e-15
-6.7650271e-16
-8.6438253e-15
-3.3449869e-15
-1.0352752e-14
1.8645454e-15
-5.502121e-14
-2.5038617e-14
-5.4130003e-14
-4.5902797e-14
-4.846796e-14
-6.3497099e-14
-3.7563904e-14
-7.7286145e-14
-2.1737212e-14
-8.5366937e-14
-8.0788965e-16
-8.4788673e-14
2.4560637e-14
-7.141318e-14
5.2920262e-14
7.9120625e-14
-4.3671458e-14
-3.5742836e-15
-3.5225871e-14
-2.1149885e-14
-3.6554401e-14
-3.6385037e-14
-3.3232808e-14
-4.9062695e-14
-2.4886246e-14
-5.8272625e-14
-1.2527282e-14
-6.2527896e-14
3.4473813e-15
-6.0003958e-14
2.2036699e-14
-4.87108e-14
4.1627103e-14
5.8806712e-14
-2.8396887e-14
-6.4667227e-15
-2.4059255e-14
-1.8033017e-14
-2.4988106e-14
-2.8885416e-14
-2.238041e-14
-3.7812134e-14
-1.5959528e-14
-4.3858591e-14
-6.4808247e-15
-4.5915218e-14
5.5040085e-15
-4.288468e-14
1.900616e-14
-3.3872868e-14
3.2615292e-14
4.4068723e-14
-1.9134879e-14
-7.848399e-15
-1.6901396e-14
-1.5676683e-14
-1.7159822e-14
-2.3181694e-14
-1.4875399e-14
-2.9274255e-14
-9.8669667e-15
-3.3117313e-14
-2.6377664e-15
-3.3900544e-14
6.2872394e-15
-3.0963802e-14
1.6069418e-14
-2.3944295e-14
2.5595785e-14
3.3360173e-14
-1.3235745e-14
-8.177453e-15
-1.206893e-14
-1.3544418e-14
-1.1792857e-14
-1.8687437e-14
-9.7323806e-15
-2.2771335e-14
-5.7830687e-15
-2.5136414e-14
-2.7268725e-16
-2.5210189e-14
6.3610143e-15
-2.2598825e-14
1.3458054e-14
-1.7187341e-14
2.0184301e-14
-9.3585139e-15
2.5531346e-14
9.8702325e-14
7.0305438e-14
5.117056e-14
3.7934814e-14
2.85763e-14
1.8149736e-17
-1.2536692e-16
-4.8125847e-26
3.6617386e-17
-1.277822e-16
5.5726519e-17
-1.3267369e-16
7.5812074e-17
-1.4016573e-16
9.7226149e-17
-1.5045128e-16
1.2034389e-16
-1.6380005e-16
1.4556944e-16
-1.8057026e-16
1.7334171e-16
-2.0122466e-16
2.0413982e-16
-2.2635199e-16
-2.5669536e-16
2.3848744e-16
1.5571787e-17
-1.4093871e-16
-3.3457918e-26
3.1396095e-17
-1.4360651e-16
4.7728387e-17
-1.4900598e-16
6.4829898e-17
-1.5726724e-16
8.2970171e-17
-1.6859155e-16
1.0242911e-16
-1.8325899e-16
1.2349821e-16
-2.0163936e-16
1.4648048e-16
-2.2420694e-16
1.7168834e-16
-2.5155984e-16
-2.8444524e-16
1.9943822e-16
1.2725957e-17
-1.5366466e-16
-4.6728648e-26
2.5635986e-17
-1.5651654e-16
3.8914536e-17
-1.6228453e-16
5.2746547e-17
-1.7109925e-16
6.7316979e-17
-1.8316198e-16
8.2809398e-17
-1.9875141e-16
9.9403066e-17
-2.1823303e-16
1.1726784e-16
-2.4207171e-16
1.3655581e-16
-2.7084782e-16
-3.052777e-16
1.5738828e-16
9.6851843e-18
-1.6334985e-16
-4.992066e-26
1.948569e-17
-1.6631704e-16
2.9514949e-17
-1.7231379e-16
3.9882237e-17
-1.8146654e-16
5.0689637e-17
-1.9396938e-16
6.2027714e-17
-2.1008948e-16
7.3969286e-17
-2.301746e-16
8.6560428e-17
-2.5466285e-16
9.9807568e-17
-2.8409496e-16
-3.1912923e-16
1.1365909e-16
6.5231504e-18
-1.69873e-16
-4.5019448e-26
1.3095015e-17
-1.7288891e-16
1.9760552e-17
-1.7897933e-16
2.6556787e-17
-1.8826278e-16
3.3507732e-17
-2.0092033e-16
4.0617872e-17
-2.1719962e-16
4.786353e-17
-2.3742026e-16
5.5181254e-17
-2.6198057e-16
6.2452082e-17
-2.9136579e-16
-3.2615736e-16
6.9480216e-17
3.3110319e-18
-1.7318403e-16
-5.1510458e-26
6.608302e-18
-1.7618618e-16
9.8728985e-18
-1.8224393e-16
1.3075167e-17
-1.9146505e-16
1.6168197e-17
-2.0401336e-16
1.907985e-17
-2.2011128e-16
2.1702668e-17
-2.4004308e-16
2.3880865e-17
-2.6415877e-16
2.5393389e-17
-2.9287831e-16
-3.2669576e-16
2.5931786e-17
1.1525993e-19
-1.7329929e-16
-4.711123e-26
1.5989424e-19
-1.7623081e-16
5.7212239e-20
-1.8214124e-16
-2.8202937e-19
-1.911258e-16
-9.6698369e-19
-2.033284e-16
-2.1354406e-18
-2.1894282e-16
-3.9645031e-18
-2.3821402e-16
-6.6838993e-18
-2.6143937e-16
-1.0592757e-17
-2.8896945e-16
-1.608083e-17
-3.2120768e-16
2.769551e-16
-2.9318963e-16
3.2015866e-16
-3.3701039e-16
3.6875095e-16
-3.8963818e-16
4.2340152e-16
-4.5294278e-16
4.847563e-16
-5.2929347e-16
5.533634e-16
-6.2170302e-16
6.295425e-16
-7.3401449e-16
7.1316081e-16
-8.7114069e-16
8.0325476e-16
-1.0393653e-15
8.9739976e-16
-1.2467066e-15
9.906684e-16
-1.5033333e-15
1.0739395e-15
-1.8219608e-15
1.1311551e-15
-2.2181432e-15
1.1351257e-15
-2.7099615e-15
1.0407885e-15
-3.317144e-15
7.7705862e-16
-4.0562122e-15
2.3153363e-16
-4.9369351e-15
-7.4764713e-16
-5.933092e-15
-2.3950599e-15
-6.9964125e-15
-7.8927861e-15
-4.8550254e-15
2.3004023e-16
-3.2379165e-16
2.6378008e-16
-3.7075024e-16
3.0088909e-16
-4.2674718e-16
3.4149584e-16
-4.9354953e-16
3.8554979e-16
-5.7334743e-16
4.3270174e-16
-6.6885497e-16
4.8211838e-16
-7.8343113e-16
5.3219665e-16
-9.2121896e-16
5.8012637e-16
-1.087295e-15
6.2122659e-16
-1.2878069e-15
6.4794803e-16
-1.5300548e-15
6.4840503e-16
-1.8224178e-15
6.0424569e-16
-2.1739839e-15
4.8777044e-16
-2.5934862e-15
2.5800463e-16
-3.0873782e-15
-1.4301958e-16
-3.655188e-15
-7.954794e-16
-4.2844753e-15
-1.7949669e-15
-4.9336045e-15
-3.2587083e-15
-5.5326712e-15
-5.9169369e-15
-5.2345575e-15
1.7983576e-16
-3.4623913e-16
2.0388815e-16
-3.9480263e-16
2.2941028e-16
-4.5226931e-16
2.5607663e-16
-5.2021588e-16
2.8327564e-16
-6.0054643e-16
3.0997032e-16
-6.9554965e-16
3.3449629e-16
-8.079571e-16
3.5427088e-16
-9.4099355e-16
3.6537796e-16
-1.0984021e-15
3.6198303e-16
-1.2844119e-15
3.3552367e-16
-1.5035954e-15
2.7362479e-16
-1.7605189e-15
1.5869716e-16
-2.0590562e-15
-3.36945e-17
-2.4010946e-15
-3.3659623e-16
-2.7844765e-15
-7.9250797e-16
-3.1992763e-15
-1.4534456e-15
-3.6235376e-15
-2.3732682e-15
-4.0137819e-15
-3.6021428e-15
-4.3037965e-15
-4.3798357e-15
-5.139244e-15
1.2797928e-16
-3.6055932e-16
1.4251157e-16
-4.0933492e-16
1.5682698e-16
-4.6658472e-16
1.7025206e-16
-5.3364096e-16
1.8176867e-16
-6.1206305e-16
1.8987538e-16
-7.0365636e-16
1.9239716e-16
-8.1047888e-16
1.8622693e-16
-9.3482332e-16
1.6697952e-16
-1.0791547e-15
1.2853851e-16
-1.2459709e-15
6.2481378e-17
-1.4375383e-15
-4.2611321e-17
-1.6554262e-15
-2.0192191e-16
-1.8997456e-15
-4.3508338e-16
-2.1679331e-15
-7.6656428e-16
-2.4529956e-15
-1.2249904e-15
-2.7408502e-15
-1.8411296e-15
-3.0073984e-15
-2.6411956e-15
-3.213716e-15
-3.6394908e-15
-3.3055013e-15
-3.2054458e-15
-4.8138807e-15
7.5964117e-17
-3.6704322e-16
8.1457454e-17
-4.1482825e-16
8.5316509e-17
-4.7044377e-16
8.6629711e-17
-5.3495416e-16
8.4123819e-17
-6.0955715e-16
7.6040124e-17
-6.9557266e-16
5.9973053e-17
-7.9441181e-16
3.2663349e-17
-9.0751362e-16
-1.0260551e-17
-1.0362308e-15
-7.4594097e-17
-1.1816374e-15
-1.6791098e-16
-1.3442214e-15
-2.9992558e-16
-1.5234116e-15
-4.8279101e-16
-1.7168802e-15
-7.3117761e-16
-1.9195465e-15
-1.0619117e-15
-2.1222615e-15
-1.4926835e-15
-2.3100784e-15
-2.039556e-15
-2.4605259e-15
-2.7117929e-15
-2.5414791e-15
-3.5057975e-15
-2.5114967e-15
-2.318802e-15
-4.3924413e-15
2.507126e-17
-3.661827e-16
2.223293e-17
-4.1198992e-16
1.6634865e-17
-4.6484571e-16
7.2289652e-18
-5.2554826e-16
-7.3795282e-18
-5.9494866e-16
-2.9033314e-17
-6.7391888e-16
-6.014798e-17
-7.6329714e-16
-1.0386191e-16
-8.6379969e-16
-1.6420879e-16
-9.758839e-16
-2.4630306e-16
-1.0995431e-15
-3.5651634e-16
-1.2340081e-15
-5.0260089e-16
-1.377327e-15
-6.9368588e-16
-1.5257952e-15
-9.4001943e-16
-1.673213e-15
-1.2522886e-15
-1.8099923e-15
-1.6402296e-15
-1.9221375e-15
-2.1103684e-15
-1.990387e-15
-2.6623134e-15
-1.9895342e-15
-3.2845163e-15
-1.8892938e-15
-1.655516e-15
-3.9478023e-15
-2.3655353e-17
-3.5860818e-16
-3.3974878e-17
-4.016704e-16
-4.7891616e-17
-4.5092897e-16
-6.6503837e-17
-5.0693604e-16
-9.1219717e-17
-5.7023278e-16
-1.2383348e-16
-6.4130512e-16
-1.6661333e-16
-7.2051729e-16
-2.2239832e-16
-8.0801469e-16
-2.9469691e-16
-9.0358532e-16
-3.8777287e-16
-1.0064671e-15
-5.0669358e-16
-1.1150874e-15
-6.5729917e-16
-1.2267214e-15
-8.4603056e-16
-1.3370638e-15
-1.079525e-15
-1.4397185e-15
-1.3638692e-15
-1.5256481e-15
-1.70336e-15
-1.5826466e-15
-2.0987084e-15
-1.5950386e-15
-2.54452e-15
-1.5437226e-15
-3.0265892e-15
-1.4072246e-15
-3.5186908e-15
-1.1634144e-15
-8.4568398e-15
-8.4671154e-15
-1.2388475e-14
-7.8612211e-15
-1.6082748e-14
-6.0381081e-15
-1.8914625e-14
-2.9511919e-15
-2.0369203e-14
1.1818913e-15
-2.0031269e-14
6.0230803e-15
-1.7656816e-14
1.1083601e-14
-1.3241892e-14
1.5769378e-14
1.9418341e-14
-7.1288874e-15
-7.7707675e-15
-5.9309054e-15
-1.0450417e-14
-5.1815715e-15
-1.2888646e-14
-3.5998787e-15
-1.4664393e-14
-1.175445e-15
-1.5421258e-14
1.9387561e-15
-1.4887599e-14
5.4894214e-15
-1.2926937e-14
9.1229384e-15
-9.5804549e-15
1.2422896e-14
1.4950998e-14
-5.113112e-15
-6.9450325e-15
-4.1251169e-15
-8.7772563e-15
-3.3493478e-15
-1.0375594e-14
-2.0015409e-15
-1.1459403e-14
-9.1635934e-17
-1.1788341e-14
2.2676943e-15
-1.1188082e-14
4.8891624e-15
-9.5849459e-15
7.5198018e-15
-7.0317846e-15
9.8697344e-15
1.164623e-14
-3.7270161e-15
-6.1044413e-15
-2.8345563e-15
-7.3568338e-15
-2.0969553e-15
-8.3941055e-15
-9.6426915e-16
-9.0294754e-15
5.4373398e-16
-9.1033935e-15
2.3416123e-15
-8.5057731e-15
4.291542e-15
-7.1992392e-15
6.2132679e-15
-5.2347332e-15
7.9052284e-15
9.1701303e-15
-2.7586336e-15
-5.3142163e-15
-1.9127813e-15
-6.1666646e-15
-1.244507e-15
-6.8287208e-15
-3.0221288e-16
-7.1758839e-15
8.9089703e-16
-7.1033083e-15
2.2690367e-15
-6.5425664e-15
3.7308002e-15
-5.4769694e-15
5.1476708e-15
-3.9508832e-15
6.3791422e-15
7.291001e-15
-2.0717538e-15
-4.6035653e-15
-1.2570183e-15
-5.1786465e-15
-6.6942576e-16
-5.5896873e-15
1.0882786e-16
-5.753476e-15
1.0546858e-15
-5.6016005e-15
2.1171613e-15
-5.0922794e-15
3.2214791e-15
-4.2203136e-15
4.275705e-15
-3.0225854e-15
5.1814141e-15
5.8464413e-15
-1.5780258e-15
-3.9818765e-15
-7.9383266e-16
-4.3639517e-15
-2.8735048e-16
-4.6071998e-15
3.5207594e-16
-4.655852e-15
1.1033379e-15
-4.4655288e-15
1.9268381e-15
-4.0113027e-15
2.767253e-15
-3.2940922e-15
3.5584944e-15
-2.3438602e-15
4.2311821e-15
-1.2188493e-15
4.7214304e-15
2.1447413e-14
1.6334301e-14
1.2607285e-14
9.8486511e-15
7.7768973e-15
6.1988715e-15
4.9800221e-15
-2.7910124e-18
-1.7050828e-16
-4.314127e-26
-5.6960931e-18
-1.7332573e-16
-8.8355167e-18
-1.7900182e-16
-1.2342328e-17
-1.8761899e-16
-1.6369637e-17
-1.9930109e-16
-2.1099059e-17
-2.142134e-16
-2.675074e-17
-2.3256233e-16
-3.3595513e-17
-2.545946e-16
-4.1969744e-17
-2.8059522e-16
-3.1088386e-16
-5.2293565e-17
-5.5097339e-18
-1.6499854e-16
-3.6198683e-26
-1.1173107e-17
-1.6766236e-16
-1.7150034e-17
-1.7302489e-16
-2.3613277e-17
-1.8115575e-16
-3.0755628e-17
-1.9215874e-16
-3.8798021e-17
-2.0617101e-16
-4.7998929e-17
-2.2336143e-16
-5.8665422e-17
-2.4392811e-16
-7.1166288e-17
-2.6809436e-16
-2.9610252e-16
-8.5947635e-17
-8.0790141e-18
-1.5691953e-16
-1.4665433e-26
-1.6345118e-17
-1.5939626e-16
-2.4991454e-17
-1.6437856e-16
-3.4223505e-17
-1.719237e-16
-4.4265841e-17
-1.8211641e-16
-5.5369573e-17
-1.9506727e-16
-6.7820747e-17
-2.1091025e-16
-8.1949942e-17
-2.2979892e-16
-9.8143264e-17
-2.5190103e-16
-2.7739081e-16
-1.1685497e-16
-1.0466662e-17
-1.4645287e-16
1.7359873e-26
-2.1147975e-17
-1.4871494e-16
-3.2264204e-17
-1.5326233e-16
-4.4046994e-17
-1.6014091e-16
-5.6745459e-17
-1.6941794e-16
-7.0632746e-17
-1.8117999e-16
-8.6013202e-17
-1.955298e-16
-1.0323028e-16
-2.1258183e-16
-1.2267528e-16
-2.3245604e-16
-2.5526923e-16
-1.4479686e-16
-1.2646384e-17
-1.3380649e-16
1.1436509e-27
-2.5529544e-17
-1.3583178e-16
-3.8891273e-17
-1.399006e-16
-5.2983485e-17
-1.460487e-16
-6.8073498e-17
-1.5432793e-16
-8.4449569e-17
-1.6480392e-16
-1.0242673e-16
-1.7755264e-16
-1.2235294e-16
-1.9265562e-16
-1.4461555e-16
-2.1019344e-16
-2.3023693e-16
-1.6964784e-16
-1.459714e-17
-1.1920935e-16
9.7175526e-27
-2.9448334e-17
-1.2098059e-16
-4.4811971e-17
-1.2453696e-16
-6.0955137e-17
-1.2990553e-16
-7.8158019e-17
-1.3712505e-16
-9.6718374e-17
-1.4624356e-16
-1.1695602e-16
-1.5731499e-16
-1.3921727e-16
-1.7039437e-16
-1.6387925e-16
-1.8553145e-16
-2.0276238e-16
-1.913538e-16
-1.6302466e-17
-1.0290688e-16
4.7548265e-26
-3.2872102e-17
-1.0441095e-16
-4.9979707e-17
-1.0742936e-16
-6.7903309e-17
-1.1198193e-16
-8.69317e-17
-1.1809666e-16
-1.0736786e-16
-1.258074e-16
-1.2953216e-16
-1.3515069e-16
-1.5376525e-16
-1.4616127e-16
-1.8043043e-16
-1.5886627e-16
-1.7327766e-16
-2.0991516e-16
-1.7750357e-17
-8.5156523e-17
1.656807e-26
-3.5777478e-17
-8.6383831e-17
-5.4361125e-17
-8.884571e-17
-7.3786854e-17
-9.2556202e-17
-9.4348769e-17
-9.753474e-17
-1.1635198e-16
-1.0380419e-16
-1.4011468e-16
-1.11388e-16
-1.6596961e-16
-1.2030634e-16
-1.942648e-16
-1.3057109e-16
-2.2536309e-16
-1.4217937e-16
-6.50932e-17
-3.4580854e-16
-8.1028142e-17
-3.8573546e-16
-1.0092388e-16
-4.3103323e-16
-1.2581064e-16
-4.8204928e-16
-1.5696824e-16
-5.3907518e-16
-1.959761e-16
-6.0229726e-16
-2.4476616e-16
-6.7172723e-16
-3.0567389e-16
-7.4710695e-16
-3.8147871e-16
-8.277805e-16
-4.7541964e-16
-9.125262e-16
-5.9116418e-16
-9.9934289e-16
-7.3269805e-16
-1.0851876e-15
-9.0409179e-16
-1.1656701e-15
-1.1090872e-15
-1.2347231e-15
-1.350443e-15
-1.2842923e-15
-1.6289742e-15
-1.3041154e-15
-1.9422831e-15
-1.2817297e-15
-2.2831792e-15
-1.2028266e-15
-2.6381217e-15
-1.0522821e-15
-8.1576726e-16
-2.9857688e-15
-1.0355135e-16
-3.2820483e-16
-1.2463672e-16
-3.6465009e-16
-1.5000535e-16
-4.056646e-16
-1.8062915e-16
-4.5142548e-16
-2.1768054e-16
-5.0202379e-16
-2.6256312e-16
-5.5741468e-16
-3.1693949e-16
-6.1735086e-16
-3.8275078e-16
-6.8129566e-16
-4.6221922e-16
-7.4831205e-16
-5.5782095e-16
-8.1692447e-16
-6.7221093e-16
-8.8495291e-16
-8.080758e-16
-9.493227e-16
-9.6788457e-16
-1.0058613e-15
-1.1535032e-15
-1.0491045e-15
-1.3656427e-15
-1.0721528e-15
-1.6031207e-15
-1.0666374e-15
-1.8619609e-15
-1.0228895e-15
-2.1343872e-15
-9.3040023e-16
-2.4079368e-15
-7.7873257e-16
-5.5885031e-16
-2.6648537e-15
-1.3862181e-16
-3.0643799e-16
-1.6407899e-16
-3.391929e-16
-1.9397766e-16
-3.7576593e-16
-2.2920295e-16
-4.1620019e-16
-2.7079146e-16
-4.6043527e-16
-3.1994599e-16
-5.0826015e-16
-3.7804377e-16
-5.5925308e-16
-4.4663313e-16
-6.127063e-16
-5.2741082e-16
-6.6753436e-16
-6.2216959e-16
-7.221657e-16
-7.3270228e-16
-7.7442022e-16
-8.6064577e-16
-8.2137922e-16
-1.0072463e-15
-8.5926079e-16
-1.1730283e-15
-8.833225e-16
-1.3573562e-15
-8.878249e-16
-1.5578922e-15
-8.6610135e-16
-1.7699861e-15
-8.1079557e-16
-1.9860637e-15
-7.1432264e-16
-2.1951686e-15
-5.6962773e-16
-3.7121853e-16
-2.3828003e-15
-1.7011134e-16
-2.8112351e-16
-1.9921344e-16
-3.100908e-16
-2.3278686e-16
-3.4219252e-16
-2.7161389e-16
-3.7737316e-16
-3.1658246e-16
-4.1546671e-16
-3.6868828e-16
-4.5615434e-16
-4.2902891e-16
-4.9891244e-16
-4.9878499e-16
-5.4295022e-16
-5.7918245e-16
-5.8713689e-16
-6.7142787e-16
-6.2992028e-16
-7.7660733e-16
-6.6924077e-16
-8.9553834e-16
-7.024482e-16
-1.0285649e-15
-7.2623427e-16
-1.1752882e-15
-7.3659915e-16
-1.3342348e-15
-7.2887834e-16
-1.502474e-15
-6.9786208e-16
-1.6752236e-15
-6.3804601e-16
-1.8455016e-15
-5.4404465e-16
-2.0039314e-15
-4.1119789e-16
-2.3634549e-16
-2.1388045e-15
-1.9793564e-16
-2.5283572e-16
-2.3002321e-16
-2.7800324e-16
-2.6651813e-16
-3.0569759e-16
-3.0809387e-16
-3.3579742e-16
-3.554886e-16
-3.6807199e-16
-4.0949817e-16
-4.0214476e-16
-4.7096044e-16
-4.3745017e-16
-5.4072707e-16
-4.7318359e-16
-6.1961819e-16
-5.0824577e-16
-7.0835443e-16
-5.4118405e-16
-8.0746016e-16
-5.7013504e-16
-9.1713221e-16
-5.9277614e-16
-1.0370698e-15
-6.0629664e-16
-1.1662654e-15
-6.0740363e-16
-1.3027621e-15
-5.9238157e-16
-1.4433966e-15
-5.5722758e-16
-1.5835574e-15
-4.9788529e-16
-1.7170088e-15
-4.1059324e-16
-1.8358511e-15
-2.9235559e-16
-1.4151019e-16
-1.9306864e-15
-2.2209063e-16
-2.2209889e-16
-2.5657931e-16
-2.4351455e-16
-2.9534932e-16
-2.6692758e-16
-3.3896705e-16
-2.9217969e-16
-3.8802856e-16
-3.1901048e-16
-4.4314614e-16
-3.4702718e-16
-5.0492646e-16
-3.7566985e-16
-5.7393744e-16
-4.0417261e-16
-6.5066055e-16
-4.3152266e-16
-7.3542509e-16
-4.5641951e-16
-8.2832097e-16
-4.7723916e-16
-9.2908758e-16
-4.9200953e-16
-1.0369782e-15
-4.9840605e-16
-1.150603e-15
-4.9377886e-16
-1.2677596e-15
-4.7522489e-16
-1.3852681e-15
-4.3971911e-16
-1.4988359e-15
-3.8431747e-16
-1.602991e-15
-3.064382e-16
-1.691128e-15
-2.0421859e-16
-7.6924531e-17
-1.7557136e-15
-2.4263144e-16
-1.893826e-16
-2.790145e-16
-2.0713149e-16
-3.1951895e-16
-2.2642313e-16
-3.6461171e-16
-2.4708693e-16
-4.1476035e-16
-2.6886184e-16
-4.7041548e-16
-2.9137205e-16
-5.3198539e-16
-3.1409993e-16
-5.9980105e-16
-3.3635696e-16
-6.7406933e-16
-3.5725439e-16
-7.5481248e-16
-3.7567636e-16
-8.4179254e-16
-3.902591e-16
-9.3442026e-16
-3.9938181e-16
-1.0316504e-15
-4.0117594e-16
-1.131868e-15
-3.9356127e-16
-1.2327752e-15
-3.7431762e-16
-1.3312932e-15
-3.4120118e-16
-1.423499e-15
-2.921116e-16
-1.5046261e-15
-2.2531113e-16
-1.5691555e-15
-1.396892e-16
-3.505269e-17
-1.6110273e-15
-2.5964022e-16
-1.5510547e-16
-2.9748087e-16
-1.6929084e-16
-3.3927195e-16
-1.8463206e-16
-3.8539245e-16
-2.0096642e-16
-4.3619889e-16
-2.180554e-16
-4.9200509e-16
-2.3556585e-16
-5.5305529e-16
-2.5304973e-16
-6.1948918e-16
-2.6992307e-16
-6.9129778e-16
-2.8544579e-16
-7.6826942e-16
-2.9870472e-16
-8.499257e-16
-3.0860282e-16
-9.3544858e-16
-3.1385893e-16
-1.0236015e-15
-3.1302306e-16
-1.1126497e-15
-3.0451298e-16
-1.2002894e-15
-2.86678e-16
-1.2835955e-15
-2.5789501e-16
-1.3590075e-15
-2.1669959e-16
-1.422368e-15
-1.6195063e-16
-1.4690359e-15
-9.3021355e-17
-1.4940878e-15
-1.0000772e-17
-3.2969612e-15
-4.8264022e-16
-3.5355683e-15
-4.8743408e-17
-3.6629764e-15
4.7948402e-16
-3.6431219e-15
1.0834834e-15
-3.4484261e-15
1.7321423e-15
-3.0649866e-15
2.3838135e-15
-2.4965052e-15
2.990013e-15
-1.7660512e-15
3.5007281e-15
3.8705488e-15
-9.1516953e-16
-2.8824104e-15
-2.6508352e-16
-3.0340577e-15
1.0290388e-16
-3.0924067e-15
5.3783296e-16
-3.0327765e-15
1.0238533e-15
-2.8371778e-15
1.5365436e-15
-2.497811e-15
2.0444467e-15
-2.0196034e-15
2.5118054e-15
-1.4212087e-15
2.9023334e-15
3.1834932e-15
-7.341532e-16
-2.5313751e-15
-1.1650875e-16
-2.6213228e-15
1.9285158e-16
-2.6331662e-15
5.4967637e-16
-2.5500184e-15
9.4070546e-16
-2.3602768e-15
1.346802e-15
-2.0599694e-15
1.7441394e-15
-1.6543828e-15
2.1062187e-15
-1.1586029e-15
2.4065535e-15
2.621659e-15
-5.9676858e-16
-2.2365674e-15
-1.8745875e-17
-2.2827605e-15
2.3904476e-16
-2.2635085e-15
5.3042429e-16
-2.1672813e-15
8.4447836e-16
-1.9867296e-15
1.1662503e-15
-1.7202528e-15
1.4776626e-15
-1.3730372e-15
1.7590031e-15
-9.5732398e-16
1.9908403e-15
2.1561194e-15
-4.9178447e-16
-1.9910772e-15
4.1644954e-17
-2.0063124e-15
2.5427998e-16
-1.9664929e-15
4.9060482e-16
-1.86378e-15
7.4176545e-16
-1.6936519e-15
9.9612219e-16
-1.4559524e-15
1.239963e-15
-1.1555459e-15
1.4585966e-15
-8.0242764e-16
1.6377221e-15
1.7649017e-15
-4.1120987e-16
-1.7886935e-15
7.4624842e-17
-1.7821039e-15
2.4769039e-16
-1.728872e-15
4.3737288e-16
-1.6237054e-15
6.3659891e-16
-1.4639592e-15
8.3637599e-16
-1.2503364e-15
1.0263401e-15
-9.8729709e-16
1.1955574e-15
-6.8307783e-16
1.3335028e-15
1.4310972e-15
-3.4927336e-16
-1.6239911e-15
8.7588656e-17
-1.6020911e-15
2.257904e-16
-1.5402621e-15
3.7554385e-16
-1.434969e-15
5.3130578e-16
-1.284809e-15
6.8621604e-16
-1.0909811e-15
8.3251212e-16
-8.5753634e-16
9.6211264e-16
-5.913475e-16
1.067314e-15
1.1415178e-15
-3.0176809e-16
-1.4926166e-15
8.6117468e-17
-1.4601176e-15
1.9329139e-16
-1.3929388e-15
3.0836505e-16
-1.2887475e-15
4.2711447e-16
-1.1469542e-15
5.4442276e-16
-9.6902886e-16
6.5458676e-16
-7.5865103e-16
7.5173481e-16
-5.2165294e-16
8.3031587e-16
-2.6573936e-16
8.8560422e-16
4.0648526e-15
3.3306994e-15
2.7339308e-15
2.2421464e-15
1.8309365e-15
1.4816631e-15
1.179895e-15
9.1415568e-16
-6.051606e-18
-7.9104918e-17
-1.2195086e-17
-8.0240351e-17
-1.8523146e-17
-8.251765e-17
-2.513013e-17
-8.5949218e-17
-3.2112749e-17
-9.0552121e-17
-3.9570711e-17
-9.6346229e-17
-4.7607182e-17
-1.0335153e-16
-5.6329031e-17
-1.1158449e-16
-6.5846758e-17
-1.2105336e-16
-7.6274017e-17
-1.3175211e-16
-8.7726586e-17
-1.436529e-16
-1.0032064e-16
-1.5669679e-16
-1.1417009e-16
-1.707826e-16
-1.2938285e-16
-1.8575367e-16
-1.4605557e-16
-2.0138268e-16
-1.6426681e-16
-2.1735461e-16
-1.8406809e-16
-2.3324845e-16
-2.0547269e-16
-2.4851847e-16
-2.2844195e-16
-2.6247654e-16
-2.5286894e-16
-2.7427773e-16
-2.7855981e-16
-2.8291194e-16
-3.0521322e-16
-2.8720552e-16
-3.3239899e-16
-2.8583729e-16
-3.5953782e-16
-2.7737416e-16
-3.8588451e-16
-2.603313e-16
-4.1051841e-16
-2.3326111e-16
-4.3234511e-16
-1.9487288e-16
-4.5011449e-16
-1.4418126e-16
-4.6245938e-16
-8.0676466e-17
-4.6795845e-16
-4.5016993e-18
-4.6522419e-16
8.3383201e-17
-4.5301279e-16
1.8107999e-16
-4.3034866e-16
2.8570092e-16
-3.9665048e-16
3.9341629e-16
-3.5184321e-16
4.9961549e-16
-2.9643898e-16
5.9918254e-16
-2.3157202e-16
6.8686784e-16
-1.5897703e-16
7.5772088e-16
-8.0907737e-17
8.0753493e-16
8.3324794e-16
-1.8853252e-17
-6.0251666e-17
7.4872541e-26
-3.7986049e-17
-6.1107554e-17
-5.7680029e-17
-6.2823669e-17
-7.822102e-17
-6.5408227e-17
-9.9900777e-17
-6.8872365e-17
-1.2301837e-16
-7.3228637e-17
-1.47881e-16
-7.8488894e-17
-1.7480405e-16
-8.4661445e-17
-2.0411004e-16
-9.1747365e-17
-9.9735833e-17
-2.3612632e-16
-1.9643438e-17
-4.0608228e-17
4.4237125e-26
-3.9570246e-17
-4.1180746e-17
-6.0065496e-17
-4.232842e-17
-8.1417515e-17
-4.4056208e-17
-1.0391916e-16
-4.6370722e-17
-1.2786861e-16
-4.9279187e-17
-1.5356952e-16
-5.2787983e-17
-1.8133028e-16
-5.6900687e-17
-2.1146209e-16
-6.1615554e-17
-6.6922347e-17
-2.4427557e-16
-2.0171779e-17
-2.043645e-17
3.6407926e-26
-4.0629269e-17
-2.0723255e-17
-6.165958e-17
-2.1298109e-17
-8.3552457e-17
-2.2163331e-17
-1.066012e-16
-2.3321977e-17
-1.3110307e-16
-2.4777314e-17
-1.5735899e-16
-2.6532067e-17
-1.8567225e-16
-2.8587429e-17
-2.1634602e-16
-3.0941783e-17
-3.3589099e-17
-2.4967927e-16
-2.043645e-17
4.8768091e-27
-4.1159705e-17
-6.2457814e-17
-8.4621145e-17
-1.0794312e-16
-1.3272044e-16
-1.592525e-16
-1.8783993e-16
-2.1878172e-16
-2.5237081e-16
-2.7118087e-16
-1.0859835e-16
-3.0959597e-16
-1.1828169e-16
-3.5167906e-16
-1.2869951e-16
-3.9771016e-16
-1.3972257e-16
-4.4792523e-16
-1.511676e-16
-5.0249475e-16
-1.627851e-16
-5.6149676e-16
-1.7424644e-16
-6.2488406e-16
-1.8513116e-16
-6.9244509e-16
-1.9491552e-16
-7.6375891e-16
-2.0296391e-16
-8.3814535e-16
-2.085255e-16
-9.1461227e-16
-2.1073859e-16
-9.9180363e-16
-2.0864593e-16
-1.0679535e-15
-2.0122432e-16
-1.1408531e-15
-1.8743166e-16
-1.2078407e-15
-1.6627353e-16
-1.2658235e-15
-1.3689004e-16
-1.3113443e-15
-9.8660462e-17
-1.340701e-15
-5.1319805e-17
4.9231335e-18
-1.3501258e-15
-2.800755e-16
-7.2798424e-17
-3.1915318e-16
-7.9204011e-17
-3.6177607e-16
-8.6076617e-17
-4.0817408e-16
-9.3324567e-17
-4.5852193e-16
-1.0081975e-16
-5.1291727e-16
-1.0838976e-16
-5.7135398e-16
-1.1580972e-16
-6.3369068e-16
-1.2279446e-16
-6.9961448e-16
-1.2899172e-16
-7.6860086e-16
-1.3397753e-16
-8.3987109e-16
-1.3725527e-16
-9.123497e-16
-1.3825998e-16
-9.8462554e-16
-1.3637009e-16
-1.0549215e-15
-1.3092835e-16
-1.1210793e-15
-1.2127383e-16
-1.1805667e-15
-1.0678621e-16
-1.2305147e-15
-8.6941981e-17
-1.2677942e-15
-6.1381011e-17
-1.2891349e-15
-2.9979102e-17
7.0801616e-18
-1.2912919e-15
-2.8596073e-16
-3.651696e-17
-3.2546055e-16
-3.9704194e-17
-3.6841908e-16
-4.3118086e-17
-4.1503248e-16
-4.6711167e-17
-4.654346e-16
-5.0417636e-17
-5.1967484e-16
-5.4149516e-17
-5.7769184e-16
-5.7792715e-17
-6.3928302e-16
-6.1203285e-17
-7.0407045e-16
-6.4204286e-17
-7.7146417e-16
-6.6583814e-17
-8.4062455e-16
-6.8094887e-17
-9.1042649e-16
-6.8458046e-17
-9.7942899e-16
-6.7367594e-17
-1.0458549e-15
-6.4502414e-17
-1.1075866e-15
-5.9542155e-17
-1.1621836e-15
-5.2189218e-17
-1.2069292e-15
-4.2196399e-17
-1.238911e-15
-2.9399153e-17
-1.2551398e-15
-1.3750372e-17
4.6456831e-18
-1.2527053e-15
-2.8888777e-16
-3.2859197e-16
-3.7171005e-16
-4.1842122e-16
-4.6883886e-16
-5.2298837e-16
-5.8078109e-16
-6.4198437e-16
-7.0618866e-16
-7.7277247e-16
-8.4086736e-16
-9.0932541e-16
-9.76693e-16
-1.0411954e-15
-1.1007376e-15
-1.1529268e-15
-1.1951232e-15
-1.2245223e-15
-1.2382727e-15
-1.233627e-15
-1.3360236e-15
6.9280956e-17
-1.295258e-15
1.403144e-16
-1.2254662e-15
2.1590913e-16
-1.1253691e-15
2.933192e-16
-9.9503953e-16
3.6928592e-16
-8.3608806e-16
4.4023107e-16
-6.5173202e-16
5.025118e-16
-4.4672424e-16
5.527131e-16
5.8794572e-16
-2.2713502e-16
-1.2712544e-15
4.9243501e-17
-1.226487e-15
9.5546984e-17
-1.1551849e-15
1.4460697e-16
-1.0565179e-15
1.9465226e-16
-9.3083411e-16
2.436021e-16
-7.7979193e-16
2.8918889e-16
-6.0639728e-16
3.2911716e-16
-4.1492854e-16
3.6124436e-16
3.8376359e-16
-2.1074641e-16
-1.2289665e-15
2.5504685e-17
-1.1817635e-15
4.8343979e-17
-1.1096363e-15
7.2479809e-17
-1.0120283e-15
9.7044229e-17
-8.8944986e-16
1.2102369e-16
-7.4357954e-16
1.4331856e-16
-5.7728191e-16
1.6281953e-16
-3.9453142e-16
1.7849386e-16
1.8947232e-16
-2.0024015e-16
-1.2081223e-15
-1.1597784e-15
-1.0872986e-15
-9.9025433e-16
-8.6923063e-16
-7.2591207e-16
-5.6309254e-16
-3.8459868e-16
-1.9512636e-16
6.0611292e-16
3.953665e-16
1.9512636e-16
-4.3622284e-13
4.7156117e-13
-3.5338322e-14
-3.9159867e-13
-4.462416e-14
-3.4010481e-13
-5.1493849e-14
-2.8484752e-13
-5.5257283e-14
-2.2891283e-13
-5.5934686e-14
-1.7488645e-13
-5.4026383e-14
-1.246199e-13
-5.026655e-14
-7.9098106e-14
-4.552178e-14
-3.8167956e-14
-4.0930156e-14
-3.8168118e-14
-5.162075e-13
5.2302125e-13
-6.8137486e-15
-5.1303257e-13
-3.1749317e-15
-5.1186573e-13
-1.1668271e-15
-5.1172887e-13
-1.3686455e-16
-5.1206999e-13
3.4112657e-16
-5.1261592e-13
5.4593734e-16
-5.1326175e-13
6.4582886e-16
-5.1399507e-13
7.3332624e-16
-5.1485912e-13
8.6405565e-16
-5.1592372e-13
1.0645899e-15
-5.1725794e-13
1.3342328e-15
-5.1889355e-13
1.6356109e-15
-5.2076775e-13
1.8741862e-15
-5.226364e-13
1.8686589e-15
-5.2396056e-13
1.3241664e-15
-5.2377508e-13
-1.8548474e-16
-5.2055812e-13
-3.216957e-15
-5.1227851e-13
-8.2796075e-15
-4.9662118e-13
-1.5657329e-14
-2.5060005e-14
-8.8577254e-13
5.069433e-13
3.7882924e-13
-9.0896509e-13
2.3192542e-14
-8.3477922e-13
-7.4185872e-14
-7.3671742e-13
-9.8061795e-14
-6.5483643e-13
-8.1880998e-14
-5.9672964e-13
-5.810681e-14
-5.5895354e-13
-3.7776095e-14
-5.3602743e-13
-2.2926096e-14
-1.3006175e-14
5.069433e-13
-1.5405038e-12
-1.5963183e-13
1.6647973e-12
-1.3854745e-12
-1.9965344e-13
-1.2074099e-12
-2.2955847e-13
-1.016245e-12
-2.464222e-13
-8.2190149e-13
-2.5027816e-13
-6.3272159e-13
-2.4320628e-13
-4.5467258e-13
-2.2831554e-13
-2.9094157e-13
-2.0925279e-13
-1.4119374e-13
-1.9067799e-13
-1.7936236e-13
-2.3630121e-12
-3.4885673e-13
2.552237e-12
-2.1267133e-12
-4.359522e-13
-1.8553013e-12
-5.0097052e-13
-1.5639166e-12
-5.3780692e-13
-1.2673606e-12
-5.4683416e-13
-9.7780848e-13
-5.3275836e-13
-7.0388519e-13
-5.0223883e-13
-4.5056048e-13
-4.6257751e-13
-2.1843472e-13
-4.2280376e-13
-3.9779787e-13
-2.9327134e-12
-5.8081568e-13
3.1646723e-12
-2.6386743e-12
-7.2999125e-13
-2.2994507e-12
-8.4019414e-13
-1.9355348e-12
-9.017228e-13
-1.5660295e-12
-9.163395e-13
-1.2058006e-12
-8.9298717e-13
-8.6488859e-13
-8.4315086e-13
-5.4973146e-13
-7.7773462e-13
-2.6379007e-13
-7.0874516e-13
-6.6158883e-13
-3.2678279e-12
3.52147e-12
-8.3445774e-13
-2.9362231e-12
-1.061596e-12
-2.550468e-12
-1.2259493e-12
-2.1377426e-12
-1.3144482e-12
-1.7215996e-12
-1.3324825e-12
-1.3185943e-12
-1.2959925e-12
-9.381058e-13
-1.2236393e-12
-5.8574516e-13
-1.1300953e-12
-2.7198852e-13
-1.0225018e-12
-9.3357818e-13
-1.865124e-12
-3.3198229e-14
1.8915085e-12
-1.8513921e-12
-1.6906891e-14
-1.8450492e-12
-7.5097247e-15
-1.8428038e-12
-2.382239e-15
-1.8427199e-12
2.5720233e-16
-1.8437436e-12
1.5696581e-15
-1.8453673e-12
2.269567e-15
-1.847427e-12
2.7930308e-15
-1.8499481e-12
3.3851585e-15
-1.8530378e-12
4.1542956e-15
-1.8567823e-12
5.0786725e-15
-1.8611158e-12
5.9691205e-15
-1.8656316e-12
6.3900165e-15
-1.8693106e-12
5.5476349e-15
-1.8701589e-12
2.1724366e-15
-1.8648396e-12
-5.5047625e-15
-1.8483885e-12
-1.9668012e-14
-1.8142671e-12
-4.2401084e-14
-1.7551696e-12
-7.4754751e-14
-1.1543227e-13
-2.8801407e-12
-6.7830776e-14
2.9147733e-12
-2.8611463e-12
-3.5901284e-14
-2.8516076e-12
-1.7048501e-14
-2.847539e-12
-6.4508129e-15
-2.8465088e-12
-7.730257e-16
-2.847131e-12
2.1919468e-15
-2.8486979e-12
3.8363918e-15
-2.8509168e-12
5.0120076e-15
-2.853733e-12
6.2012539e-15
-2.8571889e-12
7.6102621e-15
-2.8612894e-12
9.1791423e-15
-2.8658288e-12
1.0508579e-14
-2.870143e-12
1.070419e-14
-2.872749e-12
8.1535867e-15
-2.870848e-12
2.714874e-16
-2.8597859e-12
-1.6566881e-14
-2.8324898e-12
-4.6964052e-14
-2.7794183e-12
-9.547262e-14
-2.6894168e-12
-1.6475624e-13
-2.5261204e-13
-3.5451771e-12
-9.6050359e-14
3.5733966e-12
-3.5292781e-12
-5.1800265e-14
-3.5209735e-12
-2.535304e-14
-3.5171639e-12
-1.0260418e-14
-3.5159219e-12
-2.0150812e-15
-3.5161198e-12
2.389879e-15
-3.5171624e-12
4.8789727e-15
-3.5187844e-12
6.6340204e-15
-3.5209113e-12
8.3282112e-15
-3.5235484e-12
1.0247298e-14
-3.5266674e-12
1.2298197e-14
-3.5300573e-12
1.3898503e-14
-3.5330929e-12
1.3739685e-14
-3.5343683e-12
9.4291038e-15
-3.5311548e-12
-2.9420762e-15
-3.5185849e-12
-2.9136767e-14
-3.4887821e-12
-7.676686e-14
-3.4300906e-12
-1.541641e-13
-3.3273588e-12
-2.6748805e-13
-4.1529849e-13
-3.861797e-12
3.8721845e-12
-1.0643787e-13
-3.8558284e-12
-5.7768802e-14
-3.8526346e-12
-2.8546826e-14
-3.8511149e-12
-1.1780156e-14
-3.8505721e-12
-2.5578718e-15
-3.8505929e-12
2.4106351e-15
-3.8509562e-12
5.2423144e-15
-3.8515668e-12
7.2446088e-15
-3.8524063e-12
9.1676846e-15
-3.8534947e-12
1.1335753e-14
-3.8548474e-12
1.3650821e-14
-3.8564036e-12
1.5454734e-14
-3.8578901e-12
1.5226226e-14
-3.8585492e-12
1.0088152e-14
-3.8566182e-12
-4.8730799e-15
-3.8483781e-12
-3.7376841e-14
-3.8266658e-12
-9.8479151e-14
-3.778878e-12
-2.0195188e-13
-3.6854612e-12
-3.6090488e-13
-5.7928969e-13
-4.2999691e-12
-6.1941507e-13
5.2982134e-12
-3.5849771e-12
-6.9179953e-13
-3.0306886e-12
-6.2847436e-13
-2.6263317e-12
-5.0241872e-13
-2.3399247e-12
-3.6828794e-13
-2.1448782e-12
-2.5315335e-13
-2.0177542e-12
-1.6490006e-13
-1.93854e-12
-1.0214025e-13
-6.003769e-14
-5.4048516e-12
-1.2465923e-12
6.0320288e-12
-4.7597836e-12
-1.3368675e-12
-4.2045392e-12
-1.1837187e-12
-3.7687905e-12
-9.3816749e-13
-3.4473862e-12
-6.8969225e-13
-3.2220077e-12
-4.7853184e-13
-3.0710004e-12
-3.1590737e-13
-2.9741536e-12
-1.9898703e-13
-1.1941802e-13
-5.5905584e-12
-1.7921617e-12
6.1361278e-12
-5.0295972e-12
-1.8978288e-12
-4.5763497e-12
-1.6369661e-12
-4.2353445e-12
-1.2791727e-12
-3.9875855e-12
-9.3745119e-13
-3.8139824e-12
-6.5213496e-13
-3.6968464e-12
-4.3304339e-13
-3.6207951e-12
-2.7503826e-13
-1.6681654e-13
-4.8956621e-12
5.6382077e-12
-2.5347073e-12
-4.4661465e-12
-2.3273444e-12
-4.2426923e-12
-1.8604204e-12
-4.1084012e-12
-1.4134638e-12
-4.0187769e-12
-1.0270755e-12
-3.9576282e-12
-7.1328364e-13
-3.9163982e-12
-4.7427335e-13
-3.8893263e-12
-3.0211022e-13
-1.8395829e-13
-4.57431e-13
6.2625877e-12
-6.8799066e-13
6.2625884e-12
-8.1445131e-13
6.2625884e-12
6.2625878e-12
-1.4388314e-12
-1.7326297e-19
-2.1002839e-20
1.3152831e-19
-2.012868e-12
-9.8691064e-13
2.1653209e-12
-1.8045438e-12
-1.2699203e-12
-1.5598831e-12
-1.4706099e-12
-1.2995455e-12
-1.5747858e-12
-1.040141e-12
-1.591887e-12
-7.9203934e-13
-1.5440941e-12
-5.5909289e-13
-1.4565858e-12
-3.4053064e-13
-1.3486575e-12
-1.4293076e-13
-1.2201017e-12
-1.0765093e-12
-2.0032252e-12
2.1513298e-12
-1.1350153e-12
-1.7913262e-12
-1.4818192e-12
-1.540562e-12
-1.7213741e-12
-1.2755323e-12
-1.8398155e-12
-1.014986e-12
-1.8524334e-12
-7.6990117e-13
-1.7891789e-12
-5.4309471e-13
-1.6833922e-12
-3.2776011e-13
-1.5639921e-12
-1.0625283e-13
-1.4416089e-12
-1.1827624e-12
-2.3061814e-12
-1.0211989e-13
2.3018634e-12
-2.3085746e-12
-5.5375598e-14
-2.3098142e-12
-2.7307177e-14
-2.3103845e-12
-1.1209952e-14
-2.3105787e-12
-2.3636084e-15
-2.3105669e-12
2.39887e-15
-2.3104419e-12
5.1173131e-15
-2.3102519e-12
7.0545541e-15
-2.3100242e-12
8.9399822e-15
-2.3097848e-12
1.1096428e-14
-2.3095759e-12
1.3441886e-14
-2.3094681e-12
1.5346988e-14
-2.3095558e-12
1.5313884e-14
-2.3098942e-12
1.0426553e-14
-2.3102901e-12
-4.4771196e-15
-2.3097682e-12
-3.7898753e-14
-2.3054303e-12
-1.0281707e-13
-2.2903993e-12
-2.1698287e-13
-2.2509953e-12
-4.0030886e-13
-6.649641e-13
-2.2267e-12
2.2151237e-12
-9.0543616e-14
-2.2331944e-12
-4.8881138e-14
-2.2365893e-12
-2.3912332e-14
-2.2381601e-12
-9.6391518e-15
-2.2386928e-12
-1.8309168e-15
-2.2386454e-12
2.3515195e-15
-2.2382646e-12
4.7364745e-15
-2.237668e-12
6.4579992e-15
-2.2369045e-12
8.1764922e-15
-2.2360026e-12
1.019455e-14
-2.2350184e-12
1.2457675e-14
-2.2340898e-12
1.4418397e-14
-2.2334951e-12
1.4719199e-14
-2.2336879e-12
1.0619364e-14
-2.2352199e-12
-2.9451473e-15
-2.2383405e-12
-3.4778141e-14
-2.2418454e-12
-9.9312191e-14
-2.2404478e-12
-2.1838047e-13
-2.2198343e-12
-4.2092232e-13
-7.3346856e-13
-1.6167238e-12
-1.9469094e-12
1.0289259e-12
-1.9314857e-12
-2.0125825e-12
-2.0895411e-12
-1.702365e-12
-2.1765283e-12
-1.3264766e-12
-2.2290641e-12
-9.7453976e-13
-2.261736e-12
-6.8061174e-13
-2.2820044e-12
-4.5400499e-13
-2.294421e-12
-2.896936e-13
-1.7651585e-13
-9.7259275e-13
3.4021755e-13
-1.3145342e-12
-1.4369833e-12
-1.5481919e-12
-1.728461e-12
-1.4108874e-12
-1.9134929e-12
-1.1414447e-12
-2.0340092e-12
-8.5402342e-13
-2.1126948e-12
-6.0192613e-13
-2.1634497e-12
-4.0325008e-13
-2.1954911e-12
-2.576522e-13
-1.5688326e-13
-4.0990544e-13
-6.9687903e-14
-1.0442098e-12
1.1187888e-12
-1.2095942e-12
-9.3101823e-13
-1.5950109e-12
-7.9636515e-13
-1.8560272e-12
-6.55124e-13
-1.9810567e-12
-5.1828426e-13
-1.9892732e-12
-3.9219818e-13
-1.915265e-12
-2.7886534e-13
-1.7967251e-12
-1.7667885e-13
-1.6661786e-12
-8.0809534e-14
-1.5374783e-12
-1.263572e-12
-1.1264447e-12
1.1179998e-12
-8.2098631e-14
-1.1311745e-12
-4.4151396e-14
-1.133634e-12
-2.1452826e-14
-1.1347582e-12
-8.5149983e-15
-1.1351238e-12
-1.4653248e-15
-1.135066e-12
2.2937623e-15
-1.1347633e-12
4.4337548e-15
-1.1342975e-12
5.9922262e-15
-1.1336975e-12
7.5764649e-15
-1.1329737e-12
9.4707908e-15
-1.1321539e-12
1.1637813e-14
-1.1313259e-12
1.3590402e-14
-1.1306947e-12
1.4087998e-14
-1.1306454e-12
1.0570068e-14
-1.1317763e-12
-1.8142506e-15
-1.1347947e-12
-3.1759722e-14
-1.1400198e-12
-9.4087108e-14
-1.1459386e-12
-2.1246162e-13
-1.1452913e-12
-4.2156966e-13
-7.599711e-13
-3.6280153e-13
9.0387249e-14
-1.04212e-12
-6.1286732e-13
-1.2981262e-12
-7.8552411e-13
-1.2382306e-12
-9.0598034e-13
-1.0209885e-12
-9.8853611e-13
-7.7146764e-13
-1.0440328e-12
-5.464294e-13
-1.0804646e-12
-3.6681831e-13
-1.1036959e-12
-2.3442087e-13
-1.4257942e-13
2.0699351e-14
-2.5630997e-12
-1.3886767e-12
2.7421822e-12
-2.2752824e-12
-1.8828282e-12
-1.9299774e-12
-2.2013322e-12
-1.5718102e-12
-2.3392239e-12
-1.2320167e-12
-2.3290667e-12
-9.2820266e-13
-2.219079e-12
-6.6767026e-13
-2.0572575e-12
-4.5382325e-13
-1.8800256e-12
-2.8765246e-13
-1.703649e-12
-1.5512245e-12
-2.265035e-12
-1.5340041e-12
2.4103625e-12
-1.9899688e-12
-2.1578944e-12
-1.6553159e-12
-2.5359851e-12
-1.3154286e-12
-2.6791112e-12
-1.0049768e-12
-2.6395185e-12
-7.4060252e-13
-2.4834533e-12
-5.2525335e-13
-2.2726067e-12
-3.5077187e-13
-2.0545071e-12
-1.9091124e-13
-1.8635097e-12
-1.7421356e-12
-1.8181434e-12
-1.6261674e-12
1.9103067e-12
-1.5714537e-12
-2.4045842e-12
-1.262157e-12
-2.8452818e-12
-9.5591642e-13
-2.9853518e-12
-6.9082222e-13
-2.9046127e-12
-4.8114784e-13
-2.6931277e-12
-3.2446617e-13
-2.4292884e-12
-2.0683527e-13
-2.172138e-12
-1.0546952e-13
-1.9648754e-12
-1.8476048e-12
-1.2029278e-12
1.1773235e-12
-1.6005631e-12
-1.0179979e-12
-2.5895142e-12
-7.54493e-13
-3.1087867e-12
-4.9952591e-13
-3.2403189e-12
-2.9779249e-13
-3.1063461e-12
-1.606927e-13
-2.8302275e-12
-8.0281688e-14
-2.5096994e-12
-3.9199993e-14
-2.2132197e-12
-1.7205942e-14
-1.9868695e-12
-1.8648103e-12
-2.6444869e-12
-5.4911487e-14
2.6172997e-12
-2.6596428e-12
-2.8995471e-14
-2.6674511e-12
-1.3644514e-14
-2.670951e-12
-5.0150546e-15
-2.6720149e-12
-4.0143709e-16
-2.671727e-12
2.0058489e-15
-2.6706546e-12
3.3613022e-15
-2.6690471e-12
4.3847906e-15
-2.6669744e-12
5.5036927e-15
-2.6644375e-12
6.9338919e-15
-2.6614826e-12
8.6829941e-15
-2.6583495e-12
1.0457266e-14
-2.6556867e-12
1.1425264e-14
-2.654855e-12
9.7383446e-15
-2.6582462e-12
1.5769697e-15
-2.6695147e-12
-2.0491237e-14
-2.6928078e-12
-7.0794082e-14
-2.7292994e-12
-1.7596995e-13
-2.7649813e-12
-3.8588784e-13
-7.8277019e-13
-2.1209002e-12
-2.7357355e-14
2.0933461e-12
-2.1359365e-12
-1.3959156e-14
-2.1434113e-12
-6.1697571e-15
-2.1465247e-12
-1.9016004e-15
-2.1472272e-12
3.010421e-16
-2.1466207e-12
1.3993318e-15
-2.1452627e-12
2.0032708e-15
-2.1433677e-12
2.4898149e-15
-2.1409519e-12
3.0878897e-15
-2.1379434e-12
3.9253961e-15
-2.1342947e-12
5.0343236e-15
-2.13014e-12
6.3025296e-15
-2.1260542e-12
7.3395236e-15
-2.1234938e-12
7.1779398e-15
-2.1255164e-12
3.5995486e-15
-2.1376908e-12
-8.3168142e-15
-2.1693686e-12
-3.9116279e-14
-2.2336248e-12
-1.117137e-13
-2.3356798e-12
-2.838329e-13
-7.0808753e-13
-1.4202355e-12
-7.2046794e-15
1.4000828e-12
-1.4307808e-12
-3.4138488e-15
-1.4356602e-12
-1.2903541e-15
-1.4373763e-12
-1.8552643e-16
-1.4374157e-12
3.4042846e-16
-1.436589e-12
5.7266324e-16
-1.435279e-12
6.9327649e-16
-1.4335963e-12
8.0709205e-16
-1.4314907e-12
9.8230778e-16
-1.4288279e-12
1.2626127e-15
-1.4254647e-12
1.6711495e-15
-1.4213605e-12
2.1983205e-15
-1.4167825e-12
2.7615858e-15
-1.4127104e-12
3.1057748e-15
-1.4116868e-12
2.5759517e-15
-1.4191802e-12
-8.2337483e-16
-1.4467149e-12
-1.158163e-14
-1.5178739e-12
-4.0554661e-14
-1.6757154e-12
-1.2599145e-13
-4.7349623e-13
-5.3695755e-13
5.2975288e-13
-5.4037141e-13
-5.4166176e-13
-5.4184728e-13
-5.4150686e-13
-5.409342e-13
-5.4024092e-13
-5.3943382e-13
-5.3845152e-13
-5.3718891e-13
-5.3551776e-13
-5.3331943e-13
-5.3055786e-13
-5.2745208e-13
-5.2487612e-13
-5.2569949e-13
-5.3728112e-13
-5.7783579e-13
-7.0382723e-13
-5.9774839e-13
-5.0939001e-13
6.5018453e-14
-1.1450463e-12
-7.5082825e-13
-1.6055283e-12
-7.7774854e-13
-1.9545086e-12
-6.7200825e-13
-2.2060586e-12
-5.199176e-13
-2.3802613e-12
-3.7222675e-13
-2.4964977e-12
-2.5058184e-13
-2.571194e-12
-1.5972458e-13
-9.6473719e-14
-3.0601897e-13
-2.0409631e-13
7.2524948e-16
-7.0745826e-13
-3.4938895e-13
-1.0978028e-12
-3.8740405e-13
-1.4237547e-12
-3.4605628e-13
-1.6720226e-12
-2.7164974e-13
-1.8491273e-12
-1.9512198e-13
-1.9688808e-12
-1.3082833e-13
-2.0460122e-12
-8.2593241e-14
-4.9139805e-14
-1.1622592e-13
-4.7956701e-14
-3.9913686e-14
-3.6873323e-13
-9.688162e-14
-6.4227944e-13
-1.1385785e-13
-8.8488495e-13
-1.0345076e-13
-1.0753225e-12
-8.1212175e-14
-1.2126682e-12
-5.7776338e-14
-1.3053949e-12
-3.8101629e-14
-1.3644876e-12
-2.3500496e-14
-1.3544669e-14
-1.4273419e-15
-4.6529363e-14
-9.8308977e-14
-2.1216682e-13
-3.1561759e-13
-3.9682976e-13
-4.5460609e-13
-4.9270773e-13
-5.1620821e-13
8.5717802e-14
8.6443059e-14
4.6529359e-14
-4.1264514e-13
-1.187918e-12
-3.5148111e-13
-2.6506782e-12
-1.2184651e-13
-3.3384213e-12
9.5116474e-14
-3.4572819e-12
2.3015246e-13
-3.2413821e-12
2.7631724e-13
-2.8763923e-12
2.5285096e-13
-2.4862331e-12
1.8534303e-13
-2.1457118e-12
9.6420483e-14
-1.8979469e-12
-1.7683891e-12
1.2005633e-13
-1.3079743e-12
4.2142358e-13
-2.9520455e-12
7.2370576e-13
-3.6407035e-12
8.923065e-13
-3.6258826e-12
9.0901732e-13
-3.258093e-12
8.1017507e-13
-2.77755e-12
6.4086268e-13
-2.3169207e-12
4.3670657e-13
-1.9415557e-12
2.1984098e-13
-1.6810814e-12
-1.5485474e-12
5.3022241e-13
-1.8381967e-12
1.222142e-12
-3.643965e-12
1.6495726e-12
-4.0681341e-12
1.7440598e-12
-3.7203698e-12
1.5994897e-12
-3.1135229e-12
1.3244773e-12
-2.5025377e-12
9.9613312e-13
-1.9885765e-12
6.5728857e-13
-1.6027111e-12
3.2505125e-13
-1.3488441e-12
-1.2234956e-12
1.2388561e-12
-3.0770528e-12
2.3789881e-12
-4.784097e-12
2.7771991e-12
-4.4663451e-12
2.634861e-12
-3.5780318e-12
2.2291584e-12
-2.7078202e-12
1.7387637e-12
-2.0121431e-12
1.252564e-12
-1.5023768e-12
8.0286754e-13
-1.1530147e-12
3.9045866e-13
-9.3643519e-13
-8.3303643e-13
3.459842e-12
-6.5368948e-12
4.4529867e-12
-5.7772417e-12
4.1565053e-12
-4.1698637e-12
3.4253995e-12
-2.846926e-12
2.6330984e-12
-1.9155191e-12
1.919413e-12
-1.2984576e-12
1.3184872e-12
-9.0145109e-13
8.1876574e-13
-6.532932e-13
3.9100275e-13
-5.0867219e-13
-4.4203337e-13
1.0799186e-11
-3.4847637e-12
-1.3851317e-11
7.7760085e-12
-2.7540644e-12
5.4483966e-12
-1.8422518e-12
3.7666719e-12
-1.1652013e-12
2.5769307e-12
-7.2577794e-13
1.7347373e-12
-4.5626418e-13
1.1285536e-12
-2.9526737e-13
6.762929e-13
-2.0103256e-13
3.1646878e-13
-1.4884809e-13
-1.2556442e-13
7.714272e-12
-1.1199036e-11
4.9602076e-12
3.1179558e-12
1.9527545e-12
1.2269766e-12
7.7071241e-13
4.7544504e-13
2.7441246e-13
1.2556439e-13
1.2256877e-11
-6.2072908e-13
-1.1636148e-11
1.2433605e-11
-1.7672761e-13
1.248977e-11
-5.6165192e-14
1.2511159e-11
-2.1388747e-14
1.251966e-11
-8.5010428e-15
1.2522996e-11
-3.3360599e-15
1.2524311e-11
-1.3156109e-15
1.2524839e-11
-5.2735387e-16
1.2525055e-11
-2.160746e-16
1.2525155e-11
-1.0057454e-16
1.2525236e-11
-8.0558975e-17
1.2525375e-11
-1.3959551e-16
1.2525702e-11
-3.2676305e-16
1.2526502e-11
-8.0010068e-16
1.2528627e-11
-2.1245794e-15
1.2534957e-11
-6.3302175e-15
1.2553072e-11
-1.8115057e-14
1.259957e-11
-4.6498303e-14
1.2768998e-11
-1.6942713e-13
-1.0823193e-12
1.2793475e-11
-1.3414205e-11
1.2616748e-11
1.2560583e-11
1.2539194e-11
1.2530693e-11
1.2527357e-11
1.2526041e-11
1.2525514e-11
1.2525298e-11
1.2525197e-11
1.2525117e-11
1.2524977e-11
1.252465e-11
1.252385e-11
1.2521726e-11
1.2515396e-11
1.2497281e-11
1.2450782e-11
1.2281355e-11
9.9099871e-12
-4.2865304e-13
-9.481334e-12
1.0125832e-11
-2.158448e-13
1.0252032e-11
-1.2620032e-13
1.0364323e-11
-1.1229058e-13
1.0478295e-11
-1.1397175e-13
1.0608427e-11
-1.3013268e-13
1.077517e-11
-1.6674307e-13
1.1045739e-11
-2.7056842e-13
-5.9040936e-13
1.1125072e-11
-9.7798248e-12
-1.7739008e-12
1.2095503e-11
-1.1862754e-12
1.2721883e-11
-7.525807e-13
1.3149576e-11
-5.3998304e-13
1.3444974e-11
-4.0937018e-13
1.3647629e-11
-3.327871e-13
1.376725e-11
-2.8636382e-13
1.3756661e-11
-2.5997927e-13
-2.4795344e-13
-4.2625105e-12
-8.8235119e-12
1.0452238e-17
-1.7738827e-12
-2.8519978e-17
6.709947e-18
-1.1862717e-12
7.1797149e-18
-7.5258116e-13
7.1943355e-18
-5.3998306e-13
7.2231159e-18
-4.0937023e-13
7.2691347e-18
-3.3278716e-13
7.5430487e-18
-2.8636409e-13
7.5869029e-18
-2.5997926e-13
-2.4794586e-13
1.053706e-12
-8.2723684e-13
-2.0003518e-12
5.2818355e-13
-6.6074924e-13
2.8965368e-13
-5.1405128e-13
1.6326653e-13
-4.1359591e-13
9.5819455e-14
-3.4192315e-13
5.6559283e-14
-2.9352698e-13
3.1877198e-14
-2.6168201e-13
1.4419197e-14
-2.4252126e-13
-2.3352666e-13
1.162136e-12
-2.1026549e-12
1.1328203e-13
6.2370516e-13
-1.2231838e-13
3.6341171e-13
-2.5375783e-13
2.1723804e-13
-2.6742224e-13
1.3362459e-13
-2.5830971e-13
8.179288e-14
-2.4169527e-13
4.7243341e-14
-2.2713247e-13
2.1671813e-14
-2.1694973e-13
-2.1185485e-13
-3.9526382e-12
-1.0820889e-12
1.6861584e-12
6.1371298e-13
2.2625474e-13
-7.2668569e-13
4.6775069e-13
2.3643905e-14
3.2744765e-13
-1.1345479e-13
2.2371356e-13
-1.6368814e-13
1.4972508e-13
-1.8432123e-13
9.698492e-14
-1.8895511e-13
5.7985412e-14
-1.8813296e-13
2.7096775e-14
-1.860611e-13
-1.8475807e-13
4.1463785e-13
2.339514e-13
-4.2233451e-13
3.5429869e-13
8.398307e-14
2.7243179e-13
-3.1587894e-14
2.0070676e-13
-9.1963106e-14
1.4230504e-13
-1.2591951e-13
9.6136797e-14
-1.4278687e-13
5.9070865e-14
-1.5106703e-13
2.8000481e-14
-1.5499071e-13
-1.5675759e-13
2.5176797e-13
1.8852801e-13
-2.0634457e-13
2.4590692e-13
8.9844114e-14
2.0894935e-13
5.3696764e-15
1.6583397e-13
-4.8847727e-14
1.2418944e-13
-8.4274978e-14
8.7162742e-14
-1.0576018e-13
5.4800713e-14
-1.18705e-13
2.6224791e-14
-1.2641479e-13
-1.305328e-13
1.6355204e-13
1.4375231e-13
-1.1877634e-13
1.7303257e-13
8.0363591e-14
1.5752336e-13
2.087888e-14
1.3196824e-13
-2.3292607e-14
1.0296684e-13
-5.5273572e-14
7.4222083e-14
-7.7015423e-14
4.7072193e-14
-9.1555112e-14
2.22941e-14
-1.016367e-13
-1.082387e-13
1.0653351e-13
-6.9643549e-14
1.0686235e-13
1.2060134e-13
6.6295756e-14
1.1634132e-13
2.51389e-14
1.019374e-13
-8.8886822e-15
8.2190085e-14
-3.5526258e-14
6.0332868e-14
-5.5158206e-14
3.8109896e-14
-6.933214e-14
1.7506363e-14
-8.1033165e-14
-9.0732336e-14
9.5947276e-13
5.3713825e-13
3.3079368e-13
2.1201733e-13
1.4237378e-13
-2.7109513e-16
-4.9326287e-17
3.2042142e-16
-2.2796078e-16
-4.313435e-17
-1.8989047e-16
-3.807031e-17
-1.5593952e-16
-3.3950949e-17
-1.2530446e-16
-3.0635058e-17
-9.7290277e-17
-2.8014187e-17
-7.12843e-17
-2.6005977e-17
-4.6734942e-17
-2.4549358e-17
-2.3133784e-17
-2.3601158e-17
-2.3133784e-17
-2.6531672e-16
-9.7371462e-17
3.1336189e-16
-2.2323852e-16
-8.5212546e-17
-1.8605157e-16
-7.5257263e-17
-1.5285101e-16
-6.7151513e-17
-1.2286435e-16
-6.0621715e-17
-9.5421199e-17
-5.5457338e-17
-6.9928945e-17
-5.1498231e-17
-4.5852818e-17
-4.8625485e-17
-2.2699025e-17
-4.6754951e-17
-4.5832808e-17
-2.5397257e-16
-1.4292079e-16
2.995219e-16
-2.1395704e-16
-1.2522808e-16
-1.78499e-16
-1.107153e-16
-1.4676988e-16
-9.8880629e-17
-1.1805679e-16
-8.9334811e-17
-9.1736823e-17
-8.1777303e-17
-6.72562e-17
-7.5978853e-17
-4.411281e-17
-7.1768876e-17
-2.1841316e-17
-6.9026445e-17
-6.7674125e-17
-2.3747092e-16
-1.8488487e-16
2.79435e-16
-2.0043028e-16
-1.6226872e-16
-1.6747459e-16
-1.4367099e-16
-1.3788178e-16
-1.2847344e-16
-1.1102268e-16
-1.1619391e-16
-8.6341589e-17
-1.064584e-16
-6.3339882e-17
-9.898056e-17
-4.1562084e-17
-9.3546674e-17
-2.0583649e-17
-9.000488e-17
-8.8257774e-17
-2.1639161e-16
2.5385448e-16
-2.2234774e-16
-1.8310646e-16
-1.9555387e-16
-1.5332507e-16
-1.7345239e-16
-1.2645379e-16
-1.5534472e-16
-1.0196539e-16
-1.4068231e-16
-7.9386581e-17
-1.290372e-16
-5.8286964e-17
-1.2008018e-16
-3.8269082e-17
-1.1356456e-16
-1.8959409e-17
-1.0931455e-16
-1.0721718e-16
-2.3306402e-14
-1.4269269e-14
3.7575671e-14
-1.4735128e-14
-8.5712741e-15
-1.0121994e-14
-4.613134e-15
-7.2570868e-15
-2.864907e-15
-5.4167735e-15
-1.8403133e-15
-4.160265e-15
-1.2565085e-15
-3.2689317e-15
-8.9133327e-16
-2.614387e-15
-6.5454471e-16
-2.1206876e-15
-4.9369939e-16
-1.739912e-15
-3.8077561e-16
-1.4407833e-15
-2.9912868e-16
-1.2021198e-15
-2.3866352e-16
-1.0091592e-15
-1.929606e-16
-8.5134534e-16
-1.5781384e-16
-7.2096165e-16
-1.3038369e-16
-6.1225588e-16
-1.0870577e-16
-5.2086454e-16
-9.1391336e-17
-4.4342459e-16
-7.7439952e-17
-3.7730561e-16
-6.6118985e-17
-5.6884189e-17
-1.3226633e-14
-1.7263692e-14
1.6221056e-14
-1.0382288e-14
-1.1415619e-14
-7.9680198e-15
-7.0274023e-15
-6.1446441e-15
-4.6882827e-15
-4.7912953e-15
-3.1936622e-15
-3.7861046e-15
-2.2616992e-15
-3.0313147e-15
-1.6461232e-15
-2.4560845e-15
-1.2297748e-15
-2.0109312e-15
-9.3885276e-16
-1.661313e-15
-7.3039379e-16
-1.3829784e-15
-5.7746328e-16
-1.1586598e-15
-4.6298215e-16
-9.7587483e-16
-3.7574553e-16
-8.2545379e-16
-3.0823488e-16
-7.005539e-16
-2.5528358e-16
-5.9599139e-16
-2.1326828e-16
-5.0778283e-16
-1.795999e-16
-4.3282536e-16
-1.5239743e-16
-3.6867053e-16
-1.3027382e-16
-1.1219282e-16
-6.2890248e-15
-1.567456e-14
4.6998925e-15
-6.3399487e-15
-1.1364695e-14
-5.547182e-15
-7.8201691e-15
-4.6681654e-15
-5.5672993e-15
-3.8602691e-15
-4.0015585e-15
-3.1803133e-15
-2.941655e-15
-2.6241113e-15
-2.2023251e-15
-2.1740644e-15
-1.6798218e-15
-1.810198e-15
-1.3027191e-15
-1.514934e-15
-1.0256578e-15
-1.2739365e-15
-8.1846074e-16
-1.075907e-15
-6.6101159e-16
-9.1204982e-16
-5.3960276e-16
-7.7553354e-16
-4.4475116e-16
-6.6103626e-16
-3.6978086e-16
-5.6438665e-16
-3.0991789e-16
-4.8228994e-16
-2.6169661e-16
-4.1212118e-16
-2.2256619e-16
-3.5176969e-16
-1.9062531e-16
-1.6444061e-16
-1.9627845e-15
-1.3021236e-14
-6.9053958e-16
-3.1401133e-15
-1.0187366e-14
-3.3399588e-15
-7.6203235e-15
-3.1621273e-15
-5.7451308e-15
-2.829509e-15
-4.3341767e-15
-2.4657777e-15
-3.3053864e-15
-2.1202883e-15
-2.5478146e-15
-1.8121711e-15
-1.9879389e-15
-1.5453704e-15
-1.5695199e-15
-1.3176653e-15
-1.2533629e-15
-1.1245485e-15
-1.0115776e-15
-9.6106582e-16
-8.2449424e-16
-8.2256628e-16
-6.7810229e-16
-7.0496772e-16
-5.6234972e-16
-6.0480101e-16
-4.6994758e-16
-5.1916421e-16
-3.9555469e-16
-4.4564639e-16
-3.3521443e-16
-3.8224763e-16
-2.8596495e-16
-3.2730604e-16
-2.455669e-16
-2.1231164e-16
6.7650271e-16
-3.3449869e-15
-1.0352752e-14
-8.6703804e-16
-8.6438253e-15
-1.5750888e-15
-6.9122727e-15
-1.8377595e-15
-5.4824601e-15
-1.8519942e-15
-4.3199421e-15
-1.7458993e-15
-3.4114812e-15
-1.587723e-15
-2.7059909e-15
-1.4147343e-15
-2.1609276e-15
-1.2455645e-15
-1.7386896e-15
-1.0888627e-15
-1.4100647e-15
-9.4787867e-16
-1.1525616e-15
-8.2310157e-16
-9.4927134e-16
-7.1368148e-16
-7.8752238e-16
-6.1819581e-16
-6.5783539e-16
-5.3504746e-16
-5.5309593e-16
-4.6266346e-16
-4.6793869e-16
-3.9958568e-16
-3.9829221e-16
-3.4450474e-16
-3.4104589e-16
-2.9626482e-16
-2.9380682e-16
-2.5472198e-16
7.141318e-14
7.9120625e-14
-4.3671458e-14
8.4788673e-14
5.2920262e-14
8.5366937e-14
2.4560637e-14
7.7286145e-14
-8.0788965e-16
6.3497099e-14
-2.1737212e-14
4.5902797e-14
-3.7563904e-14
2.5038617e-14
-4.846796e-14
-1.8645454e-15
-5.4130003e-14
-5.502121e-14
4.87108e-14
5.8806712e-14
-2.8396887e-14
6.0003958e-14
4.1627103e-14
6.2527896e-14
2.2036699e-14
5.8272625e-14
3.4473813e-15
4.9062695e-14
-1.2527282e-14
3.6385037e-14
-2.4886246e-14
2.1149885e-14
-3.3232808e-14
3.5742836e-15
-3.6554401e-14
-3.5225871e-14
3.3872868e-14
4.4068723e-14
-1.9134879e-14
4.288468e-14
3.2615292e-14
4.5915218e-14
1.900616e-14
4.3858591e-14
5.5040085e-15
3.7812134e-14
-6.4808247e-15
2.8885416e-14
-1.5959528e-14
1.8033017e-14
-2.238041e-14
6.4667227e-15
-2.4988106e-14
-2.4059255e-14
2.3944295e-14
3.3360173e-14
-1.3235745e-14
3.0963802e-14
2.5595785e-14
3.3900544e-14
1.6069418e-14
3.3117313e-14
6.2872394e-15
2.9274255e-14
-2.6377664e-15
2.3181694e-14
-9.8669667e-15
1.5676683e-14
-1.4875399e-14
7.848399e-15
-1.7159822e-14
-1.6901396e-14
1.7187341e-14
-9.3585139e-15
2.5531346e-14
2.2598825e-14
2.0184301e-14
2.5210189e-14
1.3458054e-14
2.5136414e-14
6.3610143e-15
2.2771335e-14
-2.7268725e-16
1.8687437e-14
-5.7830687e-15
1.3544418e-14
-9.7323806e-15
8.177453e-15
-1.1792857e-14
-1.206893e-14
9.8702325e-14
7.0305438e-14
5.117056e-14
3.7934814e-14
2.85763e-14
-2.0413982e-16
-2.5669536e-16
2.3848744e-16
-1.7334171e-16
-2.2635199e-16
-1.4556944e-16
-2.0122466e-16
-1.2034389e-16
-1.8057026e-16
-9.7226149e-17
-1.6380005e-16
-7.5812074e-17
-1.5045128e-16
-5.5726519e-17
-1.4016573e-16
-3.6617386e-17
-1.3267369e-16
-1.8149736e-17
-1.277822e-16
-1.2536692e-16
-1.7168834e-16
-2.8444524e-16
1.9943822e-16
-1.4648048e-16
-2.5155984e-16
-1.2349821e-16
-2.2420694e-16
-1.0242911e-16
-2.0163936e-16
-8.2970171e-17
-1.8325899e-16
-6.4829898e-17
-1.6859155e-16
-4.7728387e-17
-1.5726724e-16
-3.1396094e-17
-1.4900598e-16
-1.5571787e-17
-1.4360651e-16
-1.4093871e-16
-1.3655581e-16
-3.052777e-16
1.5738828e-16
-1.1726784e-16
-2.7084782e-16
-9.9403066e-17
-2.4207171e-16
-8.2809399e-17
-2.1823303e-16
-6.7316979e-17
-1.9875141e-16
-5.2746547e-17
-1.8316198e-16
-3.8914536e-17
-1.7109925e-16
-2.5635986e-17
-1.6228453e-16
-1.2725957e-17
-1.5651654e-16
-1.5366466e-16
-9.9807568e-17
-3.1912923e-16
1.1365909e-16
-8.6560428e-17
-2.8409496e-16
-7.3969286e-17
-2.5466285e-16
-6.2027714e-17
-2.301746e-16
-5.0689637e-17
-2.1008948e-16
-3.9882237e-17
-1.9396938e-16
-2.9514949e-17
-1.8146654e-16
-1.948569e-17
-1.7231379e-16
-9.6851842e-18
-1.6631704e-16
-1.6334985e-16
-6.2452082e-17
-3.2615736e-16
6.9480216e-17
-5.5181254e-17
-2.9136579e-16
-4.7863531e-17
-2.6198057e-16
-4.0617872e-17
-2.3742026e-16
-3.3507732e-17
-2.1719962e-16
-2.6556787e-17
-2.0092033e-16
-1.9760552e-17
-1.8826278e-16
-1.3095015e-17
-1.7897933e-16
-6.5231503e-18
-1.7288891e-16
-1.69873e-16
-2.5393389e-17
-3.2669576e-16
2.5931786e-17
-2.3880865e-17
-2.9287831e-16
-2.1702668e-17
-2.6415877e-16
-1.907985e-17
-2.4004308e-16
-1.6168197e-17
-2.2011128e-16
-1.3075167e-17
-2.0401336e-16
-9.8728985e-18
-1.9146505e-16
-6.608302e-18
-1.8224393e-16
-3.3110318e-18
-1.7618618e-16
-1.7318403e-16
1.0592757e-17
-1.608083e-17
-3.2120768e-16
6.6838992e-18
-2.8896945e-16
3.964503e-18
-2.6143937e-16
2.1354406e-18
-2.3821402e-16
9.6698365e-19
-2.1894282e-16
2.820294e-19
-2.033284e-16
-5.7212182e-20
-1.911258e-16
-1.5989416e-19
-1.8214124e-16
-1.1525984e-19
-1.7623081e-16
-1.7329929e-16
2.3950599e-15
-7.8927861e-15
-4.8550254e-15
7.4764713e-16
-6.9964125e-15
-2.3153363e-16
-5.933092e-15
-7.7705862e-16
-4.9369351e-15
-1.0407885e-15
-4.0562122e-15
-1.1351257e-15
-3.317144e-15
-1.1311551e-15
-2.7099615e-15
-1.0739395e-15
-2.2181432e-15
-9.906684e-16
-1.8219608e-15
-8.9739976e-16
-1.5033333e-15
-8.0325476e-16
-1.2467066e-15
-7.1316081e-16
-1.0393653e-15
-6.295425e-16
-8.7114069e-16
-5.533634e-16
-7.3401449e-16
-4.847563e-16
-6.2170302e-16
-4.2340152e-16
-5.2929347e-16
-3.6875095e-16
-4.5294278e-16
-3.2015866e-16
-3.8963818e-16
-2.769551e-16
-3.3701039e-16
-2.9318963e-16
3.2587083e-15
-5.9169369e-15
-5.2345575e-15
1.7949669e-15
-5.5326712e-15
7.954794e-16
-4.9336045e-15
1.4301958e-16
-4.2844753e-15
-2.5800463e-16
-3.655188e-15
-4.8777044e-16
-3.0873782e-15
-6.0424569e-16
-2.5934862e-15
-6.4840503e-16
-2.1739839e-15
-6.4794803e-16
-1.8224178e-15
-6.2122659e-16
-1.5300548e-15
-5.8012637e-16
-1.2878069e-15
-5.3219665e-16
-1.087295e-15
-4.8211838e-16
-9.2121896e-16
-4.3270174e-16
-7.8343113e-16
-3.8554979e-16
-6.6885497e-16
-3.4149584e-16
-5.7334743e-16
-3.0088909e-16
-4.9354953e-16
-2.6378008e-16
-4.2674718e-16
-2.3004023e-16
-3.7075024e-16
-3.2379165e-16
3.6021428e-15
-4.3798357e-15
-5.139244e-15
2.3732682e-15
-4.3037965e-15
1.4534456e-15
-4.0137819e-15
7.9250797e-16
-3.6235376e-15
3.3659623e-16
-3.1992763e-15
3.36945e-17
-2.7844765e-15
-1.5869716e-16
-2.4010946e-15
-2.7362479e-16
-2.0590562e-15
-3.3552367e-16
-1.7605189e-15
-3.6198303e-16
-1.5035954e-15
-3.6537796e-16
-1.2844119e-15
-3.5427088e-16
-1.0984021e-15
-3.3449629e-16
-9.4099355e-16
-3.0997032e-16
-8.079571e-16
-2.8327564e-16
-6.9554965e-16
-2.5607663e-16
-6.0054643e-16
-2.2941028e-16
-5.2021588e-16
-2.0388815e-16
-4.5226931e-16
-1.7983576e-16
-3.9480263e-16
-3.4623913e-16
3.6394908e-15
-3.2054458e-15
-4.8138807e-15
2.6411956e-15
-3.3055013e-15
1.8411296e-15
-3.213716e-15
1.2249904e-15
-3.0073984e-15
7.6656428e-16
-2.7408502e-15
4.3508338e-16
-2.4529956e-15
2.0192191e-16
-2.1679331e-15
4.2611321e-17
-1.8997456e-15
-6.2481378e-17
-1.6554262e-15
-1.2853851e-16
-1.4375383e-15
-1.6697952e-16
-1.2459709e-15
-1.8622693e-16
-1.0791547e-15
-1.9239716e-16
-9.3482332e-16
-1.8987538e-16
-8.1047888e-16
-1.8176867e-16
-7.0365636e-16
-1.7025206e-16
-6.1206305e-16
-1.5682698e-16
-5.3364096e-16
-1.4251157e-16
-4.6658472e-16
-1.2797928e-16
-4.0933492e-16
-3.6055932e-16
3.5057975e-15
-2.318802e-15
-4.3924413e-15
2.7117929e-15
-2.5114967e-15
2.039556e-15
-2.5414791e-15
1.4926835e-15
-2.4605259e-15
1.0619117e-15
-2.3100784e-15
7.3117761e-16
-2.1222615e-15
4.8279101e-16
-1.9195465e-15
2.9992558e-16
-1.7168802e-15
1.6791098e-16
-1.5234116e-15
7.4594097e-17
-1.3442214e-15
1.0260551e-17
-1.1816374e-15
-3.2663349e-17
-1.0362308e-15
-5.9973053e-17
-9.0751362e-16
-7.6040124e-17
-7.9441181e-16
-8.4123819e-17
-6.9557266e-16
-8.6629711e-17
-6.0955715e-16
-8.5316509e-17
-5.3495416e-16
-8.1457454e-17
-4.7044377e-16
-7.5964117e-17
-4.1482825e-16
-3.6704322e-16
3.2845163e-15
-1.655516e-15
-3.9478023e-15
2.6623134e-15
-1.8892938e-15
2.1103684e-15
-1.9895342e-15
1.6402296e-15
-1.990387e-15
1.2522886e-15
-1.9221375e-15
9.4001943e-16
-1.8099923e-15
6.9368588e-16
-1.673213e-15
5.0260089e-16
-1.5257952e-15
3.5651634e-16
-1.377327e-15
2.4630306e-16
-1.2340081e-15
1.6420879e-16
-1.0995431e-15
1.0386191e-16
-9.758839e-16
6.014798e-17
-8.6379969e-16
2.9033314e-17
-7.6329714e-16
7.3795283e-18
-6.7391888e-16
-7.2289652e-18
-5.9494866e-16
-1.6634865e-17
-5.2554826e-16
-2.223293e-17
-4.6484571e-16
-2.507126e-17
-4.1198992e-16
-3.661827e-16
3.0265892e-15
-3.5186908e-15
-1.1634144e-15
2.54452e-15
-1.4072246e-15
2.0987084e-15
-1.5437226e-15
1.70336e-15
-1.5950386e-15
1.3638692e-15
-1.5826466e-15
1.079525e-15
-1.5256481e-15
8.4603056e-16
-1.4397185e-15
6.5729917e-16
-1.3370638e-15
5.0669358e-16
-1.2267214e-15
3.8777287e-16
-1.1150874e-15
2.9469691e-16
-1.0064671e-15
2.2239832e-16
-9.0358532e-16
1.6661333e-16
-8.0801469e-16
1.2383348e-16
-7.2051729e-16
9.1219717e-17
-6.4130512e-16
6.6503837e-17
-5.7023278e-16
4.7891616e-17
-5.0693604e-16
3.3974878e-17
-4.5092897e-16
2.3655353e-17
-4.016704e-16
-3.5860818e-16
1.3241892e-14
1.9418341e-14
-7.1288874e-15
1.7656816e-14
1.5769378e-14
2.0031269e-14
1.1083601e-14
2.0369203e-14
6.0230803e-15
1.8914625e-14
1.1818913e-15
1.6082748e-14
-2.9511919e-15
1.2388475e-14
-6.0381081e-15
8.4568398e-15
-7.8612211e-15
-8.4671154e-15
9.5804549e-15
1.4950998e-14
-5.113112e-15
1.2926937e-14
1.2422896e-14
1.4887599e-14
9.1229384e-15
1.5421258e-14
5.4894214e-15
1.4664393e-14
1.9387561e-15
1.2888646e-14
-1.175445e-15
1.0450417e-14
-3.5998787e-15
7.7707675e-15
-5.1815715e-15
-5.9309054e-15
7.0317846e-15
1.164623e-14
-3.7270161e-15
9.5849459e-15
9.8697344e-15
1.1188082e-14
7.5198018e-15
1.1788341e-14
4.8891624e-15
1.1459403e-14
2.2676943e-15
1.0375594e-14
-9.1635934e-17
8.7772563e-15
-2.0015409e-15
6.9450325e-15
-3.3493478e-15
-4.1251169e-15
5.2347332e-15
9.1701303e-15
-2.7586336e-15
7.1992392e-15
7.9052284e-15
8.5057731e-15
6.2132679e-15
9.1033935e-15
4.291542e-15
9.0294754e-15
2.3416123e-15
8.3941055e-15
5.4373398e-16
7.3568338e-15
-9.6426915e-16
6.1044413e-15
-2.0969553e-15
-2.8345563e-15
3.9508832e-15
7.291001e-15
-2.0717538e-15
5.4769694e-15
6.3791422e-15
6.5425664e-15
5.1476708e-15
7.1033083e-15
3.7308002e-15
7.1758839e-15
2.2690367e-15
6.8287208e-15
8.9089703e-16
6.1666646e-15
-3.0221288e-16
5.3142163e-15
-1.244507e-15
-1.9127813e-15
3.0225854e-15
5.8464413e-15
-1.5780258e-15
4.2203136e-15
5.1814141e-15
5.0922794e-15
4.275705e-15
5.6016005e-15
3.2214791e-15
5.753476e-15
2.1171613e-15
5.5896873e-15
1.0546858e-15
5.1786465e-15
1.0882786e-16
4.6035653e-15
-6.6942576e-16
-1.2570183e-15
2.3438602e-15
-1.2188493e-15
4.7214304e-15
3.2940922e-15
4.2311821e-15
4.0113027e-15
3.5584944e-15
4.4655288e-15
2.767253e-15
4.655852e-15
1.9268381e-15
4.6071998e-15
1.1033379e-15
4.3639517e-15
3.5207594e-16
3.9818765e-15
-2.8735048e-16
-7.9383266e-16
2.1447413e-14
1.6334301e-14
1.2607285e-14
9.8486511e-15
7.7768973e-15
6.1988715e-15
4.9800221e-15
4.1969743e-17
-3.1088386e-16
-5.2293565e-17
3.3595513e-17
-2.8059522e-16
2.675074e-17
-2.545946e-16
2.1099059e-17
-2.3256233e-16
1.6369637e-17
-2.142134e-16
1.2342328e-17
-1.9930109e-16
8.8355167e-18
-1.8761899e-16
5.6960932e-18
-1.7900182e-16
2.7910124e-18
-1.7332573e-16
-1.7050828e-16
7.1166288e-17
-2.9610252e-16
-8.5947635e-17
5.8665422e-17
-2.6809436e-16
4.7998929e-17
-2.4392811e-16
3.8798021e-17
-2.2336143e-16
3.0755628e-17
-2.0617101e-16
2.3613277e-17
-1.9215874e-16
1.7150034e-17
-1.8115575e-16
1.1173107e-17
-1.7302489e-16
5.509734e-18
-1.6766236e-16
-1.6499854e-16
9.8143264e-17
-2.7739081e-16
-1.1685497e-16
8.1949942e-17
-2.5190103e-16
6.7820747e-17
-2.2979892e-16
5.5369573e-17
-2.1091025e-16
4.4265841e-17
-1.9506727e-16
3.4223505e-17
-1.8211641e-16
2.4991454e-17
-1.719237e-16
1.6345118e-17
-1.6437856e-16
8.0790142e-18
-1.5939626e-16
-1.5691953e-16
1.2267528e-16
-2.5526923e-16
-1.4479686e-16
1.0323028e-16
-2.3245604e-16
8.6013202e-17
-2.1258183e-16
7.0632746e-17
-1.955298e-16
5.6745459e-17
-1.8117999e-16
4.4046994e-17
-1.6941794e-16
3.2264204e-17
-1.6014091e-16
2.1147975e-17
-1.5326233e-16
1.0466662e-17
-1.4871494e-16
-1.4645287e-16
1.4461555e-16
-2.3023693e-16
-1.6964784e-16
1.2235294e-16
-2.1019344e-16
1.0242673e-16
-1.9265562e-16
8.4449569e-17
-1.7755264e-16
6.8073498e-17
-1.6480392e-16
5.2983485e-17
-1.5432793e-16
3.8891273e-17
-1.460487e-16
2.5529544e-17
-1.399006e-16
1.2646384e-17
-1.3583178e-16
-1.3380649e-16
1.6387925e-16
-2.0276238e-16
-1.913538e-16
1.3921727e-16
-1.8553145e-16
1.1695602e-16
-1.7039437e-16
9.6718374e-17
-1.5731499e-16
7.8158019e-17
-1.4624356e-16
6.0955137e-17
-1.3712505e-16
4.4811971e-17
-1.2990553e-16
2.9448334e-17
-1.2453696e-16
1.459714e-17
-1.2098059e-16
-1.1920935e-16
1.8043043e-16
-1.7327766e-16
-2.0991516e-16
1.5376525e-16
-1.5886627e-16
1.2953216e-16
-1.4616127e-16
1.0736786e-16
-1.3515069e-16
8.69317e-17
-1.258074e-16
6.7903309e-17
-1.1809666e-16
4.9979707e-17
-1.1198193e-16
3.2872102e-17
-1.0742936e-16
1.6302466e-17
-1.0441095e-16
-1.0290688e-16
1.942648e-16
-2.2536309e-16
-1.4217937e-16
1.6596961e-16
-1.3057109e-16
1.4011468e-16
-1.2030634e-16
1.1635198e-16
-1.11388e-16
9.4348769e-17
-1.0380419e-16
7.3786854e-17
-9.753474e-17
5.4361125e-17
-9.2556202e-17
3.5777478e-17
-8.884571e-17
1.7750357e-17
-8.6383831e-17
-8.5156523e-17
2.6381217e-15
-8.1576726e-16
-2.9857688e-15
2.2831792e-15
-1.0522821e-15
1.9422831e-15
-1.2028266e-15
1.6289742e-15
-1.2817297e-15
1.350443e-15
-1.3041154e-15
1.1090872e-15
-1.2842923e-15
9.0409179e-16
-1.2347231e-15
7.3269805e-16
-1.1656701e-15
5.9116418e-16
-1.0851876e-15
4.7541964e-16
-9.9934289e-16
3.8147871e-16
-9.125262e-16
3.0567389e-16
-8.277805e-16
2.4476616e-16
-7.4710695e-16
1.959761e-16
-6.7172723e-16
1.5696824e-16
-6.0229726e-16
1.2581064e-16
-5.3907518e-16
1.0092388e-16
-4.8204928e-16
8.1028142e-17
-4.3103323e-16
6.50932e-17
-3.8573546e-16
-3.4580854e-16
2.4079368e-15
-5.5885031e-16
-2.6648537e-15
2.1343872e-15
-7.7873257e-16
1.8619609e-15
-9.3040023e-16
1.6031207e-15
-1.0228895e-15
1.3656427e-15
-1.0666374e-15
1.1535032e-15
-1.0721528e-15
9.6788457e-16
-1.0491045e-15
8.080758e-16
-1.0058613e-15
6.7221093e-16
-9.493227e-16
5.5782095e-16
-8.8495291e-16
4.6221922e-16
-8.1692447e-16
3.8275078e-16
-7.4831205e-16
3.1693949e-16
-6.8129566e-16
2.6256312e-16
-6.1735086e-16
2.1768054e-16
-5.5741468e-16
1.8062915e-16
-5.0202379e-16
1.5000535e-16
-4.5142548e-16
1.2463672e-16
-4.056646e-16
1.0355135e-16
-3.6465009e-16
-3.2820483e-16
2.1951686e-15
-3.7121853e-16
-2.3828003e-15
1.9860637e-15
-5.6962773e-16
1.7699861e-15
-7.1432264e-16
1.5578922e-15
-8.1079557e-16
1.3573562e-15
-8.6610135e-16
1.1730283e-15
-8.878249e-16
1.0072463e-15
-8.833225e-16
8.6064577e-16
-8.5926079e-16
7.3270228e-16
-8.2137922e-16
6.2216959e-16
-7.7442022e-16
5.2741082e-16
-7.221657e-16
4.4663313e-16
-6.6753436e-16
3.7804377e-16
-6.127063e-16
3.1994599e-16
-5.5925308e-16
2.7079146e-16
-5.0826016e-16
2.2920295e-16
-4.6043527e-16
1.9397766e-16
-4.1620019e-16
1.6407899e-16
-3.7576593e-16
1.386218e-16
-3.391929e-16
-3.0643799e-16
2.0039314e-15
-2.3634549e-16
-2.1388045e-15
1.8455016e-15
-4.1119789e-16
1.6752236e-15
-5.4404465e-16
1.502474e-15
-6.3804601e-16
1.3342348e-15
-6.9786208e-16
1.1752882e-15
-7.2887834e-16
1.0285649e-15
-7.3659915e-16
8.9553835e-16
-7.2623427e-16
7.7660733e-16
-7.024482e-16
6.7142787e-16
-6.6924077e-16
5.7918246e-16
-6.2992028e-16
4.9878499e-16
-5.8713689e-16
4.2902891e-16
-5.4295022e-16
3.6868828e-16
-4.9891244e-16
3.1658246e-16
-4.5615434e-16
2.7161389e-16
-4.1546671e-16
2.3278686e-16
-3.7737316e-16
1.9921344e-16
-3.4219252e-16
1.7011134e-16
-3.100908e-16
-2.8112351e-16
1.8358511e-15
-1.4151019e-16
-1.9306864e-15
1.7170088e-15
-2.9235559e-16
1.5835574e-15
-4.1059324e-16
1.4433966e-15
-4.9788529e-16
1.3027621e-15
-5.5722758e-16
1.1662654e-15
-5.9238157e-16
1.0370698e-15
-6.0740363e-16
9.1713221e-16
-6.0629664e-16
8.0746016e-16
-5.9277614e-16
7.0835443e-16
-5.7013505e-16
6.1961819e-16
-5.4118405e-16
5.4072707e-16
-5.0824577e-16
4.7096044e-16
-4.7318359e-16
4.0949817e-16
-4.3745017e-16
3.554886e-16
-4.0214476e-16
3.0809387e-16
-3.6807199e-16
2.6651813e-16
-3.3579742e-16
2.3002321e-16
-3.0569759e-16
1.9793564e-16
-2.7800324e-16
-2.5283572e-16
1.691128e-15
-7.6924531e-17
-1.7557136e-15
1.602991e-15
-2.0421859e-16
1.4988359e-15
-3.064382e-16
1.3852681e-15
-3.8431747e-16
1.2677596e-15
-4.3971911e-16
1.150603e-15
-4.7522489e-16
1.0369782e-15
-4.9377886e-16
9.2908758e-16
-4.9840605e-16
8.2832097e-16
-4.9200953e-16
7.3542509e-16
-4.7723916e-16
6.5066055e-16
-4.5641951e-16
5.7393744e-16
-4.3152266e-16
5.0492646e-16
-4.0417261e-16
4.4314614e-16
-3.7566985e-16
3.8802856e-16
-3.4702718e-16
3.3896705e-16
-3.1901048e-16
2.9534932e-16
-2.9217969e-16
2.5657931e-16
-2.6692758e-16
2.2209063e-16
-2.4351455e-16
-2.2209889e-16
1.5691555e-15
-3.5052691e-17
-1.6110273e-15
1.5046261e-15
-1.396892e-16
1.423499e-15
-2.2531113e-16
1.3312932e-15
-2.921116e-16
1.2327752e-15
-3.4120118e-16
1.131868e-15
-3.7431762e-16
1.0316504e-15
-3.9356127e-16
9.3442026e-16
-4.0117594e-16
8.4179254e-16
-3.9938181e-16
7.5481248e-16
-3.902591e-16
6.7406933e-16
-3.7567636e-16
5.9980105e-16
-3.5725439e-16
5.3198539e-16
-3.3635696e-16
4.7041548e-16
-3.1409993e-16
4.1476035e-16
-2.9137205e-16
3.6461171e-16
-2.6886184e-16
3.1951895e-16
-2.4708693e-16
2.790145e-16
-2.2642313e-16
2.4263144e-16
-2.0713149e-16
-1.893826e-16
1.4690359e-15
-1.4940878e-15
-1.0000772e-17
1.422368e-15
-9.3021355e-17
1.3590075e-15
-1.6195063e-16
1.2835955e-15
-2.1669959e-16
1.2002894e-15
-2.5789501e-16
1.1126497e-15
-2.86678e-16
1.0236015e-15
-3.0451298e-16
9.3544858e-16
-3.1302306e-16
8.499257e-16
-3.1385893e-16
7.6826942e-16
-3.0860282e-16
6.9129778e-16
-2.9870472e-16
6.1948918e-16
-2.8544579e-16
5.5305529e-16
-2.6992307e-16
4.9200509e-16
-2.5304973e-16
4.3619889e-16
-2.3556585e-16
3.8539245e-16
-2.180554e-16
3.3927195e-16
-2.0096642e-16
2.9748087e-16
-1.8463206e-16
2.5964022e-16
-1.6929084e-16
-1.5510547e-16
1.7660512e-15
3.8705488e-15
-9.1516953e-16
2.4965052e-15
3.5007281e-15
3.0649866e-15
2.990013e-15
3.4484261e-15
2.3838135e-15
3.6431219e-15
1.7321423e-15
3.6629764e-15
1.0834834e-15
3.5355683e-15
4.7948402e-16
3.2969612e-15
-4.8743408e-17
-4.8264022e-16
1.4212087e-15
3.1834932e-15
-7.341532e-16
2.0196034e-15
2.9023334e-15
2.497811e-15
2.5118054e-15
2.8371778e-15
2.0444467e-15
3.0327765e-15
1.5365436e-15
3.0924067e-15
1.0238533e-15
3.0340577e-15
5.3783296e-16
2.8824104e-15
1.0290388e-16
-2.6508352e-16
1.1586029e-15
2.621659e-15
-5.9676858e-16
1.6543828e-15
2.4065535e-15
2.0599694e-15
2.1062187e-15
2.3602768e-15
1.7441394e-15
2.5500184e-15
1.346802e-15
2.6331662e-15
9.4070546e-16
2.6213228e-15
5.4967637e-16
2.5313751e-15
1.9285158e-16
-1.1650875e-16
9.5732398e-16
2.1561194e-15
-4.9178447e-16
1.3730372e-15
1.9908403e-15
1.7202528e-15
1.7590031e-15
1.9867296e-15
1.4776626e-15
2.1672813e-15
1.1662503e-15
2.2635085e-15
8.4447836e-16
2.2827605e-15
5.3042429e-16
2.2365674e-15
2.3904476e-16
-1.8745875e-17
8.0242765e-16
1.7649017e-15
-4.1120987e-16
1.1555459e-15
1.6377221e-15
1.4559524e-15
1.4585966e-15
1.6936519e-15
1.239963e-15
1.86378e-15
9.9612219e-16
1.9664929e-15
7.4176545e-16
2.0063124e-15
4.9060482e-16
1.9910772e-15
2.5427998e-16
4.1644954e-17
6.8307783e-16
1.4310972e-15
-3.4927336e-16
9.8729709e-16
1.3335028e-15
1.2503364e-15
1.1955574e-15
1.4639592e-15
1.0263401e-15
1.6237054e-15
8.3637599e-16
1.728872e-15
6.3659891e-16
1.7821039e-15
4.3737288e-16
1.7886935e-15
2.4769039e-16
7.4624842e-17
5.913475e-16
1.1415178e-15
-3.0176809e-16
8.5753634e-16
1.067314e-15
1.0909811e-15
9.6211264e-16
1.284809e-15
8.3251212e-16
1.434969e-15
6.8621604e-16
1.5402621e-15
5.3130578e-16
1.6020911e-15
3.7554385e-16
1.6239911e-15
2.257904e-16
8.7588656e-17
5.2165294e-16
-2.6573936e-16
8.8560422e-16
7.5865103e-16
8.3031587e-16
9.6902886e-16
7.5173481e-16
1.1469542e-15
6.5458676e-16
1.2887475e-15
5.4442276e-16
1.3929388e-15
4.2711447e-16
1.4601176e-15
3.0836505e-16
1.4926166e-15
1.9329139e-16
8.6117468e-17
4.0648526e-15
3.3306994e-15
2.7339308e-15
2.2421464e-15
1.8309365e-15
1.4816631e-15
1.179895e-15
9.1415568e-16
6.5846758e-17
-7.6274017e-17
-1.3175211e-16
5.6329031e-17
-1.2105336e-16
4.7607182e-17
-1.1158449e-16
3.9570711e-17
-1.0335153e-16
3.2112749e-17
-9.6346229e-17
2.513013e-17
-9.0552121e-17
1.8523146e-17
-8.5949218e-17
1.2195086e-17
-8.251765e-17
6.0516059e-18
-8.0240351e-17
-7.9104917e-17
4.6245938e-16
-4.6795845e-16
-4.5016993e-18
4.5011449e-16
-8.0676466e-17
4.3234511e-16
-1.4418126e-16
4.1051841e-16
-1.9487288e-16
3.8588451e-16
-2.3326111e-16
3.5953782e-16
-2.603313e-16
3.3239899e-16
-2.7737416e-16
3.0521322e-16
-2.8583729e-16
2.7855981e-16
-2.8720552e-16
2.5286894e-16
-2.8291194e-16
2.2844195e-16
-2.7427773e-16
2.0547269e-16
-2.6247654e-16
1.8406809e-16
-2.4851847e-16
1.6426681e-16
-2.3324845e-16
1.4605557e-16
-2.1735461e-16
1.2938285e-16
-2.0138268e-16
1.1417009e-16
-1.8575367e-16
1.0032064e-16
-1.707826e-16
8.7726586e-17
-1.5669679e-16
-1.436529e-16
1.5897703e-16
-8.0907737e-17
8.0753493e-16
2.3157202e-16
7.5772088e-16
2.9643898e-16
6.8686784e-16
3.5184321e-16
5.9918254e-16
3.9665048e-16
4.9961549e-16
4.3034866e-16
3.9341629e-16
4.5301279e-16
2.8570092e-16
4.6522419e-16
1.8107999e-16
8.3383201e-17
8.3324794e-16
2.0411004e-16
-9.9735833e-17
-2.3612632e-16
1.7480405e-16
-9.1747365e-17
1.47881e-16
-8.4661445e-17
1.2301837e-16
-7.8488894e-17
9.9900777e-17
-7.3228636e-17
7.822102e-17
-6.8872365e-17
5.7680029e-17
-6.5408227e-17
3.7986048e-17
-6.2823669e-17
1.8853252e-17
-6.1107554e-17
-6.0251666e-17
2.1146209e-16
-6.6922347e-17
-2.4427557e-16
1.8133028e-16
-6.1615554e-17
1.5356952e-16
-5.6900687e-17
1.2786861e-16
-5.2787983e-17
1.0391916e-16
-4.9279187e-17
8.1417515e-17
-4.6370721e-17
6.0065496e-17
-4.4056208e-17
3.9570246e-17
-4.232842e-17
1.9643438e-17
-4.1180746e-17
-4.0608228e-17
2.1634602e-16
-3.3589099e-17
-2.4967927e-16
1.8567225e-16
-3.0941783e-17
1.5735899e-16
-2.8587429e-17
1.3110307e-16
-2.6532067e-17
1.066012e-16
-2.4777314e-17
8.3552457e-17
-2.3321977e-17
6.165958e-17
-2.2163331e-17
4.0629269e-17
-2.1298109e-17
2.0171779e-17
-2.0723255e-17
-2.043645e-17
2.1878172e-16
-2.5237081e-16
1.8783993e-16
1.592525e-16
1.3272044e-16
1.0794312e-16
8.4621145e-17
6.2457814e-17
4.1159705e-17
2.043645e-17
1.340701e-15
4.9231335e-18
-1.3501258e-15
1.3113443e-15
-5.1319805e-17
1.2658235e-15
-9.8660462e-17
1.2078407e-15
-1.3689004e-16
1.1408531e-15
-1.6627353e-16
1.0679535e-15
-1.8743166e-16
9.9180363e-16
-2.0122432e-16
9.1461227e-16
-2.0864593e-16
8.3814535e-16
-2.1073859e-16
7.6375891e-16
-2.085255e-16
6.9244509e-16
-2.0296391e-16
6.2488406e-16
-1.9491552e-16
5.6149676e-16
-1.8513116e-16
5.0249475e-16
-1.7424644e-16
4.4792523e-16
-1.627851e-16
3.9771016e-16
-1.511676e-16
3.5167906e-16
-1.3972257e-16
3.0959597e-16
-1.2869951e-16
2.7118087e-16
-1.1828169e-16
-1.0859835e-16
1.2891349e-15
7.0801616e-18
-1.2912919e-15
1.2677942e-15
-2.9979102e-17
1.2305147e-15
-6.1381011e-17
1.1805667e-15
-8.6941981e-17
1.1210793e-15
-1.0678621e-16
1.0549215e-15
-1.2127383e-16
9.8462554e-16
-1.3092835e-16
9.123497e-16
-1.3637009e-16
8.3987109e-16
-1.3825998e-16
7.6860086e-16
-1.3725527e-16
6.9961448e-16
-1.3397753e-16
6.3369069e-16
-1.2899172e-16
5.7135398e-16
-1.2279446e-16
5.1291727e-16
-1.1580972e-16
4.5852193e-16
-1.0838976e-16
4.0817408e-16
-1.0081975e-16
3.6177607e-16
-9.3324567e-17
3.1915318e-16
-8.6076617e-17
2.800755e-16
-7.9204011e-17
-7.2798424e-17
1.2551398e-15
4.6456831e-18
-1.2527053e-15
1.238911e-15
-1.3750372e-17
1.2069292e-15
-2.9399153e-17
1.1621836e-15
-4.2196399e-17
1.1075866e-15
-5.2189218e-17
1.0458549e-15
-5.9542155e-17
9.7942899e-16
-6.4502414e-17
9.1042649e-16
-6.7367594e-17
8.4062455e-16
-6.8458046e-17
7.7146417e-16
-6.8094887e-17
7.0407045e-16
-6.6583814e-17
6.3928302e-16
-6.4204286e-17
5.7769184e-16
-6.1203285e-17
5.1967484e-16
-5.7792715e-17
4.654346e-16
-5.4149516e-17
4.1503248e-16
-5.0417636e-17
3.6841908e-16
-4.6711167e-17
3.2546055e-16
-4.3118086e-17
2.8596073e-16
-3.9704194e-17
-3.651696e-17
1.2382727e-15
-1.233627e-15
1.2245223e-15
1.1951232e-15
1.1529268e-15
1.1007376e-15
1.0411954e-15
9.76693e-16
9.0932541e-16
8.4086736e-16
7.7277247e-16
7.0618866e-16
6.4198437e-16
5.8078109e-16
5.2298837e-16
4.6883886e-16
4.1842122e-16
3.7171005e-16
3.2859197e-16
2.8888777e-16
4.4672424e-16
5.8794572e-16
-2.2713502e-16
6.5173202e-16
5.527131e-16
8.3608806e-16
5.025118e-16
9.9503953e-16
4.4023107e-16
1.1253691e-15
3.6928592e-16
1.2254662e-15
2.933192e-16
1.295258e-15
2.1590913e-16
1.3360236e-15
1.403144e-16
6.9280956e-17
4.1492854e-16
3.8376359e-16
-2.1074641e-16
6.0639728e-16
3.6124436e-16
7.7979193e-16
3.2911716e-16
9.3083411e-16
2.8918889e-16
1.0565179e-15
2.436021e-16
1.1551849e-15
1.9465226e-16
1.226487e-15
1.4460697e-16
1.2712544e-15
9.5546984e-17
4.9243501e-17
3.9453142e-16
1.8947232e-16
-2.0024015e-16
5.7728191e-16
1.7849386e-16
7.4357954e-16
1.6281953e-16
8.8944986e-16
1.4331856e-16
1.0120283e-15
1.2102369e-16
1.1096363e-15
9.7044229e-17
1.1817635e-15
7.2479809e-17
1.2289665e-15
4.8343979e-17
2.5504685e-17
3.8459868e-16
-1.9512636e-16
5.6309254e-16
7.2591207e-16
8.6923063e-16
9.9025433e-16
1.0872986e-15
1.1597784e-15
1.2081223e-15
6.0611292e-16
3.953665e-16
1.9512636e-16
)
;

boundaryField
{
    needle_inlet_left
    {
        type            calculated;
        value           uniform 0;
    }
    needle_inlet_right
    {
        type            calculated;
        value           uniform 0;
    }
    needle_outlet_left
    {
        type            calculated;
        value           uniform 0;
    }
    needle_outlet_right
    {
        type            calculated;
        value           uniform 0;
    }
    sclera_left_lower
    {
        type            calculated;
        value           uniform 0;
    }
    sclera_left_upper
    {
        type            calculated;
        value           uniform 0;
    }
    sclera_right
    {
        type            calculated;
        value           uniform 0;
    }
    sclera_right_upper
    {
        type            calculated;
        value           uniform 0;
    }
    sclera_top
    {
        type            calculated;
        value           uniform 0;
    }
    cornea_fsi
    {
        type            calculated;
        value           uniform 0;
    }
    lens_bottom
    {
        type            calculated;
        value           uniform 0;
    }
    lens_bottom_left
    {
        type            calculated;
        value           uniform 0;
    }
    lens_right
    {
        type            calculated;
        value           uniform 0;
    }
    lens_left
    {
        type            calculated;
        value           uniform 0;
    }
    lens_top
    {
        type            calculated;
        value           uniform 0;
    }
    lens_top_left
    {
        type            calculated;
        value           uniform 0;
    }
    iris_bottom
    {
        type            calculated;
        value           uniform 0;
    }
    iris_pupil
    {
        type            calculated;
        value           uniform 0;
    }
    iris_pupil_left
    {
        type            calculated;
        value           uniform 0;
    }
    iris_top
    {
        type            calculated;
        value           uniform 0;
    }
    tm_limbus_wall
    {
        type            calculated;
        value           uniform 0;
    }
    ac_inlet
    {
        type            calculated;
        value           nonuniform List<scalar> 5(-5.2188234e-12 -5.2188234e-12 -4.8709022e-12 -4.8709012e-12 -4.8709022e-12);
    }
    ac_inlet_left
    {
        type            calculated;
        value           nonuniform List<scalar> 5(-5.2188234e-12 -5.2188234e-12 -4.8709022e-12 -4.8709012e-12 -4.8709022e-12);
    }
    outlet_tm
    {
        type            calculated;
        value           nonuniform List<scalar> 4(6.2625879e-12 6.2625883e-12 6.2625883e-12 6.2625879e-12);
    }
    outlet_tm_left
    {
        type            calculated;
        value           nonuniform List<scalar> 4(6.2625879e-12 6.2625883e-12 6.2625883e-12 6.2625879e-12);
    }
    front
    {
        type            empty;
    }
    back
    {
        type            empty;
    }
    defaultFaces
    {
        type            calculated;
        value           uniform 0;
    }
    needle_int_inlet_master
    {
        type            calculated;
        value           uniform 0;
    }
    needle_int_inlet_slave
    {
        type            calculated;
        value           uniform 0;
    }
    needle_int_outlet_master
    {
        type            calculated;
        value           uniform 0;
    }
    needle_int_outlet_slave
    {
        type            calculated;
        value           uniform 0;
    }
}


// ************************************************************************* //
