/*--------------------------------*- C++ -*----------------------------------*\
| =========                 |                                                 |
| \\      /  F ield         | OpenFOAM: The Open Source CFD Toolbox           |
|  \\    /   O peration     | Version:  2512                                  |
|   \\  /    A nd           | Website:  www.openfoam.com                      |
|    \\/     M anipulation  |                                                 |
\*---------------------------------------------------------------------------*/
FoamFile
{
    version     2.0;
    format      ascii;
    arch        "LSB;label=32;scalar=64";
    class       volVectorField;
    location    "24.5";
    object      D;
}
// * * * * * * * * * * * * * * * * * * * * * * * * * * * * * * * * * * * * * //

dimensions      [0 1 0 0 0 0 0];

internalField   nonuniform List<vector> 
1196
(
(-3.8470824e-06 -2.9308332e-06 0)
(-5.2318896e-06 -1.2301263e-05 0)
(-6.3923675e-06 -2.7201012e-05 0)
(-7.3101705e-06 -4.6686012e-05 0)
(-8.0013907e-06 -6.9845183e-05 0)
(-8.4798507e-06 -9.5807077e-05 0)
(-8.7593415e-06 -0.00012375066 0)
(-8.8536051e-06 -0.00015290831 0)
(-8.7763699e-06 -0.00018256683 0)
(-8.5413589e-06 -0.00021206775 0)
(-8.162294e-06 -0.00024080744 0)
(-7.652896e-06 -0.00026823713 0)
(-7.026885e-06 -0.00029386293 0)
(-6.2979809e-06 -0.00031724585 0)
(-5.479903e-06 -0.00033800173 0)
(-4.5863705e-06 -0.00035580133 0)
(-3.6311025e-06 -0.00037037026 0)
(-2.6278182e-06 -0.00038148903 0)
(-1.5902366e-06 -0.000388993 0)
(-5.3207673e-07 -0.00039277242 0)
(5.3294263e-07 -0.00039277242 0)
(1.5911027e-06 -0.000388993 0)
(2.6286848e-06 -0.00038148904 0)
(3.6319697e-06 -0.00037037027 0)
(4.5872383e-06 -0.00035580134 0)
(5.4807715e-06 -0.00033800173 0)
(6.2988499e-06 -0.00031724584 0)
(7.0277543e-06 -0.00029386292 0)
(7.6537653e-06 -0.00026823711 0)
(8.1631631e-06 -0.00024080741 0)
(8.5422274e-06 -0.00021206771 0)
(8.7772375e-06 -0.00018256679 0)
(8.8544719e-06 -0.00015290827 0)
(8.7602074e-06 -0.00012375062 0)
(8.480716e-06 -9.5807047e-05 0)
(8.0022557e-06 -6.9845161e-05 0)
(7.3110357e-06 -4.6686e-05 0)
(6.3932334e-06 -2.7201007e-05 0)
(5.2327567e-06 -1.2301263e-05 0)
(3.8479509e-06 -2.930833e-06 0)
(-1.020263e-06 -2.9665755e-06 0)
(5.7568744e-07 -1.2348046e-05 0)
(1.9756303e-06 -2.7251588e-05 0)
(3.1419076e-06 -4.6737799e-05 0)
(4.0845279e-06 -6.9897363e-05 0)
(4.8153346e-06 -9.5859384e-05 0)
(5.3474784e-06 -0.00012380301 0)
(5.6944944e-06 -0.00015296067 0)
(5.8700435e-06 -0.00018261919 0)
(5.8878275e-06 -0.00021212012 0)
(5.7615608e-06 -0.0002408598 0)
(5.5049622e-06 -0.0002682895 0)
(5.1317511e-06 -0.0002939153 0)
(4.655647e-06 -0.00031729821 0)
(4.0903692e-06 -0.0003380541 0)
(3.4496368e-06 -0.0003558537 0)
(2.747169e-06 -0.00037042263 0)
(1.9966847e-06 -0.0003815414 0)
(1.2119033e-06 -0.00038904537 0)
(4.0654347e-07 -0.00039282479 0)
(-4.0567577e-07 -0.00039282479 0)
(-1.2110357e-06 -0.00038904537 0)
(-1.9958175e-06 -0.0003815414 0)
(-2.7463022e-06 -0.00037042264 0)
(-3.4487707e-06 -0.0003558537 0)
(-4.0895037e-06 -0.0003380541 0)
(-4.654782e-06 -0.00031729821 0)
(-5.1308863e-06 -0.00029391529 0)
(-5.5040973e-06 -0.00026828947 0)
(-5.7606955e-06 -0.00024085977 0)
(-5.8869615e-06 -0.00021212008 0)
(-5.8691767e-06 -0.00018261915 0)
(-5.6936267e-06 -0.00015296063 0)
(-5.34661e-06 -0.00012380297 0)
(-4.8144655e-06 -9.5859354e-05 0)
(-4.0836586e-06 -6.9897341e-05 0)
(-3.1410385e-06 -4.6737787e-05 0)
(-1.9747617e-06 -2.7251583e-05 0)
(-5.7481982e-07 -1.2348046e-05 0)
(1.0211293e-06 -2.9665753e-06 0)
(0.00010135383 -0.0012221268 0)
(0.00010371476 -0.0011741284 0)
(0.00010512122 -0.0011227266 0)
(0.00010612803 -0.0010707529 0)
(0.0001069512 -0.0010184492 0)
(0.00010762206 -0.00096585448 0)
(0.00010812282 -0.00091302168 0)
(0.00010842432 -0.00086002908 0)
(0.00010849554 -0.00080697424 0)
(0.00010830546 -0.00075397062 0)
(0.00010782321 -0.0007011463 0)
(0.00010701799 -0.00064864369 0)
(0.00010585903 -0.00059661946 0)
(0.00010431558 -0.00054524448 0)
(0.00010235687 -0.00049470389 0)
(9.995215e-05 -0.00044519705 0)
(9.7070653e-05 -0.00039693759 0)
(9.3681627e-05 -0.00035015337 0)
(8.9754339e-05 -0.00030508653 0)
(8.5258157e-05 -0.0002619935 0)
(8.0162787e-05 -0.00022114493 0)
(7.4438959e-05 -0.00018282495 0)
(6.8059864e-05 -0.00014732734 0)
(6.1002435e-05 -0.00011494039 0)
(5.3231266e-05 -8.5893789e-05 0)
(4.4728332e-05 -6.0616016e-05 0)
(7.9545227e-05 -0.0012234698 0)
(8.0007799e-05 -0.0011743728 0)
(8.0544115e-05 -0.0011230414 0)
(8.1223003e-05 -0.0010710833 0)
(8.1872145e-05 -0.0010187655 0)
(8.2424654e-05 -0.00096614453 0)
(8.2847259e-05 -0.00091327837 0)
(8.3114416e-05 -0.00086024646 0)
(8.3202044e-05 -0.00080714663 0)
(8.308626e-05 -0.00075409238 0)
(8.2743174e-05 -0.00070121181 0)
(8.2148878e-05 -0.00064864733 0)
(8.1279452e-05 -0.0005965556 0)
(8.0110975e-05 -0.0005451075 0)
(7.8619522e-05 -0.00049448817 0)
(7.678117e-05 -0.00044489696 0)
(7.4571995e-05 -0.00039654751 0)
(7.1968075e-05 -0.00034966767 0)
(6.8945481e-05 -0.00030449958 0)
(6.5480253e-05 -0.00026129966 0)
(6.1548295e-05 -0.00022033853 0)
(5.7125041e-05 -0.0001819003 0)
(5.2184571e-05 -0.00014627921 0)
(4.6698604e-05 -0.00011376828 0)
(4.0647504e-05 -8.4643558e-05 0)
(3.402922e-05 -5.932295e-05 0)
(5.5670741e-05 -0.001224296 0)
(5.5745803e-05 -0.0011744638 0)
(5.5933494e-05 -0.001123244 0)
(5.6368129e-05 -0.0010713598 0)
(5.6858295e-05 -0.0010190537 0)
(5.7302775e-05 -0.00096641895 0)
(5.7659234e-05 -0.00091352883 0)
(5.7905024e-05 -0.00086046749 0)
(5.802235e-05 -0.00080733385 0)
(5.7994233e-05 -0.00075424159 0)
(5.78037e-05 -0.00070131883 0)
(5.7433716e-05 -0.00064870794 0)
(5.6867207e-05 -0.00059656559 0)
(5.608709e-05 -0.00054506265 0)
(5.5076277e-05 -0.00049438425 0)
(5.3817679e-05 -0.00044472977 0)
(5.2294208e-05 -0.00039631282 0)
(5.0488768e-05 -0.00034936126 0)
(4.8384227e-05 -0.00030411718 0)
(4.5963318e-05 -0.00026083693 0)
(4.3208365e-05 -0.00021979091 0)
(4.0100754e-05 -0.00018126298 0)
(3.6621048e-05 -0.00014554849 0)
(3.2755966e-05 -0.00011295136 0)
(2.8536994e-05 -8.3799835e-05 0)
(2.4146024e-05 -5.8679902e-05 0)
(3.0993362e-05 -0.0012248614 0)
(3.1089966e-05 -0.0011745798 0)
(3.1218824e-05 -0.001123423 0)
(3.1520909e-05 -0.0010716074 0)
(3.1885377e-05 -0.0010193219 0)
(3.2234584e-05 -0.0009666822 0)
(3.25341e-05 -0.00091377713 0)
(3.2767634e-05 -0.00086069629 0)
(3.2924018e-05 -0.00080754008 0)
(3.2993063e-05 -0.00075442246 0)
(3.2964629e-05 -0.00070147155 0)
(3.2828514e-05 -0.00064882973 0)
(3.2574484e-05 -0.00059665362 0)
(3.2192289e-05 -0.00054511413 0)
(3.1671677e-05 -0.00049439636 0)
(3.1002394e-05 -0.00044469969 0)
(3.0174186e-05 -0.00039623774 0)
(2.9176786e-05 -0.00034923835 0)
(2.7999884e-05 -0.00030394357 0)
(2.6633025e-05 -0.00026060964 0)
(2.5065357e-05 -0.00021950675 0)
(2.3285344e-05 -0.00018091875 0)
(2.1281854e-05 -0.00014514349 0)
(1.9053184e-05 -0.0001124986 0)
(1.6639579e-05 -8.33561e-05 0)
(1.4146565e-05 -5.8301254e-05 0)
(6.0574699e-06 -0.00122525 0)
(6.2373858e-06 -0.0011747622 0)
(6.4221027e-06 -0.0011236288 0)
(6.6654506e-06 -0.0010718504 0)
(6.9333875e-06 -0.0010195788 0)
(7.1981285e-06 -0.00096693827 0)
(7.4468052e-06 -0.00091402613 0)
(7.6735416e-06 -0.00086093559 0)
(7.8745428e-06 -0.00080776809 0)
(8.0464193e-06 -0.00075463778 0)
(8.1858006e-06 -0.00070167279 0)
(8.2892896e-06 -0.0006490155 0)
(8.3534745e-06 -0.00059682252 0)
(8.3749387e-06 -0.00054526474 0)
(8.3502641e-06 -0.00049452729 0)
(8.2760321e-06 -0.00044480953 0)
(8.1488219e-06 -0.00039632507 0)
(7.9652045e-06 -0.00034930175 0)
(7.721727e-06 -0.00030398161 0)
(7.4148677e-06 -0.00026062078 0)
(7.0409469e-06 -0.00021948936 0)
(6.5960814e-06 -0.00018087136 0)
(6.0768889e-06 -0.00014506671 0)
(5.4845882e-06 -0.00011240189 0)
(4.8365329e-06 -8.3268248e-05 0)
(4.1659407e-06 -5.8231539e-05 0)
(-1.8943715e-05 -0.0012254991 0)
(-1.8672924e-05 -0.0011750141 0)
(-1.8403696e-05 -0.0011238811 0)
(-1.8194712e-05 -0.0010721023 0)
(-1.8012298e-05 -0.0010198303 0)
(-1.7827861e-05 -0.00096718957 0)
(-1.7627871e-05 -0.00091427733 0)
(-1.7406108e-05 -0.00086118675 0)
(-1.7158644e-05 -0.00080801925 0)
(-1.6882049e-05 -0.00075488894 0)
(-1.6572947e-05 -0.00070192395 0)
(-1.6227943e-05 -0.00064926666 0)
(-1.5843631e-05 -0.00059707368 0)
(-1.5416595e-05 -0.0005455159 0)
(-1.494342e-05 -0.00049477845 0)
(-1.4420689e-05 -0.00044506069 0)
(-1.3844988e-05 -0.00039657623 0)
(-1.3212904e-05 -0.0003495529 0)
(-1.2521014e-05 -0.00030423273 0)
(-1.176585e-05 -0.00026087188 0)
(-1.0943791e-05 -0.00021974044 0)
(-1.0050926e-05 -0.00018112253 0)
(-9.0834882e-06 -0.00014531824 0)
(-8.0413415e-06 -0.00011265449 0)
(-6.9384893e-06 -8.3523203e-05 0)
(-5.8020977e-06 -5.8489979e-05 0)
(-4.3878888e-05 -0.0012256083 0)
(-4.3524134e-05 -0.0011753356 0)
(-4.3199152e-05 -0.0011241799 0)
(-4.3049508e-05 -0.001072363 0)
(-4.2964062e-05 -0.0010200764 0)
(-4.2864282e-05 -0.00096743607 0)
(-4.2715185e-05 -0.00091453072 0)
(-4.2500225e-05 -0.00086144978 0)
(-4.2208135e-05 -0.00080829355 0)
(-4.1828701e-05 -0.00075517593 0)
(-4.1351778e-05 -0.00070222503 0)
(-4.0767169e-05 -0.00064958321 0)
(-4.0064641e-05 -0.0005974071 0)
(-3.9233946e-05 -0.00054586761 0)
(-3.8264834e-05 -0.00049514984 0)
(-3.7147052e-05 -0.00044545317 0)
(-3.587035e-05 -0.00039699121 0)
(-3.4424473e-05 -0.00034999178 0)
(-3.2799134e-05 -0.00030469696 0)
(-3.0983916e-05 -0.00026136296 0)
(-2.8968015e-05 -0.00022026003 0)
(-2.673988e-05 -0.00018167225 0)
(-2.4288114e-05 -0.00014589801 0)
(-2.161006e-05 -0.00011325609 0)
(-1.8743822e-05 -8.4120099e-05 0)
(-1.5792098e-05 -5.9074863e-05 0)
(-6.8552584e-05 -0.0012255395 0)
(-6.8176212e-05 -0.001175724 0)
(-6.7911204e-05 -0.0011245053 0)
(-6.789557e-05 -0.0010726189 0)
(-6.7936644e-05 -0.0010203111 0)
(-6.793245e-05 -0.00096767532 0)
(-6.784037e-05 -0.00091478479 0)
(-6.7637661e-05 -0.00086172331 0)
(-6.7306495e-05 -0.00080858963 0)
(-6.6829884e-05 -0.00075549738 0)
(-6.6190855e-05 -0.00070257462 0)
(-6.5372373e-05 -0.00064996374 0)
(-6.4357365e-05 -0.00059782139 0)
(-6.3128748e-05 -0.00054631845 0)
(-6.1669435e-05 -0.00049564006 0)
(-5.9962338e-05 -0.00044598557 0)
(-5.799037e-05 -0.0003975686 0)
(-5.5736438e-05 -0.00035061699 0)
(-5.3183417e-05 -0.00030537285 0)
(-5.0314054e-05 -0.00026209249 0)
(-4.7110685e-05 -0.00022104642 0)
(-4.3554694e-05 -0.0001825188 0)
(-3.9626541e-05 -0.0001468058 0)
(-3.5312551e-05 -0.00011421301 0)
(-3.064362e-05 -8.5070691e-05 0)
(-2.5805137e-05 -5.9963409e-05 0)
(-9.241494e-05 -0.0012252068 0)
(-9.2430048e-05 -0.0011761377 0)
(-9.2518057e-05 -0.0011248066 0)
(-9.2749218e-05 -0.0010728454 0)
(-9.2950267e-05 -0.0010205253 0)
(-9.3054389e-05 -0.0009679033 0)
(-9.3028489e-05 -0.00091503668 0)
(-9.2847117e-05 -0.0008620046 0)
(-9.2486223e-05 -0.00080890473 0)
(-9.1921926e-05 -0.00075585048 0)
(-9.1130335e-05 -0.00070296992 0)
(-9.0087537e-05 -0.00065040545 0)
(-8.8769611e-05 -0.00059831372 0)
(-8.7152634e-05 -0.00054686563 0)
(-8.5212683e-05 -0.00049624629 0)
(-8.2925832e-05 -0.00044665508 0)
(-8.0268157e-05 -0.0003983056 0)
(-7.7215731e-05 -0.00035142572 0)
(-7.3744612e-05 -0.00030625755 0)
(-6.9830817e-05 -0.00026305751 0)
(-6.5450208e-05 -0.00022209634 0)
(-6.057817e-05 -0.00018365848 0)
(-5.5188774e-05 -0.00014803916 0)
(-4.9253805e-05 -0.00011553343 0)
(-4.2753707e-05 -8.6419447e-05 0)
(-3.5691692e-05 -6.1106997e-05 0)
(-0.00011418162 -0.0012243523 0)
(-0.00011612233 -0.0011763958 0)
(-0.00011709152 -0.001124994 0)
(-0.00011765369 -0.0010730172 0)
(-0.00011802947 -0.0010207113 0)
(-0.000118252 -0.00096811558 0)
(-0.00011830419 -0.00091528232 0)
(-0.00011815709 -0.00086228955 0)
(-0.00011777975 -0.00080923467 0)
(-0.00011714114 -0.00075623104 0)
(-0.00011621037 -0.00070340673 0)
(-0.00011495664 -0.00065090413 0)
(-0.00011334919 -0.0005988799 0)
(-0.00011135724 -0.00054750492 0)
(-0.00010895004 -0.00049696433 0)
(-0.00010609682 -0.00044745749 0)
(-0.00010276682 -0.00039919801 0)
(-9.8929284e-05 -0.00035241374 0)
(-9.4553444e-05 -0.00030734683 0)
(-8.9608603e-05 -0.0002642537 0)
(-8.4064347e-05 -0.00022340512 0)
(-7.7891232e-05 -0.00018508558 0)
(-7.1062356e-05 -0.00014958988 0)
(-6.3555194e-05 -0.00011720847 0)
(-5.5337455e-05 -8.8173385e-05 0)
(-4.6401082e-05 -6.2890426e-05 0)
(3.6119518e-05 -4.1691308e-05 0)
(2.7147435e-05 -2.5124022e-05 0)
(1.7074739e-05 -1.2356906e-05 0)
(6.3017392e-06 -4.1540147e-06 0)
(2.8153566e-05 -4.0292508e-05 0)
(2.060124e-05 -2.3403531e-05 0)
(1.2552405e-05 -1.0566808e-05 0)
(3.8786228e-06 -2.2929999e-06 0)
(1.9636325e-05 -3.9056681e-05 0)
(1.4314429e-05 -2.2099961e-05 0)
(8.5677709e-06 -9.252273e-06 0)
(2.5212764e-06 -1.2424303e-06 0)
(1.1451789e-05 -3.829837e-05 0)
(8.3374872e-06 -2.1307661e-05 0)
(4.9711729e-06 -8.4638033e-06 0)
(1.4677658e-06 -6.8462386e-07 0)
(3.4199822e-06 -3.8045534e-05 0)
(2.5448916e-06 -2.1033015e-05 0)
(1.5755044e-06 -8.1782053e-06 0)
(5.0824693e-07 -4.7674323e-07 0)
(-4.5724707e-06 -3.8304843e-05 0)
(-3.1989112e-06 -2.1280457e-05 0)
(-1.7689279e-06 -8.3794479e-06 0)
(-4.3105329e-07 -5.6513185e-07 0)
(-1.2628511e-05 -3.9074796e-05 0)
(-9.0281742e-06 -2.2051272e-05 0)
(-5.2002297e-06 -9.0742672e-06 0)
(-1.3998437e-06 -9.5784668e-07 0)
(-2.0860203e-05 -4.0345023e-05 0)
(-1.5079426e-05 -2.334236e-05 0)
(-8.879081e-06 -1.0291477e-05 0)
(-2.4840774e-06 -1.7277917e-06 0)
(-2.9447431e-05 -4.2081893e-05 0)
(-2.1474737e-05 -2.5145038e-05 0)
(-1.3015621e-05 -1.2062292e-05 0)
(-3.9415214e-06 -3.0492264e-06 0)
(-3.746494e-05 -4.3966822e-05 0)
(-2.8139822e-05 -2.7354452e-05 0)
(-1.7778626e-05 -1.4321538e-05 0)
(-6.7206012e-06 -5.304745e-06 0)
(-4.4728333e-05 -6.0616017e-05 0)
(-5.3231267e-05 -8.589379e-05 0)
(-6.1002436e-05 -0.00011494039 0)
(-6.8059865e-05 -0.00014732734 0)
(-7.443896e-05 -0.00018282495 0)
(-8.0162788e-05 -0.00022114493 0)
(-8.5258158e-05 -0.00026199351 0)
(-8.975434e-05 -0.00030508654 0)
(-9.3681627e-05 -0.00035015338 0)
(-9.7070654e-05 -0.0003969376 0)
(-9.995215e-05 -0.00044519706 0)
(-0.00010235687 -0.00049470389 0)
(-0.00010431558 -0.00054524448 0)
(-0.00010585903 -0.00059661946 0)
(-0.00010701799 -0.0006486437 0)
(-0.00010782321 -0.0007011463 0)
(-0.00010830546 -0.00075397062 0)
(-0.00010849554 -0.00080697425 0)
(-0.00010842432 -0.00086002908 0)
(-0.00010812282 -0.00091302169 0)
(-0.00010762206 -0.00096585448 0)
(-0.0001069512 -0.0010184492 0)
(-0.00010612803 -0.0010707529 0)
(-0.00010512122 -0.0011227266 0)
(-0.00010371476 -0.0011741284 0)
(-0.00010135383 -0.0012221268 0)
(-3.4029221e-05 -5.9322951e-05 0)
(-4.0647504e-05 -8.4643559e-05 0)
(-4.6698605e-05 -0.00011376828 0)
(-5.2184572e-05 -0.00014627921 0)
(-5.7125042e-05 -0.00018190031 0)
(-6.1548296e-05 -0.00022033854 0)
(-6.5480253e-05 -0.00026129967 0)
(-6.8945481e-05 -0.00030449958 0)
(-7.1968075e-05 -0.00034966767 0)
(-7.4571995e-05 -0.00039654751 0)
(-7.678117e-05 -0.00044489697 0)
(-7.8619522e-05 -0.00049448817 0)
(-8.0110975e-05 -0.00054510751 0)
(-8.1279452e-05 -0.00059655561 0)
(-8.2148878e-05 -0.00064864734 0)
(-8.2743174e-05 -0.00070121182 0)
(-8.3086259e-05 -0.00075409238 0)
(-8.3202043e-05 -0.00080714663 0)
(-8.3114415e-05 -0.00086024646 0)
(-8.2847258e-05 -0.00091327838 0)
(-8.2424654e-05 -0.00096614453 0)
(-8.1872145e-05 -0.0010187655 0)
(-8.1223004e-05 -0.0010710833 0)
(-8.0544115e-05 -0.0011230414 0)
(-8.00078e-05 -0.0011743728 0)
(-7.9545228e-05 -0.0012234698 0)
(-2.4146024e-05 -5.8679903e-05 0)
(-2.8536995e-05 -8.3799837e-05 0)
(-3.2755967e-05 -0.00011295136 0)
(-3.6621049e-05 -0.00014554849 0)
(-4.0100755e-05 -0.00018126298 0)
(-4.3208366e-05 -0.00021979092 0)
(-4.5963319e-05 -0.00026083694 0)
(-4.8384228e-05 -0.00030411719 0)
(-5.0488769e-05 -0.00034936126 0)
(-5.2294209e-05 -0.00039631283 0)
(-5.3817679e-05 -0.00044472978 0)
(-5.5076277e-05 -0.00049438426 0)
(-5.608709e-05 -0.00054506265 0)
(-5.6867206e-05 -0.00059656559 0)
(-5.7433715e-05 -0.00064870795 0)
(-5.7803699e-05 -0.00070131883 0)
(-5.7994232e-05 -0.0007542416 0)
(-5.8022349e-05 -0.00080733385 0)
(-5.7905023e-05 -0.00086046749 0)
(-5.7659233e-05 -0.00091352884 0)
(-5.7302775e-05 -0.00096641895 0)
(-5.6858295e-05 -0.0010190538 0)
(-5.6368129e-05 -0.0010713598 0)
(-5.5933494e-05 -0.001123244 0)
(-5.5745804e-05 -0.0011744638 0)
(-5.5670742e-05 -0.001224296 0)
(-1.4146566e-05 -5.8301255e-05 0)
(-1.663958e-05 -8.3356101e-05 0)
(-1.9053184e-05 -0.0001124986 0)
(-2.1281855e-05 -0.00014514349 0)
(-2.3285345e-05 -0.00018091875 0)
(-2.5065358e-05 -0.00021950675 0)
(-2.6633025e-05 -0.00026060965 0)
(-2.7999884e-05 -0.00030394358 0)
(-2.9176786e-05 -0.00034923835 0)
(-3.0174186e-05 -0.00039623774 0)
(-3.1002394e-05 -0.0004446997 0)
(-3.1671677e-05 -0.00049439636 0)
(-3.2192289e-05 -0.00054511413 0)
(-3.2574483e-05 -0.00059665363 0)
(-3.2828513e-05 -0.00064882973 0)
(-3.2964627e-05 -0.00070147156 0)
(-3.2993062e-05 -0.00075442247 0)
(-3.2924017e-05 -0.00080754009 0)
(-3.2767633e-05 -0.00086069629 0)
(-3.2534099e-05 -0.00091377713 0)
(-3.2234583e-05 -0.0009666822 0)
(-3.1885377e-05 -0.0010193219 0)
(-3.1520909e-05 -0.0010716074 0)
(-3.1218825e-05 -0.001123423 0)
(-3.1089966e-05 -0.0011745798 0)
(-3.0993363e-05 -0.0012248615 0)
(-4.1659413e-06 -5.8231539e-05 0)
(-4.8365335e-06 -8.3268248e-05 0)
(-5.4845889e-06 -0.00011240189 0)
(-6.0768896e-06 -0.00014506671 0)
(-6.5960821e-06 -0.00018087136 0)
(-7.0409476e-06 -0.00021948936 0)
(-7.4148683e-06 -0.00026062078 0)
(-7.7217275e-06 -0.00030398161 0)
(-7.9652048e-06 -0.00034930176 0)
(-8.148822e-06 -0.00039632508 0)
(-8.2760321e-06 -0.00044480953 0)
(-8.3502638e-06 -0.00049452729 0)
(-8.3749381e-06 -0.00054526475 0)
(-8.3534737e-06 -0.00059682252 0)
(-8.2892886e-06 -0.0006490155 0)
(-8.1857994e-06 -0.0007016728 0)
(-8.046418e-06 -0.00075463779 0)
(-7.8745415e-06 -0.00080776809 0)
(-7.6735404e-06 -0.00086093559 0)
(-7.4468042e-06 -0.00091402613 0)
(-7.1981277e-06 -0.00096693828 0)
(-6.933387e-06 -0.0010195788 0)
(-6.6654505e-06 -0.0010718504 0)
(-6.422103e-06 -0.0011236288 0)
(-6.2373865e-06 -0.0011747622 0)
(-6.0574709e-06 -0.00122525 0)
(5.8020972e-06 -5.8489979e-05 0)
(6.9384887e-06 -8.3523203e-05 0)
(8.0413409e-06 -0.00011265449 0)
(9.0834876e-06 -0.00014531824 0)
(1.0050926e-05 -0.00018112253 0)
(1.0943791e-05 -0.00021974044 0)
(1.176585e-05 -0.00026087188 0)
(1.2521013e-05 -0.00030423274 0)
(1.3212903e-05 -0.0003495529 0)
(1.3844988e-05 -0.00039657623 0)
(1.442069e-05 -0.00044506069 0)
(1.4943421e-05 -0.00049477845 0)
(1.5416596e-05 -0.00054551591 0)
(1.5843632e-05 -0.00059707368 0)
(1.6227944e-05 -0.00064926666 0)
(1.6572948e-05 -0.00070192396 0)
(1.6882051e-05 -0.00075488894 0)
(1.7158646e-05 -0.00080801925 0)
(1.740611e-05 -0.00086118676 0)
(1.7627872e-05 -0.00091427733 0)
(1.7827862e-05 -0.00096718958 0)
(1.8012298e-05 -0.0010198304 0)
(1.8194712e-05 -0.0010721023 0)
(1.8403696e-05 -0.0011238811 0)
(1.8672924e-05 -0.0011750141 0)
(1.8943714e-05 -0.0012254991 0)
(1.5792097e-05 -5.9074863e-05 0)
(1.8743822e-05 -8.4120098e-05 0)
(2.1610059e-05 -0.00011325609 0)
(2.4288113e-05 -0.00014589801 0)
(2.6739879e-05 -0.00018167225 0)
(2.8968014e-05 -0.00022026003 0)
(3.0983916e-05 -0.00026136296 0)
(3.2799134e-05 -0.00030469696 0)
(3.4424473e-05 -0.00034999178 0)
(3.587035e-05 -0.00039699121 0)
(3.7147052e-05 -0.00044545317 0)
(3.8264834e-05 -0.00049514984 0)
(3.9233947e-05 -0.00054586761 0)
(4.0064642e-05 -0.00059740711 0)
(4.076717e-05 -0.00064958321 0)
(4.1351779e-05 -0.00070222503 0)
(4.1828702e-05 -0.00075517594 0)
(4.2208137e-05 -0.00080829355 0)
(4.2500226e-05 -0.00086144978 0)
(4.2715187e-05 -0.00091453072 0)
(4.2864283e-05 -0.00096743608 0)
(4.2964062e-05 -0.0010200764 0)
(4.3049508e-05 -0.001072363 0)
(4.3199152e-05 -0.0011241799 0)
(4.3524134e-05 -0.0011753357 0)
(4.3878887e-05 -0.0012256083 0)
(2.5805136e-05 -5.9963408e-05 0)
(3.0643619e-05 -8.5070691e-05 0)
(3.531255e-05 -0.00011421301 0)
(3.962654e-05 -0.0001468058 0)
(4.3554694e-05 -0.0001825188 0)
(4.7110685e-05 -0.00022104642 0)
(5.0314054e-05 -0.00026209249 0)
(5.3183417e-05 -0.00030537284 0)
(5.5736438e-05 -0.00035061699 0)
(5.799037e-05 -0.0003975686 0)
(5.9962339e-05 -0.00044598557 0)
(6.1669436e-05 -0.00049564006 0)
(6.3128749e-05 -0.00054631845 0)
(6.4357366e-05 -0.00059782139 0)
(6.5372374e-05 -0.00064996374 0)
(6.6190857e-05 -0.00070257462 0)
(6.6829885e-05 -0.00075549738 0)
(6.7306496e-05 -0.00080858964 0)
(6.7637662e-05 -0.00086172331 0)
(6.7840372e-05 -0.0009147848 0)
(6.7932451e-05 -0.00096767532 0)
(6.7936645e-05 -0.0010203111 0)
(6.789557e-05 -0.0010726189 0)
(6.7911204e-05 -0.0011245053 0)
(6.8176212e-05 -0.001175724 0)
(6.8552583e-05 -0.0012255395 0)
(3.5691692e-05 -6.1106996e-05 0)
(4.2753707e-05 -8.6419446e-05 0)
(4.9253805e-05 -0.00011553343 0)
(5.5188773e-05 -0.00014803916 0)
(6.057817e-05 -0.00018365848 0)
(6.5450208e-05 -0.00022209634 0)
(6.9830817e-05 -0.00026305751 0)
(7.3744612e-05 -0.00030625755 0)
(7.7215731e-05 -0.00035142572 0)
(8.0268158e-05 -0.0003983056 0)
(8.2925833e-05 -0.00044665508 0)
(8.5212684e-05 -0.00049624629 0)
(8.7152635e-05 -0.00054686563 0)
(8.8769612e-05 -0.00059831372 0)
(9.0087538e-05 -0.00065040545 0)
(9.1130336e-05 -0.00070296992 0)
(9.1921928e-05 -0.00075585048 0)
(9.2486225e-05 -0.00080890473 0)
(9.2847119e-05 -0.0008620046 0)
(9.302849e-05 -0.00091503668 0)
(9.305439e-05 -0.0009679033 0)
(9.2950268e-05 -0.0010205253 0)
(9.2749218e-05 -0.0010728454 0)
(9.2518058e-05 -0.0011248066 0)
(9.2430048e-05 -0.0011761377 0)
(9.2414939e-05 -0.0012252068 0)
(4.6401081e-05 -6.2890425e-05 0)
(5.5337455e-05 -8.8173384e-05 0)
(6.3555194e-05 -0.00011720846 0)
(7.1062356e-05 -0.00014958988 0)
(7.7891232e-05 -0.00018508558 0)
(8.4064347e-05 -0.00022340512 0)
(8.9608603e-05 -0.0002642537 0)
(9.4553445e-05 -0.00030734683 0)
(9.8929285e-05 -0.00035241374 0)
(0.00010276682 -0.00039919801 0)
(0.00010609682 -0.00044745749 0)
(0.00010895004 -0.00049696433 0)
(0.00011135724 -0.00054750492 0)
(0.00011334919 -0.0005988799 0)
(0.00011495665 -0.00065090413 0)
(0.00011621037 -0.00070340673 0)
(0.00011714114 -0.00075623105 0)
(0.00011777975 -0.00080923467 0)
(0.00011815709 -0.00086228955 0)
(0.00011830419 -0.00091528233 0)
(0.000118252 -0.00096811558 0)
(0.00011802947 -0.0010207113 0)
(0.00011765369 -0.0010730172 0)
(0.00011709152 -0.001124994 0)
(0.00011612233 -0.0011763958 0)
(0.00011418162 -0.0012243523 0)
(-6.3017393e-06 -4.1540149e-06 0)
(-1.7074739e-05 -1.2356906e-05 0)
(-2.7147435e-05 -2.5124023e-05 0)
(-3.6119518e-05 -4.1691309e-05 0)
(-3.8786228e-06 -2.293e-06 0)
(-1.2552405e-05 -1.0566809e-05 0)
(-2.0601241e-05 -2.3403531e-05 0)
(-2.8153567e-05 -4.0292509e-05 0)
(-2.5212765e-06 -1.2424304e-06 0)
(-8.5677712e-06 -9.2522733e-06 0)
(-1.431443e-05 -2.2099962e-05 0)
(-1.9636326e-05 -3.9056682e-05 0)
(-1.4677659e-06 -6.8462391e-07 0)
(-4.9711731e-06 -8.4638035e-06 0)
(-8.3374875e-06 -2.1307661e-05 0)
(-1.1451789e-05 -3.8298371e-05 0)
(-5.0824704e-07 -4.7674323e-07 0)
(-1.5755047e-06 -8.1782053e-06 0)
(-2.544892e-06 -2.1033015e-05 0)
(-3.4199827e-06 -3.8045534e-05 0)
(4.3105319e-07 -5.6513181e-07 0)
(1.7689276e-06 -8.3794478e-06 0)
(3.1989109e-06 -2.1280457e-05 0)
(4.5724702e-06 -3.8304843e-05 0)
(1.3998436e-06 -9.5784661e-07 0)
(5.2002295e-06 -9.074267e-06 0)
(9.0281739e-06 -2.2051272e-05 0)
(1.262851e-05 -3.9074795e-05 0)
(2.4840773e-06 -1.7277916e-06 0)
(8.8790808e-06 -1.0291477e-05 0)
(1.5079425e-05 -2.3342359e-05 0)
(2.0860203e-05 -4.0345023e-05 0)
(3.9415214e-06 -3.0492263e-06 0)
(1.3015621e-05 -1.2062292e-05 0)
(2.1474737e-05 -2.5145038e-05 0)
(2.944743e-05 -4.2081892e-05 0)
(6.7206012e-06 -5.3047449e-06 0)
(1.7778626e-05 -1.4321537e-05 0)
(2.8139822e-05 -2.7354451e-05 0)
(3.746494e-05 -4.3966822e-05 0)
(1.6454026e-05 1.4596056e-05 0)
(4.0220604e-05 4.5803471e-05 0)
(5.8928514e-05 8.7658177e-05 0)
(7.2738988e-05 0.00013818242 0)
(8.1957323e-05 0.00019472103 0)
(8.6947493e-05 0.00025463304 0)
(8.8101564e-05 0.00031548679 0)
(8.582062e-05 0.00037509153 0)
(8.0508221e-05 0.00043150091 0)
(7.2568498e-05 0.00048301257 0)
(6.2405677e-05 0.0005281676 0)
(5.0423977e-05 0.00056575037 0)
(3.7027604e-05 0.00059478836 0)
(2.2620753e-05 0.00061455223 0)
(7.607616e-06 0.00062455573 0)
(-7.607616e-06 0.00062455573 0)
(-2.2620753e-05 0.00061455223 0)
(-3.7027604e-05 0.00059478836 0)
(-5.0423977e-05 0.00056575037 0)
(-6.2405677e-05 0.0005281676 0)
(-7.2568498e-05 0.00048301257 0)
(-8.0508221e-05 0.00043150091 0)
(-8.582062e-05 0.00037509153 0)
(-8.8101564e-05 0.00031548679 0)
(-8.6947493e-05 0.00025463304 0)
(-8.1957323e-05 0.00019472103 0)
(-7.2738988e-05 0.00013818242 0)
(-5.8928514e-05 8.7658177e-05 0)
(-4.0220604e-05 4.5803471e-05 0)
(-1.6454026e-05 1.4596056e-05 0)
(8.5093173e-06 9.7584567e-06 0)
(2.6142601e-05 4.1598774e-05 0)
(3.9954357e-05 8.4330297e-05 0)
(5.0078791e-05 0.00013570714 0)
(5.684908e-05 0.00019302487 0)
(6.0579037e-05 0.00025364317 0)
(6.1564549e-05 0.00031513191 0)
(6.0095821e-05 0.00037530092 0)
(5.6461778e-05 0.00043220401 0)
(5.0951136e-05 0.00048413884 0)
(4.38526e-05 0.00052964651 0)
(3.545488e-05 0.00056751139 0)
(2.6046683e-05 0.00059676097 0)
(1.5916717e-05 0.00061666589 0)
(5.3536902e-06 0.00062673991 0)
(-5.3536902e-06 0.00062673991 0)
(-1.5916717e-05 0.00061666589 0)
(-2.6046683e-05 0.00059676097 0)
(-3.545488e-05 0.00056751139 0)
(-4.38526e-05 0.00052964651 0)
(-5.0951136e-05 0.00048413884 0)
(-5.6461778e-05 0.00043220401 0)
(-6.0095821e-05 0.00037530092 0)
(-6.1564549e-05 0.00031513191 0)
(-6.0579037e-05 0.00025364317 0)
(-5.684908e-05 0.00019302487 0)
(-5.0078791e-05 0.00013570714 0)
(-3.9954357e-05 8.4330297e-05 0)
(-2.6142601e-05 4.1598774e-05 0)
(-8.5093173e-06 9.7584567e-06 0)
(4.3441112e-06 7.3255181e-06 0)
(1.4615055e-05 3.8708088e-05 0)
(2.304977e-05 8.1961883e-05 0)
(2.9251401e-05 0.00013392414 0)
(3.3402031e-05 0.00019177309 0)
(3.5712589e-05 0.00025286644 0)
(3.6371798e-05 0.00031477969 0)
(3.5557373e-05 0.00037532516 0)
(3.3443586e-05 0.00043255742 0)
(3.0203853e-05 0.00048477436 0)
(2.601141e-05 0.00053051712 0)
(2.1039471e-05 0.00056857006 0)
(1.5461253e-05 0.00059796069 0)
(9.4499758e-06 0.00061795965 0)
(3.1788626e-06 0.00062808069 0)
(-3.1788626e-06 0.00062808069 0)
(-9.4499758e-06 0.00061795965 0)
(-1.5461253e-05 0.00059796069 0)
(-2.1039471e-05 0.00056857006 0)
(-2.601141e-05 0.00053051712 0)
(-3.0203853e-05 0.00048477436 0)
(-3.3443586e-05 0.00043255742 0)
(-3.5557373e-05 0.00037532516 0)
(-3.6371798e-05 0.00031477969 0)
(-3.5712589e-05 0.00025286644 0)
(-3.3402031e-05 0.00019177309 0)
(-2.9251401e-05 0.00013392414 0)
(-2.304977e-05 8.1961883e-05 0)
(-1.4615055e-05 3.8708088e-05 0)
(-4.3441112e-06 7.3255181e-06 0)
(1.2758371e-06 6.2554591e-06 0)
(4.5924812e-06 3.7196803e-05 0)
(7.4363416e-06 8.064229e-05 0)
(9.5451935e-06 0.00013289601 0)
(1.0957527e-05 0.00019101592 0)
(1.1748456e-05 0.00025234963 0)
(1.1985685e-05 0.00031447616 0)
(1.1730673e-05 0.00037521016 0)
(1.1042303e-05 0.00043260709 0)
(9.9785983e-06 0.00048496509 0)
(8.597344e-06 0.00053082539 0)
(6.9562735e-06 0.00056897236 0)
(5.1131174e-06 0.00059843352 0)
(3.1256113e-06 0.00061847949 0)
(1.0514939e-06 0.00062862404 0)
(-1.0514939e-06 0.00062862404 0)
(-3.1256113e-06 0.00061847949 0)
(-5.1131174e-06 0.00059843352 0)
(-6.9562735e-06 0.00056897236 0)
(-8.597344e-06 0.00053082539 0)
(-9.9785983e-06 0.00048496509 0)
(-1.1042303e-05 0.00043260709 0)
(-1.1730673e-05 0.00037521016 0)
(-1.1985685e-05 0.00031447616 0)
(-1.1748456e-05 0.00025234963 0)
(-1.0957527e-05 0.00019101592 0)
(-9.5451935e-06 0.00013289601 0)
(-7.4363416e-06 8.064229e-05 0)
(-4.5924812e-06 3.7196803e-05 0)
(-1.2758371e-06 6.2554591e-06 0)
(-1.5394018e-06 6.155237e-06 0)
(-4.9424226e-06 3.699122e-05 0)
(-7.7304245e-06 8.0406528e-05 0)
(-9.7781427e-06 0.00013265784 0)
(-1.1149666e-05 0.0001907808 0)
(-1.1914141e-05 0.00025211688 0)
(-1.2131462e-05 0.00031424455 0)
(-1.1858816e-05 0.00037497896 0)
(-1.1153381e-05 0.000432376 0)
(-1.0072665e-05 0.00048473401 0)
(-8.674354e-06 0.0005305943 0)
(-7.0161892e-06 0.00056874126 0)
(-5.1559203e-06 0.00059820242 0)
(-3.1512943e-06 0.00061824839 0)
(-1.0600551e-06 0.00062839294 0)
(1.0600551e-06 0.00062839294 0)
(3.1512943e-06 0.00061824839 0)
(5.1559203e-06 0.00059820242 0)
(7.0161892e-06 0.00056874126 0)
(8.674354e-06 0.0005305943 0)
(1.0072665e-05 0.00048473401 0)
(1.1153381e-05 0.000432376 0)
(1.1858816e-05 0.00037497896 0)
(1.2131462e-05 0.00031424455 0)
(1.1914141e-05 0.00025211688 0)
(1.1149666e-05 0.0001907808 0)
(9.7781427e-06 0.00013265784 0)
(7.7304245e-06 8.0406528e-05 0)
(4.9424226e-06 3.699122e-05 0)
(1.5394018e-06 6.155237e-06 0)
(-4.5873871e-06 7.0131888e-06 0)
(-1.4920047e-05 3.808548e-05 0)
(-2.3311638e-05 8.1255337e-05 0)
(-2.9469205e-05 0.00013321157 0)
(-3.3588853e-05 0.00019106895 0)
(-3.5876951e-05 0.00025216872 0)
(-3.6517465e-05 0.00031408501 0)
(-3.5685632e-05 0.00037463157 0)
(-3.3554757e-05 0.00043186413 0)
(-3.0297964e-05 0.00048408111 0)
(-2.6088436e-05 0.00052982385 0)
(-2.1099391e-05 0.00056787677 0)
(-1.5504056e-05 0.0005972674 0)
(-9.4756587e-06 0.00061726635 0)
(-3.1874237e-06 0.00062738739 0)
(3.1874237e-06 0.00062738739 0)
(9.4756587e-06 0.00061726635 0)
(1.5504056e-05 0.0005972674 0)
(2.1099391e-05 0.00056787677 0)
(2.6088436e-05 0.00052982385 0)
(3.0297964e-05 0.00048408111 0)
(3.3554757e-05 0.00043186413 0)
(3.5685632e-05 0.00037463157 0)
(3.6517465e-05 0.00031408501 0)
(3.5876951e-05 0.00025216872 0)
(3.3588853e-05 0.00019106895 0)
(2.9469205e-05 0.00013321157 0)
(2.3311638e-05 8.1255337e-05 0)
(1.4920047e-05 3.808548e-05 0)
(4.5873871e-06 7.0131888e-06 0)
(-8.6778743e-06 9.1931958e-06 0)
(-2.6345179e-05 4.0544821e-05 0)
(-4.015664e-05 8.3157065e-05 0)
(-5.0271915e-05 0.00013452591 0)
(-5.7028144e-05 0.00019185497 0)
(-6.0741795e-05 0.0002524818 0)
(-6.171026e-05 0.00031397457 0)
(-6.0224338e-05 0.00037414504 0)
(-5.6573113e-05 0.00043104852 0)
(-5.104532e-05 0.0004829834 0)
(-4.3929652e-05 0.00052849105 0)
(-3.5514806e-05 0.0005663559 0)
(-2.6089487e-05 0.00059560547 0)
(-1.5942399e-05 0.00061551039 0)
(-5.362251e-06 0.00062558441 0)
(5.362251e-06 0.00062558441 0)
(1.5942399e-05 0.00061551039 0)
(2.6089487e-05 0.00059560547 0)
(3.5514806e-05 0.0005663559 0)
(4.3929652e-05 0.00052849105 0)
(5.104532e-05 0.0004829834 0)
(5.6573113e-05 0.00043104852 0)
(6.0224338e-05 0.00037414504 0)
(6.171026e-05 0.00031397457 0)
(6.0741795e-05 0.0002524818 0)
(5.7028144e-05 0.00019185497 0)
(5.0271915e-05 0.00013452591 0)
(4.015664e-05 8.3157065e-05 0)
(2.6345179e-05 4.0544821e-05 0)
(8.6778743e-06 9.1931958e-06 0)
(-1.6351414e-05 1.3683975e-05 0)
(-4.0252386e-05 4.4312663e-05 0)
(-5.9060271e-05 8.6030247e-05 0)
(-7.2909488e-05 0.00013654122 0)
(-8.2131222e-05 0.00019308939 0)
(-8.7109989e-05 0.00025300946 0)
(-8.8247825e-05 0.00031386717 0)
(-8.5949537e-05 0.00037347339 0)
(-8.0619743e-05 0.00042988319 0)
(-7.2662749e-05 0.00048139492 0)
(-6.2482746e-05 0.00052654994 0)
(-5.0483906e-05 0.00056413268 0)
(-3.7070407e-05 0.00059317067 0)
(-2.2646434e-05 0.00061293453 0)
(-7.6161765e-06 0.00062293803 0)
(7.6161765e-06 0.00062293803 0)
(2.2646434e-05 0.00061293453 0)
(3.7070407e-05 0.00059317067 0)
(5.0483906e-05 0.00056413268 0)
(6.2482746e-05 0.00052654994 0)
(7.2662749e-05 0.00048139492 0)
(8.0619743e-05 0.00042988319 0)
(8.5949537e-05 0.00037347339 0)
(8.8247825e-05 0.00031386717 0)
(8.7109989e-05 0.00025300946 0)
(8.2131222e-05 0.00019308939 0)
(7.2909488e-05 0.00013654122 0)
(5.9060271e-05 8.6030247e-05 0)
(4.0252386e-05 4.4312663e-05 0)
(1.6351414e-05 1.3683975e-05 0)
(2.7383298e-06 -1.0646406e-06 0)
(2.2152965e-06 -1.0647611e-06 0)
(2.7165473e-06 -7.2217258e-07 0)
(2.2263107e-06 -7.1475652e-07 0)
(2.0134037e-06 -1.0264876e-06 0)
(1.966131e-06 -7.5021842e-07 0)
(1.9549633e-06 -7.7978691e-07 0)
(2.3934525e-06 -7.5877783e-07 0)
(3.125762e-06 -7.5830492e-07 0)
(4.058001e-06 -7.5847806e-07 0)
(5.1226342e-06 1.4773573e-07 0)
(6.2179434e-06 2.0453894e-07 0)
(7.3347268e-06 2.3048117e-07 0)
(8.4642614e-06 2.3320212e-07 0)
(9.5750829e-06 2.2404535e-07 0)
(1.0644058e-05 2.0698287e-07 0)
(1.1656328e-05 1.8427857e-07 0)
(1.2601027e-05 1.5714902e-07 0)
(1.3469678e-05 1.2637824e-07 0)
(1.4255357e-05 9.2544274e-08 0)
(1.4952299e-05 5.6131683e-08 0)
(1.555572e-05 1.7581663e-08 0)
(1.6061724e-05 -2.2684649e-08 0)
(1.6467265e-05 -6.4255437e-08 0)
(1.6770126e-05 -1.0672322e-07 0)
(1.6968909e-05 -1.4968255e-07 0)
(1.7063032e-05 -1.9272892e-07 0)
(1.7052724e-05 -2.3545826e-07 0)
(1.6939029e-05 -2.7746673e-07 0)
(1.67238e-05 -3.1835058e-07 0)
(1.6409703e-05 -3.5770609e-07 0)
(1.6000214e-05 -3.9512959e-07 0)
(1.5499621e-05 -4.3021739e-07 0)
(1.4913022e-05 -4.6256583e-07 0)
(1.4246327e-05 -4.9177125e-07 0)
(1.3506257e-05 -5.1742998e-07 0)
(1.2700344e-05 -5.3913838e-07 0)
(1.183693e-05 -5.5649283e-07 0)
(1.092517e-05 -5.6908975e-07 0)
(9.9750265e-06 -5.7652568e-07 0)
(8.9972753e-06 -5.7839735e-07 0)
(8.0034994e-06 -5.7430194e-07 0)
(7.0060889e-06 -5.6383754e-07 0)
(6.0182365e-06 -5.4660417e-07 0)
(5.0539271e-06 -5.2220599e-07 0)
(4.127918e-06 -4.9025586e-07 0)
(3.2556956e-06 -4.5038522e-07 0)
(2.4533854e-06 -4.0226483e-07 0)
(1.7375624e-06 -3.4564963e-07 0)
(1.124851e-06 -2.8047199e-07 0)
(6.3109723e-07 -2.0705827e-07 0)
(2.6952428e-07 -1.264871e-07 0)
(4.7385119e-08 -4.2040892e-08 0)
(5.2402363e-06 -8.9559352e-07 0)
(6.211704e-06 -9.1570254e-07 0)
(7.3222357e-06 -9.0237844e-07 0)
(8.4554467e-06 -8.817176e-07 0)
(9.5673452e-06 -8.527723e-07 0)
(1.0636868e-05 -8.1790365e-07 0)
(1.164935e-05 -7.7813585e-07 0)
(1.2594139e-05 -7.342649e-07 0)
(1.3462828e-05 -6.8688439e-07 0)
(1.4248522e-05 -6.3649582e-07 0)
(1.4945471e-05 -5.8355147e-07 0)
(1.5548894e-05 -5.2847921e-07 0)
(1.60549e-05 -4.7169463e-07 0)
(1.6460441e-05 -4.1360723e-07 0)
(1.6763302e-05 -3.5462355e-07 0)
(1.6962085e-05 -2.9514864e-07 0)
(1.7056208e-05 -2.3558684e-07 0)
(1.70459e-05 -1.7634216e-07 0)
(1.6932205e-05 -1.178184e-07 0)
(1.6716976e-05 -6.0419332e-08 0)
(1.6402879e-05 -4.5486413e-09 0)
(1.599339e-05 4.938999e-08 0)
(1.5492797e-05 1.009929e-07 0)
(1.4906198e-05 1.4985642e-07 0)
(1.4239503e-05 1.9557692e-07 0)
(1.3499433e-05 2.3775074e-07 0)
(1.269352e-05 2.7597427e-07 0)
(1.1830106e-05 3.0984387e-07 0)
(1.0918346e-05 3.38956e-07 0)
(9.9682026e-06 3.6290718e-07 0)
(8.9904514e-06 3.8129411e-07 0)
(7.9966756e-06 3.9371391e-07 0)
(6.9992653e-06 3.9976449e-07 0)
(6.0114133e-06 3.9904551e-07 0)
(5.0471051e-06 3.9116014e-07 0)
(4.1210988e-06 3.757189e-07 0)
(3.2488829e-06 3.5234755e-07 0)
(2.4465884e-06 3.2070327e-07 0)
(1.7308034e-06 2.8050849e-07 0)
(1.1181831e-06 2.3161702e-07 0)
(6.2465058e-07 1.7416812e-07 0)
(2.6360819e-07 1.0877862e-07 0)
(4.3042672e-08 3.7693204e-08 0)
(-2.7374602e-06 -1.064644e-06 0)
(-2.21443e-06 -1.0647642e-06 0)
(-2.7156778e-06 -7.2217962e-07 0)
(-2.2254441e-06 -7.1476407e-07 0)
(-2.012542e-06 -1.0264903e-06 0)
(-1.9652675e-06 -7.5022628e-07 0)
(-1.954107e-06 -7.7979421e-07 0)
(-2.3926067e-06 -7.5878518e-07 0)
(-3.1249304e-06 -7.5831255e-07 0)
(-4.0571865e-06 -7.5848602e-07 0)
(-5.1218399e-06 1.4774563e-07 0)
(-6.2171712e-06 2.0455006e-07 0)
(-7.333978e-06 2.30493e-07 0)
(-8.4635371e-06 2.3321429e-07 0)
(-9.5743838e-06 2.2405771e-07 0)
(-1.0643385e-05 2.0699533e-07 0)
(-1.165568e-05 1.8429109e-07 0)
(-1.2600405e-05 1.5716156e-07 0)
(-1.3469083e-05 1.2639078e-07 0)
(-1.4254787e-05 9.2556792e-08 0)
(-1.4951756e-05 5.6144163e-08 0)
(-1.5555202e-05 1.7594087e-08 0)
(-1.6061232e-05 -2.2672298e-08 0)
(-1.6466799e-05 -6.4243179e-08 0)
(-1.6769685e-05 -1.0671107e-07 0)
(-1.6968493e-05 -1.4967053e-07 0)
(-1.706264e-05 -1.9271705e-07 0)
(-1.7052357e-05 -2.3544656e-07 0)
(-1.6938686e-05 -2.7745522e-07 0)
(-1.6723481e-05 -3.1833927e-07 0)
(-1.6409407e-05 -3.5769501e-07 0)
(-1.599994e-05 -3.9511875e-07 0)
(-1.5499369e-05 -4.3020682e-07 0)
(-1.4912791e-05 -4.6255555e-07 0)
(-1.4246117e-05 -4.9176127e-07 0)
(-1.3506067e-05 -5.1742032e-07 0)
(-1.2700173e-05 -5.3912907e-07 0)
(-1.1836778e-05 -5.5648389e-07 0)
(-1.0925035e-05 -5.6908121e-07 0)
(-9.974909e-06 -5.7651756e-07 0)
(-8.9971736e-06 -5.7838968e-07 0)
(-8.0034125e-06 -5.7429474e-07 0)
(-7.0060158e-06 -5.6383085e-07 0)
(-6.0181761e-06 -5.4659801e-07 0)
(-5.0538784e-06 -5.2220039e-07 0)
(-4.1278798e-06 -4.9025086e-07 0)
(-3.2556667e-06 -4.5038084e-07 0)
(-2.4533645e-06 -4.0226109e-07 0)
(-1.7375483e-06 -3.4564655e-07 0)
(-1.1248424e-06 -2.8046961e-07 0)
(-6.3109269e-07 -2.070566e-07 0)
(-2.6952252e-07 -1.2648613e-07 0)
(-4.7384878e-08 -4.2040596e-08 0)
(-5.2394445e-06 -8.9560473e-07 0)
(-6.2109319e-06 -9.1571474e-07 0)
(-7.3214867e-06 -9.0239102e-07 0)
(-8.4547223e-06 -8.8173046e-07 0)
(-9.566646e-06 -8.5278533e-07 0)
(-1.0636194e-05 -8.179168e-07 0)
(-1.1648702e-05 -7.7814908e-07 0)
(-1.2593517e-05 -7.3427818e-07 0)
(-1.3462232e-05 -6.868977e-07 0)
(-1.4247952e-05 -6.3650911e-07 0)
(-1.4944927e-05 -5.8356474e-07 0)
(-1.5548377e-05 -5.2849242e-07 0)
(-1.6054407e-05 -4.7170776e-07 0)
(-1.6459975e-05 -4.1362025e-07 0)
(-1.6762861e-05 -3.5463644e-07 0)
(-1.6961669e-05 -2.9516138e-07 0)
(-1.7055817e-05 -2.355994e-07 0)
(-1.7045533e-05 -1.7635451e-07 0)
(-1.6931862e-05 -1.1783052e-07 0)
(-1.6716657e-05 -6.0431195e-08 0)
(-1.6402583e-05 -4.5602207e-09 0)
(-1.5993116e-05 4.937872e-08 0)
(-1.5492545e-05 1.0098196e-07 0)
(-1.4905968e-05 1.4984585e-07 0)
(-1.4239293e-05 1.9556672e-07 0)
(-1.3499243e-05 2.3774095e-07 0)
(-1.2693349e-05 2.759649e-07 0)
(-1.1829954e-05 3.0983495e-07 0)
(-1.0918211e-05 3.3894754e-07 0)
(-9.9680851e-06 3.6289919e-07 0)
(-8.9903498e-06 3.8128663e-07 0)
(-7.9965887e-06 3.9370694e-07 0)
(-6.9991922e-06 3.9975806e-07 0)
(-6.011353e-06 3.9903962e-07 0)
(-5.0470564e-06 3.9115481e-07 0)
(-4.1210606e-06 3.7571414e-07 0)
(-3.248854e-06 3.5234339e-07 0)
(-2.4465675e-06 3.2069973e-07 0)
(-1.7307893e-06 2.8050558e-07 0)
(-1.1181744e-06 2.3161478e-07 0)
(-6.2464601e-07 1.7416653e-07 0)
(-2.6360641e-07 1.0877769e-07 0)
(-4.304242e-08 3.7692919e-08 0)
(1.7623067e-07 2.1698731e-07 0)
(4.2353461e-07 1.5637419e-06 0)
(6.4063942e-07 3.8162178e-06 0)
(8.2127631e-07 6.8489479e-06 0)
(9.6649939e-07 1.0524755e-05 0)
(1.0779555e-06 1.4707182e-05 0)
(1.1575751e-06 1.9265648e-05 0)
(1.207375e-06 2.4077039e-05 0)
(1.2294001e-06 2.9026232e-05 0)
(1.2257043e-06 3.4006255e-05 0)
(1.1983443e-06 3.8918346e-05 0)
(1.1493779e-06 4.3671964e-05 0)
(1.0808628e-06 4.8184802e-05 0)
(9.9485699e-07 5.238278e-05 0)
(8.9341814e-07 5.6200052e-05 0)
(7.7860401e-07 5.9579001e-05 0)
(6.5247238e-07 6.247024e-05 0)
(5.1708104e-07 6.4832616e-05 0)
(3.7448778e-07 6.6633205e-05 0)
(2.2675035e-07 6.7847316e-05 0)
(7.5926445e-08 6.8458486e-05 0)
(-7.5926278e-08 6.8458486e-05 0)
(-2.2675019e-07 6.7847315e-05 0)
(-3.7448765e-07 6.6633205e-05 0)
(-5.1708093e-07 6.4832616e-05 0)
(-6.5247229e-07 6.247024e-05 0)
(-7.7860394e-07 5.9579001e-05 0)
(-8.9341807e-07 5.6200052e-05 0)
(-9.9485695e-07 5.2382781e-05 0)
(-1.0808628e-06 4.8184802e-05 0)
(-1.1493779e-06 4.3671964e-05 0)
(-1.1983443e-06 3.8918346e-05 0)
(-1.2257043e-06 3.4006255e-05 0)
(-1.2294001e-06 2.9026232e-05 0)
(-1.207375e-06 2.4077039e-05 0)
(-1.157575e-06 1.9265648e-05 0)
(-1.0779554e-06 1.4707182e-05 0)
(-9.6649933e-07 1.0524755e-05 0)
(-8.2127627e-07 6.8489479e-06 0)
(-6.406394e-07 3.8162177e-06 0)
(-4.235346e-07 1.5637419e-06 0)
(-1.7623067e-07 2.1698732e-07 0)
(-1.7633542e-07 2.1691684e-07 0)
(-4.2368316e-07 1.5636484e-06 0)
(-6.4079716e-07 3.8161195e-06 0)
(-8.2143085e-07 6.848848e-06 0)
(-9.666468e-07 1.0524654e-05 0)
(-1.0780945e-06 1.4707081e-05 0)
(-1.1577053e-06 1.9265547e-05 0)
(-1.2074964e-06 2.4076938e-05 0)
(-1.2295125e-06 2.9026131e-05 0)
(-1.2258077e-06 3.4006155e-05 0)
(-1.1984387e-06 3.8918245e-05 0)
(-1.1494633e-06 4.3671864e-05 0)
(-1.0809392e-06 4.8184701e-05 0)
(-9.9492438e-07 5.238268e-05 0)
(-8.9347652e-07 5.6199951e-05 0)
(-7.786534e-07 5.95789e-05 0)
(-6.5251277e-07 6.2470139e-05 0)
(-5.1711242e-07 6.4832515e-05 0)
(-3.7451013e-07 6.6633104e-05 0)
(-2.2676368e-07 6.7847215e-05 0)
(-7.5930773e-08 6.8458385e-05 0)
(7.5930943e-08 6.8458385e-05 0)
(2.2676383e-07 6.7847215e-05 0)
(3.7451025e-07 6.6633104e-05 0)
(5.1711251e-07 6.4832515e-05 0)
(6.5251284e-07 6.2470139e-05 0)
(7.7865347e-07 5.95789e-05 0)
(8.9347659e-07 5.6199952e-05 0)
(9.9492445e-07 5.238268e-05 0)
(1.0809393e-06 4.8184701e-05 0)
(1.1494633e-06 4.3671864e-05 0)
(1.1984387e-06 3.8918245e-05 0)
(1.2258077e-06 3.4006155e-05 0)
(1.2295125e-06 2.9026131e-05 0)
(1.2074964e-06 2.4076939e-05 0)
(1.1577054e-06 1.9265547e-05 0)
(1.0780946e-06 1.4707081e-05 0)
(9.6664688e-07 1.0524654e-05 0)
(8.2143091e-07 6.848848e-06 0)
(6.4079718e-07 3.8161195e-06 0)
(4.2368317e-07 1.5636483e-06 0)
(1.7633543e-07 2.1691685e-07 0)
)
;

boundaryField
{
    cornea_bottom
    {
        type            solidTraction;
        nonOrthogonalCorrections true;
        useUndeformedArea false;
        traction        uniform (0 0 0);
        pressure        uniform 0;
        secondOrder     false;
        extrapolateValue false;
        setEffectiveTraction false;
        relaxationFactor 1;
        value           nonuniform List<vector> 
40
(
(-5.3316652e-06 -3.5282592e-06 0)
(-8.2468613e-06 -1.2846862e-05 0)
(-1.0666409e-05 -2.7648039e-05 0)
(-1.2617794e-05 -4.7039205e-05 0)
(-1.411985e-05 -7.0109038e-05 0)
(-1.5197712e-05 -9.5986894e-05 0)
(-1.5878059e-05 -0.00012385195 0)
(-1.6188088e-05 -0.00015293665 0)
(-1.6155162e-05 -0.00018252782 0)
(-1.58067e-05 -0.00021196701 0)
(-1.5170135e-05 -0.00024065057 0)
(-1.4272905e-05 -0.00026802975 0)
(-1.314245e-05 -0.00029361066 -4.1307006e-21)
(-1.1806208e-05 -0.00031695428 -5.5762146e-22)
(-1.029162e-05 -0.00033767649 2.6321256e-21)
(-8.6261218e-06 -0.00035544803 4.9268732e-38)
(-6.837153e-06 -0.00036999452 -2.1682028e-53)
(-4.9521516e-06 -0.00038109644 -4.2704305e-69)
(-2.9985557e-06 -0.00038858919 -4.3763494e-85)
(-1.0038032e-06 -0.000392363 0)
(1.0046682e-06 -0.000392363 -3.410549e-70)
(2.9994211e-06 -0.0003885892 1.2812162e-53)
(4.9530178e-06 -0.00038109645 1.1913812e-37)
(6.8380204e-06 -0.00036999452 -5.4086938e-21)
(8.6269906e-06 -0.00035544804 -7.785031e-21)
(1.029249e-05 -0.0003376765 3.6123173e-21)
(1.1807079e-05 -0.00031695428 5.2451726e-21)
(1.3143321e-05 -0.00029361065 0)
(1.4273776e-05 -0.00026802973 0)
(1.5171006e-05 -0.00024065054 0)
(1.580757e-05 -0.00021196697 0)
(1.6156031e-05 -0.00018252778 0)
(1.6188954e-05 -0.00015293661 0)
(1.5878923e-05 -0.00012385191 0)
(1.5198576e-05 -9.5986864e-05 0)
(1.4120713e-05 -7.0109017e-05 0)
(1.2618657e-05 -4.7039192e-05 -7.1594369e-22)
(1.0667273e-05 -2.7648034e-05 -6.360424e-22)
(8.2477276e-06 -1.2846862e-05 -1.6194199e-22)
(5.3325339e-06 -3.5282587e-06 0)
)
;
        gradient        nonuniform List<vector> 
40
(
(-0.0059383313 -0.0023897039 0)
(-0.012059887 -0.0021823954 0)
(-0.017096167 -0.0017881088 0)
(-0.021230494 -0.0014127712 0)
(-0.024473838 -0.001055421 0)
(-0.026871447 -0.00071926703 0)
(-0.028474869 -0.00040515335 0)
(-0.02933793 -0.00011336042 0)
(-0.02951517 0.00015602224 0)
(-0.029061365 0.00040296596 0)
(-0.028031363 0.00062746184 0)
(-0.026480035 0.00082950755 0)
(-0.024462258 0.0010091029 -1.6522803e-17)
(-0.02203291 0.0011662484 -2.2304859e-18)
(-0.019246867 0.0013009443 1.0528502e-17)
(-0.016159005 0.0014131907 -2.3142306e-33)
(-0.012824202 0.0015029877 -3.3274123e-50)
(-0.0092973337 0.0015703351 -2.1716832e-66)
(-0.0056332764 0.0016152333 -3.8000208e-82)
(-0.001886906 0.0016376824 0)
(0.0018869021 0.0016376826 -1.3690635e-66)
(0.0056332733 0.0016152339 -6.9893722e-50)
(0.0092973322 0.0015703361 -1.5296874e-33)
(0.012824203 0.0015029888 -2.1634775e-17)
(0.016159009 0.001413192 -3.1140124e-17)
(0.019246873 0.0013009455 1.4449269e-17)
(0.022032918 0.0011662493 2.098069e-17)
(0.024462268 0.0010091034 0)
(0.026480044 0.00082950747 0)
(0.028031371 0.00062746121 0)
(0.029061371 0.00040296487 0)
(0.029515172 0.00015602086 0)
(0.029337928 -0.00011336187 0)
(0.028474864 -0.00040515462 0)
(0.026871438 -0.00071926789 0)
(0.024473828 -0.0010554213 0)
(0.021230485 -0.0014127707 -2.8637748e-18)
(0.01709616 -0.0017881076 -2.5441696e-18)
(0.012059884 -0.0021823937 -6.4776796e-19)
(0.005938332 -0.0023897029 0)
)
;
    }
    cornea_top
    {
        type            solidTraction;
        nonOrthogonalCorrections true;
        useUndeformedArea false;
        traction        uniform (0 0 0);
        pressure        uniform 1000;
        secondOrder     false;
        extrapolateValue false;
        setEffectiveTraction false;
        relaxationFactor 1;
        value           nonuniform List<vector> 
40
(
(4.764007e-07 -3.5943851e-06 0)
(3.5949861e-06 -1.2939294e-05 0)
(6.2510485e-06 -2.7748781e-05 0)
(8.4499781e-06 -4.7142649e-05 0)
(1.0203132e-05 -7.0213356e-05 0)
(1.1533243e-05 -9.6091495e-05 0)
(1.2466211e-05 -0.00012395664 0)
(1.3028982e-05 -0.00015304137 0)
(1.3248838e-05 -0.00018263255 0)
(1.3153169e-05 -0.00021207174 0)
(1.2769402e-05 -0.00024075531 0)
(1.2124971e-05 -0.00026813449 0)
(1.1247316e-05 -0.00029371539 0)
(1.0163874e-05 -0.00031705902 0)
(8.9020859e-06 -0.00033778123 0)
(7.4893882e-06 -0.00035555277 0)
(5.9532195e-06 -0.00037009925 0)
(4.3210182e-06 -0.00038120118 0)
(2.6202223e-06 -0.00038869393 0)
(8.7826998e-07 -0.00039246774 0)
(-8.774013e-07 -0.00039246774 0)
(-2.619354e-06 -0.00038869393 0)
(-4.3201506e-06 -0.00038120119 0)
(-5.952353e-06 -0.00037009926 0)
(-7.4885229e-06 -0.00035555277 0)
(-8.9012219e-06 -0.00033778123 0)
(-1.0163012e-05 -0.00031705902 0)
(-1.1246453e-05 -0.00029371538 0)
(-1.2124108e-05 -0.00026813447 0)
(-1.2768538e-05 -0.00024075528 0)
(-1.3152305e-05 -0.0002120717 0)
(-1.3247971e-05 -0.00018263251 0)
(-1.3028114e-05 -0.00015304133 0)
(-1.2465341e-05 -0.0001239566 0)
(-1.1532372e-05 -9.6091465e-05 0)
(-1.020226e-05 -7.0213334e-05 0)
(-8.4491068e-06 -4.7142636e-05 0)
(-6.2501782e-06 -2.7748775e-05 0)
(-3.5941177e-06 -1.2939294e-05 0)
(-4.7553448e-07 -3.5943847e-06 0)
)
;
        gradient        nonuniform List<vector> 
40
(
(0.0059866548 -0.0025112385 0)
(0.012077194 -0.0023649922 0)
(0.017101673 -0.0019887694 0)
(0.021232282 -0.0016193978 0)
(0.024474416 -0.0012639721 0)
(0.026871634 -0.00092844145 0)
(0.02847493 -0.00061452959 0)
(0.029337949 -0.00032280204 0)
(0.029515177 -5.3440508e-05 0)
(0.029061367 0.00019349644 0)
(0.028031364 0.00041799021 0)
(0.026480035 0.00062003528 0)
(0.024462258 0.00079963047 0)
(0.02203291 0.00095677588 0)
(0.019246867 0.0010914717 0)
(0.016159005 0.0012037182 0)
(0.012824202 0.0012935151 0)
(0.0092973337 0.0013608625 0)
(0.0056332764 0.0014057606 0)
(0.001886906 0.0014282097 0)
(-0.0018869021 0.0014282098 0)
(-0.0056332733 0.001405761 0)
(-0.0092973322 0.0013608632 0)
(-0.012824203 0.0012935159 0)
(-0.016159009 0.001203719 0)
(-0.019246873 0.0010914725 0)
(-0.022032918 0.00095677632 0)
(-0.024462268 0.00079963043 0)
(-0.026480045 0.0006200347 0)
(-0.028031372 0.00041798916 0)
(-0.029061373 0.0001934951 0)
(-0.029515179 -5.3441974e-05 0)
(-0.029337948 -0.00032280345 0)
(-0.028474925 -0.00061453076 0)
(-0.026871626 -0.00092844215 0)
(-0.024474407 -0.0012639721 0)
(-0.021232273 -0.001619397 0)
(-0.017101666 -0.001988768 0)
(-0.012077192 -0.0023649903 0)
(-0.0059866551 -0.0025112376 0)
)
;
    }
    iris_pupil
    {
        type            solidTraction;
        nonOrthogonalCorrections true;
        useUndeformedArea false;
        traction        uniform (0 0 0);
        pressure        uniform 0;
        secondOrder     false;
        extrapolateValue false;
        setEffectiveTraction false;
        relaxationFactor 1;
        value           nonuniform List<vector> 10((9.6131939e-05 -0.0012384846 0) (7.7271942e-05 -0.0012451353 0) (5.4534218e-05 -0.001248669 0) (3.0475934e-05 -0.0012502269 0) (5.8326056e-06 -0.001250987 0) (-1.8939189e-05 -0.0012512343 0) (-4.357899e-05 -0.0012509668 0) (-6.7627471e-05 -0.0012498907 0) (-9.0333369e-05 -0.0012468223 0) (-0.0001091291 -0.0012405653 0));
        gradient        nonuniform List<vector> 10((-0.020887577 -0.065431399 0) (-0.0090931369 -0.086661917 0) (-0.004546091 -0.097491683 0) (-0.0020697114 -0.10146169 0) (-0.00089945693 -0.10294817 0) (1.8103023e-05 -0.10294083 0) (0.0011995894 -0.10143392 0) (0.0037004499 -0.097404955 0) (0.0083262847 -0.08646172 0) (0.020210085 -0.064851818 0));
    }
    iris_bottom
    {
        type            solidTraction;
        nonOrthogonalCorrections true;
        useUndeformedArea false;
        traction        uniform (0 0 0);
        pressure        uniform 1000;
        secondOrder     false;
        extrapolateValue false;
        setEffectiveTraction false;
        relaxationFactor 1;
        value           nonuniform List<vector> 
26
(
(0.00010922583 -0.0012210115 0)
(0.00011553874 -0.0011736144 0)
(0.00011748792 -0.0011224784 0)
(0.00011863233 -0.0010705586 0)
(0.0001195343 -0.0010182759 0)
(0.00012026866 -0.0009656994 0)
(0.00012081642 -0.00091288754 2.3271525e-21)
(0.0001211437 -0.00085991942 -6.9544587e-22)
(0.00012121539 -0.00080689266 -9.6442425e-22)
(0.0001209968 -0.00075392065 -1.4397113e-36)
(0.00012045358 -0.00070113149 -8.3061898e-22)
(0.0001195515 -0.00064866755 -1.94439e-22)
(0.00011825639 -0.0005966855 8.2820903e-37)
(0.00011653406 -0.00054535622 -2.6159356e-37)
(0.00011435033 -0.00049486484 -4.050429e-21)
(0.00011167103 -0.00044541074 -3.8991749e-21)
(0.00010846197 -0.00039720753 -3.27527e-21)
(0.00010468899 -0.00035048307 -1.0687157e-36)
(0.00010031792 -0.00030547949 1.0109319e-53)
(9.5314726e-05 -0.00026245321 6.4352078e-68)
(8.9645818e-05 -0.00022167476 -5.565567e-83)
(8.3279209e-05 -0.00018342795 0)
(7.6187422e-05 -0.00014800601 0)
(6.8349558e-05 -0.0001156983 0)
(5.971695e-05 -8.6779983e-05 0)
(4.9384662e-05 -6.165093e-05 -1.1435239e-29)
)
;
        gradient        nonuniform List<vector> 
26
(
(0.06559996 0.0092944052 0)
(0.098533115 0.0042837537 0)
(0.10305583 0.002068683 0)
(0.10420248 0.0016198773 0)
(0.10485916 0.001444141 0)
(0.10538833 0.0012923362 0)
(0.10577998 0.0011178766 1.9392938e-17)
(0.10599488 0.00091384538 -5.7953823e-18)
(0.10599876 0.00067989814 -8.0368687e-18)
(0.10576117 0.00041636659 -1.0643589e-32)
(0.1052531 0.00012344491 -6.9218248e-18)
(0.10444599 -0.00019879544 -1.620325e-18)
(0.10331133 -0.0005503346 8.8693129e-33)
(0.10182065 -0.0009311688 3.8807237e-32)
(0.099945478 -0.0013412982 -3.3753575e-17)
(0.097657317 -0.0017807238 -3.2493124e-17)
(0.094927674 -0.0022494448 -2.7293916e-17)
(0.091728032 -0.002747451 5.8701145e-33)
(0.088029856 -0.0032746849 -4.2273975e-48)
(0.083804738 -0.0038309014 1.3648016e-63)
(0.07902526 -0.0044152213 -1.4241146e-79)
(0.073668748 -0.0050250268 0)
(0.06772965 -0.0056555645 0)
(0.061226026 -0.0063159165 0)
(0.054047372 -0.0073849558 1.6274522e-320)
(0.038802747 -0.008624282 -9.5293646e-26)
)
;
    }
    iris_top
    {
        type            solidTraction;
        nonOrthogonalCorrections true;
        useUndeformedArea false;
        traction        uniform (0 0 0);
        pressure        uniform 1300;
        secondOrder     false;
        extrapolateValue false;
        setEffectiveTraction false;
        relaxationFactor 1;
        value           nonuniform List<vector> 
26
(
(-0.00012199973 -0.0012234732 0)
(-0.00012793961 -0.0011761281 0)
(-0.00012945805 -0.0011249958 0)
(-0.00013015849 -0.0010730737 0)
(-0.00013061291 -0.0010207892 0)
(-0.00013089877 -0.00096821167 0)
(-0.00013099786 -0.00091539935 0)
(-0.0001308765 -0.00086243106 0)
(-0.00013049961 -0.00080940425 0)
(-0.00012983248 -0.00075643224 0)
(-0.00012884074 -0.00070364308 0)
(-0.00012749016 -0.00065117915 0)
(-0.00012574655 -0.0005991971 0)
(-0.00012357572 -0.00054786782 0)
(-0.00012094349 -0.00049737645 0)
(-0.0001178157 -0.00044792234 0)
(-0.00011415815 -0.0003997191 0)
(-0.00010993666 -0.0003529946 0)
(-0.00010511704 -0.00030799096 0)
(-9.9665177e-05 -0.0002649646 0)
(-9.3547312e-05 -0.00022418618 0)
(-8.6731185e-05 -0.00018593989 0)
(-7.9189055e-05 -0.00015051991 0)
(-7.0900682e-05 -0.0001182174 0)
(-6.1824151e-05 -8.9307508e-05 0)
(-5.1101616e-05 -6.4161604e-05 0)
)
;
        gradient        nonuniform List<vector> 
26
(
(-0.065150951 0.0073262892 0)
(-0.098477385 0.0022307054 0)
(-0.1030544 -1.4768836e-05 0)
(-0.10420664 -0.0004707715 0)
(-0.10486205 -0.00064844901 0)
(-0.1053898 -0.00080073758 0)
(-0.10578061 -0.00097525927 0)
(-0.1059951 -0.0011792509 0)
(-0.10599882 -0.0014131536 0)
(-0.10576117 -0.0016766564 0)
(-0.1052531 -0.0019695633 0)
(-0.10444598 -0.0022917971 0)
(-0.10331133 -0.0026433333 0)
(-0.10182065 -0.0030241658 0)
(-0.099945487 -0.0034342937 0)
(-0.097657344 -0.0038737186 0)
(-0.094927734 -0.0043424445 0)
(-0.091728139 -0.0048404741 0)
(-0.088029998 -0.0053677792 0)
(-0.083804778 -0.0059241711 0)
(-0.079024708 -0.0065088537 0)
(-0.073666275 -0.0071192528 0)
(-0.067722491 -0.0077502154 0)
(-0.061212399 -0.008407816 0)
(-0.054055799 -0.0094510285 0)
(-0.039171117 -0.010593153 0)
)
;
    }
    sclera_stub_bottom
    {
        type            solidTraction;
        nonOrthogonalCorrections true;
        useUndeformedArea false;
        traction        uniform (0 0 0);
        pressure        uniform 1000;
        secondOrder     false;
        extrapolateValue false;
        setEffectiveTraction false;
        relaxationFactor 1;
        value           nonuniform List<vector> 4((3.8852188e-05 -4.199943e-05 -2.0071466e-37) (3.0575535e-05 -2.6025655e-05 -1.3179836e-51) (1.9587106e-05 -1.3431924e-05 0) (7.939074e-06 -5.0892596e-06 0));
        gradient        nonuniform List<vector> 4((0.022772249 -0.0025676875 4.2396038e-33) (0.028567507 -0.0075136062 -1.177642e-48) (0.020936396 -0.0089584835 0) (0.013644457 -0.0077937073 0));
    }
    sclera_stub_top
    {
        type            solidTraction;
        nonOrthogonalCorrections true;
        useUndeformedArea false;
        traction        uniform (0 0 0);
        pressure        uniform 1300;
        secondOrder     false;
        extrapolateValue false;
        setEffectiveTraction false;
        relaxationFactor 1;
        value           nonuniform List<vector> 4((-4.0161528e-05 -4.4504982e-05 0) (-3.1606118e-05 -2.8485708e-05 0) (-2.0418202e-05 -1.5619185e-05 0) (-8.627423e-06 -6.4892389e-06 0));
        gradient        nonuniform List<vector> 4((-0.022471564 -0.0044846623 0) (-0.028885797 -0.0094271397 0) (-0.021996469 -0.010813726 0) (-0.015890182 -0.0098707823 0));
    }
    iris_base
    {
        type            fixedValue;
        value           uniform (0 0 0);
    }
    iris_pupil_left
    {
        type            solidTraction;
        nonOrthogonalCorrections true;
        useUndeformedArea false;
        traction        uniform (0 0 0);
        pressure        uniform 0;
        secondOrder     false;
        extrapolateValue false;
        setEffectiveTraction false;
        relaxationFactor 1;
        value           nonuniform List<vector> 10((-9.613194e-05 -0.0012384847 0) (-7.7271944e-05 -0.0012451353 0) (-5.453422e-05 -0.001248669 0) (-3.0475936e-05 -0.0012502269 0) (-5.8326069e-06 -0.001250987 0) (1.8939188e-05 -0.0012512343 0) (4.357899e-05 -0.0012509668 0) (6.7627471e-05 -0.0012498907 0) (9.0333368e-05 -0.0012468223 0) (0.0001091291 -0.0012405653 0));
        gradient        nonuniform List<vector> 10((0.020887577 -0.065431399 0) (0.0090931367 -0.086661917 0) (0.0045460903 -0.097491683 0) (0.0020697105 -0.10146169 0) (0.00089945602 -0.10294817 0) (-1.810393e-05 -0.10294083 0) (-0.0011995902 -0.10143392 0) (-0.0037004506 -0.097404955 0) (-0.0083262852 -0.086461721 0) (-0.020210086 -0.064851819 0));
    }
    iris_bottom_left
    {
        type            solidTraction;
        nonOrthogonalCorrections true;
        useUndeformedArea false;
        traction        uniform (0 0 0);
        pressure        uniform 1000;
        secondOrder     false;
        extrapolateValue false;
        setEffectiveTraction false;
        relaxationFactor 1;
        value           nonuniform List<vector> 
26
(
(-4.9384662e-05 -6.1650931e-05 0)
(-5.9716951e-05 -8.6779985e-05 0)
(-6.8349559e-05 -0.0001156983 0)
(-7.6187423e-05 -0.00014800601 0)
(-8.327921e-05 -0.00018342795 0)
(-8.9645819e-05 -0.00022167476 2.2044287e-21)
(-9.5314726e-05 -0.00026245321 1.9665472e-21)
(-0.00010031792 -0.0003054795 8.0099678e-22)
(-0.00010468899 -0.00035048307 -1.0368616e-36)
(-0.00010846197 -0.00039720753 0)
(-0.00011167103 -0.00044541075 1.4344712e-99)
(-0.00011435033 -0.00049486485 -3.3396488e-66)
(-0.00011653406 -0.00054535622 6.595639e-54)
(-0.00011825639 -0.0005966855 5.7188471e-37)
(-0.0001195515 -0.00064866755 -2.0609259e-21)
(-0.00012045358 -0.00070113149 -4.8127774e-21)
(-0.0001209968 -0.00075392066 0)
(-0.00012121539 -0.00080689266 0)
(-0.0001211437 -0.00085991942 0)
(-0.00012081642 -0.00091288754 0)
(-0.00012026866 -0.0009656994 0)
(-0.0001195343 -0.0010182759 0)
(-0.00011863233 -0.0010705586 0)
(-0.00011748792 -0.0011224784 0)
(-0.00011553874 -0.0011736144 0)
(-0.00010922583 -0.0012210115 0)
)
;
        gradient        nonuniform List<vector> 
26
(
(-0.038802747 -0.0086242821 0)
(-0.054047372 -0.0073849558 0)
(-0.061226026 -0.0063159165 0)
(-0.06772965 -0.0056555645 0)
(-0.073668748 -0.0050250269 0)
(-0.07902526 -0.0044152214 1.8370239e-17)
(-0.083804739 -0.0038309015 1.6387893e-17)
(-0.088029857 -0.0032746849 6.6749732e-18)
(-0.091728032 -0.0027474509 -1.6745977e-32)
(-0.094927675 -0.0022494446 0)
(-0.097657318 -0.0017807235 1.2877963e-95)
(-0.099945478 -0.001341298 1.0696459e-62)
(-0.10182065 -0.00093116854 4.3976626e-48)
(-0.10331133 -0.00055033437 2.5620669e-32)
(-0.10444599 -0.00019879527 -1.7174382e-17)
(-0.10525311 0.00012344502 -4.0106478e-17)
(-0.10576117 0.00041636662 0)
(-0.10599876 0.00067989807 0)
(-0.10599488 0.00091384517 0)
(-0.10577998 0.0011178763 0)
(-0.10538833 0.0012923359 0)
(-0.10485916 0.0014441406 0)
(-0.10420248 0.0016198769 0)
(-0.10305583 0.0020686826 0)
(-0.098533116 0.0042837534 0)
(-0.06559996 0.0092944051 0)
)
;
    }
    iris_top_left
    {
        type            solidTraction;
        nonOrthogonalCorrections true;
        useUndeformedArea false;
        traction        uniform (0 0 0);
        pressure        uniform 1300;
        secondOrder     false;
        extrapolateValue false;
        setEffectiveTraction false;
        relaxationFactor 1;
        value           nonuniform List<vector> 
26
(
(5.1101615e-05 -6.4161604e-05 0)
(6.1824151e-05 -8.9307507e-05 0)
(7.0900682e-05 -0.0001182174 0)
(7.9189055e-05 -0.00015051991 0)
(8.6731185e-05 -0.00018593989 0)
(9.3547312e-05 -0.00022418618 0)
(9.9665177e-05 -0.0002649646 0)
(0.00010511704 -0.00030799096 0)
(0.00010993666 -0.0003529946 0)
(0.00011415815 -0.0003997191 0)
(0.0001178157 -0.00044792233 0)
(0.00012094349 -0.00049737645 0)
(0.00012357572 -0.00054786782 0)
(0.00012574655 -0.0005991971 0)
(0.00012749016 -0.00065117915 0)
(0.00012884074 -0.00070364308 0)
(0.00012983248 -0.00075643224 0)
(0.00013049961 -0.00080940425 0)
(0.0001308765 -0.00086243106 0)
(0.00013099786 -0.00091539936 0)
(0.00013089877 -0.00096821167 0)
(0.00013061291 -0.0010207892 0)
(0.00013015849 -0.0010730737 0)
(0.00012945805 -0.0011249958 0)
(0.00012793961 -0.0011761281 0)
(0.00012199973 -0.0012234732 0)
)
;
        gradient        nonuniform List<vector> 
26
(
(0.039171117 -0.010593153 0)
(0.054055799 -0.0094510285 0)
(0.061212399 -0.008407816 0)
(0.067722491 -0.0077502154 0)
(0.073666276 -0.0071192528 0)
(0.079024709 -0.0065088538 0)
(0.083804779 -0.0059241711 0)
(0.088029998 -0.0053677793 0)
(0.09172814 -0.0048404742 0)
(0.094927734 -0.0043424447 0)
(0.097657345 -0.0038737189 0)
(0.099945488 -0.003434294 0)
(0.10182065 -0.0030241661 0)
(0.10331133 -0.0026433336 0)
(0.10444598 -0.0022917973 0)
(0.1052531 -0.0019695635 0)
(0.10576117 -0.0016766565 0)
(0.10599882 -0.0014131536 0)
(0.10599511 -0.0011792508 0)
(0.10578061 -0.00097525903 0)
(0.1053898 -0.00080073721 0)
(0.10486205 -0.00064844855 0)
(0.10420664 -0.00047077099 0)
(0.1030544 -1.4768347e-05 0)
(0.098477386 0.0022307057 0)
(0.065150952 0.0073262894 0)
)
;
    }
    sclera_stub_bottom_left
    {
        type            solidTraction;
        nonOrthogonalCorrections true;
        useUndeformedArea false;
        traction        uniform (0 0 0);
        pressure        uniform 1000;
        secondOrder     false;
        extrapolateValue false;
        setEffectiveTraction false;
        relaxationFactor 1;
        value           nonuniform List<vector> 4((-7.9390741e-06 -5.0892597e-06 0) (-1.9587107e-05 -1.3431924e-05 0) (-3.0575536e-05 -2.6025656e-05 0) (-3.8852188e-05 -4.1999431e-05 0));
        gradient        nonuniform List<vector> 4((-0.013644457 -0.0077937074 0) (-0.020936396 -0.0089584836 0) (-0.028567507 -0.0075136063 0) (-0.022772249 -0.0025676875 0));
    }
    sclera_stub_top_left
    {
        type            solidTraction;
        nonOrthogonalCorrections true;
        useUndeformedArea false;
        traction        uniform (0 0 0);
        pressure        uniform 1300;
        secondOrder     false;
        extrapolateValue false;
        setEffectiveTraction false;
        relaxationFactor 1;
        value           nonuniform List<vector> 4((8.627423e-06 -6.4892388e-06 0) (2.0418202e-05 -1.5619184e-05 0) (3.1606118e-05 -2.8485708e-05 0) (4.0161528e-05 -4.4504981e-05 0));
        gradient        nonuniform List<vector> 4((0.015890182 -0.0098707823 0) (0.021996469 -0.010813726 0) (0.028885797 -0.0094271396 0) (0.022471564 -0.0044846622 0));
    }
    iris_base_left
    {
        type            fixedValue;
        value           uniform (0 0 0);
    }
    lens_bottom
    {
        type            solidTraction;
        nonOrthogonalCorrections true;
        useUndeformedArea false;
        traction        uniform (0 0 0);
        pressure        uniform 1300;
        secondOrder     false;
        extrapolateValue false;
        setEffectiveTraction false;
        relaxationFactor 1;
        value           nonuniform List<vector> 
30
(
(2.245875e-05 1.7448522e-05 -1.6079684e-22)
(4.8805958e-05 4.8440588e-05 -2.8350767e-38)
(6.9769121e-05 8.9746235e-05 1.1978905e-70)
(8.5327799e-05 0.00013972992 -9.8541212e-83)
(9.5669443e-05 0.00019575728 7.8137605e-68)
(0.00010118252 0.00025520041 2.4741983e-52)
(0.00010231112 0.00031563121 9.0965119e-37)
(9.9513544e-05 0.0003748598 3.9410361e-21)
(9.3251257e-05 0.00043094004 1.4302762e-21)
(8.3986249e-05 0.00048216957 -5.189605e-21)
(7.2180539e-05 0.00052708951 -2.9320617e-36)
(5.8296109e-05 0.0005644842 2.8713944e-53)
(4.2794908e-05 0.00059338115 0)
(2.6138877e-05 0.00061305098 0)
(8.7899475e-06 0.00062300745 0)
(-8.7899475e-06 0.00062300745 0)
(-2.6138877e-05 0.00061305098 0)
(-4.2794908e-05 0.00059338115 -1.9842268e-37)
(-5.8296109e-05 0.0005644842 1.2860486e-20)
(-7.2180539e-05 0.00052708951 6.5948158e-21)
(-8.3986249e-05 0.00048216957 -8.6536728e-23)
(-9.3251257e-05 0.00043094004 -4.8191738e-22)
(-9.9513544e-05 0.0003748598 1.5571883e-37)
(-0.00010231112 0.00031563121 9.477576e-53)
(-0.00010118252 0.00025520041 0)
(-9.5669443e-05 0.00019575728 0)
(-8.5327799e-05 0.00013972992 0)
(-6.9769121e-05 8.9746235e-05 0)
(-4.8805958e-05 4.8440588e-05 0)
(-2.245875e-05 1.7448522e-05 0)
)
;
        gradient        nonuniform List<vector> 
30
(
(0.02528305 0.012010385 -6.7703934e-19)
(0.036148856 0.011103651 7.0276158e-34)
(0.045644665 0.0087918231 -9.369766e-68)
(0.053005521 0.0065157833 -1.2321758e-80)
(0.057735246 0.0043631549 2.2702929e-64)
(0.059936966 0.0023889299 2.3823752e-49)
(0.059829696 0.00060807609 -6.2448908e-33)
(0.057654415 -0.0009756842 1.6593836e-17)
(0.053654886 -0.0023615632 6.0222156e-18)
(0.048074739 -0.0035494394 -2.1850968e-17)
(0.041157315 -0.0045393157 9.2136295e-34)
(0.033145816 -0.0053312067 2.2940244e-49)
(0.024283387 -0.0059251211 0)
(0.014813153 -0.006321063 0)
(0.004978238 -0.0065190337 0)
(-0.004978238 -0.0065190337 0)
(-0.014813153 -0.006321063 0)
(-0.024283387 -0.0059251211 2.7920091e-33)
(-0.033145816 -0.0053312067 5.4149415e-17)
(-0.041157315 -0.0045393157 2.7767645e-17)
(-0.048074739 -0.0035494394 -3.6436517e-19)
(-0.053654886 -0.0023615632 -2.0291258e-18)
(-0.057654415 -0.0009756842 1.2716534e-33)
(-0.059829696 0.00060807609 1.5057219e-49)
(-0.059936966 0.0023889299 0)
(-0.057735246 0.0043631549 0)
(-0.053005521 0.0065157833 0)
(-0.045644665 0.0087918231 0)
(-0.036148856 0.011103651 0)
(-0.02528305 0.012010385 0)
)
;
    }
    lens_top
    {
        type            solidTraction;
        nonOrthogonalCorrections true;
        useUndeformedArea false;
        traction        uniform (0 0 0);
        pressure        uniform 0;
        secondOrder     false;
        extrapolateValue false;
        setEffectiveTraction false;
        relaxationFactor 1;
        value           nonuniform List<vector> 
30
(
(-2.2137904e-05 1.6302482e-05 0)
(-4.8754609e-05 4.6742435e-05 0)
(-6.9880792e-05 8.7900147e-05 0)
(-8.54965e-05 0.00013786261 0)
(-9.5844877e-05 0.00019389603 0)
(-0.00010134627 0.00025334602 0)
(-0.00010245798 0.00031378047 0)
(-9.9642685e-05 0.00037301051 0)
(-9.3362841e-05 0.00042909119 0)
(-8.4080509e-05 0.00048032081 0)
(-7.2257606e-05 0.00052524075 0)
(-5.8356034e-05 0.00056263542 0)
(-4.283771e-05 0.00059153235 0)
(-2.6164557e-05 0.00061120218 0)
(-8.7985078e-06 0.00062115866 0)
(8.7985078e-06 0.00062115866 0)
(2.6164557e-05 0.00061120218 0)
(4.283771e-05 0.00059153235 0)
(5.8356034e-05 0.00056263542 0)
(7.2257606e-05 0.00052524075 0)
(8.4080509e-05 0.00048032081 0)
(9.3362841e-05 0.00042909119 0)
(9.9642685e-05 0.00037301051 0)
(0.00010245798 0.00031378047 0)
(0.00010134627 0.00025334602 0)
(9.5844877e-05 0.00019389603 0)
(8.54965e-05 0.00013786261 0)
(6.9880792e-05 8.7900147e-05 0)
(4.8754609e-05 4.6742435e-05 0)
(2.2137904e-05 1.6302482e-05 0)
)
;
        gradient        nonuniform List<vector> 
30
(
(-0.02436417 0.011025292 0)
(-0.035798833 0.010230619 0)
(-0.045560088 0.0078732622 0)
(-0.052997942 0.0055637325 0)
(-0.057741703 0.0033963786 0)
(-0.05994222 0.0014170944 0)
(-0.059832248 -0.00036505321 0)
(-0.057655358 -0.0019489592 0)
(-0.053655149 -0.003334752 0)
(-0.048074779 -0.0045225504 0)
(-0.041157305 -0.0055123875 0)
(-0.033145804 -0.0063042635 0)
(-0.02428338 -0.0068981736 0)
(-0.014813151 -0.0072941147 0)
(-0.0049782373 -0.0074920854 0)
(0.0049782373 -0.0074920854 0)
(0.014813151 -0.0072941147 0)
(0.02428338 -0.0068981736 0)
(0.033145804 -0.0063042635 0)
(0.041157305 -0.0055123875 0)
(0.048074779 -0.0045225504 0)
(0.053655149 -0.003334752 0)
(0.057655358 -0.0019489592 0)
(0.059832248 -0.00036505321 0)
(0.05994222 0.0014170944 0)
(0.057741703 0.0033963786 0)
(0.052997942 0.0055637325 0)
(0.045560088 0.0078732622 0)
(0.035798833 0.010230619 0)
(0.02436417 0.011025292 0)
)
;
    }
    lens_left
    {
        type            fixedValue;
        value           uniform (0 0 0);
    }
    lens_right
    {
        type            fixedValue;
        value           uniform (0 0 0);
    }
    sclera_R_bottom
    {
        type            solidTraction;
        nonOrthogonalCorrections true;
        useUndeformedArea false;
        traction        uniform (0 0 0);
        pressure        uniform 0;
        secondOrder     false;
        extrapolateValue false;
        setEffectiveTraction false;
        relaxationFactor 1;
        value           nonuniform List<vector> 2((2.8579514e-06 -1.0401225e-06 -2.6628086e-107) (2.8325267e-06 -7.595754e-07 -3.4449877e-74));
        gradient        nonuniform List<vector> 2((0.00047848635 9.8072112e-05 -4.9946712e-105) (0.00046391761 -0.00014961129 -1.0485514e-70));
    }
    sclera_R_top
    {
        type            fixedValue;
        value           uniform (0 0 0);
    }
    sclera_R_inner
    {
        type            solidTraction;
        nonOrthogonalCorrections true;
        useUndeformedArea false;
        traction        uniform (0 0 0);
        pressure        uniform 1500;
        secondOrder     false;
        extrapolateValue false;
        setEffectiveTraction false;
        relaxationFactor 1;
        value           nonuniform List<vector> 
44
(
(2.0675517e-06 -1.1197883e-06 0)
(5.2880306e-06 4.8520426e-07 0)
(6.2768848e-06 7.1725865e-07 0)
(7.3484482e-06 7.7421733e-07 0)
(8.4619453e-06 7.8416781e-07 0)
(9.5625613e-06 7.6235597e-07 -1.2160176e-22)
(1.0625203e-05 7.2218099e-07 3.2484211e-23)
(1.1632939e-05 6.6925932e-07 1.7567252e-22)
(1.2574148e-05 6.0681553e-07 0)
(1.343997e-05 5.3675842e-07 -8.2506422e-68)
(1.4223304e-05 4.6041638e-07 -3.3360498e-53)
(1.4918303e-05 3.7884059e-07 -4.1685492e-38)
(1.5520143e-05 2.9295317e-07 1.8957464e-22)
(1.6024912e-05 2.0361551e-07 1.323714e-22)
(1.6429554e-05 1.1166045e-07 4.6708027e-22)
(1.6731849e-05 1.7907348e-08 3.2088274e-22)
(1.6930395e-05 -7.6830767e-08 1.7183598e-22)
(1.7024611e-05 -1.7174387e-07 2.697821e-22)
(1.7014726e-05 -2.6602335e-07 1.2904939e-22)
(1.6901783e-05 -3.5886127e-07 5.8276659e-38)
(1.6687634e-05 -4.4945002e-07 6.3393045e-53)
(1.6374946e-05 -5.3698213e-07 1.9158233e-84)
(1.5967195e-05 -6.2065022e-07 0)
(1.5468668e-05 -6.9964691e-07 -1.2034836e-53)
(1.4884464e-05 -7.7316488e-07 -1.9980438e-38)
(1.4220493e-05 -8.4039681e-07 -2.2392492e-22)
(1.3483476e-05 -9.0053539e-07 -4.3099694e-22)
(1.2680944e-05 -9.5277339e-07 -1.150373e-22)
(1.1821241e-05 -9.963036e-07 4.8888235e-39)
(1.0913519e-05 -1.030319e-06 9.3268978e-72)
(9.9677429e-06 -1.054013e-06 5.5268855e-87)
(8.9946865e-06 -1.0665794e-06 -5.5033612e-100)
(8.0059325e-06 -1.0672138e-06 1.5261851e-133)
(7.013869e-06 -1.0551145e-06 -2.1331887e-147)
(6.0316845e-06 -1.0294865e-06 1.4716044e-179)
(5.0733558e-06 -9.8954801e-07 7.9148542e-213)
(4.1536219e-06 -9.3454553e-07 -2.4173015e-227)
(3.2879314e-06 -8.6378547e-07 0)
(2.4923299e-06 -7.7670058e-07 0)
(1.7832223e-06 -6.7298982e-07 2.0582251e-23)
(1.1768791e-06 -5.529213e-07 -1.0761536e-23)
(6.8835628e-07 -4.1793231e-07 -2.7531845e-23)
(3.294598e-07 -2.7217125e-07 1.8396703e-39)
(1.0290934e-07 -1.2403647e-07 0)
)
;
        gradient        nonuniform List<vector> 
44
(
(0.00021659212 -0.00037320289 0)
(0.00066158573 0.0013498741 0)
(0.00023576559 0.0020508788 0)
(5.4885541e-05 0.0021749446 0)
(-9.2646345e-06 0.0022038628 0)
(-5.0086477e-05 0.0021532425 -4.8640705e-19)
(-7.5422131e-05 0.0020607925 1.2993684e-19)
(-9.3557706e-05 0.001939923 7.0269008e-19)
(-0.00010751268 0.001798666 0)
(-0.00011883129 0.0016415207 -7.1351647e-65)
(-0.00012821201 0.0014714884 1.2749535e-49)
(-0.00013598568 0.0012908356 9.1347038e-34)
(-0.00014230686 0.001101486 7.5829855e-19)
(-0.00014724829 0.00090520065 5.2948559e-19)
(-0.00015084416 0.00070366355 1.8683211e-18)
(-0.00015311061 0.00049852228 1.283531e-18)
(-0.00015405526 0.00029140714 6.8734391e-19)
(-0.00015368169 8.3940199e-05 1.0791284e-18)
(-0.00015199162 -0.00012226035 5.1619754e-19)
(-0.00014898585 -0.00032557817 7.2332953e-34)
(-0.00014466478 -0.00052439779 7.8750813e-50)
(-0.00013902857 -0.00071710418 2.8346163e-83)
(-0.00013207734 -0.00090208252 0)
(-0.00012381112 -0.0010777181 1.6867905e-50)
(-0.00011422995 -0.0012423962 7.7070702e-34)
(-0.00010333386 -0.0013945022 -8.9569966e-19)
(-9.1122913e-05 -0.0015324216 -1.7239878e-18)
(-7.7597196e-05 -0.00165454 -4.6014918e-19)
(-6.2756894e-05 -0.0017592431 6.0921017e-34)
(-4.6602414e-05 -0.0018449171 3.7287385e-69)
(-2.9134573e-05 -0.0019099491 3.6271987e-83)
(-1.0355094e-05 -0.0019527282 -2.2383323e-97)
(9.732404e-06 -0.0019716473 6.1047402e-130)
(3.1120253e-05 -0.001965108 2.3008064e-145)
(5.3792337e-05 -0.0019315295 2.3566628e-176)
(7.7714656e-05 -0.0018693681 3.1659417e-209)
(0.00010281546 -0.0017771587 -1.563871e-224)
(0.00012894317 -0.001653601 0)
(0.00015577802 -0.001497743 0)
(0.00018263966 -0.0013093608 8.2329005e-20)
(0.0002081124 -0.0010897973 -4.3046143e-20)
(0.00022903619 -0.00084349616 -1.1012738e-19)
(0.00023974206 -0.00058273662 1.8098855e-34)
(0.0002220969 -0.00032798233 0)
)
;
    }
    sclera_R_outer
    {
        type            solidTraction;
        nonOrthogonalCorrections true;
        useUndeformedArea false;
        traction        uniform (0 0 0);
        pressure        uniform 0;
        secondOrder     false;
        extrapolateValue false;
        setEffectiveTraction false;
        relaxationFactor 1;
        value           nonuniform List<vector> 
50
(
(2.6750934e-06 -5.7620456e-07 8.2975882e-58)
(2.2486544e-06 -5.5691115e-07 3.3552189e-41)
(2.0474694e-06 -6.8308316e-07 -3.8822985e-25)
(2.0297319e-06 -8.8108936e-07 -3.1040427e-25)
(2.4530099e-06 -1.044919e-06 0)
(3.1742959e-06 -1.1722583e-06 -3.3066859e-39)
(4.108823e-06 -1.282195e-06 8.9807024e-24)
(5.2697041e-06 -1.4207851e-06 5.899287e-24)
(6.2188193e-06 -1.4268649e-06 1.8897637e-39)
(7.3238634e-06 -1.4557321e-06 -3.042709e-55)
(8.4425286e-06 -1.4348589e-06 0)
(9.5467192e-06 -1.3922832e-06 0)
(1.0610609e-05 -1.3335514e-06 1.2132549e-313)
(1.1618904e-05 -1.2633116e-06 2.4552714e-279)
(1.2560339e-05 -1.1840111e-06 9.5370858e-247)
(1.3426256e-05 -1.0972979e-06 1.3151665e-214)
(1.4209628e-05 -1.0043818e-06 3.113648e-200)
(1.4904644e-05 -9.0626612e-07 -3.3368926e-184)
(1.5506491e-05 -8.038531e-07 -1.6730869e-168)
(1.6011262e-05 -6.9799578e-07 2.6408614e-154)
(1.6415906e-05 -5.8952353e-07 -1.5986786e-121)
(1.6718201e-05 -4.7925429e-07 -3.7305817e-89)
(1.6916748e-05 -3.680005e-07 -7.6759517e-56)
(1.7010963e-05 -2.5657193e-07 -2.6705878e-23)
(1.7001078e-05 -1.4577709e-07 -1.1341602e-23)
(1.6888135e-05 -3.6423874e-08 -1.4439079e-38)
(1.6673986e-05 7.0680106e-08 0)
(1.6361298e-05 1.747274e-07 0)
(1.5953547e-05 2.7491061e-07 0)
(1.545502e-05 3.7042241e-07 5.567309e-23)
(1.4870816e-05 4.6045547e-07 3.4245308e-22)
(1.4206845e-05 5.4420248e-07 3.41339e-22)
(1.3469828e-05 6.2085616e-07 1.5009336e-22)
(1.2667296e-05 6.8960928e-07 1.7781651e-22)
(1.1807593e-05 7.4965465e-07 2.7769705e-22)
(1.0899871e-05 8.0018527e-07 4.2930671e-23)
(9.954095e-06 8.4039443e-07 -2.3324933e-22)
(8.9810388e-06 8.6947609e-07 -1.0940255e-22)
(7.9922849e-06 8.8662558e-07 9.2882851e-23)
(7.000222e-06 8.9104109e-07 4.0756095e-24)
(6.0180387e-06 8.8192689e-07 -1.7004596e-23)
(5.0597129e-06 8.5849974e-07 5.0982478e-23)
(4.1399859e-06 8.2000274e-07 1.3790151e-23)
(3.2743119e-06 7.6573377e-07 -2.9367721e-23)
(2.4787502e-06 6.951053e-07 -1.4277159e-23)
(1.7697383e-06 6.0776738e-07 -1.7426104e-23)
(1.1636262e-06 5.0387173e-07 -5.8472455e-24)
(6.7565442e-07 3.8456799e-07 2.5223308e-24)
(3.1811239e-07 2.5336035e-07 2.6618169e-24)
(9.4637591e-08 1.1686407e-07 -1.7428722e-24)
)
;
        gradient        nonuniform List<vector> 
50
(
(-0.00016581593 0.00058387209 1.876256e-53)
(8.9374813e-05 0.00063138148 1.8137476e-37)
(0.0003253537 0.00026854105 -1.5529194e-21)
(0.00029907416 -0.00040520981 -1.2416171e-21)
(0.00023822979 -0.0011445646 -9.1253925e-321)
(0.00019413562 -0.0016558136 1.4895468e-35)
(0.00020328795 -0.002094868 3.592281e-20)
(0.00011787139 -0.0021007663 2.3597148e-20)
(2.846105e-05 -0.0020446495 1.3161494e-35)
(6.510559e-06 -0.0022134146 2.1062345e-51)
(-5.1672156e-05 -0.002212565 0)
(-8.2503912e-05 -0.0021580435 0)
(-0.00010503341 -0.0020625911 8.0004007e-310)
(-0.00012178449 -0.001940703 1.5803268e-278)
(-0.00013520034 -0.0017989849 -1.2951496e-244)
(-0.00014628891 -0.0016416541 2.3145724e-212)
(-0.00015557501 -0.0014715437 -3.5931981e-198)
(-0.00016330921 -0.0012908586 2.350324e-181)
(-0.00016961403 -0.0011014956 -1.6182013e-165)
(-0.00017454866 -0.00090520462 9.180653e-151)
(-0.00017814174 -0.0007036652 -4.7693117e-119)
(-0.00018040706 -0.00049852297 -1.8160714e-86)
(-0.00018135127 -0.00029140743 -1.1800593e-52)
(-0.00018097755 -8.394033e-05 -1.0682351e-19)
(-0.00017928745 0.00012226028 -4.5366408e-20)
(-0.00017628169 0.00032557812 -1.0083992e-34)
(-0.00017196064 0.00052439775 0)
(-0.00016632447 0.00071710415 0)
(-0.00015937325 0.0009020825 0)
(-0.00015110705 0.0010777181 2.2269236e-19)
(-0.00014152589 0.0012423962 1.3698123e-18)
(-0.0001306298 0.0013945022 1.365356e-18)
(-0.00011841885 0.0015324217 6.0037343e-19)
(-0.00010489311 0.00165454 7.1126603e-19)
(-9.005276e-05 0.0017592431 1.1107882e-18)
(-7.38982e-05 0.0018449171 1.7172268e-19)
(-5.6430221e-05 0.001909949 -9.3299732e-19)
(-3.7650487e-05 0.0019527279 -4.3761022e-19)
(-1.7562455e-05 0.0019716467 3.715314e-19)
(3.8266157e-06 0.0019651064 1.6302438e-20)
(2.6501595e-05 0.0019315255 -6.8018383e-20)
(5.0430846e-05 0.0018693584 2.0392991e-19)
(7.5548286e-05 0.0017771354 5.5160606e-20)
(0.00010171597 0.0016535449 -1.1747088e-19)
(0.00012864713 0.0014976081 -5.7108634e-20)
(0.00015573975 0.0013090356 -6.9704418e-20)
(0.0001817726 0.0010890188 -2.3388982e-20)
(0.00020401537 0.00084159947 1.0089323e-20)
(0.00021801682 0.00057832692 1.0647268e-20)
(0.00020637967 0.00031668347 -6.9714889e-21)
)
;
    }
    sclera_tm_gap
    {
        type            solidTraction;
        nonOrthogonalCorrections true;
        useUndeformedArea false;
        traction        uniform (0 0 0);
        pressure        uniform 1500;
        secondOrder     false;
        extrapolateValue false;
        setEffectiveTraction false;
        relaxationFactor 1;
        value           nonuniform List<vector> 6((1.9182087e-06 -1.0257976e-06 0) (4.9209034e-06 -9.4351801e-08 -2.6347938e-25) (2.0656416e-06 -6.4556823e-07 0) (2.4550829e-06 -4.8518657e-07 0) (3.1600061e-06 -3.4474635e-07 -2.7671099e-23) (4.1093167e-06 -3.1825363e-07 4.9969665e-23));
        gradient        nonuniform List<vector> 6((-0.00047597523 3.4498792e-06 0) (-0.00080318761 -0.00096386702 -1.0490383e-21) (0.00044271292 0.00053687472 0) (0.00024652179 0.001094365 0) (0.00013697629 0.0016542343 -1.106844e-19) (0.000205263 0.0017608977 1.9987866e-19));
    }
    sclera_L_bottom
    {
        type            solidTraction;
        nonOrthogonalCorrections true;
        useUndeformedArea false;
        traction        uniform (0 0 0);
        pressure        uniform 0;
        secondOrder     false;
        extrapolateValue false;
        setEffectiveTraction false;
        relaxationFactor 1;
        value           nonuniform List<vector> 2((-2.8570807e-06 -1.0401263e-06 0) (-2.8316561e-06 -7.5958212e-07 0));
        gradient        nonuniform List<vector> 2((-0.00047848198 9.8070781e-05 0) (-0.00046391322 -0.00014960999 0));
    }
    sclera_L_top
    {
        type            fixedValue;
        value           uniform (0 0 0);
    }
    sclera_L_inner
    {
        type            solidTraction;
        nonOrthogonalCorrections true;
        useUndeformedArea false;
        traction        uniform (0 0 0);
        pressure        uniform 1500;
        secondOrder     false;
        extrapolateValue false;
        setEffectiveTraction false;
        relaxationFactor 1;
        value           nonuniform List<vector> 
44
(
(-2.0666894e-06 -1.1197895e-06 -8.6531915e-41)
(-5.2872397e-06 4.8522106e-07 0)
(-6.276114e-06 7.1728039e-07 0)
(-7.3476999e-06 7.7424082e-07 0)
(-8.4612213e-06 7.8419227e-07 0)
(-9.5618624e-06 7.6238094e-07 0)
(-1.0624529e-05 7.2220623e-07 0)
(-1.1632291e-05 6.6928472e-07 0)
(-1.2573527e-05 6.06841e-07 0)
(-1.3439375e-05 5.367839e-07 0)
(-1.4222734e-05 4.6044183e-07 0)
(-1.4917759e-05 3.7886596e-07 0)
(-1.5519626e-05 2.9297844e-07 0)
(-1.602442e-05 2.0364063e-07 0)
(-1.6429088e-05 1.1168538e-07 4.8726765e-86)
(-1.6731407e-05 1.7932047e-08 -1.851692e-72)
(-1.6929979e-05 -7.680634e-08 -1.796127e-38)
(-1.702422e-05 -1.7171976e-07 5.7385737e-23)
(-1.7014359e-05 -2.6599959e-07 2.5812818e-23)
(-1.690144e-05 -3.5883791e-07 2.392893e-38)
(-1.6687315e-05 -4.494271e-07 -7.6443052e-54)
(-1.637465e-05 -5.3695969e-07 2.8882385e-69)
(-1.5966921e-05 -6.206283e-07 0)
(-1.5468416e-05 -6.9962556e-07 -1.3336844e-22)
(-1.4884234e-05 -7.7314413e-07 -2.2097867e-22)
(-1.4220284e-05 -8.4037671e-07 -2.8933755e-22)
(-1.3483286e-05 -9.0051598e-07 -2.7164607e-22)
(-1.2680774e-05 -9.5275471e-07 -2.110921e-22)
(-1.1821089e-05 -9.962857e-07 -1.6855173e-22)
(-1.0913384e-05 -1.0303019e-06 -8.5739922e-23)
(-9.967625e-06 -1.0539968e-06 1.9605739e-22)
(-8.9945845e-06 -1.0665641e-06 1.0319232e-22)
(-8.0058452e-06 -1.0671995e-06 -8.4896965e-23)
(-7.0137955e-06 -1.0551013e-06 7.3131808e-24)
(-6.0316238e-06 -1.0294743e-06 -1.3730866e-23)
(-5.0733066e-06 -9.8953692e-07 -7.749427e-23)
(-4.1535832e-06 -9.3453562e-07 -4.0969139e-23)
(-3.287902e-06 -8.6377679e-07 3.2106676e-23)
(-2.4923085e-06 -7.7669316e-07 2.0435515e-23)
(-1.7832077e-06 -6.7298371e-07 3.0255547e-23)
(-1.1768699e-06 -5.5291654e-07 1.0760189e-23)
(-6.8835121e-07 -4.1792891e-07 -9.970116e-25)
(-3.2945754e-07 -2.7216918e-07 1.7269446e-24)
(-1.0290869e-07 -1.2403561e-07 3.4937654e-24)
)
;
        gradient        nonuniform List<vector> 
44
(
(-0.00021658973 -0.00037319682 -9.1750627e-37)
(-0.00066159918 0.0013499017 0)
(-0.00023577111 0.0020509213 0)
(-5.4887832e-05 0.0021749913 0)
(9.2633536e-06 0.0022039119 0)
(5.008577e-05 0.0021532929 0)
(7.5421715e-05 0.0020608436 0)
(9.355746e-05 0.0019399745 0)
(0.00010751255 0.0017987177 0)
(0.00011883125 0.0016415725 0)
(0.00012821205 0.0014715402 0)
(0.0001359858 0.0012908872 0)
(0.00014230705 0.0011015374 0)
(0.00014724855 0.00090525173 0)
(0.0001508445 0.00070371423 -1.4249148e-83)
(0.00015311103 0.00049857249 -2.4196194e-68)
(0.00015405575 0.00029145677 1.4614745e-34)
(0.00015368227 8.3989174e-05 2.2954295e-19)
(0.00015199227 -0.00012221212 1.0325127e-19)
(0.00014898659 -0.00032553078 1.9377147e-34)
(0.00014466559 -0.00052435133 5.1009994e-50)
(0.00013902946 -0.00071705875 -4.2564718e-65)
(0.0001320783 -0.00090203819 0)
(0.00012381215 -0.0010776749 -5.3347376e-19)
(0.00011423106 -0.0012423543 -8.8391469e-19)
(0.00010333504 -0.0013944618 -1.1573502e-18)
(9.1124155e-05 -0.0015323826 -1.0865843e-18)
(7.7598505e-05 -0.0016545026 -8.443684e-19)
(6.2758269e-05 -0.0017592072 -6.7420692e-19)
(4.6603856e-05 -0.001844883 -3.4295969e-19)
(2.913608e-05 -0.0019099168 7.8422956e-19)
(1.0356668e-05 -0.0019526977 4.1276928e-19)
(-9.7307621e-06 -0.0019716189 -3.3958786e-19)
(-3.1118542e-05 -0.0019650816 2.9252723e-20)
(-5.3790555e-05 -0.0019315053 -5.4923463e-20)
(-7.7712805e-05 -0.0018693461 -3.0997708e-19)
(-0.00010281354 -0.001777139 -1.6387656e-19)
(-0.00012894118 -0.0016535838 1.284267e-19)
(-0.00015577597 -0.0014977283 8.174206e-20)
(-0.00018263755 -0.0013093486 1.2102219e-19)
(-0.00020811026 -0.0010897877 4.3040755e-20)
(-0.00022903408 -0.00084348925 -3.9880464e-21)
(-0.00023974007 -0.0005827322 6.9077785e-21)
(-0.00022209526 -0.00032798006 1.3975061e-20)
)
;
    }
    sclera_L_outer
    {
        type            solidTraction;
        nonOrthogonalCorrections true;
        useUndeformedArea false;
        traction        uniform (0 0 0);
        pressure        uniform 0;
        secondOrder     false;
        extrapolateValue false;
        setEffectiveTraction false;
        relaxationFactor 1;
        value           nonuniform List<vector> 
50
(
(-2.6742243e-06 -5.7621275e-07 6.0758031e-91)
(-2.2477884e-06 -5.5692028e-07 -6.2916541e-76)
(-2.0466066e-06 -6.8309414e-07 -9.909391e-41)
(-2.0288761e-06 -8.8110114e-07 -4.0963528e-41)
(-2.4521649e-06 -1.0449326e-06 0)
(-3.1734652e-06 -1.1722739e-06 1.3387479e-23)
(-4.1080097e-06 -1.282213e-06 7.6401252e-23)
(-5.2689133e-06 -1.4208067e-06 2.6663887e-23)
(-6.2180477e-06 -1.4268877e-06 -1.6763911e-39)
(-7.3231149e-06 -1.4557565e-06 4.0808606e-55)
(-8.4418045e-06 -1.434884e-06 0)
(-9.5460202e-06 -1.3923088e-06 1.2743655e-22)
(-1.0609936e-05 -1.3335774e-06 -1.1723428e-22)
(-1.1618256e-05 -1.2633377e-06 -1.8588748e-22)
(-1.2559717e-05 -1.1840373e-06 7.7017326e-55)
(-1.342566e-05 -1.0973242e-06 0)
(-1.4209059e-05 -1.004408e-06 -2.9235992e-53)
(-1.49041e-05 -9.0629229e-07 7.5530338e-38)
(-1.5505973e-05 -8.0387916e-07 -3.6046902e-22)
(-1.601077e-05 -6.9802168e-07 -2.8338582e-22)
(-1.6415439e-05 -5.8954922e-07 -2.5746512e-22)
(-1.6717759e-05 -4.7927974e-07 -3.7425496e-22)
(-1.6916331e-05 -3.6802564e-07 -2.8916457e-23)
(-1.7010572e-05 -2.5659673e-07 -4.1531865e-22)
(-1.7000711e-05 -1.4580149e-07 -1.9279964e-22)
(-1.6887792e-05 -3.6447839e-08 -1.48657e-37)
(-1.6673667e-05 7.065663e-08 -1.7534777e-52)
(-1.6361002e-05 1.7470446e-07 1.1347967e-67)
(-1.5953273e-05 2.7488826e-07 0)
(-1.5454768e-05 3.7040069e-07 1.9467761e-53)
(-1.4870586e-05 4.6043443e-07 4.6056054e-38)
(-1.4206636e-05 5.4418217e-07 3.574397e-22)
(-1.3469638e-05 6.2083661e-07 2.723251e-22)
(-1.2667126e-05 6.8959054e-07 1.5265374e-22)
(-1.1807441e-05 7.4963676e-07 9.5150187e-38)
(-1.0899736e-05 8.0016827e-07 0)
(-9.9539772e-06 8.4037836e-07 0)
(-8.9809367e-06 8.69461e-07 0)
(-7.9921977e-06 8.8661149e-07 0)
(-7.0001484e-06 8.9102806e-07 0)
(-6.017978e-06 8.8191494e-07 0)
(-5.0596637e-06 8.5848892e-07 0)
(-4.1399471e-06 8.1999307e-07 0)
(-3.2742825e-06 7.6572531e-07 0)
(-2.4787288e-06 6.9509807e-07 0)
(-1.7697237e-06 6.0776144e-07 -1.6768841e-23)
(-1.163617e-06 5.038671e-07 5.5845095e-24)
(-6.756493e-07 3.8456467e-07 2.5804335e-23)
(-3.1811009e-07 2.5335832e-07 0)
(-9.4636914e-08 1.1686322e-07 0)
)
;
        gradient        nonuniform List<vector> 
50
(
(0.000165814 0.00058386747 2.1301786e-87)
(-8.9377048e-05 0.00063137516 -2.5166616e-72)
(-0.00032535623 0.00026852856 -1.0815794e-36)
(-0.00029907621 -0.00040522768 -5.3502768e-37)
(-0.00023823276 -0.0011445896 0)
(-0.00019413903 -0.0016558453 5.3549916e-20)
(-0.00020329275 -0.0020949078 3.0560501e-19)
(-0.0001178752 -0.0021008078 1.0665555e-19)
(-2.846325e-05 -0.0020446917 1.8616617e-35)
(-6.5124618e-06 -0.0022134619 -5.6089193e-52)
(5.1671199e-05 -0.0022126143 0)
(8.2503364e-05 -0.002158094 5.0974619e-19)
(0.00010503312 -0.0020626422 -4.6893713e-19)
(0.00012178435 -0.0019407546 -7.4354993e-19)
(0.0001352003 -0.0017990366 1.2154236e-50)
(0.00014628894 -0.0016417059 0)
(0.00015557512 -0.0014715955 5.2275243e-50)
(0.00016330939 -0.0012909102 -2.4037226e-34)
(0.00016961427 -0.0011015469 -1.4418761e-18)
(0.00017454897 -0.0009052557 -1.1335433e-18)
(0.00017814212 -0.00070371588 -1.0298605e-18)
(0.0001804075 -0.00049857318 -1.4970198e-18)
(0.00018135177 -0.00029145707 -1.1566583e-19)
(0.00018097812 -8.3989305e-05 -1.6612746e-18)
(0.00017928808 0.00012221206 -7.7119858e-19)
(0.0001762824 0.00032553074 -2.059413e-33)
(0.00017196142 0.0005243513 -2.7579207e-49)
(0.00016632531 0.00071705872 -1.0727842e-64)
(0.00015937417 0.00090203818 0)
(0.00015110804 0.0010776749 -2.3290539e-49)
(0.00014152695 0.0012423543 -1.0314229e-33)
(0.00013063094 0.0013944618 1.4297588e-18)
(0.00011842005 0.0015323826 1.0893004e-18)
(0.00010489439 0.0016545026 6.1061494e-19)
(9.0054111e-05 0.0017592073 -7.7917782e-34)
(7.3899627e-05 0.0018448829 0)
(5.6431725e-05 0.0019099167 0)
(3.7652068e-05 0.0019526975 0)
(1.7564112e-05 0.0019716182 0)
(-3.8248835e-06 0.00196508 0)
(-2.6499787e-05 0.0019315013 0)
(-5.0428961e-05 0.0018693364 0)
(-7.5546327e-05 0.0017771157 0)
(-0.00010171394 0.0016535277 0)
(-0.00012864503 0.0014975934 0)
(-0.00015573758 0.0013090234 -6.7075362e-20)
(-0.00018177039 0.0010890093 2.2338038e-20)
(-0.00020401317 0.00084159256 1.0321734e-19)
(-0.00021801474 0.0005783225 0)
(-0.00020637798 0.00031668119 0)
)
;
    }
    sclera_tm_gap_left
    {
        type            solidTraction;
        nonOrthogonalCorrections true;
        useUndeformedArea false;
        traction        uniform (0 0 0);
        pressure        uniform 1500;
        secondOrder     false;
        extrapolateValue false;
        setEffectiveTraction false;
        relaxationFactor 1;
        value           nonuniform List<vector> 6((-1.9173473e-06 -1.0258014e-06 1.5561236e-24) (-4.9201049e-06 -9.4346507e-08 -3.1269479e-25) (-2.0647858e-06 -6.4557147e-07 -2.014847e-23) (-2.4542379e-06 -4.851878e-07 0) (-3.1591748e-06 -3.4474607e-07 -1.8976425e-39) (-4.1085033e-06 -3.182534e-07 3.5973156e-23));
        gradient        nonuniform List<vector> 6((0.00047597322 3.4444995e-06 7.780618e-21) (0.00080320426 -0.00096388538 -1.2449885e-21) (-0.00044271515 0.000536891 -8.0593878e-20) (-0.0002465248 0.0010943895 8.9623508e-321) (-0.00013697761 0.0016542659 8.1688998e-35) (-0.00020526724 0.0017609305 1.4389262e-19));
    }
    sclera_top_bottom
    {
        type            solidTraction;
        nonOrthogonalCorrections true;
        useUndeformedArea false;
        traction        uniform (0 0 0);
        pressure        uniform 1500;
        secondOrder     false;
        extrapolateValue false;
        setEffectiveTraction false;
        relaxationFactor 1;
        value           nonuniform List<vector> 
42
(
(3.8788995e-07 3.1088182e-07 0)
(8.717442e-07 1.6569133e-06 0)
(1.2979327e-06 3.8965599e-06 0)
(1.6563451e-06 6.9152614e-06 0)
(1.9453645e-06 1.0577113e-05 0)
(2.1673234e-06 1.4746185e-05 -8.9507623e-145)
(2.3257611e-06 1.929206e-05 3.0292627e-129)
(2.4246083e-06 2.4091677e-05 -3.1522774e-117)
(2.4679214e-06 2.902993e-05 -5.6811168e-99)
(2.4597978e-06 3.3999852e-05 -1.9255297e-83)
(2.4043476e-06 3.8902683e-05 2.5349982e-68)
(2.305685e-06 4.3647884e-05 3.0956753e-54)
(2.1679254e-06 4.8153145e-05 -3.4237239e-38)
(1.9951843e-06 5.2344389e-05 5.4506227e-22)
(1.7915772e-06 5.6155768e-05 4.6460082e-22)
(1.5612196e-06 5.9529666e-05 -2.965922e-22)
(1.3082269e-06 6.2416696e-05 2.8284127e-55)
(1.0367148e-06 6.4775705e-05 -2.7755026e-71)
(7.5079888e-07 6.6573769e-05 0)
(4.5459464e-07 6.7786196e-05 1.4473972e-103)
(1.5221747e-07 6.8396524e-05 -2.6313142e-87)
(-1.5221731e-07 6.8396524e-05 -5.8452154e-71)
(-4.5459448e-07 6.7786196e-05 1.6280068e-54)
(-7.5079874e-07 6.6573769e-05 3.6329983e-38)
(-1.0367147e-06 6.4775705e-05 5.5026012e-22)
(-1.3082268e-06 6.2416696e-05 1.1798061e-21)
(-1.5612195e-06 5.9529666e-05 -3.3127594e-22)
(-1.7915772e-06 5.6155768e-05 -3.7202198e-22)
(-1.9951843e-06 5.2344389e-05 -5.7801846e-39)
(-2.1679254e-06 4.8153145e-05 -2.5738739e-53)
(-2.305685e-06 4.3647884e-05 0)
(-2.4043476e-06 3.8902683e-05 0)
(-2.4597978e-06 3.3999852e-05 2.0970414e-114)
(-2.4679214e-06 2.902993e-05 5.4261692e-99)
(-2.4246082e-06 2.4091677e-05 -6.9165909e-84)
(-2.3257611e-06 1.929206e-05 -9.1061538e-69)
(-2.1673234e-06 1.4746185e-05 1.2450242e-53)
(-1.9453644e-06 1.0577113e-05 1.9408438e-38)
(-1.6563451e-06 6.9152613e-06 3.3032012e-23)
(-1.2979327e-06 3.8965599e-06 4.9249932e-23)
(-8.7174418e-07 1.6569133e-06 0)
(-3.8788994e-07 3.1088183e-07 0)
)
;
        gradient        nonuniform List<vector> 
42
(
(0.00084663712 0.00037557804 0)
(0.0017928384 0.00037268564 0)
(0.0026291731 0.00032136852 0)
(0.0033402751 0.00026525389 0)
(0.0039154603 0.00020943203 0)
(0.0043574717 0.00015601226 8.9504615e-142)
(0.004672744 0.00010564834 -2.24155e-126)
(0.0048689329 5.8551957e-05 -2.4471835e-111)
(0.0049540853 1.4791202e-05 1.0977776e-96)
(0.0049363743 -2.5612006e-05 -4.6324146e-81)
(0.0048240133 -6.2650682e-05 9.5378874e-66)
(0.0046252286 -9.632271e-05 -3.3314827e-51)
(0.0043482504 -0.00012662756 -1.1770345e-33)
(0.0040013093 -0.00015356518 2.1802491e-18)
(0.0035926363 -0.00017713558 1.8584033e-18)
(0.0031304622 -0.00019733876 -1.1863688e-18)
(0.0026230181 -0.00021417467 -8.4067583e-53)
(0.0020785351 -0.00022764328 2.3909028e-68)
(0.0015052444 -0.00023774461 0)
(0.00091137715 -0.00024447875 -1.6229217e-100)
(0.00030516412 -0.00024784578 6.4668561e-84)
(-0.00030516413 -0.00024784578 9.417438e-68)
(-0.00091137715 -0.00024447875 -5.8824017e-52)
(-0.0015052444 -0.00023774461 4.0782095e-34)
(-0.002078535 -0.00022764328 2.2010405e-18)
(-0.002623018 -0.00021417467 4.7192244e-18)
(-0.0031304622 -0.00019733876 -1.3251038e-18)
(-0.0035926363 -0.00017713559 -1.4880879e-18)
(-0.0040013094 -0.00015356519 3.3182466e-34)
(-0.0043482504 -0.00012662758 -4.703024e-50)
(-0.0046252287 -9.6322725e-05 0)
(-0.0048240133 -6.2650695e-05 0)
(-0.0049363742 -2.5612019e-05 3.5027681e-112)
(-0.0049540853 1.4791186e-05 -9.8140259e-97)
(-0.0048689329 5.8551937e-05 2.7401889e-81)
(-0.004672744 0.00010564832 4.3867372e-66)
(-0.0043574718 0.00015601224 -1.224158e-50)
(-0.0039154604 0.00020943203 2.0369685e-34)
(-0.0033402752 0.0002652539 1.3212805e-19)
(-0.0026291731 0.00032136855 1.9699973e-19)
(-0.0017928383 0.00037268566 0)
(-0.00084663711 0.00037557804 0)
)
;
    }
    sclera_top_top
    {
        type            solidTraction;
        nonOrthogonalCorrections true;
        useUndeformedArea false;
        traction        uniform (0 0 0);
        pressure        uniform 0;
        secondOrder     false;
        extrapolateValue false;
        setEffectiveTraction false;
        relaxationFactor 1;
        value           nonuniform List<vector> 
42
(
(-3.8796939e-07 3.1072809e-07 0)
(-8.7188747e-07 1.6567288e-06 0)
(-1.2980885e-06 3.8963639e-06 0)
(-1.656499e-06 6.9150618e-06 0)
(-1.9455117e-06 1.0576912e-05 0)
(-2.1674624e-06 1.4745984e-05 0)
(-2.3258913e-06 1.9291858e-05 0)
(-2.4247296e-06 2.4091476e-05 0)
(-2.4680338e-06 2.9029728e-05 0)
(-2.4599013e-06 3.3999651e-05 0)
(-2.404442e-06 3.8902482e-05 0)
(-2.3057704e-06 4.3647682e-05 0)
(-2.1680018e-06 4.8152944e-05 0)
(-1.9952517e-06 5.2344188e-05 0)
(-1.7916356e-06 5.6155567e-05 0)
(-1.5612689e-06 5.9529464e-05 0)
(-1.3082673e-06 6.2416495e-05 0)
(-1.0367462e-06 6.4775504e-05 0)
(-7.5082124e-07 6.6573568e-05 0)
(-4.5460797e-07 6.7785994e-05 0)
(-1.522218e-07 6.8396323e-05 0)
(1.5222197e-07 6.8396323e-05 0)
(4.5460812e-07 6.7785994e-05 0)
(7.5082135e-07 6.6573568e-05 0)
(1.0367463e-06 6.4775504e-05 0)
(1.3082674e-06 6.2416495e-05 0)
(1.561269e-06 5.9529465e-05 0)
(1.7916357e-06 5.6155567e-05 0)
(1.9952518e-06 5.2344188e-05 0)
(2.1680019e-06 4.8152944e-05 0)
(2.3057705e-06 4.3647682e-05 0)
(2.404442e-06 3.8902482e-05 0)
(2.4599012e-06 3.3999651e-05 0)
(2.4680338e-06 2.9029729e-05 0)
(2.4247296e-06 2.4091476e-05 0)
(2.3258914e-06 1.9291858e-05 0)
(2.1674625e-06 1.4745984e-05 0)
(1.9455118e-06 1.0576912e-05 0)
(1.6564991e-06 6.9150617e-06 0)
(1.2980886e-06 3.8963638e-06 0)
(8.7188746e-07 1.6567287e-06 0)
(3.8796939e-07 3.1072809e-07 0)
)
;
        gradient        nonuniform List<vector> 
42
(
(-0.00084653586 0.00037524501 0)
(-0.0017928172 0.00037232148 0)
(-0.0026291655 0.00032097746 0)
(-0.0033402727 0.00026485492 0)
(-0.0039154596 0.00020903045 0)
(-0.0043574715 0.00015560984 0)
(-0.0046727439 0.00010524565 0)
(-0.0048689329 5.8149182e-05 0)
(-0.0049540853 1.4388392e-05 0)
(-0.0049363743 -2.6014835e-05 0)
(-0.0048240133 -6.3053519e-05 0)
(-0.0046252286 -9.6725548e-05 0)
(-0.0043482504 -0.00012703039 0)
(-0.0040013093 -0.000153968 0)
(-0.0035926363 -0.00017753839 0)
(-0.0031304622 -0.00019774156 0)
(-0.0026230181 -0.00021457748 0)
(-0.0020785351 -0.00022804609 0)
(-0.0015052444 -0.00023814743 0)
(-0.00091137716 -0.00024488157 0)
(-0.00030516412 -0.0002482486 0)
(0.00030516413 -0.0002482486 0)
(0.00091137715 -0.00024488156 0)
(0.0015052444 -0.00023814742 0)
(0.002078535 -0.00022804609 0)
(0.0026230181 -0.00021457749 0)
(0.0031304622 -0.00019774158 0)
(0.0035926363 -0.0001775384 0)
(0.0040013094 -0.00015396799 0)
(0.0043482504 -0.00012703037 0)
(0.0046252287 -9.6725506e-05 0)
(0.0048240133 -6.3053474e-05 0)
(0.0049363742 -2.6014802e-05 0)
(0.0049540853 1.4388403e-05 0)
(0.0048689329 5.8149175e-05 0)
(0.004672744 0.00010524564 0)
(0.0043574715 0.00015560984 0)
(0.0039154596 0.00020903047 0)
(0.0033402728 0.00026485494 0)
(0.0026291655 0.00032097746 0)
(0.0017928172 0.00037232145 0)
(0.00084653584 0.00037524499 0)
)
;
    }
    sclera_top_left
    {
        type            fixedValue;
        value           uniform (0 0 0);
    }
    sclera_top_right
    {
        type            fixedValue;
        value           uniform (0 0 0);
    }
    front
    {
        type            empty;
    }
    back
    {
        type            empty;
    }
}


// ************************************************************************* //
