/*--------------------------------*- C++ -*----------------------------------*\
| =========                 |                                                 |
| \\      /  F ield         | OpenFOAM: The Open Source CFD Toolbox           |
|  \\    /   O peration     | Version:  2512                                  |
|   \\  /    A nd           | Website:  www.openfoam.com                      |
|    \\/     M anipulation  |                                                 |
\*---------------------------------------------------------------------------*/
FoamFile
{
    version     2.0;
    format      ascii;
    arch        "LSB;label=32;scalar=64";
    class       volScalarField;
    location    "7";
    object      p;
}
// * * * * * * * * * * * * * * * * * * * * * * * * * * * * * * * * * * * * * //

dimensions      [0 2 -2 0 0 0 0];

internalField   nonuniform List<scalar> 
6144
(
1.9999987
1.9999986
1.9999986
1.9999987
1.9999987
1.9999987
1.9999987
1.9999987
1.9999987
1.9999987
1.9999987
1.9999987
1.9999987
1.9999987
1.9999987
1.9999987
1.9999987
1.9999987
1.9999987
1.9999987
1.9999987
1.9999987
1.9999986
1.9999986
1.9999962
1.9999962
1.9999962
1.9999962
1.9999962
1.9999962
1.9999962
1.9999962
1.9999962
1.9999962
1.9999962
1.9999962
1.9999962
1.9999962
1.9999962
1.9999962
1.9999962
1.9999962
1.9999962
1.9999962
1.9999962
1.9999962
1.9999962
1.9999962
1.9999937
1.9999937
1.9999937
1.9999937
1.9999937
1.9999937
1.9999937
1.9999937
1.9999937
1.9999937
1.9999937
1.9999937
1.9999937
1.9999937
1.9999937
1.9999937
1.9999937
1.9999937
1.9999937
1.9999937
1.9999937
1.9999937
1.9999937
1.9999937
1.9999915
1.9999915
1.9999915
1.9999915
1.9999915
1.9999915
1.9999915
1.9999915
1.9999915
1.9999915
1.9999915
1.9999915
1.9999915
1.9999915
1.9999915
1.9999915
1.9999915
1.9999915
1.9999915
1.9999915
1.9999915
1.9999915
1.9999915
1.9999915
1.9999894
1.9999894
1.9999894
1.9999894
1.9999894
1.9999894
1.9999894
1.9999894
1.9999894
1.9999894
1.9999894
1.9999894
1.9999894
1.9999894
1.9999894
1.9999894
1.9999894
1.9999894
1.9999894
1.9999894
1.9999894
1.9999894
1.9999894
1.9999894
1.9999873
1.9999873
1.9999873
1.9999873
1.9999873
1.9999873
1.9999873
1.9999873
1.9999873
1.9999873
1.9999873
1.9999873
1.9999873
1.9999873
1.9999873
1.9999873
1.9999873
1.9999873
1.9999873
1.9999873
1.9999873
1.9999873
1.9999873
1.9999873
1.9999853
1.9999853
1.9999853
1.9999853
1.9999853
1.9999853
1.9999853
1.9999853
1.9999853
1.9999853
1.9999853
1.9999853
1.9999853
1.9999853
1.9999853
1.9999853
1.9999853
1.9999853
1.9999853
1.9999853
1.9999853
1.9999853
1.9999853
1.9999853
1.9999833
1.9999833
1.9999833
1.9999833
1.9999833
1.9999833
1.9999833
1.9999833
1.9999833
1.9999833
1.9999833
1.9999833
1.9999833
1.9999833
1.9999833
1.9999833
1.9999833
1.9999833
1.9999833
1.9999833
1.9999833
1.9999833
1.9999833
1.9999833
1.9999815
1.9999815
1.9999815
1.9999815
1.9999815
1.9999815
1.9999815
1.9999815
1.9999815
1.9999815
1.9999815
1.9999815
1.9999815
1.9999815
1.9999815
1.9999815
1.9999815
1.9999815
1.9999815
1.9999815
1.9999815
1.9999815
1.9999815
1.9999815
1.9999798
1.9999798
1.9999798
1.9999798
1.9999798
1.9999798
1.9999798
1.9999798
1.9999798
1.9999798
1.9999798
1.9999798
1.9999798
1.9999798
1.9999798
1.9999798
1.9999798
1.9999798
1.9999798
1.9999798
1.9999798
1.9999798
1.9999798
1.9999798
1.9999781
1.9999781
1.9999781
1.9999781
1.9999781
1.9999781
1.9999781
1.9999781
1.9999781
1.9999781
1.9999781
1.9999781
1.9999781
1.9999781
1.9999781
1.9999781
1.9999781
1.9999781
1.9999781
1.9999781
1.9999781
1.9999781
1.9999781
1.9999781
1.9999765
1.9999765
1.9999765
1.9999765
1.9999765
1.9999765
1.9999765
1.9999765
1.9999765
1.9999765
1.9999765
1.9999765
1.9999765
1.9999765
1.9999765
1.9999765
1.9999765
1.9999765
1.9999765
1.9999765
1.9999765
1.9999765
1.9999765
1.9999765
1.999975
1.999975
1.999975
1.999975
1.999975
1.999975
1.999975
1.999975
1.999975
1.999975
1.999975
1.999975
1.999975
1.999975
1.999975
1.999975
1.999975
1.999975
1.999975
1.999975
1.999975
1.999975
1.999975
1.999975
1.9999736
1.9999736
1.9999736
1.9999736
1.9999736
1.9999736
1.9999736
1.9999736
1.9999736
1.9999736
1.9999736
1.9999736
1.9999736
1.9999736
1.9999736
1.9999736
1.9999736
1.9999736
1.9999736
1.9999736
1.9999736
1.9999736
1.9999736
1.9999736
1.9999723
1.9999723
1.9999723
1.9999723
1.9999723
1.9999723
1.9999723
1.9999723
1.9999723
1.9999723
1.9999723
1.9999723
1.9999723
1.9999723
1.9999723
1.9999723
1.9999723
1.9999723
1.9999723
1.9999723
1.9999723
1.9999723
1.9999723
1.9999723
1.9999711
1.9999711
1.9999711
1.9999711
1.9999711
1.9999711
1.9999711
1.9999711
1.9999711
1.9999711
1.9999711
1.9999711
1.9999711
1.9999711
1.9999711
1.9999711
1.9999711
1.9999711
1.9999711
1.9999711
1.9999711
1.9999711
1.9999711
1.9999711
1.9999699
1.9999699
1.9999699
1.9999699
1.9999699
1.9999699
1.9999699
1.9999699
1.9999699
1.9999699
1.9999699
1.9999699
1.9999699
1.9999699
1.9999699
1.9999699
1.9999699
1.9999699
1.9999699
1.9999699
1.9999699
1.9999699
1.9999699
1.9999699
1.9999689
1.9999689
1.9999689
1.9999689
1.9999689
1.9999689
1.9999689
1.9999689
1.9999689
1.9999689
1.9999689
1.9999689
1.9999689
1.9999689
1.9999689
1.9999689
1.9999689
1.9999689
1.9999689
1.9999689
1.9999689
1.9999689
1.9999689
1.9999689
1.9999679
1.9999679
1.9999679
1.9999679
1.9999679
1.9999679
1.9999679
1.9999679
1.9999679
1.9999679
1.9999679
1.9999679
1.9999679
1.9999679
1.9999679
1.9999679
1.9999679
1.9999679
1.9999679
1.9999679
1.9999679
1.9999679
1.9999679
1.9999679
1.999967
1.999967
1.999967
1.999967
1.999967
1.999967
1.999967
1.999967
1.999967
1.999967
1.999967
1.999967
1.999967
1.999967
1.999967
1.999967
1.999967
1.999967
1.999967
1.999967
1.999967
1.999967
1.999967
1.999967
1.9999662
1.9999662
1.9999662
1.9999662
1.9999662
1.9999662
1.9999662
1.9999662
1.9999662
1.9999662
1.9999662
1.9999662
1.9999662
1.9999662
1.9999662
1.9999662
1.9999662
1.9999662
1.9999662
1.9999662
1.9999662
1.9999662
1.9999662
1.9999662
1.9999655
1.9999655
1.9999655
1.9999655
1.9999655
1.9999655
1.9999655
1.9999655
1.9999655
1.9999655
1.9999655
1.9999655
1.9999655
1.9999655
1.9999655
1.9999655
1.9999655
1.9999655
1.9999655
1.9999655
1.9999655
1.9999655
1.9999655
1.9999655
1.9999649
1.9999649
1.9999649
1.9999649
1.9999649
1.9999649
1.9999649
1.9999649
1.9999649
1.9999649
1.9999649
1.9999649
1.9999649
1.9999649
1.9999649
1.9999649
1.9999649
1.9999649
1.9999649
1.9999649
1.9999649
1.9999649
1.9999649
1.9999649
1.9999643
1.9999643
1.9999643
1.9999643
1.9999643
1.9999643
1.9999643
1.9999643
1.9999643
1.9999643
1.9999643
1.9999643
1.9999643
1.9999643
1.9999643
1.9999643
1.9999643
1.9999643
1.9999643
1.9999643
1.9999643
1.9999643
1.9999643
1.9999643
1.9999639
1.9999639
1.9999639
1.9999639
1.9999639
1.9999639
1.9999639
1.9999639
1.9999639
1.9999639
1.9999639
1.9999639
1.9999639
1.9999639
1.9999639
1.9999639
1.9999639
1.9999639
1.9999639
1.9999639
1.9999639
1.9999639
1.9999639
1.9999639
1.9999636
1.9999636
1.9999636
1.9999636
1.9999636
1.9999636
1.9999636
1.9999636
1.9999636
1.9999636
1.9999636
1.9999636
1.9999636
1.9999636
1.9999636
1.9999636
1.9999636
1.9999636
1.9999636
1.9999636
1.9999636
1.9999636
1.9999636
1.9999636
1.9999631
1.9999631
1.9999631
1.9999631
1.9999631
1.9999631
1.9999631
1.9999631
1.9999631
1.9999631
1.9999631
1.9999631
1.9999631
1.9999631
1.9999631
1.9999631
1.9999631
1.9999631
1.9999631
1.9999631
1.9999631
1.9999631
1.9999631
1.9999631
1.9999634
1.9999634
1.9999634
1.9999634
1.9999634
1.9999634
1.9999634
1.9999634
1.9999634
1.9999634
1.9999634
1.9999634
1.9999634
1.9999634
1.9999634
1.9999634
1.9999634
1.9999634
1.9999634
1.9999634
1.9999634
1.9999634
1.9999634
1.9999634
1.999962
1.999962
1.999962
1.999962
1.999962
1.999962
1.999962
1.999962
1.999962
1.999962
1.999962
1.999962
1.999962
1.999962
1.999962
1.999962
1.999962
1.999962
1.999962
1.999962
1.999962
1.999962
1.999962
1.999962
1.9999656
1.9999656
1.9999656
1.9999656
1.9999656
1.9999656
1.9999656
1.9999656
1.9999656
1.9999656
1.9999656
1.9999656
1.9999656
1.9999656
1.9999656
1.9999656
1.9999656
1.9999656
1.9999656
1.9999656
1.9999656
1.9999656
1.9999656
1.9999656
1.9999987
1.9999986
1.9999986
1.9999987
1.9999986
1.9999987
1.9999987
1.9999987
1.9999987
1.9999987
1.9999987
1.9999987
1.9999987
1.9999987
1.9999987
1.9999987
1.9999987
1.9999987
1.9999987
1.9999986
1.9999986
1.9999987
1.9999986
1.9999986
1.9999962
1.9999962
1.9999962
1.9999962
1.9999962
1.9999962
1.9999962
1.9999962
1.9999962
1.9999962
1.9999962
1.9999962
1.9999962
1.9999962
1.9999962
1.9999962
1.9999962
1.9999962
1.9999962
1.9999962
1.9999962
1.9999962
1.9999962
1.9999962
1.9999937
1.9999937
1.9999937
1.9999937
1.9999937
1.9999937
1.9999937
1.9999937
1.9999937
1.9999937
1.9999937
1.9999937
1.9999937
1.9999937
1.9999937
1.9999937
1.9999937
1.9999937
1.9999937
1.9999937
1.9999937
1.9999937
1.9999937
1.9999937
1.9999915
1.9999915
1.9999915
1.9999915
1.9999915
1.9999915
1.9999915
1.9999915
1.9999915
1.9999915
1.9999915
1.9999915
1.9999915
1.9999915
1.9999915
1.9999915
1.9999915
1.9999915
1.9999915
1.9999915
1.9999915
1.9999915
1.9999915
1.9999915
1.9999894
1.9999894
1.9999894
1.9999894
1.9999894
1.9999894
1.9999894
1.9999894
1.9999894
1.9999894
1.9999894
1.9999894
1.9999894
1.9999894
1.9999894
1.9999894
1.9999894
1.9999894
1.9999894
1.9999894
1.9999894
1.9999894
1.9999894
1.9999894
1.9999873
1.9999873
1.9999873
1.9999873
1.9999873
1.9999873
1.9999873
1.9999873
1.9999873
1.9999873
1.9999873
1.9999873
1.9999873
1.9999873
1.9999873
1.9999873
1.9999873
1.9999873
1.9999873
1.9999873
1.9999873
1.9999873
1.9999873
1.9999873
1.9999853
1.9999853
1.9999853
1.9999853
1.9999853
1.9999853
1.9999853
1.9999853
1.9999853
1.9999853
1.9999853
1.9999853
1.9999853
1.9999853
1.9999853
1.9999853
1.9999853
1.9999853
1.9999853
1.9999853
1.9999853
1.9999853
1.9999853
1.9999853
1.9999833
1.9999833
1.9999833
1.9999833
1.9999833
1.9999833
1.9999833
1.9999833
1.9999833
1.9999833
1.9999833
1.9999833
1.9999833
1.9999833
1.9999833
1.9999833
1.9999833
1.9999833
1.9999833
1.9999833
1.9999833
1.9999833
1.9999833
1.9999833
1.9999815
1.9999815
1.9999815
1.9999815
1.9999815
1.9999815
1.9999815
1.9999815
1.9999815
1.9999815
1.9999815
1.9999815
1.9999815
1.9999815
1.9999815
1.9999815
1.9999815
1.9999815
1.9999815
1.9999815
1.9999815
1.9999815
1.9999815
1.9999815
1.9999798
1.9999798
1.9999798
1.9999798
1.9999798
1.9999798
1.9999798
1.9999798
1.9999798
1.9999798
1.9999798
1.9999798
1.9999798
1.9999798
1.9999798
1.9999798
1.9999798
1.9999798
1.9999798
1.9999798
1.9999798
1.9999798
1.9999798
1.9999798
1.9999781
1.9999781
1.9999781
1.9999781
1.9999781
1.9999781
1.9999781
1.9999781
1.9999781
1.9999781
1.9999781
1.9999781
1.9999781
1.9999781
1.9999781
1.9999781
1.9999781
1.9999781
1.9999781
1.9999781
1.9999781
1.9999781
1.9999781
1.9999781
1.9999765
1.9999765
1.9999765
1.9999765
1.9999765
1.9999765
1.9999765
1.9999765
1.9999765
1.9999765
1.9999765
1.9999765
1.9999765
1.9999765
1.9999765
1.9999765
1.9999765
1.9999765
1.9999765
1.9999765
1.9999765
1.9999765
1.9999765
1.9999765
1.999975
1.999975
1.999975
1.999975
1.999975
1.999975
1.999975
1.999975
1.999975
1.999975
1.999975
1.999975
1.999975
1.999975
1.999975
1.999975
1.999975
1.999975
1.999975
1.999975
1.999975
1.999975
1.999975
1.999975
1.9999736
1.9999736
1.9999736
1.9999736
1.9999736
1.9999736
1.9999736
1.9999736
1.9999736
1.9999736
1.9999736
1.9999736
1.9999736
1.9999736
1.9999736
1.9999736
1.9999736
1.9999736
1.9999736
1.9999736
1.9999736
1.9999736
1.9999736
1.9999736
1.9999723
1.9999723
1.9999723
1.9999723
1.9999723
1.9999723
1.9999723
1.9999723
1.9999723
1.9999723
1.9999723
1.9999723
1.9999723
1.9999723
1.9999723
1.9999723
1.9999723
1.9999723
1.9999723
1.9999723
1.9999723
1.9999723
1.9999723
1.9999723
1.9999711
1.9999711
1.9999711
1.9999711
1.9999711
1.9999711
1.9999711
1.9999711
1.9999711
1.9999711
1.9999711
1.9999711
1.9999711
1.9999711
1.9999711
1.9999711
1.9999711
1.9999711
1.9999711
1.9999711
1.9999711
1.9999711
1.9999711
1.9999711
1.9999699
1.9999699
1.9999699
1.9999699
1.9999699
1.9999699
1.9999699
1.9999699
1.9999699
1.9999699
1.9999699
1.9999699
1.9999699
1.9999699
1.9999699
1.9999699
1.9999699
1.9999699
1.9999699
1.9999699
1.9999699
1.9999699
1.9999699
1.9999699
1.9999689
1.9999689
1.9999689
1.9999689
1.9999689
1.9999689
1.9999689
1.9999689
1.9999689
1.9999689
1.9999689
1.9999689
1.9999689
1.9999689
1.9999689
1.9999689
1.9999689
1.9999689
1.9999689
1.9999689
1.9999689
1.9999689
1.9999689
1.9999689
1.9999679
1.9999679
1.9999679
1.9999679
1.9999679
1.9999679
1.9999679
1.9999679
1.9999679
1.9999679
1.9999679
1.9999679
1.9999679
1.9999679
1.9999679
1.9999679
1.9999679
1.9999679
1.9999679
1.9999679
1.9999679
1.9999679
1.9999679
1.9999679
1.999967
1.999967
1.999967
1.999967
1.999967
1.999967
1.999967
1.999967
1.999967
1.999967
1.999967
1.999967
1.999967
1.999967
1.999967
1.999967
1.999967
1.999967
1.999967
1.999967
1.999967
1.999967
1.999967
1.999967
1.9999662
1.9999662
1.9999662
1.9999662
1.9999662
1.9999662
1.9999662
1.9999662
1.9999662
1.9999662
1.9999662
1.9999662
1.9999662
1.9999662
1.9999662
1.9999662
1.9999662
1.9999662
1.9999662
1.9999662
1.9999662
1.9999662
1.9999662
1.9999662
1.9999655
1.9999655
1.9999655
1.9999655
1.9999655
1.9999655
1.9999655
1.9999655
1.9999655
1.9999655
1.9999655
1.9999655
1.9999655
1.9999655
1.9999655
1.9999655
1.9999655
1.9999655
1.9999655
1.9999655
1.9999655
1.9999655
1.9999655
1.9999655
1.9999649
1.9999649
1.9999649
1.9999649
1.9999649
1.9999649
1.9999649
1.9999649
1.9999649
1.9999649
1.9999649
1.9999649
1.9999649
1.9999649
1.9999649
1.9999649
1.9999649
1.9999649
1.9999649
1.9999649
1.9999649
1.9999649
1.9999649
1.9999649
1.9999643
1.9999643
1.9999643
1.9999643
1.9999643
1.9999643
1.9999643
1.9999643
1.9999643
1.9999643
1.9999643
1.9999643
1.9999643
1.9999643
1.9999643
1.9999643
1.9999643
1.9999643
1.9999643
1.9999643
1.9999643
1.9999643
1.9999643
1.9999643
1.9999639
1.9999639
1.9999639
1.9999639
1.9999639
1.9999639
1.9999639
1.9999639
1.9999639
1.9999639
1.9999639
1.9999639
1.9999639
1.9999639
1.9999639
1.9999639
1.9999639
1.9999639
1.9999639
1.9999639
1.9999639
1.9999639
1.9999639
1.9999639
1.9999636
1.9999636
1.9999636
1.9999636
1.9999636
1.9999636
1.9999636
1.9999636
1.9999636
1.9999636
1.9999636
1.9999636
1.9999636
1.9999636
1.9999636
1.9999636
1.9999636
1.9999636
1.9999636
1.9999636
1.9999636
1.9999636
1.9999636
1.9999636
1.9999631
1.9999631
1.9999631
1.9999631
1.9999631
1.9999631
1.9999631
1.9999631
1.9999631
1.9999631
1.9999631
1.9999631
1.9999631
1.9999631
1.9999631
1.9999631
1.9999631
1.9999631
1.9999631
1.9999631
1.9999631
1.9999631
1.9999631
1.9999631
1.9999634
1.9999634
1.9999634
1.9999634
1.9999634
1.9999634
1.9999634
1.9999634
1.9999634
1.9999634
1.9999634
1.9999634
1.9999634
1.9999634
1.9999634
1.9999634
1.9999634
1.9999634
1.9999634
1.9999634
1.9999634
1.9999634
1.9999634
1.9999634
1.999962
1.999962
1.999962
1.999962
1.999962
1.999962
1.999962
1.999962
1.999962
1.999962
1.999962
1.999962
1.999962
1.999962
1.999962
1.999962
1.999962
1.999962
1.999962
1.999962
1.999962
1.999962
1.999962
1.999962
1.9999656
1.9999656
1.9999656
1.9999656
1.9999656
1.9999656
1.9999656
1.9999656
1.9999656
1.9999656
1.9999656
1.9999656
1.9999656
1.9999656
1.9999656
1.9999656
1.9999656
1.9999656
1.9999656
1.9999656
1.9999656
1.9999656
1.9999656
1.9999656
1.9999987
1.9999986
1.9999986
1.9999987
1.9999986
1.9999986
1.9999987
1.9999987
1.9999987
1.9999987
1.9999987
1.9999987
1.9999987
1.9999987
1.9999987
1.9999987
1.9999987
1.9999987
1.9999987
1.9999986
1.9999986
1.9999987
1.9999986
1.9999986
1.9999962
1.9999962
1.9999962
1.9999962
1.9999962
1.9999962
1.9999962
1.9999962
1.9999962
1.9999962
1.9999962
1.9999962
1.9999962
1.9999962
1.9999962
1.9999962
1.9999962
1.9999962
1.9999962
1.9999962
1.9999962
1.9999962
1.9999962
1.9999962
1.9999937
1.9999937
1.9999937
1.9999937
1.9999937
1.9999937
1.9999937
1.9999937
1.9999937
1.9999937
1.9999937
1.9999937
1.9999937
1.9999937
1.9999937
1.9999937
1.9999937
1.9999937
1.9999937
1.9999937
1.9999937
1.9999937
1.9999937
1.9999937
1.9999915
1.9999915
1.9999915
1.9999915
1.9999915
1.9999915
1.9999915
1.9999915
1.9999915
1.9999915
1.9999915
1.9999915
1.9999915
1.9999915
1.9999915
1.9999915
1.9999915
1.9999915
1.9999915
1.9999915
1.9999915
1.9999915
1.9999915
1.9999915
1.9999894
1.9999894
1.9999894
1.9999894
1.9999894
1.9999894
1.9999894
1.9999894
1.9999894
1.9999894
1.9999894
1.9999894
1.9999894
1.9999894
1.9999894
1.9999894
1.9999894
1.9999894
1.9999894
1.9999894
1.9999894
1.9999894
1.9999894
1.9999894
1.9999873
1.9999873
1.9999873
1.9999873
1.9999873
1.9999873
1.9999873
1.9999873
1.9999873
1.9999873
1.9999873
1.9999873
1.9999873
1.9999873
1.9999873
1.9999873
1.9999873
1.9999873
1.9999873
1.9999873
1.9999873
1.9999873
1.9999873
1.9999873
1.9999853
1.9999853
1.9999853
1.9999853
1.9999853
1.9999853
1.9999853
1.9999853
1.9999853
1.9999853
1.9999853
1.9999853
1.9999853
1.9999853
1.9999853
1.9999853
1.9999853
1.9999853
1.9999853
1.9999853
1.9999853
1.9999853
1.9999853
1.9999853
1.9999833
1.9999833
1.9999833
1.9999833
1.9999833
1.9999833
1.9999833
1.9999833
1.9999833
1.9999833
1.9999833
1.9999833
1.9999833
1.9999833
1.9999833
1.9999833
1.9999833
1.9999833
1.9999833
1.9999833
1.9999833
1.9999833
1.9999833
1.9999833
1.9999815
1.9999815
1.9999815
1.9999815
1.9999815
1.9999815
1.9999815
1.9999815
1.9999815
1.9999815
1.9999815
1.9999815
1.9999815
1.9999815
1.9999815
1.9999815
1.9999815
1.9999815
1.9999815
1.9999815
1.9999815
1.9999815
1.9999815
1.9999815
1.9999798
1.9999798
1.9999798
1.9999798
1.9999798
1.9999798
1.9999798
1.9999798
1.9999798
1.9999798
1.9999798
1.9999798
1.9999798
1.9999798
1.9999798
1.9999798
1.9999798
1.9999798
1.9999798
1.9999798
1.9999798
1.9999798
1.9999798
1.9999798
1.9999781
1.9999781
1.9999781
1.9999781
1.9999781
1.9999781
1.9999781
1.9999781
1.9999781
1.9999781
1.9999781
1.9999781
1.9999781
1.9999781
1.9999781
1.9999781
1.9999781
1.9999781
1.9999781
1.9999781
1.9999781
1.9999781
1.9999781
1.9999781
1.9999765
1.9999765
1.9999765
1.9999765
1.9999765
1.9999765
1.9999765
1.9999765
1.9999765
1.9999765
1.9999765
1.9999765
1.9999765
1.9999765
1.9999765
1.9999765
1.9999765
1.9999765
1.9999765
1.9999765
1.9999765
1.9999765
1.9999765
1.9999765
1.999975
1.999975
1.999975
1.999975
1.999975
1.999975
1.999975
1.999975
1.999975
1.999975
1.999975
1.999975
1.999975
1.999975
1.999975
1.999975
1.999975
1.999975
1.999975
1.999975
1.999975
1.999975
1.999975
1.999975
1.9999736
1.9999736
1.9999736
1.9999736
1.9999736
1.9999736
1.9999736
1.9999736
1.9999736
1.9999736
1.9999736
1.9999736
1.9999736
1.9999736
1.9999736
1.9999736
1.9999736
1.9999736
1.9999736
1.9999736
1.9999736
1.9999736
1.9999736
1.9999736
1.9999723
1.9999723
1.9999723
1.9999723
1.9999723
1.9999723
1.9999723
1.9999723
1.9999723
1.9999723
1.9999723
1.9999723
1.9999723
1.9999723
1.9999723
1.9999723
1.9999723
1.9999723
1.9999723
1.9999723
1.9999723
1.9999723
1.9999723
1.9999723
1.9999711
1.9999711
1.9999711
1.9999711
1.9999711
1.9999711
1.9999711
1.9999711
1.9999711
1.9999711
1.9999711
1.9999711
1.9999711
1.9999711
1.9999711
1.9999711
1.9999711
1.9999711
1.9999711
1.9999711
1.9999711
1.9999711
1.9999711
1.9999711
1.9999699
1.9999699
1.9999699
1.9999699
1.9999699
1.9999699
1.9999699
1.9999699
1.9999699
1.9999699
1.9999699
1.9999699
1.9999699
1.9999699
1.9999699
1.9999699
1.9999699
1.9999699
1.9999699
1.9999699
1.9999699
1.9999699
1.9999699
1.9999699
1.9999689
1.9999689
1.9999689
1.9999689
1.9999689
1.9999689
1.9999689
1.9999689
1.9999689
1.9999689
1.9999689
1.9999689
1.9999689
1.9999689
1.9999689
1.9999689
1.9999689
1.9999689
1.9999689
1.9999689
1.9999689
1.9999689
1.9999689
1.9999689
1.9999679
1.9999679
1.9999679
1.9999679
1.9999679
1.9999679
1.9999679
1.9999679
1.9999679
1.9999679
1.9999679
1.9999679
1.9999679
1.9999679
1.9999679
1.9999679
1.9999679
1.9999679
1.9999679
1.9999679
1.9999679
1.9999679
1.9999679
1.9999679
1.999967
1.999967
1.999967
1.999967
1.999967
1.999967
1.999967
1.999967
1.999967
1.999967
1.999967
1.999967
1.999967
1.999967
1.999967
1.999967
1.999967
1.999967
1.999967
1.999967
1.999967
1.999967
1.999967
1.999967
1.9999662
1.9999662
1.9999662
1.9999662
1.9999662
1.9999662
1.9999662
1.9999662
1.9999662
1.9999662
1.9999662
1.9999662
1.9999662
1.9999662
1.9999662
1.9999662
1.9999662
1.9999662
1.9999662
1.9999662
1.9999662
1.9999662
1.9999662
1.9999662
1.9999655
1.9999655
1.9999655
1.9999655
1.9999655
1.9999655
1.9999655
1.9999655
1.9999655
1.9999655
1.9999655
1.9999655
1.9999655
1.9999655
1.9999655
1.9999655
1.9999655
1.9999655
1.9999655
1.9999655
1.9999655
1.9999655
1.9999655
1.9999655
1.9999649
1.9999649
1.9999649
1.9999649
1.9999649
1.9999649
1.9999649
1.9999649
1.9999649
1.9999649
1.9999649
1.9999649
1.9999649
1.9999649
1.9999649
1.9999649
1.9999649
1.9999649
1.9999649
1.9999649
1.9999649
1.9999649
1.9999649
1.9999649
1.9999643
1.9999643
1.9999643
1.9999643
1.9999643
1.9999643
1.9999643
1.9999643
1.9999643
1.9999643
1.9999643
1.9999643
1.9999643
1.9999643
1.9999643
1.9999643
1.9999643
1.9999643
1.9999643
1.9999643
1.9999643
1.9999643
1.9999643
1.9999643
1.9999639
1.9999639
1.9999639
1.9999639
1.9999639
1.9999639
1.9999639
1.9999639
1.9999639
1.9999639
1.9999639
1.9999639
1.9999639
1.9999639
1.9999639
1.9999639
1.9999639
1.9999639
1.9999639
1.9999639
1.9999639
1.9999639
1.9999639
1.9999639
1.9999636
1.9999636
1.9999636
1.9999636
1.9999636
1.9999636
1.9999636
1.9999636
1.9999636
1.9999636
1.9999636
1.9999636
1.9999636
1.9999636
1.9999636
1.9999636
1.9999636
1.9999636
1.9999636
1.9999636
1.9999636
1.9999636
1.9999636
1.9999636
1.9999631
1.9999631
1.9999631
1.9999631
1.9999631
1.9999631
1.9999631
1.9999631
1.9999631
1.9999631
1.9999631
1.9999631
1.9999631
1.9999631
1.9999631
1.9999631
1.9999631
1.9999631
1.9999631
1.9999631
1.9999631
1.9999631
1.9999631
1.9999631
1.9999634
1.9999634
1.9999634
1.9999634
1.9999634
1.9999634
1.9999634
1.9999634
1.9999634
1.9999634
1.9999634
1.9999634
1.9999634
1.9999634
1.9999634
1.9999634
1.9999634
1.9999634
1.9999634
1.9999634
1.9999634
1.9999634
1.9999634
1.9999634
1.999962
1.999962
1.999962
1.999962
1.999962
1.999962
1.999962
1.999962
1.999962
1.999962
1.999962
1.999962
1.999962
1.999962
1.999962
1.999962
1.999962
1.999962
1.999962
1.999962
1.999962
1.999962
1.999962
1.999962
1.9999656
1.9999656
1.9999656
1.9999656
1.9999656
1.9999656
1.9999656
1.9999656
1.9999656
1.9999656
1.9999656
1.9999656
1.9999656
1.9999656
1.9999656
1.9999656
1.9999656
1.9999656
1.9999656
1.9999656
1.9999656
1.9999656
1.9999656
1.9999656
1.9999987
1.9999986
1.9999986
1.9999987
1.9999986
1.9999986
1.9999987
1.9999987
1.9999987
1.9999987
1.9999987
1.9999987
1.9999987
1.9999987
1.9999987
1.9999987
1.9999987
1.9999987
1.9999987
1.9999986
1.9999986
1.9999987
1.9999986
1.9999986
1.9999962
1.9999962
1.9999962
1.9999962
1.9999962
1.9999962
1.9999962
1.9999962
1.9999962
1.9999962
1.9999962
1.9999962
1.9999962
1.9999962
1.9999962
1.9999962
1.9999962
1.9999962
1.9999962
1.9999962
1.9999962
1.9999962
1.9999962
1.9999962
1.9999937
1.9999937
1.9999937
1.9999937
1.9999937
1.9999937
1.9999937
1.9999937
1.9999937
1.9999937
1.9999937
1.9999937
1.9999937
1.9999937
1.9999937
1.9999937
1.9999937
1.9999937
1.9999937
1.9999937
1.9999937
1.9999937
1.9999937
1.9999937
1.9999915
1.9999915
1.9999915
1.9999915
1.9999915
1.9999915
1.9999915
1.9999915
1.9999915
1.9999915
1.9999915
1.9999915
1.9999915
1.9999915
1.9999915
1.9999915
1.9999915
1.9999915
1.9999915
1.9999915
1.9999915
1.9999915
1.9999915
1.9999915
1.9999894
1.9999894
1.9999894
1.9999894
1.9999894
1.9999894
1.9999894
1.9999894
1.9999894
1.9999894
1.9999894
1.9999894
1.9999894
1.9999894
1.9999894
1.9999894
1.9999894
1.9999894
1.9999894
1.9999894
1.9999894
1.9999894
1.9999894
1.9999894
1.9999873
1.9999873
1.9999873
1.9999873
1.9999873
1.9999873
1.9999873
1.9999873
1.9999873
1.9999873
1.9999873
1.9999873
1.9999873
1.9999873
1.9999873
1.9999873
1.9999873
1.9999873
1.9999873
1.9999873
1.9999873
1.9999873
1.9999873
1.9999873
1.9999853
1.9999853
1.9999853
1.9999853
1.9999853
1.9999853
1.9999853
1.9999853
1.9999853
1.9999853
1.9999853
1.9999853
1.9999853
1.9999853
1.9999853
1.9999853
1.9999853
1.9999853
1.9999853
1.9999853
1.9999853
1.9999853
1.9999853
1.9999853
1.9999833
1.9999833
1.9999833
1.9999833
1.9999833
1.9999833
1.9999833
1.9999833
1.9999833
1.9999833
1.9999833
1.9999833
1.9999833
1.9999833
1.9999833
1.9999833
1.9999833
1.9999833
1.9999833
1.9999833
1.9999833
1.9999833
1.9999833
1.9999833
1.9999815
1.9999815
1.9999815
1.9999815
1.9999815
1.9999815
1.9999815
1.9999815
1.9999815
1.9999815
1.9999815
1.9999815
1.9999815
1.9999815
1.9999815
1.9999815
1.9999815
1.9999815
1.9999815
1.9999815
1.9999815
1.9999815
1.9999815
1.9999815
1.9999798
1.9999798
1.9999798
1.9999798
1.9999798
1.9999798
1.9999798
1.9999798
1.9999798
1.9999798
1.9999798
1.9999798
1.9999798
1.9999798
1.9999798
1.9999798
1.9999798
1.9999798
1.9999798
1.9999798
1.9999798
1.9999798
1.9999798
1.9999798
1.9999781
1.9999781
1.9999781
1.9999781
1.9999781
1.9999781
1.9999781
1.9999781
1.9999781
1.9999781
1.9999781
1.9999781
1.9999781
1.9999781
1.9999781
1.9999781
1.9999781
1.9999781
1.9999781
1.9999781
1.9999781
1.9999781
1.9999781
1.9999781
1.9999765
1.9999765
1.9999765
1.9999765
1.9999765
1.9999765
1.9999765
1.9999765
1.9999765
1.9999765
1.9999765
1.9999765
1.9999765
1.9999765
1.9999765
1.9999765
1.9999765
1.9999765
1.9999765
1.9999765
1.9999765
1.9999765
1.9999765
1.9999765
1.999975
1.999975
1.999975
1.999975
1.999975
1.999975
1.999975
1.999975
1.999975
1.999975
1.999975
1.999975
1.999975
1.999975
1.999975
1.999975
1.999975
1.999975
1.999975
1.999975
1.999975
1.999975
1.999975
1.999975
1.9999736
1.9999736
1.9999736
1.9999736
1.9999736
1.9999736
1.9999736
1.9999736
1.9999736
1.9999736
1.9999736
1.9999736
1.9999736
1.9999736
1.9999736
1.9999736
1.9999736
1.9999736
1.9999736
1.9999736
1.9999736
1.9999736
1.9999736
1.9999736
1.9999723
1.9999723
1.9999723
1.9999723
1.9999723
1.9999723
1.9999723
1.9999723
1.9999723
1.9999723
1.9999723
1.9999723
1.9999723
1.9999723
1.9999723
1.9999723
1.9999723
1.9999723
1.9999723
1.9999723
1.9999723
1.9999723
1.9999723
1.9999723
1.9999711
1.9999711
1.9999711
1.9999711
1.9999711
1.9999711
1.9999711
1.9999711
1.9999711
1.9999711
1.9999711
1.9999711
1.9999711
1.9999711
1.9999711
1.9999711
1.9999711
1.9999711
1.9999711
1.9999711
1.9999711
1.9999711
1.9999711
1.9999711
1.9999699
1.9999699
1.9999699
1.9999699
1.9999699
1.9999699
1.9999699
1.9999699
1.9999699
1.9999699
1.9999699
1.9999699
1.9999699
1.9999699
1.9999699
1.9999699
1.9999699
1.9999699
1.9999699
1.9999699
1.9999699
1.9999699
1.9999699
1.9999699
1.9999689
1.9999689
1.9999689
1.9999689
1.9999689
1.9999689
1.9999689
1.9999689
1.9999689
1.9999689
1.9999689
1.9999689
1.9999689
1.9999689
1.9999689
1.9999689
1.9999689
1.9999689
1.9999689
1.9999689
1.9999689
1.9999689
1.9999689
1.9999689
1.9999679
1.9999679
1.9999679
1.9999679
1.9999679
1.9999679
1.9999679
1.9999679
1.9999679
1.9999679
1.9999679
1.9999679
1.9999679
1.9999679
1.9999679
1.9999679
1.9999679
1.9999679
1.9999679
1.9999679
1.9999679
1.9999679
1.9999679
1.9999679
1.999967
1.999967
1.999967
1.999967
1.999967
1.999967
1.999967
1.999967
1.999967
1.999967
1.999967
1.999967
1.999967
1.999967
1.999967
1.999967
1.999967
1.999967
1.999967
1.999967
1.999967
1.999967
1.999967
1.999967
1.9999662
1.9999662
1.9999662
1.9999662
1.9999662
1.9999662
1.9999662
1.9999662
1.9999662
1.9999662
1.9999662
1.9999662
1.9999662
1.9999662
1.9999662
1.9999662
1.9999662
1.9999662
1.9999662
1.9999662
1.9999662
1.9999662
1.9999662
1.9999662
1.9999655
1.9999655
1.9999655
1.9999655
1.9999655
1.9999655
1.9999655
1.9999655
1.9999655
1.9999655
1.9999655
1.9999655
1.9999655
1.9999655
1.9999655
1.9999655
1.9999655
1.9999655
1.9999655
1.9999655
1.9999655
1.9999655
1.9999655
1.9999655
1.9999649
1.9999649
1.9999649
1.9999649
1.9999649
1.9999649
1.9999649
1.9999649
1.9999649
1.9999649
1.9999649
1.9999649
1.9999649
1.9999649
1.9999649
1.9999649
1.9999649
1.9999649
1.9999649
1.9999649
1.9999649
1.9999649
1.9999649
1.9999649
1.9999643
1.9999643
1.9999643
1.9999643
1.9999643
1.9999643
1.9999643
1.9999643
1.9999643
1.9999643
1.9999643
1.9999643
1.9999643
1.9999643
1.9999643
1.9999643
1.9999643
1.9999643
1.9999643
1.9999643
1.9999643
1.9999643
1.9999643
1.9999643
1.9999639
1.9999639
1.9999639
1.9999639
1.9999639
1.9999639
1.9999639
1.9999639
1.9999639
1.9999639
1.9999639
1.9999639
1.9999639
1.9999639
1.9999639
1.9999639
1.9999639
1.9999639
1.9999639
1.9999639
1.9999639
1.9999639
1.9999639
1.9999639
1.9999636
1.9999636
1.9999636
1.9999636
1.9999636
1.9999636
1.9999636
1.9999636
1.9999636
1.9999636
1.9999636
1.9999636
1.9999636
1.9999636
1.9999636
1.9999636
1.9999636
1.9999636
1.9999636
1.9999636
1.9999636
1.9999636
1.9999636
1.9999636
1.9999631
1.9999631
1.9999631
1.9999631
1.9999631
1.9999631
1.9999631
1.9999631
1.9999631
1.9999631
1.9999631
1.9999631
1.9999631
1.9999631
1.9999631
1.9999631
1.9999631
1.9999631
1.9999631
1.9999631
1.9999631
1.9999631
1.9999631
1.9999631
1.9999634
1.9999634
1.9999634
1.9999634
1.9999634
1.9999634
1.9999634
1.9999634
1.9999634
1.9999634
1.9999634
1.9999634
1.9999634
1.9999634
1.9999634
1.9999634
1.9999634
1.9999634
1.9999634
1.9999634
1.9999634
1.9999634
1.9999634
1.9999634
1.999962
1.999962
1.999962
1.999962
1.999962
1.999962
1.999962
1.999962
1.999962
1.999962
1.999962
1.999962
1.999962
1.999962
1.999962
1.999962
1.999962
1.999962
1.999962
1.999962
1.999962
1.999962
1.999962
1.999962
1.9999656
1.9999656
1.9999656
1.9999656
1.9999656
1.9999656
1.9999656
1.9999656
1.9999656
1.9999656
1.9999656
1.9999656
1.9999656
1.9999656
1.9999656
1.9999656
1.9999656
1.9999656
1.9999656
1.9999656
1.9999656
1.9999656
1.9999656
1.9999656
1.9999987
1.9999987
1.9999986
1.9999987
1.9999987
1.9999986
1.9999987
1.9999987
1.9999986
1.9999987
1.9999987
1.9999987
1.9999987
1.9999987
1.9999987
1.9999987
1.9999987
1.9999986
1.9999987
1.9999987
1.9999986
1.9999987
1.9999987
1.9999986
1.9999961
1.9999961
1.9999961
1.9999961
1.9999961
1.9999961
1.9999961
1.9999961
1.9999961
1.9999961
1.9999961
1.9999961
1.9999961
1.9999961
1.9999961
1.9999961
1.9999961
1.9999961
1.9999961
1.9999961
1.9999961
1.9999961
1.9999961
1.9999961
1.9999937
1.9999937
1.9999937
1.9999937
1.9999937
1.9999937
1.9999937
1.9999937
1.9999937
1.9999937
1.9999937
1.9999937
1.9999937
1.9999937
1.9999937
1.9999937
1.9999937
1.9999937
1.9999937
1.9999937
1.9999937
1.9999937
1.9999937
1.9999937
1.9999915
1.9999915
1.9999915
1.9999915
1.9999915
1.9999915
1.9999915
1.9999915
1.9999915
1.9999915
1.9999915
1.9999915
1.9999915
1.9999915
1.9999915
1.9999915
1.9999915
1.9999915
1.9999915
1.9999915
1.9999915
1.9999915
1.9999915
1.9999915
1.9999894
1.9999894
1.9999894
1.9999894
1.9999894
1.9999894
1.9999894
1.9999894
1.9999894
1.9999894
1.9999894
1.9999894
1.9999894
1.9999894
1.9999894
1.9999894
1.9999894
1.9999894
1.9999894
1.9999894
1.9999894
1.9999894
1.9999894
1.9999894
1.9999873
1.9999873
1.9999873
1.9999873
1.9999873
1.9999873
1.9999873
1.9999873
1.9999873
1.9999873
1.9999873
1.9999873
1.9999873
1.9999873
1.9999873
1.9999873
1.9999873
1.9999873
1.9999873
1.9999873
1.9999873
1.9999873
1.9999873
1.9999873
1.9999853
1.9999853
1.9999853
1.9999853
1.9999853
1.9999853
1.9999853
1.9999853
1.9999853
1.9999853
1.9999853
1.9999853
1.9999853
1.9999853
1.9999853
1.9999853
1.9999853
1.9999853
1.9999853
1.9999853
1.9999853
1.9999853
1.9999853
1.9999853
1.9999833
1.9999833
1.9999833
1.9999833
1.9999833
1.9999833
1.9999833
1.9999833
1.9999833
1.9999833
1.9999833
1.9999833
1.9999833
1.9999833
1.9999833
1.9999833
1.9999833
1.9999833
1.9999833
1.9999833
1.9999833
1.9999833
1.9999833
1.9999833
1.9999815
1.9999815
1.9999815
1.9999815
1.9999815
1.9999815
1.9999815
1.9999815
1.9999815
1.9999815
1.9999815
1.9999815
1.9999815
1.9999815
1.9999815
1.9999815
1.9999815
1.9999815
1.9999815
1.9999815
1.9999815
1.9999815
1.9999815
1.9999815
1.9999798
1.9999798
1.9999798
1.9999798
1.9999798
1.9999798
1.9999798
1.9999798
1.9999798
1.9999798
1.9999798
1.9999798
1.9999798
1.9999798
1.9999798
1.9999798
1.9999798
1.9999798
1.9999798
1.9999798
1.9999798
1.9999798
1.9999798
1.9999798
1.9999781
1.9999781
1.9999781
1.9999781
1.9999781
1.9999781
1.9999781
1.9999781
1.9999781
1.9999781
1.9999781
1.9999781
1.9999781
1.9999781
1.9999781
1.9999781
1.9999781
1.9999781
1.9999781
1.9999781
1.9999781
1.9999781
1.9999781
1.9999781
1.9999765
1.9999765
1.9999765
1.9999765
1.9999765
1.9999765
1.9999765
1.9999765
1.9999765
1.9999765
1.9999765
1.9999765
1.9999765
1.9999765
1.9999765
1.9999765
1.9999765
1.9999765
1.9999765
1.9999765
1.9999765
1.9999765
1.9999765
1.9999765
1.999975
1.999975
1.999975
1.999975
1.999975
1.999975
1.999975
1.999975
1.999975
1.999975
1.999975
1.999975
1.999975
1.999975
1.999975
1.999975
1.999975
1.999975
1.999975
1.999975
1.999975
1.999975
1.999975
1.999975
1.9999736
1.9999736
1.9999736
1.9999736
1.9999736
1.9999736
1.9999736
1.9999736
1.9999736
1.9999736
1.9999736
1.9999736
1.9999736
1.9999736
1.9999736
1.9999736
1.9999736
1.9999736
1.9999736
1.9999736
1.9999736
1.9999736
1.9999736
1.9999736
1.9999723
1.9999723
1.9999723
1.9999723
1.9999723
1.9999723
1.9999723
1.9999723
1.9999723
1.9999723
1.9999723
1.9999723
1.9999723
1.9999723
1.9999723
1.9999723
1.9999723
1.9999723
1.9999723
1.9999723
1.9999723
1.9999723
1.9999723
1.9999723
1.9999711
1.9999711
1.9999711
1.9999711
1.9999711
1.9999711
1.9999711
1.9999711
1.9999711
1.9999711
1.9999711
1.9999711
1.9999711
1.9999711
1.9999711
1.9999711
1.9999711
1.9999711
1.9999711
1.9999711
1.9999711
1.9999711
1.9999711
1.9999711
1.9999699
1.9999699
1.9999699
1.9999699
1.9999699
1.9999699
1.9999699
1.9999699
1.9999699
1.9999699
1.9999699
1.9999699
1.9999699
1.9999699
1.9999699
1.9999699
1.9999699
1.9999699
1.9999699
1.9999699
1.9999699
1.9999699
1.9999699
1.9999699
1.9999689
1.9999689
1.9999689
1.9999689
1.9999689
1.9999689
1.9999689
1.9999689
1.9999689
1.9999689
1.9999689
1.9999689
1.9999689
1.9999689
1.9999689
1.9999689
1.9999689
1.9999689
1.9999689
1.9999689
1.9999689
1.9999689
1.9999689
1.9999689
1.9999679
1.9999679
1.9999679
1.9999679
1.9999679
1.9999679
1.9999679
1.9999679
1.9999679
1.9999679
1.9999679
1.9999679
1.9999679
1.9999679
1.9999679
1.9999679
1.9999679
1.9999679
1.9999679
1.9999679
1.9999679
1.9999679
1.9999679
1.9999679
1.999967
1.999967
1.999967
1.999967
1.999967
1.999967
1.999967
1.999967
1.999967
1.999967
1.999967
1.999967
1.999967
1.999967
1.999967
1.999967
1.999967
1.999967
1.999967
1.999967
1.999967
1.999967
1.999967
1.999967
1.9999662
1.9999662
1.9999662
1.9999662
1.9999662
1.9999662
1.9999662
1.9999662
1.9999662
1.9999662
1.9999662
1.9999662
1.9999662
1.9999662
1.9999662
1.9999662
1.9999662
1.9999662
1.9999662
1.9999662
1.9999662
1.9999662
1.9999662
1.9999662
1.9999655
1.9999655
1.9999655
1.9999655
1.9999655
1.9999655
1.9999655
1.9999655
1.9999655
1.9999655
1.9999655
1.9999655
1.9999655
1.9999655
1.9999655
1.9999655
1.9999655
1.9999655
1.9999655
1.9999655
1.9999655
1.9999655
1.9999655
1.9999655
1.9999649
1.9999649
1.9999649
1.9999649
1.9999649
1.9999649
1.9999649
1.9999649
1.9999649
1.9999649
1.9999649
1.9999649
1.9999649
1.9999649
1.9999649
1.9999649
1.9999649
1.9999649
1.9999649
1.9999649
1.9999649
1.9999649
1.9999649
1.9999649
1.9999643
1.9999643
1.9999643
1.9999643
1.9999643
1.9999643
1.9999643
1.9999643
1.9999643
1.9999643
1.9999643
1.9999643
1.9999643
1.9999643
1.9999643
1.9999643
1.9999643
1.9999643
1.9999643
1.9999643
1.9999643
1.9999643
1.9999643
1.9999643
1.9999639
1.9999639
1.9999639
1.9999639
1.9999639
1.9999639
1.9999639
1.9999639
1.9999639
1.9999639
1.9999639
1.9999639
1.9999639
1.9999639
1.9999639
1.9999639
1.9999639
1.9999639
1.9999639
1.9999639
1.9999639
1.9999639
1.9999639
1.9999639
1.9999636
1.9999636
1.9999636
1.9999636
1.9999636
1.9999636
1.9999636
1.9999636
1.9999636
1.9999636
1.9999636
1.9999636
1.9999636
1.9999636
1.9999636
1.9999636
1.9999636
1.9999636
1.9999636
1.9999636
1.9999636
1.9999636
1.9999636
1.9999636
1.9999631
1.9999631
1.9999631
1.9999631
1.9999631
1.9999631
1.9999631
1.9999631
1.9999631
1.9999631
1.9999631
1.9999631
1.9999631
1.9999631
1.9999631
1.9999631
1.9999631
1.9999631
1.9999631
1.9999631
1.9999631
1.9999631
1.9999631
1.9999631
1.9999634
1.9999634
1.9999634
1.9999634
1.9999634
1.9999634
1.9999634
1.9999634
1.9999634
1.9999634
1.9999634
1.9999634
1.9999634
1.9999634
1.9999634
1.9999634
1.9999634
1.9999634
1.9999634
1.9999634
1.9999634
1.9999634
1.9999634
1.9999634
1.999962
1.999962
1.999962
1.999962
1.999962
1.999962
1.999962
1.999962
1.999962
1.999962
1.999962
1.999962
1.999962
1.999962
1.999962
1.999962
1.999962
1.999962
1.999962
1.999962
1.999962
1.999962
1.999962
1.999962
1.9999657
1.9999656
1.9999655
1.9999657
1.9999656
1.9999655
1.9999657
1.9999656
1.9999655
1.9999657
1.9999656
1.9999655
1.9999657
1.9999656
1.9999655
1.9999657
1.9999656
1.9999655
1.9999657
1.9999656
1.9999655
1.9999657
1.9999656
1.9999655
1.9999987
1.9999987
1.9999986
1.9999987
1.9999987
1.9999986
1.9999987
1.9999987
1.9999986
1.9999987
1.9999987
1.9999987
1.9999987
1.9999987
1.9999987
1.9999987
1.9999987
1.9999986
1.9999987
1.9999987
1.9999986
1.9999987
1.9999987
1.9999986
1.9999961
1.9999961
1.9999961
1.9999961
1.9999961
1.9999961
1.9999961
1.9999961
1.9999961
1.9999961
1.9999961
1.9999961
1.9999961
1.9999961
1.9999961
1.9999961
1.9999961
1.9999961
1.9999961
1.9999961
1.9999961
1.9999961
1.9999961
1.9999961
1.9999937
1.9999937
1.9999937
1.9999937
1.9999937
1.9999937
1.9999937
1.9999937
1.9999937
1.9999937
1.9999937
1.9999937
1.9999937
1.9999937
1.9999937
1.9999937
1.9999937
1.9999937
1.9999937
1.9999937
1.9999937
1.9999937
1.9999937
1.9999937
1.9999915
1.9999915
1.9999915
1.9999915
1.9999915
1.9999915
1.9999915
1.9999915
1.9999915
1.9999915
1.9999915
1.9999915
1.9999915
1.9999915
1.9999915
1.9999915
1.9999915
1.9999915
1.9999915
1.9999915
1.9999915
1.9999915
1.9999915
1.9999915
1.9999894
1.9999894
1.9999894
1.9999894
1.9999894
1.9999894
1.9999894
1.9999894
1.9999894
1.9999894
1.9999894
1.9999894
1.9999894
1.9999894
1.9999894
1.9999894
1.9999894
1.9999894
1.9999894
1.9999894
1.9999894
1.9999894
1.9999894
1.9999894
1.9999873
1.9999873
1.9999873
1.9999873
1.9999873
1.9999873
1.9999873
1.9999873
1.9999873
1.9999873
1.9999873
1.9999873
1.9999873
1.9999873
1.9999873
1.9999873
1.9999873
1.9999873
1.9999873
1.9999873
1.9999873
1.9999873
1.9999873
1.9999873
1.9999853
1.9999853
1.9999853
1.9999853
1.9999853
1.9999853
1.9999853
1.9999853
1.9999853
1.9999853
1.9999853
1.9999853
1.9999853
1.9999853
1.9999853
1.9999853
1.9999853
1.9999853
1.9999853
1.9999853
1.9999853
1.9999853
1.9999853
1.9999853
1.9999833
1.9999833
1.9999833
1.9999833
1.9999833
1.9999833
1.9999833
1.9999833
1.9999833
1.9999833
1.9999833
1.9999833
1.9999833
1.9999833
1.9999833
1.9999833
1.9999833
1.9999833
1.9999833
1.9999833
1.9999833
1.9999833
1.9999833
1.9999833
1.9999815
1.9999815
1.9999815
1.9999815
1.9999815
1.9999815
1.9999815
1.9999815
1.9999815
1.9999815
1.9999815
1.9999815
1.9999815
1.9999815
1.9999815
1.9999815
1.9999815
1.9999815
1.9999815
1.9999815
1.9999815
1.9999815
1.9999815
1.9999815
1.9999798
1.9999798
1.9999798
1.9999798
1.9999798
1.9999798
1.9999798
1.9999798
1.9999798
1.9999798
1.9999798
1.9999798
1.9999798
1.9999798
1.9999798
1.9999798
1.9999798
1.9999798
1.9999798
1.9999798
1.9999798
1.9999798
1.9999798
1.9999798
1.9999781
1.9999781
1.9999781
1.9999781
1.9999781
1.9999781
1.9999781
1.9999781
1.9999781
1.9999781
1.9999781
1.9999781
1.9999781
1.9999781
1.9999781
1.9999781
1.9999781
1.9999781
1.9999781
1.9999781
1.9999781
1.9999781
1.9999781
1.9999781
1.9999765
1.9999765
1.9999765
1.9999765
1.9999765
1.9999765
1.9999765
1.9999765
1.9999765
1.9999765
1.9999765
1.9999765
1.9999765
1.9999765
1.9999765
1.9999765
1.9999765
1.9999765
1.9999765
1.9999765
1.9999765
1.9999765
1.9999765
1.9999765
1.999975
1.999975
1.999975
1.999975
1.999975
1.999975
1.999975
1.999975
1.999975
1.999975
1.999975
1.999975
1.999975
1.999975
1.999975
1.999975
1.999975
1.999975
1.999975
1.999975
1.999975
1.999975
1.999975
1.999975
1.9999736
1.9999736
1.9999736
1.9999736
1.9999736
1.9999736
1.9999736
1.9999736
1.9999736
1.9999736
1.9999736
1.9999736
1.9999736
1.9999736
1.9999736
1.9999736
1.9999736
1.9999736
1.9999736
1.9999736
1.9999736
1.9999736
1.9999736
1.9999736
1.9999723
1.9999723
1.9999723
1.9999723
1.9999723
1.9999723
1.9999723
1.9999723
1.9999723
1.9999723
1.9999723
1.9999723
1.9999723
1.9999723
1.9999723
1.9999723
1.9999723
1.9999723
1.9999723
1.9999723
1.9999723
1.9999723
1.9999723
1.9999723
1.9999711
1.9999711
1.9999711
1.9999711
1.9999711
1.9999711
1.9999711
1.9999711
1.9999711
1.9999711
1.9999711
1.9999711
1.9999711
1.9999711
1.9999711
1.9999711
1.9999711
1.9999711
1.9999711
1.9999711
1.9999711
1.9999711
1.9999711
1.9999711
1.9999699
1.9999699
1.9999699
1.9999699
1.9999699
1.9999699
1.9999699
1.9999699
1.9999699
1.9999699
1.9999699
1.9999699
1.9999699
1.9999699
1.9999699
1.9999699
1.9999699
1.9999699
1.9999699
1.9999699
1.9999699
1.9999699
1.9999699
1.9999699
1.9999689
1.9999689
1.9999689
1.9999689
1.9999689
1.9999689
1.9999689
1.9999689
1.9999689
1.9999689
1.9999689
1.9999689
1.9999689
1.9999689
1.9999689
1.9999689
1.9999689
1.9999689
1.9999689
1.9999689
1.9999689
1.9999689
1.9999689
1.9999689
1.9999679
1.9999679
1.9999679
1.9999679
1.9999679
1.9999679
1.9999679
1.9999679
1.9999679
1.9999679
1.9999679
1.9999679
1.9999679
1.9999679
1.9999679
1.9999679
1.9999679
1.9999679
1.9999679
1.9999679
1.9999679
1.9999679
1.9999679
1.9999679
1.999967
1.999967
1.999967
1.999967
1.999967
1.999967
1.999967
1.999967
1.999967
1.999967
1.999967
1.999967
1.999967
1.999967
1.999967
1.999967
1.999967
1.999967
1.999967
1.999967
1.999967
1.999967
1.999967
1.999967
1.9999662
1.9999662
1.9999662
1.9999662
1.9999662
1.9999662
1.9999662
1.9999662
1.9999662
1.9999662
1.9999662
1.9999662
1.9999662
1.9999662
1.9999662
1.9999662
1.9999662
1.9999662
1.9999662
1.9999662
1.9999662
1.9999662
1.9999662
1.9999662
1.9999655
1.9999655
1.9999655
1.9999655
1.9999655
1.9999655
1.9999655
1.9999655
1.9999655
1.9999655
1.9999655
1.9999655
1.9999655
1.9999655
1.9999655
1.9999655
1.9999655
1.9999655
1.9999655
1.9999655
1.9999655
1.9999655
1.9999655
1.9999655
1.9999649
1.9999649
1.9999649
1.9999649
1.9999649
1.9999649
1.9999649
1.9999649
1.9999649
1.9999649
1.9999649
1.9999649
1.9999649
1.9999649
1.9999649
1.9999649
1.9999649
1.9999649
1.9999649
1.9999649
1.9999649
1.9999649
1.9999649
1.9999649
1.9999643
1.9999643
1.9999643
1.9999643
1.9999643
1.9999643
1.9999643
1.9999643
1.9999643
1.9999643
1.9999643
1.9999643
1.9999643
1.9999643
1.9999643
1.9999643
1.9999643
1.9999643
1.9999643
1.9999643
1.9999643
1.9999643
1.9999643
1.9999643
1.9999639
1.9999639
1.9999639
1.9999639
1.9999639
1.9999639
1.9999639
1.9999639
1.9999639
1.9999639
1.9999639
1.9999639
1.9999639
1.9999639
1.9999639
1.9999639
1.9999639
1.9999639
1.9999639
1.9999639
1.9999639
1.9999639
1.9999639
1.9999639
1.9999636
1.9999636
1.9999636
1.9999636
1.9999636
1.9999636
1.9999636
1.9999636
1.9999636
1.9999636
1.9999636
1.9999636
1.9999636
1.9999636
1.9999636
1.9999636
1.9999636
1.9999636
1.9999636
1.9999636
1.9999636
1.9999636
1.9999636
1.9999636
1.9999631
1.9999631
1.9999631
1.9999631
1.9999631
1.9999631
1.9999631
1.9999631
1.9999631
1.9999631
1.9999631
1.9999631
1.9999631
1.9999631
1.9999631
1.9999631
1.9999631
1.9999631
1.9999631
1.9999631
1.9999631
1.9999631
1.9999631
1.9999631
1.9999634
1.9999634
1.9999634
1.9999634
1.9999634
1.9999634
1.9999634
1.9999634
1.9999634
1.9999634
1.9999634
1.9999634
1.9999634
1.9999634
1.9999634
1.9999634
1.9999634
1.9999634
1.9999634
1.9999634
1.9999634
1.9999634
1.9999634
1.9999634
1.999962
1.999962
1.999962
1.999962
1.999962
1.999962
1.999962
1.999962
1.999962
1.999962
1.999962
1.999962
1.999962
1.999962
1.999962
1.999962
1.999962
1.999962
1.999962
1.999962
1.999962
1.999962
1.999962
1.999962
1.9999657
1.9999656
1.9999655
1.9999657
1.9999656
1.9999655
1.9999657
1.9999656
1.9999655
1.9999657
1.9999656
1.9999655
1.9999657
1.9999656
1.9999655
1.9999657
1.9999656
1.9999655
1.9999657
1.9999656
1.9999655
1.9999657
1.9999656
1.9999655
1.9999987
1.9999987
1.9999986
1.9999987
1.9999987
1.9999986
1.9999987
1.9999987
1.9999986
1.9999987
1.9999987
1.9999986
1.9999987
1.9999987
1.9999986
1.9999987
1.9999987
1.9999986
1.9999987
1.9999987
1.9999986
1.9999987
1.9999987
1.9999986
1.9999961
1.9999961
1.9999961
1.9999961
1.9999961
1.9999961
1.9999961
1.9999961
1.9999961
1.9999961
1.9999961
1.9999961
1.9999961
1.9999961
1.9999961
1.9999961
1.9999961
1.9999961
1.9999961
1.9999961
1.9999961
1.9999961
1.9999961
1.9999961
1.9999937
1.9999937
1.9999937
1.9999937
1.9999937
1.9999937
1.9999937
1.9999937
1.9999937
1.9999937
1.9999937
1.9999937
1.9999937
1.9999937
1.9999937
1.9999937
1.9999937
1.9999937
1.9999937
1.9999937
1.9999937
1.9999937
1.9999937
1.9999937
1.9999915
1.9999915
1.9999915
1.9999915
1.9999915
1.9999915
1.9999915
1.9999915
1.9999915
1.9999915
1.9999915
1.9999915
1.9999915
1.9999915
1.9999915
1.9999915
1.9999915
1.9999915
1.9999915
1.9999915
1.9999915
1.9999915
1.9999915
1.9999915
1.9999894
1.9999894
1.9999894
1.9999894
1.9999894
1.9999894
1.9999894
1.9999894
1.9999894
1.9999894
1.9999894
1.9999894
1.9999894
1.9999894
1.9999894
1.9999894
1.9999894
1.9999894
1.9999894
1.9999894
1.9999894
1.9999894
1.9999894
1.9999894
1.9999873
1.9999873
1.9999873
1.9999873
1.9999873
1.9999873
1.9999873
1.9999873
1.9999873
1.9999873
1.9999873
1.9999873
1.9999873
1.9999873
1.9999873
1.9999873
1.9999873
1.9999873
1.9999873
1.9999873
1.9999873
1.9999873
1.9999873
1.9999873
1.9999853
1.9999853
1.9999853
1.9999853
1.9999853
1.9999853
1.9999853
1.9999853
1.9999853
1.9999853
1.9999853
1.9999853
1.9999853
1.9999853
1.9999853
1.9999853
1.9999853
1.9999853
1.9999853
1.9999853
1.9999853
1.9999853
1.9999853
1.9999853
1.9999833
1.9999833
1.9999833
1.9999833
1.9999833
1.9999833
1.9999833
1.9999833
1.9999833
1.9999833
1.9999833
1.9999833
1.9999833
1.9999833
1.9999833
1.9999833
1.9999833
1.9999833
1.9999833
1.9999833
1.9999833
1.9999833
1.9999833
1.9999833
1.9999815
1.9999815
1.9999815
1.9999815
1.9999815
1.9999815
1.9999815
1.9999815
1.9999815
1.9999815
1.9999815
1.9999815
1.9999815
1.9999815
1.9999815
1.9999815
1.9999815
1.9999815
1.9999815
1.9999815
1.9999815
1.9999815
1.9999815
1.9999815
1.9999798
1.9999798
1.9999798
1.9999798
1.9999798
1.9999798
1.9999798
1.9999798
1.9999798
1.9999798
1.9999798
1.9999798
1.9999798
1.9999798
1.9999798
1.9999798
1.9999798
1.9999798
1.9999798
1.9999798
1.9999798
1.9999798
1.9999798
1.9999798
1.9999781
1.9999781
1.9999781
1.9999781
1.9999781
1.9999781
1.9999781
1.9999781
1.9999781
1.9999781
1.9999781
1.9999781
1.9999781
1.9999781
1.9999781
1.9999781
1.9999781
1.9999781
1.9999781
1.9999781
1.9999781
1.9999781
1.9999781
1.9999781
1.9999765
1.9999765
1.9999765
1.9999765
1.9999765
1.9999765
1.9999765
1.9999765
1.9999765
1.9999765
1.9999765
1.9999765
1.9999765
1.9999765
1.9999765
1.9999765
1.9999765
1.9999765
1.9999765
1.9999765
1.9999765
1.9999765
1.9999765
1.9999765
1.999975
1.999975
1.999975
1.999975
1.999975
1.999975
1.999975
1.999975
1.999975
1.999975
1.999975
1.999975
1.999975
1.999975
1.999975
1.999975
1.999975
1.999975
1.999975
1.999975
1.999975
1.999975
1.999975
1.999975
1.9999736
1.9999736
1.9999736
1.9999736
1.9999736
1.9999736
1.9999736
1.9999736
1.9999736
1.9999736
1.9999736
1.9999736
1.9999736
1.9999736
1.9999736
1.9999736
1.9999736
1.9999736
1.9999736
1.9999736
1.9999736
1.9999736
1.9999736
1.9999736
1.9999723
1.9999723
1.9999723
1.9999723
1.9999723
1.9999723
1.9999723
1.9999723
1.9999723
1.9999723
1.9999723
1.9999723
1.9999723
1.9999723
1.9999723
1.9999723
1.9999723
1.9999723
1.9999723
1.9999723
1.9999723
1.9999723
1.9999723
1.9999723
1.9999711
1.9999711
1.9999711
1.9999711
1.9999711
1.9999711
1.9999711
1.9999711
1.9999711
1.9999711
1.9999711
1.9999711
1.9999711
1.9999711
1.9999711
1.9999711
1.9999711
1.9999711
1.9999711
1.9999711
1.9999711
1.9999711
1.9999711
1.9999711
1.9999699
1.9999699
1.9999699
1.9999699
1.9999699
1.9999699
1.9999699
1.9999699
1.9999699
1.9999699
1.9999699
1.9999699
1.9999699
1.9999699
1.9999699
1.9999699
1.9999699
1.9999699
1.9999699
1.9999699
1.9999699
1.9999699
1.9999699
1.9999699
1.9999689
1.9999689
1.9999689
1.9999689
1.9999689
1.9999689
1.9999689
1.9999689
1.9999689
1.9999689
1.9999689
1.9999689
1.9999689
1.9999689
1.9999689
1.9999689
1.9999689
1.9999689
1.9999689
1.9999689
1.9999689
1.9999689
1.9999689
1.9999689
1.9999679
1.9999679
1.9999679
1.9999679
1.9999679
1.9999679
1.9999679
1.9999679
1.9999679
1.9999679
1.9999679
1.9999679
1.9999679
1.9999679
1.9999679
1.9999679
1.9999679
1.9999679
1.9999679
1.9999679
1.9999679
1.9999679
1.9999679
1.9999679
1.999967
1.999967
1.999967
1.999967
1.999967
1.999967
1.999967
1.999967
1.999967
1.999967
1.999967
1.999967
1.999967
1.999967
1.999967
1.999967
1.999967
1.999967
1.999967
1.999967
1.999967
1.999967
1.999967
1.999967
1.9999662
1.9999662
1.9999662
1.9999662
1.9999662
1.9999662
1.9999662
1.9999662
1.9999662
1.9999662
1.9999662
1.9999662
1.9999662
1.9999662
1.9999662
1.9999662
1.9999662
1.9999662
1.9999662
1.9999662
1.9999662
1.9999662
1.9999662
1.9999662
1.9999655
1.9999655
1.9999655
1.9999655
1.9999655
1.9999655
1.9999655
1.9999655
1.9999655
1.9999655
1.9999655
1.9999655
1.9999655
1.9999655
1.9999655
1.9999655
1.9999655
1.9999655
1.9999655
1.9999655
1.9999655
1.9999655
1.9999655
1.9999655
1.9999649
1.9999649
1.9999649
1.9999649
1.9999649
1.9999649
1.9999649
1.9999649
1.9999649
1.9999649
1.9999649
1.9999649
1.9999649
1.9999649
1.9999649
1.9999649
1.9999649
1.9999649
1.9999649
1.9999649
1.9999649
1.9999649
1.9999649
1.9999649
1.9999643
1.9999643
1.9999643
1.9999643
1.9999643
1.9999643
1.9999643
1.9999643
1.9999643
1.9999643
1.9999643
1.9999643
1.9999643
1.9999643
1.9999643
1.9999643
1.9999643
1.9999643
1.9999643
1.9999643
1.9999643
1.9999643
1.9999643
1.9999643
1.9999639
1.9999639
1.9999639
1.9999639
1.9999639
1.9999639
1.9999639
1.9999639
1.9999639
1.9999639
1.9999639
1.9999639
1.9999639
1.9999639
1.9999639
1.9999639
1.9999639
1.9999639
1.9999639
1.9999639
1.9999639
1.9999639
1.9999639
1.9999639
1.9999636
1.9999636
1.9999636
1.9999636
1.9999636
1.9999636
1.9999636
1.9999636
1.9999636
1.9999636
1.9999636
1.9999636
1.9999636
1.9999636
1.9999636
1.9999636
1.9999636
1.9999636
1.9999636
1.9999636
1.9999636
1.9999636
1.9999636
1.9999636
1.9999631
1.9999631
1.9999631
1.9999631
1.9999631
1.9999631
1.9999631
1.9999631
1.9999631
1.9999631
1.9999631
1.9999631
1.9999631
1.9999631
1.9999631
1.9999631
1.9999631
1.9999631
1.9999631
1.9999631
1.9999631
1.9999631
1.9999631
1.9999631
1.9999634
1.9999634
1.9999634
1.9999634
1.9999634
1.9999634
1.9999634
1.9999634
1.9999634
1.9999634
1.9999634
1.9999634
1.9999634
1.9999634
1.9999634
1.9999634
1.9999634
1.9999634
1.9999634
1.9999634
1.9999634
1.9999634
1.9999634
1.9999634
1.999962
1.999962
1.999962
1.999962
1.999962
1.999962
1.999962
1.999962
1.999962
1.999962
1.999962
1.999962
1.999962
1.999962
1.999962
1.999962
1.999962
1.999962
1.999962
1.999962
1.999962
1.999962
1.999962
1.999962
1.9999657
1.9999656
1.9999655
1.9999657
1.9999656
1.9999655
1.9999657
1.9999656
1.9999655
1.9999657
1.9999656
1.9999655
1.9999657
1.9999656
1.9999655
1.9999657
1.9999656
1.9999655
1.9999657
1.9999656
1.9999655
1.9999657
1.9999656
1.9999655
1.9999987
1.9999987
1.9999986
1.9999987
1.9999987
1.9999986
1.9999987
1.9999987
1.9999986
1.9999987
1.9999987
1.9999987
1.9999987
1.9999987
1.9999987
1.9999987
1.9999987
1.9999986
1.9999987
1.9999987
1.9999986
1.9999987
1.9999987
1.9999986
1.9999961
1.9999961
1.9999961
1.9999961
1.9999961
1.9999961
1.9999961
1.9999961
1.9999961
1.9999961
1.9999961
1.9999961
1.9999961
1.9999961
1.9999961
1.9999961
1.9999961
1.9999961
1.9999961
1.9999961
1.9999961
1.9999961
1.9999961
1.9999961
1.9999937
1.9999937
1.9999937
1.9999937
1.9999937
1.9999937
1.9999937
1.9999937
1.9999937
1.9999937
1.9999937
1.9999937
1.9999937
1.9999937
1.9999937
1.9999937
1.9999937
1.9999937
1.9999937
1.9999937
1.9999937
1.9999937
1.9999937
1.9999937
1.9999915
1.9999915
1.9999915
1.9999915
1.9999915
1.9999915
1.9999915
1.9999915
1.9999915
1.9999915
1.9999915
1.9999915
1.9999915
1.9999915
1.9999915
1.9999915
1.9999915
1.9999915
1.9999915
1.9999915
1.9999915
1.9999915
1.9999915
1.9999915
1.9999894
1.9999894
1.9999894
1.9999894
1.9999894
1.9999894
1.9999894
1.9999894
1.9999894
1.9999894
1.9999894
1.9999894
1.9999894
1.9999894
1.9999894
1.9999894
1.9999894
1.9999894
1.9999894
1.9999894
1.9999894
1.9999894
1.9999894
1.9999894
1.9999873
1.9999873
1.9999873
1.9999873
1.9999873
1.9999873
1.9999873
1.9999873
1.9999873
1.9999873
1.9999873
1.9999873
1.9999873
1.9999873
1.9999873
1.9999873
1.9999873
1.9999873
1.9999873
1.9999873
1.9999873
1.9999873
1.9999873
1.9999873
1.9999853
1.9999853
1.9999853
1.9999853
1.9999853
1.9999853
1.9999853
1.9999853
1.9999853
1.9999853
1.9999853
1.9999853
1.9999853
1.9999853
1.9999853
1.9999853
1.9999853
1.9999853
1.9999853
1.9999853
1.9999853
1.9999853
1.9999853
1.9999853
1.9999833
1.9999833
1.9999833
1.9999833
1.9999833
1.9999833
1.9999833
1.9999833
1.9999833
1.9999833
1.9999833
1.9999833
1.9999833
1.9999833
1.9999833
1.9999833
1.9999833
1.9999833
1.9999833
1.9999833
1.9999833
1.9999833
1.9999833
1.9999833
1.9999815
1.9999815
1.9999815
1.9999815
1.9999815
1.9999815
1.9999815
1.9999815
1.9999815
1.9999815
1.9999815
1.9999815
1.9999815
1.9999815
1.9999815
1.9999815
1.9999815
1.9999815
1.9999815
1.9999815
1.9999815
1.9999815
1.9999815
1.9999815
1.9999798
1.9999798
1.9999798
1.9999798
1.9999798
1.9999798
1.9999798
1.9999798
1.9999798
1.9999798
1.9999798
1.9999798
1.9999798
1.9999798
1.9999798
1.9999798
1.9999798
1.9999798
1.9999798
1.9999798
1.9999798
1.9999798
1.9999798
1.9999798
1.9999781
1.9999781
1.9999781
1.9999781
1.9999781
1.9999781
1.9999781
1.9999781
1.9999781
1.9999781
1.9999781
1.9999781
1.9999781
1.9999781
1.9999781
1.9999781
1.9999781
1.9999781
1.9999781
1.9999781
1.9999781
1.9999781
1.9999781
1.9999781
1.9999765
1.9999765
1.9999765
1.9999765
1.9999765
1.9999765
1.9999765
1.9999765
1.9999765
1.9999765
1.9999765
1.9999765
1.9999765
1.9999765
1.9999765
1.9999765
1.9999765
1.9999765
1.9999765
1.9999765
1.9999765
1.9999765
1.9999765
1.9999765
1.999975
1.999975
1.999975
1.999975
1.999975
1.999975
1.999975
1.999975
1.999975
1.999975
1.999975
1.999975
1.999975
1.999975
1.999975
1.999975
1.999975
1.999975
1.999975
1.999975
1.999975
1.999975
1.999975
1.999975
1.9999736
1.9999736
1.9999736
1.9999736
1.9999736
1.9999736
1.9999736
1.9999736
1.9999736
1.9999736
1.9999736
1.9999736
1.9999736
1.9999736
1.9999736
1.9999736
1.9999736
1.9999736
1.9999736
1.9999736
1.9999736
1.9999736
1.9999736
1.9999736
1.9999723
1.9999723
1.9999723
1.9999723
1.9999723
1.9999723
1.9999723
1.9999723
1.9999723
1.9999723
1.9999723
1.9999723
1.9999723
1.9999723
1.9999723
1.9999723
1.9999723
1.9999723
1.9999723
1.9999723
1.9999723
1.9999723
1.9999723
1.9999723
1.9999711
1.9999711
1.9999711
1.9999711
1.9999711
1.9999711
1.9999711
1.9999711
1.9999711
1.9999711
1.9999711
1.9999711
1.9999711
1.9999711
1.9999711
1.9999711
1.9999711
1.9999711
1.9999711
1.9999711
1.9999711
1.9999711
1.9999711
1.9999711
1.9999699
1.9999699
1.9999699
1.9999699
1.9999699
1.9999699
1.9999699
1.9999699
1.9999699
1.9999699
1.9999699
1.9999699
1.9999699
1.9999699
1.9999699
1.9999699
1.9999699
1.9999699
1.9999699
1.9999699
1.9999699
1.9999699
1.9999699
1.9999699
1.9999689
1.9999689
1.9999689
1.9999689
1.9999689
1.9999689
1.9999689
1.9999689
1.9999689
1.9999689
1.9999689
1.9999689
1.9999689
1.9999689
1.9999689
1.9999689
1.9999689
1.9999689
1.9999689
1.9999689
1.9999689
1.9999689
1.9999689
1.9999689
1.9999679
1.9999679
1.9999679
1.9999679
1.9999679
1.9999679
1.9999679
1.9999679
1.9999679
1.9999679
1.9999679
1.9999679
1.9999679
1.9999679
1.9999679
1.9999679
1.9999679
1.9999679
1.9999679
1.9999679
1.9999679
1.9999679
1.9999679
1.9999679
1.999967
1.999967
1.999967
1.999967
1.999967
1.999967
1.999967
1.999967
1.999967
1.999967
1.999967
1.999967
1.999967
1.999967
1.999967
1.999967
1.999967
1.999967
1.999967
1.999967
1.999967
1.999967
1.999967
1.999967
1.9999662
1.9999662
1.9999662
1.9999662
1.9999662
1.9999662
1.9999662
1.9999662
1.9999662
1.9999662
1.9999662
1.9999662
1.9999662
1.9999662
1.9999662
1.9999662
1.9999662
1.9999662
1.9999662
1.9999662
1.9999662
1.9999662
1.9999662
1.9999662
1.9999655
1.9999655
1.9999655
1.9999655
1.9999655
1.9999655
1.9999655
1.9999655
1.9999655
1.9999655
1.9999655
1.9999655
1.9999655
1.9999655
1.9999655
1.9999655
1.9999655
1.9999655
1.9999655
1.9999655
1.9999655
1.9999655
1.9999655
1.9999655
1.9999649
1.9999649
1.9999649
1.9999649
1.9999649
1.9999649
1.9999649
1.9999649
1.9999649
1.9999649
1.9999649
1.9999649
1.9999649
1.9999649
1.9999649
1.9999649
1.9999649
1.9999649
1.9999649
1.9999649
1.9999649
1.9999649
1.9999649
1.9999649
1.9999643
1.9999643
1.9999643
1.9999643
1.9999643
1.9999643
1.9999643
1.9999643
1.9999643
1.9999643
1.9999643
1.9999643
1.9999643
1.9999643
1.9999643
1.9999643
1.9999643
1.9999643
1.9999643
1.9999643
1.9999643
1.9999643
1.9999643
1.9999643
1.9999639
1.9999639
1.9999639
1.9999639
1.9999639
1.9999639
1.9999639
1.9999639
1.9999639
1.9999639
1.9999639
1.9999639
1.9999639
1.9999639
1.9999639
1.9999639
1.9999639
1.9999639
1.9999639
1.9999639
1.9999639
1.9999639
1.9999639
1.9999639
1.9999636
1.9999636
1.9999636
1.9999636
1.9999636
1.9999636
1.9999636
1.9999636
1.9999636
1.9999636
1.9999636
1.9999636
1.9999636
1.9999636
1.9999636
1.9999636
1.9999636
1.9999636
1.9999636
1.9999636
1.9999636
1.9999636
1.9999636
1.9999636
1.9999631
1.9999631
1.9999631
1.9999631
1.9999631
1.9999631
1.9999631
1.9999631
1.9999631
1.9999631
1.9999631
1.9999631
1.9999631
1.9999631
1.9999631
1.9999631
1.9999631
1.9999631
1.9999631
1.9999631
1.9999631
1.9999631
1.9999631
1.9999631
1.9999634
1.9999634
1.9999634
1.9999634
1.9999634
1.9999634
1.9999634
1.9999634
1.9999634
1.9999634
1.9999634
1.9999634
1.9999634
1.9999634
1.9999634
1.9999634
1.9999634
1.9999634
1.9999634
1.9999634
1.9999634
1.9999634
1.9999634
1.9999634
1.999962
1.999962
1.999962
1.999962
1.999962
1.999962
1.999962
1.999962
1.999962
1.999962
1.999962
1.999962
1.999962
1.999962
1.999962
1.999962
1.999962
1.999962
1.999962
1.999962
1.999962
1.999962
1.999962
1.999962
1.9999657
1.9999656
1.9999655
1.9999657
1.9999656
1.9999655
1.9999657
1.9999656
1.9999655
1.9999657
1.9999656
1.9999655
1.9999657
1.9999656
1.9999655
1.9999657
1.9999656
1.9999655
1.9999657
1.9999656
1.9999655
1.9999657
1.9999656
1.9999655
1.9999499
1.9999704
1.9999647
1.9999498
1.9999704
1.9999648
1.9999497
1.9999705
1.9999648
1.9999496
1.9999705
1.9999648
1.9999496
1.9999705
1.9999648
1.9999497
1.9999705
1.9999648
1.9999498
1.9999704
1.9999648
1.9999499
1.9999704
1.9999647
0.60782719
0.6078308
0.6078293
0.60782724
0.60783106
0.60782963
0.60782741
0.60783144
0.60783013
0.60782756
0.60783168
0.60783043
0.60782756
0.60783168
0.60783043
0.60782741
0.60783144
0.60783013
0.60782725
0.60783108
0.60782967
0.60782719
0.60783082
0.60782933
1.9999499
1.9999704
1.9999647
1.9999498
1.9999704
1.9999648
1.9999497
1.9999705
1.9999648
1.9999496
1.9999705
1.9999648
1.9999496
1.9999705
1.9999648
1.9999497
1.9999705
1.9999648
1.9999498
1.9999704
1.9999648
1.9999499
1.9999704
1.9999647
0.60782718
0.60783082
0.60782932
0.60782723
0.60783106
0.60782965
0.60782738
0.6078314
0.6078301
0.60782753
0.60783163
0.60783039
0.60782752
0.60783162
0.60783039
0.60782737
0.60783139
0.60783008
0.60782721
0.60783103
0.60782962
0.60782716
0.60783078
0.60782929
1.9999499
1.9999704
1.9999647
1.9999498
1.9999704
1.9999648
1.9999497
1.9999705
1.9999648
1.9999496
1.9999705
1.9999648
1.9999496
1.9999705
1.9999648
1.9999497
1.9999705
1.9999648
1.9999498
1.9999704
1.9999647
1.9999499
1.9999704
1.9999647
0.60782716
0.60783078
0.60782929
0.60782721
0.60783103
0.60782962
0.60782737
0.60783139
0.60783008
0.60782752
0.60783162
0.60783038
0.60782752
0.60783162
0.60783038
0.60782737
0.60783139
0.60783008
0.60782721
0.60783103
0.60782962
0.60782716
0.60783078
0.60782929
1.9999499
1.9999704
1.9999647
1.9999498
1.9999704
1.9999647
1.9999497
1.9999705
1.9999648
1.9999496
1.9999705
1.9999648
1.9999496
1.9999705
1.9999648
1.9999497
1.9999705
1.9999648
1.9999498
1.9999704
1.9999648
1.9999499
1.9999704
1.9999647
0.60782716
0.60783078
0.60782929
0.60782721
0.60783103
0.60782962
0.60782737
0.60783139
0.60783008
0.60782752
0.60783163
0.60783039
0.60782753
0.60783163
0.60783039
0.60782739
0.6078314
0.6078301
0.60782723
0.60783108
0.60782968
0.60782719
0.60783083
0.60782934
1.9999667
1.9999301
2.0000025
1.9999667
1.9999299
2.0000026
1.9999668
1.9999297
2.0000028
1.9999668
1.9999296
2.0000029
1.9999668
1.9999296
2.0000029
1.9999668
1.9999297
2.0000028
1.9999667
1.9999299
2.0000026
1.9999667
1.9999301
2.0000025
0.60778749
0.60778332
0.60795486
0.60778777
0.60778353
0.60795548
0.60778818
0.60778375
0.60795613
0.60778844
0.60778387
0.60795638
0.60778844
0.60778387
0.60795638
0.60778818
0.60778375
0.60795613
0.60778777
0.60778351
0.60795546
0.60778747
0.60778329
0.60795483
1.9999667
1.9999301
2.0000025
1.9999667
1.9999299
2.0000026
1.9999668
1.9999298
2.0000028
1.9999668
1.9999296
2.0000029
1.9999668
1.9999296
2.0000029
1.9999668
1.9999298
2.0000028
1.9999667
1.99993
2.0000026
1.9999667
1.9999301
2.0000025
0.60778746
0.60778328
0.60795481
0.60778775
0.60778348
0.60795539
0.60778815
0.60778371
0.60795602
0.60778841
0.60778381
0.60795624
0.60778841
0.60778381
0.60795623
0.60778815
0.6077837
0.60795597
0.60778774
0.60778345
0.60795532
0.60778744
0.60778324
0.60795471
1.9999667
1.9999301
2.0000025
1.9999667
1.99993
2.0000026
1.9999668
1.9999298
2.0000028
1.9999668
1.9999297
2.0000029
1.9999668
1.9999297
2.0000029
1.9999668
1.9999298
2.0000028
1.9999667
1.99993
2.0000026
1.9999667
1.9999301
2.0000025
0.60778744
0.60778324
0.60795471
0.60778774
0.60778345
0.60795531
0.60778814
0.60778369
0.60795596
0.60778841
0.6077838
0.60795621
0.60778841
0.6077838
0.60795621
0.60778815
0.60778369
0.60795596
0.60778774
0.60778345
0.60795531
0.60778744
0.60778324
0.60795471
1.9999667
1.9999301
2.0000025
1.9999667
1.99993
2.0000026
1.9999668
1.9999298
2.0000028
1.9999668
1.9999296
2.0000029
1.9999668
1.9999296
2.0000029
1.9999668
1.9999298
2.0000028
1.9999667
1.9999299
2.0000026
1.9999667
1.9999301
2.0000025
0.60778744
0.60778324
0.60795471
0.60778774
0.60778345
0.60795532
0.60778815
0.60778369
0.60795597
0.60778841
0.60778381
0.60795623
0.60778841
0.60778381
0.60795624
0.60778816
0.60778371
0.60795602
0.60778776
0.60778346
0.60795537
0.60778745
0.60778325
0.60795479
)
;

boundaryField
{
    inlet
    {
        type            uniformFixedValue;
        uniformValue    table;
        uniformValueCoeffs
        {
            values          
8
(
(0 0)
(1 0.285714)
(2 0.571429)
(3 0.857143)
(4 1.14286)
(5 1.42857)
(6 1.71429)
(7 2)
)
;
        }
        value           uniform 2;
    }
    fsi_pia
    {
        type            zeroGradient;
    }
    fsi_dura
    {
        type            zeroGradient;
    }
    lid_wall_inner
    {
        type            zeroGradient;
    }
    lid_wall_outer
    {
        type            zeroGradient;
    }
    outlet_peri
    {
        type            fixedValue;
        value           uniform 0;
    }
}


// ************************************************************************* //
