/*--------------------------------*- C++ -*----------------------------------*\
| =========                 |                                                 |
| \\      /  F ield         | OpenFOAM: The Open Source CFD Toolbox           |
|  \\    /   O peration     | Version:  2512                                  |
|   \\  /    A nd           | Website:  www.openfoam.com                      |
|    \\/     M anipulation  |                                                 |
\*---------------------------------------------------------------------------*/
FoamFile
{
    version     2.0;
    format      ascii;
    arch        "LSB;label=32;scalar=64";
    class       volSymmTensorField;
    location    "2.8";
    object      sigma;
}
// * * * * * * * * * * * * * * * * * * * * * * * * * * * * * * * * * * * * * //

dimensions      [1 -1 -2 0 0 0 0];

internalField   nonuniform List<symmTensor> 
100
(
(-143.5275 492.11033 0 1580.8077 0 287.18406)
(-185.95053 869.12247 0 509.37916 0 -14.971408)
(-193.64097 912.39976 0 -198.1425 0 -197.53504)
(-198.57975 872.52769 0 -908.44959 0 -380.1088)
(-233.97643 494.51962 0 -1990.5444 0 -683.35626)
(-299.77497 336.07125 0 926.72044 0 44.08364)
(-271.23472 758.31245 0 319.49894 0 -97.520734)
(-188.91341 826.69542 0 -198.08852 0 -196.10058)
(-104.40312 756.99072 0 -716.98412 0 -294.41617)
(-72.548295 329.83362 0 -1327.8762 0 -436.12734)
(-333.21232 280.06624 0 404.59744 0 -122.58446)
(-284.55842 682.12184 0 91.931666 0 -169.78803)
(-185.33056 760.63096 0 -196.86927 0 -194.65995)
(-85.043648 679.0488 0 -485.81607 0 -219.25791)
(-35.091354 271.9436 0 -799.2071 0 -266.28954)
(-353.11061 238.62029 0 -70.456795 0 -271.07022)
(-286.19326 590.34187 0 -119.2181 0 -233.62341)
(-182.95264 664.43893 0 -195.04964 0 -193.40068)
(-79.43991 586.51935 0 -270.5715 0 -153.00342)
(-12.094748 229.95166 0 -318.4235 0 -115.15547)
(-363.07297 199.94283 0 -460.61318 0 -391.10585)
(-282.33421 498.0219 0 -303.92205 0 -287.87688)
(-181.19173 564.65979 0 -193.04792 0 -192.27189)
(-80.221016 494.15119 0 -81.603668 0 -96.547405)
(0.40935777 191.56999 0 76.850132 0 7.177847)
(-371.03301 163.38563 0 -789.34423 0 -492.11317)
(-278.17925 407.12 0 -460.51887 0 -333.60944)
(-179.82577 462.76565 0 -191.16103 0 -191.29604)
(-81.905841 403.59937 0 78.923559 0 -48.894685)
(10.53844 155.88638 0 410.1959 0 110.2203)
(-376.77735 126.87282 0 -1048.6018 0 -571.61375)
(-274.24905 315.96733 0 -585.6131 0 -369.95865)
(-178.76706 359.80265 0 -189.5155 0 -190.48477)
(-83.878096 313.02742 0 207.43142 0 -10.934003)
(18.038914 120.64525 0 673.3663 0 191.42156)
(-381.04348 90.647906 0 -1243.4369 0 -631.34411)
(-271.14762 225.52935 0 -679.82679 0 -397.29232)
(-177.97699 256.96509 0 -188.21154 0 -189.85656)
(-85.505772 223.329 0 304.34545 0 17.651904)
(23.647211 85.99369 0 871.28781 0 252.4805)
(-383.81654 54.376701 0 -1372.6333 0 -670.93497)
(-269.00444 135.17835 0 -742.48071 0 -415.44554)
(-177.45011 154.07956 0 -187.30923 0 -189.4278)
(-86.661049 133.8185 0 368.869 0 36.662386)
(27.3244 51.501994 0 1002.6104 0 292.98045)
(-385.20037 18.132451 0 -1437.2832 0 -690.74506)
(-267.91985 45.058127 0 -773.84643 0 -424.52988)
(-177.18573 51.360428 0 -186.84844 0 -189.21025)
(-87.249294 44.59843 0 401.18937 0 46.182023)
(29.164011 17.160704 0 1068.3454 0 313.25283)
(-385.20037 -18.132442 0 -1437.2832 0 -690.74506)
(-267.91985 -45.058103 0 -773.84644 0 -424.52989)
(-177.18573 -51.3604 0 -186.84844 0 -189.21025)
(-87.249297 -44.598406 0 401.18937 0 46.182023)
(29.164008 -17.160694 0 1068.3454 0 313.25283)
(-383.81656 -54.376694 0 -1372.6334 0 -670.93498)
(-269.00445 -135.17832 0 -742.48072 0 -415.44555)
(-177.45012 -154.07954 0 -187.30923 0 -189.4278)
(-86.661055 -133.81848 0 368.86902 0 36.662389)
(27.324402 -51.501985 0 1002.6105 0 292.98046)
(-381.04352 -90.647901 0 -1243.4369 0 -631.34413)
(-271.14765 -225.52933 0 -679.82681 0 -397.29234)
(-177.977 -256.96507 0 -188.21154 0 -189.85656)
(-85.505781 -223.32898 0 304.34547 0 17.651908)
(23.647208 -85.993684 0 871.28785 0 252.48052)
(-376.7774 -126.87282 0 -1048.6019 0 -571.61379)
(-274.24909 -315.96732 0 -585.61312 0 -369.95866)
(-178.76709 -359.80264 0 -189.5155 0 -190.48478)
(-83.878108 -313.02741 0 207.43144 0 -10.933999)
(18.038915 -120.64525 0 673.36635 0 191.42158)
(-371.03307 -163.38564 0 -789.34429 0 -492.11321)
(-278.17929 -407.12001 0 -460.5189 0 -333.60946)
(-179.8258 -462.76565 0 -191.16103 0 -191.29605)
(-81.905855 -403.59937 0 78.923584 0 -48.894681)
(10.538438 -155.88638 0 410.19596 0 110.22032)
(-363.07303 -199.94283 0 -460.61324 0 -391.10588)
(-282.33425 -498.02191 0 -303.92208 0 -287.8769)
(-181.19175 -564.6598 0 -193.04792 0 -192.2719)
(-80.221029 -494.1512 0 -81.603646 0 -96.547402)
(0.40935755 -191.56999 0 76.850182 0 7.1778619)
(-353.11066 -238.62031 0 -70.456842 0 -271.07025)
(-286.1933 -590.34189 0 -119.21812 0 -233.62343)
(-182.95266 -664.43895 0 -195.04964 0 -193.40069)
(-79.439922 -586.51937 0 -270.57149 0 -153.00342)
(-12.094749 -229.95167 0 -318.42346 0 -115.15546)
(-333.21236 -280.06626 0 404.59741 0 -122.58448)
(-284.55845 -682.12188 0 91.931653 0 -169.78804)
(-185.33058 -760.631 0 -196.86927 0 -194.65995)
(-85.043658 -679.04883 0 -485.81606 0 -219.25792)
(-35.091357 -271.94362 0 -799.20709 0 -266.28953)
(-299.775 -336.07127 0 926.72044 0 44.083632)
(-271.23475 -758.31249 0 319.49894 0 -97.520742)
(-188.91343 -826.69546 0 -198.08852 0 -196.10059)
(-104.40312 -756.99075 0 -716.98413 0 -294.41618)
(-72.548294 -329.83364 0 -1327.8762 0 -436.12735)
(-143.52751 -492.11036 0 1580.8078 0 287.18407)
(-185.95053 -869.12252 0 509.37917 0 -14.97141)
(-193.64098 -912.39981 0 -198.14251 0 -197.53505)
(-198.57975 -872.52773 0 -908.4496 0 -380.10881)
(-233.97644 -494.51964 0 -1990.5445 0 -683.35627)
)
;

boundaryField
{
    bottom
    {
        type            calculated;
        value           nonuniform List<symmTensor> 5((35.828684 586.69752 0 1999.3055 0 466.54025) (-163.35208 801.48045 0 562.10887 0 7.6270373) (-192.8827 837.37527 0 -196.3732 0 -196.77677) (-219.96176 807.13319 0 -958.34095 0 -401.49081) (-415.36629 596.78218 0 -2413.7874 0 -864.74612));
    }
    top
    {
        type            calculated;
        value           nonuniform List<symmTensor> 5((35.828686 -586.69755 0 1999.3055 0 466.54027) (-163.35209 -801.48049 0 562.10888 0 7.6270365) (-192.8827 -837.37532 0 -196.37321 0 -196.77677) (-219.96177 -807.13323 0 -958.34097 0 -401.49082) (-415.36631 -596.78221 0 -2413.7875 0 -864.74614));
    }
    interface_left
    {
        type            calculated;
        value           nonuniform List<symmTensor> 
20
(
(-368.13013 5.1286979 0 1461.6923 0 168.06865)
(-369.70425 10.824491 0 873.8936 0 -8.7431962)
(-367.70639 11.55124 0 366.95712 0 -160.22478)
(-365.3295 11.554521 0 -98.550603 0 -299.16403)
(-363.21206 10.924967 0 -483.52993 0 -414.0226)
(-361.36819 9.7177116 0 -808.05931 0 -510.82825)
(-359.86159 8.0415495 0 -1064.2094 0 -587.22129)
(-358.70442 6.0014238 0 -1256.7201 0 -644.62737)
(-357.92279 3.7035139 0 -1384.3932 0 -682.69479)
(-357.52814 1.2515554 0 -1448.2808 0 -701.74268)
(-357.52815 -1.2515588 0 -1448.2808 0 -701.74268)
(-357.92282 -3.7035176 0 -1384.3932 0 -682.6948)
(-358.70446 -6.001428 0 -1256.7202 0 -644.62739)
(-359.86165 -8.0415541 0 -1064.2094 0 -587.22132)
(-361.36825 -9.7177169 0 -808.05937 0 -510.82828)
(-363.21212 -10.924973 0 -483.52999 0 -414.02263)
(-365.32955 -11.554527 0 -98.550651 0 -299.16406)
(-367.70644 -11.551245 0 366.95709 0 -160.2248)
(-369.70428 -10.824495 0 873.8936 0 -8.7432048)
(-368.13015 -5.1286996 0 1461.6923 0 168.06866)
)
;
    }
    interface_right
    {
        type            calculated;
        value           nonuniform List<symmTensor> 
20
(
(0.00012971402 -0.0002810435 0 -1867.4116 0 -560.22344)
(0.00011906592 -0.00038276858 0 -1273.9269 0 -382.17802)
(9.57422e-05 -0.00061346198 0 -761.31077 0 -228.3932)
(6.0719653e-05 -0.00076968147 0 -290.38287 0 -87.114842)
(2.1568839e-05 -0.00085444883 0 99.531845 0 29.85956)
(-2.0874807e-05 -0.0008540705 0 428.53656 0 128.56096)
(-6.0428144e-05 -0.00076997938 0 688.49245 0 206.54772)
(-9.4424511e-05 -0.00061079819 0 884.01039 0 265.20309)
(-0.00011890827 -0.00039181749 0 1013.7571 0 304.12709)
(-0.00013185367 -0.0001348211 0 1078.7037 0 323.61106)
(-0.00013186204 0.00013540959 0 1078.7037 0 323.61106)
(-0.00011894989 0.00039236286 0 1013.7571 0 304.1271)
(-9.4486473e-05 0.00061122402 0 884.01043 0 265.2031)
(-6.0515477e-05 0.00077034518 0 688.49251 0 206.54773)
(-2.0969871e-05 0.00085433097 0 428.53662 0 128.56098)
(2.1491506e-05 0.00085461559 0 99.531895 0 29.859575)
(6.0655361e-05 0.00076961854 0 -290.38283 0 -87.114831)
(9.5690055e-05 0.0006131435 0 -761.31075 0 -228.3932)
(0.00011899862 0.0003820602 0 -1273.9269 0 -382.17803)
(0.00012962699 0.00027978057 0 -1867.4117 0 -560.22346)
)
;
    }
    frontAndBack
    {
        type            empty;
    }
}


// ************************************************************************* //
