/*--------------------------------*- C++ -*----------------------------------*\
| =========                 |                                                 |
| \\      /  F ield         | OpenFOAM: The Open Source CFD Toolbox           |
|  \\    /   O peration     | Version:  2512                                  |
|   \\  /    A nd           | Website:  www.openfoam.com                      |
|    \\/     M anipulation  |                                                 |
\*---------------------------------------------------------------------------*/
FoamFile
{
    version     2.0;
    format      ascii;
    arch        "LSB;label=32;scalar=64";
    class       volVectorField;
    location    "3.1";
    object      U;
}
// * * * * * * * * * * * * * * * * * * * * * * * * * * * * * * * * * * * * * //

dimensions      [0 1 -1 0 0 0 0];

internalField   nonuniform List<vector> 
1920
(
(-0.0010088693 2.339692e-09 4.638113e-26)
(-0.0010088688 5.6981312e-09 0)
(-0.0010088674 9.2956514e-09 0)
(-0.0010088659 1.3046217e-08 -9.1077019e-26)
(-0.0010088645 1.713738e-08 -9.1209263e-26)
(-0.0010088631 2.1636254e-08 0)
(-0.0010088616 2.6678116e-08 0)
(-0.0010088598 3.2326211e-08 3.6642373e-25)
(-0.0010088577 3.8722857e-08 3.6695252e-25)
(-0.001008855 4.5957165e-08 -7.3496251e-25)
(-0.0010088515 5.4204335e-08 -1.509188e-21)
(-0.001008847 6.3589288e-08 1.5084499e-21)
(-0.0010088411 7.4324905e-08 0)
(-0.0010088333 8.6567521e-08 -1.4783814e-24)
(-0.0010088229 1.0057623e-07 0)
(-0.0010088092 1.1665256e-07 0)
(-0.0010087912 1.3507582e-07 5.9388723e-24)
(-0.0010087675 1.5604654e-07 0)
(-0.0010087361 1.799214e-07 0)
(-0.0010086943 2.0689786e-07 0)
(-0.0010086388 2.3724426e-07 -1.2240566e-20)
(-0.0010085652 2.7114458e-07 1.2240471e-20)
(-0.0010084677 3.0894641e-07 -1.2275023e-20)
(-0.0010083397 3.5151063e-07 2.4519117e-20)
(-0.0010081681 4.0193985e-07 -1.2340098e-20)
(-0.0010079353 4.5770016e-07 0)
(-0.0010076218 5.1735455e-07 -2.4590785e-20)
(-0.0010071998 5.7870456e-07 2.4686546e-20)
(-0.0010066317 6.3849899e-07 0)
(-0.0010058667 6.912745e-07 0)
(-0.0010048366 7.2937249e-07 0)
(-0.0010034495 7.4150801e-07 -4.9710483e-20)
(-0.0010015813 7.1105292e-07 4.9706848e-20)
(-0.00099906379 6.1355184e-07 4.984004e-20)
(-0.00099566598 4.1075207e-07 -5.1392555e-20)
(-0.00099105783 3.5755452e-08 0)
(-0.00098479078 -5.728143e-07 3.1242761e-21)
(-0.00097625009 -1.5383275e-06 9.7025615e-20)
(-0.00096458524 -3.040631e-06 -1.0638158e-19)
(-0.00094875073 -5.3182037e-06 -2.0068217e-19)
(-0.00092706364 -8.6016051e-06 -2.5891543e-22)
(-0.00089712727 -1.3505631e-05 2.1320947e-19)
(-0.00085626046 -2.098263e-05 0)
(-0.00080090796 -3.2233538e-05 2.5092052e-20)
(-0.0007263113 -4.8916139e-05 0)
(-0.00062454339 -7.5535276e-05 0)
(-0.0005149323 -0.00010630619 0)
(-0.00013355838 -0.00018029211 1.9306933e-19)
(-0.00044158115 -6.4715184e-10 9.7136737e-23)
(-0.00044158055 -2.1122617e-09 9.5310553e-23)
(-0.00044157909 -3.847326e-09 1.9089806e-22)
(-0.00044157775 -5.7621537e-09 -3.8114859e-22)
(-0.00044157681 -7.8389132e-09 -7.6460577e-22)
(-0.0004415762 -1.0104132e-08 7.6469802e-22)
(-0.00044157578 -1.2612763e-08 -7.6728731e-22)
(-0.00044157542 -1.546218e-08 7.6653679e-22)
(-0.00044157501 -1.8757674e-08 -1.5386272e-21)
(-0.00044157446 -2.2635945e-08 1.538999e-21)
(-0.00044157366 -2.7252702e-08 7.5271789e-25)
(-0.00044157249 -3.2814348e-08 -1.5075941e-24)
(-0.00044157076 -3.9584262e-08 3.0195021e-24)
(-0.0004415682 -4.7871841e-08 4.5357194e-24)
(-0.00044156435 -5.8133283e-08 0)
(-0.00044155885 -7.1090387e-08 3.1074195e-21)
(-0.00044155139 -8.7289502e-08 -3.1134633e-21)
(-0.00044154105 -1.0735113e-07 0)
(-0.00044152664 -1.3244836e-07 0)
(-0.00044150679 -1.6396462e-07 0)
(-0.00044147948 -2.0365208e-07 2.4430905e-23)
(-0.00044144194 -2.5368472e-07 -1.2486013e-20)
(-0.00044139015 -3.1676604e-07 -1.772753e-23)
(-0.00044131764 -3.9593035e-07 1.2699174e-20)
(-0.0004412186 -4.9394548e-07 1.2636116e-20)
(-0.0004410853 -6.1879723e-07 -1.2586455e-20)
(-0.00044090457 -7.7936696e-07 -9.8534302e-23)
(-0.00044065954 -9.8720911e-07 0)
(-0.00044032793 -1.2575044e-06 -3.9519449e-22)
(-0.00043987982 -1.6105474e-06 5.0686729e-20)
(-0.00043927503 -2.0734688e-06 -5.0681605e-20)
(-0.00043845978 -2.6827487e-06 7.9346413e-22)
(-0.00043736177 -3.4881527e-06 0)
(-0.00043588585 -4.5582349e-06 5.0941305e-20)
(-0.00043390986 -5.9887616e-06 5.2663428e-20)
(-0.00043120975 -7.9798425e-06 -1.0197372e-19)
(-0.00042749912 -1.0631766e-05 -3.1921601e-21)
(-0.00042241578 -1.426213e-05 9.9120962e-20)
(-0.00041542651 -1.9244496e-05 1.0893436e-19)
(-0.0004058688 -2.6031185e-05 -2.1747163e-19)
(-0.00039288589 -3.5029063e-05 0)
(-0.00037553836 -4.6963932e-05 -1.2809501e-20)
(-0.00035324169 -6.2734758e-05 -2.0505837e-19)
(-0.00032615699 -8.3474008e-05 2.3029928e-19)
(-0.0002961828 -0.0001104778 0)
(-0.00026084039 -0.00015119174 -5.1058277e-19)
(-0.00032147789 -0.00021842412 4.0716018e-19)
(1.2904214e-05 -0.0004367306 2.5092675e-23)
(-0.00030205469 1.8483548e-10 9.4932381e-26)
(-0.00030205391 4.8381103e-10 0)
(-0.0003020523 7.2093991e-10 0)
(-0.00030205089 9.2098337e-10 3.7257419e-25)
(-0.00030204993 1.0845025e-09 -3.7311467e-25)
(-0.00030204934 1.2579818e-09 0)
(-0.00030204901 1.4266975e-09 7.6727969e-22)
(-0.00030204878 1.6111466e-09 -7.669029e-22)
(-0.00030204857 1.7457678e-09 1.5397334e-21)
(-0.00030204831 1.787194e-09 -1.5382248e-21)
(-0.00030204794 1.6481011e-09 0)
(-0.00030204741 1.2533925e-09 1.5075645e-24)
(-0.00030204659 4.4841421e-10 -6.0388671e-24)
(-0.00030204536 -9.6072792e-10 -3.0237331e-24)
(-0.00030204372 -3.3555553e-09 0)
(-0.00030204128 -7.3271302e-09 3.1073092e-21)
(-0.0003020374 -1.3325306e-08 -3.1072612e-21)
(-0.00030203168 -2.1872376e-08 0)
(-0.00030202353 -3.4065715e-08 0)
(-0.00030201186 -5.1187745e-08 6.2495824e-21)
(-0.00030199523 -7.5044155e-08 -6.2738288e-21)
(-0.00030197164 -1.0797942e-07 1.2484904e-20)
(-0.00030193833 -1.5326972e-07 1.772833e-23)
(-0.00030189136 -2.1548465e-07 -1.2550461e-20)
(-0.00030182624 -3.0191659e-07 -1.2585216e-20)
(-0.0003017366 -4.198271e-07 1.2387624e-20)
(-0.0003016131 -5.7986668e-07 0)
(-0.00030144347 -7.9623214e-07 -3.9458146e-22)
(-0.00030121134 -1.0881139e-06 3.9509137e-22)
(-0.00030089503 -1.4809996e-06 0)
(-0.00030046555 -2.0095821e-06 5.0734797e-20)
(-0.00029988361 -2.7214149e-06 -4.9932611e-20)
(-0.0002990956 -3.6829605e-06 0)
(-0.00029802778 -4.9888773e-06 4.7734107e-20)
(-0.00029664083 -6.7728572e-06 -5.4082047e-20)
(-0.00029468246 -9.2253908e-06 1.0204157e-19)
(-0.00029192398 -1.2618583e-05 -1.0199693e-19)
(-0.00028818479 -1.7318408e-05 -9.5837564e-20)
(-0.00028302958 -2.3783095e-05 1.0215636e-19)
(-0.00027597062 -3.2519923e-05 -7.4381722e-25)
(-0.00026648087 -4.3982893e-05 2.3035856e-19)
(-0.00025415047 -5.8547959e-05 -2.0453671e-19)
(-0.00023934315 -7.635634e-05 0)
(-0.00022301746 -9.6844033e-05 9.6267043e-24)
(-0.00020805235 -0.00011852294 0)
(-0.00018492197 -0.00014685147 5.1044861e-19)
(-0.000317286 -0.00020165625 -2.0363776e-19)
(0.00010234165 -0.00047307837 -7.9842175e-19)
(-0.00029282361 -1.1256822e-10 -9.7091389e-23)
(-0.00029282297 -3.3601531e-10 9.5032285e-23)
(-0.00029282147 -6.0792599e-10 3.8123692e-22)
(-0.00029282012 -9.2471126e-10 -7.6377179e-22)
(-0.00029281921 -1.2932514e-09 3.821626e-22)
(-0.00029281869 -1.7310163e-09 7.473037e-25)
(-0.00029281842 -2.2593696e-09 -7.6614999e-22)
(-0.00029281829 -2.9138561e-09 1.5356473e-21)
(-0.00029281827 -3.7590956e-09 -7.6949984e-22)
(-0.00029281827 -4.8644496e-09 0)
(-0.00029281825 -6.3404871e-09 3.0107737e-24)
(-0.00029281814 -8.3263461e-09 -1.5448262e-21)
(-0.0002928179 -1.0985919e-08 -1.5462225e-21)
(-0.00029281749 -1.4572592e-08 3.0940108e-21)
(-0.00029281684 -1.9433408e-08 0)
(-0.00029281567 -2.588406e-08 3.1072063e-21)
(-0.00029281355 -3.4634327e-08 -3.1071411e-21)
(-0.00029281018 -4.6665836e-08 2.4325895e-23)
(-0.00029280507 -6.3073149e-08 2.4359827e-23)
(-0.00029279745 -8.5459212e-08 6.2004145e-21)
(-0.00029278622 -1.1600398e-07 -6.2489554e-21)
(-0.00029276984 -1.5769725e-07 -9.7843244e-23)
(-0.00029274617 -2.1455589e-07 9.797648e-23)
(-0.00029271234 -2.921154e-07 -9.810865e-23)
(-0.00029266465 -3.9794037e-07 0)
(-0.00029259793 -5.4156821e-07 3.9347961e-22)
(-0.00029250501 -7.3608644e-07 -2.5233302e-20)
(-0.00029237632 -9.9906081e-07 2.5624783e-20)
(-0.00029219913 -1.3538874e-06 2.4507619e-20)
(-0.00029195645 -1.8319142e-06 -2.5293441e-20)
(-0.00029162571 -2.4752763e-06 1.5838593e-21)
(-0.00029117664 -3.3419634e-06 4.919223e-20)
(-0.00029056879 -4.5134913e-06 -5.0764232e-20)
(-0.00028974818 -6.1072835e-06 -4.7711112e-20)
(-0.0002886467 -8.2936616e-06 3.1109775e-21)
(-0.00028712398 -1.1254544e-05 -5.1059145e-20)
(-0.00028501829 -1.5427856e-05 1.0192341e-19)
(-0.00028214556 -2.1215197e-05 0)
(-0.00027822678 -2.9142319e-05 0)
(-0.00027294101 -3.9750861e-05 1.2772335e-20)
(-0.00026598994 -5.3456964e-05 -2.3011329e-19)
(-0.00025726124 -7.0375691e-05 1.5319131e-19)
(-0.00024702269 -9.0050367e-05 5.1107527e-20)
(-0.00023623851 -0.00011061237 -5.1077045e-20)
(-0.00022866807 -0.00012933338 0)
(-0.00020475948 -0.00014995346 4.0828891e-19)
(-0.00037464939 -0.00020063343 -6.1135601e-19)
(0.00018698451 -0.00049872576 1.9954441e-19)
(-0.00025727419 -1.8028014e-10 -1.8986446e-25)
(-0.00025727359 -4.5911026e-10 1.8574417e-25)
(-0.00025727213 -7.1760124e-10 0)
(-0.0002572708 -9.9480298e-10 3.7256926e-25)
(-0.00025726992 -1.3197175e-09 0)
(-0.00025726945 -1.7100691e-09 4.0055463e-32)
(-0.00025726926 -2.201977e-09 -7.4837675e-25)
(-0.00025726925 -2.8444625e-09 7.6649682e-22)
(-0.00025726935 -3.690427e-09 -7.6799041e-22)
(-0.00025726953 -4.7903044e-09 -1.5388977e-21)
(-0.00025726978 -6.2781052e-09 1.537375e-21)
(-0.00025727007 -8.3136597e-09 -1.5417856e-21)
(-0.00025727034 -1.1141228e-08 -2.2163968e-24)
(-0.0002572706 -1.4983258e-08 -1.5514037e-21)
(-0.00025727083 -2.0173588e-08 3.0983161e-21)
(-0.00025727091 -2.7147871e-08 -3.0949845e-21)
(-0.00025727069 -3.6743485e-08 3.0948868e-21)
(-0.00025726998 -4.9978496e-08 -2.4324893e-23)
(-0.00025726853 -6.8119245e-08 -4.8717329e-23)
(-0.00025726597 -9.2956397e-08 6.2488573e-21)
(-0.00025726175 -1.2693929e-07 -6.1997021e-21)
(-0.00025725508 -1.734093e-07 9.7835831e-23)
(-0.0002572449 -2.3692865e-07 1.1585893e-28)
(-0.00025722972 -3.2370146e-07 1.9619775e-22)
(-0.00025720767 -4.4205828e-07 -1.2778558e-20)
(-0.00025717614 -6.0299435e-07 -2.1444302e-22)
(-0.00025713156 -8.2126414e-07 1.2596929e-20)
(-0.00025706908 -1.116542e-06 -2.5261108e-20)
(-0.00025698219 -1.5150372e-06 2.5256807e-20)
(-0.00025686228 -2.0517998e-06 0)
(-0.00025669809 -2.774291e-06 -3.166813e-21)
(-0.00025647481 -3.7475498e-06 0)
(-0.00025617328 -5.06292e-06 3.1738113e-21)
(-0.0002557684 -6.8501413e-06 0)
(-0.00025522613 -9.2952102e-06 3.1800914e-21)
(-0.00025449162 -1.2656552e-05 0)
(-0.00025349956 -1.7332662e-05 1.0200165e-19)
(-0.00025217561 -2.380085e-05 -1.2609011e-20)
(-0.00025042558 -3.262008e-05 -1.0198593e-19)
(-0.00024816694 -4.4329089e-05 0)
(-0.00024537744 -5.9263944e-05 0)
(-0.00024214138 -7.7307964e-05 5.1061616e-20)
(-0.00023872935 -9.7513593e-05 1.0225601e-19)
(-0.00023627782 -0.00011760564 -2.0402843e-19)
(-0.00023812486 -0.00013409037 -1.0205201e-19)
(-0.00021833267 -0.00014856256 0)
(-0.00042788935 -0.00019361501 0)
(0.00026699002 -0.00049459305 0)
(-0.00019610744 -1.4064377e-10 0)
(-0.0001961069 -3.2282885e-10 -1.8574326e-25)
(-0.0001961055 -4.6640611e-10 -1.8601352e-25)
(-0.00019610423 -6.2610658e-10 3.8178589e-22)
(-0.00019610341 -8.3196741e-10 -3.8215771e-22)
(-0.00019610298 -1.1083887e-09 -3.8438572e-22)
(-0.00019610284 -1.4839119e-09 3.8288904e-22)
(-0.00019610289 -2.0011999e-09 -5.259738e-32)
(-0.00019610308 -2.7143043e-09 0)
(-0.00019610341 -3.7135581e-09 -1.5031991e-24)
(-0.00019610391 -5.0861081e-09 -1.5395722e-21)
(-0.00019610461 -6.9947663e-09 1.5395469e-21)
(-0.00019610548 -9.6506618e-09 0)
(-0.00019610655 -1.3371799e-08 0)
(-0.00019610788 -1.8479071e-08 0)
(-0.00019610961 -2.5516893e-08 3.4751769e-30)
(-0.00019611181 -3.5215309e-08 1.214513e-23)
(-0.00019611448 -4.8613861e-08 3.115693e-21)
(-0.00019611774 -6.7060239e-08 -3.0912062e-21)
(-0.00019612179 -9.2414734e-08 4.8782206e-23)
(-0.00019612683 -1.2721445e-07 -4.8848705e-23)
(-0.00019613315 -1.7491433e-07 6.3633517e-21)
(-0.00019614111 -2.4021995e-07 8.8663867e-24)
(-0.00019615124 -3.2947638e-07 -6.5676093e-21)
(-0.00019616421 -4.5120993e-07 -1.2384384e-20)
(-0.00019618095 -6.1671315e-07 2.5176283e-20)
(-0.00019620265 -8.4111057e-07 -1.25952e-20)
(-0.00019623099 -1.1445272e-06 0)
(-0.00019626834 -1.5538418e-06 2.6077336e-20)
(-0.00019631817 -2.104962e-06 -5.0599246e-20)
(-0.00019638533 -2.8463037e-06 2.6893641e-20)
(-0.00019647682 -3.844131e-06 0)
(-0.00019660238 -5.1910787e-06 4.762731e-20)
(-0.00019677626 -7.0188137e-06 -5.0778646e-20)
(-0.0001970197 -9.5161513e-06 5.790615e-26)
(-0.00019736358 -1.2951538e-05 6.3628397e-21)
(-0.00019785776 -1.770221e-05 0)
(-0.00019858276 -2.4245561e-05 1.2742512e-20)
(-0.00019966411 -3.3125082e-05 0)
(-0.00020129269 -4.4839144e-05 7.6593765e-20)
(-0.0002037454 -5.9636519e-05 -2.0410543e-19)
(-0.00020733247 -7.7251779e-05 -1.0227411e-19)
(-0.00021236712 -9.6559262e-05 3.0599154e-19)
(-0.0002200229 -0.00011508414 0)
(-0.00023325085 -0.00012899911 1.0195612e-19)
(-0.00022101789 -0.0001393989 0)
(-0.00047123947 -0.00017757803 0)
(0.00033962768 -0.00045684148 0)
(-0.00012875162 -1.4847568e-10 -1.8986844e-25)
(-0.0001287511 -3.3728597e-10 0)
(-0.00012874975 -4.7265717e-10 1.8601272e-25)
(-0.00012874852 -6.1002948e-10 -1.9051951e-22)
(-0.00012874773 -7.8610566e-10 1.9126446e-22)
(-0.00012874734 -1.0251304e-09 1.1209335e-24)
(-0.00012874724 -1.3551249e-09 0)
(-0.00012874736 -1.8169764e-09 7.6948292e-22)
(-0.00012874767 -2.4706993e-09 -7.6797707e-22)
(-0.00012874815 -3.4022307e-09 1.5031857e-24)
(-0.00012874887 -4.6961364e-09 7.6676744e-22)
(-0.00012874988 -6.4381461e-09 -7.6825674e-22)
(-0.00012875129 -8.8127366e-09 -3.0192195e-24)
(-0.00012875317 -1.2165381e-08 0)
(-0.0001287557 -1.6813873e-08 -1.545255e-21)
(-0.00012875914 -2.3257072e-08 3.0926196e-21)
(-0.0001287638 -3.2103843e-08 -1.5534294e-21)
(-0.00012877008 -4.4308795e-08 -2.4323322e-23)
(-0.0001287785 -6.1187605e-08 -2.4356828e-23)
(-0.00012878986 -8.4484578e-08 2.4390144e-23)
(-0.00012880522 -1.1657777e-07 0)
(-0.00012882602 -1.6069043e-07 -9.7824206e-23)
(-0.00012885422 -2.2117865e-07 -9.7954312e-23)
(-0.00012889248 -3.0390014e-07 6.3798327e-21)
(-0.00012894438 -4.1669672e-07 -6.2810135e-21)
(-0.00012901486 -5.7010054e-07 1.2792452e-20)
(-0.0001291106 -7.7813715e-07 -2.520529e-20)
(-0.00012924065 -1.0595083e-06 1.2609174e-20)
(-0.00012941718 -1.4390048e-06 0)
(-0.00012965649 -1.9496649e-06 2.5313001e-20)
(-0.00012998065 -2.6357191e-06 -5.0646687e-20)
(-0.00013041974 -3.5576078e-06 5.2284867e-20)
(-0.00013101506 -4.7993654e-06 -2.3771973e-20)
(-0.00013182377 -6.480626e-06 0)
(-0.00013292594 -8.7727164e-06 -3.177686e-21)
(-0.00013443605 -1.1919743e-05 -5.7279437e-20)
(-0.0001365209 -1.625737e-05 5.088279e-20)
(-0.00013941958 -2.2213211e-05 0)
(-0.00014346177 -3.0264242e-05 -1.0201624e-19)
(-0.00014908587 -4.0827786e-05 1.1465164e-19)
(-0.00015683757 -5.4077077e-05 1.0207083e-19)
(-0.00016723886 -6.9693477e-05 -1.0192772e-19)
(-0.00018062027 -8.6553544e-05 -2.5511974e-19)
(-0.00019818783 -0.00010224102 2.0376991e-19)
(-0.00022283303 -0.00011309217 5.096506e-20)
(-0.0002200517 -0.00011963824 -2.0384052e-19)
(-0.00050556141 -0.00015283238 2.0336031e-19)
(0.00040328562 -0.00038885675 -5.9736237e-19)
(-6.9028173e-05 -1.2594853e-10 1.8987048e-25)
(-6.9027677e-05 -2.7831947e-10 -9.5076251e-23)
(-6.9026348e-05 -3.8184765e-10 9.4982924e-23)
(-6.9025156e-05 -4.8734307e-10 -3.7256421e-25)
(-6.9024401e-05 -6.3394427e-10 1.865519e-25)
(-6.9024038e-05 -8.3440075e-10 -3.7364293e-25)
(-6.9023971e-05 -1.1096583e-09 0)
(-6.9024136e-05 -1.4899405e-09 -3.8473941e-22)
(-6.9024518e-05 -2.0150624e-09 -5.5410071e-25)
(-6.9025141e-05 -2.7458217e-09 3.8453579e-22)
(-6.9026029e-05 -3.7792969e-09 1.5053186e-24)
(-6.9027302e-05 -5.2042609e-09 7.6785037e-22)
(-6.9029191e-05 -7.1427611e-09 7.1465882e-24)
(-6.9031827e-05 -9.8050549e-09 -7.7647177e-22)
(-6.903544e-05 -1.3566587e-08 -1.211078e-23)
(-6.9040454e-05 -1.8748414e-08 1.553456e-21)
(-6.9047406e-05 -2.5899476e-08 -1.5655436e-21)
(-6.9057018e-05 -3.5763212e-08 -1.5212812e-21)
(-6.9070262e-05 -4.9420182e-08 1.6063997e-21)
(-6.9088488e-05 -6.8298987e-08 3.0996691e-21)
(-6.9113543e-05 -9.4329144e-08 -6.2521236e-21)
(-6.9147953e-05 -1.3013093e-07 3.1769393e-21)
(-6.9195157e-05 -1.7923608e-07 -4.8974834e-23)
(-6.9259836e-05 -2.4640424e-07 9.8077613e-23)
(-6.9348393e-05 -3.3803289e-07 -6.2894751e-21)
(-6.9469495e-05 -4.6268388e-07 6.091894e-21)
(-6.9634822e-05 -6.3171018e-07 1.2413526e-20)
(-6.9860089e-05 -8.6013059e-07 -1.260791e-20)
(-7.016638e-05 -1.1678414e-06 -1.2245744e-20)
(-7.0581982e-05 -1.5813069e-06 1.303226e-20)
(-7.1144905e-05 -2.1361173e-06 -7.9123609e-22)
(-7.1906373e-05 -2.8807029e-06 -2.7739821e-20)
(-7.2935774e-05 -3.8823052e-06 2.535298e-20)
(-7.4328058e-05 -5.2360292e-06 1.5871324e-21)
(-7.6215619e-05 -7.0780815e-06 -2.5433276e-20)
(-7.8784821e-05 -9.6018573e-06 7.6321896e-20)
(-8.2299758e-05 -1.3071838e-05 -9.5443125e-20)
(-8.7126883e-05 -1.7820579e-05 4.4528754e-20)
(-9.3760137e-05 -2.4215703e-05 -6.3693077e-21)
(-0.00010284339 -3.2571502e-05 1.2741991e-20)
(-0.00011514845 -4.2996326e-05 -1.020314e-19)
(-0.000131359 -5.5188108e-05 2.0391989e-19)
(-0.00015176096 -6.821913e-05 -1.0186996e-19)
(-0.00017749258 -8.0126975e-05 1.0199775e-19)
(-0.00021124644 -8.7838628e-05 -1.5271885e-19)
(-0.00021961392 -9.1342092e-05 0)
(-0.00053283226 -0.00011794965 0)
(0.00045501944 -0.00029647974 9.9357222e-20)
(-2.5526082e-05 -8.9015325e-11 0)
(-2.5525597e-05 -1.8200528e-10 -4.767733e-23)
(-2.5524291e-05 -2.4540172e-10 4.7677367e-23)
(-2.5523132e-05 -3.224154e-10 0)
(-2.5522408e-05 -4.3451928e-10 -1.8655142e-25)
(-2.5522067e-05 -5.9219872e-10 -1.9144316e-22)
(-2.5522023e-05 -8.0411973e-10 3.831607e-22)
(-2.5522214e-05 -1.083513e-09 -1.9171724e-22)
(-2.5522638e-05 -1.4536923e-09 3.7525553e-25)
(-2.5523341e-05 -1.9483775e-09 -1.503168e-24)
(-2.5524402e-05 -2.6220561e-09 3.8563652e-22)
(-2.5525918e-05 -3.5829323e-09 -3.8261494e-22)
(-2.5528094e-05 -4.9052854e-09 -3.0191648e-24)
(-2.5531276e-05 -6.6748444e-09 3.0234213e-24)
(-2.5535747e-05 -9.122411e-09 9.0829956e-24)
(-2.554196e-05 -1.252542e-08 3.0318946e-24)
(-2.5550679e-05 -1.7220296e-08 1.5677393e-21)
(-2.5562874e-05 -2.3674283e-08 -1.5737665e-21)
(-2.5579849e-05 -3.2608323e-08 -1.5842316e-21)
(-2.5603383e-05 -4.4954879e-08 1.55978e-21)
(-2.5635938e-05 -6.1976297e-08 1.5396796e-21)
(-2.5680874e-05 -8.5384351e-08 -4.7207995e-21)
(-2.5742782e-05 -1.1748816e-07 3.1810423e-21)
(-2.5827928e-05 -1.6140834e-07 -9.8073827e-23)
(-2.5944809e-05 -2.2132275e-07 0)
(-2.6104911e-05 -3.0276836e-07 0)
(-2.6323713e-05 -4.1309407e-07 -6.1079561e-21)
(-2.6622043e-05 -5.6202416e-07 6.1064034e-21)
(-2.7027824e-05 -7.6246099e-07 -6.9118115e-21)
(-2.7578425e-05 -1.0315621e-06 5.9228209e-21)
(-2.8323834e-05 -1.3923517e-06 7.9115253e-22)
(-2.9331018e-05 -1.876072e-06 7.9196418e-22)
(-3.0690284e-05 -2.5259946e-06 -2.3781922e-21)
(-3.2524775e-05 -3.4033044e-06 -1.3497497e-20)
(-3.5004414e-05 -4.5954483e-06 1.2696646e-20)
(-3.8366561e-05 -6.2257818e-06 -1.5893768e-21)
(-4.2942127e-05 -8.4620646e-06 -3.5006708e-20)
(-4.9187081e-05 -1.1514169e-05 3.1806832e-20)
(-5.7710829e-05 -1.5614665e-05 1.2735328e-20)
(-6.9290367e-05 -2.096105e-05 6.3696489e-21)
(-8.483199e-05 -2.7610702e-05 0)
(-0.0001051519 -3.5339617e-05 5.1004397e-20)
(-0.00013056877 -4.3532622e-05 -1.0191846e-19)
(-0.0001621364 -5.0951106e-05 5.0903322e-20)
(-0.00020243904 -5.5675134e-05 1.0192326e-19)
(-0.00021924323 -5.7589206e-05 -2.0351412e-19)
(-0.00055143039 -7.39823e-05 1.0155382e-19)
(0.00049106582 -0.00018545592 9.9355564e-20)
(-2.8530491e-06 -3.3230992e-11 0)
(-2.8525684e-06 -5.2061768e-11 0)
(-2.8512924e-06 -7.5402459e-11 9.300574e-26)
(-2.850165e-06 -1.2968652e-10 -4.7722679e-23)
(-2.8494693e-06 -2.1729197e-10 4.7722469e-23)
(-2.8491525e-06 -3.3864755e-10 0)
(-2.8491192e-06 -4.87609e-10 -9.5859281e-23)
(-2.8493193e-06 -6.6222783e-10 9.5852586e-23)
(-2.8497594e-06 -8.6615505e-10 -3.7525473e-25)
(-2.8504944e-06 -1.1062694e-09 0)
(-2.8516222e-06 -1.4015448e-09 -1.1760205e-26)
(-2.8532828e-06 -1.7837535e-09 -1.5309978e-24)
(-2.8556847e-06 -2.3123417e-09 0)
(-2.8591218e-06 -3.0154811e-09 1.9361305e-22)
(-2.8640232e-06 -3.9070286e-09 -1.9665874e-22)
(-2.8709341e-06 -5.1480228e-09 -3.9138919e-22)
(-2.8806087e-06 -6.8527121e-09 7.7719065e-22)
(-2.8941986e-06 -9.1878658e-09 6.6346917e-24)
(-2.9132096e-06 -1.238257e-08 5.5415517e-25)
(-2.9396423e-06 -1.676462e-08 3.9109686e-22)
(-2.9762877e-06 -2.2775858e-08 -7.5655895e-22)
(-3.0269664e-06 -3.1012946e-08 7.5862854e-22)
(-3.0968993e-06 -4.2283085e-08 1.1563617e-24)
(-3.1931866e-06 -5.7673354e-08 -7.8402155e-22)
(-3.3254542e-06 -7.8620682e-08 -4.7947882e-26)
(-3.5067082e-06 -1.0704916e-07 0)
(-3.7544837e-06 -1.4550313e-07 0)
(-4.0923548e-06 -1.9735685e-07 -1.3809301e-21)
(-4.5519126e-06 -2.6706716e-07 1.7750015e-21)
(-5.1753942e-06 -3.6057059e-07 3.1632861e-21)
(-6.0191715e-06 -4.8580584e-07 -3.1622309e-21)
(-7.1586309e-06 -6.5354792e-07 0)
(-8.6952029e-06 -8.787377e-07 7.1385759e-21)
(-1.0766626e-05 -1.1824723e-06 -7.1360116e-21)
(-1.3562343e-05 -1.5947221e-06 -1.9385568e-25)
(-1.7345263e-05 -2.1578867e-06 7.9504265e-21)
(-2.2480671e-05 -2.9289266e-06 -9.5414353e-21)
(-2.9470045e-05 -3.9799631e-06 6.3601542e-21)
(-3.8981798e-05 -5.3899955e-06 -6.3668802e-21)
(-5.1862941e-05 -7.2268885e-06 6.378203e-21)
(-6.908623e-05 -9.5107689e-06 1.8888041e-23)
(-9.1514933e-05 -1.2162608e-05 -1.2730132e-20)
(-0.00011947865 -1.4957782e-05 0)
(-0.00015409301 -1.7462023e-05 0)
(-0.00019784722 -1.9071058e-05 2.547697e-20)
(-0.00021902097 -1.969299e-05 -2.5413135e-20)
(-0.00056080629 -2.5181469e-05 -1.5502808e-24)
(0.00050953179 -6.3088931e-05 0)
(-2.8529986e-06 3.3562767e-11 1.2160723e-23)
(-2.8525423e-06 9.5935208e-11 -3.567099e-23)
(-2.8513063e-06 1.0988514e-10 2.3792154e-23)
(-2.850217e-06 8.0855508e-11 0)
(-2.8495502e-06 1.8018743e-11 -4.7791731e-23)
(-2.8492491e-06 -5.9618598e-11 4.7791458e-23)
(-2.8492244e-06 -1.4133928e-10 -9.5859281e-23)
(-2.8494252e-06 -2.0287681e-10 9.5864296e-23)
(-2.8498569e-06 -2.3184765e-10 -9.6134476e-23)
(-2.8505821e-06 -2.1980103e-10 9.6884841e-23)
(-2.8517045e-06 -1.3813936e-10 1.9358214e-22)
(-2.8533628e-06 4.9300926e-11 -1.9279075e-22)
(-2.8557593e-06 3.5701216e-10 0)
(-2.859195e-06 8.2920168e-10 -1.4880838e-24)
(-2.8640899e-06 1.5346029e-09 0)
(-2.8710058e-06 2.5867261e-09 3.0318769e-24)
(-2.8807226e-06 4.0707815e-09 4.7438848e-26)
(-2.8943408e-06 6.1392926e-09 0)
(-2.9133545e-06 9.0584364e-09 -1.217776e-23)
(-2.9397948e-06 1.3154183e-08 -4.7634029e-26)
(-2.9764545e-06 1.8859494e-08 4.7698175e-26)
(-3.0271538e-06 2.6770016e-08 -8.0753655e-22)
(-3.0971086e-06 3.76826e-08 8.0744269e-22)
(-3.193417e-06 5.2691024e-08 0)
(-3.3257084e-06 7.3234943e-08 4.7947882e-26)
(-3.5069975e-06 1.0124099e-07 1.6725552e-21)
(-3.7548168e-06 1.3925362e-07 -3.1501102e-21)
(-4.0927357e-06 1.9065311e-07 1.5758279e-21)
(-4.5523429e-06 2.5990868e-07 -2.9624067e-21)
(-5.1758653e-06 3.5297391e-07 2.7637103e-21)
(-6.0196702e-06 4.7780731e-07 0)
(-7.1591503e-06 6.4521318e-07 3.1699062e-21)
(-8.6957333e-06 8.7016166e-07 3.1774069e-21)
(-1.0767163e-05 1.1737747e-06 -7.1360116e-21)
(-1.3562879e-05 1.5860526e-06 6.3569425e-21)
(-1.7345775e-05 2.149411e-06 -4.7629981e-21)
(-2.248114e-05 2.9208343e-06 0)
(-2.9470431e-05 3.9724888e-06 -9.5559855e-21)
(-3.8982054e-05 5.3834254e-06 6.3578544e-21)
(-5.186307e-05 7.2215209e-06 -1.2746908e-20)
(-6.9085985e-05 9.5068691e-06 -1.8888039e-23)
(-9.1515063e-05 1.216027e-05 1.2730132e-20)
(-0.00011947832 1.4956427e-05 2.5495843e-20)
(-0.00015409174 1.7461366e-05 -2.5447541e-20)
(-0.00019784604 1.9070239e-05 -1.9420551e-25)
(-0.00021902052 1.9689736e-05 7.6342014e-20)
(-0.00056080509 2.5170332e-05 1.3178106e-22)
(0.00050953321 6.3069871e-05 -4.9579635e-20)
(-2.5525937e-05 8.8477332e-11 -2.4321343e-23)
(-2.5525518e-05 2.1871699e-10 2.3850469e-23)
(-2.5524331e-05 2.7095036e-10 0)
(-2.5523275e-05 2.6494084e-10 1.8628166e-25)
(-2.5522632e-05 2.4052783e-10 0)
(-2.5522349e-05 2.1210997e-10 -1.9144316e-22)
(-2.5522326e-05 2.1083826e-10 1.9144182e-22)
(-2.5522512e-05 2.6222961e-10 0)
(-2.5522929e-05 4.1235514e-10 7.5051103e-25)
(-2.5523616e-05 6.8524455e-10 3.8433648e-22)
(-2.5524643e-05 1.1487611e-09 -3.8432976e-22)
(-2.5526166e-05 1.8695401e-09 0)
(-2.5528384e-05 2.9553085e-09 -3.0191648e-24)
(-2.5531535e-05 4.5216687e-09 1.5117108e-24)
(-2.5535975e-05 6.7614558e-09 0)
(-2.5542227e-05 9.9460103e-09 -3.0318946e-24)
(-2.5550997e-05 1.4417612e-08 1.5555949e-21)
(-2.5563237e-05 2.065369e-08 -3.1011049e-21)
(-2.5580254e-05 2.9347385e-08 1.5941929e-21)
(-2.5603842e-05 4.1420261e-08 -2.4388877e-23)
(-2.5636461e-05 5.8142867e-08 -2.4421761e-23)
(-2.5681477e-05 8.121744e-08 -2.4454344e-23)
(-2.5743476e-05 1.1296095e-07 -2.4486613e-23)
(-2.5828716e-05 1.5647817e-07 0)
(-2.5945697e-05 2.1595866e-07 3.0464004e-21)
(-2.6105898e-05 2.9694214e-07 -3.2424376e-21)
(-2.6324803e-05 4.0679861e-07 0)
(-2.6623232e-05 5.5526036e-07 3.9424746e-22)
(-2.70291e-05 7.5524858e-07 6.1223979e-21)
(-2.7579784e-05 1.0239316e-06 8.885089e-24)
(-2.8325264e-05 1.3843507e-06 6.3425695e-21)
(-2.9332492e-05 1.8677567e-06 -7.7416524e-22)
(-3.0691784e-05 2.5174604e-06 -1.2674806e-20)
(-3.2526276e-05 3.3946761e-06 2.3803311e-21)
(-3.5005897e-05 4.5868849e-06 -2.542909e-20)
(-3.8368021e-05 6.217433e-06 4.6091844e-20)
(-4.2943505e-05 8.4541053e-06 -2.5428309e-20)
(-4.9188269e-05 1.1506786e-05 -2.8660729e-20)
(-5.7711693e-05 1.5608105e-05 8.2798555e-20)
(-6.9290693e-05 2.0955587e-05 -6.3658721e-20)
(-8.4831843e-05 2.7606595e-05 5.1002696e-20)
(-0.00010515081 3.5336929e-05 -5.0927769e-20)
(-0.00013056727 4.3531243e-05 0)
(-0.00016213447 5.095015e-05 1.0196943e-19)
(-0.00020243619 5.5673518e-05 -2.0367742e-19)
(-0.00021923945 5.758533e-05 1.7807151e-19)
(-0.00055142643 7.3970426e-05 5.5948355e-23)
(0.000491068 0.00018543649 -1.9876069e-19)
(-6.902794e-05 1.2120158e-10 -4.8642297e-23)
(-6.9027556e-05 2.9929068e-10 4.7608169e-23)
(-6.9026418e-05 3.8686183e-10 1.8601211e-25)
(-6.902539e-05 4.1318139e-10 -5.5884632e-25)
(-6.9024761e-05 4.2882429e-10 -1.9079457e-22)
(-6.9024484e-05 4.5979282e-10 -1.9172076e-22)
(-6.9024461e-05 5.4769026e-10 3.8363324e-22)
(-6.9024626e-05 7.1598709e-10 0)
(-6.9024987e-05 1.0225733e-09 7.505141e-25)
(-6.9025585e-05 1.5414625e-09 0)
(-6.9026482e-05 2.3529579e-09 -1.5053187e-24)
(-6.9027777e-05 3.5505656e-09 0)
(-6.9029622e-05 5.3034618e-09 -7.674276e-22)
(-6.9032231e-05 7.809816e-09 -7.7566477e-22)
(-6.9035859e-05 1.135283e-08 1.5490717e-21)
(-6.9040904e-05 1.6302795e-08 0)
(-6.9047912e-05 2.323027e-08 -1.5677601e-21)
(-6.905759e-05 3.2886282e-08 -1.4377913e-23)
(-6.9070918e-05 4.6322814e-08 1.5333311e-21)
(-6.9089244e-05 6.4944103e-08 -3.1240585e-21)
(-6.9114414e-05 9.0697154e-08 3.1971122e-21)
(-6.9148956e-05 1.2618646e-07 9.7820183e-23)
(-6.9196311e-05 1.7495882e-07 0)
(-6.9261158e-05 2.4176138e-07 0)
(-6.9349884e-05 3.3299943e-07 -6.1912714e-21)
(-6.9471155e-05 4.5723156e-07 6.091894e-21)
(-6.963665e-05 6.2583016e-07 -1.2610425e-20)
(-6.9862077e-05 8.5381038e-07 -4.1202267e-22)
(-7.0168521e-05 1.1610868e-06 1.2622729e-20)
(-7.0584261e-05 1.5741277e-06 3.9518656e-22)
(-7.1147303e-05 2.1285536e-06 0)
(-7.1908859e-05 2.8728079e-06 7.9205989e-22)
(-7.2938291e-05 3.8741563e-06 -2.5388577e-20)
(-7.4330558e-05 5.2277331e-06 2.3789069e-20)
(-7.6218087e-05 7.0697697e-06 -2.5433276e-20)
(-7.8787222e-05 9.593698e-06 2.8596101e-20)
(-8.230202e-05 1.3064024e-05 -5.0938979e-20)
(-8.7128845e-05 1.7813311e-05 6.2940457e-21)
(-9.3761543e-05 2.4209202e-05 -7.273514e-23)
(-0.00010284401 3.2565994e-05 5.0933635e-20)
(-0.00011514787 4.2991967e-05 -1.020314e-19)
(-0.00013135779 5.5184999e-05 2.039199e-19)
(-0.00015175858 6.8216965e-05 1.5443186e-22)
(-0.00017748878 8.012525e-05 -5.088508e-20)
(-0.00021124162 8.7836397e-05 2.0390835e-19)
(-0.0002196095 9.1337102e-05 -2.0344147e-19)
(-0.0005328264 0.00011793654 -3.0538627e-19)
(0.00045502419 0.00029645965 1.9856592e-19)
(-0.00012875132 1.3957502e-10 0)
(-0.00012875095 3.5678395e-10 -1.857425e-25)
(-0.00012874985 4.6133212e-10 -1.8601272e-25)
(-0.00012874884 5.3496376e-10 -1.9051951e-22)
(-0.00012874821 5.8316158e-10 1.9014514e-22)
(-0.00012874793 6.9070821e-10 0)
(-0.00012874789 8.6064675e-10 -7.483667e-25)
(-0.00012874803 1.1577891e-09 0)
(-0.00012874833 1.5983806e-09 -1.5010375e-24)
(-0.00012874879 2.3137787e-09 -1.5031856e-24)
(-0.00012874948 3.357995e-09 0)
(-0.00012875047 4.9277485e-09 -3.0149443e-24)
(-0.00012875184 7.1626101e-09 1.5439293e-21)
(-0.00012875373 1.0364501e-08 -1.5469159e-21)
(-0.00012875631 1.4814059e-08 -1.5513105e-21)
(-0.00012875981 2.1018008e-08 1.5633935e-21)
(-0.00012876451 2.9635289e-08 1.2144827e-23)
(-0.00012877085 4.1664533e-08 0)
(-0.00012877939 5.8325258e-08 0)
(-0.0001287909 8.140911e-08 7.3170408e-23)
(-0.00012880642 1.1322819e-07 -4.8846473e-23)
(-0.00012882741 1.5706575e-07 4.8912068e-23)
(-0.00012885582 2.1722732e-07 0)
(-0.00012889431 2.9962766e-07 6.2817498e-21)
(-0.00012894646 4.1205824e-07 -6.2810136e-21)
(-0.00012901717 5.65099e-07 3.3229739e-28)
(-0.00012911316 7.7272748e-07 -1.3005347e-20)
(-0.00012924346 1.0537022e-06 2.523609e-20)
(-0.00012942022 1.4327763e-06 -1.3413751e-20)
(-0.00012965973 1.9430405e-06 0)
(-0.00012998406 2.6286988e-06 2.5341101e-20)
(-0.00013042327 3.5502585e-06 -2.533247e-20)
(-0.00013101865 4.7917313e-06 2.539352e-20)
(-0.00013182737 6.4728201e-06 -2.5381855e-20)
(-0.00013292946 8.7648308e-06 -5.4056766e-20)
(-0.00013443942 1.1911947e-05 4.4487353e-20)
(-0.00013652401 1.6249811e-05 6.3647189e-21)
(-0.00013942223 2.2206122e-05 -6.3686429e-21)
(-0.00014346369 3.0257803e-05 0)
(-0.00014908669 4.0822223e-05 -8.9303114e-20)
(-0.00015683714 5.4072428e-05 1.2742271e-19)
(-0.00016723664 6.968971e-05 0)
(-0.00018061684 8.65508e-05 -5.0990141e-20)
(-0.00019818314 0.00010223861 -1.0659657e-23)
(-0.00022282699 0.00011308867 0)
(-0.00022004523 0.00011963189 -3.0567798e-19)
(-0.00050555375 0.00015281996 2.0336031e-19)
(0.00040329039 0.00038883704 0)
(-0.00019610708 1.3245215e-10 -1.8986623e-25)
(-0.00019610673 3.3660588e-10 1.9015388e-22)
(-0.00019610564 4.5827511e-10 -1.9052533e-22)
(-0.00019610463 5.4072293e-10 0)
(-0.00019610399 6.3189199e-10 3.8271181e-22)
(-0.00019610368 7.4887592e-10 -3.8233703e-22)
(-0.0001961036 9.5719152e-10 7.6688627e-22)
(-0.0001961037 1.2939388e-09 -7.661317e-22)
(-0.00019610392 1.8170057e-09 0)
(-0.00019610425 2.6351482e-09 -7.6868889e-22)
(-0.00019610471 3.8585845e-09 2.3157768e-21)
(-0.00019610532 5.6317395e-09 -1.5395469e-21)
(-0.00019610613 8.1390087e-09 -6.0385221e-24)
(-0.00019610723 1.1672143e-08 0)
(-0.00019610867 1.6606551e-08 0)
(-0.00019611048 2.3484164e-08 -2.4256368e-23)
(-0.00019611269 3.3031266e-08 0)
(-0.00019611544 4.6262321e-08 -2.432403e-23)
(-0.00019611885 6.4520589e-08 -3.1443545e-21)
(-0.00019612309 8.9673892e-08 3.0710635e-21)
(-0.00019612836 1.2424417e-07 -6.2570697e-21)
(-0.00019613491 1.7169399e-07 6.1588265e-21)
(-0.00019614314 2.3671468e-07 0)
(-0.00019615355 3.256667e-07 0)
(-0.00019616684 4.4706603e-07 0)
(-0.0001961839 6.122251e-07 3.9192355e-28)
(-0.00019620592 8.3625103e-07 3.9387758e-22)
(-0.00019623459 1.139294e-06 2.5651481e-20)
(-0.00019627225 1.5482184e-06 -2.4462493e-20)
(-0.00019632237 2.09896e-06 0)
(-0.00019638978 2.8399326e-06 0)
(-0.00019648144 3.8374349e-06 0)
(-0.00019660708 5.1841155e-06 3.1727684e-21)
(-0.00019678095 7.011669e-06 -5.0849663e-20)
(-0.0001970243 9.5089118e-06 5.4003461e-20)
(-0.00019736799 1.2944291e-05 1.5203164e-25)
(-0.00019786181 1.769505e-05 -6.3675162e-21)
(-0.00019858619 2.4238643e-05 0)
(-0.00019966656 3.3118629e-05 1.2748825e-20)
(-0.00020129386 4.4833298e-05 0)
(-0.00020374483 5.9631375e-05 7.661009e-20)
(-0.00020733019 7.7247403e-05 -1.0198581e-19)
(-0.00021236267 9.655537e-05 1.0204516e-19)
(-0.00022001699 0.00011508074 -5.1014141e-20)
(-0.00023324387 0.00012899518 -1.0213935e-19)
(-0.00022100976 0.00013939216 3.0562582e-19)
(-0.00047122958 0.00017756578 4.0783706e-19)
(0.00033963417 0.00045682429 -3.9807548e-19)
(-0.00025727381 1.9513321e-10 1.8986446e-25)
(-0.0002572734 4.9621045e-10 2.4621892e-33)
(-0.00025727231 7.6641005e-10 3.7202894e-25)
(-0.00025727129 9.4711187e-10 -3.8178798e-22)
(-0.00025727065 1.1941668e-09 3.8215999e-22)
(-0.00025727033 1.4355526e-09 -7.4729803e-25)
(-0.00025727021 1.8004778e-09 7.4837675e-25)
(-0.00025727024 2.25328e-09 -7.4945475e-25)
(-0.00025727032 2.9837384e-09 0)
(-0.00025727043 3.9406766e-09 -1.5032154e-24)
(-0.00025727061 5.3689352e-09 -4.1342474e-31)
(-0.00025727086 7.2612942e-09 0)
(-0.00025727115 9.9561452e-09 6.0386243e-24)
(-0.00025727145 1.3582808e-08 -6.0471835e-24)
(-0.00025727171 1.8667527e-08 3.1088047e-21)
(-0.00025727183 2.5549408e-08 -3.0905517e-21)
(-0.00025727167 3.5074611e-08 1.2145501e-23)
(-0.00025727108 4.8096031e-08 2.4324905e-23)
(-0.00025726981 6.607092e-08 -6.2158925e-21)
(-0.00025726747 9.0658646e-08 6.1912073e-21)
(-0.00025726351 1.2446642e-07 -4.8851436e-23)
(-0.00025725714 1.7067204e-07 6.2659292e-21)
(-0.00025724729 2.3397798e-07 -6.2655129e-21)
(-0.00025723248 3.2044096e-07 0)
(-0.00025721081 4.3854187e-07 1.2582102e-20)
(-0.00025717967 5.9912571e-07 -1.2384052e-20)
(-0.0002571355 8.1710075e-07 2.5623249e-20)
(-0.00025707343 1.1119878e-06 -2.5620079e-20)
(-0.00025698695 1.5101526e-06 2.6082094e-20)
(-0.00025686741 2.0465153e-06 -2.528723e-20)
(-0.00025670352 2.768689e-06 2.5352228e-20)
(-0.00025648047 3.7415897e-06 -2.5345306e-20)
(-0.00025617907 5.0567077e-06 -3.5624928e-26)
(-0.00025577421 6.8436504e-06 5.0867922e-20)
(-0.00025523187 9.2886243e-06 -1.0494198e-19)
(-0.00025449721 1.2649866e-05 5.725591e-20)
(-0.00025350476 1.7325978e-05 1.0200165e-19)
(-0.00025218004 2.3794246e-05 -1.9125029e-19)
(-0.00025042886 3.2613806e-05 8.92285e-20)
(-0.00024816866 4.4323214e-05 0)
(-0.00024537721 5.9258772e-05 -2.5529611e-20)
(-0.0002421387 7.7303399e-05 1.5333835e-19)
(-0.00023872438 9.7509923e-05 -2.0410294e-19)
(-0.00023627071 0.00011760241 0)
(-0.00023811668 0.00013408587 3.0636259e-19)
(-0.00021832322 0.00014855523 -7.1379018e-19)
(-0.00042787636 0.00019360488 4.0734233e-19)
(0.00026699869 0.00049457811 -1.9941322e-19)
(-0.00029282316 1.4757606e-10 0)
(-0.00029282275 4.1579471e-10 1.8574521e-25)
(-0.00029282169 6.4819292e-10 -3.7203112e-25)
(-0.00029282067 8.9201727e-10 3.725716e-25)
(-0.00029282 1.137116e-09 -3.7311186e-25)
(-0.00029281963 1.4959988e-09 3.7365188e-25)
(-0.00029281946 1.9254638e-09 -7.6764677e-22)
(-0.00029281936 2.5258969e-09 -1.1081949e-24)
(-0.0002928193 3.2967322e-09 7.6649769e-22)
(-0.00029281924 4.3173415e-09 1.5032343e-24)
(-0.00029281917 5.6431648e-09 -3.0107738e-24)
(-0.00029281904 7.4787173e-09 -1.5448262e-21)
(-0.0002928188 9.9881933e-09 -1.5492419e-21)
(-0.00029281839 1.3477196e-08 3.0940108e-21)
(-0.00029281773 1.822417e-08 3.0967732e-21)
(-0.00029281659 2.4615425e-08 4.4327584e-24)
(-0.00029281461 3.3264718e-08 -3.1192871e-21)
(-0.00029281142 4.5181669e-08 0)
(-0.00029280652 6.1440955e-08 -6.2405466e-21)
(-0.00029279913 8.3682496e-08 1.2538326e-20)
(-0.00029278817 1.1404192e-07 5.7719812e-23)
(-0.00029277211 1.5555176e-07 -6.2086104e-21)
(-0.00029274881 2.1219379e-07 0)
(-0.00029271539 2.89533e-07 -1.2566781e-20)
(-0.00029266813 3.9510355e-07 1.256585e-20)
(-0.00029260189 5.3847735e-07 1.2600211e-20)
(-0.00029250946 7.3270129e-07 1.2240382e-20)
(-0.00029238128 9.9537896e-07 -5.0496013e-20)
(-0.00029220458 1.3498735e-06 2.4472182e-20)
(-0.00029196236 1.8275724e-06 7.9097165e-22)
(-0.00029163203 2.4705878e-06 5.0718734e-20)
(-0.00029118329 3.3369464e-06 -5.229283e-20)
(-0.00029057567 4.5081089e-06 -3.1749942e-21)
(-0.0002897551 6.1015127e-06 3.1783632e-21)
(-0.00028865358 8.2877591e-06 -4.7759279e-20)
(-0.00028713076 1.1248549e-05 5.7287311e-20)
(-0.00028502469 1.5421591e-05 0)
(-0.00028215112 2.1208973e-05 7.6622499e-20)
(-0.00027823106 2.9136258e-05 -8.9297365e-20)
(-0.00027294348 3.9745313e-05 -2.1727464e-19)
(-0.00026599007 5.3452071e-05 2.2984057e-19)
(-0.00025725879 7.0371675e-05 -1.279097e-19)
(-0.00024701709 9.0046842e-05 -2.7683808e-22)
(-0.00023623188 0.00011060774 2.0419715e-19)
(-0.00022866102 0.00012932752 0)
(-0.00020474797 0.00014994567 -5.1033685e-19)
(-0.00037463519 0.00020062085 4.0754003e-19)
(0.00018699222 0.00049871181 6.7147387e-24)
(-0.00030205419 -7.8305293e-11 0)
(-0.00030205372 -1.8062816e-10 0)
(-0.0003020526 -4.7097888e-10 1.8601677e-25)
(-0.00030205156 -7.3681828e-10 -3.7257419e-25)
(-0.00030205083 -1.0833937e-09 0)
(-0.00030205037 -1.3542795e-09 -7.6542576e-22)
(-0.00030205006 -1.6673799e-09 7.657973e-22)
(-0.00030204984 -1.8678229e-09 0)
(-0.00030204963 -2.102686e-09 2.2516467e-24)
(-0.00030204936 -2.1634414e-09 0)
(-0.00030204898 -2.1465273e-09 1.5426486e-21)
(-0.00030204839 -1.7799221e-09 -1.542638e-21)
(-0.00030204753 -1.0983235e-09 0)
(-0.00030204628 2.9011839e-10 9.0712011e-24)
(-0.00030204461 2.5458136e-09 0)
(-0.0003020422 6.4234508e-09 -6.0646336e-24)
(-0.00030203842 1.2236809e-08 0)
(-0.00030203286 2.0734114e-08 1.2163489e-23)
(-0.00030202492 3.2782116e-08 6.240873e-21)
(-0.00030201352 4.9854536e-08 -6.2163224e-21)
(-0.00030199719 7.3538119e-08 -2.4429023e-23)
(-0.00030197395 1.0639039e-07 1.2484904e-20)
(-0.00030194104 1.5147376e-07 -2.5133373e-20)
(-0.00030189451 2.1354706e-07 1.2550461e-20)
(-0.00030182987 2.9973106e-07 1.2585216e-20)
(-0.00030174075 4.1749776e-07 -1.2584394e-20)
(-0.0003016178 5.77264e-07 0)
(-0.00030144876 7.9343867e-07 2.5270886e-20)
(-0.00030121722 1.0850066e-06 -2.487309e-20)
(-0.00030090149 1.4776605e-06 -7.9119301e-22)
(-0.00030047254 2.0058924e-06 -5.0734799e-20)
(-0.0002998911 2.7174664e-06 1.0310854e-19)
(-0.00029910357 3.6786955e-06 -5.2373875e-20)
(-0.00029803587 4.9844603e-06 -3.1799473e-21)
(-0.0002966489 6.7679707e-06 0)
(-0.00029469086 9.2201363e-06 -6.373287e-21)
(-0.00029193222 1.2612943e-05 0)
(-0.00028819216 1.7312636e-05 1.2769317e-20)
(-0.00028303559 2.3777254e-05 -1.2778536e-20)
(-0.0002759747 3.2514378e-05 -1.9191702e-19)
(-0.00026648259 4.3977493e-05 4.09284e-19)
(-0.00025414954 5.8543085e-05 -2.0453937e-19)
(-0.00023934115 7.635113e-05 -7.6741963e-20)
(-0.00022301373 9.6836612e-05 0)
(-0.00020804574 0.00011851588 -4.0893955e-19)
(-0.00018491331 0.00014684027 3.0596093e-19)
(-0.0003172731 0.00020164615 4.0803048e-19)
(0.00010235007 0.00047306599 -7.9811809e-19)
(-0.0004415805 8.2225307e-10 0)
(-0.00044158031 2.4785585e-09 1.9034405e-22)
(-0.00044157947 4.2553899e-09 -1.9034396e-22)
(-0.00044157856 6.0470601e-09 0)
(-0.00044157787 8.0119161e-09 0)
(-0.00044157739 1.0140348e-08 0)
(-0.00044157701 1.2589775e-08 0)
(-0.00044157664 1.5354796e-08 0)
(-0.0004415762 1.863204e-08 -7.5055852e-25)
(-0.0004415756 2.2467452e-08 -7.5163837e-25)
(-0.00044157475 2.7101508e-08 0)
(-0.00044157353 3.263095e-08 -1.5075938e-24)
(-0.00044157177 3.9390603e-08 -1.5097507e-24)
(-0.00044156921 4.7608389e-08 -3.0238133e-24)
(-0.00044156539 5.7828135e-08 0)
(-0.00044155994 7.0650614e-08 6.0648511e-24)
(-0.00044155254 8.6750101e-08 6.0734476e-24)
(-0.0004415423 1.0668949e-07 -1.8246117e-23)
(-0.00044152807 1.3172281e-07 0)
(-0.00044150844 1.6314035e-07 -6.274388e-21)
(-0.00044148141 2.0277624e-07 1.8791792e-20)
(-0.00044144422 2.5271305e-07 -1.2517214e-20)
(-0.00044139284 3.1575223e-07 2.4499051e-23)
(-0.00044132078 3.9486054e-07 -1.2569703e-20)
(-0.00044122221 4.928312e-07 1.2569259e-20)
(-0.00044108944 6.1754672e-07 -2.5208354e-20)
(-0.00044090932 7.780084e-07 2.5108567e-20)
(-0.00044066495 9.8567998e-07 0)
(-0.00044033401 1.2558363e-06 -2.5507702e-20)
(-0.00043988661 1.6086783e-06 2.5307971e-20)
(-0.00043928252 2.0714277e-06 0)
(-0.00043846792 2.6804813e-06 3.9672925e-22)
(-0.00043737047 3.4857036e-06 1.5889033e-21)
(-0.00043589531 4.5555927e-06 -7.9540402e-22)
(-0.00043392015 5.9856799e-06 -1.5926589e-21)
(-0.00043122064 7.9763122e-06 1.5944241e-21)
(-0.00042751026 1.0628164e-05 0)
(-0.00042242667 1.4258522e-05 3.1951923e-21)
(-0.00041543658 1.9241305e-05 -2.1119841e-19)
(-0.00040587764 2.60286e-05 -2.712385e-22)
(-0.0003928928 3.5026923e-05 1.9196799e-19)
(-0.00037554348 4.6963249e-05 -2.3070709e-19)
(-0.00035324621 6.2732881e-05 2.5367012e-20)
(-0.00032615839 8.3472664e-05 6.4015493e-19)
(-0.00029618201 0.00011047789 -4.6003475e-19)
(-0.00026083042 0.00015118517 5.1058277e-19)
(-0.00032146257 0.00021841804 -4.0716019e-19)
(1.2909524e-05 0.00043671788 1.9960547e-19)
(-0.0010088693 -2.2300933e-09 0)
(-0.0010088691 -5.5529556e-09 0)
(-0.0010088681 -9.1122288e-09 0)
(-0.001008867 -1.2963207e-08 3.7332235e-22)
(-0.0010088659 -1.7087134e-08 -1.1210503e-21)
(-0.0010088646 -2.1664094e-08 7.4772771e-22)
(-0.0010088632 -2.6685155e-08 -7.4989446e-22)
(-0.0010088615 -3.2374634e-08 7.4989395e-22)
(-0.0010088593 -3.8731615e-08 0)
(-0.0010088565 -4.6002473e-08 7.3496252e-25)
(-0.001008853 -5.4220464e-08 1.508452e-21)
(-0.0010088484 -6.3661098e-08 1.5142583e-21)
(-0.0010088424 -7.4379533e-08 -3.0197528e-21)
(-0.0010088345 -8.6684504e-08 -3.0298916e-21)
(-0.001008824 -1.006778e-07 3.0298845e-21)
(-0.0010088103 -1.1680961e-07 0)
(-0.0010087924 -1.352176e-07 -5.9388724e-24)
(-0.0010087687 -1.5625658e-07 5.9473147e-24)
(-0.0010087373 -1.8010658e-07 0)
(-0.0010086957 -2.0713766e-07 0)
(-0.0010086404 -2.3746069e-07 -1.2240567e-20)
(-0.001008567 -2.7141602e-07 -1.7333764e-23)
(-0.0010084698 -3.0917484e-07 6.6251268e-24)
(-0.0010083421 -3.5171844e-07 -1.7331196e-23)
(-0.0010081708 -4.0209368e-07 -1.7329136e-23)
(-0.0010079385 -4.5793135e-07 1.2309175e-20)
(-0.0010076254 -5.1758902e-07 9.6366686e-23)
(-0.0010072039 -5.7902595e-07 2.4721181e-20)
(-0.0010066364 -6.3884067e-07 -4.9668752e-20)
(-0.0010058721 -6.9173209e-07 2.4754129e-20)
(-0.0010048426 -7.2987758e-07 -4.9644298e-20)
(-0.0010034562 -7.4215013e-07 4.925332e-20)
(-0.0010015888 -7.118276e-07 0)
(-0.00099907233 -6.1463504e-07 5.061826e-20)
(-0.00099567562 -4.1197262e-07 -4.8275755e-20)
(-0.00099106861 -3.7198256e-08 9.8366952e-20)
(-0.00098480245 5.7128767e-07 -9.9907678e-20)
(-0.00097626216 1.5367983e-06 -3.127725e-21)
(-0.00096459725 3.0394687e-06 2.0676897e-19)
(-0.00094876275 5.3174432e-06 -4.0110043e-19)
(-0.00092707461 8.6013513e-06 2.1310664e-19)
(-0.00089713861 1.3506858e-05 0)
(-0.00085627167 2.0983399e-05 0)
(-0.00080091304 3.2235856e-05 -2.5092053e-20)
(-0.00072631386 4.8919884e-05 5.0119286e-20)
(-0.00062454256 7.5534687e-05 3.9990481e-19)
(-0.00051492714 0.00010630191 -3.9692673e-19)
(-0.00013355638 0.0001802854 0)
(-0.00011930731 0.00016621742 -6.2816379e-20)
(-0.00046630252 0.00012875602 2.5042236e-20)
(-0.0005963104 9.6520345e-05 -5.5521967e-20)
(-0.00070052683 7.0853333e-05 -2.6106842e-21)
(-0.00077729143 5.3795329e-05 2.3917875e-20)
(-0.00083481022 4.1288725e-05 1.4499714e-21)
(-0.00087790162 3.1943319e-05 7.0878449e-22)
(-0.00090946848 2.5041142e-05 6.9234833e-22)
(-0.00093236437 1.946983e-05 3.3786421e-22)
(-0.00094936301 1.5144516e-05 -5.2053361e-21)
(-0.00096180095 1.1834117e-05 5.203458e-21)
(-0.00097083652 9.2692642e-06 -4.9340832e-21)
(-0.00097740085 7.3018749e-06 4.9330362e-21)
(-0.00098219212 5.775599e-06 4.6613527e-21)
(-0.0009856989 4.58694e-06 -2.362543e-21)
(-0.00098827121 3.657138e-06 -2.2272937e-21)
(-0.00099016249 2.9276319e-06 0)
(-0.0009915565 2.3520002e-06 0)
(-0.00099258517 1.8956782e-06 0)
(-0.00099334457 1.5324358e-06 9.5231667e-22)
(-0.00099390524 1.2430865e-06 -9.5255285e-22)
(-0.00099431764 1.0123618e-06 -3.5487951e-24)
(-0.00099462113 8.2622604e-07 3.4149093e-24)
(-0.00099484787 6.7678339e-07 0)
(-0.0009950149 5.6089192e-07 3.9427273e-22)
(-0.00099513438 4.6772541e-07 -7.7139789e-22)
(-0.00099522053 3.9146872e-07 7.3783296e-22)
(-0.00099528285 3.2856006e-07 -3.6067032e-22)
(-0.00099532792 2.7639406e-07 0)
(-0.00099536045 2.3303534e-07 -3.0969061e-25)
(-0.00099538375 1.9689293e-07 -1.4647528e-25)
(-0.00099540027 1.6659774e-07 0)
(-0.00099541194 1.4118261e-07 6.4867607e-26)
(-0.00099542023 1.1972227e-07 0)
(-0.00099542607 1.0151391e-07 5.5711477e-23)
(-0.00099543013 8.60374e-08 -4.2854362e-24)
(-0.0009954329 7.2823843e-08 -2.7855636e-23)
(-0.00099543476 6.1515493e-08 -4.4997584e-23)
(-0.00099543598 5.1780484e-08 2.14274e-23)
(-0.00099543674 4.3368442e-08 0)
(-0.0009954372 3.6039967e-08 7.4995864e-24)
(-0.00099543745 2.9623124e-08 -7.5012807e-24)
(-0.00099543756 2.3937182e-08 0)
(-0.0009954376 1.8863195e-08 0)
(-0.00099543763 1.4236029e-08 -1.6075101e-24)
(-0.0009954377 9.9426006e-09 1.6073789e-24)
(-0.00099543779 5.8658734e-09 1.3392104e-25)
(-0.0009954379 1.9457394e-09 -1.3290673e-25)
(9.6563181e-06 0.00039008123 1.2740109e-20)
(-0.00027771942 0.00022490259 1.2900325e-20)
(-0.00024851797 0.00014871671 6.3233561e-21)
(-0.00028291634 0.00010904219 3.1014203e-21)
(-0.00031403615 8.3027009e-05 -3.0419734e-21)
(-0.00034280064 6.3001951e-05 1.027923e-20)
(-0.00036714619 4.7438365e-05 -1.1021996e-20)
(-0.00038626089 3.5494617e-05 1.0507626e-20)
(-0.00040058816 2.5989203e-05 -1.0861195e-20)
(-0.00041114899 1.8766001e-05 0)
(-0.00041878584 1.3436202e-05 -5.1907953e-21)
(-0.00042418054 9.4796402e-06 1.0239322e-20)
(-0.00042795837 6.7261519e-06 -5.2046332e-21)
(-0.00043064664 4.7535382e-06 0)
(-0.0004325615 3.3460871e-06 2.2782448e-21)
(-0.00043393405 2.3389582e-06 -2.3501402e-21)
(-0.00043492718 1.6247433e-06 -2.174549e-21)
(-0.00043565413 1.1147462e-06 2.1742637e-21)
(-0.00043618917 7.4994069e-07 -1.0493949e-21)
(-0.00043658382 4.8971921e-07 1.0403981e-21)
(-0.00043687534 3.0554304e-07 -9.5440275e-22)
(-0.00043709211 1.7671284e-07 4.5922716e-23)
(-0.00043725365 8.685658e-08 3.8533281e-23)
(-0.00043737204 2.6201252e-08 1.2974462e-21)
(-0.00043746051 -1.0068916e-08 -4.2078404e-22)
(-0.00043752886 -3.1148925e-08 0)
(-0.00043758061 -4.2506377e-08 -7.3624015e-25)
(-0.00043761956 -4.7569543e-08 7.0198676e-25)
(-0.00043764885 -4.8648217e-08 0)
(-0.00043767092 -4.7312407e-08 -1.5747027e-22)
(-0.00043768768 -4.4559074e-08 1.5793457e-22)
(-0.00043770034 -4.1074779e-08 1.399705e-22)
(-0.00043771002 -3.7523295e-08 -1.4031787e-22)
(-0.00043771766 -3.3953782e-08 0)
(-0.00043772366 -3.0428639e-08 0)
(-0.00043772835 -2.7021734e-08 -5.3500908e-26)
(-0.00043773201 -2.3792689e-08 -2.410545e-23)
(-0.00043773487 -2.0773104e-08 2.4105341e-23)
(-0.00043773711 -1.7979985e-08 1.9722547e-23)
(-0.00043773885 -1.5417001e-08 -3.7253604e-23)
(-0.00043774022 -1.3066724e-08 1.7531074e-23)
(-0.00043774128 -1.0912452e-08 -6.5724138e-24)
(-0.00043774208 -8.9360204e-09 6.5770831e-24)
(-0.00043774265 -7.0982159e-09 0)
(-0.00043774305 -5.38808e-09 4.6813196e-28)
(-0.00043774334 -3.7829726e-09 -3.3437981e-28)
(-0.00043774366 -2.2368962e-09 4.0125198e-28)
(-0.000437744 -7.1880979e-10 0)
(9.627837e-05 0.00043128429 0)
(-0.00026676105 0.00021730022 -1.288941e-20)
(-0.00017167729 0.00015106044 -6.372949e-21)
(-0.00019210227 0.00012340008 2.4682292e-20)
(-0.00021063759 0.00010245479 -9.5157429e-21)
(-0.00022981171 8.222123e-05 -2.546006e-22)
(-0.00024730272 6.412249e-05 -1.4693572e-20)
(-0.0002618842 4.8776569e-05 0)
(-0.00027312242 3.6233635e-05 -6.9318838e-22)
(-0.00028144653 2.6429253e-05 5.3378768e-21)
(-0.00028750229 1.9060688e-05 -5.3343098e-21)
(-0.00029164214 1.3681004e-05 0)
(-0.00029440637 9.8243427e-06 1.5574774e-22)
(-0.0002963982 7.0836776e-06 0)
(-0.00029777159 5.1526096e-06 0)
(-0.00029872022 3.7622769e-06 0)
(-0.00029938337 2.7771778e-06 6.9075366e-23)
(-0.00029986215 2.0617517e-06 6.687644e-23)
(-0.00030020833 1.5371043e-06 1.0497001e-21)
(-0.0003004594 1.1504981e-06 -1.0328424e-21)
(-0.00030064236 8.6426301e-07 0)
(-0.00030077633 6.5155824e-07 -7.261489e-24)
(-0.00030087465 4.9344497e-07 -6.9871302e-24)
(-0.00030094628 3.7550619e-07 6.7126442e-24)
(-0.00030099882 2.8583456e-07 3.2192143e-24)
(-0.00030103826 2.1854773e-07 0)
(-0.00030106806 1.681152e-07 0)
(-0.00030109074 1.3028063e-07 0)
(-0.00030110818 1.0174273e-07 1.6789884e-22)
(-0.00030112163 8.0002724e-08 -1.6655885e-22)
(-0.00030113197 6.3289915e-08 0)
(-0.0003011401 5.031939e-08 4.4304653e-30)
(-0.00030114645 3.9940621e-08 -6.5744922e-23)
(-0.00030115124 3.1684008e-08 4.382641e-24)
(-0.00030115494 2.5198734e-08 6.1245038e-23)
(-0.00030115785 2.0092295e-08 5.3502228e-26)
(-0.00030116017 1.6048645e-08 0)
(-0.000301162 1.2833354e-08 0)
(-0.00030116347 1.0269992e-08 1.9722706e-23)
(-0.00030116463 8.2036362e-09 -2.191367e-24)
(-0.00030116555 6.5174032e-09 -1.7531158e-23)
(-0.00030116629 5.1373088e-09 0)
(-0.00030116685 4.0091547e-09 -2.942547e-27)
(-0.00030116724 3.0577031e-09 -2.1913859e-24)
(-0.00030116751 2.2358747e-09 2.1913818e-24)
(-0.00030116772 1.4850239e-09 -5.4851413e-25)
(-0.00030116798 7.8457801e-10 4.1048241e-25)
(-0.00030116833 1.3146487e-10 1.3590764e-25)
(0.00017074989 0.00045693 0)
(-0.00032727334 0.00022046764 1.3051157e-20)
(-0.00019281711 0.00015737825 6.3769381e-21)
(-0.00021464551 0.00013606847 -2.4791399e-20)
(-0.00022556736 0.00011803548 1.2631895e-20)
(-0.00023885832 9.788509e-05 2.6374684e-22)
(-0.00025144832 7.7809057e-05 2.7746758e-20)
(-0.00026221723 5.9795698e-05 -2.7135207e-22)
(-0.00027068007 4.463227e-05 -1.1250297e-20)
(-0.000277027 3.2558578e-05 0)
(-0.00028163142 2.3382601e-05 -5.2030078e-21)
(-0.00028483965 1.6744979e-05 1.0260316e-20)
(-0.00028702665 1.1908783e-05 -9.9765743e-21)
(-0.00028852491 8.5000881e-06 5.2193001e-21)
(-0.00028956193 6.1006735e-06 0)
(-0.00029027208 4.4083031e-06 0)
(-0.0002907508 3.2034265e-06 2.1763114e-21)
(-0.0002911037 2.3378011e-06 -3.295562e-21)
(-0.00029135355 1.7119094e-06 1.0526656e-21)
(-0.00029152981 1.2569019e-06 -9.8243658e-22)
(-0.00029165481 9.2490225e-07 9.8228834e-22)
(-0.00029174434 6.8201262e-07 0)
(-0.00029180884 5.0413783e-07 -4.3846828e-22)
(-0.00029185524 3.7368283e-07 8.5261503e-22)
(-0.0002918892 2.7732802e-07 -4.2408739e-22)
(-0.00029191463 2.0607517e-07 3.0823868e-24)
(-0.0002919337 1.5330127e-07 0)
(-0.00029194805 1.140508e-07 -1.7534334e-22)
(-0.00029195906 8.4866542e-08 1.740003e-22)
(-0.00029196759 6.3253465e-08 1.5843361e-22)
(-0.00029197428 4.7241704e-08 -3.0682533e-22)
(-0.00029197966 3.5315031e-08 1.493087e-22)
(-0.00029198396 2.6560456e-08 0)
(-0.00029198727 2.0031736e-08 -6.1362392e-23)
(-0.00029198986 1.50793e-08 4.6138011e-24)
(-0.00029199197 1.1305134e-08 3.0573295e-23)
(-0.0002919937 8.4400414e-09 5.0403249e-23)
(-0.0002919951 6.2781894e-09 -4.6020057e-23)
(-0.00029199624 4.6401537e-09 2.1934493e-23)
(-0.00029199718 3.4060371e-09 -8.7656477e-24)
(-0.00029199795 2.4715662e-09 1.6451557e-23)
(-0.00029199855 1.7679186e-09 -7.676828e-24)
(-0.000291999 1.2430068e-09 5.4784756e-24)
(-0.00029199934 8.4657351e-10 -3.2870722e-24)
(-0.00029199958 5.394837e-10 -5.4784348e-25)
(-0.00029199979 3.0289361e-10 -1.642865e-24)
(-0.00029200006 1.2338338e-10 0)
(-0.00029200043 -2.8994875e-12 0)
(0.00024289983 0.00045353462 2.6543112e-20)
(-0.00038760435 0.00021841814 -2.6222817e-20)
(-0.00021056803 0.00015770483 2.5496177e-20)
(-0.00022840314 0.00014261605 -3.7911854e-20)
(-0.00022884969 0.00012689227 1.2437139e-20)
(-0.00023301103 0.00010716554 0)
(-0.00023801098 8.6261139e-05 -5.8584425e-21)
(-0.00024253914 6.6834958e-05 0)
(-0.00024625874 5.0145161e-05 5.4979042e-21)
(-0.00024914468 3.6677391e-05 -5.4924933e-21)
(-0.00025127386 2.635814e-05 0)
(-0.00025277227 1.8776949e-05 0)
(-0.00025379716 1.3327048e-05 0)
(-0.00025449846 9.4848241e-06 -2.6931328e-21)
(-0.00025497229 6.7664191e-06 2.3889225e-21)
(-0.00025528212 4.8695947e-06 0)
(-0.00025548844 3.5123309e-06 2.1080176e-21)
(-0.00025563331 2.5469275e-06 -3.2966574e-21)
(-0.00025573229 1.8556202e-06 2.0708776e-21)
(-0.00025579987 1.3570901e-06 -6.6301651e-23)
(-0.00025584625 9.9555785e-07 -3.5049551e-23)
(-0.00025587827 7.3221305e-07 -4.766382e-22)
(-0.0002559004 5.4000622e-07 -4.5605236e-22)
(-0.00025591572 3.9917855e-07 4.1423285e-22)
(-0.00025592659 2.9555513e-07 -4.2090587e-22)
(-0.00025593458 2.192569e-07 -3.0826797e-24)
(-0.00025594074 1.630624e-07 0)
(-0.00025594555 1.2147218e-07 -1.404169e-24)
(-0.00025594922 9.0615085e-08 1.3356221e-24)
(-0.00025595209 6.7687369e-08 -1.5780579e-22)
(-0.00025595444 5.065721e-08 2.3231701e-22)
(-0.00025595641 3.7966881e-08 -4.3826104e-24)
(-0.00025595807 2.8547129e-08 -7.0395649e-23)
(-0.00025595949 2.1527101e-08 0)
(-0.00025596071 1.6225584e-08 2.8489734e-23)
(-0.00025596169 1.2215279e-08 -5.478713e-23)
(-0.00025596248 9.2154815e-09 2.6248282e-23)
(-0.00025596314 6.9444401e-09 -2.1914496e-23)
(-0.0002559637 5.2173725e-09 2.1893931e-23)
(-0.00025596416 3.9039121e-09 -1.8190407e-26)
(-0.00025596456 2.9169665e-09 7.6538823e-24)
(-0.00025596489 2.1568297e-09 -1.4244085e-23)
(-0.00025596514 1.5582185e-09 9.3134085e-24)
(-0.00025596532 1.0814167e-09 -2.7392302e-24)
(-0.00025596545 7.0469867e-10 1.6435372e-24)
(-0.00025596559 4.0487667e-10 -1.6435334e-24)
(-0.00025596582 1.5459272e-10 -1.3696113e-25)
(-0.00025596616 -7.2526741e-11 1.3604064e-25)
(0.00030835004 0.00042079403 -4.0468085e-20)
(-0.00043985421 0.00020364978 -9.5746735e-23)
(-0.00021641871 0.00014905428 0)
(-0.00022760696 0.00013844326 -6.3472904e-21)
(-0.00021604552 0.0001253318 0)
(-0.00020923823 0.00010705584 -1.190929e-20)
(-0.00020486522 8.6905419e-05 2.7809843e-22)
(-0.00020167775 6.7746776e-05 1.8679783e-20)
(-0.00019945099 5.1041146e-05 -1.5361669e-21)
(-0.00019793423 3.7428701e-05 -6.1804871e-21)
(-0.00019689413 2.6929372e-05 -5.214989e-21)
(-0.00019616103 1.916601e-05 5.2108347e-21)
(-0.00019562914 1.3582362e-05 0)
(-0.00019525047 9.6378026e-06 -1.5167783e-22)
(-0.00019497003 6.8683986e-06 0)
(-0.00019474808 4.9232648e-06 -1.427563e-22)
(-0.00019457816 3.5430464e-06 0)
(-0.00019444913 2.563849e-06 -9.8658827e-22)
(-0.00019435288 1.8635093e-06 1.0532296e-21)
(-0.00019428 1.3592348e-06 -9.203292e-22)
(-0.00019422465 9.9439613e-07 5.0885491e-22)
(-0.00019418267 7.2953871e-07 4.5917821e-22)
(-0.00019415093 5.3674702e-07 1.3979373e-23)
(-0.00019412699 3.9599667e-07 4.2770288e-22)
(-0.00019410903 2.9292283e-07 -4.2094027e-22)
(-0.00019409563 2.1725921e-07 0)
(-0.00019408576 1.6160642e-07 2.9456327e-24)
(-0.00019407854 1.206869e-07 1.7676496e-22)
(-0.00019407324 9.051611e-08 -1.766857e-22)
(-0.00019406933 6.8168148e-08 7.8905412e-23)
(-0.00019406651 5.156643e-08 -7.8901892e-23)
(-0.00019406457 3.9190104e-08 5.6503698e-25)
(-0.0001940632 2.993658e-08 2.6539263e-25)
(-0.00019406224 2.2998194e-08 2.482631e-25)
(-0.00019406156 1.7803214e-08 -1.0319883e-30)
(-0.00019406108 1.3897479e-08 -2.6191134e-23)
(-0.00019406077 1.0925158e-08 2.2405756e-24)
(-0.00019406061 8.6215518e-09 4.6020605e-23)
(-0.00019406053 6.8207011e-09 -2.1914351e-23)
(-0.00019406049 5.3982267e-09 -8.74752e-24)
(-0.0001940605 4.2543344e-09 8.7495841e-24)
(-0.00019406054 3.3244434e-09 3.294061e-24)
(-0.00019406058 2.5503915e-09 -3.2812013e-24)
(-0.00019406059 1.8950536e-09 0)
(-0.00019406061 1.3355504e-09 -8.2176875e-25)
(-0.00019406067 8.5352299e-10 2.7392158e-25)
(-0.00019406085 4.3161583e-10 6.8440391e-25)
(-0.00019406117 5.9565439e-11 -1.3604122e-25)
(0.00036442397 0.00036063905 1.3562625e-20)
(-0.00048429888 0.0001774784 6.6011792e-21)
(-0.00021780684 0.00012974104 0)
(-0.00022126973 0.00012256333 6.3526825e-21)
(-0.00019765081 0.00011224788 1.5365925e-20)
(-0.00017999766 9.6594903e-05 -1.2239305e-20)
(-0.00016629777 7.8913735e-05 2.9421726e-21)
(-0.00015535912 6.180141e-05 -2.8684319e-21)
(-0.00014710032 4.6719802e-05 2.0945944e-21)
(-0.00014106005 3.4339598e-05 -4.7796923e-25)
(-0.00013671948 2.4739617e-05 0)
(-0.00013363183 1.7613705e-05 2.21557e-21)
(-0.00013144435 1.2479529e-05 -2.535311e-21)
(-0.0001298987 8.8463289e-06 -2.9237831e-26)
(-0.00012879983 6.3054691e-06 0)
(-0.00012800715 4.5150406e-06 2.1420192e-22)
(-0.00012742832 3.2497727e-06 1.0892847e-21)
(-0.00012700408 2.348235e-06 -2.1761631e-21)
(-0.00012669603 1.7042006e-06 1.0858365e-21)
(-0.00012647048 1.2412018e-06 -3.126734e-23)
(-0.00012630455 9.0674321e-07 1.5082184e-23)
(-0.00012618225 6.642826e-07 0)
(-0.00012609193 4.8801083e-07 -4.526006e-22)
(-0.00012602516 3.5956295e-07 4.3855537e-22)
(-0.00012597576 2.6575414e-07 -2.0171881e-22)
(-0.0001259392 1.9708394e-07 3.9462828e-22)
(-0.00012591213 1.4669564e-07 -1.9585917e-22)
(-0.00012589203 1.0965817e-07 1.7536761e-22)
(-0.00012587708 8.2363563e-08 -2.586508e-22)
(-0.00012586592 6.2176919e-08 8.2656665e-23)
(-0.0001258576 4.7118927e-08 0)
(-0.00012585139 3.5896831e-08 -7.0417574e-23)
(-0.00012584674 2.7517517e-08 7.039787e-23)
(-0.00012584323 2.1221091e-08 3.043425e-23)
(-0.00012584058 1.6458913e-08 -2.30692e-24)
(-0.00012583857 1.2818627e-08 -2.8489702e-23)
(-0.00012583707 9.9953546e-09 1.2053242e-23)
(-0.00012583594 7.8073482e-09 -2.3010411e-23)
(-0.00012583508 6.1076392e-09 1.0957213e-23)
(-0.00012583443 4.7650674e-09 0)
(-0.00012583394 3.6916313e-09 1.6050453e-26)
(-0.00012583358 2.823363e-09 0)
(-0.00012583331 2.1155706e-09 -5.8851081e-27)
(-0.00012583309 1.533346e-09 2.4075254e-27)
(-0.00012583292 1.0496067e-09 8.2176887e-25)
(-0.00012583285 6.4578373e-10 -5.4784396e-25)
(-0.00012583295 3.0543634e-10 -2.0504015e-25)
(-0.00012583321 2.1277984e-11 -6.782185e-26)
(0.00040895567 0.00027637619 -1.3471914e-20)
(-0.00052063457 0.00013828158 1.371719e-20)
(-0.00021869246 0.00010040026 3.2907972e-21)
(-0.00021376126 9.5988301e-05 0)
(-0.00018026397 8.8544633e-05 -3.1083422e-21)
(-0.00015340035 7.6505222e-05 -4.4700906e-21)
(-0.00013165661 6.2803041e-05 7.4537568e-21)
(-0.00011410311 4.9364332e-05 1.4358423e-21)
(-0.00010063931 3.7421104e-05 5.3317919e-25)
(-9.0666066e-05 2.7564915e-05 -3.8397208e-25)
(-8.3432756e-05 1.9890311e-05 3.3102192e-22)
(-7.825839e-05 1.417353e-05 3.217262e-22)
(-7.4584664e-05 1.0045744e-05 -1.5635369e-22)
(-7.1982459e-05 7.1219089e-06 1.5180426e-22)
(-7.0140716e-05 5.0739284e-06 7.3664726e-23)
(-6.8825723e-05 3.634425e-06 5.5870706e-27)
(-6.7873608e-05 2.6179456e-06 -3.4598102e-23)
(-6.7181401e-05 1.8915724e-06 -1.1764936e-27)
(-6.6676654e-05 1.3716754e-06 -3.2377498e-23)
(-6.6309203e-05 9.9814649e-07 0)
(-6.6040528e-05 7.2856887e-07 8.7963054e-29)
(-6.5843526e-05 5.333517e-07 0)
(-6.5698758e-05 3.9157989e-07 0)
(-6.5592128e-05 2.8835894e-07 -3.3579391e-24)
(-6.5513424e-05 2.130286e-07 2.0172967e-22)
(-6.5455215e-05 1.5794222e-07 -2.0170618e-22)
(-6.5412063e-05 1.1758023e-07 0)
(-6.537998e-05 8.7938461e-08 0)
(-6.5356039e-05 6.6099373e-08 -6.6787813e-25)
(-6.5338128e-05 4.9941422e-08 6.3359666e-25)
(-6.5324657e-05 3.7882099e-08 0)
(-6.5314455e-05 2.8906752e-08 -2.8252994e-25)
(-6.5306717e-05 2.2196144e-08 -2.6539898e-25)
(-6.5300824e-05 1.7146012e-08 -1.2413444e-25)
(-6.5296315e-05 1.3317836e-08 1.4245285e-23)
(-6.5292853e-05 1.03909e-08 -2.7394189e-23)
(-6.5290181e-05 8.1323176e-09 1.314898e-23)
(-6.5288107e-05 6.3856969e-09 0)
(-6.52865e-05 5.0352468e-09 0)
(-6.528526e-05 3.9684179e-09 0)
(-6.5284307e-05 3.1138361e-09 0)
(-6.5283579e-05 2.4175142e-09 0)
(-6.5283016e-05 1.8412997e-09 -1.3696242e-24)
(-6.5282574e-05 1.357641e-09 1.3696164e-24)
(-6.5282248e-05 9.4458461e-10 0)
(-6.5282063e-05 5.8344311e-10 -6.6875462e-28)
(-6.5282084e-05 2.6559277e-10 6.8079269e-26)
(-6.5282295e-05 2.0364479e-11 -6.8021222e-26)
(0.0004395821 0.00017350186 -3.4788783e-21)
(-0.00054628735 8.7633528e-05 6.7328474e-21)
(-0.00021929802 6.3678625e-05 -4.9435283e-21)
(-0.00020806432 6.1157311e-05 -6.3340805e-21)
(-0.00016748606 5.6580705e-05 6.3219007e-21)
(-0.00013396942 4.9037941e-05 -7.5768968e-22)
(-0.00010641159 4.0375198e-05 -1.4769628e-21)
(-8.4121611e-05 3.1808502e-05 3.5968356e-22)
(-6.6912402e-05 2.4152919e-05 -1.0497283e-21)
(-5.4080181e-05 1.7816556e-05 3.4029171e-22)
(-4.4728916e-05 1.2871218e-05 -3.3110604e-22)
(-3.8016926e-05 9.1795908e-06 0)
(-3.3240497e-05 6.5093409e-06 1.5638608e-22)
(-2.9851354e-05 4.6153574e-06 0)
(-2.7447499e-05 3.2850312e-06 5.0695504e-22)
(-2.5734182e-05 2.3549047e-06 -6.5175955e-22)
(-2.4500742e-05 1.6965964e-06 5.7946647e-22)
(-2.3605888e-05 1.2274636e-06 3.2663677e-23)
(-2.2953385e-05 8.9000892e-07 -5.1069924e-22)
(-2.2477608e-05 6.4728891e-07 0)
(-2.21301e-05 4.7220635e-07 2.2189049e-22)
(-2.1875666e-05 3.4548684e-07 -2.3328925e-22)
(-2.1688966e-05 2.5353387e-07 0)
(-2.1551637e-05 1.8664161e-07 3.3581005e-24)
(-2.1450355e-05 1.3785839e-07 0)
(-2.1375451e-05 1.0219673e-07 0)
(-2.1319885e-05 7.607635e-08 9.2079649e-23)
(-2.1278529e-05 5.6893825e-08 -1.3521335e-22)
(-2.1247634e-05 4.275795e-08 8.6158042e-23)
(-2.1224491e-05 3.2295402e-08 -8.2052183e-23)
(-2.120702e-05 2.4537177e-08 3.945294e-23)
(-2.1193718e-05 1.8740014e-08 1.7534183e-23)
(-2.1183589e-05 1.4402669e-08 -1.7467103e-23)
(-2.117584e-05 1.1139797e-08 1.2413577e-25)
(-2.1169879e-05 8.6669836e-09 1.424536e-23)
(-2.1165271e-05 6.7794243e-09 -1.424499e-23)
(-2.116169e-05 5.3287763e-09 -6.0266708e-24)
(-2.1158886e-05 4.2015518e-09 6.0377939e-24)
(-2.1156692e-05 3.3165074e-09 4.9307906e-24)
(-2.1154988e-05 2.6165448e-09 -4.9307248e-24)
(-2.1153667e-05 2.0556425e-09 0)
(-2.115265e-05 1.5998835e-09 0)
(-2.1151862e-05 1.2212626e-09 0)
(-2.115125e-05 8.9935853e-10 -2.4075345e-27)
(-2.1150803e-05 6.1800003e-10 0)
(-2.1150534e-05 3.5848163e-10 6.6875625e-28)
(-2.1150469e-05 1.0395882e-10 4.0125333e-28)
(-2.1150596e-05 -4.0804052e-11 -6.636243e-29)
(0.00045514552 5.9124954e-05 -5.8878676e-24)
(-0.00055955118 2.9996804e-05 -3.3477847e-21)
(-0.00021963671 2.1827576e-05 4.9910487e-21)
(-0.00020514776 2.0998704e-05 0)
(-0.00016085199 1.9441059e-05 -1.5423816e-21)
(-0.00012385125 1.6888649e-05 7.8002796e-22)
(-9.3312124e-05 1.3924108e-05 0)
(-6.8567438e-05 1.0977211e-05 -3.5974304e-22)
(-4.93993e-05 8.3404159e-06 3.5007718e-22)
(-3.5068094e-05 6.1566694e-06 1.0128366e-21)
(-2.4604953e-05 4.4504909e-06 -6.7155115e-22)
(-1.7082948e-05 3.1753545e-06 -3.0710282e-28)
(-1.1722949e-05 2.2523208e-06 3.0843403e-22)
(-7.9160687e-06 1.5970713e-06 -3.0821519e-22)
(-5.2119041e-06 1.1364031e-06 -1.1244242e-27)
(-3.2848765e-06 8.1473437e-07 -1.0901899e-27)
(-1.9003883e-06 5.870174e-07 0)
(-8.9686544e-07 4.2509323e-07 -1.4852616e-22)
(-1.6547957e-07 3.0814554e-07 1.1553914e-22)
(3.686942e-07 2.2392263e-07 1.2291011e-22)
(7.5890234e-07 1.6322305e-07 -1.228795e-22)
(1.0444569e-06 1.1932037e-07 -6.0673339e-23)
(1.2539113e-06 8.7487308e-08 2.1924403e-24)
(1.4079204e-06 6.4356455e-08 5.4826901e-23)
(1.5214668e-06 4.7513505e-08 -2.5217619e-23)
(1.6054397e-06 3.5226927e-08 2.5214465e-23)
(1.6677436e-06 2.6243966e-08 -7.1924122e-28)
(1.7141263e-06 1.9628824e-08 2.1220818e-23)
(1.7487994e-06 1.4713324e-08 -2.1920593e-23)
(1.7748417e-06 1.1066382e-08 3.1680644e-25)
(1.7945081e-06 8.4144588e-09 -9.3154441e-24)
(1.8094646e-06 6.4382809e-09 1.8082392e-23)
(1.8208992e-06 4.9566476e-09 -8.8331115e-24)
(1.8296654e-06 3.8422444e-09 3.8353889e-24)
(1.8364226e-06 2.9980975e-09 -2.7392013e-25)
(1.8416604e-06 2.3553281e-09 -3.5612548e-24)
(1.8457408e-06 1.8626253e-09 0)
(1.8489348e-06 1.4812751e-09 -1.1235645e-26)
(1.8514398e-06 1.1722121e-09 1.9854415e-29)
(1.8534017e-06 9.2650766e-10 0)
(1.8549311e-06 7.2944273e-10 -3.9185681e-30)
(1.8561127e-06 5.6944841e-10 0)
(1.8570257e-06 4.3599189e-10 0)
(1.8577281e-06 3.2140982e-10 0)
(1.8582309e-06 2.1734518e-10 1.0272112e-25)
(1.8585169e-06 1.1602419e-10 -1.0272077e-25)
(1.8586522e-06 4.9711869e-13 -3.1347861e-30)
(1.8586821e-06 -5.205361e-11 0)
(0.00045514527 -5.9125121e-05 -3.4008738e-21)
(-0.00055955117 -2.9996741e-05 9.175101e-23)
(-0.00021963631 -2.1826656e-05 1.9892429e-23)
(-0.00020514756 -2.0997198e-05 2.2471286e-23)
(-0.00016085188 -1.9439253e-05 1.4898043e-27)
(-0.00012385109 -1.6886775e-05 -7.2470803e-28)
(-9.3311944e-05 -1.3922502e-05 0)
(-6.8567324e-05 -1.0976066e-05 0)
(-4.939904e-05 -8.3396619e-06 0)
(-3.5067846e-05 -6.1565782e-06 -1.299401e-27)
(-2.4604789e-05 -4.4510194e-06 0)
(-1.7082637e-05 -3.1764059e-06 4.7857127e-22)
(-1.17226e-05 -2.2537152e-06 -8.8809337e-24)
(-7.915723e-06 -1.5986709e-06 -3.0821517e-22)
(-5.2114769e-06 -1.1381138e-06 2.9035383e-22)
(-3.2843724e-06 -8.1636721e-07 -3.9516447e-22)
(-1.8998046e-06 -5.8854884e-07 3.9004853e-23)
(-8.9646139e-07 -4.2641345e-07 4.3964252e-24)
(-1.6538213e-07 -3.0944622e-07 1.1553914e-22)
(3.6878001e-07 -2.2520658e-07 1.9089638e-27)
(7.5901324e-07 -1.6444215e-07 0)
(1.0445689e-06 -1.2044432e-07 5.3406326e-23)
(1.2540133e-06 -8.8499292e-08 -5.7028622e-23)
(1.4080138e-06 -6.5248169e-08 0)
(1.5215617e-06 -4.8276117e-08 0)
(1.6055326e-06 -3.5852139e-08 2.4118605e-23)
(1.6677976e-06 -2.6733582e-08 -2.4115293e-23)
(1.714102e-06 -1.998925e-08 -6.8573596e-28)
(1.748725e-06 -1.5014465e-08 0)
(1.7747898e-06 -1.1379496e-08 3.1680642e-25)
(1.7945029e-06 -8.6622151e-09 0)
(1.8094698e-06 -6.6085912e-09 -8.6261442e-24)
(1.8208896e-06 -5.0686968e-09 8.7667608e-24)
(1.8296483e-06 -3.9109364e-09 -3.8353888e-24)
(1.8364032e-06 -3.0327904e-09 2.1613398e-25)
(1.8416404e-06 -2.3610439e-09 2.4716764e-25)
(1.8457207e-06 -1.8448198e-09 3.3118721e-24)
(1.8489124e-06 -1.4420988e-09 -1.1235644e-26)
(1.8514155e-06 -1.1286995e-09 -1.9854415e-29)
(1.8533787e-06 -8.856159e-10 4.5476669e-27)
(1.8549084e-06 -6.9010334e-10 -9.6275764e-25)
(1.8560898e-06 -5.333336e-10 5.4785012e-25)
(1.8570027e-06 -4.0449378e-10 4.0941524e-25)
(1.8577047e-06 -2.9727157e-10 0)
(1.8582079e-06 -2.0213429e-10 -1.0225299e-25)
(1.8584941e-06 -1.1141826e-10 1.0272076e-25)
(1.8586312e-06 -8.9522094e-12 3.1347861e-30)
(1.8586634e-06 1.6221138e-11 0)
(0.00043958207 -0.00017350424 -1.355847e-20)
(-0.00054628684 -8.7634476e-05 1.7213683e-20)
(-0.000219297 -6.3678775e-05 -1.6506716e-21)
(-0.00020806372 -6.1156586e-05 1.6048897e-21)
(-0.00016748538 -5.6579357e-05 0)
(-0.00013396886 -4.9036127e-05 1.5171452e-21)
(-0.0001064112 -4.0373462e-05 1.4413668e-21)
(-8.4120961e-05 -3.1807035e-05 -2.9141335e-21)
(-6.6911861e-05 -2.4152286e-05 2.7634459e-21)
(-5.40797e-05 -1.7816661e-05 -2.7602591e-21)
(-4.4728136e-05 -1.2871936e-05 3.3110593e-22)
(-3.8016022e-05 -9.1807491e-06 -1.4309701e-21)
(-3.3239398e-05 -6.5107407e-06 1.4253633e-21)
(-2.9850174e-05 -4.6168379e-06 -1.5185635e-22)
(-2.7446312e-05 -3.2864253e-06 -5.0695496e-22)
(-2.5733078e-05 -2.3564279e-06 1.1787518e-21)
(-2.4499808e-05 -1.6981919e-06 -5.970561e-22)
(-2.3605075e-05 -1.2292902e-06 0)
(-2.2952664e-05 -8.916863e-07 1.6190935e-23)
(-2.2477009e-05 -6.4877833e-07 0)
(-2.2129605e-05 -4.7354312e-07 0)
(-2.1875259e-05 -3.4668719e-07 1.0900152e-23)
(-2.1688637e-05 -2.5460978e-07 0)
(-2.1551374e-05 -1.8759816e-07 -3.3581e-24)
(-2.1450151e-05 -1.3871156e-07 -3.2206402e-24)
(-2.1375296e-05 -1.0296493e-07 0)
(-2.1319744e-05 -7.6771594e-08 0)
(-2.127842e-05 -5.7481202e-08 -4.3844179e-23)
(-2.124764e-05 -4.3162163e-08 4.31729e-23)
(-2.1224527e-05 -3.2572702e-08 -3.1680327e-25)
(-2.120702e-05 -2.4739459e-08 3.7261548e-23)
(-2.1193739e-05 -1.8890404e-08 -5.5217718e-23)
(-2.1183628e-05 -1.4507188e-08 1.7533452e-23)
(-2.1175892e-05 -1.1202681e-08 1.2413576e-25)
(-2.1169936e-05 -8.6980998e-09 5.7785869e-26)
(-2.116533e-05 -6.7838187e-09 8.0256808e-26)
(-2.1161748e-05 -5.3112355e-09 -2.4611657e-26)
(-2.1158952e-05 -4.1756778e-09 5.4899532e-24)
(-2.1156771e-05 -3.2845971e-09 -5.4786305e-24)
(-2.1155065e-05 -2.5809233e-09 4.3874311e-24)
(-2.1153736e-05 -2.0245952e-09 -2.4613254e-24)
(-2.1152714e-05 -1.5688503e-09 -3.561037e-24)
(-2.1151925e-05 -1.1953343e-09 1.6450169e-24)
(-2.1151312e-05 -8.7870455e-10 -5.5025519e-25)
(-2.1150865e-05 -6.0426581e-10 9.5826141e-25)
(-2.1150595e-05 -3.5161322e-10 -2.7459063e-25)
(-2.1150528e-05 -1.0827378e-10 -1.3696089e-25)
(-2.1150654e-05 9.1365738e-12 0)
(0.00040895742 -0.0002763806 2.7574643e-20)
(-0.00052063263 -0.00013828383 0)
(-0.00021869039 -0.0001004005 1.2978505e-20)
(-0.00021375955 -9.5987861e-05 -1.295263e-20)
(-0.00018026225 -8.8543152e-05 0)
(-0.00015339881 -7.650323e-05 -1.5165518e-21)
(-0.00013165541 -6.2801241e-05 2.0234273e-24)
(-0.00011410247 -4.9363314e-05 -1.4358417e-21)
(-0.00010063878 -3.7421093e-05 0)
(-9.0665205e-05 -2.7565603e-05 6.8025775e-22)
(-8.343165e-05 -1.9891616e-05 -2.9431603e-21)
(-7.825681e-05 -1.4174989e-05 2.6098354e-21)
(-7.4582791e-05 -1.0047255e-05 -1.5635364e-22)
(-7.1980419e-05 -7.1234188e-06 1.5182824e-22)
(-7.0138835e-05 -5.0753624e-06 -7.3664707e-23)
(-6.8824132e-05 -3.6358401e-06 -7.1426074e-23)
(-6.7872246e-05 -2.6192794e-06 0)
(-6.7180191e-05 -1.892966e-06 5.2700049e-22)
(-6.6675507e-05 -1.373031e-06 -5.2682508e-22)
(-6.6308228e-05 -9.9940967e-07 3.1271668e-23)
(-6.6039722e-05 -7.2972923e-07 4.7391402e-22)
(-6.584287e-05 -5.3440309e-07 -6.9468364e-22)
(-6.5698232e-05 -3.9252773e-07 2.3508611e-22)
(-6.5591717e-05 -2.8920361e-07 3.3579387e-24)
(-6.5513115e-05 -2.1378137e-07 6.441031e-24)
(-6.5454991e-05 -1.5860602e-07 1.9602304e-22)
(-6.5411896e-05 -1.1816577e-07 -1.9586647e-22)
(-6.537981e-05 -8.8467103e-08 -8.9090846e-23)
(-6.535592e-05 -6.6520545e-08 8.8347928e-23)
(-6.533811e-05 -5.0178703e-08 -7.8909206e-23)
(-6.5324675e-05 -3.8067048e-08 7.8904943e-23)
(-6.5314494e-05 -2.9038352e-08 -3.478549e-23)
(-6.5306779e-05 -2.2285746e-08 3.5066629e-23)
(-6.5300904e-05 -1.7198228e-08 6.6749995e-31)
(-6.5296406e-05 -1.3341235e-08 -1.1557161e-25)
(-6.5292948e-05 -1.0393198e-08 1.3202758e-23)
(-6.5290285e-05 -8.1287663e-09 -2.5153054e-23)
(-6.5288221e-05 -6.379245e-09 1.2053085e-23)
(-6.5286612e-05 -5.0169078e-09 0)
(-6.5285373e-05 -3.9356114e-09 -9.0952927e-27)
(-6.5284415e-05 -3.077948e-09 -8.0252313e-27)
(-6.5283681e-05 -2.3855227e-09 0)
(-6.5283117e-05 -1.8170271e-09 1.3696239e-24)
(-6.5282673e-05 -1.3363036e-09 -1.3696161e-24)
(-6.5282345e-05 -9.2846229e-10 1.8725219e-27)
(-6.5282159e-05 -5.70017e-10 -2.7258488e-25)
(-6.528218e-05 -2.6415485e-10 2.7392183e-25)
(-6.5282393e-05 -4.7918382e-11 0)
(0.00036442588 -0.00036063967 0)
(-0.0004842951 -0.00017747527 -1.3212889e-20)
(-0.00021780306 -0.00012973955 1.3188183e-20)
(-0.00022126723 -0.0001225609 0)
(-0.00019764792 -0.00011224567 0)
(-0.00017999569 -9.6593176e-05 -8.9909628e-21)
(-0.00016629693 -7.8913025e-05 1.3254214e-20)
(-0.0001553586 -6.180217e-05 -2.941095e-21)
(-0.00014709969 -4.6721238e-05 0)
(-0.00014105905 -3.4341732e-05 -4.7817057e-25)
(-0.00013671767 -2.4741602e-05 0)
(-0.00013362944 -1.7615462e-05 -2.537184e-21)
(-0.00013144176 -1.2481093e-05 2.8477667e-21)
(-0.00012989606 -8.8478141e-06 0)
(-0.00012879733 -6.3069234e-06 1.0133091e-21)
(-0.0001280049 -4.5163794e-06 -1.1600042e-21)
(-0.00012742649 -3.251044e-06 0)
(-0.00012700257 -2.3493806e-06 6.695723e-23)
(-0.00012669461 -1.7052844e-06 3.2372017e-23)
(-0.00012646924 -1.2422328e-06 -3.1267727e-23)
(-0.00012630352 -9.0769174e-07 4.5877838e-22)
(-0.0001261814 -6.6515874e-07 -4.7376631e-22)
(-0.00012609126 -4.8879619e-07 -6.9903974e-24)
(-0.00012602463 -3.6027279e-07 0)
(-0.00012597536 -2.6637288e-07 3.2203836e-24)
(-0.00012593891 -1.9763155e-07 -1.9601424e-22)
(-0.00012591191 -1.4716109e-07 1.929133e-22)
(-0.00012589185 -1.100796e-07 -1.7396329e-22)
(-0.0001258769 -8.2757811e-08 1.7401991e-22)
(-0.00012586584 -6.2447814e-08 0)
(-0.00012585762 -4.7276633e-08 -5.9931743e-25)
(-0.00012585144 -3.6006792e-08 -7.013503e-23)
(-0.00012584682 -2.7581531e-08 6.9867065e-23)
(-0.00012584333 -2.1272222e-08 -1.2413313e-25)
(-0.0001258407 -1.6475053e-08 -2.8259204e-23)
(-0.00012583871 -1.2808656e-08 2.0843441e-24)
(-0.00012583722 -9.9849812e-09 2.6297834e-23)
(-0.00012583608 -7.7972164e-09 0)
(-0.00012583522 -6.0801858e-09 0)
(-0.00012583456 -4.7322505e-09 1.8190628e-26)
(-0.00012583408 -3.641374e-09 -8.0252638e-27)
(-0.00012583372 -2.7767785e-09 -3.2871096e-24)
(-0.00012583344 -2.0618448e-09 6.0322187e-24)
(-0.00012583321 -1.4895077e-09 -2.7368239e-24)
(-0.00012583304 -1.0069377e-09 -3.7450375e-27)
(-0.00012583297 -6.1593658e-10 -6.6875418e-28)
(-0.00012583308 -2.8823555e-10 -6.8480521e-26)
(-0.00012583335 -3.758675e-11 6.8087281e-26)
(0.00030835058 -0.00042079517 -3.9791089e-20)
(-0.00043985495 -0.00020364439 5.3201919e-20)
(-0.00021641753 -0.00014905034 -3.2649267e-20)
(-0.00022760416 -0.0001384413 6.3178178e-21)
(-0.00021604381 -0.00012533153 0)
(-0.00020923704 -0.00010705666 -8.8926349e-21)
(-0.00020486505 -8.690775e-05 1.482622e-20)
(-0.0002016776 -6.7749877e-05 -2.0306189e-24)
(-0.00019945015 -5.1044536e-05 1.3936535e-21)
(-0.0001979323 -3.7431448e-05 -5.1859493e-25)
(-0.00019689117 -2.6931554e-05 0)
(-0.00019615772 -1.9167719e-05 0)
(-0.00019562586 -1.358373e-05 -3.1232915e-22)
(-0.00019524733 -9.6389189e-06 -2.391508e-21)
(-0.00019496715 -6.869556e-06 2.1737903e-22)
(-0.00019474558 -4.9243951e-06 4.5679847e-21)
(-0.00019457601 -3.5441806e-06 -2.2480528e-21)
(-0.00019444724 -2.5647938e-06 -6.6942668e-23)
(-0.00019435124 -1.8643734e-06 -1.0505301e-21)
(-0.00019427859 -1.3600444e-06 1.0491782e-21)
(-0.00019422348 -9.9514655e-07 3.0159919e-23)
(-0.00019418171 -7.3023101e-07 -1.452942e-23)
(-0.00019415015 -5.3737599e-07 0)
(-0.00019412638 -3.9655198e-07 0)
(-0.00019410856 -2.9340231e-07 8.1963503e-29)
(-0.00019409529 -2.1767153e-07 0)
(-0.00019408553 -1.6195206e-07 1.9003027e-22)
(-0.00019407837 -1.2098991e-07 -1.8272159e-22)
(-0.00019407307 -9.0769716e-08 1.335675e-24)
(-0.00019406917 -6.8395712e-08 0)
(-0.00019406647 -5.1714639e-08 -7.3919939e-23)
(-0.00019406461 -3.9261677e-08 7.451639e-23)
(-0.00019406331 -2.9975277e-08 -6.5483392e-23)
(-0.00019406237 -2.3060284e-08 6.5746944e-23)
(-0.00019406168 -1.7882698e-08 -1.1556881e-25)
(-0.00019406123 -1.3975337e-08 -1.0700755e-25)
(-0.00019406095 -1.0977471e-08 -4.9222489e-26)
(-0.00019406078 -8.6466074e-09 0)
(-0.00019406068 -6.8321577e-09 2.0330804e-26)
(-0.00019406064 -5.4056868e-09 -1.8190471e-26)
(-0.00019406065 -4.2665471e-09 1.6050327e-26)
(-0.00019406068 -3.3339814e-09 -6.9551508e-27)
(-0.00019406072 -2.5596916e-09 3.3302022e-32)
(-0.00019406074 -1.9083938e-09 -2.1913879e-24)
(-0.00019406076 -1.3402989e-09 2.1932523e-24)
(-0.00019406082 -8.5738642e-10 0)
(-0.00019406101 -4.369494e-10 -1.3696107e-25)
(-0.00019406135 -8.2699775e-11 1.3577574e-25)
(0.00024290174 -0.00045353384 3.9460796e-20)
(-0.00038760115 -0.00021841545 -3.9734413e-20)
(-0.00021056799 -0.00015770106 6.4614672e-21)
(-0.00022840391 -0.00014261729 -6.3119924e-21)
(-0.00022884883 -0.0001268951 6.1402066e-21)
(-0.00023301051 -0.00010716955 0)
(-0.000238011 -8.6265949e-05 -2.9320015e-21)
(-0.00024253817 -6.6839219e-05 -2.8563573e-21)
(-0.00024625633 -5.0148496e-05 -1.3926001e-21)
(-0.00024914123 -3.6679691e-05 4.6751062e-21)
(-0.00025127 -2.635988e-05 -6.0083863e-21)
(-0.00025276824 -1.8778319e-05 0)
(-0.00025379331 -1.3328225e-05 3.1199829e-22)
(-0.00025449506 -9.4858255e-06 -2.6931308e-21)
(-0.00025496937 -6.7674185e-06 4.85495e-21)
(-0.0002552795 -4.8704987e-06 -2.3179964e-21)
(-0.00025548614 -3.5133099e-06 6.9129167e-23)
(-0.00025563131 -2.5477755e-06 0)
(-0.00025573057 -1.8564022e-06 0)
(-0.00025579841 -1.3577806e-06 -3.1255666e-23)
(-0.00025584503 -9.9620401e-07 -1.5077346e-23)
(-0.00025587727 -7.3278096e-07 0)
(-0.00025589958 -5.4055061e-07 0)
(-0.00025591507 -3.9961267e-07 0)
(-0.00025592609 -2.9592948e-07 -1.287944e-23)
(-0.00025593422 -2.1952932e-07 0)
(-0.00025594049 -1.6326727e-07 -2.9454621e-24)
(-0.00025594535 -1.2155342e-07 -1.4041687e-24)
(-0.00025594905 -9.0686281e-08 1.6657829e-22)
(-0.00025595198 -6.7782244e-08 -9.3986336e-24)
(-0.00025595438 -5.0795303e-08 -1.5779968e-22)
(-0.00025595643 -3.8108778e-08 7.0132211e-23)
(-0.00025595822 -2.8682124e-08 -1.3587785e-22)
(-0.00025595971 -2.1541701e-08 6.5746032e-23)
(-0.00025596091 -1.620842e-08 0)
(-0.00025596186 -1.2176479e-08 -2.6190878e-23)
(-0.00025596263 -9.1793683e-09 2.6297494e-23)
(-0.00025596328 -6.8789242e-09 0)
(-0.00025596385 -5.2009628e-09 -2.0330562e-26)
(-0.00025596433 -3.8514064e-09 -8.7656777e-24)
(-0.00025596473 -2.8885684e-09 8.7656126e-24)
(-0.00025596505 -2.0923381e-09 6.955095e-27)
(-0.0002559653 -1.5237449e-09 -1.1770164e-26)
(-0.00025596547 -1.03696e-09 0)
(-0.00025596559 -6.7592419e-10 1.8725239e-27)
(-0.00025596573 -3.7291465e-10 0)
(-0.00025596597 -1.4060236e-10 0)
(-0.00025596633 6.7353681e-11 0)
(0.00017074577 -0.0004569334 3.6153077e-22)
(-0.00032727628 -0.00022046585 2.6577303e-20)
(-0.0001928198 -0.00015737775 2.5773079e-20)
(-0.00021464878 -0.00013606724 0)
(-0.00022556764 -0.0001180362 -6.1339603e-21)
(-0.00023885804 -9.7888435e-05 0)
(-0.00025144723 -7.7811825e-05 -1.459278e-21)
(-0.00026221453 -5.9797698e-05 1.4257826e-21)
(-0.00027067638 -4.4633374e-05 1.3887128e-21)
(-0.00027702284 -3.2559485e-05 -6.7664559e-22)
(-0.0002816271 -2.3383287e-05 1.3181321e-21)
(-0.0002848355 -1.6745681e-05 5.0607036e-21)
(-0.00028702284 -1.1909491e-05 -5.6814555e-21)
(-0.00028852152 -8.5008223e-06 1.5149138e-22)
(-0.00028955894 -6.1012364e-06 -2.4646723e-21)
(-0.00029026958 -4.4088309e-06 2.3168442e-21)
(-0.00029074863 -3.2039397e-06 -1.3820758e-22)
(-0.00029110167 -2.3382738e-06 6.6899595e-23)
(-0.00029135181 -1.7123262e-06 0)
(-0.00029152834 -1.2572914e-06 0)
(-0.00029165359 -9.2526874e-07 -1.5074731e-23)
(-0.00029174336 -6.8235542e-07 -9.2660981e-22)
(-0.00029180802 -5.0437674e-07 9.119845e-22)
(-0.00029185455 -3.7392702e-07 4.2090126e-22)
(-0.00029188866 -2.7755106e-07 -8.1776918e-22)
(-0.00029191421 -2.0628365e-07 4.0331312e-22)
(-0.00029193336 -1.5349062e-07 0)
(-0.00029194783 -1.1422935e-07 -1.7534328e-22)
(-0.00029195897 -8.5053837e-08 1.7533582e-22)
(-0.00029196756 -6.3410419e-08 1.267052e-24)
(-0.00029197434 -4.7365332e-08 0)
(-0.00029197975 -3.5457437e-08 6.9847981e-23)
(-0.00029198398 -2.669622e-08 -7.0128898e-23)
(-0.00029198729 -2.0118615e-08 -6.1362368e-23)
(-0.00029198996 -1.5104209e-08 6.1361359e-23)
(-0.00029199213 -1.130678e-08 0)
(-0.00029199388 -8.4095064e-09 -2.4105939e-23)
(-0.00029199531 -6.2582475e-09 2.4105696e-23)
(-0.00029199642 -4.5910498e-09 1.9722793e-23)
(-0.00029199733 -3.3818239e-09 -2.8488295e-23)
(-0.00029199809 -2.4302608e-09 8.7655914e-24)
(-0.00029199869 -1.7560458e-09 -6.5672302e-24)
(-0.00029199917 -1.2299562e-09 6.5829862e-24)
(-0.0002919995 -8.3078197e-10 2.1913849e-24)
(-0.00029199974 -5.1995986e-10 -2.1913793e-24)
(-0.00029199996 -2.8837884e-10 -5.4851352e-25)
(-0.00029200024 -1.1284935e-10 5.4784413e-25)
(-0.00029200063 1.0166192e-11 0)
(9.6279945e-05 -0.00043129313 5.138582e-20)
(-0.00026675785 -0.00021730086 -6.4731024e-20)
(-0.0001716778 -0.00015105504 2.5603819e-20)
(-0.00019210356 -0.00012339157 -6.2219271e-21)
(-0.00021064065 -0.0001024486 0)
(-0.00022981261 -8.2217442e-05 0)
(-0.00024730092 -6.4119949e-05 1.2976327e-20)
(-0.00026188134 -4.8774339e-05 -1.2926459e-20)
(-0.00027311894 -3.6231797e-05 -1.3872065e-21)
(-0.00028144285 -2.6427892e-05 6.0138475e-21)
(-0.0002874985 -1.9059777e-05 -5.9926434e-21)
(-0.00029163845 -1.3680454e-05 0)
(-0.00029440289 -9.8239476e-06 4.6727794e-22)
(-0.00029639501 -7.083407e-06 1.5135832e-22)
(-0.00029776881 -5.152347e-06 0)
(-0.00029871788 -3.7620911e-06 -7.1274965e-23)
(-0.00029938134 -2.7768532e-06 -6.805277e-28)
(-0.00029986035 -2.0614948e-06 2.0381833e-21)
(-0.00030020679 -1.5368545e-06 -2.0723805e-21)
(-0.00030045813 -1.1503103e-06 0)
(-0.00030064131 -8.6406191e-07 1.5071365e-23)
(-0.00030077539 -6.5143675e-07 1.452252e-23)
(-0.0003008739 -4.9331182e-07 0)
(-0.00030094576 -3.7549442e-07 3.3564164e-24)
(-0.00030099841 -2.8581506e-07 4.0330146e-22)
(-0.00030103797 -2.1857782e-07 -7.8903483e-22)
(-0.00030106787 -1.6814101e-07 3.8426458e-22)
(-0.00030109062 -1.3036224e-07 0)
(-0.00030110805 -1.0178477e-07 0)
(-0.00030112151 -8.0078184e-08 -1.5842746e-22)
(-0.00030113193 -6.3335659e-08 3.0681571e-22)
(-0.00030114015 -5.0341053e-08 -1.4902246e-22)
(-0.00030114656 -3.9898715e-08 0)
(-0.00030115135 -3.1703973e-08 -6.1485447e-23)
(-0.00030115506 -2.5202777e-08 4.3248831e-24)
(-0.00030115797 -2.0111887e-08 5.6977321e-23)
(-0.00030116029 -1.6019473e-08 0)
(-0.00030116212 -1.2820421e-08 0)
(-0.00030116361 -1.0188097e-08 0)
(-0.00030116479 -8.175449e-09 -1.7531228e-23)
(-0.00030116572 -6.4687944e-09 1.7531151e-23)
(-0.00030116647 -5.1581701e-09 -1.0432627e-26)
(-0.00030116699 -4.0112617e-09 -5.4843553e-24)
(-0.00030116736 -3.0710801e-09 5.4808649e-24)
(-0.00030116763 -2.2308188e-09 1.6416643e-24)
(-0.00030116786 -1.4881338e-09 -1.6428659e-24)
(-0.00030116812 -7.8522459e-10 4.0125467e-28)
(-0.00030116847 -1.2380836e-10 -1.3272258e-28)
(9.6615885e-06 -0.00039009308 0)
(-0.0002777071 -0.00022491339 2.5568708e-20)
(-0.00024851183 -0.00014872262 -2.5491411e-20)
(-0.00028291896 -0.00010904581 -1.5280574e-20)
(-0.0003140414 -8.3028896e-05 4.7162058e-22)
(-0.00034280456 -6.3002274e-05 2.2540526e-20)
(-0.00036714744 -4.7438786e-05 -1.1492408e-20)
(-0.00038625995 -3.5494912e-05 1.289925e-20)
(-0.00040058656 -2.598974e-05 1.0939615e-20)
(-0.00041114696 -1.8766646e-05 -1.0932245e-20)
(-0.00041878344 -1.3436947e-05 5.0264234e-21)
(-0.00042417789 -9.4803427e-06 -1.3776344e-22)
(-0.00042795568 -6.7267709e-06 -5.2046262e-21)
(-0.00043064412 -4.7540212e-06 0)
(-0.00043255925 -3.3464699e-06 -3.6717792e-23)
(-0.00043393208 -2.3391846e-06 7.1238897e-23)
(-0.00043492547 -1.6248531e-06 2.2781183e-21)
(-0.00043565265 -1.1147767e-06 -2.1742622e-21)
(-0.00043618791 -7.4995047e-07 -3.2329561e-23)
(-0.00043658275 -4.8967412e-07 -7.8087083e-24)
(-0.00043687448 -3.0547963e-07 9.4686771e-22)
(-0.00043709144 -1.7658896e-07 -9.4680726e-22)
(-0.00043725313 -8.6840497e-08 0)
(-0.00043737161 -2.6123406e-08 -3.3559018e-24)
(-0.00043746013 1.0107868e-08 4.0164957e-22)
(-0.00043752857 3.1196335e-08 -7.905068e-22)
(-0.00043758039 4.2549715e-08 3.8718159e-22)
(-0.00043761941 4.7639621e-08 0)
(-0.00043764879 4.8706825e-08 0)
(-0.00043767092 4.7340827e-08 3.1674277e-25)
(-0.0004376877 4.4548071e-08 -1.4901977e-22)
(-0.00043770035 4.1078336e-08 9.0475355e-24)
(-0.00043771004 3.7553456e-08 7.4574646e-23)
(-0.00043771772 3.4025465e-08 6.5866707e-23)
(-0.00043772376 3.0499992e-08 5.703466e-23)
(-0.00043772847 2.7114763e-08 -5.6976514e-23)
(-0.00043773215 2.3861963e-08 -2.4080829e-23)
(-0.00043773503 2.0857794e-08 2.4105331e-23)
(-0.00043773728 1.8029924e-08 1.0165232e-26)
(-0.00043773903 1.5493822e-08 0)
(-0.00043774041 1.3117771e-08 0)
(-0.00043774147 1.098118e-08 3.477523e-27)
(-0.00043774225 8.9899693e-09 2.9425173e-27)
(-0.00043774282 7.1573473e-09 -2.4075129e-27)
(-0.00043774322 5.4373408e-09 1.6430655e-24)
(-0.00043774353 3.8225301e-09 -2.1917109e-24)
(-0.00043774384 2.2625251e-09 5.476434e-25)
(-0.00043774417 7.3253435e-10 1.327203e-28)
(-0.00011929858 -0.00016622603 -2.5110401e-20)
(-0.00046629149 -0.00012876374 -2.504214e-20)
(-0.00059630722 -9.6529178e-05 2.4855959e-20)
(-0.00070052522 -7.0860927e-05 2.095054e-20)
(-0.00077729075 -5.3800888e-05 -4.5163495e-22)
(-0.00083480897 -4.1292802e-05 -2.1977273e-20)
(-0.00087789948 -3.194605e-05 0)
(-0.00090946619 -2.5043505e-05 1.0947551e-20)
(-0.0009323623 -1.9471892e-05 -2.6057888e-22)
(-0.00094936084 -1.514627e-05 -1.5880271e-20)
(-0.00096179853 -1.1835591e-05 1.0433928e-20)
(-0.00097083392 -9.2704567e-06 -1.0002631e-20)
(-0.00097739822 -7.3028705e-06 9.7308733e-21)
(-0.00098218963 -5.7763695e-06 -4.7970549e-21)
(-0.00098569666 -4.5875381e-06 2.2982099e-21)
(-0.00098826927 -3.6575754e-06 -6.8184827e-23)
(-0.00099016082 -2.9279989e-06 -1.0203003e-22)
(-0.00099155508 -2.3522824e-06 -2.1253221e-21)
(-0.00099258396 -1.8959367e-06 0)
(-0.00099334354 -1.5326199e-06 7.6330221e-24)
(-0.00099390435 -1.2432767e-06 0)
(-0.00099431692 -1.0124398e-06 8.9139441e-22)
(-0.00099462055 -8.2632895e-07 -8.9137505e-22)
(-0.0009948474 -6.7677592e-07 0)
(-0.00099501458 -5.6094389e-07 1.5735525e-24)
(-0.00099513411 -4.6776775e-07 1.506597e-24)
(-0.00099522035 -3.9154112e-07 -3.5998685e-22)
(-0.00099528274 -3.2862734e-07 3.599838e-22)
(-0.00099532787 -2.7648272e-07 -1.6285053e-22)
(-0.00099536044 -2.3307343e-07 8.2607444e-24)
(-0.0009953838 -1.9692728e-07 1.5427836e-22)
(-0.00099540036 -1.6659994e-07 0)
(-0.00099541207 -1.4121351e-07 6.4217748e-23)
(-0.0009954204 -1.1973929e-07 -6.4282423e-23)
(-0.00099542628 -1.0155519e-07 0)
(-0.00099543038 -8.6054849e-08 0)
(-0.00099543319 -7.2857908e-08 -2.3594243e-23)
(-0.00099543508 -6.1523239e-08 2.3570145e-23)
(-0.00099543632 -5.1808467e-08 -9.9393818e-27)
(-0.0009954371 -4.3369684e-08 1.7141912e-23)
(-0.00099543757 -3.6063017e-08 -1.7141897e-23)
(-0.00099543781 -2.9624805e-08 0)
(-0.00099543792 -2.3954658e-08 0)
(-0.00099543797 -1.8863128e-08 2.1427359e-24)
(-0.00099543802 -1.4228886e-08 -2.1422772e-24)
(-0.00099543806 -9.9281961e-09 3.2695338e-28)
(-0.0009954381 -5.8506378e-09 1.3372479e-25)
(-0.00099543818 -1.9412515e-09 -1.3290666e-25)
)
;

boundaryField
{
    inlet
    {
        type            pressureInletOutletVelocity;
        value           nonuniform List<vector> 
20
(
(-0.0010088693 2.339692e-09 4.638113e-26)
(-0.00044158115 -6.4715184e-10 9.7136737e-23)
(-0.00030205469 1.8483548e-10 9.4932381e-26)
(-0.00029282361 -1.1256822e-10 -9.7091389e-23)
(-0.00025727419 -1.8028014e-10 -1.8986446e-25)
(-0.00019610744 -1.4064377e-10 0)
(-0.00012875162 -1.4847568e-10 -1.8986844e-25)
(-6.9028173e-05 -1.2594853e-10 1.8987048e-25)
(-2.5526082e-05 -8.9015325e-11 0)
(-2.8530491e-06 -3.3230992e-11 0)
(-2.8529986e-06 3.3562767e-11 1.2160723e-23)
(-2.5525937e-05 8.8477332e-11 -2.4321343e-23)
(-6.902794e-05 1.2120158e-10 -4.8642297e-23)
(-0.00012875132 1.3957502e-10 0)
(-0.00019610708 1.3245215e-10 -1.8986623e-25)
(-0.00025727381 1.9513321e-10 1.8986446e-25)
(-0.00029282316 1.4757606e-10 0)
(-0.00030205419 -7.8305293e-11 0)
(-0.0004415805 8.2225307e-10 0)
(-0.0010088693 -2.2300933e-09 0)
)
;
    }
    outlet
    {
        type            pressureInletOutletVelocity;
        value           nonuniform List<vector> 
20
(
(-0.0009954379 0 0)
(-0.000437744 0 0)
(-0.00030116833 0 0)
(-0.00029200043 0 0)
(-0.00025596616 0 0)
(-0.00019406117 0 0)
(-0.00012583321 0 0)
(-6.5282295e-05 0 0)
(-2.1150596e-05 0 0)
(1.8586821e-06 -5.205361e-11 0)
(1.8586634e-06 1.6221138e-11 0)
(-2.1150654e-05 0 0)
(-6.5282393e-05 0 0)
(-0.00012583335 0 0)
(-0.00019406135 0 0)
(-0.00025596633 0 0)
(-0.00029200063 0 0)
(-0.00030116847 0 0)
(-0.00043774417 0 0)
(-0.00099543818 0 0)
)
;
    }
    top
    {
        type            noSlip;
    }
    bottom
    {
        type            noSlip;
    }
    interface
    {
        type            movingWallVelocity;
        value           nonuniform List<vector> 
40
(
(-5.7816522e-05 -5.4915525e-05 -8.6736174e-17)
(-0.00010012199 -7.0146833e-05 8.6736174e-17)
(-0.00015807932 -8.6199958e-05 -8.6736174e-17)
(-0.00021671991 -9.4105656e-05 -8.6736174e-17)
(-0.00027319503 -9.3598221e-05 0)
(-0.0003245742 -8.6013776e-05 -8.6736174e-17)
(-0.00036835781 -7.2680103e-05 4.7012483e-27)
(-0.00040267729 -5.4975315e-05 0)
(-0.00042623485 -3.4196604e-05 -8.6736174e-17)
(-0.00043821383 -1.1598569e-05 0)
(-0.00043821281 1.1603364e-05 -8.6736174e-17)
(-0.00042623181 3.4201446e-05 -8.6736174e-17)
(-0.00040267236 5.4980148e-05 -1.7347235e-16)
(-0.00036835133 7.2684775e-05 0)
(-0.00032456663 8.6018091e-05 8.6736174e-17)
(-0.00027318677 9.3601956e-05 1.7347235e-16)
(-0.00021671148 9.4108525e-05 2.5068058e-27)
(-0.00015807145 8.6201629e-05 -1.7347235e-16)
(-0.00010011586 7.0146901e-05 -1.7347235e-16)
(-5.7812603e-05 5.4914137e-05 -1.7347235e-16)
(-4.9669397e-05 5.3039355e-05 -3.9148145e-28)
(-8.9505826e-05 7.0347532e-05 0)
(-0.00014559089 8.804691e-05 0)
(-0.00020360173 9.6574495e-05 -1.7347235e-16)
(-0.00025990518 9.6197654e-05 1.7347235e-16)
(-0.00031139836 8.843754e-05 -4.034391e-27)
(-0.00035550049 7.4733684e-05 0)
(-0.00039022536 5.6521341e-05 -1.7347235e-16)
(-0.00041414103 3.5153062e-05 0)
(-0.00042632429 1.192202e-05 8.6736174e-17)
(-0.00042632355 -1.1925056e-05 -8.6736174e-17)
(-0.00041413882 -3.5155893e-05 -8.6736174e-17)
(-0.00039022176 -5.6523762e-05 -8.6736174e-17)
(-0.00035549564 -7.4735499e-05 0)
(-0.00031139252 -8.843859e-05 8.6736174e-17)
(-0.00025989872 -9.619782e-05 8.6736174e-17)
(-0.00020359524 -9.6573722e-05 -1.7347235e-16)
(-0.00014558516 -8.8045321e-05 -2.6020852e-16)
(-8.9501658e-05 -7.0345488e-05 -1.7347235e-16)
(-4.966686e-05 -5.3037207e-05 0)
)
;
    }
    frontAndBack
    {
        type            empty;
    }
}


// ************************************************************************* //
