/*--------------------------------*- C++ -*----------------------------------*\
| =========                 |                                                 |
| \\      /  F ield         | OpenFOAM: The Open Source CFD Toolbox           |
|  \\    /   O peration     | Version:  2512                                  |
|   \\  /    A nd           | Website:  www.openfoam.com                      |
|    \\/     M anipulation  |                                                 |
\*---------------------------------------------------------------------------*/
FoamFile
{
    version     2.0;
    format      ascii;
    arch        "LSB;label=32;scalar=64";
    class       surfaceScalarField;
    location    "2.8";
    object      phi;
}
// * * * * * * * * * * * * * * * * * * * * * * * * * * * * * * * * * * * * * //

dimensions      [0 3 -1 0 0 0 0];

oriented        oriented;

internalField   nonuniform List<scalar> 
3919
(
9.3202161e-05
6.7978388e-06
8.2703594e-05
1.0498566e-05
7.2431251e-05
1.0272342e-05
6.3067197e-05
9.3640538e-06
5.4835139e-05
8.2320582e-06
4.7917103e-05
6.9180354e-06
4.2338582e-05
5.5785206e-06
3.7977076e-05
4.3615052e-06
3.4630621e-05
3.3464547e-06
3.2084409e-05
2.5462114e-06
3.0151051e-05
1.933358e-06
2.8672184e-05
1.4788658e-06
2.7522109e-05
1.1500754e-06
2.6606652e-05
9.1545582e-07
2.585825e-05
7.4840193e-07
2.5230043e-05
6.2820617e-07
2.4689948e-05
5.400949e-07
2.4216477e-05
4.7347045e-07
2.3794903e-05
4.2157328e-07
2.3415523e-05
3.793798e-07
2.3071114e-05
3.4440863e-07
2.2757207e-05
3.1390664e-07
2.2469615e-05
2.8759157e-07
2.2206654e-05
2.6295978e-07
2.1965269e-05
2.4138491e-07
2.1746134e-05
2.191345e-07
2.1546211e-05
1.9992319e-07
2.1369366e-05
1.7684414e-07
2.1211202e-05
1.581632e-07
2.1081065e-05
1.301365e-07
2.0969947e-05
1.1111825e-07
2.0898813e-05
7.1132931e-08
2.0849747e-05
4.906658e-08
2.0869215e-05
-1.9468671e-08
2.091124e-05
-4.2024248e-08
2.1070288e-05
-1.5904625e-07
2.1247218e-05
-1.7692943e-07
2.1661386e-05
-4.1416643e-07
2.2055551e-05
-3.9416531e-07
2.2966995e-05
-9.1144164e-07
2.3711693e-05
-7.4469997e-07
2.5692638e-05
-1.9809404e-06
2.7033735e-05
-1.341099e-06
3.1527012e-05
-4.4932466e-06
3.4124601e-05
-2.5976015e-06
4.4848651e-05
-1.0723982e-05
5.0835937e-05
-5.9872923e-06
-2.9684861e-05
8.0520703e-05
0.00010311327
3.6845679e-06
0.00010499149
8.6203502e-06
0.00010466802
1.0595808e-05
0.00010304668
1.098539e-05
0.00010050643
1.0772308e-05
9.7288678e-05
1.013579e-05
9.3691616e-05
9.175583e-06
8.9988937e-05
8.0641838e-06
8.6379123e-05
6.9562676e-06
8.2987617e-05
5.9377169e-06
7.9879744e-05
5.0412308e-06
7.7083458e-05
4.2751517e-06
7.4598477e-05
3.6350557e-06
7.2405814e-05
3.1081184e-06
7.0476373e-05
2.6778428e-06
6.8777835e-05
2.3267433e-06
6.7277893e-05
2.0400365e-06
6.5947262e-05
1.8041004e-06
6.4759991e-05
1.6088436e-06
6.3694679e-05
1.444691e-06
6.273287e-05
1.306217e-06
6.1860601e-05
1.1861752e-06
6.1065205e-05
1.0829867e-06
6.0338702e-05
9.8946221e-07
5.9672076e-05
9.0801066e-07
5.906252e-05
8.2868913e-07
5.8502679e-05
7.5976382e-07
5.7995443e-05
6.840789e-07
5.7532912e-05
6.206933e-07
5.7126292e-05
5.3675615e-07
5.6764345e-05
4.7306413e-07
5.6472546e-05
3.6293048e-07
5.6228454e-05
2.9315777e-07
5.6083065e-05
1.259202e-07
5.5994657e-05
4.6384712e-08
5.6068094e-05
-2.3248264e-07
5.6205334e-05
-3.1416797e-07
5.6629997e-05
-8.3882965e-07
5.7126218e-05
-8.9038367e-07
5.8145865e-05
-1.9310859e-06
5.924175e-05
-1.840581e-06
6.129664e-05
-4.0358234e-06
6.3452132e-05
-3.4965787e-06
6.7453634e-05
-8.4947209e-06
7.1164351e-05
-6.3082683e-06
7.9730634e-05
-1.9290216e-05
8.3366197e-05
-9.6227083e-06
-4.3837234e-05
9.7518484e-05
0.00010160729
2.0772784e-06
0.00010448552
5.7421234e-06
0.00010698134
8.0999874e-06
0.00010878932
9.1774022e-06
0.00010996237
9.5992578e-06
0.00011048834
9.6098223e-06
0.00011039153
9.2723884e-06
0.00010977409
8.6816244e-06
0.0001087709
7.9594558e-06
0.00010750452
7.2041037e-06
0.00010607322
6.4725255e-06
0.00010455483
5.7935414e-06
0.00010300924
5.1806425e-06
0.0001014799
4.6374582e-06
9.9995767e-05
4.1619793e-06
9.857462e-05
3.74789e-06
9.7226037e-05
3.3886188e-06
9.5954285e-05
3.0758516e-06
9.4759314e-05
2.8038137e-06
9.3639451e-05
2.5645535e-06
9.2590702e-05
2.3549652e-06
9.160986e-05
2.1670165e-06
9.0691699e-05
2.0011469e-06
8.9833843e-05
1.8473169e-06
8.903073e-05
1.7111234e-06
8.8282388e-05
1.5770298e-06
8.7582708e-05
1.4594433e-06
8.6935891e-05
1.3308942e-06
8.63342e-05
1.2223828e-06
8.578897e-05
1.0819849e-06
8.528864e-05
9.7339279e-07
8.4856422e-05
7.9514621e-07
8.447225e-05
6.7732849e-07
8.4179977e-05
4.1819271e-07
8.3940697e-05
2.8566437e-07
8.3838305e-05
-1.3009083e-07
8.3805085e-05
-2.8094749e-07
8.3997558e-05
-1.031301e-06
8.4276301e-05
-1.1691251e-06
8.4931921e-05
-2.5866994e-06
8.5665048e-05
-2.5737051e-06
8.7090521e-05
-5.4612821e-06
8.8396725e-05
-4.8027748e-06
9.104275e-05
-1.1140703e-05
9.2845406e-05
-8.1108843e-06
9.6291741e-05
-2.273649e-05
9.8368742e-05
-1.1699525e-05
-4.5556847e-05
0.00010008836
0.00010075216
1.3251148e-06
0.00010263042
3.8638675e-06
0.00010489575
5.8346597e-06
0.00010707661
6.9965333e-06
0.00010906279
7.6130847e-06
0.00011079248
7.8801321e-06
0.00011218983
7.8750344e-06
0.00011322256
7.6488907e-06
0.00011391099
7.2710287e-06
0.00011430232
6.8127778e-06
0.0001144477
6.3271368e-06
0.00011439479
5.8464516e-06
0.00011418684
5.3885959e-06
0.00011386141
4.9628836e-06
0.00011344938
4.5740095e-06
0.00011297543
4.2218422e-06
0.00011245867
3.9053833e-06
0.00011191411
3.6204046e-06
0.00011135291
3.3650164e-06
0.00011078407
3.1333928e-06
0.0001102138
2.9252351e-06
0.00010964779
2.7330246e-06
0.00010908919
2.5597409e-06
0.00010854221
2.3943007e-06
0.00010800793
2.245406e-06
0.00010749045
2.0945047e-06
0.00010698919
1.960707e-06
0.00010650956
1.8105148e-06
0.00010604918
1.6827632e-06
0.00010561663
1.5145386e-06
0.0001052069
1.3831163e-06
0.00010483445
1.1675947e-06
0.00010448993
1.0218457e-06
0.00010419902
7.0911049e-07
0.0001039443
5.4038213e-07
0.00010376098
5.3220937e-08
0.00010361788
-1.3784502e-07
0.00010361338
-1.0267922e-06
0.00010364622
-1.201966e-06
0.00010388919
-2.8296621e-06
0.00010414524
-2.8297429e-06
0.00010469008
-6.0061164e-06
0.00010519145
-5.3041268e-06
0.00010580701
-1.1756236e-05
0.00010646479
-8.7686148e-06
0.00010589559
-2.2167233e-05
0.00010640798
-1.2211813e-05
-4.0898292e-05
0.00010174948
0.00010041953
9.05585e-07
0.00010161074
2.6726529e-06
0.00010327269
4.1727149e-06
0.0001050729
5.1963173e-06
0.00010687723
5.8087581e-06
0.00010862498
6.1323849e-06
0.00011025518
6.2448353e-06
0.00011171546
6.1886061e-06
0.00011298159
6.0049018e-06
0.00011405491
5.7394526e-06
0.00011494957
5.4324729e-06
0.00011568427
5.1117506e-06
0.00011627834
4.7945261e-06
0.00011675077
4.4904612e-06
0.00011711916
4.2056154e-06
0.00011739914
3.941863e-06
0.00011760407
3.7004565e-06
0.00011774533
3.479139e-06
0.00011783248
3.2778629e-06
0.00011787372
3.0921606e-06
0.00011787586
2.92309e-06
0.00011784494
2.7639428e-06
0.00011778593
2.6187559e-06
0.00011770341
2.4768152e-06
0.00011760106
2.3477549e-06
0.00011748258
2.2129867e-06
0.0001173507
2.0925856e-06
0.00011720866
1.9525514e-06
0.0001170585
1.8329244e-06
0.00011690343
1.6696069e-06
0.0001167448
1.5417414e-06
0.00011658646
1.32594e-06
0.00011642866
1.1796473e-06
0.00011627687
8.6089952e-07
0.00011612973
6.8751602e-07
0.00011600269
1.8025944e-07
0.00011586375
1.0990149e-09
0.00011575505
-9.1808914e-07
0.00011565693
-1.1038411e-06
0.00011554193
-2.7146595e-06
0.00011546668
-2.7544903e-06
0.00011520549
-5.7449178e-06
0.00011509799
-5.1966108e-06
0.00011419866
-1.0856891e-05
0.00011386672
-8.4366379e-06
0.00011108932
-1.9389821e-05
0.00011009674
-1.1219215e-05
-3.3820416e-05
0.0001030189
0.00010027614
6.2944703e-07
0.00010108689
1.8619034e-06
0.00010230403
2.9555729e-06
0.00010372508
3.7752697e-06
0.0001052263
4.3075344e-06
0.00010674525
4.6134282e-06
0.00010823722
4.7528672e-06
0.0001096616
4.7642263e-06
0.00011098966
4.6768483e-06
0.0001122086
4.5205033e-06
0.00011331742
4.3236604e-06
0.00011432086
4.108302e-06
0.00011522604
3.8893536e-06
0.000116041
3.6755007e-06
0.00011677421
3.472401e-06
0.0001174338
3.2822697e-06
0.00011802734
3.1069163e-06
0.00011856142
2.9450668e-06
0.00011904202
2.7972534e-06
0.00011947414
2.6600489e-06
0.0001198625
2.5347291e-06
0.00012021072
2.415717e-06
0.00012052272
2.30676e-06
0.00012080091
2.1986235e-06
0.00012104874
2.0999199e-06
0.00012126742
1.9943091e-06
0.00012146032
1.8996906e-06
0.0001216271
1.7857685e-06
0.00012177154
1.6884856e-06
0.00012189106
1.5500873e-06
0.00012199056
1.4422421e-06
0.00012206367
1.252823e-06
0.00012211795
1.1253686e-06
0.0001221396
8.3925183e-07
0.00012214255
6.8456073e-07
0.00012209806
2.2475743e-07
0.00012204923
4.9924565e-08
0.00012189425
-7.6310577e-07
0.00012174468
-9.542713e-07
0.00012139037
-2.3603433e-06
0.00012108752
-2.4516336e-06
0.00012029911
-4.9565067e-06
0.0001197111
-4.6085914e-06
0.00011797611
-9.1219139e-06
0.0001168496
-7.3101243e-06
0.00011313111
-1.5671333e-05
0.00011118005
-9.2682368e-06
-2.6171965e-05
0.00010353161
0.00010020251
4.2694035e-07
0.00010080025
1.2641585e-06
0.00010173095
2.0248761e-06
0.00010287871
2.6275014e-06
0.00010414228
3.0439645e-06
0.00010545849
3.2972179e-06
0.00010678583
3.4255271e-06
0.00010809094
3.4591239e-06
0.00010934774
3.4200434e-06
0.0001105402
3.3280479e-06
0.00011166153
3.2023259e-06
0.00011271087
3.0589647e-06
0.00011369043
2.9097861e-06
0.00011460391
2.7620214e-06
0.0001154559
2.6204149e-06
0.00011625113
2.4870365e-06
0.00011699445
2.3635978e-06
0.00011769005
2.2494656e-06
0.00011834204
2.1452604e-06
0.00011895354
2.0485499e-06
0.0001195279
1.9603692e-06
0.0001200671
1.8765176e-06
0.000120574
1.7998617e-06
0.00012104934
1.7232782e-06
0.00012149585
1.6534136e-06
0.0001219127
1.5774623e-06
0.00012230293
1.509459e-06
0.00012266335
1.4253448e-06
0.00012299813
1.3537111e-06
0.0001233
1.2482166e-06
0.0001235758
1.166443e-06
0.00012381068
1.0179417e-06
0.00012401763
9.1841918e-07
0.00012416676
6.901223e-07
0.0001242859
5.6542016e-07
0.00012431579
1.9487251e-07
0.00012431973
4.5985342e-08
0.00012415327
-5.9664509e-07
0.00012396982
-7.7082211e-07
0.00012347483
-1.8653541e-06
0.00012300586
-1.9826606e-06
0.00012192603
-3.8766823e-06
0.00012100146
-3.6840214e-06
0.00011886916
-6.9896302e-06
0.00011726218
-5.7031661e-06
0.00011325475
-1.1663944e-05
0.00011093034
-6.943921e-06
-1.8842724e-05
0.00010360109
0.00010016099
2.6594865e-07
0.00010063695
7.8819916e-07
0.00010139308
1.2687481e-06
0.00010235915
1.6614327e-06
0.0001034586
1.9445096e-06
0.00010463206
2.1237559e-06
0.00010583767
2.2199195e-06
0.00010704388
2.2529128e-06
0.00010822616
2.2377606e-06
0.00010936733
2.1868755e-06
0.00011045761
2.1120537e-06
0.00011149288
2.0236869e-06
0.00011247278
1.9298925e-06
0.00011339891
1.8358891e-06
0.0001142742
1.7451284e-06
0.00011510201
1.6592251e-06
0.00011588611
1.579489e-06
0.00011662989
1.5056887e-06
0.00011733682
1.4383351e-06
0.00011800945
1.3759182e-06
0.00011865068
1.3191334e-06
0.00011926198
1.2652242e-06
0.00011984577
1.2160657e-06
0.00012040216
1.1668874e-06
0.00012093347
1.1221099e-06
0.00012143788
1.0730448e-06
0.00012191816
1.0291792e-06
0.00012236947
9.7403323e-07
0.00012279603
9.271536e-07
0.00012318763
8.566194e-07
0.00012355207
8.0200533e-07
0.00012386904
7.0097067e-07
0.00012415454
6.3291648e-07
0.00012436877
4.7589566e-07
0.00012454607
3.8812285e-07
0.00012460857
1.3237411e-07
0.00012463124
2.3320255e-08
0.00012444983
-4.1524528e-07
0.00012422733
-5.4832019e-07
0.0001236488
-1.2868198e-06
0.00012305751
-1.3913737e-06
0.00012182683
-2.6460116e-06
0.00012069259
-2.5497892e-06
0.00011839903
-4.6960961e-06
0.00011656418
-3.8683492e-06
0.00011257897
-7.6787797e-06
0.00011020355
-4.5686227e-06
-1.210564e-05
0.00010346647
0.00010013809
1.2786326e-07
0.0001005471
3.7918796e-07
0.00010120398
6.1186772e-07
0.00010206039
8.0501592e-07
0.0001030573
9.4760394e-07
0.00010414092
1.0401365e-06
0.0001052695
1.0913403e-06
0.00010641153
1.1108752e-06
0.00010754293
1.1063632e-06
0.00010864594
1.083866e-06
0.000109709
1.0489956e-06
0.00011072587
1.0068124e-06
0.00011169434
9.6142114e-07
0.00011261468
9.1555328e-07
0.00011348878
8.710303e-07
0.00011431926
8.2873897e-07
0.00011510936
7.8938683e-07
0.00011586213
7.5292356e-07
0.00011658083
7.1963565e-07
0.00011726793
6.8881243e-07
0.00011792626
6.6080121e-07
0.00011855724
6.3424853e-07
0.00011916323
6.1007361e-07
0.00011974422
5.8589947e-07
0.00012030241
5.6391761e-07
0.00012083569
5.397622e-07
0.00012134669
5.1818367e-07
0.00012182986
4.9085793e-07
0.00012228939
4.6763147e-07
0.00012271366
4.3234854e-07
0.00012311069
4.0497686e-07
0.00012345765
3.5400386e-07
0.00012377118
3.1938723e-07
0.00012400732
2.3975672e-07
0.00012420114
1.9431203e-07
0.00012426903
6.4485412e-08
0.00012428556
6.7839575e-09
0.00012408487
-2.1455681e-07
0.00012382309
-2.8653868e-07
0.00012319284
-6.5656948e-07
0.00012251846
-7.169929e-07
0.00012121155
-1.3391131e-06
0.00011996176
-1.3000178e-06
0.00011761868
-2.3530494e-06
0.00011569719
-1.9468931e-06
0.0001118195
-3.8011474e-06
0.00010950658
-2.2558064e-06
-5.9016522e-06
0.0001033026
0.00010012786
-1.8804419e-13
0.00010050705
-3.6739155e-13
0.00010111892
-4.7399e-13
0.00010192393
-5.6856109e-13
0.00010287154
-6.3641419e-13
0.00010391168
-6.698455e-13
0.00010500302
-6.7291045e-13
0.00010611389
-6.5339314e-13
0.00010722026
-6.1981628e-13
0.00010830412
-5.7932769e-13
0.00010935312
-5.3949421e-13
0.00011035993
-5.0456822e-13
0.00011132135
-4.7912122e-13
0.00011223691
-4.6160521e-13
0.00011310794
-4.5390877e-13
0.00011393667
-4.5018885e-13
0.00011472606
-4.5397933e-13
0.00011547899
-4.593827e-13
0.00011619862
-4.6968241e-13
0.00011688743
-4.8862265e-13
0.00011754823
-4.9621493e-13
0.00011818248
-5.4280195e-13
0.00011879256
-5.2285703e-13
0.00011937846
-6.0813252e-13
0.00011994237
-5.3890076e-13
0.00012048214
-6.2231356e-13
0.00012100032
-5.3890462e-13
0.00012149118
-5.0782731e-13
0.00012195881
-5.6496702e-13
0.00012239116
-3.3109464e-13
0.00012279614
-5.8203006e-13
0.00012315014
-1.0492975e-13
0.00012346953
-4.002429e-13
0.00012370929
4.694096e-13
0.0001239036
5.1339716e-13
0.00012396809
9.3646198e-13
0.00012397487
-6.4303816e-13
0.00012376031
-1.0431255e-12
0.00012347378
-2.5202394e-12
0.00012281721
-6.6956693e-13
0.00012210022
-1.5283853e-12
0.00012076109
-1.50917e-12
0.00011946106
-4.0567822e-12
0.00011710798
-6.26677e-12
0.00011516106
-8.9579604e-12
0.00011135987
-7.7133816e-12
0.00010910397
-6.723767e-12
-5.1178036e-12
0.00010320234
0.00010012786
-1.2786361e-07
0.00010050705
-3.7918868e-07
0.00010111892
-6.1186866e-07
0.00010192393
-8.0501705e-07
0.00010287154
-9.4760521e-07
0.00010391168
-1.0401378e-06
0.00010500302
-1.0913417e-06
0.00010611389
-1.1108765e-06
0.00010722026
-1.1063644e-06
0.00010830412
-1.0838672e-06
0.00010935312
-1.0489967e-06
0.00011035993
-1.0068135e-06
0.00011132135
-9.6142209e-07
0.00011223691
-9.1555421e-07
0.00011310794
-8.7103121e-07
0.00011393667
-8.2873988e-07
0.00011472606
-7.8938775e-07
0.00011547899
-7.5292449e-07
0.00011619862
-7.196366e-07
0.00011688743
-6.888134e-07
0.00011754823
-6.6080224e-07
0.00011818248
-6.3424955e-07
0.00011879256
-6.1007477e-07
0.00011937846
-5.8590053e-07
0.00011994237
-5.6391886e-07
0.00012048214
-5.3976331e-07
0.00012100032
-5.181848e-07
0.00012149118
-4.9085903e-07
0.00012195881
-4.6763236e-07
0.00012239116
-4.3234946e-07
0.00012279614
-4.0497756e-07
0.00012315014
-3.5400459e-07
0.00012346953
-3.1938763e-07
0.00012370929
-2.3975623e-07
0.0001239036
-1.9431041e-07
0.00012396809
-6.4484592e-08
0.00012397487
-6.7842709e-09
0.00012376031
2.1455422e-07
0.00012347378
2.8653614e-07
0.00012281721
6.5656739e-07
0.00012210022
7.1699093e-07
0.00012076109
1.3391099e-06
0.00011946106
1.3000101e-06
0.00011710798
2.3530368e-06
0.00011516106
1.9468773e-06
0.00011135987
3.8011293e-06
0.00010910397
2.2557871e-06
5.9016488e-06
0.00010320234
0.00010013809
-2.65949e-07
0.0001005471
-7.8819987e-07
0.00010120398
-1.2687491e-06
0.00010206039
-1.6614338e-06
0.0001030573
-1.9445108e-06
0.00010414092
-2.1237572e-06
0.0001052695
-2.2199208e-06
0.00010641153
-2.2529141e-06
0.00010754293
-2.2377618e-06
0.00010864594
-2.1868767e-06
0.000109709
-2.1120547e-06
0.00011072587
-2.0236879e-06
0.00011169434
-1.9298935e-06
0.00011261468
-1.8358901e-06
0.00011348878
-1.7451293e-06
0.00011431926
-1.659226e-06
0.00011510936
-1.5794899e-06
0.00011586213
-1.5056897e-06
0.00011658083
-1.4383361e-06
0.00011726793
-1.3759192e-06
0.00011792626
-1.3191344e-06
0.00011855724
-1.2652253e-06
0.00011916323
-1.2160667e-06
0.00011974422
-1.1668886e-06
0.00012030241
-1.122111e-06
0.00012083569
-1.073046e-06
0.00012134669
-1.0291803e-06
0.00012182986
-9.7403419e-07
0.00012228939
-9.2715468e-07
0.00012271366
-8.5662005e-07
0.00012311069
-8.0200615e-07
0.00012345765
-7.0097123e-07
0.00012377118
-6.3291695e-07
0.00012400733
-4.7589497e-07
0.00012420114
-3.8812305e-07
0.00012426903
-1.3237355e-07
0.00012428556
-2.3320654e-08
0.00012408487
4.1524587e-07
0.00012382309
5.4831869e-07
0.00012319284
1.2868189e-06
0.00012251845
1.3913707e-06
0.00012121154
2.6460077e-06
0.00011996176
2.5497829e-06
0.00011761868
4.696088e-06
0.00011569719
3.8683374e-06
0.00011181949
7.6787671e-06
0.00010950657
4.5686114e-06
1.2105623e-05
0.00010330261
0.00010016099
-4.2694067e-07
0.00010063695
-1.2641591e-06
0.00010139308
-2.024877e-06
0.00010235915
-2.6275025e-06
0.0001034586
-3.0439657e-06
0.00010463206
-3.2972191e-06
0.00010583767
-3.4255284e-06
0.00010704388
-3.4591251e-06
0.00010822616
-3.4200446e-06
0.00010936734
-3.328049e-06
0.00011045761
-3.2023269e-06
0.00011149288
-3.0589657e-06
0.00011247278
-2.9097871e-06
0.00011339891
-2.7620224e-06
0.0001142742
-2.6204158e-06
0.00011510201
-2.4870374e-06
0.00011588612
-2.3635987e-06
0.00011662989
-2.2494665e-06
0.00011733682
-2.1452614e-06
0.00011800945
-2.0485509e-06
0.00011865068
-1.9603703e-06
0.00011926198
-1.8765187e-06
0.00011984577
-1.7998628e-06
0.00012040216
-1.7232793e-06
0.00012093347
-1.6534148e-06
0.00012143788
-1.5774634e-06
0.00012191816
-1.5094601e-06
0.00012236948
-1.4253459e-06
0.00012279603
-1.3537119e-06
0.00012318763
-1.2482174e-06
0.00012355207
-1.1664438e-06
0.00012386904
-1.0179419e-06
0.00012415454
-9.1841892e-07
0.00012436877
-6.9012331e-07
0.00012454607
-5.6542098e-07
0.00012460857
-1.9487249e-07
0.00012463123
-4.5983299e-08
0.00012444983
5.9664658e-07
0.00012422733
7.7082317e-07
0.00012364879
1.8653525e-06
0.00012305751
1.9826582e-06
0.00012182682
3.8766802e-06
0.00012069258
3.6840203e-06
0.00011839902
6.9896286e-06
0.00011656417
5.703165e-06
0.00011257896
1.1663937e-05
0.00011020354
6.9439037e-06
1.8842703e-05
0.00010346647
0.00010020251
-6.2944734e-07
0.00010080025
-1.861904e-06
0.00010173095
-2.9555737e-06
0.00010287872
-3.7752707e-06
0.00010414228
-4.3075355e-06
0.00010545849
-4.6134294e-06
0.00010678583
-4.7528684e-06
0.00010809094
-4.7642275e-06
0.00010934774
-4.6768495e-06
0.0001105402
-4.5205043e-06
0.00011166153
-4.3236614e-06
0.00011271087
-4.1083029e-06
0.00011369043
-3.8893546e-06
0.00011460391
-3.6755016e-06
0.0001154559
-3.4724019e-06
0.00011625113
-3.2822706e-06
0.00011699445
-3.1069172e-06
0.00011769005
-2.9450677e-06
0.00011834204
-2.7972544e-06
0.00011895354
-2.6600499e-06
0.0001195279
-2.5347301e-06
0.0001200671
-2.4157181e-06
0.000120574
-2.3067611e-06
0.00012104934
-2.1986247e-06
0.00012149585
-2.099921e-06
0.0001219127
-1.9943102e-06
0.00012230293
-1.8996918e-06
0.00012266335
-1.7857695e-06
0.00012299813
-1.6884866e-06
0.0001233
-1.5500881e-06
0.0001235758
-1.4422425e-06
0.00012381068
-1.252823e-06
0.00012401763
-1.1253693e-06
0.00012416676
-8.3925223e-07
0.0001242859
-6.8456167e-07
0.00012431579
-2.2475717e-07
0.00012431973
-4.9923486e-08
0.00012415326
7.6310916e-07
0.00012396981
9.5427208e-07
0.00012347482
2.360343e-06
0.00012300585
2.4516324e-06
0.00012192602
4.9565069e-06
0.00012100145
4.6085952e-06
0.00011886914
9.121918e-06
0.00011726217
7.3101282e-06
0.00011325473
1.5671327e-05
0.00011093032
9.2682245e-06
2.6171946e-05
0.00010360109
0.00010027614
-9.0558526e-07
0.00010108689
-2.6726534e-06
0.00010230403
-4.1727156e-06
0.00010372508
-5.1963182e-06
0.0001052263
-5.8087591e-06
0.00010674526
-6.132386e-06
0.00010823722
-6.2448364e-06
0.0001096616
-6.1886072e-06
0.00011098966
-6.0049029e-06
0.0001122086
-5.7394536e-06
0.00011331742
-5.4324738e-06
0.00011432087
-5.1117516e-06
0.00011522604
-4.794527e-06
0.000116041
-4.4904621e-06
0.00011677421
-4.2056163e-06
0.0001174338
-3.9418639e-06
0.00011802734
-3.7004575e-06
0.00011856142
-3.4791399e-06
0.00011904203
-3.2778639e-06
0.00011947414
-3.0921617e-06
0.0001198625
-2.9230911e-06
0.00012021072
-2.7639439e-06
0.00012052272
-2.618757e-06
0.00012080091
-2.4768163e-06
0.00012104874
-2.347756e-06
0.00012126742
-2.2129878e-06
0.00012146032
-2.0925867e-06
0.0001216271
-1.9525525e-06
0.00012177154
-1.8329254e-06
0.00012189106
-1.6696078e-06
0.00012199056
-1.541742e-06
0.00012206367
-1.3259406e-06
0.00012211795
-1.1796476e-06
0.0001221396
-8.6090004e-07
0.00012214255
-6.8751632e-07
0.00012209806
-1.8026011e-07
0.00012204923
-1.0978689e-09
0.00012189425
9.1809026e-07
0.00012174468
1.1038437e-06
0.00012139036
2.7146622e-06
0.00012108751
2.7544932e-06
0.0001202991
5.7449215e-06
0.00011971108
5.196617e-06
0.0001179761
1.0856898e-05
0.00011684958
8.4366518e-06
0.00011313108
1.9389824e-05
0.00011118002
1.121923e-05
3.3820402e-05
0.0001035316
0.00010041953
-1.325115e-06
0.00010161074
-3.863868e-06
0.00010327269
-5.8346603e-06
0.0001050729
-6.9965341e-06
0.00010687723
-7.6130856e-06
0.00010862498
-7.880133e-06
0.00011025518
-7.8750354e-06
0.00011171546
-7.6488916e-06
0.00011298159
-7.2710296e-06
0.00011405491
-6.8127786e-06
0.00011494957
-6.3271376e-06
0.00011568428
-5.8464525e-06
0.00011627834
-5.3885967e-06
0.00011675077
-4.9628845e-06
0.00011711916
-4.5740104e-06
0.00011739914
-4.2218431e-06
0.00011760407
-3.9053842e-06
0.00011774533
-3.6204056e-06
0.00011783248
-3.3650174e-06
0.00011787371
-3.1333938e-06
0.00011787586
-2.9252361e-06
0.00011784494
-2.7330256e-06
0.00011778592
-2.5597419e-06
0.00011770341
-2.3943017e-06
0.00011760106
-2.245407e-06
0.00011748258
-2.0945057e-06
0.0001173507
-1.9607079e-06
0.00011720866
-1.8105158e-06
0.0001170585
-1.682764e-06
0.00011690343
-1.5145394e-06
0.0001167448
-1.3831171e-06
0.00011658646
-1.1675953e-06
0.00011642865
-1.0218458e-06
0.00011627686
-7.0911066e-07
0.00011612973
-5.4038256e-07
0.00011600269
-5.3221464e-08
0.00011586375
1.3784386e-07
0.00011575505
1.0267929e-06
0.00011565693
1.2019698e-06
0.00011554193
2.8296675e-06
0.00011546668
2.8297489e-06
0.00011520548
6.0061201e-06
0.00011509798
5.3041345e-06
0.00011419865
1.1756244e-05
0.00011386669
8.7686307e-06
0.0001110893
2.2167254e-05
0.00011009671
1.2211826e-05
4.0898306e-05
0.00010301889
0.00010075216
-2.0772785e-06
0.00010263042
-5.7421238e-06
0.00010489575
-8.0999879e-06
0.00010707661
-9.1774029e-06
0.00010906279
-9.5992585e-06
0.00011079248
-9.6098231e-06
0.00011218983
-9.2723892e-06
0.00011322256
-8.6816252e-06
0.00011391099
-7.9594566e-06
0.00011430232
-7.2041044e-06
0.0001144477
-6.4725262e-06
0.00011439479
-5.7935421e-06
0.00011418684
-5.1806432e-06
0.00011386141
-4.6374589e-06
0.00011344938
-4.16198e-06
0.00011297543
-3.7478908e-06
0.00011245867
-3.3886197e-06
0.00011191411
-3.0758525e-06
0.00011135291
-2.8038145e-06
0.00011078407
-2.5645543e-06
0.0001102138
-2.354966e-06
0.00010964779
-2.1670174e-06
0.00010908919
-2.0011477e-06
0.00010854221
-1.8473176e-06
0.00010800792
-1.7111241e-06
0.00010749045
-1.5770305e-06
0.00010698918
-1.4594439e-06
0.00010650956
-1.3308948e-06
0.00010604918
-1.2223835e-06
0.00010561662
-1.0819855e-06
0.0001052069
-9.7339323e-07
0.00010483445
-7.9514692e-07
0.00010448993
-6.7732905e-07
0.00010419901
-4.1819269e-07
0.00010394429
-2.8566482e-07
0.00010376098
1.3008941e-07
0.00010361788
2.8094697e-07
0.00010361337
1.0313015e-06
0.00010364622
1.1691276e-06
0.00010388918
2.5867029e-06
0.00010414523
2.573708e-06
0.00010469007
5.4612857e-06
0.00010519145
4.8027794e-06
0.000105807
1.1140711e-05
0.00010646479
8.110901e-06
0.00010589557
2.2736501e-05
0.00010640796
1.1699568e-05
4.5556887e-05
0.00010174948
0.00010160729
-3.684568e-06
0.00010448552
-8.6203505e-06
0.00010698134
-1.0595809e-05
0.00010878932
-1.0985391e-05
0.00010996237
-1.0772308e-05
0.00011048834
-1.013579e-05
0.00011039153
-9.1755836e-06
0.00010977409
-8.0641843e-06
0.0001087709
-6.9562681e-06
0.00010750452
-5.9377174e-06
0.00010607322
-5.0412313e-06
0.00010455483
-4.2751523e-06
0.00010300924
-3.6350563e-06
0.0001014799
-3.108119e-06
9.9995767e-05
-2.6778434e-06
9.8574619e-05
-2.3267439e-06
9.7226036e-05
-2.0400371e-06
9.5954284e-05
-1.804101e-06
9.4759313e-05
-1.6088442e-06
9.3639449e-05
-1.4446916e-06
9.25907e-05
-1.3062176e-06
9.1609858e-05
-1.1861757e-06
9.0691696e-05
-1.0829872e-06
8.983384e-05
-9.8946264e-07
8.9030726e-05
-9.0801105e-07
8.8282384e-05
-8.2868944e-07
8.7582704e-05
-7.597641e-07
8.6935887e-05
-6.8407919e-07
8.6334196e-05
-6.2069353e-07
8.5788966e-05
-5.3675657e-07
8.5288635e-05
-4.7306446e-07
8.4856417e-05
-3.6293098e-07
8.4472245e-05
-2.9315851e-07
8.4179972e-05
-1.2592085e-07
8.394069e-05
-4.6384835e-08
8.3838299e-05
2.3248248e-07
8.3805078e-05
3.1416786e-07
8.3997552e-05
8.3883002e-07
8.4276296e-05
8.9038432e-07
8.4931916e-05
1.9310868e-06
8.5665044e-05
1.8405831e-06
8.7090518e-05
4.035825e-06
8.8396723e-05
3.4965855e-06
9.1042748e-05
8.4947268e-06
9.2845398e-05
6.3082839e-06
9.6291733e-05
1.9290247e-05
9.8368733e-05
9.622747e-06
4.3837286e-05
0.00010008836
0.00010311327
-6.7978389e-06
0.00010499149
-1.0498567e-05
0.00010466802
-1.0272342e-05
0.00010304668
-9.3640542e-06
0.00010050643
-8.2320586e-06
9.7288679e-05
-6.9180357e-06
9.3691616e-05
-5.5785209e-06
8.9988937e-05
-4.3615055e-06
8.6379123e-05
-3.3464551e-06
8.2987617e-05
-2.5462118e-06
7.9879744e-05
-1.9333583e-06
7.7083457e-05
-1.4788662e-06
7.4598476e-05
-1.1500758e-06
7.2405813e-05
-9.1545614e-07
7.0476371e-05
-7.4840225e-07
6.8777833e-05
-6.2820649e-07
6.7277891e-05
-5.4009522e-07
6.594726e-05
-4.7347075e-07
6.4759989e-05
-4.2157357e-07
6.3694677e-05
-3.7938007e-07
6.2732868e-05
-3.4440887e-07
6.1860598e-05
-3.1390685e-07
6.1065202e-05
-2.8759171e-07
6.0338699e-05
-2.6295991e-07
5.9672072e-05
-2.4138495e-07
5.9062517e-05
-2.1913457e-07
5.8502675e-05
-1.9992319e-07
5.799544e-05
-1.768442e-07
5.7532909e-05
-1.5816331e-07
5.7126288e-05
-1.3013659e-07
5.6764341e-05
-1.1111843e-07
5.6472542e-05
-7.1133026e-08
5.622845e-05
-4.9066964e-08
5.6083061e-05
1.9468584e-08
5.5994652e-05
4.202424e-08
5.6068089e-05
1.5904699e-07
5.6205328e-05
1.7692957e-07
5.6629992e-05
4.1416714e-07
5.7126213e-05
3.9416507e-07
5.8145861e-05
9.1144226e-07
5.9241746e-05
7.4470007e-07
6.129664e-05
1.9809423e-06
6.3452134e-05
1.3411016e-06
6.7453637e-05
4.4932546e-06
7.116436e-05
2.5976094e-06
7.9730643e-05
1.0724002e-05
8.336621e-05
5.9873054e-06
2.9684893e-05
9.7518499e-05
9.3202161e-05
8.2703594e-05
7.2431252e-05
6.3067198e-05
5.4835139e-05
4.7917103e-05
4.2338582e-05
3.7977076e-05
3.4630621e-05
3.2084409e-05
3.0151051e-05
2.8672184e-05
2.7522108e-05
2.6606652e-05
2.5858249e-05
2.5230043e-05
2.4689947e-05
2.4216476e-05
2.3794902e-05
2.3415522e-05
2.3071113e-05
2.2757206e-05
2.2469614e-05
2.2206653e-05
2.1965268e-05
2.1746133e-05
2.154621e-05
2.1369365e-05
2.1211202e-05
2.1081065e-05
2.0969946e-05
2.0898813e-05
2.0849746e-05
2.0869214e-05
2.0911239e-05
2.1070286e-05
2.1247216e-05
2.1661383e-05
2.2055549e-05
2.2966991e-05
2.3711692e-05
2.5692637e-05
2.7033743e-05
3.1527015e-05
3.4124619e-05
4.4848654e-05
5.083594e-05
8.0520718e-05
8.939151e-05
-8.8708378e-06
9.1813937e-05
-2.4223824e-06
9.2394908e-05
-5.8092455e-07
9.2482081e-05
-8.7141377e-08
2.1085823e-06
9.0373512e-05
9.8059636e-05
-9.4122347e-06
9.8315818e-05
-2.6785585e-06
9.8527297e-05
-7.9236136e-07
9.8452064e-05
-1.1886343e-08
1.0468453e-06
9.9513812e-05
9.952523e-05
-8.8493977e-06
9.9392227e-05
-2.5455823e-06
9.9491955e-05
-8.9205805e-07
9.9587768e-05
-1.0768951e-07
4.1141695e-07
0.0001002232
0.00010067387
-7.7739455e-06
0.00010033859
-2.210325e-06
0.00010028
-8.3345264e-07
0.00010034859
-1.7627804e-07
2.0330246e-07
0.00010055671
0.00010150038
-6.2554322e-06
0.00010102415
-1.7341015e-06
0.000100869
-6.783014e-07
0.00010087304
-1.8031426e-07
1.1949871e-07
0.00010095684
0.00010196219
-4.6859196e-06
0.00010148078
-1.2526835e-06
0.00010129839
-4.9592903e-07
0.0001012637
-1.4561524e-07
7.9235789e-08
0.00010130396
0.00010217287
-3.2575566e-06
0.00010175411
-8.3392806e-07
0.00010158681
-3.2864001e-07
0.00010154101
-9.9804983e-08
5.4283274e-08
0.00010156595
0.00010223843
-2.0293641e-06
0.00010190245
-4.9795986e-07
0.00010176725
-1.9346403e-07
0.00010172604
-5.8585782e-08
3.4960622e-08
0.00010174535
0.00010224233
-9.6894906e-07
0.00010197473
-2.3037398e-07
0.00010186941
-8.8165007e-08
0.00010183708
-2.6251981e-08
1.7340254e-08
0.00010185468
0.00010223352
-2.2528938e-12
0.00010200314
-1.2505197e-12
0.00010191495
1.2334118e-13
0.0001018887
6.4627232e-13
9.5745279e-13
0.00010190602
0.00010223352
9.6894387e-07
0.00010200314
2.3037141e-07
0.00010191495
8.8164853e-08
0.0001018887
2.6253226e-08
-1.7338748e-08
0.00010190602
0.00010224233
2.0293576e-06
0.00010197474
4.9795816e-07
0.00010186941
1.9346464e-07
0.00010183708
5.8585886e-08
-3.4959974e-08
0.00010185468
0.00010223843
3.2575523e-06
0.00010190246
8.3392703e-07
0.00010176726
3.286387e-07
0.00010172604
9.9802826e-08
-5.4284185e-08
0.00010174536
0.00010217288
4.6859153e-06
0.00010175412
1.2526846e-06
0.00010158681
4.9592924e-07
0.00010154101
1.4561212e-07
-7.9237927e-08
0.00010156596
0.0001019622
6.2554337e-06
0.00010148078
1.7341054e-06
0.00010129839
6.7830386e-07
0.00010126371
1.8031441e-07
-1.1949883e-07
0.00010130397
0.00010150039
7.7739514e-06
0.00010102415
2.2103297e-06
0.000100869
8.3345745e-07
0.00010087305
1.7628346e-07
-2.0329922e-07
0.00010095685
0.00010067388
8.8494016e-06
0.00010033859
2.5455857e-06
0.00010027999
8.920655e-07
0.00010034859
1.0770004e-07
-4.1141097e-07
0.00010055671
9.9525241e-05
9.4122375e-06
9.9392233e-05
2.6785575e-06
9.9491953e-05
7.9236705e-07
9.9587763e-05
1.1898094e-08
-1.0468391e-06
0.0001002232
9.8059653e-05
8.8708328e-06
9.8315832e-05
2.4223796e-06
9.8527299e-05
5.8092765e-07
9.8452055e-05
8.7148366e-08
-2.1085787e-06
9.9513804e-05
8.9391533e-05
9.1813959e-05
9.2394913e-05
9.248207e-05
9.03735e-05
7.9175416e-05
1.1198099e-05
6.7412559e-05
1.1762861e-05
5.7904809e-05
9.5077503e-06
5.108853e-05
6.8162769e-06
4.5625192e-05
5.4633344e-06
4.0911284e-05
4.7139079e-06
3.6962761e-05
3.9485232e-06
3.3861086e-05
3.1016758e-06
3.1509679e-05
2.3514075e-06
2.9739374e-05
1.7703052e-06
2.8381303e-05
1.3580711e-06
2.7308621e-05
1.0726819e-06
2.643782e-05
8.70801e-07
2.5714135e-05
7.2368563e-07
2.5099598e-05
6.1453807e-07
2.456703e-05
5.3256837e-07
2.4097153e-05
4.6987664e-07
2.3676546e-05
4.206076e-07
2.3295871e-05
3.8067551e-07
2.2948469e-05
3.4740195e-07
2.2629386e-05
3.1908307e-07
2.233477e-05
2.9461597e-07
2.2061521e-05
2.7324788e-07
2.1807092e-05
2.5442877e-07
2.1569352e-05
2.3773881e-07
2.1346507e-05
2.2284383e-07
2.1137027e-05
2.0947808e-07
2.0939605e-05
1.9741956e-07
2.0753111e-05
1.8649129e-07
2.0576571e-05
1.7653683e-07
2.0409131e-05
1.6743687e-07
2.0250051e-05
1.5907581e-07
2.009867e-05
1.5137646e-07
1.9954415e-05
1.4424939e-07
1.9816761e-05
1.3764837e-07
1.9685251e-05
1.3150369e-07
1.9559459e-05
1.2578546e-07
1.9438995e-05
1.2045565e-07
1.9323525e-05
1.1546228e-07
1.9212649e-05
1.1086616e-07
1.9106169e-05
1.0647043e-07
1.9003485e-05
1.0267295e-07
1.8904732e-05
9.8740917e-08
1.880852e-05
9.6201054e-08
1.8715976e-05
9.2533403e-08
1.8622933e-05
9.3036805e-08
1.8534116e-05
8.880882e-08
1.0241297e-07
0.00010277762
7.9342953e-06
0.00010360458
1.0935901e-05
0.0001018936
1.1218737e-05
9.8701959e-05
1.0007919e-05
9.5292406e-05
8.8728845e-06
9.189924e-05
8.1070708e-06
8.8452523e-05
7.3952387e-06
8.5024066e-05
6.5301337e-06
8.1781896e-05
5.5935772e-06
7.8823052e-05
4.7291501e-06
7.617169e-05
4.009433e-06
7.3814187e-05
3.4301854e-06
7.1725694e-05
2.9592945e-06
6.9879067e-05
2.5703125e-06
6.8245797e-05
2.2478095e-06
6.6797186e-05
1.9811794e-06
6.5506313e-05
1.7607501e-06
6.4349349e-05
1.5775721e-06
6.330604e-05
1.4239855e-06
6.2359524e-05
1.2939176e-06
6.149587e-05
1.1827364e-06
6.070358e-05
1.0869056e-06
5.997315e-05
1.0036772e-06
5.9296709e-05
9.3086823e-07
5.8667713e-05
8.6673406e-07
5.8080694e-05
8.0986097e-07
5.7531053e-05
7.5911651e-07
5.7014905e-05
7.1356447e-07
5.6528933e-05
6.7246023e-07
5.6070306e-05
6.3515975e-07
5.5636569e-05
6.0116933e-07
5.5225618e-05
5.7002144e-07
5.4835589e-05
5.4139871e-07
5.4464897e-05
5.149349e-07
5.4112088e-05
4.9044863e-07
5.377596e-05
4.676232e-07
5.3455344e-05
4.4639107e-07
5.314933e-05
4.2645845e-07
5.2856937e-05
4.0784373e-07
5.2577483e-05
3.903062e-07
5.2310078e-05
3.7386137e-07
5.2054231e-05
3.5850342e-07
5.180898e-05
3.4397346e-07
5.1574112e-05
3.3105114e-07
5.1348067e-05
3.1856282e-07
5.1131812e-05
3.0928242e-07
5.0920181e-05
3.0043912e-07
2.9701039e-07
0.00010339803
4.7594715e-06
0.00010666862
7.6653116e-06
0.00010883032
9.0570481e-06
0.00010967079
9.1674554e-06
0.00010973419
8.8094818e-06
0.0001094162
8.4250527e-06
0.00010878177
8.0296682e-06
0.00010781089
7.5010169e-06
0.0001065659
6.8385602e-06
0.00010515273
6.142328e-06
0.00010366481
5.4973513e-06
0.00010216299
4.9320019e-06
0.00010068293
4.4393553e-06
9.9247216e-05
4.0060311e-06
9.7871138e-05
3.6238879e-06
9.6563837e-05
3.2884813e-06
9.5329065e-05
2.9955225e-06
9.416678e-05
2.7398572e-06
9.3074663e-05
2.5161032e-06
9.2049171e-05
2.3194098e-06
9.1086163e-05
2.145744e-06
9.0181273e-05
1.991795e-06
8.9330141e-05
1.8548091e-06
8.852857e-05
1.7324376e-06
8.7772613e-05
1.6226886e-06
8.7058628e-05
1.5238439e-06
8.638327e-05
1.4344713e-06
8.5743516e-05
1.3533149e-06
8.5136607e-05
1.2793653e-06
8.4560085e-05
1.211676e-06
8.4011694e-05
1.1495545e-06
8.3489469e-05
1.0922396e-06
8.2991552e-05
1.0393082e-06
8.2516407e-05
9.900702e-07
8.2062467e-05
9.443785e-07
8.1628595e-05
9.0148273e-07
8.1213382e-05
8.6159123e-07
8.0816122e-05
8.2370346e-07
8.0435362e-05
7.8858707e-07
8.0070985e-05
7.5466416e-07
7.972111e-05
7.2371549e-07
7.9386666e-05
6.9292351e-07
7.9064481e-05
6.6613213e-07
7.8757765e-05
6.3773816e-07
7.8460063e-05
6.1623905e-07
7.8180016e-05
5.8930735e-07
7.7904169e-05
5.7628957e-07
5.4808191e-07
0.00010230918
3.0069975e-06
0.00010470958
5.2649145e-06
0.00010714868
6.6179516e-06
0.00010911666
7.1994783e-06
0.00011059883
7.3273105e-06
0.00011176753
7.2563552e-06
0.00011269846
7.098735e-06
0.00011335983
6.839649e-06
0.00011373205
6.4663421e-06
0.00011385087
6.0235103e-06
0.00011377615
5.5720669e-06
0.00011356002
5.1481406e-06
0.00011323858
4.7607944e-06
0.00011283742
4.4071867e-06
0.00011237731
4.084004e-06
0.00011187579
3.7899967e-06
0.00011134703
3.5242846e-06
0.00011080185
3.2850443e-06
0.00011024833
3.0696215e-06
0.00010969256
2.875182e-06
0.00010913913
2.6991744e-06
0.00010859151
2.5394124e-06
0.00010805228
2.3940344e-06
0.00010752334
2.2613835e-06
0.000107006
2.1400225e-06
0.0001065012
2.0286373e-06
0.00010600953
1.9261433e-06
0.00010553134
1.8314996e-06
0.00010506677
1.743935e-06
0.00010461586
1.6625788e-06
0.00010417846
1.5869477e-06
0.00010375448
1.5162135e-06
0.00010334356
1.4502221e-06
0.0001029456
1.3880145e-06
0.00010256006
1.3299113e-06
0.000102187
1.2745348e-06
0.00010182555
1.2230192e-06
0.0001014762
1.1730367e-06
0.00010113752
1.1272503e-06
0.00010081082
1.0813506e-06
0.00010049352
1.040992e-06
0.00010018859
9.9783136e-07
9.9891228e-05
9.6346172e-07
9.9607505e-05
9.2143194e-07
9.9328731e-05
8.9498356e-07
9.9066171e-05
8.5184463e-07
9.8805642e-05
8.368251e-07
7.9039813e-07
0.00010194657
2.017272e-06
0.00010353652
3.6749605e-06
0.00010537947
4.775006e-06
0.00010716862
5.4103262e-06
0.00010878767
5.7082593e-06
0.00011025304
5.7909849e-06
0.0001115972
5.7545739e-06
0.0001128039
5.6329537e-06
0.00011383994
5.4303094e-06
0.00011469759
5.1658591e-06
0.00011539613
4.8735274e-06
0.00011596196
4.5823079e-06
0.00011641632
4.3064423e-06
0.0001167745
4.0490084e-06
0.000117049
3.8094983e-06
0.00011725139
3.5876147e-06
0.00011739225
3.3834174e-06
0.00011748083
3.1964702e-06
0.00011752485
3.025602e-06
0.00011753081
2.8692227e-06
0.00011750424
2.725741e-06
0.00011744994
2.5937187e-06
0.00011737204
2.4719348e-06
0.00011727415
2.3592726e-06
0.00011715938
2.2547892e-06
0.00011703045
2.1575599e-06
0.00011688971
2.0668873e-06
0.00011673922
1.9819873e-06
0.00011658073
1.9024234e-06
0.00011641585
1.8274546e-06
0.00011624584
1.7569462e-06
0.00011607202
1.6900343e-06
0.00011589521
1.6270229e-06
0.00011571656
1.5666526e-06
0.00011553649
1.5099773e-06
0.00011535616
1.4548517e-06
0.00011517546
1.4037147e-06
0.00011499585
1.352626e-06
0.00011481645
1.3066361e-06
0.00011463945
1.2583337e-06
0.00011446277
1.21766e-06
0.00011428987
1.1707044e-06
0.00011411696
1.1363513e-06
0.00011394941
1.0889657e-06
0.00011378131
1.0630582e-06
0.00011362003
1.0131069e-06
0.00011345802
9.9884212e-07
9.4594466e-07
0.00010194032
1.380907e-06
0.00010304968
2.5656059e-06
0.00010440756
3.4171244e-06
0.00010584689
3.9709882e-06
0.00010726843
4.2867221e-06
0.0001086376
4.4218153e-06
0.00010995293
4.4392473e-06
0.00011120456
4.3813209e-06
0.00011236968
4.2651933e-06
0.00011343233
4.1032089e-06
0.00011439237
3.9134849e-06
0.00011525931
3.7153693e-06
0.0001160437
3.522059e-06
0.00011675356
3.339151e-06
0.00011739518
3.1678767e-06
0.00011797446
3.0083376e-06
0.00011849724
2.8606343e-06
0.00011896904
2.72467e-06
0.00011939476
2.599889e-06
0.00011977865
2.4853298e-06
0.00012012448
2.3799123e-06
0.00012043562
2.2825813e-06
0.00012071511
2.192442e-06
0.00012096573
2.1086513e-06
0.00012118998
2.0305387e-06
0.00012139015
1.9573887e-06
0.0001215683
1.8887387e-06
0.00012172634
1.8239421e-06
0.00012186597
1.7627886e-06
0.00012198883
1.7045936e-06
0.00012209629
1.649487e-06
0.00012218977
1.5965447e-06
0.00012227035
1.5464399e-06
0.00012233934
1.4976622e-06
0.00012239746
1.4518453e-06
0.00012244603
1.4062776e-06
0.00012248539
1.3643456e-06
0.00012251696
1.3210497e-06
0.00012254063
1.282953e-06
0.00012255806
1.2408973e-06
0.00012256864
1.2070586e-06
0.00012257431
1.1650287e-06
0.00012257413
1.1365158e-06
0.00012256998
1.0930989e-06
0.00012256127
1.071752e-06
0.00012254876
1.0256101e-06
0.00012253363
1.0139726e-06
9.6584749e-07
0.00010202011
9.2673438e-07
0.00010284374
1.7419845e-06
0.0001038994
2.3614535e-06
0.00010507949
2.7908946e-06
0.00010630796
3.0582583e-06
0.0001075378
3.1919759e-06
0.00010874774
3.2293103e-06
0.00010992492
3.2041412e-06
0.00011105422
3.1358959e-06
0.00011212234
3.0350902e-06
0.00011312368
2.9121456e-06
0.00011406001
2.7790339e-06
0.00011493626
2.6458091e-06
0.0001157572
2.5182128e-06
0.00011652674
2.3983455e-06
0.00011724842
2.2866555e-06
0.00011792582
2.1832312e-06
0.00011856245
2.0880427e-06
0.00011916153
2.0008134e-06
0.0001197259
1.9209548e-06
0.00012025808
1.8477318e-06
0.0001207603
1.78036e-06
0.00012123458
1.7181646e-06
0.00012168275
1.6604846e-06
0.00012210646
1.6068217e-06
0.00012250725
1.5565999e-06
0.00012288649
1.5094969e-06
0.00012324547
1.4649622e-06
0.00012358535
1.4229051e-06
0.00012390725
1.3826988e-06
0.00012421214
1.3445895e-06
0.00012450101
1.307675e-06
0.00012477469
1.2727534e-06
0.00012503404
1.2383034e-06
0.00012527979
1.2060896e-06
0.00012551268
1.1733823e-06
0.00012573337
1.1436559e-06
0.00012594243
1.1119819e-06
0.00012614057
1.084804e-06
0.00012632807
1.0533907e-06
0.00012650595
1.0291694e-06
0.00012667383
9.9714446e-07
0.00012683361
9.7672372e-07
0.00012698352
9.4318458e-07
0.00012712736
9.2790073e-07
0.00012726069
8.9227286e-07
0.00012739076
8.8390934e-07
8.4726003e-07
0.0001020983
5.737772e-07
0.00010275415
1.0861325e-06
0.000103627
1.4885931e-06
0.00010463985
1.7780445e-06
0.00010573104
1.9670654e-06
0.00010685333
2.0696924e-06
0.00010797662
2.1060266e-06
0.00010908297
2.0977845e-06
0.00011015891
2.0599534e-06
0.0001111933
2.000701e-06
0.00011217922
1.9262347e-06
0.00011311481
1.8434433e-06
0.00011400176
1.7588626e-06
0.00011484305
1.6769197e-06
0.00011564175
1.5996417e-06
0.0001164008
1.5276123e-06
0.00011712309
1.4609441e-06
0.00011781149
1.3996376e-06
0.00011846873
1.3435706e-06
0.00011909727
1.2924197e-06
0.00011969926
1.2457386e-06
0.00012027662
1.2030088e-06
0.000120831
1.1637758e-06
0.00012136391
1.1275762e-06
0.00012187666
1.0940729e-06
0.00012237041
1.0628507e-06
0.0001228462
1.0337e-06
0.00012330496
1.0062067e-06
0.00012374752
9.8033746e-07
0.00012417462
9.5560179e-07
0.00012458697
9.3223338e-07
0.00012498513
9.0951062e-07
0.00012536978
8.8810654e-07
0.00012574127
8.6680404e-07
0.00012610033
8.4703227e-07
0.00012644707
8.2663928e-07
0.00012678236
8.0835442e-07
0.00012710596
7.8838141e-07
0.00012741913
7.7162997e-07
0.00012772095
7.515653e-07
0.0001280135
7.3661446e-07
0.00012829472
7.1591866e-07
0.00012856814
7.0329652e-07
0.00012882983
6.8148878e-07
0.00012908571
6.720131e-07
0.00012932902
6.4896624e-07
0.0001295692
6.4372031e-07
6.203373e-07
0.00010215333
2.7511582e-07
0.00010271684
5.2262409e-07
0.00010348506
7.2036435e-07
0.00010439773
8.6537038e-07
0.00010540228
9.6251549e-07
0.00010645441
1.0175652e-06
0.00010752124
1.0391964e-06
0.0001085813
1.0377294e-06
0.00010962022
1.0210276e-06
0.00011062736
9.9356233e-07
0.00011159524
9.5835296e-07
0.00011252013
9.1855844e-07
0.00011340164
8.7735543e-07
0.00011424146
8.3710131e-07
0.0001150421
7.9900252e-07
0.00011580625
7.6345801e-07
0.00011653664
7.3055354e-07
0.00011723598
7.0029933e-07
0.0001179069
6.7265488e-07
0.00011855184
6.4748256e-07
0.000119173
6.2457713e-07
0.00011977232
6.0368389e-07
0.00012035152
5.8457646e-07
0.00012091208
5.6701694e-07
0.00012145532
5.5083609e-07
0.00012198235
5.3581649e-07
0.00012249419
5.2185479e-07
0.00012299167
5.0872857e-07
0.00012347558
4.9642875e-07
0.00012394649
4.8468637e-07
0.00012440508
4.73638e-07
0.00012485171
4.6288541e-07
0.000125287
4.5280457e-07
0.00012571108
4.4272748e-07
0.00012612467
4.3343689e-07
0.00012652754
4.2376647e-07
0.0001269207
4.1518517e-07
0.00012730341
4.056691e-07
0.00012767722
3.9781208e-07
0.00012804059
3.8819588e-07
0.00012839601
3.811837e-07
0.00012874071
3.7121438e-07
0.00012907872
3.6528858e-07
0.00012940543
3.5476937e-07
0.00012972714
3.5030567e-07
0.00013003685
3.3925439e-07
0.00013034381
3.3675398e-07
3.2567223e-07
0.00010218112
1.3085269e-12
0.00010270374
6.0774289e-13
0.00010342409
8.7900195e-15
0.00010428946
-2.7652992e-13
0.00010525198
-4.999901e-13
0.00010626955
-8.2151558e-13
0.00010730875
-1.2441397e-12
0.00010834648
-1.6160284e-12
0.00010936751
-1.8428407e-12
0.00011036107
-1.8763725e-12
0.00011131943
-1.7518818e-12
0.00011223799
-1.5405711e-12
0.00011311535
-1.3234362e-12
0.00011395245
-1.1537674e-12
0.00011475145
-1.0541651e-12
0.00011551491
-1.0166009e-12
0.00011624547
-1.0161584e-12
0.00011694577
-1.0199107e-12
0.00011761842
-9.9425845e-13
0.00011826591
-9.1589879e-13
0.00011889049
-7.6805963e-13
0.00011949417
-5.5850368e-13
0.00012007875
-2.939238e-13
0.00012064576
-1.3729432e-14
0.0001211966
2.6614569e-13
0.00012173241
4.9705305e-13
0.00012225427
6.8883138e-13
0.00012276299
7.9093404e-13
0.00012325942
8.5162918e-13
0.0001237441
8.1644477e-13
0.00012421774
7.8726749e-13
0.00012468062
6.6472133e-13
0.00012513342
6.0316909e-13
0.00012557614
4.5905195e-13
0.00012600957
4.54047e-13
0.00012643334
2.7982552e-13
0.00012684852
4.5057039e-13
0.00012725418
2.4474788e-13
0.00012765199
5.9420591e-13
0.00012804018
5.524789e-13
0.00012842136
8.8000294e-13
0.00012879257
1.2791616e-12
0.00012915785
1.8425582e-12
0.00012951261
2.7328928e-12
0.00012986291
3.5971549e-12
0.00013020216
4.3356116e-12
0.0001305389
5.2554348e-12
5.5416828e-12
0.00010218112
-2.7511372e-07
0.00010270374
-5.2262319e-07
0.00010342409
-7.2036439e-07
0.00010428946
-8.6537072e-07
0.00010525198
-9.6251616e-07
0.00010626955
-1.0175666e-06
0.00010730875
-1.0391988e-06
0.00010834648
-1.0377326e-06
0.00010936751
-1.0210312e-06
0.00011036107
-9.9356605e-07
0.00011131943
-9.5835641e-07
0.00011223799
-9.1856145e-07
0.00011311535
-8.7735799e-07
0.00011395245
-8.3710354e-07
0.00011475145
-7.9900454e-07
0.00011551491
-7.6345994e-07
0.00011624547
-7.3055547e-07
0.00011694577
-7.0030126e-07
0.00011761842
-6.7265679e-07
0.00011826591
-6.4748434e-07
0.00011889049
-6.2457865e-07
0.00011949417
-6.0368501e-07
0.00012007875
-5.8457709e-07
0.00012064576
-5.6701703e-07
0.0001211966
-5.5083566e-07
0.00012173241
-5.3581557e-07
0.00012225427
-5.2185353e-07
0.00012276299
-5.0872707e-07
0.00012325942
-4.9642719e-07
0.0001237441
-4.846848e-07
0.00012421774
-4.736366e-07
0.00012468062
-4.6288412e-07
0.00012513342
-4.5280355e-07
0.00012557614
-4.4272656e-07
0.00012600957
-4.3343624e-07
0.00012643334
-4.2376579e-07
0.00012684852
-4.1518467e-07
0.00012725418
-4.056684e-07
0.00012765199
-3.978113e-07
0.00012804018
-3.8819474e-07
0.00012842136
-3.8118199e-07
0.00012879257
-3.7121186e-07
0.00012915785
-3.6528464e-07
0.00012951261
-3.5476398e-07
0.00012986292
-3.5029797e-07
0.00013020216
-3.3924488e-07
0.0001305389
-3.3674428e-07
-3.2566118e-07
0.00010215333
-5.737753e-07
0.00010271684
-1.0861315e-06
0.00010348506
-1.4885931e-06
0.00010439773
-1.778045e-06
0.00010540228
-1.9670664e-06
0.00010645441
-2.069694e-06
0.00010752124
-2.1060289e-06
0.0001085813
-2.0977874e-06
0.00010962022
-2.0599567e-06
0.00011062736
-2.0007043e-06
0.00011159524
-1.9262378e-06
0.00011252013
-1.8434461e-06
0.00011340164
-1.758865e-06
0.00011424146
-1.6769217e-06
0.0001150421
-1.5996435e-06
0.00011580625
-1.527614e-06
0.00011653664
-1.4609457e-06
0.00011723598
-1.3996393e-06
0.0001179069
-1.3435723e-06
0.00011855183
-1.2924213e-06
0.00011917299
-1.2457401e-06
0.00011977232
-1.20301e-06
0.00012035152
-1.1637766e-06
0.00012091208
-1.1275765e-06
0.00012145531
-1.0940727e-06
0.00012198235
-1.0628501e-06
0.00012249419
-1.033699e-06
0.00012299167
-1.0062055e-06
0.00012347558
-9.8033622e-07
0.00012394649
-9.5560063e-07
0.00012440508
-9.3223231e-07
0.00012485171
-9.0950979e-07
0.000125287
-8.8810586e-07
0.00012571108
-8.6680367e-07
0.00012612467
-8.4703196e-07
0.00012652754
-8.2663925e-07
0.0001269207
-8.0835427e-07
0.00012730341
-7.883814e-07
0.00012767722
-7.7162962e-07
0.00012804059
-7.515647e-07
0.00012839602
-7.3661318e-07
0.00012874072
-7.1591651e-07
0.00012907872
-7.0329298e-07
0.00012940544
-6.8148362e-07
0.00012972714
-6.7200601e-07
0.00013003685
-6.4895775e-07
0.00013034381
-6.4370971e-07
-6.2032657e-07
0.0001020983
-9.2673389e-07
0.00010275415
-1.7419844e-06
0.000103627
-2.361454e-06
0.00010463985
-2.7908954e-06
0.00010573104
-3.0582593e-06
0.00010685333
-3.1919773e-06
0.00010797662
-3.2293121e-06
0.00010908297
-3.2041435e-06
0.00011015891
-3.1358985e-06
0.0001111933
-3.0350929e-06
0.00011217921
-2.9121481e-06
0.00011311481
-2.7790361e-06
0.00011400175
-2.645811e-06
0.00011484305
-2.5182145e-06
0.00011564175
-2.3983469e-06
0.00011640079
-2.2866568e-06
0.00011712308
-2.1832325e-06
0.00011781149
-2.0880441e-06
0.00011846873
-2.0008149e-06
0.00011909727
-1.9209563e-06
0.00011969926
-1.8477333e-06
0.00012027661
-1.7803613e-06
0.000120831
-1.7181656e-06
0.00012136391
-1.6604853e-06
0.00012187666
-1.6068219e-06
0.00012237041
-1.5565997e-06
0.0001228462
-1.5094965e-06
0.00012330496
-1.4649615e-06
0.00012374752
-1.4229044e-06
0.00012417462
-1.3826981e-06
0.00012458697
-1.344589e-06
0.00012498513
-1.3076747e-06
0.00012536978
-1.2727535e-06
0.00012574127
-1.2383037e-06
0.00012610033
-1.2060901e-06
0.00012644707
-1.173383e-06
0.00012678236
-1.1436568e-06
0.00012710596
-1.1119826e-06
0.00012741913
-1.0848046e-06
0.00012772095
-1.0533909e-06
0.0001280135
-1.029169e-06
0.00012829472
-9.9714312e-07
0.00012856814
-9.7672097e-07
0.00012882983
-9.4318046e-07
0.00012908572
-9.2789483e-07
0.00012932902
-8.9226456e-07
0.00012956921
-8.8390044e-07
-8.4725031e-07
0.00010202012
-1.380907e-06
0.00010284374
-2.565606e-06
0.0001038994
-3.417125e-06
0.0001050795
-3.970989e-06
0.00010630796
-4.2867229e-06
0.0001075378
-4.4218161e-06
0.00010874774
-4.4392483e-06
0.00010992492
-4.3813221e-06
0.00011105421
-4.2651947e-06
0.00011212233
-4.1032104e-06
0.00011312367
-3.9134866e-06
0.00011406001
-3.7153709e-06
0.00011493626
-3.5220605e-06
0.0001157572
-3.3391523e-06
0.00011652673
-3.1678779e-06
0.00011724841
-3.0083387e-06
0.00011792582
-2.8606354e-06
0.00011856244
-2.7246713e-06
0.00011916152
-2.5998904e-06
0.0001197259
-2.4853315e-06
0.00012025808
-2.379914e-06
0.0001207603
-2.282583e-06
0.00012123458
-2.1924434e-06
0.00012168274
-2.1086524e-06
0.00012210646
-2.0305393e-06
0.00012250725
-1.957389e-06
0.00012288649
-1.8887388e-06
0.00012324547
-1.823942e-06
0.00012358535
-1.7627885e-06
0.00012390724
-1.7045936e-06
0.00012421214
-1.6494872e-06
0.00012450101
-1.5965452e-06
0.00012477469
-1.5464407e-06
0.00012503404
-1.4976634e-06
0.0001252798
-1.4518467e-06
0.00012551269
-1.4062794e-06
0.00012573337
-1.3643474e-06
0.00012594243
-1.3210516e-06
0.00012614057
-1.2829547e-06
0.00012632807
-1.2408987e-06
0.00012650596
-1.2070593e-06
0.00012667383
-1.1650285e-06
0.00012683362
-1.1365146e-06
0.00012698352
-1.0930966e-06
0.00012712737
-1.0717484e-06
0.0001272607
-1.0256052e-06
0.00012739076
-1.0139664e-06
-9.6584061e-07
0.00010194033
-2.0172715e-06
0.00010304968
-3.6749602e-06
0.00010440756
-4.7750059e-06
0.0001058469
-5.410326e-06
0.00010726843
-5.708259e-06
0.0001086376
-5.7909845e-06
0.00010995293
-5.7545736e-06
0.00011120456
-5.6329534e-06
0.00011236968
-5.4303095e-06
0.00011343233
-5.1658595e-06
0.00011439237
-4.8735281e-06
0.00011525931
-4.5823089e-06
0.00011604369
-4.3064434e-06
0.00011675355
-4.0490096e-06
0.00011739517
-3.8094994e-06
0.00011797445
-3.5876159e-06
0.00011849724
-3.3834186e-06
0.00011896904
-3.1964716e-06
0.00011939475
-3.0256036e-06
0.00011977864
-2.8692245e-06
0.00012012447
-2.725743e-06
0.00012043561
-2.5937206e-06
0.00012071511
-2.4719365e-06
0.00012096573
-2.3592741e-06
0.00012118998
-2.2547904e-06
0.00012139015
-2.1575609e-06
0.00012156829
-2.0668881e-06
0.00012172634
-1.981988e-06
0.00012186597
-1.9024242e-06
0.00012198883
-1.8274556e-06
0.00012209629
-1.7569475e-06
0.00012218977
-1.690036e-06
0.00012227035
-1.627025e-06
0.00012233934
-1.5666552e-06
0.00012239746
-1.5099803e-06
0.00012244603
-1.4548552e-06
0.00012248539
-1.4037185e-06
0.00012251696
-1.35263e-06
0.00012254063
-1.30664e-06
0.00012255806
-1.2583375e-06
0.00012256865
-1.2176633e-06
0.00012257431
-1.1707075e-06
0.00012257414
-1.1363539e-06
0.00012256999
-1.0889678e-06
0.00012256128
-1.0630604e-06
0.00012254877
-1.0131078e-06
0.00012253364
-9.9884188e-07
-9.4594175e-07
0.00010194658
-3.0069955e-06
0.00010353653
-5.2649135e-06
0.00010537947
-6.6179508e-06
0.00010716863
-7.1994772e-06
0.00010878768
-7.3273089e-06
0.00011025305
-7.2563534e-06
0.00011159721
-7.0987331e-06
0.0001128039
-6.8396474e-06
0.00011383993
-6.4663409e-06
0.00011469758
-6.0235097e-06
0.00011539612
-5.5720669e-06
0.00011596196
-5.1481412e-06
0.00011641631
-4.7607955e-06
0.00011677449
-4.4071879e-06
0.000117049
-4.0840053e-06
0.00011725138
-3.789998e-06
0.00011739225
-3.5242859e-06
0.00011748082
-3.2850458e-06
0.00011752484
-3.0696232e-06
0.0001175308
-2.8751839e-06
0.00011750424
-2.6991765e-06
0.00011744993
-2.5394144e-06
0.00011737203
-2.3940363e-06
0.00011727414
-2.2613851e-06
0.00011715937
-2.140024e-06
0.00011703045
-2.0286386e-06
0.0001168897
-1.9261445e-06
0.00011673921
-1.8315009e-06
0.00011658072
-1.7439365e-06
0.00011641584
-1.6625805e-06
0.00011624584
-1.5869498e-06
0.00011607201
-1.516216e-06
0.0001158952
-1.4502252e-06
0.00011571656
-1.3880181e-06
0.00011553648
-1.3299155e-06
0.00011535616
-1.2745394e-06
0.00011517545
-1.2230244e-06
0.00011499585
-1.1730421e-06
0.00011481645
-1.127256e-06
0.00011463945
-1.0813564e-06
0.00011446277
-1.0409978e-06
0.00011428987
-9.9783754e-07
0.00011411696
-9.6346787e-07
0.00011394941
-9.2143866e-07
0.00011378131
-8.9499039e-07
0.00011362003
-8.5185033e-07
0.00011345802
-8.3683105e-07
-7.9039923e-07
0.00010230919
-4.7594683e-06
0.00010470958
-7.66531e-06
0.00010714869
-9.0570467e-06
0.00010911666
-9.1674537e-06
0.00011059883
-8.8094798e-06
0.00011176753
-8.4250504e-06
0.00011269846
-8.0296657e-06
0.00011335983
-7.5010146e-06
0.00011373205
-6.8385585e-06
0.00011385087
-6.1423271e-06
0.00011377615
-5.4973513e-06
0.00011356001
-4.9320026e-06
0.00011323857
-4.4393565e-06
0.00011283742
-4.0060325e-06
0.0001123773
-3.6238892e-06
0.00011187579
-3.2884826e-06
0.00011134703
-2.9955238e-06
0.00011080184
-2.7398587e-06
0.00011024832
-2.5161048e-06
0.00010969255
-2.3194116e-06
0.00010913912
-2.1457458e-06
0.0001085915
-1.9917968e-06
0.00010805228
-1.8548107e-06
0.00010752333
-1.7324391e-06
0.00010700599
-1.6226899e-06
0.0001065012
-1.5238452e-06
0.00010600952
-1.4344726e-06
0.00010553133
-1.3533164e-06
0.00010506676
-1.2793669e-06
0.00010461585
-1.211678e-06
0.00010417845
-1.1495568e-06
0.00010375447
-1.0922423e-06
0.00010334355
-1.0393113e-06
0.00010294559
-9.900739e-07
0.00010256005
-9.4438253e-07
0.00010218698
-9.0148731e-07
0.00010182554
-8.6159605e-07
0.00010147619
-8.2370876e-07
0.00010113751
-7.8859262e-07
0.00010081081
-7.5467011e-07
0.00010049351
-7.237219e-07
0.00010018858
-6.9293021e-07
9.9891218e-05
-6.6613958e-07
9.9607495e-05
-6.3774612e-07
9.9328723e-05
-6.1624785e-07
9.9066164e-05
-5.8931687e-07
9.8805635e-05
-5.7629726e-07
-5.480851e-07
0.00010339803
-7.9342924e-06
0.00010666862
-1.0935899e-05
0.00010883032
-1.1218736e-05
0.00010967079
-1.0007918e-05
0.00010973419
-8.872883e-06
0.0001094162
-8.1070688e-06
0.00010878177
-7.3952365e-06
0.00010781089
-6.5301318e-06
0.00010656591
-5.5935759e-06
0.00010515273
-4.7291496e-06
0.00010366481
-4.0094333e-06
0.00010216299
-3.4301861e-06
0.00010068293
-2.9592955e-06
9.9247215e-05
-2.5703135e-06
9.7871137e-05
-2.2478104e-06
9.6563835e-05
-1.9811803e-06
9.5329063e-05
-1.7607511e-06
9.4166777e-05
-1.5775731e-06
9.3074659e-05
-1.4239866e-06
9.2049166e-05
-1.2939188e-06
9.1086157e-05
-1.1827376e-06
9.0181266e-05
-1.0869068e-06
8.9330132e-05
-1.0036783e-06
8.852856e-05
-9.308693e-07
8.7772603e-05
-8.6673509e-07
8.7058617e-05
-8.0986205e-07
8.6383259e-05
-7.5911765e-07
8.5743504e-05
-7.1356577e-07
8.5136594e-05
-6.724617e-07
8.4560072e-05
-6.3516147e-07
8.4011681e-05
-6.0117131e-07
8.3489455e-05
-5.7002373e-07
8.2991537e-05
-5.4140134e-07
8.2516391e-05
-5.1493784e-07
8.206245e-05
-4.9045197e-07
8.1628578e-05
-4.676268e-07
8.1213364e-05
-4.4639512e-07
8.0816103e-05
-4.2646272e-07
8.0435343e-05
-4.0784857e-07
8.0070966e-05
-3.9031131e-07
7.9721091e-05
-3.7386717e-07
7.9386647e-05
-3.5850953e-07
7.9064462e-05
-3.4398038e-07
7.8757748e-05
-3.3105868e-07
7.8460045e-05
-3.1857095e-07
7.8179999e-05
-3.0928848e-07
7.7904153e-05
-3.004451e-07
-2.9701251e-07
0.00010277762
-1.1198096e-05
0.00010360458
-1.1762859e-05
0.0001018936
-9.5077496e-06
9.8701958e-05
-6.8162769e-06
9.5292406e-05
-5.4633341e-06
9.1899241e-05
-4.7139069e-06
8.8452525e-05
-3.9485219e-06
8.5024068e-05
-3.1016747e-06
8.17819e-05
-2.3514068e-06
7.8823055e-05
-1.770305e-06
7.6171693e-05
-1.3580712e-06
7.3814189e-05
-1.0726822e-06
7.1725695e-05
-8.7080125e-07
6.9879068e-05
-7.2368578e-07
6.8245796e-05
-6.1453818e-07
6.6797184e-05
-5.3256841e-07
6.5506311e-05
-4.6987671e-07
6.4349345e-05
-4.2060767e-07
6.3306035e-05
-3.8067567e-07
6.2359518e-05
-3.4740213e-07
6.1495863e-05
-3.1908337e-07
6.0703572e-05
-2.9461627e-07
5.9973141e-05
-2.7324828e-07
5.9296699e-05
-2.5442917e-07
5.8667702e-05
-2.3773933e-07
5.8080682e-05
-2.2284437e-07
5.7531041e-05
-2.0947876e-07
5.7014892e-05
-1.9742029e-07
5.6528919e-05
-1.864922e-07
5.6070292e-05
-1.7653783e-07
5.5636554e-05
-1.6743808e-07
5.5225603e-05
-1.5907718e-07
5.4835573e-05
-1.5137806e-07
5.446488e-05
-1.442512e-07
5.4112071e-05
-1.3765038e-07
5.3775942e-05
-1.3150595e-07
5.3455326e-05
-1.2578783e-07
5.3149312e-05
-1.2045838e-07
5.2856918e-05
-1.1546509e-07
5.2577465e-05
-1.1086946e-07
5.2310059e-05
-1.0647374e-07
5.2054212e-05
-1.0267676e-07
5.1808962e-05
-9.8744921e-08
5.1574093e-05
-9.6205211e-08
5.1348051e-05
-9.2536715e-08
5.1131797e-05
-9.3038636e-08
5.0920169e-05
-8.8809923e-08
-1.0241379e-07
7.9175411e-05
6.7412555e-05
5.7904807e-05
5.1088529e-05
4.5625192e-05
4.0911285e-05
3.6962763e-05
3.3861088e-05
3.1509681e-05
2.9739376e-05
2.8381304e-05
2.7308622e-05
2.6437821e-05
2.5714135e-05
2.5099597e-05
2.4567028e-05
2.4097152e-05
2.3676544e-05
2.3295868e-05
2.2948466e-05
2.2629382e-05
2.2334765e-05
2.2061516e-05
2.1807086e-05
2.1569346e-05
2.13465e-05
2.113702e-05
2.0939598e-05
2.0753104e-05
2.0576564e-05
2.0409124e-05
2.0250044e-05
2.0098662e-05
1.9954408e-05
1.9816754e-05
1.9685244e-05
1.9559451e-05
1.9438988e-05
1.9323517e-05
1.9212643e-05
1.9106162e-05
1.9003479e-05
1.8904726e-05
1.8808516e-05
1.8715974e-05
1.8622932e-05
1.8534114e-05
)
;

boundaryField
{
    inlet
    {
        type            calculated;
        value           nonuniform List<scalar> 
20
(
-0.0001
-0.0001
-0.0001
-0.0001
-0.0001
-0.0001
-0.0001
-0.0001
-0.0001
-0.0001
-0.0001
-0.0001
-0.0001
-0.0001
-0.0001
-0.0001
-0.0001
-0.0001
-0.0001
-0.0001
)
;
    }
    outlet
    {
        type            calculated;
        value           nonuniform List<scalar> 
20
(
1.8431694e-05
5.0725586e-05
7.7653107e-05
9.8563343e-05
0.00011330249
0.00012251374
0.00012750935
0.00012979612
0.00013063847
0.00013086456
0.00013086456
0.00013063847
0.00012979613
0.00012750936
0.00012251375
0.00011330249
9.8563336e-05
7.7653092e-05
5.0725574e-05
1.8431692e-05
)
;
    }
    top
    {
        type            calculated;
        value           uniform 0;
    }
    bottom
    {
        type            calculated;
        value           uniform 0;
    }
    frontAndBack
    {
        type            empty;
    }
}


// ************************************************************************* //
