/*--------------------------------*- C++ -*----------------------------------*\
| =========                 |                                                 |
| \\      /  F ield         | OpenFOAM: The Open Source CFD Toolbox           |
|  \\    /   O peration     | Version:  2512                                  |
|   \\  /    A nd           | Website:  www.openfoam.com                      |
|    \\/     M anipulation  |                                                 |
\*---------------------------------------------------------------------------*/
FoamFile
{
    version     2.0;
    format      ascii;
    arch        "LSB;label=32;scalar=64";
    class       volVectorField;
    location    "3.2";
    object      U;
}
// * * * * * * * * * * * * * * * * * * * * * * * * * * * * * * * * * * * * * //

dimensions      [0 1 -1 0 0 0 0];

internalField   nonuniform List<vector> 
2020
(
(0.46104633 0.018548406 0)
(0.43269187 0.031261668 0)
(0.39172362 0.029517362 0)
(0.34129176 0.023675463 0)
(0.29387996 0.017829275 0)
(0.25492315 0.012645669 0)
(0.22403883 0.0083278834 0)
(0.19968812 0.005089756 0)
(0.18072552 0.0028832528 0)
(0.16618491 0.0014679486 0)
(0.15513364 0.00061941626 0)
(0.14671727 0.00016326901 0)
(0.14022985 -3.8748023e-05 0)
(0.13512848 -9.402548e-05 0)
(0.13101429 -7.7108483e-05 0)
(0.1276063 -3.358022e-05 0)
(0.12470959 1.326288e-05 0)
(0.12219381 5.2664135e-05 0)
(0.11996869 8.2152017e-05 0)
(0.11797663 0.00010110935 0)
(0.11617321 0.00011238965 0)
(0.11453411 0.00011599091 0)
(0.11303218 0.00011596589 0)
(0.11166141 0.00010983659 0)
(0.11039826 0.00010333468 0)
(0.10925374 8.9481118e-05 0)
(0.10819788 7.8480286e-05 0)
(0.10726734 5.5001661e-05 0)
(0.10641081 3.9590084e-05 0)
(0.10571336 -2.2161553e-07 0)
(0.10506865 -2.0358599e-05 0)
(0.10466365 -8.6673036e-05 0)
(0.1042712 -0.0001001521 0)
(0.10431623 -0.00021439832 0)
(0.10426278 -0.00022263376 0)
(0.10505193 -0.00047852709 0)
(0.10538705 -0.0004459963 0)
(0.10761469 -0.0010010308 0)
(0.10829845 -0.00079331531 0)
(0.11369354 -0.0021201476 0)
(0.11390098 -0.0013001651 0)
(0.12750043 -0.0048435151 0)
(0.12241838 -0.0019817839 0)
(0.16217567 -0.011997099 0)
(0.12816521 -0.0038323231 0)
(0.25861468 -0.030752092 0)
(0.11815222 -0.0095813317 0)
(0.527625 -0.086151797 0)
(0.5007652 0.028436174 0)
(0.51614571 0.055968405 0)
(0.5250021 0.063600525 0)
(0.52225308 0.063376981 0)
(0.51086505 0.059788322 0)
(0.49517934 0.053909256 0)
(0.47763719 0.046596065 0)
(0.45932841 0.038903028 0)
(0.4410036 0.031655694 0)
(0.4233669 0.025294005 0)
(0.40698093 0.019989363 0)
(0.3921386 0.015746199 0)
(0.37890607 0.012464771 0)
(0.36721597 0.0099880561 0)
(0.35693 0.0081451988 0)
(0.34788814 0.0067781856 0)
(0.33992021 0.0057583508 0)
(0.33287419 0.0049844749 0)
(0.32660324 0.0043860399 0)
(0.32099766 0.003908518 0)
(0.31594406 0.0035204973 0)
(0.31138058 0.0031910373 0)
(0.30721418 0.0029112685 0)
(0.30343156 0.0026563654 0)
(0.29993668 0.0024337424 0)
(0.29677705 0.0022110864 0)
(0.2938174 0.0020157562 0)
(0.29120503 0.0017914037 0)
(0.28869817 0.0016012382 0)
(0.28663905 0.0013352983 0)
(0.28453637 0.0011309249 0)
(0.28314916 0.00076337437 0)
(0.2814077 0.00053318296 0)
(0.2810067 -4.1168403e-05 0)
(0.27950173 -0.00030114446 0)
(0.28083049 -0.0013285733 0)
(0.27910924 -0.0016083687 0)
(0.28400295 -0.0035969182 0)
(0.28048297 -0.0037302256 0)
(0.29368766 -0.0078172708 0)
(0.28296611 -0.0072528254 0)
(0.317472 -0.016255395 0)
(0.28256156 -0.013454904 0)
(0.37294153 -0.034748247 0)
(0.26952732 -0.024591028 0)
(0.49003428 -0.082113278 0)
(0.24411777 -0.039389852 0)
(0.71014933 -0.21545499 0)
(0.5000059 0.014905703 0)
(0.51209822 0.036534746 0)
(0.52731638 0.047892076 0)
(0.54000472 0.052684397 0)
(0.54810292 0.053966782 0)
(0.55209392 0.052861285 0)
(0.55285988 0.049901277 0)
(0.55097086 0.045741986 0)
(0.54688074 0.041072429 0)
(0.54111684 0.036401211 0)
(0.53424168 0.032013497 0)
(0.52674521 0.02804219 0)
(0.51899143 0.024535901 0)
(0.51123993 0.021492595 0)
(0.50365965 0.018883119 0)
(0.49636875 0.01665985 0)
(0.48942341 0.014773585 0)
(0.48286734 0.013170027 0)
(0.47669121 0.011807545 0)
(0.47091285 0.010638742 0)
(0.46548209 0.0096379722 0)
(0.46042821 0.008762453 0)
(0.45566069 0.008005085 0)
(0.45125737 0.0073187018 0)
(0.44705957 0.0067201772 0)
(0.44325077 0.0061423987 0)
(0.43953274 0.0056404099 0)
(0.43630688 0.0050991572 0)
(0.43297781 0.0046442724 0)
(0.43040386 0.0040584671 0)
(0.42734617 0.0036079312 0)
(0.42564593 0.0028615178 0)
(0.42264217 0.0023749136 0)
(0.4223462 0.0012716798 0)
(0.41888251 0.00072572372 0)
(0.42119405 -0.0010862051 0)
(0.4159799 -0.0016805226 0)
(0.42369209 -0.0049616432 0)
(0.4135722 -0.0054705195 0)
(0.43299792 -0.011798856 0)
(0.41023209 -0.011534501 0)
(0.45509781 -0.024721114 0)
(0.40246305 -0.021209978 0)
(0.49998599 -0.051333978 0)
(0.38381167 -0.035879757 0)
(0.58124498 -0.10951727 0)
(0.34283078 -0.054580711 0)
(0.74295089 -0.228387 0)
(0.49997367 0.0086164275 0)
(0.50653262 0.023495273 0)
(0.51722136 0.033723311 0)
(0.52932575 0.039663894 0)
(0.54055899 0.042745965 0)
(0.55010085 0.043880329 0)
(0.55788658 0.043474305 0)
(0.5639365 0.04187518 0)
(0.56825759 0.039499208 0)
(0.57095525 0.036731512 0)
(0.57224857 0.033847631 0)
(0.57240955 0.031015152 0)
(0.57168653 0.028332667 0)
(0.57029722 0.025851886 0)
(0.56840443 0.023597706 0)
(0.56615681 0.021568748 0)
(0.56364549 0.01975726 0)
(0.56097804 0.018139047 0)
(0.55818538 0.016700299 0)
(0.5553638 0.015408798 0)
(0.55248369 0.014258495 0)
(0.54966801 0.013209911 0)
(0.54680499 0.012273379 0)
(0.54410112 0.01139346 0)
(0.54130178 0.0106086 0)
(0.53879931 0.0098285422 0)
(0.53606233 0.009142372 0)
(0.53387165 0.0083886797 0)
(0.53113712 0.0077524849 0)
(0.529443 0.0069305196 0)
(0.5265498 0.0062951824 0)
(0.52570849 0.0052603284 0)
(0.5222887 0.0045734531 0)
(0.52301986 0.0030787078 0)
(0.51826304 0.00229693 0)
(0.52203277 -0.00010522346 0)
(0.51414302 -0.00095601844 0)
(0.52393254 -0.0051434696 0)
(0.50924307 -0.005871154 0)
(0.53105339 -0.013762703 0)
(0.50190896 -0.013478899 0)
(0.54714372 -0.029328859 0)
(0.48831831 -0.025167256 0)
(0.5780422 -0.058640965 0)
(0.45963136 -0.042163681 0)
(0.63396427 -0.11443845 0)
(0.39748983 -0.060428811 0)
(0.76170631 -0.21782225 0)
(0.50002936 0.0056940354 0)
(0.50397203 0.016154486 0)
(0.51100985 0.024366575 0)
(0.52005346 0.029868295 0)
(0.52962377 0.033145356 0)
(0.53883208 0.034826463 0)
(0.54736954 0.035299228 0)
(0.55511873 0.034815496 0)
(0.56196873 0.033632365 0)
(0.56785087 0.032013593 0)
(0.5727753 0.030178872 0)
(0.57682891 0.028278228 0)
(0.58011564 0.026407531 0)
(0.58275235 0.024621459 0)
(0.5848219 0.022953459 0)
(0.58642521 0.021413052 0)
(0.58760841 0.020005887 0)
(0.58846906 0.01871877 0)
(0.58900822 0.017550281 0)
(0.58934192 0.016475595 0)
(0.58940572 0.015499435 0)
(0.58937445 0.014585414 0)
(0.58907361 0.013754399 0)
(0.5888107 0.012949078 0)
(0.58820654 0.012220282 0)
(0.58784181 0.011469326 0)
(0.58694086 0.010802558 0)
(0.58663246 0.010040291 0)
(0.58536185 0.0093944743 0)
(0.58534831 0.0085273927 0)
(0.58349828 0.0078567365 0)
(0.5841933 0.006733682 0)
(0.58129744 0.0059868437 0)
(0.58346912 0.0043431814 0)
(0.57856703 0.0034745144 0)
(0.58368034 0.00082148624 0)
(0.57485076 -0.00015573499 0)
(0.5856501 -0.0047202536 0)
(0.5691268 -0.0055422059 0)
(0.59088001 -0.01389449 0)
(0.5592837 -0.013792555 0)
(0.60179817 -0.029697473 0)
(0.54054923 -0.026245058 0)
(0.62255725 -0.057241269 0)
(0.50222094 -0.04348988 0)
(0.66275451 -0.10502585 0)
(0.42405141 -0.059713117 0)
(0.77264285 -0.18873193 0)
(0.50003545 0.0039336906 0)
(0.50272473 0.011358709 0)
(0.50765612 0.017600375 0)
(0.51437278 0.022153166 0)
(0.52199881 0.025081118 0)
(0.52981847 0.026737334 0)
(0.53747271 0.027439259 0)
(0.54481034 0.027403238 0)
(0.55172421 0.026810712 0)
(0.55812732 0.025840876 0)
(0.56396796 0.02465579 0)
(0.56925422 0.023377019 0)
(0.57401344 0.022086714 0)
(0.57830345 0.020832441 0)
(0.58215428 0.019644808 0)
(0.58563143 0.018534636 0)
(0.58874165 0.017510925 0)
(0.59156589 0.016565429 0)
(0.59407139 0.015701016 0)
(0.59637613 0.014897863 0)
(0.59837716 0.014163692 0)
(0.60027356 0.013466669 0)
(0.60183412 0.012828914 0)
(0.60342412 0.012197871 0)
(0.60456956 0.011623496 0)
(0.60596405 0.011013141 0)
(0.60666771 0.010469358 0)
(0.60801342 0.00982131 0)
(0.60816499 0.0092727857 0)
(0.60969056 0.008500055 0)
(0.60903221 0.0079058647 0)
(0.61113242 0.0068648294 0)
(0.60913553 0.0061782283 0)
(0.61252812 0.0046174456 0)
(0.60815965 0.0037956924 0)
(0.61418103 0.0012606906 0)
(0.60546783 0.00030282921 0)
(0.61664388 -0.0040421064 0)
(0.59977241 -0.0049427143 0)
(0.62077584 -0.012658174 0)
(0.58838962 -0.012923005 0)
(0.62827905 -0.026941747 0)
(0.56589509 -0.024680783 0)
(0.64266572 -0.050487306 0)
(0.52090032 -0.040050545 0)
(0.67397575 -0.08876431 0)
(0.43343747 -0.052617 0)
(0.7760207 -0.15224553 0)
(0.50003111 0.0027093891 0)
(0.50203732 0.0078846183 0)
(0.50575123 0.01239511 0)
(0.51096721 0.01587601 0)
(0.51716589 0.018251443 0)
(0.52380946 0.0196831 0)
(0.53054378 0.020386187 0)
(0.53718646 0.020531597 0)
(0.54362611 0.020253269 0)
(0.54978141 0.019673509 0)
(0.55558933 0.018906343 0)
(0.56103141 0.01804375 0)
(0.5661027 0.017152301 0)
(0.57083538 0.016272429 0)
(0.57523631 0.015430892 0)
(0.57935614 0.014638677 0)
(0.58318345 0.013905275 0)
(0.58679146 0.013226172 0)
(0.59013021 0.012605253 0)
(0.59331741 0.012027712 0)
(0.59623009 0.011500489 0)
(0.59907612 0.010998203 0)
(0.6015961 0.010539107 0)
(0.60417706 0.010080183 0)
(0.60630178 0.0096626213 0)
(0.60870525 0.0092093721 0)
(0.61038015 0.0088059697 0)
(0.61272904 0.0083085098 0)
(0.61381353 0.0078890953 0)
(0.61630764 0.0072722473 0)
(0.61650898 0.0068013717 0)
(0.61950114 0.0059412243 0)
(0.61824954 0.0053776093 0)
(0.6223886 0.0040602014 0)
(0.61860419 0.0033638359 0)
(0.62511035 0.0012126263 0)
(0.61676731 0.00037179674 0)
(0.62795645 -0.0032907163 0)
(0.6111805 -0.0042020529 0)
(0.63143981 -0.010561657 0)
(0.5988194 -0.011109653 0)
(0.63686918 -0.02227511 0)
(0.57389496 -0.02102154 0)
(0.6476751 -0.040811308 0)
(0.5249559 -0.03328704 0)
(0.67488862 -0.069447192 0)
(0.43307316 -0.041876384 0)
(0.77546985 -0.11445711 0)
(0.50002691 0.0017764283 0)
(0.50163881 0.0051902708 0)
(0.50463963 0.0082247647 0)
(0.50893011 0.010655488 0)
(0.51418409 0.012390098 0)
(0.52000131 0.01348658 0)
(0.52605952 0.014070124 0)
(0.53215757 0.01425861 0)
(0.5381688 0.014145868 0)
(0.54400902 0.013812693 0)
(0.54961081 0.013334281 0)
(0.5549438 0.012774463 0)
(0.55998661 0.012182376 0)
(0.5647575 0.011589592 0)
(0.56925233 0.01101748 0)
(0.57351502 0.01047583 0)
(0.57752766 0.0099728848 0)
(0.58136022 0.0095068009 0)
(0.58495765 0.0090811086 0)
(0.58843671 0.0086859115 0)
(0.59166951 0.0083262687 0)
(0.59486459 0.0079841677 0)
(0.59775667 0.007672525 0)
(0.60073435 0.007360156 0)
(0.60327314 0.0070766801 0)
(0.60610947 0.0067655024 0)
(0.60822844 0.0064891522 0)
(0.61103076 0.0061408879 0)
(0.61257433 0.0058480287 0)
(0.61551989 0.0054050281 0)
(0.61617629 0.0050673936 0)
(0.61958353 0.0044355649 0)
(0.61875865 0.0040191381 0)
(0.62322261 0.0030386801 0)
(0.61980515 0.0025067326 0)
(0.62645979 0.00090105837 0)
(0.61837856 0.00022651413 0)
(0.62940785 -0.0024910598 0)
(0.61274613 -0.0032767526 0)
(0.63238955 -0.0079244733 0)
(0.5996915 -0.0085305819 0)
(0.63655444 -0.016510584 0)
(0.57328831 -0.01589857 0)
(0.64552026 -0.029700424 0)
(0.52228959 -0.02459028 0)
(0.67140344 -0.049266518 0)
(0.42894084 -0.029776577 0)
(0.77338185 -0.078628226 0)
(0.50002428 0.0010090262 0)
(0.50141646 0.0029548466 0)
(0.50401809 0.004703587 0)
(0.50777591 0.0061357513 0)
(0.51246088 0.0071878293 0)
(0.51775993 0.0078741359 0)
(0.52338539 0.0082561979 0)
(0.52913149 0.0084013022 0)
(0.53485919 0.0083652984 0)
(0.54047797 0.0081948562 0)
(0.54591635 0.0079327842 0)
(0.55113686 0.0076164611 0)
(0.55610833 0.007275889 0)
(0.5608396 0.0069311793 0)
(0.56531966 0.0065961441 0)
(0.56958778 0.0062775236 0)
(0.57362341 0.0059808342 0)
(0.57749414 0.0057055946 0)
(0.58114435 0.0054542117 0)
(0.58468907 0.0052211381 0)
(0.5880016 0.0050094064 0)
(0.59128797 0.0048084021 0)
(0.59428603 0.004625718 0)
(0.59737911 0.0044426623 0)
(0.60004917 0.0042768656 0)
(0.60302163 0.0040940776 0)
(0.60529465 0.0039319429 0)
(0.60824693 0.0037254884 0)
(0.60996251 0.0035518899 0)
(0.61305949 0.0032857749 0)
(0.61389799 0.0030823066 0)
(0.61743739 0.002698252 0)
(0.6167929 0.0024421404 0)
(0.6213362 0.0018421574 0)
(0.61807976 0.0015068739 0)
(0.62470772 0.00052295176 0)
(0.6167425 8.4582281e-05 0)
(0.62756449 -0.001572185 0)
(0.61095138 -0.0021025136 0)
(0.63013595 -0.0049100412 0)
(0.59740124 -0.0053637173 0)
(0.6335395 -0.010120257 0)
(0.57014807 -0.0098598516 0)
(0.64164259 -0.017962303 0)
(0.51820025 -0.014970245 0)
(0.66740538 -0.029260409 0)
(0.42465569 -0.017627158 0)
(0.77133181 -0.04567806 0)
(0.50002306 0.0003274799 0)
(0.50131658 0.00096004253 0)
(0.50373838 0.0015314287 0)
(0.50725272 0.0020041685 0)
(0.51167076 0.0023563234 0)
(0.51672054 0.0025896045 0)
(0.52213501 0.00272214 0)
(0.52770929 0.0027756223 0)
(0.53329847 0.0027686084 0)
(0.53880781 0.0027164396 0)
(0.54416337 0.0026330289 0)
(0.54932418 0.0025306598 0)
(0.55425435 0.0024193927 0)
(0.55895769 0.0023061186 0)
(0.56341958 0.0021956035 0)
(0.56767651 0.0020902377 0)
(0.57170674 0.001991949 0)
(0.5755763 0.0019006839 0)
(0.57922982 0.0018172919 0)
(0.58278093 0.0017399997 0)
(0.58610453 0.0016698178 0)
(0.58940449 0.0016032553 0)
(0.59242198 0.0015428118 0)
(0.59553605 0.0014822802 0)
(0.5982347 0.0014274972 0)
(0.60123493 0.0013670321 0)
(0.60354587 0.0013134099 0)
(0.60653035 0.0012448937 0)
(0.6082923 0.001187228 0)
(0.61142078 0.0010984588 0)
(0.61231175 0.0010303512 0)
(0.61587261 0.000901649 0)
(0.61528231 0.0008150566 0)
(0.61982125 0.0006134699 0)
(0.61661354 0.00049867919 0)
(0.62318648 0.00016801326 0)
(0.61525428 1.5828103e-05 0)
(0.6259373 -0.00053945 0)
(0.60933321 -0.00072642984 0)
(0.62826698 -0.001663309 0)
(0.59551383 -0.0018295967 0)
(0.63130128 -0.0034069001 0)
(0.56786901 -0.0033364747 0)
(0.63907031 -0.0060029687 0)
(0.51556279 -0.0050141649 0)
(0.66497649 -0.0096874837 0)
(0.42211899 -0.0058192192 0)
(0.77014291 -0.014955255 0)
(0.50002306 -0.00032748 0)
(0.50131658 -0.00096004234 0)
(0.50373838 -0.0015314284 0)
(0.50725272 -0.0020041683 0)
(0.51167076 -0.0023563235 0)
(0.51672054 -0.0025896048 0)
(0.52213501 -0.0027221406 0)
(0.52770929 -0.0027756229 0)
(0.53329847 -0.0027686091 0)
(0.53880781 -0.0027164404 0)
(0.54416337 -0.0026330299 0)
(0.54932418 -0.002530661 0)
(0.55425435 -0.0024193944 0)
(0.55895769 -0.0023061208 0)
(0.56341959 -0.0021956062 0)
(0.56767651 -0.0020902408 0)
(0.57170674 -0.0019919525 0)
(0.5755763 -0.0019006876 0)
(0.57922982 -0.0018172958 0)
(0.58278093 -0.0017400037 0)
(0.58610453 -0.0016698219 0)
(0.58940449 -0.0016032593 0)
(0.59242198 -0.0015428159 0)
(0.59553605 -0.0014822842 0)
(0.5982347 -0.0014275013 0)
(0.60123493 -0.0013670362 0)
(0.60354587 -0.001313414 0)
(0.60653035 -0.001244898 0)
(0.60829231 -0.0011872325 0)
(0.61142079 -0.001098463 0)
(0.61231175 -0.0010303555 0)
(0.61587261 -0.00090165103 0)
(0.61528232 -0.00081505929 0)
(0.61982124 -0.00061347597 0)
(0.61661353 -0.00049870036 0)
(0.62318649 -0.00016803782 0)
(0.6152543 -1.5838308e-05 0)
(0.62593731 0.00053945294 0)
(0.60933321 0.00072644394 0)
(0.62826698 0.0016633254 0)
(0.59551382 0.0018296052 0)
(0.63130127 0.0034068985 0)
(0.567869 0.0033364643 0)
(0.6390703 0.0060029558 0)
(0.51556279 0.0050141507 0)
(0.66497648 0.0096874745 0)
(0.42211899 0.0058192098 0)
(0.77014291 0.014955263 0)
(0.50002428 -0.0010090263 0)
(0.50141646 -0.0029548464 0)
(0.50401809 -0.0047035867 0)
(0.50777591 -0.0061357512 0)
(0.51246088 -0.0071878294 0)
(0.51775993 -0.0078741362 0)
(0.52338539 -0.0082561984 0)
(0.52913149 -0.0084013029 0)
(0.53485919 -0.0083652992 0)
(0.54047797 -0.008194857 0)
(0.54591636 -0.0079327852 0)
(0.55113686 -0.0076164623 0)
(0.55610833 -0.0072758906 0)
(0.5608396 -0.0069311815 0)
(0.56531966 -0.0065961468 0)
(0.56958778 -0.0062775267 0)
(0.57362341 -0.0059808377 0)
(0.57749414 -0.0057055983 0)
(0.58114435 -0.0054542156 0)
(0.58468907 -0.0052211421 0)
(0.5880016 -0.0050094104 0)
(0.59128797 -0.0048084062 0)
(0.59428603 -0.0046257221 0)
(0.59737911 -0.0044426664 0)
(0.60004917 -0.0042768697 0)
(0.60302163 -0.0040940817 0)
(0.60529465 -0.0039319471 0)
(0.60824693 -0.0037254929 0)
(0.60996252 -0.0035518946 0)
(0.61305949 -0.0032857801 0)
(0.613898 -0.0030823109 0)
(0.61743739 -0.0026982565 0)
(0.6167929 -0.0024421434 0)
(0.62133618 -0.0018421683 0)
(0.61807974 -0.0015068852 0)
(0.62470778 -0.00052294773 0)
(0.61674255 -8.4591967e-05 0)
(0.62756448 0.0015721841 0)
(0.61095134 0.002102509 0)
(0.63013589 0.0049100286 0)
(0.59740119 0.005363696 0)
(0.63353946 0.010120232 0)
(0.57014805 0.0098598277 0)
(0.64164258 0.017962284 0)
(0.51820025 0.014970229 0)
(0.66740538 0.029260399 0)
(0.42465568 0.017627147 0)
(0.77133181 0.045678067 0)
(0.50002691 -0.0017764284 0)
(0.50163881 -0.0051902706 0)
(0.50463963 -0.0082247645 0)
(0.50893012 -0.010655488 0)
(0.51418409 -0.012390098 0)
(0.52000131 -0.01348658 0)
(0.52605952 -0.014070125 0)
(0.53215757 -0.014258611 0)
(0.5381688 -0.014145869 0)
(0.54400902 -0.013812694 0)
(0.54961081 -0.013334282 0)
(0.5549438 -0.012774464 0)
(0.55998661 -0.012182378 0)
(0.5647575 -0.011589594 0)
(0.56925233 -0.011017482 0)
(0.57351502 -0.010475834 0)
(0.57752766 -0.0099728883 0)
(0.58136023 -0.0095068046 0)
(0.58495765 -0.0090811125 0)
(0.58843671 -0.0086859155 0)
(0.59166952 -0.0083262728 0)
(0.59486459 -0.0079841717 0)
(0.59775667 -0.007672529 0)
(0.60073435 -0.0073601601 0)
(0.60327314 -0.0070766842 0)
(0.60610947 -0.0067655066 0)
(0.60822844 -0.0064891565 0)
(0.61103076 -0.0061408923 0)
(0.61257434 -0.0058480339 0)
(0.6155199 -0.0054050337 0)
(0.61617629 -0.0050674 0)
(0.61958353 -0.0044355708 0)
(0.61875865 -0.0040191462 0)
(0.62322256 -0.0030386819 0)
(0.61980526 -0.0025067129 0)
(0.62645977 -0.00090106493 0)
(0.61837852 -0.00022652166 0)
(0.62940777 0.0024910305 0)
(0.61274599 0.003276708 0)
(0.63238942 0.0079244212 0)
(0.59969141 0.0085305349 0)
(0.6365544 0.016510549 0)
(0.5732883 0.015898548 0)
(0.64552026 0.029700409 0)
(0.52228959 0.024590271 0)
(0.67140343 0.049266511 0)
(0.42894083 0.029776569 0)
(0.77338184 0.078628226 0)
(0.50003111 -0.0027093892 0)
(0.50203732 -0.0078846181 0)
(0.50575123 -0.01239511 0)
(0.51096721 -0.01587601 0)
(0.51716589 -0.018251443 0)
(0.52380946 -0.019683101 0)
(0.53054378 -0.020386188 0)
(0.53718646 -0.020531598 0)
(0.54362611 -0.02025327 0)
(0.54978141 -0.01967351 0)
(0.55558933 -0.018906344 0)
(0.56103141 -0.018043751 0)
(0.5661027 -0.017152303 0)
(0.57083538 -0.016272431 0)
(0.57523631 -0.015430895 0)
(0.57935614 -0.01463868 0)
(0.58318345 -0.013905278 0)
(0.58679146 -0.013226175 0)
(0.59013021 -0.012605257 0)
(0.59331741 -0.012027716 0)
(0.59623009 -0.011500493 0)
(0.59907612 -0.010998207 0)
(0.6015961 -0.010539111 0)
(0.60417706 -0.010080187 0)
(0.60630178 -0.0096626254 0)
(0.60870525 -0.0092093763 0)
(0.61038015 -0.0088059738 0)
(0.61272904 -0.0083085144 0)
(0.61381353 -0.0078891004 0)
(0.61630764 -0.0072722532 0)
(0.61650898 -0.0068013791 0)
(0.61950115 -0.0059412323 0)
(0.61824949 -0.005377616 0)
(0.62238872 -0.0040601932 0)
(0.61860405 -0.003363835 0)
(0.62511033 -0.0012126429 0)
(0.61676727 -0.00037182712 0)
(0.62795637 0.0032906559 0)
(0.61118044 0.0042019845 0)
(0.63143976 0.010561597 0)
(0.59881939 0.011109615 0)
(0.63686916 0.02227509 0)
(0.57389496 0.021021535 0)
(0.64767509 0.040811305 0)
(0.5249559 0.03328704 0)
(0.67488861 0.069447188 0)
(0.43307315 0.041876377 0)
(0.77546984 0.1144571 0)
(0.50003545 -0.0039336907 0)
(0.50272473 -0.011358709 0)
(0.50765612 -0.017600374 0)
(0.51437278 -0.022153166 0)
(0.52199881 -0.025081118 0)
(0.52981847 -0.026737334 0)
(0.53747271 -0.02743926 0)
(0.54481034 -0.027403239 0)
(0.55172421 -0.026810713 0)
(0.55812732 -0.025840877 0)
(0.56396796 -0.024655791 0)
(0.56925423 -0.02337702 0)
(0.57401344 -0.022086716 0)
(0.57830345 -0.020832443 0)
(0.58215428 -0.019644811 0)
(0.58563143 -0.018534639 0)
(0.58874165 -0.017510928 0)
(0.5915659 -0.016565433 0)
(0.5940714 -0.01570102 0)
(0.59637613 -0.014897867 0)
(0.59837716 -0.014163695 0)
(0.60027356 -0.013466673 0)
(0.60183412 -0.012828918 0)
(0.60342412 -0.012197874 0)
(0.60456956 -0.0116235 0)
(0.60596405 -0.011013145 0)
(0.60666771 -0.010469362 0)
(0.60801341 -0.0098213142 0)
(0.60816499 -0.0092727906 0)
(0.60969056 -0.0085000611 0)
(0.60903221 -0.0079058694 0)
(0.61113241 -0.0068648412 0)
(0.60913558 -0.0061782274 0)
(0.61252805 -0.0046174474 0)
(0.60815964 -0.0037957112 0)
(0.61418092 -0.0012606904 0)
(0.60546779 -0.00030287217 0)
(0.61664398 0.0040420646 0)
(0.59977257 0.0049426768 0)
(0.62077598 0.012658146 0)
(0.5883897 0.012922992 0)
(0.62827908 0.026941743 0)
(0.56589509 0.024680787 0)
(0.64266571 0.050487308 0)
(0.52090031 0.04005055 0)
(0.67397573 0.088764309 0)
(0.43343746 0.052617 0)
(0.77602068 0.15224552 0)
(0.50002936 -0.0056940355 0)
(0.50397203 -0.016154486 0)
(0.51100985 -0.024366574 0)
(0.52005346 -0.029868295 0)
(0.52962377 -0.033145356 0)
(0.53883208 -0.034826464 0)
(0.54736954 -0.035299228 0)
(0.55511873 -0.034815497 0)
(0.56196873 -0.033632366 0)
(0.56785087 -0.032013594 0)
(0.5727753 -0.030178874 0)
(0.57682891 -0.02827823 0)
(0.58011564 -0.026407533 0)
(0.58275235 -0.024621461 0)
(0.5848219 -0.022953462 0)
(0.58642521 -0.021413054 0)
(0.58760841 -0.020005891 0)
(0.58846906 -0.018718773 0)
(0.58900822 -0.017550284 0)
(0.58934192 -0.016475599 0)
(0.58940572 -0.015499439 0)
(0.58937445 -0.014585418 0)
(0.58907361 -0.013754402 0)
(0.5888107 -0.012949081 0)
(0.58820654 -0.012220286 0)
(0.58784181 -0.01146933 0)
(0.58694085 -0.010802561 0)
(0.58663245 -0.010040295 0)
(0.58536184 -0.0093944782 0)
(0.5853483 -0.0085273966 0)
(0.58349827 -0.0078567432 0)
(0.58419328 -0.0067336829 0)
(0.58129748 -0.0059868583 0)
(0.58346905 -0.0043431906 0)
(0.57856702 -0.0034745067 0)
(0.58368022 -0.00082150213 0)
(0.57485072 0.00015575199 0)
(0.58565019 0.0047202738 0)
(0.56912695 0.0055422305 0)
(0.59088013 0.013894507 0)
(0.55928379 0.013792566 0)
(0.60179819 0.029697472 0)
(0.54054924 0.026245059 0)
(0.62255722 0.057241265 0)
(0.50222095 0.043489889 0)
(0.66275448 0.10502585 0)
(0.42405141 0.059713131 0)
(0.77264283 0.18873192 0)
(0.49997367 -0.0086164275 0)
(0.50653262 -0.023495273 0)
(0.51722136 -0.033723311 0)
(0.52932575 -0.039663894 0)
(0.54055899 -0.042745965 0)
(0.55010085 -0.04388033 0)
(0.55788658 -0.043474305 0)
(0.5639365 -0.041875181 0)
(0.56825759 -0.039499209 0)
(0.57095525 -0.036731513 0)
(0.57224857 -0.033847632 0)
(0.57240955 -0.031015153 0)
(0.57168653 -0.028332668 0)
(0.57029722 -0.025851888 0)
(0.56840443 -0.023597709 0)
(0.56615681 -0.021568751 0)
(0.56364548 -0.019757262 0)
(0.56097804 -0.018139049 0)
(0.55818538 -0.016700301 0)
(0.5553638 -0.015408801 0)
(0.55248368 -0.014258498 0)
(0.549668 -0.013209914 0)
(0.54680499 -0.012273382 0)
(0.54410111 -0.011393463 0)
(0.54130177 -0.010608603 0)
(0.53879931 -0.0098285449 0)
(0.53606233 -0.0091423748 0)
(0.53387164 -0.0083886822 0)
(0.53113711 -0.0077524875 0)
(0.52944299 -0.006930522 0)
(0.52654979 -0.0062951852 0)
(0.52570847 -0.0052603338 0)
(0.52228866 -0.0045734601 0)
(0.52301995 -0.0030787341 0)
(0.5182629 -0.0022969449 0)
(0.52203274 0.0001052304 0)
(0.51414295 0.00095605216 0)
(0.52393243 0.005143523 0)
(0.50924298 0.0058712091 0)
(0.53105334 0.013762744 0)
(0.50190894 0.013478922 0)
(0.54714371 0.029328864 0)
(0.48831832 0.025167255 0)
(0.57804219 0.058640962 0)
(0.45963136 0.042163687 0)
(0.63396427 0.11443846 0)
(0.39748983 0.060428828 0)
(0.7617063 0.21782225 0)
(0.5000059 -0.014905703 0)
(0.51209822 -0.036534746 0)
(0.52731638 -0.047892076 0)
(0.54000472 -0.052684397 0)
(0.54810292 -0.053966783 0)
(0.55209392 -0.052861286 0)
(0.55285988 -0.049901278 0)
(0.55097086 -0.045741987 0)
(0.54688074 -0.04107243 0)
(0.54111684 -0.036401212 0)
(0.53424168 -0.032013498 0)
(0.52674521 -0.028042191 0)
(0.51899143 -0.024535903 0)
(0.51123993 -0.021492597 0)
(0.50365964 -0.01888312 0)
(0.49636875 -0.016659852 0)
(0.48942341 -0.014773586 0)
(0.48286734 -0.013170029 0)
(0.4766912 -0.011807547 0)
(0.47091284 -0.010638743 0)
(0.46548208 -0.0096379739 0)
(0.4604282 -0.0087624547 0)
(0.45566068 -0.0080050867 0)
(0.45125736 -0.0073187035 0)
(0.44705956 -0.0067201788 0)
(0.44325076 -0.0061424 0)
(0.43953273 -0.0056404112 0)
(0.43630687 -0.005099158 0)
(0.43297779 -0.0046442731 0)
(0.43040384 -0.0040584689 0)
(0.42734615 -0.0036079336 0)
(0.42564591 -0.0028615258 0)
(0.42264214 -0.0023749225 0)
(0.42234616 -0.0012716953 0)
(0.41888258 -0.00072575798 0)
(0.421194 0.0010862002 0)
(0.41597982 0.0016805218 0)
(0.42369197 0.0049616586 0)
(0.41357207 0.0054705454 0)
(0.43299782 0.011798885 0)
(0.41023204 0.011534526 0)
(0.45509779 0.024721129 0)
(0.40246304 0.021209985 0)
(0.49998599 0.051333981 0)
(0.38381168 0.035879764 0)
(0.58124498 0.10951728 0)
(0.34283078 0.054580725 0)
(0.74295089 0.22838701 0)
(0.5007652 -0.028436174 0)
(0.51614571 -0.055968405 0)
(0.5250021 -0.063600525 0)
(0.52225308 -0.063376981 0)
(0.51086505 -0.059788322 0)
(0.49517934 -0.053909256 0)
(0.47763719 -0.046596065 0)
(0.45932841 -0.038903028 0)
(0.4410036 -0.031655694 0)
(0.4233669 -0.025294006 0)
(0.40698093 -0.019989363 0)
(0.39213859 -0.015746199 0)
(0.37890607 -0.012464771 0)
(0.36721597 -0.0099880569 0)
(0.35692999 -0.0081451996 0)
(0.34788813 -0.0067781864 0)
(0.3399202 -0.0057583516 0)
(0.33287418 -0.0049844757 0)
(0.32660323 -0.0043860407 0)
(0.32099766 -0.0039085188 0)
(0.31594405 -0.0035204981 0)
(0.31138057 -0.003191038 0)
(0.30721417 -0.0029112692 0)
(0.30343155 -0.002656366 0)
(0.29993667 -0.0024337428 0)
(0.29677704 -0.0022110866 0)
(0.29381739 -0.0020157561 0)
(0.29120501 -0.0017914036 0)
(0.28869815 -0.0016012387 0)
(0.28663903 -0.0013353001 0)
(0.28453635 -0.0011309301 0)
(0.28314914 -0.00076338245 0)
(0.28140767 -0.00053319478 0)
(0.28100667 4.1163461e-05 0)
(0.27950173 0.00030114231 0)
(0.28083053 0.0013285513 0)
(0.27910924 0.0016083542 0)
(0.28400292 0.0035968999 0)
(0.28048293 0.0037302219 0)
(0.29368762 0.0078172829 0)
(0.28296608 0.0072528455 0)
(0.31747198 0.016255413 0)
(0.28256156 0.013454916 0)
(0.37294153 0.034748255 0)
(0.26952732 0.024591031 0)
(0.49003429 0.082113288 0)
(0.24411778 0.039389854 0)
(0.71014934 0.215455 0)
(0.46104633 -0.018548406 0)
(0.43269187 -0.031261668 0)
(0.39172362 -0.029517362 0)
(0.34129176 -0.023675463 0)
(0.29387996 -0.017829275 0)
(0.25492315 -0.012645669 0)
(0.22403883 -0.0083278835 0)
(0.19968812 -0.0050897562 0)
(0.18072552 -0.002883253 0)
(0.16618491 -0.0014679487 0)
(0.15513364 -0.00061941639 0)
(0.14671727 -0.00016326914 0)
(0.14022985 3.8747886e-05 0)
(0.13512848 9.4025342e-05 0)
(0.13101429 7.7108342e-05 0)
(0.12760629 3.3580081e-05 0)
(0.12470959 -1.326302e-05 0)
(0.12219381 -5.2664268e-05 0)
(0.11996869 -8.2152151e-05 0)
(0.11797662 -0.00010110947 0)
(0.11617321 -0.00011238977 0)
(0.11453411 -0.00011599098 0)
(0.11303218 -0.00011596596 0)
(0.11166141 -0.00010983656 0)
(0.11039826 -0.0001033346 0)
(0.10925373 -8.9480848e-05 0)
(0.10819788 -7.8480125e-05 0)
(0.10726734 -5.5001176e-05 0)
(0.10641081 -3.9590815e-05 0)
(0.10571335 2.203735e-07 0)
(0.10506864 2.0356633e-05 0)
(0.10466364 8.6665495e-05 0)
(0.10427119 0.00010015209 0)
(0.10431621 0.00021439315 0)
(0.10426278 0.00022263976 0)
(0.10505194 0.00047852596 0)
(0.10538707 0.00044598575 0)
(0.10761471 0.0010010193 0)
(0.10829845 0.0007933104 0)
(0.11369353 0.002120151 0)
(0.11390096 0.0013001729 0)
(0.12750041 0.0048435235 0)
(0.12241837 0.0019817892 0)
(0.16217567 0.011997102 0)
(0.1281652 0.0038323234 0)
(0.25861469 0.030752097 0)
(0.11815222 0.0095813269 0)
(0.52762501 0.086151805 0)
(0.32123129 -0.027349101 0)
(0.48277962 -0.0069412347 0)
(0.44591477 -0.0015426389 0)
(0.50138843 -0.0012260856 0)
(0.33154977 0.0070516261 0)
(0.35667444 -0.052384133 0)
(0.52173928 -0.014921358 0)
(0.47389951 -0.0039327465 0)
(0.53814345 1.3026229e-05 0)
(0.3467557 0.0089576674 0)
(0.36184913 -0.045340414 0)
(0.52831081 -0.012784517 0)
(0.47841741 -0.0042015105 0)
(0.54405544 -0.00019968201 0)
(0.35043829 0.0029636662 0)
(0.36564551 -0.042533219 0)
(0.53382387 -0.012237394 0)
(0.48256327 -0.0044968275 0)
(0.54814966 -0.00079093429 0)
(0.35312795 0.001423635 0)
(0.36887644 -0.035369282 0)
(0.53771316 -0.0099125981 0)
(0.48565433 -0.0038219574 0)
(0.55111844 -0.00093509395 0)
(0.3549675 0.00076110825 0)
(0.3705952 -0.027365837 0)
(0.54012456 -0.0074528182 0)
(0.4878306 -0.002945268 0)
(0.55334032 -0.00083970521 0)
(0.35633988 0.00048393747 0)
(0.37129075 -0.019713013 0)
(0.54143184 -0.0051497596 0)
(0.48922294 -0.0020385208 0)
(0.55489716 -0.00061502214 0)
(0.35732517 0.00033073187 0)
(0.371412 -0.013044301 0)
(0.54203928 -0.0032606639 0)
(0.49004535 -0.0012771981 0)
(0.55591802 -0.00038936441 0)
(0.35799054 0.00022344944 0)
(0.3713262 -0.0073707198 0)
(0.5422757 -0.0017724426 0)
(0.49048513 -0.00068277307 0)
(0.55652099 -0.00020490564 0)
(0.35839385 0.00013193794 0)
(0.37124043 -0.0023779302 0)
(0.54234626 -0.00055894201 0)
(0.49067259 -0.00021271925 0)
(0.55679815 -6.2777236e-05 0)
(0.35858263 4.38905e-05 0)
(0.37124043 0.0023779336 0)
(0.54234626 0.0005589441 0)
(0.49067259 0.00021272144 0)
(0.55679815 6.2779279e-05 0)
(0.35858263 -4.3888937e-05 0)
(0.3713262 0.0073707236 0)
(0.54227569 0.0017724455 0)
(0.49048513 0.00068277543 0)
(0.55652099 0.00020490751 0)
(0.35839385 -0.00013193652 0)
(0.371412 0.013044306 0)
(0.54203928 0.0032606676 0)
(0.49004535 0.0012772005 0)
(0.55591802 0.00038936575 0)
(0.35799054 -0.00022344831 0)
(0.37129075 0.019713017 0)
(0.54143184 0.0051497629 0)
(0.48922294 0.002038522 0)
(0.55489716 0.00061502259 0)
(0.35732516 -0.00033073118 0)
(0.3705952 0.02736584 0)
(0.54012455 0.0074528199 0)
(0.48783059 0.0029452678 0)
(0.55334032 0.00083970488 0)
(0.35633988 -0.0004839371 0)
(0.36887644 0.03536928 0)
(0.53771315 0.009912595 0)
(0.48565432 0.0038219555 0)
(0.55111844 0.00093509347 0)
(0.3549675 -0.00076110801 0)
(0.36564551 0.042533209 0)
(0.53382386 0.012237387 0)
(0.48256327 0.0044968249 0)
(0.54814966 0.00079093402 0)
(0.35312795 -0.0014236348 0)
(0.36184913 0.0453404 0)
(0.52831081 0.01278451 0)
(0.47841741 0.0042015088 0)
(0.54405544 0.0001996821 0)
(0.35043829 -0.0029636661 0)
(0.35667445 0.052384124 0)
(0.52173929 0.014921354 0)
(0.47389951 0.0039327456 0)
(0.53814345 -1.302571e-05 0)
(0.3467557 -0.0089576672 0)
(0.3212313 0.0273491 0)
(0.48277963 0.0069412334 0)
(0.44591478 0.0015426387 0)
(0.50138843 0.001226086 0)
(0.33154977 -0.0070516259 0)
(0.57422024 0.040429486 0)
(0.3986864 0.031736408 0)
(0.29438011 0.021070819 0)
(0.25904918 0.013056255 0)
(0.23939733 0.0086951526 0)
(0.21698331 0.006368654 0)
(0.19465731 0.0045816857 0)
(0.17642782 0.0028474867 0)
(0.16277435 0.0014055163 0)
(0.15264874 0.0005127469 0)
(0.14497376 0.00011076351 0)
(0.13898477 -1.3699558e-05 0)
(0.13417953 -2.7545303e-05 0)
(0.13022889 -6.5899359e-06 0)
(0.12690895 2.5040732e-05 0)
(0.1240604 5.8723225e-05 0)
(0.12156862 8.8826047e-05 0)
(0.11935279 0.00011195738 0)
(0.1173569 0.00012738991 0)
(0.11554179 0.00013621691 0)
(0.11387911 0.00014015487 0)
(0.11234728 0.00014077338 0)
(0.11092919 0.0001392506 0)
(0.1096109 0.00013639196 0)
(0.10838083 0.0001327437 0)
(0.10722924 0.00012866215 0)
(0.10614787 0.00012439195 0)
(0.10512965 0.00012007705 0)
(0.10416849 0.00011582292 0)
(0.10325914 0.00011167332 0)
(0.10239699 0.0001076767 0)
(0.10157805 0.00010383686 0)
(0.10079877 0.00010018094 0)
(0.100056 9.670842e-05 0)
(0.099347025 9.3421505e-05 0)
(0.098669131 9.0363274e-05 0)
(0.098020379 8.7453028e-05 0)
(0.097397978 8.4900921e-05 0)
(0.096801154 8.2352812e-05 0)
(0.096225856 8.0543486e-05 0)
(0.095673978 7.8274652e-05 0)
(0.095137014 7.7885707e-05 0)
(0.0946244 7.5601442e-05 0)
(0.09411322 7.8861609e-05 0)
(0.093636927 7.5593137e-05 0)
(0.093121895 9.0432797e-05 0)
(0.092685321 7.8092016e-05 0)
(0.092007197 0.00016521141 0)
(0.6629022 0.050454197 0)
(0.56865393 0.069464168 0)
(0.50119663 0.067627439 0)
(0.48354891 0.056459149 0)
(0.48001652 0.046802563 0)
(0.47009427 0.040310919 0)
(0.45324767 0.034921651 0)
(0.43442687 0.029245757 0)
(0.41675732 0.023517396 0)
(0.4010475 0.018489881 0)
(0.38710531 0.014544355 0)
(0.37465581 0.01160851 0)
(0.36355702 0.0094358736 0)
(0.3537189 0.0078067547 0)
(0.3450283 0.006572829 0)
(0.33734327 0.0056335824 0)
(0.33051724 0.004913079 0)
(0.32441792 0.0043514904 0)
(0.31893349 0.0039037081 0)
(0.3139715 0.003537914 0)
(0.30945562 0.0032326394 0)
(0.30532278 0.0029734315 0)
(0.30152082 0.0027502855 0)
(0.29800659 0.0025559686 0)
(0.29474426 0.0023851232 0)
(0.291704 0.0022336434 0)
(0.28886075 0.0020983942 0)
(0.28619338 0.0019768483 0)
(0.28368384 0.0018670523 0)
(0.28131676 0.001767325 0)
(0.27907881 0.001676398 0)
(0.27695848 0.0015930893 0)
(0.27494575 0.001516569 0)
(0.27303157 0.0014459942 0)
(0.27120862 0.0013807976 0)
(0.26946893 0.0013204561 0)
(0.26780816 0.0012644322 0)
(0.2662172 0.0012127497 0)
(0.26469704 0.001164381 0)
(0.26323221 0.0011207322 0)
(0.26183672 0.0010788915 0)
(0.26047432 0.0010441363 0)
(0.25919634 0.0010078346 0)
(0.25790098 0.00098626836 0)
(0.25675772 0.0009546276 0)
(0.25544369 0.00096041035 0)
(0.25454705 0.00093441985 0)
(0.25288525 0.0010116482 0)
(0.66502925 0.032245535 0)
(0.57761821 0.04837149 0)
(0.5258295 0.052895858 0)
(0.52630357 0.05059011 0)
(0.54197853 0.047275253 0)
(0.55022796 0.044616452 0)
(0.54908204 0.041952226 0)
(0.54320233 0.038503015 0)
(0.53617939 0.034409907 0)
(0.52912 0.030258287 0)
(0.5219671 0.026496176 0)
(0.51460172 0.023259795 0)
(0.50713525 0.020498493 0)
(0.49977685 0.018125697 0)
(0.49268825 0.016080743 0)
(0.48594826 0.014325141 0)
(0.47957975 0.012825514 0)
(0.47358059 0.011546587 0)
(0.46793952 0.010453215 0)
(0.46264088 0.0095140143 0)
(0.45766564 0.0087029684 0)
(0.4529925 0.0079989615 0)
(0.44859926 0.0073847868 0)
(0.44446418 0.0068461555 0)
(0.4405666 0.0063712566 0)
(0.43688745 0.0059501966 0)
(0.43340904 0.0055749237 0)
(0.43011541 0.0052386166 0)
(0.42699187 0.0049358484 0)
(0.42402525 0.0046618214 0)
(0.42120359 0.0044129117 0)
(0.41851593 0.0041856143 0)
(0.41595292 0.003977596 0)
(0.41350482 0.0037861586 0)
(0.41116542 0.0036099353 0)
(0.40892413 0.0034467353 0)
(0.40678026 0.0032959053 0)
(0.40471743 0.0031556893 0)
(0.40274777 0.0030258043 0)
(0.40083607 0.0029052612 0)
(0.39902817 0.0027934536 0)
(0.39723437 0.002691227 0)
(0.3955934 0.0025964031 0)
(0.39386036 0.0025136031 0)
(0.39243809 0.0024381472 0)
(0.39063299 0.0023794148 0)
(0.38961717 0.0023341847 0)
(0.38737076 0.0023122477 0)
(0.66460484 0.019561538 0)
(0.5691038 0.031246411 0)
(0.51519369 0.03743836 0)
(0.51940691 0.039777449 0)
(0.54189207 0.040260861 0)
(0.55798814 0.03992382 0)
(0.56492382 0.038979933 0)
(0.56709017 0.037283563 0)
(0.56804835 0.034925252 0)
(0.56878779 0.032239252 0)
(0.56904359 0.02956053 0)
(0.56850831 0.027068226 0)
(0.56720063 0.024801624 0)
(0.56532841 0.02274294 0)
(0.56309879 0.020873689 0)
(0.56064578 0.019185587 0)
(0.55804451 0.017671593 0)
(0.55534334 0.016319467 0)
(0.55258157 0.015112537 0)
(0.54979328 0.014033202 0)
(0.5470061 0.013065522 0)
(0.54424088 0.012195758 0)
(0.54151257 0.011412207 0)
(0.53883198 0.010704523 0)
(0.53620668 0.010063761 0)
(0.53364221 0.0094818327 0)
(0.53114203 0.0089520032 0)
(0.52870851 0.0084679846 0)
(0.52634258 0.0080249114 0)
(0.52404452 0.0076177464 0)
(0.52181397 0.0072431989 0)
(0.51964964 0.0068969271 0)
(0.51755116 0.0065771437 0)
(0.51551512 0.0062796156 0)
(0.51354339 0.0060042784 0)
(0.51162771 0.0057462243 0)
(0.50977739 0.0055077834 0)
(0.50797147 0.0052821076 0)
(0.50623973 0.0050754565 0)
(0.50452794 0.0048766706 0)
(0.50291942 0.0046993077 0)
(0.50127418 0.0045229783 0)
(0.49981248 0.0043759951 0)
(0.49817702 0.0042180311 0)
(0.49693289 0.004108266 0)
(0.49517988 0.0039640097 0)
(0.49433685 0.0039051739 0)
(0.49216758 0.003770717 0)
(0.66596824 0.012600832 0)
(0.56541976 0.021475767 0)
(0.50726973 0.027352635 0)
(0.50959401 0.030762125 0)
(0.53210126 0.032381571 0)
(0.54936573 0.032829154 0)
(0.55821421 0.032545705 0)
(0.56286278 0.031694095 0)
(0.56683861 0.030368076 0)
(0.57106514 0.02873159 0)
(0.57512641 0.026982377 0)
(0.57853629 0.025264849 0)
(0.58117412 0.023643199 0)
(0.58316696 0.02213046 0)
(0.58468188 0.020724849 0)
(0.5858297 0.019425748 0)
(0.58666771 0.018233074 0)
(0.58723114 0.017143305 0)
(0.58755256 0.016148974 0)
(0.58766552 0.015240594 0)
(0.5876015 0.014408908 0)
(0.58738775 0.0136456 0)
(0.58704682 0.012943634 0)
(0.58659795 0.012296567 0)
(0.58605744 0.011698982 0)
(0.58543992 0.011145556 0)
(0.58475771 0.010632239 0)
(0.58402212 0.010154542 0)
(0.58324229 0.0097097997 0)
(0.58242688 0.0092938927 0)
(0.58158267 0.0089056325 0)
(0.58071604 0.0085405858 0)
(0.5798326 0.0081994896 0)
(0.57893589 0.0078765832 0)
(0.57803254 0.0075756054 0)
(0.57712078 0.0072877339 0)
(0.57621319 0.0070218989 0)
(0.5752956 0.006763054 0)
(0.5743985 0.0065295825 0)
(0.57347727 0.0062943223 0)
(0.57260863 0.0060931992 0)
(0.57167479 0.0058760267 0)
(0.57086412 0.0057111062 0)
(0.56988764 0.005505776 0)
(0.56919253 0.0053858861 0)
(0.56810132 0.0051849931 0)
(0.5676386 0.0051219059 0)
(0.5662736 0.0049195559 0)
(0.66758333 0.008566996 0)
(0.5646131 0.015293865 0)
(0.50357516 0.020101842 0)
(0.50370578 0.023186762 0)
(0.52484471 0.024888981 0)
(0.54134967 0.02556883 0)
(0.54990753 0.025585283 0)
(0.55464772 0.02516231 0)
(0.55908292 0.024406796 0)
(0.56414139 0.023408506 0)
(0.56937151 0.022277612 0)
(0.57421013 0.021116039 0)
(0.57845542 0.019987719 0)
(0.58217521 0.018919231 0)
(0.5855001 0.017917465 0)
(0.58851603 0.016983965 0)
(0.59125869 0.016119397 0)
(0.59374321 0.015322599 0)
(0.59598494 0.014589878 0)
(0.59800406 0.013915599 0)
(0.59982197 0.01329376 0)
(0.60145836 0.012718568 0)
(0.60292971 0.01218519 0)
(0.6042507 0.011688996 0)
(0.60543382 0.011226415 0)
(0.60649144 0.010793509 0)
(0.60743372 0.010387877 0)
(0.6082716 0.010005941 0)
(0.60901292 0.0096466645 0)
(0.60966767 0.0093062823 0)
(0.61024122 0.008985487 0)
(0.61074337 0.0086794021 0)
(0.61117684 0.0083913138 0)
(0.611552 0.0081137379 0)
(0.61186856 0.0078543197 0)
(0.61213825 0.0076003973 0)
(0.61235748 0.0073672784 0)
(0.61253965 0.0071326241 0)
(0.61267844 0.006925321 0)
(0.61278778 0.0067055767 0)
(0.61286156 0.0065260166 0)
(0.61290933 0.0063164303 0)
(0.61293374 0.0061696495 0)
(0.61292726 0.0059648288 0)
(0.61292037 0.0058590392 0)
(0.61286179 0.0056535241 0)
(0.61284588 0.005597591 0)
(0.61273089 0.005390457 0)
(0.66890928 0.005860527 0)
(0.56467657 0.010718721 0)
(0.50185008 0.014332053 0)
(0.50046415 0.016782169 0)
(0.52046775 0.018268056 0)
(0.53611691 0.018985308 0)
(0.54405338 0.019161026 0)
(0.54836735 0.018980053 0)
(0.55255085 0.018546779 0)
(0.55753799 0.017926648 0)
(0.56288129 0.017186287 0)
(0.56800021 0.016394862 0)
(0.57266094 0.015606245 0)
(0.57690167 0.014850394 0)
(0.58083367 0.014138966 0)
(0.58453142 0.013475235 0)
(0.58802154 0.012860039 0)
(0.59130999 0.01229292 0)
(0.59440291 0.011771897 0)
(0.59731234 0.011293376 0)
(0.6000527 0.010853174 0)
(0.60263788 0.010446853 0)
(0.60507894 0.010070696 0)
(0.60738594 0.0097209357 0)
(0.60956659 0.0093949072 0)
(0.61162971 0.0090893125 0)
(0.6135811 0.0088025728 0)
(0.61542958 0.008531501 0)
(0.61717848 0.0082758851 0)
(0.61883764 0.0080320692 0)
(0.62040673 0.0078017165 0)
(0.62189862 0.0075796922 0)
(0.62330706 0.0073705583 0)
(0.62465153 0.0071660564 0)
(0.62591527 0.0069755951 0)
(0.62713096 0.0067850584 0)
(0.62826256 0.0066121419 0)
(0.62936822 0.0064323351 0)
(0.63037593 0.0062773896 0)
(0.63139263 0.0061050869 0)
(0.63227834 0.0059703903 0)
(0.63323337 0.0058021847 0)
(0.6339882 0.0056921351 0)
(0.63492237 0.0055245716 0)
(0.63551746 0.0054453164 0)
(0.63649921 0.0052761615 0)
(0.63686724 0.0052339209 0)
(0.63802137 0.0050673686 0)
(0.66984695 0.0038296943 0)
(0.56491321 0.0070811922 0)
(0.50100222 0.0095757954 0)
(0.49866034 0.011341702 0)
(0.51790553 0.012485682 0)
(0.53293064 0.013103617 0)
(0.54036642 0.013321861 0)
(0.54429283 0.013266342 0)
(0.54818243 0.013022506 0)
(0.55296026 0.012642372 0)
(0.55817968 0.012169239 0)
(0.56325722 0.011647704 0)
(0.56794723 0.011116807 0)
(0.57227313 0.010602122 0)
(0.57633552 0.010115763 0)
(0.58020383 0.0096618436 0)
(0.58390244 0.0092414683 0)
(0.5874354 0.0088545874 0)
(0.59080644 0.008500229 0)
(0.59402525 0.0081762259 0)
(0.59710405 0.0078798365 0)
(0.60005516 0.0076078659 0)
(0.60288779 0.0073576091 0)
(0.60561068 0.0071261696 0)
(0.60822934 0.0069116152 0)
(0.6107515 0.0067113261 0)
(0.61318021 0.0065242509 0)
(0.61552395 0.0063477399 0)
(0.6177823 0.0061819012 0)
(0.61996633 0.006023564 0)
(0.6220699 0.0058744855 0)
(0.62411029 0.0057301115 0)
(0.6260712 0.0055947516 0)
(0.62798283 0.0054610768 0)
(0.62980983 0.0053375809 0)
(0.63160802 0.0052119249 0)
(0.63330569 0.0050995371 0)
(0.63500845 0.004979529 0)
(0.63657509 0.0048786366 0)
(0.63820708 0.0047620345 0)
(0.63963033 0.0046742816 0)
(0.64122981 0.0045589361 0)
(0.64247808 0.0044872559 0)
(0.64410987 0.004371425 0)
(0.64511575 0.0043196773 0)
(0.64689538 0.0042034549 0)
(0.64752538 0.0041756555 0)
(0.64966594 0.0040653151 0)
(0.67042835 0.0021709625 0)
(0.56511844 0.0040350385 0)
(0.50059232 0.0054973746 0)
(0.49769014 0.0065637841 0)
(0.51647292 0.0072820229 0)
(0.53110049 0.0076933572 0)
(0.53820645 0.007859994 0)
(0.54187433 0.0078536861 0)
(0.54556478 0.0077295617 0)
(0.55018982 0.0075221137 0)
(0.55529767 0.0072568036 0)
(0.56030274 0.0069585025 0)
(0.56495401 0.0066502282 0)
(0.56926672 0.0063485601 0)
(0.57333455 0.0060622823 0)
(0.57722347 0.0057947501 0)
(0.580957 0.0055469557 0)
(0.58453917 0.0053190297 0)
(0.58797353 0.005110597 0)
(0.5912696 0.004920556 0)
(0.59443942 0.0047474076 0)
(0.59749555 0.0045892616 0)
(0.60044721 0.0044445032 0)
(0.60330355 0.0043113231 0)
(0.60606969 0.0041885616 0)
(0.60875384 0.004074537 0)
(0.61135799 0.0039686485 0)
(0.61389154 0.003869142 0)
(0.61635197 0.0037761748 0)
(0.61875235 0.0036876034 0)
(0.62108255 0.003604684 0)
(0.62336424 0.0035243258 0)
(0.62557354 0.0034494788 0)
(0.62774988 0.0033752149 0)
(0.62984347 0.0033072127 0)
(0.63192873 0.003237314 0)
(0.63390651 0.0031756115 0)
(0.63591891 0.0031085875 0)
(0.63777274 0.0030533232 0)
(0.63973953 0.0029878412 0)
(0.64144754 0.0029398606 0)
(0.64341386 0.002874772 0)
(0.6449296 0.0028355955 0)
(0.64697473 0.0027702232 0)
(0.64820672 0.0027418483 0)
(0.65047394 0.0026770503 0)
(0.65124932 0.0026617022 0)
(0.65400222 0.0026026164 0)
(0.67070414 0.00070391749 0)
(0.56523051 0.0013113546 0)
(0.50042621 0.0017933348 0)
(0.49726397 0.002149972 0)
(0.51582619 0.0023943078 0)
(0.5302598 0.0025376523 0)
(0.53720271 0.0025987338 0)
(0.54074326 0.0026008104 0)
(0.54433701 0.0025628102 0)
(0.54888787 0.0024968067 0)
(0.5539396 0.0024112677 0)
(0.55890495 0.0023141581 0)
(0.56353058 0.0022130122 0)
(0.56782795 0.0021135075 0)
(0.57188706 0.0020188153 0)
(0.57577178 0.0019302166 0)
(0.579505 0.0018481106 0)
(0.58309079 0.0017725736 0)
(0.58653277 0.0017035195 0)
(0.58984055 0.0016406201 0)
(0.59302628 0.0015834076 0)
(0.5961029 0.0015312633 0)
(0.59907988 0.001483656 0)
(0.60196691 0.0014399752 0)
(0.60476918 0.0013998376 0)
(0.60749551 0.0013626668 0)
(0.61014761 0.0013282692 0)
(0.6127357 0.0012960341 0)
(0.61525639 0.0012660288 0)
(0.61772419 0.0012374999 0)
(0.62012702 0.0012108964 0)
(0.62248924 0.001185132 0)
(0.62478307 0.001161242 0)
(0.62705312 0.0011375053 0)
(0.62924211 0.0011158923 0)
(0.63143442 0.0010935826 0)
(0.63351675 0.0010740386 0)
(0.63565016 0.0010526449 0)
(0.63761498 0.0010351873 0)
(0.63971825 0.001014266 0)
(0.64153944 0.00099913793 0)
(0.64366111 0.00097833092 0)
(0.64528544 0.00096598595 0)
(0.64751139 0.00094513658 0)
(0.6488366 0.00093617514 0)
(0.65132248 0.00091571446 0)
(0.65215839 0.00091084294 0)
(0.65518972 0.00089270771 0)
(0.67070414 -0.00070391629 0)
(0.56523051 -0.0013113533 0)
(0.50042621 -0.0017933329 0)
(0.49726397 -0.0021499703 0)
(0.51582619 -0.002394307 0)
(0.5302598 -0.002537652 0)
(0.53720271 -0.0025987331 0)
(0.54074326 -0.002600809 0)
(0.54433701 -0.0025628085 0)
(0.54888787 -0.0024968055 0)
(0.5539396 -0.002411268 0)
(0.55890495 -0.0023141607 0)
(0.56353058 -0.0022130175 0)
(0.56782795 -0.0021135158 0)
(0.57188706 -0.0020188267 0)
(0.57577178 -0.0019302313 0)
(0.579505 -0.0018481286 0)
(0.58309079 -0.0017725947 0)
(0.58653277 -0.0017035429 0)
(0.58984055 -0.0016406451 0)
(0.59302628 -0.0015834333 0)
(0.5961029 -0.0015312888 0)
(0.59907988 -0.0014836807 0)
(0.6019669 -0.0014399986 0)
(0.60476918 -0.0013998596 0)
(0.60749551 -0.0013626873 0)
(0.61014761 -0.0013282885 0)
(0.6127357 -0.0012960521 0)
(0.61525639 -0.0012660456 0)
(0.61772419 -0.0012375155 0)
(0.62012702 -0.0012109107 0)
(0.62248924 -0.0011851449 0)
(0.62478307 -0.0011612529 0)
(0.62705312 -0.0011375143 0)
(0.6292421 -0.001115899 0)
(0.63143442 -0.0010935873 0)
(0.63351674 -0.0010740414 0)
(0.63565016 -0.0010526458 0)
(0.63761497 -0.001035187 0)
(0.63971826 -0.0010142654 0)
(0.64153944 -0.00099913796 0)
(0.64366111 -0.00097833099 0)
(0.64528545 -0.00096598461 0)
(0.64751139 -0.00094513184 0)
(0.64883661 -0.00093616924 0)
(0.65132248 -0.00091570626 0)
(0.6521584 -0.00091083811 0)
(0.65518973 -0.00089269754 0)
(0.67042835 -0.0021709612 0)
(0.56511844 -0.0040350369 0)
(0.50059232 -0.0054973725 0)
(0.49769014 -0.0065637824 0)
(0.51647292 -0.0072820223 0)
(0.53110049 -0.0076933572 0)
(0.53820645 -0.0078599937 0)
(0.54187433 -0.0078536851 0)
(0.54556478 -0.0077295604 0)
(0.55018982 -0.007522113 0)
(0.55529768 -0.0072568044 0)
(0.56030275 -0.0069585054 0)
(0.56495401 -0.0066502337 0)
(0.56926672 -0.0063485684 0)
(0.57333456 -0.0060622936 0)
(0.57722348 -0.0057947645 0)
(0.580957 -0.0055469732 0)
(0.58453917 -0.00531905 0)
(0.58797353 -0.0051106196 0)
(0.5912696 -0.0049205802 0)
(0.59443942 -0.0047474325 0)
(0.59749555 -0.0045892864 0)
(0.60044721 -0.0044445271 0)
(0.60330354 -0.0043113459 0)
(0.60606968 -0.004188583 0)
(0.60875383 -0.004074557 0)
(0.61135799 -0.0039686672 0)
(0.61389154 -0.0038691595 0)
(0.61635196 -0.0037761913 0)
(0.61875234 -0.0036876187 0)
(0.62108254 -0.0036046981 0)
(0.62336423 -0.0035243384 0)
(0.62557354 -0.0034494901 0)
(0.62774987 -0.0033752242 0)
(0.62984347 -0.0033072204 0)
(0.63192871 -0.0032373196 0)
(0.63390651 -0.0031756151 0)
(0.63591889 -0.0031085894 0)
(0.63777275 -0.003053324 0)
(0.63973951 -0.0029878416 0)
(0.64144754 -0.0029398618 0)
(0.64341387 -0.0028747725 0)
(0.64492959 -0.0028355949 0)
(0.64697474 -0.0027702198 0)
(0.64820671 -0.0027418415 0)
(0.65047396 -0.0026770419 0)
(0.65124933 -0.0026616988 0)
(0.65400224 -0.0026026081 0)
(0.66984694 -0.0038296928 0)
(0.56491321 -0.0070811905 0)
(0.50100222 -0.0095757934 0)
(0.49866034 -0.0113417 0)
(0.51790553 -0.012485682 0)
(0.53293064 -0.013103618 0)
(0.54036642 -0.013321862 0)
(0.54429283 -0.013266342 0)
(0.54818243 -0.013022506 0)
(0.55296026 -0.012642372 0)
(0.55817968 -0.01216924 0)
(0.56325723 -0.011647708 0)
(0.56794724 -0.011116813 0)
(0.57227314 -0.01060213 0)
(0.57633553 -0.010115773 0)
(0.58020383 -0.0096618571 0)
(0.58390244 -0.0092414846 0)
(0.58743541 -0.0088546062 0)
(0.59080644 -0.0085002499 0)
(0.59402525 -0.0081762483 0)
(0.59710405 -0.0078798597 0)
(0.60005516 -0.0076078891 0)
(0.60288779 -0.0073576317 0)
(0.60561067 -0.0071261911 0)
(0.60822933 -0.0069116355 0)
(0.61075148 -0.006711345 0)
(0.61318019 -0.0065242686 0)
(0.61552393 -0.0063477566 0)
(0.61778229 -0.0061819168 0)
(0.61996631 -0.0060235789 0)
(0.62206989 -0.0058744993 0)
(0.62411027 -0.0057301242 0)
(0.62607118 -0.0055947629 0)
(0.62798282 -0.0054610867 0)
(0.62980981 -0.0053375891 0)
(0.63160801 -0.0052119313 0)
(0.63330567 -0.0050995419 0)
(0.63500845 -0.0049795322 0)
(0.63657507 -0.0048786395 0)
(0.63820709 -0.0047620369 0)
(0.63963032 -0.0046742842 0)
(0.64122981 -0.0045589388 0)
(0.64247809 -0.0044872562 0)
(0.64410986 -0.0043714246 0)
(0.64511576 -0.0043196738 0)
(0.6468954 -0.0042034513 0)
(0.6475254 -0.0041756575 0)
(0.64966598 -0.0040653112 0)
(0.66890928 -0.0058605256 0)
(0.56467657 -0.010718719 0)
(0.50185008 -0.014332051 0)
(0.50046415 -0.016782169 0)
(0.52046775 -0.018268057 0)
(0.53611691 -0.01898531 0)
(0.54405338 -0.019161028 0)
(0.54836735 -0.018980054 0)
(0.55255086 -0.01854678 0)
(0.557538 -0.01792665 0)
(0.5628813 -0.01718629 0)
(0.56800022 -0.016394866 0)
(0.57266095 -0.015606251 0)
(0.57690168 -0.014850402 0)
(0.58083368 -0.014138976 0)
(0.58453142 -0.013475247 0)
(0.58802154 -0.012860053 0)
(0.59130999 -0.012292936 0)
(0.59440291 -0.011771915 0)
(0.59731233 -0.011293395 0)
(0.60005269 -0.010853195 0)
(0.60263787 -0.010446874 0)
(0.60507892 -0.010070716 0)
(0.60738593 -0.0097209554 0)
(0.60956657 -0.009394926 0)
(0.61162969 -0.0090893301 0)
(0.61358108 -0.0088025895 0)
(0.61542957 -0.0085315168 0)
(0.61717846 -0.0082759002 0)
(0.61883762 -0.0080320836 0)
(0.62040671 -0.0078017303 0)
(0.6218986 -0.0075797049 0)
(0.62330704 -0.0073705702 0)
(0.62465151 -0.0071660667 0)
(0.62591526 -0.0069756043 0)
(0.62713094 -0.006785066 0)
(0.62826255 -0.0066121485 0)
(0.6293682 -0.0064323408 0)
(0.63037592 -0.0062773948 0)
(0.63139262 -0.006105092 0)
(0.63227833 -0.0059703957 0)
(0.63323336 -0.0058021884 0)
(0.6339882 -0.0056921403 0)
(0.63492237 -0.0055245734 0)
(0.63551746 -0.0054453211 0)
(0.63649922 -0.0052761673 0)
(0.63686727 -0.0052339272 0)
(0.63802143 -0.005067371 0)
(0.66758333 -0.0085669949 0)
(0.5646131 -0.015293864 0)
(0.50357516 -0.020101841 0)
(0.50370578 -0.023186762 0)
(0.52484471 -0.024888983 0)
(0.54134967 -0.025568833 0)
(0.54990754 -0.025585285 0)
(0.55464773 -0.025162313 0)
(0.55908293 -0.024406799 0)
(0.5641414 -0.02340851 0)
(0.56937152 -0.022277616 0)
(0.57421014 -0.021116044 0)
(0.57845543 -0.019987725 0)
(0.58217522 -0.018919238 0)
(0.58550011 -0.017917473 0)
(0.58851604 -0.016983974 0)
(0.59125869 -0.016119407 0)
(0.59374321 -0.015322611 0)
(0.59598493 -0.014589893 0)
(0.59800405 -0.013915615 0)
(0.59982196 -0.013293777 0)
(0.60145835 -0.012718586 0)
(0.6029297 -0.012185208 0)
(0.60425068 -0.011689014 0)
(0.6054338 -0.011226432 0)
(0.60649141 -0.010793525 0)
(0.60743369 -0.010387892 0)
(0.60827158 -0.010005957 0)
(0.6090129 -0.0096466793 0)
(0.60966764 -0.0093062967 0)
(0.6102412 -0.0089855007 0)
(0.61074334 -0.0086794152 0)
(0.61117681 -0.0083913258 0)
(0.61155198 -0.0081137491 0)
(0.61186854 -0.0078543296 0)
(0.61213823 -0.0076004064 0)
(0.61235746 -0.0073672869 0)
(0.61253963 -0.0071326321 0)
(0.61267842 -0.0069253293 0)
(0.61278776 -0.0067055842 0)
(0.61286154 -0.0065260242 0)
(0.61290932 -0.0063164382 0)
(0.61293372 -0.0061696561 0)
(0.61292725 -0.0059648397 0)
(0.61292037 -0.0058590515 0)
(0.6128618 -0.0056535368 0)
(0.6128459 -0.0055976032 0)
(0.61273093 -0.0053904659 0)
(0.66596824 -0.012600831 0)
(0.56541976 -0.021475767 0)
(0.50726973 -0.027352636 0)
(0.50959401 -0.030762127 0)
(0.53210126 -0.032381574 0)
(0.54936573 -0.032829158 0)
(0.55821422 -0.032545709 0)
(0.56286278 -0.031694099 0)
(0.56683862 -0.030368081 0)
(0.57106514 -0.028731595 0)
(0.57512642 -0.026982382 0)
(0.5785363 -0.025264853 0)
(0.58117413 -0.023643204 0)
(0.58316697 -0.022130465 0)
(0.58468189 -0.020724854 0)
(0.5858297 -0.019425753 0)
(0.58666771 -0.01823308 0)
(0.58723114 -0.017143314 0)
(0.58755255 -0.016148984 0)
(0.58766551 -0.015240606 0)
(0.58760148 -0.014408922 0)
(0.58738773 -0.013645615 0)
(0.5870468 -0.012943649 0)
(0.58659793 -0.012296583 0)
(0.58605742 -0.011698997 0)
(0.5854399 -0.011145571 0)
(0.58475768 -0.010632254 0)
(0.58402209 -0.010154556 0)
(0.58324226 -0.0097098139 0)
(0.58242684 -0.0092939066 0)
(0.58158264 -0.008905646 0)
(0.580716 -0.0085405986 0)
(0.57983256 -0.0081995016 0)
(0.57893586 -0.0078765944 0)
(0.5780325 -0.0075756157 0)
(0.57712075 -0.0072877438 0)
(0.57621315 -0.0070219086 0)
(0.57529558 -0.0067630638 0)
(0.57439845 -0.006529592 0)
(0.57347724 -0.0062943318 0)
(0.57260859 -0.0060932083 0)
(0.57167474 -0.0058760362 0)
(0.5708641 -0.0057111199 0)
(0.56988759 -0.0055057899 0)
(0.56919251 -0.0053859069 0)
(0.5681013 -0.0051850088 0)
(0.56763859 -0.0051219155 0)
(0.56627361 -0.0049195711 0)
(0.66460484 -0.019561539 0)
(0.5691038 -0.031246413 0)
(0.51519369 -0.037438363 0)
(0.51940691 -0.039777453 0)
(0.54189207 -0.040260865 0)
(0.55798814 -0.039923824 0)
(0.56492382 -0.038979937 0)
(0.56709017 -0.037283567 0)
(0.56804835 -0.034925257 0)
(0.5687878 -0.032239257 0)
(0.56904359 -0.029560535 0)
(0.56850831 -0.02706823 0)
(0.56720063 -0.024801627 0)
(0.56532841 -0.022742943 0)
(0.56309879 -0.020873692 0)
(0.56064578 -0.01918559 0)
(0.5580445 -0.017671597 0)
(0.55534333 -0.016319472 0)
(0.55258155 -0.015112544 0)
(0.54979327 -0.014033211 0)
(0.54700608 -0.013065533 0)
(0.54424086 -0.01219577 0)
(0.54151255 -0.011412219 0)
(0.53883196 -0.010704535 0)
(0.53620665 -0.010063773 0)
(0.53364217 -0.009481845 0)
(0.531142 -0.0089520155 0)
(0.52870847 -0.0084679968 0)
(0.52634254 -0.0080249235 0)
(0.52404448 -0.0076177582 0)
(0.52181392 -0.0072432101 0)
(0.51964959 -0.0068969377 0)
(0.51755111 -0.0065771536 0)
(0.51551506 -0.006279625 0)
(0.51354334 -0.0060042874 0)
(0.51162765 -0.005746233 0)
(0.50977733 -0.0055077924 0)
(0.5079714 -0.0052821164 0)
(0.50623968 -0.0050754651 0)
(0.50452786 -0.0048766791 0)
(0.50291936 -0.0046993163 0)
(0.50127411 -0.0045229884 0)
(0.49981241 -0.0043760103 0)
(0.49817697 -0.0042180476 0)
(0.49693282 -0.0041082828 0)
(0.49517982 -0.0039640234 0)
(0.49433679 -0.0039051852 0)
(0.49216753 -0.0037707375 0)
(0.66502925 -0.032245538 0)
(0.57761822 -0.048371495 0)
(0.52582951 -0.052895864 0)
(0.52630357 -0.050590115 0)
(0.54197853 -0.047275257 0)
(0.55022796 -0.044616455 0)
(0.54908204 -0.04195223 0)
(0.54320233 -0.038503019 0)
(0.53617939 -0.034409912 0)
(0.52912 -0.030258291 0)
(0.52196709 -0.026496179 0)
(0.51460171 -0.023259798 0)
(0.50713525 -0.020498495 0)
(0.49977685 -0.018125698 0)
(0.49268824 -0.016080744 0)
(0.48594825 -0.014325142 0)
(0.47957974 -0.012825516 0)
(0.47358058 -0.011546591 0)
(0.4679395 -0.01045322 0)
(0.46264087 -0.0095140207 0)
(0.45766562 -0.0087029759 0)
(0.45299248 -0.0079989696 0)
(0.44859923 -0.0073847953 0)
(0.44446415 -0.0068461641 0)
(0.44056657 -0.0063712652 0)
(0.43688741 -0.0059502052 0)
(0.43340899 -0.0055749322 0)
(0.43011536 -0.005238625 0)
(0.42699182 -0.0049358566 0)
(0.4240252 -0.0046618291 0)
(0.42120353 -0.0044129191 0)
(0.41851587 -0.0041856211 0)
(0.41595286 -0.0039776024 0)
(0.41350476 -0.0037861647 0)
(0.41116535 -0.0036099415 0)
(0.40892406 -0.0034467415 0)
(0.40678018 -0.0032959116 0)
(0.40471736 -0.0031556953 0)
(0.40274768 -0.0030258099 0)
(0.400836 -0.0029052664 0)
(0.39902808 -0.0027934599 0)
(0.39723429 -0.002691235 0)
(0.39559331 -0.0025964133 0)
(0.39386027 -0.0025136159 0)
(0.39243802 -0.00243816 0)
(0.39063289 -0.0023794258 0)
(0.38961707 -0.0023341995 0)
(0.38737065 -0.0023122682 0)
(0.6629022 -0.050454201 0)
(0.56865392 -0.069464174 0)
(0.50119662 -0.067627445 0)
(0.4835489 -0.056459152 0)
(0.48001651 -0.046802565 0)
(0.47009427 -0.040310921 0)
(0.45324767 -0.034921653 0)
(0.43442686 -0.029245759 0)
(0.41675731 -0.023517398 0)
(0.40104749 -0.018489883 0)
(0.38710529 -0.014544356 0)
(0.37465579 -0.011608512 0)
(0.36355701 -0.0094358746 0)
(0.35371888 -0.0078067558 0)
(0.34502829 -0.0065728303 0)
(0.33734326 -0.0056335841 0)
(0.33051723 -0.0049130813 0)
(0.3244179 -0.0043514933 0)
(0.31893348 -0.0039037117 0)
(0.31397148 -0.0035379181 0)
(0.3094556 -0.0032326437 0)
(0.30532276 -0.002973436 0)
(0.30152079 -0.0027502902 0)
(0.29800656 -0.0025559734 0)
(0.29474422 -0.0023851279 0)
(0.29170397 -0.0022336482 0)
(0.28886071 -0.0020983988 0)
(0.28619333 -0.0019768528 0)
(0.28368379 -0.0018670566 0)
(0.28131671 -0.0017673291 0)
(0.27907876 -0.0016764017 0)
(0.27695842 -0.001593093 0)
(0.27494569 -0.0015165725 0)
(0.27303151 -0.0014459979 0)
(0.27120856 -0.0013808012 0)
(0.26946886 -0.0013204598 0)
(0.26780809 -0.0012644357 0)
(0.26621713 -0.0012127525 0)
(0.26469697 -0.001164384 0)
(0.26323213 -0.0011207347 0)
(0.26183665 -0.0010788952 0)
(0.26047424 -0.0010441407 0)
(0.25919627 -0.0010078406 0)
(0.2579009 -0.00098627294 0)
(0.25675762 -0.00095463891 0)
(0.2554436 -0.0009604195 0)
(0.25454695 -0.00093442534 0)
(0.25288514 -0.0010116587 0)
(0.57422024 -0.040429487 0)
(0.3986864 -0.03173641 0)
(0.2943801 -0.02107082 0)
(0.25904917 -0.013056256 0)
(0.23939732 -0.0086951527 0)
(0.21698331 -0.0063686541 0)
(0.1946573 -0.0045816858 0)
(0.17642781 -0.002847487 0)
(0.16277434 -0.0014055167 0)
(0.15264874 -0.00051274757 0)
(0.14497375 -0.00011076438 0)
(0.13898476 1.369855e-05 0)
(0.13417952 2.754426e-05 0)
(0.13022888 6.5889021e-06 0)
(0.12690894 -2.50417e-05 0)
(0.12406039 -5.8724156e-05 0)
(0.12156861 -8.8826932e-05 0)
(0.11935278 -0.00011195829 0)
(0.11735689 -0.00012739083 0)
(0.11554178 -0.0001362179 0)
(0.1138791 -0.00014015588 0)
(0.11234726 -0.00014077447 0)
(0.11092917 -0.00013925168 0)
(0.10961088 -0.0001363931 0)
(0.10838081 -0.00013274479 0)
(0.10722923 -0.00012866331 0)
(0.10614785 -0.00012439299 0)
(0.10512963 -0.00012007822 0)
(0.10416847 -0.00011582386 0)
(0.10325912 -0.00011167448 0)
(0.10239697 -0.00010767751 0)
(0.10157802 -0.00010383809 0)
(0.10079874 -0.00010018174 0)
(0.10005598 -9.6709804e-05 0)
(0.099346997 -9.342243e-05 0)
(0.098669101 -9.036454e-05 0)
(0.098020349 -8.7453956e-05 0)
(0.097397948 -8.4901788e-05 0)
(0.096801123 -8.2353754e-05 0)
(0.096225825 -8.0544457e-05 0)
(0.095673946 -7.8275651e-05 0)
(0.095136979 -7.7887142e-05 0)
(0.094624363 -7.5602506e-05 0)
(0.094113182 -7.8863215e-05 0)
(0.093636884 -7.5595813e-05 0)
(0.093121862 -9.0434992e-05 0)
(0.09268528 -7.8090008e-05 0)
(0.092007141 -0.00016521242 0)
)
;

boundaryField
{
    inlet
    {
        type            fixedValue;
        value           uniform (0.5 0 0);
    }
    outlet
    {
        type            zeroGradient;
    }
    top
    {
        type            noSlip;
    }
    bottom
    {
        type            noSlip;
    }
    frontAndBack
    {
        type            empty;
    }
}


// ************************************************************************* //
