/*--------------------------------*- C++ -*----------------------------------*\
| =========                 |                                                 |
| \\      /  F ield         | OpenFOAM: The Open Source CFD Toolbox           |
|  \\    /   O peration     | Version:  2512                                  |
|   \\  /    A nd           | Website:  www.openfoam.com                      |
|    \\/     M anipulation  |                                                 |
\*---------------------------------------------------------------------------*/
FoamFile
{
    version     2.0;
    format      ascii;
    arch        "LSB;label=32;scalar=64";
    class       volVectorField;
    location    "2";
    object      Force;
}
// * * * * * * * * * * * * * * * * * * * * * * * * * * * * * * * * * * * * * //

dimensions      [1 1 -2 0 0 0 0];

internalField   uniform (0 0 0);

boundaryField
{
    needle_inlet_left
    {
        type            calculated;
        value           uniform (0 0 0);
    }
    needle_inlet_right
    {
        type            calculated;
        value           uniform (0 0 0);
    }
    needle_outlet_left
    {
        type            calculated;
        value           uniform (0 0 0);
    }
    needle_outlet_right
    {
        type            calculated;
        value           uniform (0 0 0);
    }
    sclera_left_lower
    {
        type            calculated;
        value           nonuniform List<vector> 7((-0.00040050495 -5.5920333e-12 0) (-0.00030037872 3.3319191e-12 0) (-0.00030037871 1.1606908e-12 0) (-0.00041051757 3.8092518e-13 0) (-0.00041051757 2.1795095e-13 0) (-0.00041051757 1.4343301e-13 0) (-0.00041051757 -8.4298503e-15 0));
    }
    sclera_left_upper
    {
        type            calculated;
        value           nonuniform List<vector> 
29
(
(-0.00050161948 3.3877552e-12 0)
(-0.00049804194 1.3667889e-12 0)
(-0.00049493127 1.0120414e-12 0)
(-0.00049327238 6.1734492e-13 0)
(-0.000492131 4.2688522e-13 0)
(-0.00049137719 2.9389874e-13 0)
(-0.0004908478 2.0985824e-13 0)
(-0.00049047053 1.5225372e-13 0)
(-0.00049019497 1.1260667e-13 0)
(-0.00048999028 8.4502685e-14 0)
(-0.00052481872 6.8345099e-14 0)
(-0.00052468474 5.1819336e-14 0)
(-0.0005245843 3.9849295e-14 0)
(-0.00052450591 3.1017415e-14 0)
(-0.0005244446 2.4414969e-14 0)
(-0.00052439511 1.9406574e-14 0)
(-0.00052435747 1.5559742e-14 0)
(-0.00049956693 1.202321e-14 0)
(-0.00049954386 9.8477073e-15 0)
(-0.00049952495 8.0859716e-15 0)
(-0.00049950942 6.6425109e-15 0)
(-0.00049949668 5.4424738e-15 0)
(-0.00049948627 4.430388e-15 0)
(-0.00049947785 3.5610924e-15 0)
(-0.00049947114 2.80759e-15 0)
(-0.00048927142 1.8921391e-15 0)
(-0.00048926811 1.3144472e-15 0)
(-0.00048926595 7.7575972e-16 0)
(-0.00048926489 1.1488835e-16 0)
)
;
    }
    sclera_right
    {
        type            calculated;
        value           nonuniform List<vector> 7((0.00040050495 -5.5920334e-12 0) (0.00030037872 3.3319202e-12 0) (0.00030037871 1.1606917e-12 0) (0.00041051757 3.8092594e-13 0) (0.00041051757 2.1795115e-13 0) (0.00041051757 1.4343303e-13 0) (0.00041051757 -8.4298573e-15 0));
    }
    sclera_right_upper
    {
        type            calculated;
        value           nonuniform List<vector> 
29
(
(0.00050161948 3.3877552e-12 0)
(0.00049804194 1.3667889e-12 0)
(0.00049493127 1.0120414e-12 0)
(0.00049327238 6.1734492e-13 0)
(0.000492131 4.2688522e-13 0)
(0.00049137719 2.9389874e-13 0)
(0.0004908478 2.0985824e-13 0)
(0.00049047053 1.5225372e-13 0)
(0.00049019497 1.1260667e-13 0)
(0.00048999028 8.4502685e-14 0)
(0.00052481872 6.8345099e-14 0)
(0.00052468474 5.1819336e-14 0)
(0.0005245843 3.9849295e-14 0)
(0.00052450591 3.1017415e-14 0)
(0.0005244446 2.4414969e-14 0)
(0.00052439511 1.9406574e-14 0)
(0.00052435747 1.5559742e-14 0)
(0.00049956693 1.202321e-14 0)
(0.00049954386 9.8477073e-15 0)
(0.00049952495 8.0859716e-15 0)
(0.00049950942 6.6425109e-15 0)
(0.00049949668 5.4424738e-15 0)
(0.00049948627 4.430388e-15 0)
(0.00049947785 3.5610924e-15 0)
(0.00049947114 2.80759e-15 0)
(0.00048927142 1.8921391e-15 0)
(0.00048926811 1.3144472e-15 0)
(0.00048926595 7.7575972e-16 0)
(0.00048926489 1.1488835e-16 0)
)
;
    }
    sclera_top
    {
        type            calculated;
        value           nonuniform List<vector> 
80
(
(-3.0524458e-17 0.00050949901 0)
(-9.200342e-17 0.00050949913 0)
(-1.5477448e-16 0.00050949939 0)
(-2.1970533e-16 0.00050949977 0)
(-2.8767228e-16 0.0005095003 0)
(-3.5956188e-16 0.00050950097 0)
(-4.3627074e-16 0.00050950179 0)
(-5.1870267e-16 0.00050950277 0)
(-6.0776261e-16 0.00050950393 0)
(-7.0434611e-16 0.00050950529 0)
(-8.0932362e-16 0.00050950685 0)
(-9.2351823e-16 0.00050950864 0)
(-1.0476756e-15 0.00050951067 0)
(-1.1824251e-15 0.00050951297 0)
(-1.3282304e-15 0.00050951556 0)
(-1.4853286e-15 0.00050951847 0)
(-1.6536581e-15 0.0005095217 0)
(-1.8327738e-15 0.0005095253 0)
(-2.0217516e-15 0.00050952928 0)
(-2.2190845e-15 0.00050953366 0)
(-2.4225749e-15 0.00050953844 0)
(-2.629229e-15 0.00050954366 0)
(-2.8351642e-15 0.0005095493 0)
(-3.03554e-15 0.00050955536 0)
(-3.22453e-15 0.00050956182 0)
(-3.3953496e-15 0.00050956865 0)
(-3.5403608e-15 0.00050957581 0)
(-3.6512668e-15 0.00050958323 0)
(-3.7194122e-15 0.00050959084 0)
(-3.7361902e-15 0.00050959854 0)
(-3.6935497e-15 0.00050960621 0)
(-3.5845792e-15 0.00050961372 0)
(-3.4041275e-15 0.00050962094 0)
(-3.1494072e-15 0.0005096277 0)
(-2.8205153e-15 0.00050963387 0)
(-2.4208039e-15 0.00050963928 0)
(-1.9570395e-15 0.0005096438 0)
(-1.4393093e-15 0.00050964731 0)
(-8.8065487e-16 0.00050964971 0)
(-1.620134e-16 0.00050965092 0)
(7.0434611e-16 0.00050950529 0)
(6.0776261e-16 0.00050950393 0)
(5.1870267e-16 0.00050950277 0)
(4.3627074e-16 0.00050950179 0)
(3.5956189e-16 0.00050950097 0)
(2.8767228e-16 0.0005095003 0)
(2.1970533e-16 0.00050949977 0)
(1.5477448e-16 0.00050949939 0)
(9.2003421e-17 0.00050949913 0)
(3.0524459e-17 0.00050949901 0)
(3.7361902e-15 0.00050959854 0)
(3.7194122e-15 0.00050959084 0)
(3.6512668e-15 0.00050958323 0)
(3.5403608e-15 0.00050957581 0)
(3.3953496e-15 0.00050956865 0)
(3.22453e-15 0.00050956182 0)
(3.03554e-15 0.00050955536 0)
(2.8351642e-15 0.0005095493 0)
(2.629229e-15 0.00050954366 0)
(2.4225749e-15 0.00050953844 0)
(2.2190845e-15 0.00050953366 0)
(2.0217516e-15 0.00050952928 0)
(1.8327738e-15 0.0005095253 0)
(1.6536581e-15 0.0005095217 0)
(1.4853286e-15 0.00050951847 0)
(1.3282304e-15 0.00050951556 0)
(1.1824251e-15 0.00050951297 0)
(1.0476756e-15 0.00050951067 0)
(9.2351823e-16 0.00050950864 0)
(8.0932363e-16 0.00050950685 0)
(8.8065487e-16 0.00050964971 0)
(1.4393093e-15 0.00050964731 0)
(1.9570395e-15 0.0005096438 0)
(2.4208039e-15 0.00050963928 0)
(2.8205153e-15 0.00050963387 0)
(3.1494072e-15 0.0005096277 0)
(3.4041275e-15 0.00050962094 0)
(3.5845792e-15 0.00050961372 0)
(3.6935497e-15 0.00050960621 0)
(1.620134e-16 0.00050965092 0)
)
;
    }
    cornea_fsi
    {
        type            calculated;
        value           nonuniform List<vector> 
80
(
(7.935432e-14 -0.00050063119 0)
(2.4384979e-13 -0.00050063119 0)
(4.23673e-13 -0.00050063119 0)
(6.2314746e-13 -0.00050063119 0)
(8.4126141e-13 -0.00050063119 0)
(1.0737014e-12 -0.00050063119 0)
(1.3127784e-12 -0.00050063119 0)
(1.5471778e-12 -0.00050063119 0)
(1.7628578e-12 -0.00050063119 0)
(1.9457583e-12 -0.00050063119 0)
(2.0858968e-12 -0.00050063119 0)
(2.1816041e-12 -0.00050063119 0)
(2.2392768e-12 -0.00050063119 0)
(2.2688739e-12 -0.00050063119 0)
(2.2802527e-12 -0.00050063119 0)
(2.281261e-12 -0.00050063119 0)
(2.2772901e-12 -0.00050063119 0)
(2.2715687e-12 -0.00050063119 0)
(2.2657641e-12 -0.00050063119 0)
(2.260606e-12 -0.00050063119 0)
(2.2562944e-12 -0.00050063119 0)
(2.2527791e-12 -0.00050063119 0)
(2.2499332e-12 -0.00050063118 0)
(2.2476637e-12 -0.00050063118 0)
(2.2460011e-12 -0.00050063118 0)
(2.2452089e-12 -0.00050063118 0)
(2.2459717e-12 -0.00050063118 0)
(2.2496943e-12 -0.00050063118 0)
(2.258989e-12 -0.00050063118 0)
(2.2784744e-12 -0.00050063118 0)
(2.3159642e-12 -0.00050063118 0)
(2.3840385e-12 -0.00050063118 0)
(2.5015505e-12 -0.00050063118 0)
(2.6935175e-12 -0.00050063118 0)
(2.9864109e-12 -0.00050063118 0)
(3.3980125e-12 -0.00050063118 0)
(3.9017599e-12 -0.00050063118 0)
(4.4338812e-12 -0.00050063118 0)
(2.2612374e-12 -0.00050063117 0)
(3.4071401e-12 -0.00050063118 0)
(-1.9457577e-12 -0.00050063119 0)
(-1.7628564e-12 -0.00050063119 0)
(-1.5471755e-12 -0.00050063119 0)
(-1.3127753e-12 -0.00050063119 0)
(-1.0736979e-12 -0.00050063119 0)
(-8.4125779e-13 -0.00050063119 0)
(-6.2314418e-13 -0.00050063119 0)
(-4.2367026e-13 -0.00050063119 0)
(-2.4384755e-13 -0.00050063119 0)
(-7.9352451e-14 -0.00050063119 0)
(-2.2784753e-12 -0.00050063118 0)
(-2.2589903e-12 -0.00050063118 0)
(-2.2496958e-12 -0.00050063118 0)
(-2.2459731e-12 -0.00050063118 0)
(-2.24521e-12 -0.00050063118 0)
(-2.2460019e-12 -0.00050063118 0)
(-2.2476642e-12 -0.00050063118 0)
(-2.2499335e-12 -0.00050063118 0)
(-2.2527793e-12 -0.00050063119 0)
(-2.2562944e-12 -0.00050063119 0)
(-2.260606e-12 -0.00050063119 0)
(-2.2657639e-12 -0.00050063119 0)
(-2.2715684e-12 -0.00050063119 0)
(-2.2772898e-12 -0.00050063119 0)
(-2.2812606e-12 -0.00050063119 0)
(-2.2802524e-12 -0.00050063119 0)
(-2.2688737e-12 -0.00050063119 0)
(-2.2392768e-12 -0.00050063119 0)
(-2.1816041e-12 -0.00050063119 0)
(-2.0858967e-12 -0.00050063119 0)
(-2.2612367e-12 -0.00050063117 0)
(-4.4338798e-12 -0.00050063118 0)
(-3.9017576e-12 -0.00050063118 0)
(-3.3980098e-12 -0.00050063118 0)
(-2.9864082e-12 -0.00050063118 0)
(-2.6935152e-12 -0.00050063118 0)
(-2.501549e-12 -0.00050063118 0)
(-2.3840378e-12 -0.00050063118 0)
(-2.3159643e-12 -0.00050063118 0)
(-3.4071399e-12 -0.00050063118 0)
)
;
    }
    lens_bottom
    {
        type            calculated;
        value           nonuniform List<vector> 
30
(
(-1.5575446e-13 0.00050063119 0)
(-4.9625847e-13 0.00050063119 0)
(-9.3146133e-13 0.00050063119 0)
(-1.5524477e-12 0.00050063119 0)
(-2.5007608e-12 0.00050063119 0)
(-4.0064422e-12 0.00050063119 0)
(-6.4405242e-12 0.00050063119 0)
(-1.0398086e-11 0.0005006312 0)
(-1.6833096e-11 0.0005006312 0)
(-2.7286512e-11 0.00050063122 0)
(-3.3667328e-11 0.00050063125 0)
(-3.4692945e-11 0.00050063129 0)
(-3.4630764e-11 0.00050063133 0)
(-3.4646491e-11 0.00050063136 0)
(-3.4666091e-11 0.0005006314 0)
(-3.4672797e-11 0.00050063143 0)
(-3.4674549e-11 0.00050063146 0)
(-3.4675228e-11 0.0005006315 0)
(-3.4675558e-11 0.00050063153 0)
(-3.4675722e-11 0.00050063157 0)
(-3.4675854e-11 0.0005006316 0)
(-3.4676082e-11 0.00050063164 0)
(-3.4676624e-11 0.00050063167 0)
(-3.4677915e-11 0.00050063171 0)
(-3.4680744e-11 0.00050063174 0)
(-3.4686702e-11 0.00050063178 0)
(-3.4700236e-11 0.00050063181 0)
(-3.4709815e-11 0.00050063185 0)
(-3.4561955e-11 0.00050063188 0)
(-3.4473433e-11 0.00050063191 0)
)
;
    }
    lens_bottom_left
    {
        type            calculated;
        value           nonuniform List<vector> 
30
(
(2.7286512e-11 0.00050063122 0)
(1.6833096e-11 0.0005006312 0)
(1.0398085e-11 0.0005006312 0)
(6.4405228e-12 0.00050063119 0)
(4.0064407e-12 0.00050063119 0)
(2.5007596e-12 0.00050063119 0)
(1.5524472e-12 0.00050063119 0)
(9.3146168e-13 0.00050063119 0)
(4.9625948e-13 0.00050063119 0)
(1.5575575e-13 0.00050063119 0)
(3.4473433e-11 0.00050063191 0)
(3.4561955e-11 0.00050063188 0)
(3.4709815e-11 0.00050063185 0)
(3.4700236e-11 0.00050063181 0)
(3.4686703e-11 0.00050063178 0)
(3.4680744e-11 0.00050063174 0)
(3.4677916e-11 0.00050063171 0)
(3.4676624e-11 0.00050063167 0)
(3.4676083e-11 0.00050063164 0)
(3.4675854e-11 0.0005006316 0)
(3.4675722e-11 0.00050063157 0)
(3.4675558e-11 0.00050063153 0)
(3.4675229e-11 0.0005006315 0)
(3.467455e-11 0.00050063146 0)
(3.4672797e-11 0.00050063143 0)
(3.4666091e-11 0.0005006314 0)
(3.4646492e-11 0.00050063136 0)
(3.4630765e-11 0.00050063133 0)
(3.4692945e-11 0.00050063129 0)
(3.3667328e-11 0.00050063125 0)
)
;
    }
    lens_right
    {
        type            calculated;
        value           uniform (0 0 0);
    }
    lens_left
    {
        type            calculated;
        value           uniform (0 0 0);
    }
    lens_top
    {
        type            calculated;
        value           nonuniform List<vector> 
30
(
(3.4467997e-17 -0.00050948321 0)
(1.0409795e-16 -0.00050948307 0)
(1.7582959e-16 -0.00050948278 0)
(2.5113101e-16 -0.00050948234 0)
(3.3157434e-16 -0.00050948173 0)
(4.1888488e-16 -0.00050948096 0)
(5.1499847e-16 -0.00050948 0)
(6.2213065e-16 -0.00050947882 0)
(7.4286246e-16 -0.00050947742 0)
(8.8024899e-16 -0.00050947574 0)
(1.0379596e-15 -0.00050947376 0)
(1.2204623e-15 -0.00050947143 0)
(1.4332695e-15 -0.00050946869 0)
(1.6832718e-15 -0.00050946548 0)
(1.9791978e-15 -0.0005094617 0)
(2.3322592e-15 -0.00050945725 0)
(2.7570699e-15 -0.000509452 0)
(3.2729885e-15 -0.00050944578 0)
(3.9060976e-15 -0.00050943837 0)
(4.6922905e-15 -0.0005094295 0)
(5.6818203e-15 -0.0005094188 0)
(6.9477531e-15 -0.00050940576 0)
(8.5956813e-15 -0.00050938971 0)
(1.0797932e-14 -0.00050936969 0)
(1.3786113e-14 -0.00050934423 0)
(1.8113618e-14 -0.00050931132 0)
(2.4060601e-14 -0.00050926691 0)
(3.4904873e-14 -0.00050920748 0)
(4.5672223e-14 -0.00050911307 0)
(5.9030141e-14 -0.00050900197 0)
)
;
    }
    lens_top_left
    {
        type            calculated;
        value           nonuniform List<vector> 
30
(
(-8.8024899e-16 -0.00050947574 0)
(-7.4286246e-16 -0.00050947742 0)
(-6.2213065e-16 -0.00050947882 0)
(-5.1499847e-16 -0.00050948 0)
(-4.1888488e-16 -0.00050948096 0)
(-3.3157434e-16 -0.00050948173 0)
(-2.5113101e-16 -0.00050948234 0)
(-1.7582959e-16 -0.00050948278 0)
(-1.0409795e-16 -0.00050948307 0)
(-3.4467996e-17 -0.00050948321 0)
(-5.9030141e-14 -0.00050900197 0)
(-4.5672223e-14 -0.00050911307 0)
(-3.4904873e-14 -0.00050920748 0)
(-2.4060601e-14 -0.00050926691 0)
(-1.8113618e-14 -0.00050931132 0)
(-1.3786113e-14 -0.00050934423 0)
(-1.0797932e-14 -0.00050936969 0)
(-8.5956813e-15 -0.00050938971 0)
(-6.9477531e-15 -0.00050940576 0)
(-5.6818203e-15 -0.0005094188 0)
(-4.6922905e-15 -0.0005094295 0)
(-3.9060976e-15 -0.00050943837 0)
(-3.2729885e-15 -0.00050944578 0)
(-2.7570698e-15 -0.000509452 0)
(-2.3322592e-15 -0.00050945725 0)
(-1.9791978e-15 -0.0005094617 0)
(-1.6832718e-15 -0.00050946548 0)
(-1.4332695e-15 -0.00050946869 0)
(-1.2204623e-15 -0.00050947143 0)
(-1.0379596e-15 -0.00050947376 0)
)
;
    }
    iris_bottom
    {
        type            calculated;
        value           nonuniform List<vector> 
60
(
(2.4729264e-12 0.00050063119 0)
(2.3902182e-12 0.00050063119 0)
(2.2495246e-12 0.00050063119 0)
(2.2018998e-12 0.00050063119 0)
(2.1906017e-12 0.00050063119 0)
(2.1960531e-12 0.00050063119 0)
(2.2066955e-12 0.00050063119 0)
(2.217187e-12 0.00050063119 0)
(2.2259128e-12 0.00050063119 0)
(2.2327398e-12 0.00050063119 0)
(2.2379773e-12 0.00050063119 0)
(2.2420044e-12 0.00050063119 0)
(2.2451375e-12 0.00050063118 0)
(2.2475689e-12 0.00050063118 0)
(2.2493125e-12 0.00050063118 0)
(2.2501121e-12 0.00050063118 0)
(2.249272e-12 0.00050063118 0)
(2.2453712e-12 0.00050063118 0)
(2.2357921e-12 0.00050063118 0)
(2.2159755e-12 0.00050063118 0)
(2.1783587e-12 0.00050063118 0)
(2.111073e-12 0.00050063118 0)
(1.9968281e-12 0.00050063118 0)
(1.8131028e-12 0.00050063118 0)
(1.535871e-12 0.00050063118 0)
(1.1509335e-12 0.00050063118 0)
(6.7716925e-13 0.00050063118 0)
(1.9782022e-13 0.00050063118 0)
(-1.973248e-13 0.00050063118 0)
(-1.2175266e-13 0.00050063118 0)
(-2.2159752e-12 0.00050063118 0)
(-2.2357913e-12 0.00050063118 0)
(-2.2453702e-12 0.00050063118 0)
(-2.2492709e-12 0.00050063118 0)
(-2.2501111e-12 0.00050063118 0)
(-2.2493117e-12 0.00050063118 0)
(-2.2475683e-12 0.00050063118 0)
(-2.2451371e-12 0.00050063118 0)
(-2.2420041e-12 0.00050063119 0)
(-2.2379771e-12 0.00050063119 0)
(-2.2327397e-12 0.00050063119 0)
(-2.2259127e-12 0.00050063119 0)
(-2.2171869e-12 0.00050063119 0)
(-2.2066955e-12 0.00050063119 0)
(-2.1960531e-12 0.00050063119 0)
(-2.1906018e-12 0.00050063119 0)
(-2.2018999e-12 0.00050063119 0)
(-2.2495249e-12 0.00050063119 0)
(-2.3902192e-12 0.00050063119 0)
(-2.4729286e-12 0.00050063119 0)
(1.9732472e-13 0.00050063118 0)
(-1.9782065e-13 0.00050063118 0)
(-6.7717018e-13 0.00050063118 0)
(-1.150935e-12 0.00050063118 0)
(-1.5358728e-12 0.00050063118 0)
(-1.8131046e-12 0.00050063118 0)
(-1.9968296e-12 0.00050063118 0)
(-2.111074e-12 0.00050063118 0)
(-2.1783591e-12 0.00050063118 0)
(1.2175269e-13 0.00050063118 0)
)
;
    }
    iris_pupil
    {
        type            calculated;
        value           nonuniform List<vector> 5((0.00048060595 -2.4454145e-12 0) (0.00048060595 -2.8380531e-12 0) (0.00048060595 -3.3893779e-12 0) (0.00048060594 -4.1107774e-12 0) (0.00048060593 -3.9811559e-12 0));
    }
    iris_pupil_left
    {
        type            calculated;
        value           nonuniform List<vector> 5((-0.00048060595 -2.4454229e-12 0) (-0.00048060595 -2.8380592e-12 0) (-0.00048060595 -3.3893819e-12 0) (-0.00048060594 -4.1107797e-12 0) (-0.00048060593 -3.9811568e-12 0));
    }
    iris_top
    {
        type            calculated;
        value           nonuniform List<vector> 
40
(
(-3.127836e-11 -0.00050063126 0)
(-3.3976411e-11 -0.00050063129 0)
(-3.4544948e-11 -0.00050063133 0)
(-3.4659462e-11 -0.00050063136 0)
(-3.4678068e-11 -0.0005006314 0)
(-3.467847e-11 -0.00050063143 0)
(-3.4676994e-11 -0.00050063146 0)
(-3.4676234e-11 -0.0005006315 0)
(-3.4675926e-11 -0.00050063153 0)
(-3.4675776e-11 -0.00050063157 0)
(-3.4675644e-11 -0.0005006316 0)
(-3.4675415e-11 -0.00050063164 0)
(-3.4674891e-11 -0.00050063167 0)
(-3.4673574e-11 -0.00050063171 0)
(-3.4670003e-11 -0.00050063174 0)
(-3.4660784e-11 -0.00050063178 0)
(-3.4641568e-11 -0.00050063181 0)
(-3.4597234e-11 -0.00050063185 0)
(-3.4391995e-11 -0.00050063188 0)
(-3.3017343e-11 -0.00050063192 0)
(-3.1495015e-11 -0.00050063195 0)
(-2.9985971e-11 -0.00050063197 0)
(-2.9421822e-11 -0.000500632 0)
(-2.9051744e-11 -0.00050063202 0)
(-2.8701434e-11 -0.00050063204 0)
(-2.8321796e-11 -0.00050063207 0)
(-2.7917151e-11 -0.00050063209 0)
(-2.764111e-11 -0.00050063212 0)
(-2.942008e-11 -0.00050063214 0)
(-1.8295293e-11 -0.00050063219 0)
(2.942008e-11 -0.00050063214 0)
(2.764111e-11 -0.00050063212 0)
(2.7917151e-11 -0.00050063209 0)
(2.8321797e-11 -0.00050063207 0)
(2.8701434e-11 -0.00050063204 0)
(2.9051744e-11 -0.00050063202 0)
(2.9421822e-11 -0.000500632 0)
(2.9985972e-11 -0.00050063197 0)
(3.1495016e-11 -0.00050063195 0)
(1.8295293e-11 -0.00050063219 0)
)
;
    }
    tm_limbus_wall
    {
        type            calculated;
        value           nonuniform List<vector> 4((1.2855886e-11 -0.00050063112 0) (1.2013453e-11 0.00050063112 0) (-1.2855886e-11 -0.00050063112 0) (-1.2013452e-11 0.00050063112 0));
    }
    ac_inlet
    {
        type            calculated;
        value           uniform (0 0 0);
    }
    ac_inlet_left
    {
        type            calculated;
        value           uniform (0 0 0);
    }
    outlet_tm
    {
        type            calculated;
        value           uniform (0 0 0);
    }
    outlet_tm_left
    {
        type            calculated;
        value           uniform (0 0 0);
    }
    front
    {
        type            empty;
    }
    back
    {
        type            empty;
    }
    defaultFaces
    {
        type            calculated;
        value           uniform (0 0 0);
    }
    needle_int_inlet_master
    {
        type            calculated;
        value           uniform (0 0 0);
    }
    needle_int_inlet_slave
    {
        type            calculated;
        value           uniform (0 0 0);
    }
    needle_int_outlet_master
    {
        type            calculated;
        value           uniform (0 0 0);
    }
    needle_int_outlet_slave
    {
        type            calculated;
        value           uniform (0 0 0);
    }
}


// ************************************************************************* //
