/*--------------------------------*- C++ -*----------------------------------*\
| =========                 |                                                 |
| \\      /  F ield         | OpenFOAM: The Open Source CFD Toolbox           |
|  \\    /   O peration     | Version:  2512                                  |
|   \\  /    A nd           | Website:  www.openfoam.com                      |
|    \\/     M anipulation  |                                                 |
\*---------------------------------------------------------------------------*/
FoamFile
{
    version     2.0;
    format      ascii;
    arch        "LSB;label=32;scalar=64";
    class       volVectorField;
    location    "20.5";
    object      Force;
}
// * * * * * * * * * * * * * * * * * * * * * * * * * * * * * * * * * * * * * //

dimensions      [1 1 -2 0 0 0 0];

internalField   uniform (0 0 0);

boundaryField
{
    needle_inlet_left
    {
        type            calculated;
        value           uniform (0 0 0);
    }
    needle_inlet_right
    {
        type            calculated;
        value           uniform (0 0 0);
    }
    needle_outlet_left
    {
        type            calculated;
        value           uniform (0 0 0);
    }
    needle_outlet_right
    {
        type            calculated;
        value           uniform (0 0 0);
    }
    sclera_left_lower
    {
        type            calculated;
        value           nonuniform List<vector> 7((-0.00037517997 -5.2212551e-12 0) (-0.00028138498 3.0386947e-12 0) (-0.00028138497 1.0052838e-12 0) (-0.00038455946 2.84946e-13 0) (-0.00038455946 1.5179248e-13 0) (-0.00038455946 1.084636e-13 0) (-0.00038455946 -8.1249761e-15 0));
    }
    sclera_left_upper
    {
        type            calculated;
        value           nonuniform List<vector> 
29
(
(-0.0004712295 3.3877552e-12 0)
(-0.00046765196 1.3667889e-12 0)
(-0.00046454129 1.0120414e-12 0)
(-0.00046288241 6.1734492e-13 0)
(-0.00046174102 4.2688522e-13 0)
(-0.00046098721 2.9389874e-13 0)
(-0.00046045782 2.0985824e-13 0)
(-0.00046008056 1.5225372e-13 0)
(-0.00045980499 1.1260667e-13 0)
(-0.0004596003 8.4502685e-14 0)
(-0.00049225801 6.8345099e-14 0)
(-0.00049212409 5.1819336e-14 0)
(-0.0004920236 3.9849295e-14 0)
(-0.0004919452 3.1017415e-14 0)
(-0.00049188389 2.441497e-14 0)
(-0.00049183447 1.9406574e-14 0)
(-0.00049179676 1.5559742e-14 0)
(-0.00046854383 1.202321e-14 0)
(-0.00046852076 9.8477074e-15 0)
(-0.00046850185 8.0859717e-15 0)
(-0.00046848632 6.6425109e-15 0)
(-0.00046847358 5.4424738e-15 0)
(-0.00046846317 4.430388e-15 0)
(-0.00046845475 3.5610924e-15 0)
(-0.00046844804 2.8075901e-15 0)
(-0.00045888144 1.8921391e-15 0)
(-0.00045887813 1.3144472e-15 0)
(-0.00045887597 7.7575972e-16 0)
(-0.00045887491 1.1488835e-16 0)
)
;
    }
    sclera_right
    {
        type            calculated;
        value           nonuniform List<vector> 7((0.00037517997 -5.2212554e-12 0) (0.00028138498 3.0386937e-12 0) (0.00028138497 1.0052832e-12 0) (0.00038455946 2.8494857e-13 0) (0.00038455946 1.5179426e-13 0) (0.00038455946 1.0846447e-13 0) (0.00038455946 -8.1248624e-15 0));
    }
    sclera_right_upper
    {
        type            calculated;
        value           nonuniform List<vector> 
29
(
(0.0004712295 3.3877552e-12 0)
(0.00046765196 1.3667889e-12 0)
(0.00046454129 1.0120414e-12 0)
(0.00046288241 6.1734492e-13 0)
(0.00046174102 4.2688522e-13 0)
(0.00046098721 2.9389874e-13 0)
(0.00046045782 2.0985824e-13 0)
(0.00046008056 1.5225372e-13 0)
(0.00045980499 1.1260667e-13 0)
(0.0004596003 8.4502685e-14 0)
(0.00049225801 6.8345099e-14 0)
(0.00049212409 5.1819336e-14 0)
(0.0004920236 3.9849295e-14 0)
(0.0004919452 3.1017415e-14 0)
(0.00049188389 2.441497e-14 0)
(0.00049183447 1.9406574e-14 0)
(0.00049179676 1.5559742e-14 0)
(0.00046854383 1.202321e-14 0)
(0.00046852076 9.8477074e-15 0)
(0.00046850185 8.0859716e-15 0)
(0.00046848632 6.6425109e-15 0)
(0.00046847358 5.4424738e-15 0)
(0.00046846317 4.430388e-15 0)
(0.00046845475 3.5610924e-15 0)
(0.00046844804 2.80759e-15 0)
(0.00045888144 1.8921391e-15 0)
(0.00045887813 1.3144472e-15 0)
(0.00045887597 7.7575972e-16 0)
(0.00045887491 1.1488835e-16 0)
)
;
    }
    sclera_top
    {
        type            calculated;
        value           nonuniform List<vector> 
80
(
(-3.052449e-17 0.00047784278 0)
(-9.2003447e-17 0.00047784291 0)
(-1.547745e-16 0.00047784316 0)
(-2.1970535e-16 0.00047784355 0)
(-2.8767229e-16 0.00047784407 0)
(-3.5956189e-16 0.00047784474 0)
(-4.3627074e-16 0.00047784556 0)
(-5.1870267e-16 0.00047784655 0)
(-6.077626e-16 0.00047784771 0)
(-7.043461e-16 0.00047784906 0)
(-8.0932361e-16 0.00047785062 0)
(-9.2351821e-16 0.00047785241 0)
(-1.0476756e-15 0.00047785445 0)
(-1.1824251e-15 0.00047785675 0)
(-1.3282303e-15 0.00047785934 0)
(-1.4853286e-15 0.00047786224 0)
(-1.6536581e-15 0.00047786548 0)
(-1.8327738e-15 0.00047786908 0)
(-2.0217516e-15 0.00047787305 0)
(-2.2190845e-15 0.00047787743 0)
(-2.4225749e-15 0.00047788222 0)
(-2.629229e-15 0.00047788743 0)
(-2.8351642e-15 0.00047789307 0)
(-3.03554e-15 0.00047789913 0)
(-3.22453e-15 0.00047790559 0)
(-3.3953497e-15 0.00047791242 0)
(-3.5403608e-15 0.00047791958 0)
(-3.6512668e-15 0.00047792701 0)
(-3.7194123e-15 0.00047793461 0)
(-3.7361903e-15 0.00047794231 0)
(-3.6935498e-15 0.00047794998 0)
(-3.5845792e-15 0.0004779575 0)
(-3.4041275e-15 0.00047796471 0)
(-3.1494072e-15 0.00047797148 0)
(-2.8205153e-15 0.00047797764 0)
(-2.4208039e-15 0.00047798306 0)
(-1.9570395e-15 0.00047798758 0)
(-1.4393094e-15 0.00047799108 0)
(-8.8065487e-16 0.00047799348 0)
(-1.620134e-16 0.0004779947 0)
(7.0434612e-16 0.00047784906 0)
(6.0776261e-16 0.00047784771 0)
(5.1870266e-16 0.00047784655 0)
(4.3627072e-16 0.00047784556 0)
(3.5956187e-16 0.00047784474 0)
(2.8767226e-16 0.00047784407 0)
(2.197053e-16 0.00047784355 0)
(1.5477444e-16 0.00047784316 0)
(9.2003385e-17 0.00047784291 0)
(3.0524424e-17 0.00047784278 0)
(3.7361902e-15 0.00047794231 0)
(3.7194122e-15 0.00047793461 0)
(3.6512668e-15 0.00047792701 0)
(3.5403608e-15 0.00047791958 0)
(3.3953496e-15 0.00047791242 0)
(3.22453e-15 0.00047790559 0)
(3.03554e-15 0.00047789913 0)
(2.8351642e-15 0.00047789307 0)
(2.629229e-15 0.00047788743 0)
(2.4225749e-15 0.00047788222 0)
(2.2190845e-15 0.00047787743 0)
(2.0217516e-15 0.00047787305 0)
(1.8327739e-15 0.00047786908 0)
(1.6536582e-15 0.00047786548 0)
(1.4853286e-15 0.00047786224 0)
(1.3282304e-15 0.00047785934 0)
(1.1824252e-15 0.00047785675 0)
(1.0476756e-15 0.00047785445 0)
(9.2351825e-16 0.00047785241 0)
(8.0932364e-16 0.00047785062 0)
(8.8065486e-16 0.00047799348 0)
(1.4393093e-15 0.00047799108 0)
(1.9570395e-15 0.00047798758 0)
(2.4208039e-15 0.00047798306 0)
(2.8205153e-15 0.00047797764 0)
(3.1494071e-15 0.00047797148 0)
(3.4041274e-15 0.00047796471 0)
(3.5845792e-15 0.0004779575 0)
(3.6935497e-15 0.00047794998 0)
(1.620134e-16 0.0004779947 0)
)
;
    }
    cornea_fsi
    {
        type            calculated;
        value           nonuniform List<vector> 
80
(
(1.1261553e-13 -0.00046897497 0)
(3.240349e-13 -0.00046897497 0)
(5.2129501e-13 -0.00046897497 0)
(7.257736e-13 -0.00046897497 0)
(9.4448338e-13 -0.00046897497 0)
(1.1739132e-12 -0.00046897497 0)
(1.4044932e-12 -0.00046897497 0)
(1.6236531e-12 -0.00046897497 0)
(1.8182267e-12 -0.00046897497 0)
(1.9770712e-12 -0.00046897497 0)
(2.0938858e-12 -0.00046897496 0)
(2.1697342e-12 -0.00046897496 0)
(2.2120442e-12 -0.00046897496 0)
(2.2305574e-12 -0.00046897496 0)
(2.2343386e-12 -0.00046897496 0)
(2.2303836e-12 -0.00046897496 0)
(2.2233391e-12 -0.00046897496 0)
(2.2158666e-12 -0.00046897496 0)
(2.2092437e-12 -0.00046897496 0)
(2.2038759e-12 -0.00046897496 0)
(2.1996958e-12 -0.00046897496 0)
(2.1964309e-12 -0.00046897496 0)
(2.1937731e-12 -0.00046897496 0)
(2.1914939e-12 -0.00046897496 0)
(2.1895486e-12 -0.00046897496 0)
(2.1882037e-12 -0.00046897495 0)
(2.1882536e-12 -0.00046897495 0)
(2.1913528e-12 -0.00046897495 0)
(2.200499e-12 -0.00046897495 0)
(2.2207479e-12 -0.00046897495 0)
(2.2601752e-12 -0.00046897495 0)
(2.3310149e-12 -0.00046897495 0)
(2.4505686e-12 -0.00046897495 0)
(2.640595e-12 -0.00046897495 0)
(2.9227657e-12 -0.00046897495 0)
(3.3098283e-12 -0.00046897495 0)
(3.7739357e-12 -0.00046897495 0)
(4.2458112e-12 -0.00046897495 0)
(2.1998013e-12 -0.00046897494 0)
(3.1983557e-12 -0.00046897495 0)
(-1.9770746e-12 -0.00046897497 0)
(-1.818229e-12 -0.00046897497 0)
(-1.6236544e-12 -0.00046897497 0)
(-1.4044938e-12 -0.00046897497 0)
(-1.1739124e-12 -0.00046897497 0)
(-9.4448129e-13 -0.00046897497 0)
(-7.2577006e-13 -0.00046897497 0)
(-5.2129016e-13 -0.00046897497 0)
(-3.2402958e-13 -0.00046897497 0)
(-1.1261065e-13 -0.00046897497 0)
(-2.2207507e-12 -0.00046897495 0)
(-2.200501e-12 -0.00046897495 0)
(-2.1913539e-12 -0.00046897495 0)
(-2.1882546e-12 -0.00046897495 0)
(-2.1882041e-12 -0.00046897495 0)
(-2.1895489e-12 -0.00046897496 0)
(-2.1914941e-12 -0.00046897496 0)
(-2.1937732e-12 -0.00046897496 0)
(-2.1964309e-12 -0.00046897496 0)
(-2.1996958e-12 -0.00046897496 0)
(-2.2038758e-12 -0.00046897496 0)
(-2.2092436e-12 -0.00046897496 0)
(-2.2158666e-12 -0.00046897496 0)
(-2.223339e-12 -0.00046897496 0)
(-2.2303836e-12 -0.00046897496 0)
(-2.2343387e-12 -0.00046897496 0)
(-2.2305578e-12 -0.00046897496 0)
(-2.2120457e-12 -0.00046897496 0)
(-2.1697358e-12 -0.00046897496 0)
(-2.0938876e-12 -0.00046897496 0)
(-2.199805e-12 -0.00046897494 0)
(-4.2458103e-12 -0.00046897495 0)
(-3.7739351e-12 -0.00046897495 0)
(-3.3098267e-12 -0.00046897495 0)
(-2.9227634e-12 -0.00046897495 0)
(-2.6405933e-12 -0.00046897495 0)
(-2.4505685e-12 -0.00046897495 0)
(-2.3310152e-12 -0.00046897495 0)
(-2.2601759e-12 -0.00046897495 0)
(-3.1983557e-12 -0.00046897495 0)
)
;
    }
    lens_bottom
    {
        type            calculated;
        value           nonuniform List<vector> 
30
(
(-1.6455394e-13 0.00046897497 0)
(-5.2366207e-13 0.00046897497 0)
(-9.7861875e-13 0.00046897497 0)
(-1.6170495e-12 0.00046897497 0)
(-2.5745183e-12 0.00046897497 0)
(-4.0752968e-12 0.00046897497 0)
(-6.4889062e-12 0.00046897497 0)
(-1.0416876e-11 0.00046897497 0)
(-1.6827845e-11 0.00046897498 0)
(-2.7277559e-11 0.00046897499 0)
(-3.366509e-11 0.00046897503 0)
(-3.4692168e-11 0.00046897507 0)
(-3.4630474e-11 0.0004689751 0)
(-3.4646372e-11 0.00046897513 0)
(-3.4666041e-11 0.00046897517 0)
(-3.4672777e-11 0.0004689752 0)
(-3.4674541e-11 0.00046897524 0)
(-3.4675225e-11 0.00046897527 0)
(-3.4675557e-11 0.00046897531 0)
(-3.4675722e-11 0.00046897534 0)
(-3.4675854e-11 0.00046897538 0)
(-3.4676083e-11 0.00046897541 0)
(-3.4676624e-11 0.00046897545 0)
(-3.4677916e-11 0.00046897548 0)
(-3.4680744e-11 0.00046897552 0)
(-3.4686703e-11 0.00046897555 0)
(-3.4700236e-11 0.00046897559 0)
(-3.4709815e-11 0.00046897562 0)
(-3.4561955e-11 0.00046897565 0)
(-3.4473433e-11 0.00046897569 0)
)
;
    }
    lens_bottom_left
    {
        type            calculated;
        value           nonuniform List<vector> 
30
(
(2.7277559e-11 0.00046897499 0)
(1.6827844e-11 0.00046897498 0)
(1.0416876e-11 0.00046897497 0)
(6.488906e-12 0.00046897497 0)
(4.0752965e-12 0.00046897497 0)
(2.5745178e-12 0.00046897497 0)
(1.6170487e-12 0.00046897497 0)
(9.786178e-13 0.00046897497 0)
(5.23661e-13 0.00046897497 0)
(1.6455279e-13 0.00046897497 0)
(3.4473433e-11 0.00046897569 0)
(3.4561955e-11 0.00046897565 0)
(3.4709815e-11 0.00046897562 0)
(3.4700236e-11 0.00046897559 0)
(3.4686703e-11 0.00046897555 0)
(3.4680744e-11 0.00046897552 0)
(3.4677916e-11 0.00046897548 0)
(3.4676624e-11 0.00046897545 0)
(3.4676083e-11 0.00046897541 0)
(3.4675854e-11 0.00046897538 0)
(3.4675722e-11 0.00046897534 0)
(3.4675557e-11 0.00046897531 0)
(3.4675225e-11 0.00046897527 0)
(3.4674541e-11 0.00046897524 0)
(3.4672777e-11 0.0004689752 0)
(3.4666041e-11 0.00046897517 0)
(3.4646372e-11 0.00046897513 0)
(3.4630474e-11 0.0004689751 0)
(3.4692168e-11 0.00046897507 0)
(3.366509e-11 0.00046897503 0)
)
;
    }
    lens_right
    {
        type            calculated;
        value           uniform (0 0 0);
    }
    lens_left
    {
        type            calculated;
        value           uniform (0 0 0);
    }
    lens_top
    {
        type            calculated;
        value           nonuniform List<vector> 
30
(
(3.4467981e-17 -0.00047782698 0)
(1.0409794e-16 -0.00047782684 0)
(1.7582958e-16 -0.00047782655 0)
(2.51131e-16 -0.00047782611 0)
(3.3157433e-16 -0.00047782551 0)
(4.1888487e-16 -0.00047782474 0)
(5.1499846e-16 -0.00047782377 0)
(6.2213065e-16 -0.0004778226 0)
(7.4286246e-16 -0.00047782119 0)
(8.8024899e-16 -0.00047781952 0)
(1.0379596e-15 -0.00047781754 0)
(1.2204623e-15 -0.00047781521 0)
(1.4332695e-15 -0.00047781247 0)
(1.6832717e-15 -0.00047780925 0)
(1.9791978e-15 -0.00047780548 0)
(2.3322592e-15 -0.00047780103 0)
(2.7570698e-15 -0.00047779578 0)
(3.2729885e-15 -0.00047778956 0)
(3.9060976e-15 -0.00047778215 0)
(4.6922905e-15 -0.00047777328 0)
(5.6818203e-15 -0.00047776257 0)
(6.9477531e-15 -0.00047774954 0)
(8.5956813e-15 -0.00047773349 0)
(1.0797932e-14 -0.00047771346 0)
(1.3786113e-14 -0.000477688 0)
(1.8113618e-14 -0.00047765509 0)
(2.4060601e-14 -0.00047761069 0)
(3.4904873e-14 -0.00047755125 0)
(4.5672223e-14 -0.00047745684 0)
(5.9030141e-14 -0.00047734575 0)
)
;
    }
    lens_top_left
    {
        type            calculated;
        value           nonuniform List<vector> 
30
(
(-8.80249e-16 -0.00047781952 0)
(-7.4286247e-16 -0.00047782119 0)
(-6.2213067e-16 -0.0004778226 0)
(-5.1499849e-16 -0.00047782377 0)
(-4.188849e-16 -0.00047782474 0)
(-3.3157436e-16 -0.00047782551 0)
(-2.5113103e-16 -0.00047782611 0)
(-1.7582961e-16 -0.00047782655 0)
(-1.0409798e-16 -0.00047782684 0)
(-3.4468015e-17 -0.00047782698 0)
(-5.9030141e-14 -0.00047734575 0)
(-4.5672223e-14 -0.00047745684 0)
(-3.4904873e-14 -0.00047755125 0)
(-2.4060601e-14 -0.00047761069 0)
(-1.8113618e-14 -0.00047765509 0)
(-1.3786113e-14 -0.000477688 0)
(-1.0797932e-14 -0.00047771346 0)
(-8.5956813e-15 -0.00047773349 0)
(-6.9477531e-15 -0.00047774954 0)
(-5.6818203e-15 -0.00047776257 0)
(-4.6922905e-15 -0.00047777328 0)
(-3.9060976e-15 -0.00047778215 0)
(-3.2729885e-15 -0.00047778956 0)
(-2.7570698e-15 -0.00047779578 0)
(-2.3322592e-15 -0.00047780103 0)
(-1.9791978e-15 -0.00047780548 0)
(-1.6832717e-15 -0.00047780925 0)
(-1.4332695e-15 -0.00047781247 0)
(-1.2204623e-15 -0.00047781521 0)
(-1.0379596e-15 -0.00047781754 0)
)
;
    }
    iris_bottom
    {
        type            calculated;
        value           nonuniform List<vector> 
60
(
(2.3079679e-12 0.00046897496 0)
(2.2816513e-12 0.00046897496 0)
(2.1768397e-12 0.00046897496 0)
(2.1449064e-12 0.00046897496 0)
(2.1407442e-12 0.00046897496 0)
(2.1492479e-12 0.00046897496 0)
(2.1611197e-12 0.00046897496 0)
(2.1720104e-12 0.00046897496 0)
(2.1806864e-12 0.00046897496 0)
(2.187182e-12 0.00046897496 0)
(2.1919441e-12 0.00046897496 0)
(2.1954919e-12 0.00046897496 0)
(2.1982746e-12 0.00046897496 0)
(2.2005928e-12 0.00046897496 0)
(2.2025208e-12 0.00046897496 0)
(2.2037915e-12 0.00046897495 0)
(2.2035916e-12 0.00046897495 0)
(2.2002439e-12 0.00046897495 0)
(2.1907375e-12 0.00046897495 0)
(2.170065e-12 0.00046897495 0)
(2.1303895e-12 0.00046897495 0)
(2.0601708e-12 0.00046897495 0)
(1.9436233e-12 0.00046897495 0)
(1.761336e-12 0.00046897495 0)
(1.4936655e-12 0.00046897495 0)
(1.1300612e-12 0.00046897495 0)
(6.880444e-13 0.00046897495 0)
(2.3897693e-13 0.00046897495 0)
(-1.4214592e-13 0.00046897495 0)
(-1.050343e-13 0.00046897495 0)
(-2.170068e-12 0.00046897495 0)
(-2.1907383e-12 0.00046897495 0)
(-2.2002451e-12 0.00046897495 0)
(-2.2035919e-12 0.00046897495 0)
(-2.2037913e-12 0.00046897495 0)
(-2.2025207e-12 0.00046897496 0)
(-2.2005926e-12 0.00046897496 0)
(-2.1982745e-12 0.00046897496 0)
(-2.1954918e-12 0.00046897496 0)
(-2.191944e-12 0.00046897496 0)
(-2.1871818e-12 0.00046897496 0)
(-2.1806862e-12 0.00046897496 0)
(-2.1720102e-12 0.00046897496 0)
(-2.1611195e-12 0.00046897496 0)
(-2.1492477e-12 0.00046897496 0)
(-2.1407441e-12 0.00046897496 0)
(-2.1449065e-12 0.00046897496 0)
(-2.1768406e-12 0.00046897496 0)
(-2.2816543e-12 0.00046897496 0)
(-2.3079705e-12 0.00046897496 0)
(1.4214467e-13 0.00046897495 0)
(-2.3897698e-13 0.00046897495 0)
(-6.8804314e-13 0.00046897495 0)
(-1.1300592e-12 0.00046897495 0)
(-1.4936636e-12 0.00046897495 0)
(-1.7613347e-12 0.00046897495 0)
(-1.9436233e-12 0.00046897495 0)
(-2.0601731e-12 0.00046897495 0)
(-2.1303914e-12 0.00046897495 0)
(1.0503403e-13 0.00046897495 0)
)
;
    }
    iris_pupil
    {
        type            calculated;
        value           nonuniform List<vector> 5((0.00045021597 -2.2461847e-12 0) (0.00045021597 -2.6921839e-12 0) (0.00045021597 -3.295327e-12 0) (0.00045021597 -4.0599779e-12 0) (0.00045021596 -3.9657613e-12 0));
    }
    iris_pupil_left
    {
        type            calculated;
        value           nonuniform List<vector> 5((-0.00045021597 -2.2461849e-12 0) (-0.00045021597 -2.692184e-12 0) (-0.00045021597 -3.2953271e-12 0) (-0.00045021597 -4.0599781e-12 0) (-0.00045021596 -3.9657614e-12 0));
    }
    iris_top
    {
        type            calculated;
        value           nonuniform List<vector> 
40
(
(-3.1280347e-11 -0.00046897504 0)
(-3.3977099e-11 -0.00046897507 0)
(-3.4545267e-11 -0.0004689751 0)
(-3.4659585e-11 -0.00046897513 0)
(-3.4678116e-11 -0.00046897517 0)
(-3.467849e-11 -0.0004689752 0)
(-3.4677002e-11 -0.00046897524 0)
(-3.4676237e-11 -0.00046897527 0)
(-3.4675928e-11 -0.00046897531 0)
(-3.4675777e-11 -0.00046897534 0)
(-3.4675645e-11 -0.00046897538 0)
(-3.4675415e-11 -0.00046897541 0)
(-3.4674891e-11 -0.00046897545 0)
(-3.4673575e-11 -0.00046897548 0)
(-3.4670003e-11 -0.00046897552 0)
(-3.4660784e-11 -0.00046897555 0)
(-3.4641568e-11 -0.00046897559 0)
(-3.4597234e-11 -0.00046897562 0)
(-3.4391995e-11 -0.00046897566 0)
(-3.3017343e-11 -0.00046897569 0)
(-3.1495015e-11 -0.00046897572 0)
(-2.9985971e-11 -0.00046897575 0)
(-2.9421821e-11 -0.00046897577 0)
(-2.9051741e-11 -0.00046897579 0)
(-2.8701402e-11 -0.00046897582 0)
(-2.832194e-11 -0.00046897584 0)
(-2.7917074e-11 -0.00046897587 0)
(-2.764096e-11 -0.00046897589 0)
(-2.9420188e-11 -0.00046897592 0)
(-1.8295293e-11 -0.00046897596 0)
(2.9420188e-11 -0.00046897592 0)
(2.764096e-11 -0.00046897589 0)
(2.7917074e-11 -0.00046897587 0)
(2.832194e-11 -0.00046897584 0)
(2.8701402e-11 -0.00046897582 0)
(2.9051741e-11 -0.00046897579 0)
(2.9421821e-11 -0.00046897577 0)
(2.9985971e-11 -0.00046897575 0)
(3.1495015e-11 -0.00046897572 0)
(1.8295293e-11 -0.00046897596 0)
)
;
    }
    tm_limbus_wall
    {
        type            calculated;
        value           nonuniform List<vector> 4((1.2000954e-11 -0.00046897489 0) (1.1200418e-11 0.00046897489 0) (-1.2000953e-11 -0.00046897489 0) (-1.1200418e-11 0.00046897489 0));
    }
    ac_inlet
    {
        type            calculated;
        value           uniform (0 0 0);
    }
    ac_inlet_left
    {
        type            calculated;
        value           uniform (0 0 0);
    }
    outlet_tm
    {
        type            calculated;
        value           uniform (0 0 0);
    }
    outlet_tm_left
    {
        type            calculated;
        value           uniform (0 0 0);
    }
    front
    {
        type            empty;
    }
    back
    {
        type            empty;
    }
    defaultFaces
    {
        type            calculated;
        value           uniform (0 0 0);
    }
    needle_int_inlet_master
    {
        type            calculated;
        value           uniform (0 0 0);
    }
    needle_int_inlet_slave
    {
        type            calculated;
        value           uniform (0 0 0);
    }
    needle_int_outlet_master
    {
        type            calculated;
        value           uniform (0 0 0);
    }
    needle_int_outlet_slave
    {
        type            calculated;
        value           uniform (0 0 0);
    }
}


// ************************************************************************* //
