/*--------------------------------*- C++ -*----------------------------------*\
| =========                 |                                                 |
| \\      /  F ield         | OpenFOAM: The Open Source CFD Toolbox           |
|  \\    /   O peration     | Version:  2512                                  |
|   \\  /    A nd           | Website:  www.openfoam.com                      |
|    \\/     M anipulation  |                                                 |
\*---------------------------------------------------------------------------*/
FoamFile
{
    version     2.0;
    format      ascii;
    arch        "LSB;label=32;scalar=64";
    class       volVectorField;
    location    "6";
    object      D_0;
}
// * * * * * * * * * * * * * * * * * * * * * * * * * * * * * * * * * * * * * //

dimensions      [0 1 0 0 0 0 0];

internalField   nonuniform List<vector> 
1196
(
(-3.8455285e-06 -2.9286732e-06 0)
(-5.2290955e-06 -1.2291526e-05 0)
(-6.3883593e-06 -2.7178635e-05 0)
(-7.3050338e-06 -4.6646238e-05 0)
(-7.9952387e-06 -6.9783661e-05 0)
(-8.4728219e-06 -9.5719969e-05 0)
(-8.7515953e-06 -0.00012363473 0)
(-8.8453184e-06 -0.000152761 0)
(-8.7677322e-06 -0.00018238633 0)
(-8.5325683e-06 -0.00021185303 0)
(-8.1535516e-06 -0.00024055827 0)
(-7.6444017e-06 -0.0002679541 0)
(-7.0188332e-06 -0.00029354743 0)
(-6.2905558e-06 -0.00031690001 0)
(-5.4732747e-06 -0.00033762842 0)
(-4.5806905e-06 -0.00035540406 0)
(-3.6264999e-06 -0.00036995312 0)
(-2.624396e-06 -0.00038105655 0)
(-1.5880699e-06 -0.0003885501 0)
(-5.3121109e-07 -0.00039232425 0)
(5.3249189e-07 -0.00039232426 0)
(1.5893507e-06 -0.00038855011 0)
(2.6256768e-06 -0.00038105658 0)
(3.6277809e-06 -0.00036995315 0)
(4.5819719e-06 -0.0003554041 0)
(5.4745567e-06 -0.00033762847 0)
(6.2918383e-06 -0.00031690006 0)
(7.020116e-06 -0.00029354749 0)
(7.6456848e-06 -0.00026795416 0)
(8.1548348e-06 -0.00024055833 0)
(8.5338518e-06 -0.00021185309 0)
(8.7690161e-06 -0.00018238639 0)
(8.8466027e-06 -0.00015276105 0)
(8.7528799e-06 -0.00012363478 0)
(8.4741067e-06 -9.5720011e-05 0)
(7.9965238e-06 -6.9783696e-05 0)
(7.3063192e-06 -4.6646264e-05 0)
(6.3896448e-06 -2.7178651e-05 0)
(5.2303811e-06 -1.2291535e-05 0)
(3.8468143e-06 -2.9286727e-06 0)
(-1.0212236e-06 -2.9643968e-06 0)
(5.7345061e-07 -1.2338304e-05 0)
(1.9721627e-06 -2.7229209e-05 0)
(3.1373016e-06 -4.6698023e-05 0)
(4.0788988e-06 -6.9835839e-05 0)
(4.8088217e-06 -9.5772274e-05 0)
(5.3402416e-06 -0.00012368707 0)
(5.6867105e-06 -0.00015281336 0)
(5.8619023e-06 -0.00018243869 0)
(5.8795268e-06 -0.00021190539 0)
(5.7533022e-06 -0.00024061064 0)
(5.4969454e-06 -0.00026800647 0)
(5.12417e-06 -0.0002935998 0)
(4.6486857e-06 -0.00031695238 0)
(4.0841973e-06 -0.00033768079 0)
(3.4444058e-06 -0.00035545643 0)
(2.7430077e-06 -0.00037000548 0)
(1.9936967e-06 -0.00038110892 0)
(1.2101636e-06 -0.00038860247 0)
(4.0609783e-07 -0.00039237662 0)
(-4.0481225e-07 -0.00039237663 0)
(-1.2088783e-06 -0.00038860248 0)
(-1.9924116e-06 -0.00038110894 0)
(-2.7417228e-06 -0.00037000552 0)
(-3.4431209e-06 -0.00035545647 0)
(-4.0829125e-06 -0.00033768084 0)
(-4.6474009e-06 -0.00031695243 0)
(-5.1228855e-06 -0.00029359985 0)
(-5.4956613e-06 -0.00026800653 0)
(-5.7520187e-06 -0.0002406107 0)
(-5.878244e-06 -0.00021190545 0)
(-5.8606199e-06 -0.00018243875 0)
(-5.6854284e-06 -0.00015281341 0)
(-5.3389598e-06 -0.00012368712 0)
(-4.8075403e-06 -9.5772317e-05 0)
(-4.0776178e-06 -6.9835874e-05 0)
(-3.1360207e-06 -4.6698049e-05 0)
(-1.9708818e-06 -2.7229225e-05 0)
(-5.7216978e-07 -1.2338313e-05 0)
(1.0225043e-06 -2.9643963e-06 0)
(0.00010135383 -0.0012221268 0)
(0.00010371476 -0.0011741284 0)
(0.00010512122 -0.0011227266 0)
(0.00010612803 -0.0010707529 0)
(0.0001069512 -0.0010184492 0)
(0.00010762206 -0.00096585447 0)
(0.00010812282 -0.00091302168 0)
(0.00010842432 -0.00086002907 0)
(0.00010849554 -0.00080697424 0)
(0.00010830546 -0.00075397062 0)
(0.0001078232 -0.0007011463 0)
(0.00010701798 -0.00064864369 0)
(0.00010585903 -0.00059661946 0)
(0.00010431558 -0.00054524448 0)
(0.00010235687 -0.00049470389 0)
(9.9952149e-05 -0.00044519705 0)
(9.7070653e-05 -0.00039693759 0)
(9.3681626e-05 -0.00035015337 0)
(8.9754339e-05 -0.00030508653 0)
(8.5258157e-05 -0.0002619935 0)
(8.0162787e-05 -0.00022114493 0)
(7.4438959e-05 -0.00018282495 0)
(6.8059864e-05 -0.00014732734 0)
(6.1002436e-05 -0.00011494039 0)
(5.3231266e-05 -8.589379e-05 0)
(4.4728332e-05 -6.0616017e-05 0)
(7.9545227e-05 -0.0012234698 0)
(8.0007798e-05 -0.0011743728 0)
(8.0544114e-05 -0.0011230414 0)
(8.1223003e-05 -0.0010710833 0)
(8.1872144e-05 -0.0010187655 0)
(8.2424653e-05 -0.00096614452 0)
(8.2847257e-05 -0.00091327837 0)
(8.3114414e-05 -0.00086024646 0)
(8.3202042e-05 -0.00080714663 0)
(8.3086258e-05 -0.00075409238 0)
(8.2743173e-05 -0.00070121181 0)
(8.2148876e-05 -0.00064864733 0)
(8.1279451e-05 -0.0005965556 0)
(8.0110974e-05 -0.0005451075 0)
(7.8619521e-05 -0.00049448817 0)
(7.6781169e-05 -0.00044489696 0)
(7.4571995e-05 -0.00039654751 0)
(7.1968075e-05 -0.00034966767 0)
(6.8945481e-05 -0.00030449958 0)
(6.5480253e-05 -0.00026129966 0)
(6.1548296e-05 -0.00022033853 0)
(5.7125041e-05 -0.00018190031 0)
(5.2184572e-05 -0.00014627921 0)
(4.6698604e-05 -0.00011376828 0)
(4.0647504e-05 -8.4643558e-05 0)
(3.4029221e-05 -5.9322951e-05 0)
(5.5670742e-05 -0.001224296 0)
(5.5745803e-05 -0.0011744638 0)
(5.5933494e-05 -0.0011232439 0)
(5.6368128e-05 -0.0010713598 0)
(5.6858294e-05 -0.0010190537 0)
(5.7302774e-05 -0.00096641894 0)
(5.7659232e-05 -0.00091352883 0)
(5.7905022e-05 -0.00086046748 0)
(5.8022348e-05 -0.00080733385 0)
(5.7994231e-05 -0.00075424159 0)
(5.7803699e-05 -0.00070131882 0)
(5.7433714e-05 -0.00064870794 0)
(5.6867206e-05 -0.00059656558 0)
(5.6087089e-05 -0.00054506265 0)
(5.5076276e-05 -0.00049438425 0)
(5.3817679e-05 -0.00044472977 0)
(5.2294208e-05 -0.00039631282 0)
(5.0488768e-05 -0.00034936126 0)
(4.8384227e-05 -0.00030411718 0)
(4.5963319e-05 -0.00026083694 0)
(4.3208365e-05 -0.00021979091 0)
(4.0100754e-05 -0.00018126298 0)
(3.6621049e-05 -0.00014554849 0)
(3.2755967e-05 -0.00011295136 0)
(2.8536995e-05 -8.3799836e-05 0)
(2.4146024e-05 -5.8679902e-05 0)
(3.0993363e-05 -0.0012248614 0)
(3.1089966e-05 -0.0011745798 0)
(3.1218824e-05 -0.001123423 0)
(3.1520909e-05 -0.0010716073 0)
(3.1885376e-05 -0.0010193218 0)
(3.2234582e-05 -0.00096668219 0)
(3.2534098e-05 -0.00091377712 0)
(3.2767632e-05 -0.00086069628 0)
(3.2924017e-05 -0.00080754008 0)
(3.2993061e-05 -0.00075442246 0)
(3.2964627e-05 -0.00070147155 0)
(3.2828513e-05 -0.00064882972 0)
(3.2574483e-05 -0.00059665362 0)
(3.2192288e-05 -0.00054511412 0)
(3.1671676e-05 -0.00049439636 0)
(3.1002394e-05 -0.00044469969 0)
(3.0174186e-05 -0.00039623774 0)
(2.9176786e-05 -0.00034923835 0)
(2.7999884e-05 -0.00030394357 0)
(2.6633025e-05 -0.00026060964 0)
(2.5065358e-05 -0.00021950675 0)
(2.3285345e-05 -0.00018091875 0)
(2.1281855e-05 -0.00014514349 0)
(1.9053184e-05 -0.0001124986 0)
(1.663958e-05 -8.33561e-05 0)
(1.4146566e-05 -5.8301255e-05 0)
(6.057471e-06 -0.00122525 0)
(6.2373862e-06 -0.0011747622 0)
(6.4221029e-06 -0.0011236288 0)
(6.6654503e-06 -0.0010718504 0)
(6.9333868e-06 -0.0010195788 0)
(7.1981276e-06 -0.00096693827 0)
(7.446804e-06 -0.00091402612 0)
(7.6735402e-06 -0.00086093558 0)
(7.8745413e-06 -0.00080776809 0)
(8.0464179e-06 -0.00075463778 0)
(8.1857993e-06 -0.00070167279 0)
(8.2892884e-06 -0.0006490155 0)
(8.3534736e-06 -0.00059682252 0)
(8.374938e-06 -0.00054526474 0)
(8.3502637e-06 -0.00049452729 0)
(8.2760319e-06 -0.00044480953 0)
(8.1488219e-06 -0.00039632507 0)
(7.9652047e-06 -0.00034930175 0)
(7.7217273e-06 -0.00030398161 0)
(7.4148682e-06 -0.00026062078 0)
(7.0409475e-06 -0.00021948935 0)
(6.596082e-06 -0.00018087136 0)
(6.0768895e-06 -0.00014506671 0)
(5.4845888e-06 -0.00011240189 0)
(4.8365334e-06 -8.3268248e-05 0)
(4.1659413e-06 -5.8231539e-05 0)
(-1.8943713e-05 -0.001225499 0)
(-1.8672924e-05 -0.0011750141 0)
(-1.8403696e-05 -0.0011238811 0)
(-1.8194712e-05 -0.0010721023 0)
(-1.8012298e-05 -0.0010198303 0)
(-1.7827862e-05 -0.00096718957 0)
(-1.7627872e-05 -0.00091427732 0)
(-1.740611e-05 -0.00086118675 0)
(-1.7158646e-05 -0.00080801924 0)
(-1.6882051e-05 -0.00075488893 0)
(-1.6572948e-05 -0.00070192395 0)
(-1.6227944e-05 -0.00064926665 0)
(-1.5843632e-05 -0.00059707368 0)
(-1.5416596e-05 -0.0005455159 0)
(-1.4943421e-05 -0.00049477845 0)
(-1.4420689e-05 -0.00044506069 0)
(-1.3844988e-05 -0.00039657623 0)
(-1.3212903e-05 -0.0003495529 0)
(-1.2521013e-05 -0.00030423273 0)
(-1.176585e-05 -0.00026087188 0)
(-1.0943791e-05 -0.00021974044 0)
(-1.0050926e-05 -0.00018112253 0)
(-9.0834875e-06 -0.00014531824 0)
(-8.0413409e-06 -0.00011265449 0)
(-6.9384887e-06 -8.3523203e-05 0)
(-5.8020971e-06 -5.8489978e-05 0)
(-4.3878886e-05 -0.0012256083 0)
(-4.3524134e-05 -0.0011753356 0)
(-4.3199151e-05 -0.0011241799 0)
(-4.3049508e-05 -0.001072363 0)
(-4.2964062e-05 -0.0010200764 0)
(-4.2864282e-05 -0.00096743607 0)
(-4.2715186e-05 -0.00091453072 0)
(-4.2500226e-05 -0.00086144978 0)
(-4.2208136e-05 -0.00080829355 0)
(-4.1828702e-05 -0.00075517593 0)
(-4.1351779e-05 -0.00070222502 0)
(-4.076717e-05 -0.0006495832 0)
(-4.0064642e-05 -0.0005974071 0)
(-3.9233947e-05 -0.0005458676 0)
(-3.8264834e-05 -0.00049514984 0)
(-3.7147052e-05 -0.00044545317 0)
(-3.587035e-05 -0.0003969912 0)
(-3.4424472e-05 -0.00034999178 0)
(-3.2799133e-05 -0.00030469696 0)
(-3.0983916e-05 -0.00026136295 0)
(-2.8968014e-05 -0.00022026002 0)
(-2.6739879e-05 -0.00018167225 0)
(-2.4288113e-05 -0.00014589801 0)
(-2.1610059e-05 -0.00011325609 0)
(-1.8743821e-05 -8.4120098e-05 0)
(-1.5792097e-05 -5.9074863e-05 0)
(-6.8552582e-05 -0.0012255395 0)
(-6.8176211e-05 -0.001175724 0)
(-6.7911203e-05 -0.0011245053 0)
(-6.789557e-05 -0.0010726189 0)
(-6.7936644e-05 -0.0010203111 0)
(-6.793245e-05 -0.00096767531 0)
(-6.7840371e-05 -0.00091478479 0)
(-6.7637662e-05 -0.0008617233 0)
(-6.7306496e-05 -0.00080858963 0)
(-6.6829885e-05 -0.00075549737 0)
(-6.6190856e-05 -0.00070257461 0)
(-6.5372373e-05 -0.00064996373 0)
(-6.4357365e-05 -0.00059782138 0)
(-6.3128748e-05 -0.00054631845 0)
(-6.1669435e-05 -0.00049564005 0)
(-5.9962338e-05 -0.00044598557 0)
(-5.799037e-05 -0.0003975686 0)
(-5.5736437e-05 -0.00035061699 0)
(-5.3183416e-05 -0.00030537284 0)
(-5.0314053e-05 -0.00026209249 0)
(-4.7110685e-05 -0.00022104642 0)
(-4.3554694e-05 -0.0001825188 0)
(-3.962654e-05 -0.0001468058 0)
(-3.531255e-05 -0.00011421301 0)
(-3.0643619e-05 -8.507069e-05 0)
(-2.5805136e-05 -5.9963408e-05 0)
(-9.2414938e-05 -0.0012252068 0)
(-9.2430047e-05 -0.0011761376 0)
(-9.2518057e-05 -0.0011248066 0)
(-9.2749217e-05 -0.0010728454 0)
(-9.2950267e-05 -0.0010205253 0)
(-9.3054389e-05 -0.00096790329 0)
(-9.3028489e-05 -0.00091503667 0)
(-9.2847118e-05 -0.0008620046 0)
(-9.2486223e-05 -0.00080890473 0)
(-9.1921927e-05 -0.00075585048 0)
(-9.1130335e-05 -0.00070296992 0)
(-9.0087537e-05 -0.00065040545 0)
(-8.8769611e-05 -0.00059831372 0)
(-8.7152634e-05 -0.00054686562 0)
(-8.5212683e-05 -0.00049624629 0)
(-8.2925832e-05 -0.00044665508 0)
(-8.0268157e-05 -0.0003983056 0)
(-7.721573e-05 -0.00035142572 0)
(-7.3744612e-05 -0.00030625754 0)
(-6.9830816e-05 -0.00026305751 0)
(-6.5450207e-05 -0.00022209633 0)
(-6.057817e-05 -0.00018365848 0)
(-5.5188773e-05 -0.00014803916 0)
(-4.9253804e-05 -0.00011553343 0)
(-4.2753707e-05 -8.6419446e-05 0)
(-3.5691691e-05 -6.1106995e-05 0)
(-0.00011418162 -0.0012243523 0)
(-0.00011612233 -0.0011763958 0)
(-0.00011709152 -0.001124994 0)
(-0.00011765369 -0.0010730172 0)
(-0.00011802947 -0.0010207113 0)
(-0.000118252 -0.00096811557 0)
(-0.00011830419 -0.00091528232 0)
(-0.00011815709 -0.00086228954 0)
(-0.00011777975 -0.00080923466 0)
(-0.00011714114 -0.00075623104 0)
(-0.00011621037 -0.00070340673 0)
(-0.00011495664 -0.00065090413 0)
(-0.00011334919 -0.00059887989 0)
(-0.00011135724 -0.00054750492 0)
(-0.00010895004 -0.00049696433 0)
(-0.00010609682 -0.00044745748 0)
(-0.00010276682 -0.000399198 0)
(-9.8929284e-05 -0.00035241374 0)
(-9.4553444e-05 -0.00030734682 0)
(-8.9608602e-05 -0.0002642537 0)
(-8.4064346e-05 -0.00022340512 0)
(-7.7891231e-05 -0.00018508558 0)
(-7.1062356e-05 -0.00014958988 0)
(-6.3555193e-05 -0.00011720846 0)
(-5.5337455e-05 -8.8173383e-05 0)
(-4.6401081e-05 -6.2890425e-05 0)
(3.6119518e-05 -4.1691309e-05 0)
(2.7147435e-05 -2.5124023e-05 0)
(1.7074739e-05 -1.2356906e-05 0)
(6.3017392e-06 -4.1540148e-06 0)
(2.8153566e-05 -4.0292509e-05 0)
(2.060124e-05 -2.3403531e-05 0)
(1.2552405e-05 -1.0566809e-05 0)
(3.8786228e-06 -2.293e-06 0)
(1.9636326e-05 -3.9056681e-05 0)
(1.431443e-05 -2.2099962e-05 0)
(8.5677711e-06 -9.2522733e-06 0)
(2.5212765e-06 -1.2424304e-06 0)
(1.1451789e-05 -3.8298371e-05 0)
(8.3374875e-06 -2.1307661e-05 0)
(4.9711731e-06 -8.4638035e-06 0)
(1.4677659e-06 -6.8462391e-07 0)
(3.4199826e-06 -3.8045534e-05 0)
(2.544892e-06 -2.1033015e-05 0)
(1.5755047e-06 -8.1782053e-06 0)
(5.0824704e-07 -4.7674324e-07 0)
(-4.5724702e-06 -3.8304842e-05 0)
(-3.1989109e-06 -2.1280457e-05 0)
(-1.7689276e-06 -8.3794478e-06 0)
(-4.3105319e-07 -5.6513182e-07 0)
(-1.262851e-05 -3.9074795e-05 0)
(-9.0281738e-06 -2.2051272e-05 0)
(-5.2002294e-06 -9.074267e-06 0)
(-1.3998436e-06 -9.5784661e-07 0)
(-2.0860203e-05 -4.0345023e-05 0)
(-1.5079425e-05 -2.3342359e-05 0)
(-8.8790807e-06 -1.0291477e-05 0)
(-2.4840773e-06 -1.7277916e-06 0)
(-2.944743e-05 -4.2081892e-05 0)
(-2.1474737e-05 -2.5145038e-05 0)
(-1.3015621e-05 -1.2062292e-05 0)
(-3.9415214e-06 -3.0492263e-06 0)
(-3.746494e-05 -4.3966822e-05 0)
(-2.8139822e-05 -2.7354451e-05 0)
(-1.7778625e-05 -1.4321537e-05 0)
(-6.7206012e-06 -5.3047449e-06 0)
(-4.4728333e-05 -6.0616017e-05 0)
(-5.3231267e-05 -8.589379e-05 0)
(-6.1002436e-05 -0.00011494039 0)
(-6.8059865e-05 -0.00014732734 0)
(-7.443896e-05 -0.00018282495 0)
(-8.0162788e-05 -0.00022114493 0)
(-8.5258158e-05 -0.00026199351 0)
(-8.975434e-05 -0.00030508653 0)
(-9.3681627e-05 -0.00035015338 0)
(-9.7070654e-05 -0.0003969376 0)
(-9.995215e-05 -0.00044519706 0)
(-0.00010235687 -0.00049470389 0)
(-0.00010431558 -0.00054524448 0)
(-0.00010585903 -0.00059661946 0)
(-0.00010701799 -0.0006486437 0)
(-0.00010782321 -0.0007011463 0)
(-0.00010830546 -0.00075397062 0)
(-0.00010849554 -0.00080697425 0)
(-0.00010842432 -0.00086002908 0)
(-0.00010812282 -0.00091302169 0)
(-0.00010762206 -0.00096585448 0)
(-0.0001069512 -0.0010184492 0)
(-0.00010612803 -0.0010707529 0)
(-0.00010512122 -0.0011227266 0)
(-0.00010371476 -0.0011741284 0)
(-0.00010135384 -0.0012221268 0)
(-3.4029221e-05 -5.9322951e-05 0)
(-4.0647504e-05 -8.4643559e-05 0)
(-4.6698605e-05 -0.00011376828 0)
(-5.2184572e-05 -0.00014627921 0)
(-5.7125042e-05 -0.00018190031 0)
(-6.1548296e-05 -0.00022033854 0)
(-6.5480253e-05 -0.00026129967 0)
(-6.8945481e-05 -0.00030449958 0)
(-7.1968075e-05 -0.00034966767 0)
(-7.4571995e-05 -0.00039654751 0)
(-7.678117e-05 -0.00044489697 0)
(-7.8619522e-05 -0.00049448817 0)
(-8.0110975e-05 -0.00054510751 0)
(-8.1279452e-05 -0.0005965556 0)
(-8.2148877e-05 -0.00064864734 0)
(-8.2743174e-05 -0.00070121181 0)
(-8.3086259e-05 -0.00075409239 0)
(-8.3202043e-05 -0.00080714663 0)
(-8.3114415e-05 -0.00086024647 0)
(-8.2847258e-05 -0.00091327838 0)
(-8.2424654e-05 -0.00096614453 0)
(-8.1872145e-05 -0.0010187655 0)
(-8.1223004e-05 -0.0010710833 0)
(-8.0544116e-05 -0.0011230414 0)
(-8.00078e-05 -0.0011743728 0)
(-7.9545228e-05 -0.0012234698 0)
(-2.4146024e-05 -5.8679903e-05 0)
(-2.8536995e-05 -8.3799837e-05 0)
(-3.2755967e-05 -0.00011295136 0)
(-3.6621049e-05 -0.00014554849 0)
(-4.0100755e-05 -0.00018126298 0)
(-4.3208365e-05 -0.00021979092 0)
(-4.5963319e-05 -0.00026083694 0)
(-4.8384228e-05 -0.00030411719 0)
(-5.0488769e-05 -0.00034936126 0)
(-5.2294209e-05 -0.00039631282 0)
(-5.3817679e-05 -0.00044472978 0)
(-5.5076277e-05 -0.00049438426 0)
(-5.608709e-05 -0.00054506265 0)
(-5.6867206e-05 -0.00059656559 0)
(-5.7433715e-05 -0.00064870795 0)
(-5.7803699e-05 -0.00070131883 0)
(-5.7994232e-05 -0.0007542416 0)
(-5.8022349e-05 -0.00080733385 0)
(-5.7905023e-05 -0.00086046749 0)
(-5.7659233e-05 -0.00091352883 0)
(-5.7302775e-05 -0.00096641895 0)
(-5.6858295e-05 -0.0010190538 0)
(-5.6368129e-05 -0.0010713598 0)
(-5.5933495e-05 -0.001123244 0)
(-5.5745804e-05 -0.0011744638 0)
(-5.5670743e-05 -0.001224296 0)
(-1.4146566e-05 -5.8301255e-05 0)
(-1.663958e-05 -8.3356101e-05 0)
(-1.9053184e-05 -0.0001124986 0)
(-2.1281855e-05 -0.00014514349 0)
(-2.3285345e-05 -0.00018091875 0)
(-2.5065358e-05 -0.00021950675 0)
(-2.6633025e-05 -0.00026060965 0)
(-2.7999884e-05 -0.00030394358 0)
(-2.9176786e-05 -0.00034923835 0)
(-3.0174186e-05 -0.00039623774 0)
(-3.1002394e-05 -0.0004446997 0)
(-3.1671677e-05 -0.00049439636 0)
(-3.2192289e-05 -0.00054511413 0)
(-3.2574483e-05 -0.00059665362 0)
(-3.2828513e-05 -0.00064882973 0)
(-3.2964627e-05 -0.00070147155 0)
(-3.2993062e-05 -0.00075442247 0)
(-3.2924017e-05 -0.00080754008 0)
(-3.2767633e-05 -0.00086069629 0)
(-3.2534099e-05 -0.00091377713 0)
(-3.2234583e-05 -0.0009666822 0)
(-3.1885377e-05 -0.0010193219 0)
(-3.1520909e-05 -0.0010716074 0)
(-3.1218825e-05 -0.001123423 0)
(-3.1089966e-05 -0.0011745798 0)
(-3.0993364e-05 -0.0012248615 0)
(-4.1659413e-06 -5.8231539e-05 0)
(-4.8365335e-06 -8.3268248e-05 0)
(-5.4845889e-06 -0.00011240189 0)
(-6.0768896e-06 -0.00014506671 0)
(-6.5960821e-06 -0.00018087136 0)
(-7.0409476e-06 -0.00021948936 0)
(-7.4148683e-06 -0.00026062078 0)
(-7.7217274e-06 -0.00030398161 0)
(-7.9652048e-06 -0.00034930176 0)
(-8.148822e-06 -0.00039632508 0)
(-8.2760321e-06 -0.00044480954 0)
(-8.3502638e-06 -0.00049452729 0)
(-8.3749381e-06 -0.00054526475 0)
(-8.3534737e-06 -0.00059682252 0)
(-8.2892886e-06 -0.0006490155 0)
(-8.1857994e-06 -0.0007016728 0)
(-8.046418e-06 -0.00075463779 0)
(-7.8745415e-06 -0.00080776809 0)
(-7.6735404e-06 -0.00086093559 0)
(-7.4468042e-06 -0.00091402613 0)
(-7.1981277e-06 -0.00096693828 0)
(-6.9333871e-06 -0.0010195788 0)
(-6.6654505e-06 -0.0010718504 0)
(-6.4221031e-06 -0.0011236288 0)
(-6.2373864e-06 -0.0011747622 0)
(-6.057471e-06 -0.00122525 0)
(5.8020972e-06 -5.8489978e-05 0)
(6.9384887e-06 -8.3523203e-05 0)
(8.0413409e-06 -0.00011265449 0)
(9.0834876e-06 -0.00014531824 0)
(1.0050926e-05 -0.00018112253 0)
(1.0943791e-05 -0.00021974044 0)
(1.176585e-05 -0.00026087188 0)
(1.2521013e-05 -0.00030423273 0)
(1.3212903e-05 -0.0003495529 0)
(1.3844988e-05 -0.00039657623 0)
(1.442069e-05 -0.00044506069 0)
(1.4943421e-05 -0.00049477845 0)
(1.5416596e-05 -0.00054551591 0)
(1.5843632e-05 -0.00059707368 0)
(1.6227944e-05 -0.00064926666 0)
(1.6572948e-05 -0.00070192395 0)
(1.6882051e-05 -0.00075488894 0)
(1.7158646e-05 -0.00080801925 0)
(1.740611e-05 -0.00086118676 0)
(1.7627872e-05 -0.00091427733 0)
(1.7827862e-05 -0.00096718958 0)
(1.8012298e-05 -0.0010198304 0)
(1.8194712e-05 -0.0010721023 0)
(1.8403696e-05 -0.0011238811 0)
(1.8672924e-05 -0.0011750141 0)
(1.8943714e-05 -0.0012254991 0)
(1.5792097e-05 -5.9074863e-05 0)
(1.8743821e-05 -8.4120098e-05 0)
(2.1610059e-05 -0.00011325609 0)
(2.4288113e-05 -0.00014589801 0)
(2.6739879e-05 -0.00018167225 0)
(2.8968014e-05 -0.00022026003 0)
(3.0983916e-05 -0.00026136296 0)
(3.2799134e-05 -0.00030469696 0)
(3.4424473e-05 -0.00034999178 0)
(3.587035e-05 -0.0003969912 0)
(3.7147052e-05 -0.00044545317 0)
(3.8264834e-05 -0.00049514984 0)
(3.9233947e-05 -0.00054586761 0)
(4.0064642e-05 -0.0005974071 0)
(4.076717e-05 -0.00064958321 0)
(4.1351779e-05 -0.00070222503 0)
(4.1828702e-05 -0.00075517594 0)
(4.2208137e-05 -0.00080829355 0)
(4.2500226e-05 -0.00086144979 0)
(4.2715187e-05 -0.00091453072 0)
(4.2864283e-05 -0.00096743608 0)
(4.2964062e-05 -0.0010200764 0)
(4.3049508e-05 -0.001072363 0)
(4.3199152e-05 -0.0011241799 0)
(4.3524134e-05 -0.0011753357 0)
(4.3878887e-05 -0.0012256083 0)
(2.5805136e-05 -5.9963408e-05 0)
(3.0643619e-05 -8.5070691e-05 0)
(3.531255e-05 -0.00011421301 0)
(3.962654e-05 -0.0001468058 0)
(4.3554694e-05 -0.0001825188 0)
(4.7110685e-05 -0.00022104642 0)
(5.0314054e-05 -0.00026209249 0)
(5.3183417e-05 -0.00030537284 0)
(5.5736438e-05 -0.00035061699 0)
(5.799037e-05 -0.0003975686 0)
(5.9962339e-05 -0.00044598557 0)
(6.1669436e-05 -0.00049564006 0)
(6.3128749e-05 -0.00054631845 0)
(6.4357366e-05 -0.00059782139 0)
(6.5372374e-05 -0.00064996374 0)
(6.6190857e-05 -0.00070257462 0)
(6.6829885e-05 -0.00075549738 0)
(6.7306496e-05 -0.00080858963 0)
(6.7637662e-05 -0.00086172331 0)
(6.7840372e-05 -0.00091478479 0)
(6.7932451e-05 -0.00096767532 0)
(6.7936645e-05 -0.0010203111 0)
(6.7895571e-05 -0.0010726189 0)
(6.7911204e-05 -0.0011245053 0)
(6.8176212e-05 -0.001175724 0)
(6.8552584e-05 -0.0012255395 0)
(3.5691692e-05 -6.1106996e-05 0)
(4.2753707e-05 -8.6419446e-05 0)
(4.9253805e-05 -0.00011553343 0)
(5.5188773e-05 -0.00014803916 0)
(6.057817e-05 -0.00018365848 0)
(6.5450208e-05 -0.00022209634 0)
(6.9830817e-05 -0.00026305751 0)
(7.3744612e-05 -0.00030625755 0)
(7.7215731e-05 -0.00035142572 0)
(8.0268158e-05 -0.0003983056 0)
(8.2925832e-05 -0.00044665508 0)
(8.5212683e-05 -0.00049624629 0)
(8.7152635e-05 -0.00054686563 0)
(8.8769612e-05 -0.00059831372 0)
(9.0087538e-05 -0.00065040545 0)
(9.1130336e-05 -0.00070296992 0)
(9.1921928e-05 -0.00075585048 0)
(9.2486225e-05 -0.00080890473 0)
(9.2847119e-05 -0.0008620046 0)
(9.302849e-05 -0.00091503668 0)
(9.305439e-05 -0.0009679033 0)
(9.2950268e-05 -0.0010205253 0)
(9.2749219e-05 -0.0010728454 0)
(9.2518058e-05 -0.0011248066 0)
(9.2430048e-05 -0.0011761377 0)
(9.241494e-05 -0.0012252068 0)
(4.6401081e-05 -6.2890425e-05 0)
(5.5337455e-05 -8.8173384e-05 0)
(6.3555194e-05 -0.00011720846 0)
(7.1062356e-05 -0.00014958988 0)
(7.7891231e-05 -0.00018508558 0)
(8.4064347e-05 -0.00022340512 0)
(8.9608603e-05 -0.0002642537 0)
(9.4553445e-05 -0.00030734683 0)
(9.8929285e-05 -0.00035241374 0)
(0.00010276682 -0.00039919801 0)
(0.00010609682 -0.00044745749 0)
(0.00010895004 -0.00049696433 0)
(0.00011135724 -0.00054750492 0)
(0.00011334919 -0.0005988799 0)
(0.00011495665 -0.00065090413 0)
(0.00011621037 -0.00070340673 0)
(0.00011714114 -0.00075623105 0)
(0.00011777975 -0.00080923467 0)
(0.00011815709 -0.00086228955 0)
(0.00011830419 -0.00091528232 0)
(0.000118252 -0.00096811558 0)
(0.00011802947 -0.0010207113 0)
(0.00011765369 -0.0010730172 0)
(0.00011709152 -0.001124994 0)
(0.00011612233 -0.0011763958 0)
(0.00011418162 -0.0012243523 0)
(-6.3017393e-06 -4.1540149e-06 0)
(-1.7074739e-05 -1.2356906e-05 0)
(-2.7147435e-05 -2.5124023e-05 0)
(-3.6119518e-05 -4.1691309e-05 0)
(-3.8786228e-06 -2.293e-06 0)
(-1.2552405e-05 -1.0566809e-05 0)
(-2.0601241e-05 -2.3403531e-05 0)
(-2.8153567e-05 -4.0292509e-05 0)
(-2.5212765e-06 -1.2424304e-06 0)
(-8.5677712e-06 -9.2522733e-06 0)
(-1.431443e-05 -2.2099962e-05 0)
(-1.9636326e-05 -3.9056682e-05 0)
(-1.4677659e-06 -6.846239e-07 0)
(-4.9711731e-06 -8.4638035e-06 0)
(-8.3374875e-06 -2.1307661e-05 0)
(-1.1451789e-05 -3.8298371e-05 0)
(-5.0824704e-07 -4.7674323e-07 0)
(-1.5755047e-06 -8.1782053e-06 0)
(-2.544892e-06 -2.1033015e-05 0)
(-3.4199826e-06 -3.8045534e-05 0)
(4.3105319e-07 -5.6513181e-07 0)
(1.7689276e-06 -8.3794478e-06 0)
(3.1989109e-06 -2.1280457e-05 0)
(4.5724702e-06 -3.8304843e-05 0)
(1.3998436e-06 -9.578466e-07 0)
(5.2002295e-06 -9.074267e-06 0)
(9.0281739e-06 -2.2051272e-05 0)
(1.262851e-05 -3.9074795e-05 0)
(2.4840773e-06 -1.7277916e-06 0)
(8.8790808e-06 -1.0291477e-05 0)
(1.5079425e-05 -2.3342359e-05 0)
(2.0860203e-05 -4.0345023e-05 0)
(3.9415214e-06 -3.0492263e-06 0)
(1.3015621e-05 -1.2062292e-05 0)
(2.1474737e-05 -2.5145038e-05 0)
(2.944743e-05 -4.2081892e-05 0)
(6.7206012e-06 -5.3047449e-06 0)
(1.7778626e-05 -1.4321537e-05 0)
(2.8139822e-05 -2.7354451e-05 0)
(3.746494e-05 -4.3966822e-05 0)
(1.6454026e-05 1.4596056e-05 0)
(4.0220604e-05 4.5803471e-05 0)
(5.8928514e-05 8.7658177e-05 0)
(7.2738988e-05 0.00013818242 0)
(8.1957323e-05 0.00019472103 0)
(8.6947493e-05 0.00025463304 0)
(8.8101564e-05 0.00031548679 0)
(8.582062e-05 0.00037509153 0)
(8.0508221e-05 0.00043150091 0)
(7.2568498e-05 0.00048301257 0)
(6.2405677e-05 0.0005281676 0)
(5.0423977e-05 0.00056575037 0)
(3.7027604e-05 0.00059478836 0)
(2.2620753e-05 0.00061455223 0)
(7.607616e-06 0.00062455573 0)
(-7.607616e-06 0.00062455573 0)
(-2.2620753e-05 0.00061455223 0)
(-3.7027604e-05 0.00059478836 0)
(-5.0423977e-05 0.00056575037 0)
(-6.2405677e-05 0.0005281676 0)
(-7.2568498e-05 0.00048301257 0)
(-8.0508221e-05 0.00043150091 0)
(-8.582062e-05 0.00037509153 0)
(-8.8101564e-05 0.00031548679 0)
(-8.6947493e-05 0.00025463304 0)
(-8.1957323e-05 0.00019472103 0)
(-7.2738988e-05 0.00013818242 0)
(-5.8928514e-05 8.7658177e-05 0)
(-4.0220604e-05 4.5803471e-05 0)
(-1.6454026e-05 1.4596056e-05 0)
(8.5093173e-06 9.7584567e-06 0)
(2.6142601e-05 4.1598774e-05 0)
(3.9954357e-05 8.4330297e-05 0)
(5.0078791e-05 0.00013570714 0)
(5.684908e-05 0.00019302487 0)
(6.0579037e-05 0.00025364317 0)
(6.1564549e-05 0.00031513191 0)
(6.0095821e-05 0.00037530092 0)
(5.6461778e-05 0.00043220401 0)
(5.0951136e-05 0.00048413884 0)
(4.38526e-05 0.00052964651 0)
(3.545488e-05 0.00056751139 0)
(2.6046683e-05 0.00059676097 0)
(1.5916717e-05 0.00061666589 0)
(5.3536902e-06 0.00062673991 0)
(-5.3536902e-06 0.00062673991 0)
(-1.5916717e-05 0.00061666589 0)
(-2.6046683e-05 0.00059676097 0)
(-3.545488e-05 0.00056751139 0)
(-4.38526e-05 0.00052964651 0)
(-5.0951136e-05 0.00048413884 0)
(-5.6461778e-05 0.00043220401 0)
(-6.0095821e-05 0.00037530092 0)
(-6.1564549e-05 0.00031513191 0)
(-6.0579037e-05 0.00025364317 0)
(-5.684908e-05 0.00019302487 0)
(-5.0078791e-05 0.00013570714 0)
(-3.9954357e-05 8.4330297e-05 0)
(-2.6142601e-05 4.1598774e-05 0)
(-8.5093173e-06 9.7584567e-06 0)
(4.3441112e-06 7.3255181e-06 0)
(1.4615055e-05 3.8708088e-05 0)
(2.304977e-05 8.1961883e-05 0)
(2.9251401e-05 0.00013392414 0)
(3.3402031e-05 0.00019177309 0)
(3.5712589e-05 0.00025286644 0)
(3.6371798e-05 0.00031477969 0)
(3.5557373e-05 0.00037532516 0)
(3.3443586e-05 0.00043255742 0)
(3.0203853e-05 0.00048477436 0)
(2.601141e-05 0.00053051712 0)
(2.1039471e-05 0.00056857006 0)
(1.5461253e-05 0.00059796069 0)
(9.4499758e-06 0.00061795965 0)
(3.1788626e-06 0.00062808069 0)
(-3.1788626e-06 0.00062808069 0)
(-9.4499758e-06 0.00061795965 0)
(-1.5461253e-05 0.00059796069 0)
(-2.1039471e-05 0.00056857006 0)
(-2.601141e-05 0.00053051712 0)
(-3.0203853e-05 0.00048477436 0)
(-3.3443586e-05 0.00043255742 0)
(-3.5557373e-05 0.00037532516 0)
(-3.6371798e-05 0.00031477969 0)
(-3.5712589e-05 0.00025286644 0)
(-3.3402031e-05 0.00019177309 0)
(-2.9251401e-05 0.00013392414 0)
(-2.304977e-05 8.1961883e-05 0)
(-1.4615055e-05 3.8708088e-05 0)
(-4.3441112e-06 7.3255181e-06 0)
(1.2758371e-06 6.2554591e-06 0)
(4.5924812e-06 3.7196803e-05 0)
(7.4363416e-06 8.064229e-05 0)
(9.5451935e-06 0.00013289601 0)
(1.0957527e-05 0.00019101592 0)
(1.1748456e-05 0.00025234963 0)
(1.1985685e-05 0.00031447616 0)
(1.1730673e-05 0.00037521016 0)
(1.1042303e-05 0.00043260709 0)
(9.9785983e-06 0.00048496509 0)
(8.597344e-06 0.00053082539 0)
(6.9562735e-06 0.00056897236 0)
(5.1131174e-06 0.00059843352 0)
(3.1256113e-06 0.00061847949 0)
(1.0514939e-06 0.00062862404 0)
(-1.0514939e-06 0.00062862404 0)
(-3.1256113e-06 0.00061847949 0)
(-5.1131174e-06 0.00059843352 0)
(-6.9562735e-06 0.00056897236 0)
(-8.597344e-06 0.00053082539 0)
(-9.9785983e-06 0.00048496509 0)
(-1.1042303e-05 0.00043260709 0)
(-1.1730673e-05 0.00037521016 0)
(-1.1985685e-05 0.00031447616 0)
(-1.1748456e-05 0.00025234963 0)
(-1.0957527e-05 0.00019101592 0)
(-9.5451935e-06 0.00013289601 0)
(-7.4363416e-06 8.064229e-05 0)
(-4.5924812e-06 3.7196803e-05 0)
(-1.2758371e-06 6.2554591e-06 0)
(-1.5394018e-06 6.155237e-06 0)
(-4.9424226e-06 3.699122e-05 0)
(-7.7304245e-06 8.0406528e-05 0)
(-9.7781427e-06 0.00013265784 0)
(-1.1149666e-05 0.0001907808 0)
(-1.1914141e-05 0.00025211688 0)
(-1.2131462e-05 0.00031424455 0)
(-1.1858816e-05 0.00037497896 0)
(-1.1153381e-05 0.000432376 0)
(-1.0072665e-05 0.00048473401 0)
(-8.674354e-06 0.0005305943 0)
(-7.0161892e-06 0.00056874126 0)
(-5.1559203e-06 0.00059820242 0)
(-3.1512943e-06 0.00061824839 0)
(-1.0600551e-06 0.00062839294 0)
(1.0600551e-06 0.00062839294 0)
(3.1512943e-06 0.00061824839 0)
(5.1559203e-06 0.00059820242 0)
(7.0161892e-06 0.00056874126 0)
(8.674354e-06 0.0005305943 0)
(1.0072665e-05 0.00048473401 0)
(1.1153381e-05 0.000432376 0)
(1.1858816e-05 0.00037497896 0)
(1.2131462e-05 0.00031424455 0)
(1.1914141e-05 0.00025211688 0)
(1.1149666e-05 0.0001907808 0)
(9.7781427e-06 0.00013265784 0)
(7.7304245e-06 8.0406528e-05 0)
(4.9424226e-06 3.699122e-05 0)
(1.5394018e-06 6.155237e-06 0)
(-4.5873871e-06 7.0131888e-06 0)
(-1.4920047e-05 3.808548e-05 0)
(-2.3311638e-05 8.1255337e-05 0)
(-2.9469205e-05 0.00013321157 0)
(-3.3588853e-05 0.00019106895 0)
(-3.5876951e-05 0.00025216872 0)
(-3.6517465e-05 0.00031408501 0)
(-3.5685632e-05 0.00037463157 0)
(-3.3554757e-05 0.00043186413 0)
(-3.0297964e-05 0.00048408111 0)
(-2.6088436e-05 0.00052982385 0)
(-2.1099391e-05 0.00056787677 0)
(-1.5504056e-05 0.0005972674 0)
(-9.4756587e-06 0.00061726635 0)
(-3.1874237e-06 0.00062738739 0)
(3.1874237e-06 0.00062738739 0)
(9.4756587e-06 0.00061726635 0)
(1.5504056e-05 0.0005972674 0)
(2.1099391e-05 0.00056787677 0)
(2.6088436e-05 0.00052982385 0)
(3.0297964e-05 0.00048408111 0)
(3.3554757e-05 0.00043186413 0)
(3.5685632e-05 0.00037463157 0)
(3.6517465e-05 0.00031408501 0)
(3.5876951e-05 0.00025216872 0)
(3.3588853e-05 0.00019106895 0)
(2.9469205e-05 0.00013321157 0)
(2.3311638e-05 8.1255337e-05 0)
(1.4920047e-05 3.808548e-05 0)
(4.5873871e-06 7.0131888e-06 0)
(-8.6778743e-06 9.1931958e-06 0)
(-2.6345179e-05 4.0544821e-05 0)
(-4.015664e-05 8.3157065e-05 0)
(-5.0271915e-05 0.00013452591 0)
(-5.7028144e-05 0.00019185497 0)
(-6.0741795e-05 0.0002524818 0)
(-6.171026e-05 0.00031397457 0)
(-6.0224338e-05 0.00037414504 0)
(-5.6573113e-05 0.00043104852 0)
(-5.104532e-05 0.0004829834 0)
(-4.3929652e-05 0.00052849105 0)
(-3.5514806e-05 0.0005663559 0)
(-2.6089487e-05 0.00059560547 0)
(-1.5942399e-05 0.00061551039 0)
(-5.362251e-06 0.00062558441 0)
(5.362251e-06 0.00062558441 0)
(1.5942399e-05 0.00061551039 0)
(2.6089487e-05 0.00059560547 0)
(3.5514806e-05 0.0005663559 0)
(4.3929652e-05 0.00052849105 0)
(5.104532e-05 0.0004829834 0)
(5.6573113e-05 0.00043104852 0)
(6.0224338e-05 0.00037414504 0)
(6.171026e-05 0.00031397457 0)
(6.0741795e-05 0.0002524818 0)
(5.7028144e-05 0.00019185497 0)
(5.0271915e-05 0.00013452591 0)
(4.015664e-05 8.3157065e-05 0)
(2.6345179e-05 4.0544821e-05 0)
(8.6778743e-06 9.1931958e-06 0)
(-1.6351414e-05 1.3683975e-05 0)
(-4.0252386e-05 4.4312663e-05 0)
(-5.9060271e-05 8.6030247e-05 0)
(-7.2909488e-05 0.00013654122 0)
(-8.2131222e-05 0.00019308939 0)
(-8.7109989e-05 0.00025300946 0)
(-8.8247825e-05 0.00031386717 0)
(-8.5949537e-05 0.00037347339 0)
(-8.0619743e-05 0.00042988319 0)
(-7.2662749e-05 0.00048139492 0)
(-6.2482746e-05 0.00052654994 0)
(-5.0483906e-05 0.00056413268 0)
(-3.7070407e-05 0.00059317067 0)
(-2.2646434e-05 0.00061293453 0)
(-7.6161765e-06 0.00062293803 0)
(7.6161765e-06 0.00062293803 0)
(2.2646434e-05 0.00061293453 0)
(3.7070407e-05 0.00059317067 0)
(5.0483906e-05 0.00056413268 0)
(6.2482746e-05 0.00052654994 0)
(7.2662749e-05 0.00048139492 0)
(8.0619743e-05 0.00042988319 0)
(8.5949537e-05 0.00037347339 0)
(8.8247825e-05 0.00031386717 0)
(8.7109989e-05 0.00025300946 0)
(8.2131222e-05 0.00019308939 0)
(7.2909488e-05 0.00013654122 0)
(5.9060271e-05 8.6030247e-05 0)
(4.0252386e-05 4.4312663e-05 0)
(1.6351414e-05 1.3683975e-05 0)
(2.737971e-06 -1.0641178e-06 0)
(2.2157372e-06 -1.0641938e-06 0)
(2.7162046e-06 -7.2232705e-07 0)
(2.2267319e-06 -7.1496729e-07 0)
(2.01454e-06 -1.0259166e-06 0)
(1.9671364e-06 -7.5041663e-07 0)
(1.9567234e-06 -7.7987948e-07 0)
(2.3958182e-06 -7.5886725e-07 0)
(3.1286623e-06 -7.5838808e-07 0)
(4.0613255e-06 -7.5856414e-07 0)
(5.1262351e-06 1.4784625e-07 0)
(6.2217765e-06 2.0464884e-07 0)
(7.3387614e-06 2.3058554e-07 0)
(8.4684789e-06 2.3329638e-07 0)
(9.5794612e-06 2.2412775e-07 0)
(1.0648572e-05 2.0705246e-07 0)
(1.1660952e-05 1.8433493e-07 0)
(1.2605733e-05 1.5719202e-07 0)
(1.347444e-05 1.2640791e-07 0)
(1.4260147e-05 9.2560785e-08 0)
(1.4957092e-05 5.6135318e-08 0)
(1.5560489e-05 1.7572805e-08 0)
(1.6066444e-05 -2.2705515e-08 0)
(1.6471913e-05 -6.4287728e-08 0)
(1.6774679e-05 -1.0676627e-07 0)
(1.6973347e-05 -1.4973561e-07 0)
(1.7067334e-05 -1.927912e-07 0)
(1.7056873e-05 -2.3552893e-07 0)
(1.694301e-05 -2.7754493e-07 0)
(1.6727598e-05 -3.184354e-07 0)
(1.6413306e-05 -3.5779662e-07 0)
(1.6003611e-05 -3.9522487e-07 0)
(1.5502804e-05 -4.3031646e-07 0)
(1.4915985e-05 -4.6266769e-07 0)
(1.4249066e-05 -4.9187493e-07 0)
(1.350877e-05 -5.1753452e-07 0)
(1.270263e-05 -5.3924286e-07 0)
(1.1838992e-05 -5.5659636e-07 0)
(1.092701e-05 -5.6919146e-07 0)
(9.9766515e-06 -5.7662473e-07 0)
(8.9986918e-06 -5.7849292e-07 0)
(8.0047162e-06 -5.7439321e-07 0)
(7.0071167e-06 -5.639237e-07 0)
(6.0190873e-06 -5.4668447e-07 0)
(5.0546146e-06 -5.2227969e-07 0)
(4.1284572e-06 -4.9032232e-07 0)
(3.2561028e-06 -4.5044381e-07 0)
(2.453678e-06 -4.0231498e-07 0)
(1.7377589e-06 -3.4569086e-07 0)
(1.1249705e-06 -2.8050393e-07 0)
(6.3115916e-07 -2.0708073e-07 0)
(2.6954785e-07 -1.2650009e-07 0)
(4.7388209e-08 -4.2044842e-08 0)
(5.2438866e-06 -8.9570459e-07 0)
(6.2155379e-06 -9.1580726e-07 0)
(7.3262684e-06 -9.0247034e-07 0)
(8.4596634e-06 -8.8179721e-07 0)
(9.5717231e-06 -8.5283892e-07 0)
(1.0641382e-05 -8.1795697e-07 0)
(1.1653973e-05 -7.7817569e-07 0)
(1.2598845e-05 -7.3429122e-07 0)
(1.3467589e-05 -6.8689729e-07 0)
(1.4253312e-05 -6.3649549e-07 0)
(1.4950263e-05 -5.8353825e-07 0)
(1.5553663e-05 -5.2845352e-07 0)
(1.6059619e-05 -4.7165698e-07 0)
(1.6465089e-05 -4.1355821e-07 0)
(1.6767855e-05 -3.5456384e-07 0)
(1.6966522e-05 -2.9507897e-07 0)
(1.706051e-05 -2.3550803e-07 0)
(1.7050049e-05 -1.7625506e-07 0)
(1.6936185e-05 -1.1772393e-07 0)
(1.6720774e-05 -6.0318434e-08 0)
(1.6406482e-05 -4.4422971e-09 0)
(1.5996787e-05 4.9500779e-08 0)
(1.549598e-05 1.0110712e-07 0)
(1.4909161e-05 1.4997305e-07 0)
(1.4242242e-05 1.9569493e-07 0)
(1.3501946e-05 2.3786913e-07 0)
(1.2695806e-05 2.7609202e-07 0)
(1.1832168e-05 3.0996e-07 0)
(1.0920186e-05 3.3906952e-07 0)
(9.9698278e-06 3.6301714e-07 0)
(8.9918681e-06 3.8139963e-07 0)
(7.9978926e-06 3.9381413e-07 0)
(7.0002932e-06 3.9985863e-07 0)
(6.0122643e-06 3.9913281e-07 0)
(5.0477927e-06 3.9123988e-07 0)
(4.121638e-06 3.7579041e-07 0)
(3.2492901e-06 3.5241023e-07 0)
(2.446881e-06 3.2075665e-07 0)
(1.7309998e-06 2.8055218e-07 0)
(1.1183024e-06 2.3165073e-07 0)
(6.2471232e-07 1.7419167e-07 0)
(2.6363159e-07 1.0879213e-07 0)
(4.3045669e-08 3.7697283e-08 0)
(-2.7366844e-06 -1.0641234e-06 0)
(-2.2144554e-06 -1.0641988e-06 0)
(-2.714918e-06 -7.2233813e-07 0)
(-2.2254499e-06 -7.1497915e-07 0)
(-2.0132652e-06 -1.0259211e-06 0)
(-1.965859e-06 -7.504289e-07 0)
(-1.9554565e-06 -7.7989093e-07 0)
(-2.3945673e-06 -7.5887875e-07 0)
(-3.1274335e-06 -7.5839997e-07 0)
(-4.0601237e-06 -7.5857649e-07 0)
(-5.1250655e-06 1.4786278e-07 0)
(-6.2206426e-06 2.0466736e-07 0)
(-7.3376652e-06 2.3060527e-07 0)
(-8.4674224e-06 2.3331674e-07 0)
(-9.5784456e-06 2.2414846e-07 0)
(-1.0647598e-05 2.0707336e-07 0)
(-1.166002e-05 1.8435593e-07 0)
(-1.2604843e-05 1.5721302e-07 0)
(-1.3473592e-05 1.2642885e-07 0)
(-1.4259341e-05 9.2581609e-08 0)
(-1.4956327e-05 5.6155973e-08 0)
(-1.5559765e-05 1.7593241e-08 0)
(-1.6065761e-05 -2.268535e-08 0)
(-1.647127e-05 -6.426789e-08 0)
(-1.6774076e-05 -1.0674681e-07 0)
(-1.6972782e-05 -1.4971658e-07 0)
(-1.7066807e-05 -1.9277265e-07 0)
(-1.7056384e-05 -2.3551089e-07 0)
(-1.6942555e-05 -2.7752743e-07 0)
(-1.6727178e-05 -3.1841847e-07 0)
(-1.641292e-05 -3.5778029e-07 0)
(-1.6003258e-05 -3.9520916e-07 0)
(-1.5502482e-05 -4.3030138e-07 0)
(-1.4915692e-05 -4.6265328e-07 0)
(-1.4248802e-05 -4.918612e-07 0)
(-1.3508533e-05 -5.1752148e-07 0)
(-1.2702419e-05 -5.3923053e-07 0)
(-1.1838804e-05 -5.5658473e-07 0)
(-1.0926846e-05 -5.6918054e-07 0)
(-9.9765082e-06 -5.7661453e-07 0)
(-8.9985684e-06 -5.7848343e-07 0)
(-8.0046113e-06 -5.7438444e-07 0)
(-7.0070287e-06 -5.6391566e-07 0)
(-6.0190149e-06 -5.4667716e-07 0)
(-5.0545563e-06 -5.2227313e-07 0)
(-4.1284115e-06 -4.903165e-07 0)
(-3.2560682e-06 -4.5043874e-07 0)
(-2.453653e-06 -4.0231068e-07 0)
(-1.737742e-06 -3.4568733e-07 0)
(-1.1249601e-06 -2.8050119e-07 0)
(-6.311537e-07 -2.070788e-07 0)
(-2.6954572e-07 -1.2649897e-07 0)
(-4.7387904e-08 -4.2044494e-08 0)
(-5.2427211e-06 -8.9572213e-07 0)
(-6.2144041e-06 -9.1582639e-07 0)
(-7.3251721e-06 -9.0249007e-07 0)
(-8.4586068e-06 -8.8181738e-07 0)
(-9.5707075e-06 -8.5285937e-07 0)
(-1.0640408e-05 -8.1797759e-07 0)
(-1.1653041e-05 -7.7819639e-07 0)
(-1.2597955e-05 -7.3431195e-07 0)
(-1.3466741e-05 -6.8691798e-07 0)
(-1.4252506e-05 -6.3651609e-07 0)
(-1.4949498e-05 -5.8355869e-07 0)
(-1.5552939e-05 -5.2847374e-07 0)
(-1.6058937e-05 -4.7167693e-07 0)
(-1.6464446e-05 -4.1357786e-07 0)
(-1.6767252e-05 -3.5458313e-07 0)
(-1.6965958e-05 -2.9509788e-07 0)
(-1.7059983e-05 -2.355265e-07 0)
(-1.704956e-05 -1.7627306e-07 0)
(-1.6935731e-05 -1.1774142e-07 0)
(-1.6720354e-05 -6.0335375e-08 0)
(-1.6406096e-05 -4.4586624e-09 0)
(-1.5996433e-05 4.9485016e-08 0)
(-1.5495658e-05 1.0109198e-07 0)
(-1.4908868e-05 1.4995855e-07 0)
(-1.4241978e-05 1.9568109e-07 0)
(-1.3501709e-05 2.3785596e-07 0)
(-1.2695595e-05 2.7607953e-07 0)
(-1.1831981e-05 3.0994821e-07 0)
(-1.0920022e-05 3.3905845e-07 0)
(-9.9696845e-06 3.6300679e-07 0)
(-8.9917447e-06 3.8139001e-07 0)
(-7.9977876e-06 3.9380524e-07 0)
(-7.0002053e-06 3.9985047e-07 0)
(-6.0121919e-06 3.9912537e-07 0)
(-5.0477344e-06 3.9123317e-07 0)
(-4.1215923e-06 3.7578445e-07 0)
(-3.2492556e-06 3.5240503e-07 0)
(-2.4468561e-06 3.2075224e-07 0)
(-1.730983e-06 2.8054856e-07 0)
(-1.1182921e-06 2.3164792e-07 0)
(-6.2470691e-07 1.741897e-07 0)
(-2.6362949e-07 1.0879099e-07 0)
(-4.3045382e-08 3.769693e-08 0)
(1.7606991e-07 2.1682982e-07 0)
(4.2309167e-07 1.5623179e-06 0)
(6.3991241e-07 3.812414e-06 0)
(8.2027835e-07 6.8416556e-06 0)
(9.6525127e-07 1.0512924e-05 0)
(1.0764844e-06 1.4689858e-05 0)
(1.1559134e-06 1.9241995e-05 0)
(1.2055599e-06 2.4046361e-05 0)
(1.2274722e-06 2.8987991e-05 0)
(1.2237069e-06 3.3960082e-05 0)
(1.1963222e-06 3.886405e-05 0)
(1.1473764e-06 4.3609538e-05 0)
(1.0789267e-06 4.8114418e-05 0)
(9.9302969e-07 5.230479e-05 0)
(8.9174083e-07 5.6114977e-05 0)
(7.7711471e-07 5.9487523e-05 0)
(6.5120497e-07 6.2373188e-05 0)
(5.160644e-07 6.4730944e-05 0)
(3.7374508e-07 6.6527973e-05 0)
(2.2629849e-07 6.7739664e-05 0)
(7.5775692e-08 6.8349611e-05 0)
(-7.5772499e-08 6.8349611e-05 0)
(-2.2629533e-07 6.7739664e-05 0)
(-3.7374198e-07 6.6527973e-05 0)
(-5.1606138e-07 6.4730944e-05 0)
(-6.5120204e-07 6.2373189e-05 0)
(-7.7711189e-07 5.9487524e-05 0)
(-8.9173813e-07 5.6114978e-05 0)
(-9.930271e-07 5.2304791e-05 0)
(-1.0789242e-06 4.8114419e-05 0)
(-1.1473741e-06 4.3609539e-05 0)
(-1.1963201e-06 3.8864051e-05 0)
(-1.2237049e-06 3.3960083e-05 0)
(-1.2274704e-06 2.8987991e-05 0)
(-1.2055583e-06 2.4046361e-05 0)
(-1.155912e-06 1.9241995e-05 0)
(-1.0764832e-06 1.4689858e-05 0)
(-9.6525031e-07 1.0512924e-05 0)
(-8.2027763e-07 6.8416555e-06 0)
(-6.3991193e-07 3.8124139e-06 0)
(-4.2309141e-07 1.5623178e-06 0)
(-1.7606983e-07 2.1682977e-07 0)
(-1.761746e-07 2.1675937e-07 0)
(-4.2323997e-07 1.5622244e-06 0)
(-6.4006969e-07 3.8123158e-06 0)
(-8.204322e-07 6.8415557e-06 0)
(-9.6539776e-07 1.0512824e-05 0)
(-1.0766222e-06 1.4689758e-05 0)
(-1.1560423e-06 1.9241894e-05 0)
(-1.2056796e-06 2.404626e-05 0)
(-1.2275828e-06 2.898789e-05 0)
(-1.2238083e-06 3.3959981e-05 0)
(-1.1964145e-06 3.8863949e-05 0)
(-1.1474595e-06 4.3609437e-05 0)
(-1.0790007e-06 4.8114317e-05 0)
(-9.9309455e-07 5.2304689e-05 0)
(-8.917966e-07 5.6114877e-05 0)
(-7.7716138e-07 5.9487423e-05 0)
(-6.5124253e-07 6.2373087e-05 0)
(-5.1609288e-07 6.4730843e-05 0)
(-3.7376449e-07 6.6527872e-05 0)
(-2.2630884e-07 6.7739563e-05 0)
(-7.5777015e-08 6.834951e-05 0)
(7.5780167e-08 6.834951e-05 0)
(2.2631196e-07 6.7739563e-05 0)
(3.7376753e-07 6.6527872e-05 0)
(5.1609583e-07 6.4730843e-05 0)
(6.5124539e-07 6.2373088e-05 0)
(7.7716413e-07 5.9487423e-05 0)
(8.9179926e-07 5.6114877e-05 0)
(9.9309712e-07 5.230469e-05 0)
(1.0790032e-06 4.8114318e-05 0)
(1.1474618e-06 4.3609438e-05 0)
(1.1964167e-06 3.886395e-05 0)
(1.2238103e-06 3.3959982e-05 0)
(1.2275846e-06 2.898789e-05 0)
(1.2056813e-06 2.4046261e-05 0)
(1.1560438e-06 1.9241894e-05 0)
(1.0766235e-06 1.4689758e-05 0)
(9.6539875e-07 1.0512824e-05 0)
(8.2043292e-07 6.8415555e-06 0)
(6.4007015e-07 3.8123156e-06 0)
(4.2324022e-07 1.5622243e-06 0)
(1.7617464e-07 2.1675928e-07 0)
)
;

boundaryField
{
    cornea_bottom
    {
        type            solidTraction;
        nonOrthogonalCorrections true;
        useUndeformedArea false;
        traction        uniform (0 0 0);
        pressure        uniform 0;
        secondOrder     false;
        extrapolateValue false;
        setEffectiveTraction false;
        relaxationFactor 1;
        value           nonuniform List<vector> 
40
(
(-5.3288936e-06 -3.5255999e-06 0)
(-8.2415265e-06 -1.2836613e-05 0)
(-1.0658632e-05 -2.762518e-05 0)
(-1.2607745e-05 -4.6998989e-05 0)
(-1.4107758e-05 -7.0047126e-05 0)
(-1.5183856e-05 -9.5899457e-05 0)
(-1.5862758e-05 -0.00012373576 0)
(-1.6171698e-05 -0.00015278916 0)
(-1.6138065e-05 -0.00018234722 0)
(-1.5789293e-05 -0.00021175226 0)
(-1.5152821e-05 -0.00024040146 0)
(-1.4256086e-05 -0.00026774687 0)
(-1.3126516e-05 -0.00029329537 -4.1079978e-21)
(-1.179153e-05 -0.00031660874 -4.9030886e-22)
(-1.0278538e-05 -0.00033730355 3.3119648e-21)
(-8.6149406e-06 -0.00035505118 -2.0341186e-37)
(-6.8281318e-06 -0.00036957783 2.9964202e-53)
(-4.9454977e-06 -0.00038066447 2.5475789e-69)
(-2.9944197e-06 -0.00038814682 2.3502977e-85)
(-1.0022766e-06 -0.00039191537 0)
(1.0035549e-06 -0.00039191538 -1.1462257e-70)
(2.9956982e-06 -0.00038814683 -5.5522532e-54)
(4.9467763e-06 -0.00038066449 -9.0556916e-38)
(6.8294109e-06 -0.00036957786 -1.9922842e-21)
(8.6162203e-06 -0.00035505122 -8.139272e-22)
(1.0279818e-05 -0.00033730359 2.6191414e-21)
(1.1792811e-05 -0.00031660879 2.0508184e-21)
(1.3127798e-05 -0.00029329543 0)
(1.4257369e-05 -0.00026774692 0)
(1.5154104e-05 -0.00024040152 0)
(1.5790576e-05 -0.00021175232 0)
(1.613935e-05 -0.00018234728 0)
(1.6172984e-05 -0.00015278921 0)
(1.5864044e-05 -0.0001237358 0)
(1.5185142e-05 -9.5899499e-05 0)
(1.4109046e-05 -7.0047161e-05 0)
(1.2609033e-05 -4.6999015e-05 -7.3461592e-22)
(1.0659919e-05 -2.7625196e-05 -9.4889209e-22)
(8.2428141e-06 -1.2836622e-05 -3.9037429e-22)
(5.3301809e-06 -3.5255996e-06 0)
)
;
        gradient        uniform (0 0 0);
    }
    cornea_top
    {
        type            solidTraction;
        nonOrthogonalCorrections true;
        useUndeformedArea false;
        traction        uniform (0 0 0);
        pressure        uniform 1000;
        secondOrder     false;
        extrapolateValue false;
        setEffectiveTraction false;
        relaxationFactor 1;
        value           nonuniform List<vector> 
40
(
(4.7423596e-07 -3.5916969e-06 0)
(3.5902115e-06 -1.2929033e-05 0)
(6.2438126e-06 -2.7725916e-05 0)
(8.4404601e-06 -4.7102429e-05 0)
(1.0191563e-05 -7.0151441e-05 0)
(1.1519903e-05 -9.6004055e-05 0)
(1.245142e-05 -0.00012384045 0)
(1.3013095e-05 -0.00015289388 0)
(1.3232237e-05 -0.00018245195 0)
(1.3136252e-05 -0.000211857 0)
(1.2752572e-05 -0.0002405062 0)
(1.210863e-05 -0.0002678516 0)
(1.1231853e-05 -0.00029340011 0)
(1.014966e-05 -0.00031671347 0)
(8.8894602e-06 -0.00033740828 0)
(7.4786558e-06 -0.00035515591 0)
(5.9446397e-06 -0.00036968257 0)
(4.3147984e-06 -0.0003807692 0)
(2.6165134e-06 -0.00038825155 0)
(8.7716328e-07 -0.0003920201 0)
(-8.7587527e-07 -0.00039202011 0)
(-2.6152258e-06 -0.00038825156 0)
(-4.3135112e-06 -0.00038076922 0)
(-5.9433529e-06 -0.0003696826 0)
(-7.4773692e-06 -0.00035515595 0)
(-8.8881739e-06 -0.00033740832 0)
(-1.0148374e-05 -0.00031671353 0)
(-1.1230567e-05 -0.00029340016 0)
(-1.2107345e-05 -0.00026785166 0)
(-1.2751288e-05 -0.00024050626 0)
(-1.3134969e-05 -0.00021185705 0)
(-1.3230955e-05 -0.00018245201 0)
(-1.3011814e-05 -0.00015289393 0)
(-1.245014e-05 -0.00012384049 0)
(-1.1518623e-05 -9.6004097e-05 0)
(-1.0190284e-05 -7.0151476e-05 0)
(-8.4391816e-06 -4.7102455e-05 0)
(-6.2425339e-06 -2.7725932e-05 0)
(-3.5889327e-06 -1.2929042e-05 0)
(-4.7295655e-07 -3.5916967e-06 0)
)
;
        gradient        uniform (0 0 0);
    }
    iris_pupil
    {
        type            solidTraction;
        nonOrthogonalCorrections true;
        useUndeformedArea false;
        traction        uniform (0 0 0);
        pressure        uniform 0;
        secondOrder     false;
        extrapolateValue false;
        setEffectiveTraction false;
        relaxationFactor 1;
        value           nonuniform List<vector> 10((9.6131939e-05 -0.0012384846 0) (7.7271943e-05 -0.0012451352 0) (5.4534219e-05 -0.001248669 0) (3.0475936e-05 -0.0012502269 0) (5.832607e-06 -0.001250987 0) (-1.8939187e-05 -0.0012512343 0) (-4.3578989e-05 -0.0012509667 0) (-6.762747e-05 -0.0012498907 0) (-9.0333367e-05 -0.0012468222 0) (-0.0001091291 -0.0012405653 0));
        gradient        uniform (0 0 0);
    }
    iris_bottom
    {
        type            solidTraction;
        nonOrthogonalCorrections true;
        useUndeformedArea false;
        traction        uniform (0 0 0);
        pressure        uniform 1000;
        secondOrder     false;
        extrapolateValue false;
        setEffectiveTraction false;
        relaxationFactor 1;
        value           nonuniform List<vector> 
26
(
(0.00010922583 -0.0012210115 0)
(0.00011553874 -0.0011736144 0)
(0.00011748792 -0.0011224783 0)
(0.00011863233 -0.0010705586 0)
(0.0001195343 -0.0010182759 0)
(0.00012026866 -0.00096569939 0)
(0.00012081642 -0.00091288753 6.2394582e-21)
(0.0001211437 -0.00085991941 -3.3060945e-22)
(0.00012121539 -0.00080689265 -3.0732938e-21)
(0.0001209968 -0.00075392065 3.1471474e-36)
(0.00012045358 -0.00070113148 -2.7709724e-21)
(0.0001195515 -0.00064866755 -1.0574441e-21)
(0.00011825639 -0.0005966855 1.76336e-36)
(0.00011653406 -0.00054535622 7.6953312e-37)
(0.00011435033 -0.00049486484 -3.8079224e-21)
(0.00011167103 -0.00044541074 -4.4988617e-21)
(0.00010846197 -0.00039720753 -1.1121182e-21)
(0.00010468899 -0.00035048307 -2.8701109e-37)
(0.00010031792 -0.0003054795 -1.1577116e-51)
(9.5314725e-05 -0.00026245321 -2.9290989e-67)
(8.9645818e-05 -0.00022167476 -4.7032156e-82)
(8.3279209e-05 -0.00018342795 0)
(7.6187422e-05 -0.00014800601 0)
(6.8349559e-05 -0.0001156983 0)
(5.9716951e-05 -8.6779984e-05 0)
(4.9384662e-05 -6.1650931e-05 -4.1682308e-30)
)
;
        gradient        uniform (0 0 0);
    }
    iris_top
    {
        type            solidTraction;
        nonOrthogonalCorrections true;
        useUndeformedArea false;
        traction        uniform (0 0 0);
        pressure        uniform 1300;
        secondOrder     false;
        extrapolateValue false;
        setEffectiveTraction false;
        relaxationFactor 1;
        value           nonuniform List<vector> 
26
(
(-0.00012199973 -0.0012234732 0)
(-0.00012793961 -0.0011761281 0)
(-0.00012945804 -0.0011249958 0)
(-0.00013015849 -0.0010730737 0)
(-0.00013061291 -0.0010207891 0)
(-0.00013089877 -0.00096821166 0)
(-0.00013099786 -0.00091539935 0)
(-0.0001308765 -0.00086243105 0)
(-0.00013049961 -0.00080940424 0)
(-0.00012983248 -0.00075643224 0)
(-0.00012884074 -0.00070364307 0)
(-0.00012749016 -0.00065117914 0)
(-0.00012574655 -0.00059919709 0)
(-0.00012357572 -0.00054786782 0)
(-0.00012094349 -0.00049737644 0)
(-0.0001178157 -0.00044792233 0)
(-0.00011415815 -0.0003997191 0)
(-0.00010993666 -0.0003529946 0)
(-0.00010511704 -0.00030799096 0)
(-9.9665176e-05 -0.0002649646 0)
(-9.3547311e-05 -0.00022418618 0)
(-8.6731184e-05 -0.00018593989 0)
(-7.9189054e-05 -0.00015051991 0)
(-7.0900681e-05 -0.0001182174 0)
(-6.1824151e-05 -8.9307507e-05 0)
(-5.1101615e-05 -6.4161603e-05 0)
)
;
        gradient        uniform (0 0 0);
    }
    sclera_stub_bottom
    {
        type            solidTraction;
        nonOrthogonalCorrections true;
        useUndeformedArea false;
        traction        uniform (0 0 0);
        pressure        uniform 1000;
        secondOrder     false;
        extrapolateValue false;
        setEffectiveTraction false;
        relaxationFactor 1;
        value           nonuniform List<vector> 4((3.8852188e-05 -4.1999431e-05 9.7079563e-38) (3.0575536e-05 -2.6025656e-05 1.3949242e-52) (1.9587107e-05 -1.3431924e-05 0) (7.939074e-06 -5.0892597e-06 0));
        gradient        uniform (0 0 0);
    }
    sclera_stub_top
    {
        type            solidTraction;
        nonOrthogonalCorrections true;
        useUndeformedArea false;
        traction        uniform (0 0 0);
        pressure        uniform 1300;
        secondOrder     false;
        extrapolateValue false;
        setEffectiveTraction false;
        relaxationFactor 1;
        value           nonuniform List<vector> 4((-4.0161527e-05 -4.4504981e-05 0) (-3.1606117e-05 -2.8485708e-05 0) (-2.0418202e-05 -1.5619184e-05 0) (-8.627423e-06 -6.4892387e-06 0));
        gradient        uniform (0 0 0);
    }
    iris_base
    {
        type            fixedValue;
        value           uniform (0 0 0);
    }
    iris_pupil_left
    {
        type            solidTraction;
        nonOrthogonalCorrections true;
        useUndeformedArea false;
        traction        uniform (0 0 0);
        pressure        uniform 0;
        secondOrder     false;
        extrapolateValue false;
        setEffectiveTraction false;
        relaxationFactor 1;
        value           nonuniform List<vector> 10((-9.6131941e-05 -0.0012384847 0) (-7.7271944e-05 -0.0012451353 0) (-5.453422e-05 -0.001248669 0) (-3.0475936e-05 -0.0012502269 0) (-5.832607e-06 -0.001250987 0) (1.8939188e-05 -0.0012512343 0) (4.357899e-05 -0.0012509668 0) (6.7627471e-05 -0.0012498907 0) (9.0333368e-05 -0.0012468223 0) (0.0001091291 -0.0012405653 0));
        gradient        uniform (0 0 0);
    }
    iris_bottom_left
    {
        type            solidTraction;
        nonOrthogonalCorrections true;
        useUndeformedArea false;
        traction        uniform (0 0 0);
        pressure        uniform 1000;
        secondOrder     false;
        extrapolateValue false;
        setEffectiveTraction false;
        relaxationFactor 1;
        value           nonuniform List<vector> 
26
(
(-4.9384662e-05 -6.1650931e-05 0)
(-5.9716951e-05 -8.6779985e-05 0)
(-6.8349559e-05 -0.0001156983 0)
(-7.6187423e-05 -0.00014800601 0)
(-8.327921e-05 -0.00018342795 0)
(-8.9645819e-05 -0.00022167476 2.3413295e-22)
(-9.5314726e-05 -0.00026245321 2.2364486e-21)
(-0.00010031792 -0.0003054795 9.8815161e-22)
(-0.00010468899 -0.00035048307 4.1885007e-37)
(-0.00010846197 -0.00039720753 0)
(-0.00011167103 -0.00044541075 -6.1985364e-99)
(-0.00011435033 -0.00049486485 -3.9961662e-66)
(-0.00011653406 -0.00054535622 1.8342399e-52)
(-0.00011825639 -0.0005966855 -7.9617286e-38)
(-0.0001195515 -0.00064866756 -2.2690819e-21)
(-0.00012045358 -0.00070113149 -2.5370696e-21)
(-0.0001209968 -0.00075392066 0)
(-0.00012121539 -0.00080689266 0)
(-0.0001211437 -0.00085991942 0)
(-0.00012081642 -0.00091288754 0)
(-0.00012026866 -0.0009656994 0)
(-0.0001195343 -0.0010182759 0)
(-0.00011863233 -0.0010705586 0)
(-0.00011748792 -0.0011224784 0)
(-0.00011553874 -0.0011736144 0)
(-0.00010922583 -0.0012210115 0)
)
;
        gradient        uniform (0 0 0);
    }
    iris_top_left
    {
        type            solidTraction;
        nonOrthogonalCorrections true;
        useUndeformedArea false;
        traction        uniform (0 0 0);
        pressure        uniform 1300;
        secondOrder     false;
        extrapolateValue false;
        setEffectiveTraction false;
        relaxationFactor 1;
        value           nonuniform List<vector> 
26
(
(5.1101615e-05 -6.4161603e-05 0)
(6.1824151e-05 -8.9307507e-05 0)
(7.0900682e-05 -0.0001182174 0)
(7.9189055e-05 -0.00015051991 0)
(8.6731184e-05 -0.00018593989 0)
(9.3547312e-05 -0.00022418618 0)
(9.9665177e-05 -0.0002649646 0)
(0.00010511704 -0.00030799096 0)
(0.00010993666 -0.0003529946 0)
(0.00011415815 -0.0003997191 0)
(0.0001178157 -0.00044792234 0)
(0.00012094349 -0.00049737644 0)
(0.00012357572 -0.00054786782 0)
(0.00012574655 -0.0005991971 0)
(0.00012749016 -0.00065117915 0)
(0.00012884074 -0.00070364308 0)
(0.00012983248 -0.00075643224 0)
(0.00013049961 -0.00080940425 0)
(0.0001308765 -0.00086243106 0)
(0.00013099786 -0.00091539936 0)
(0.00013089877 -0.00096821167 0)
(0.00013061291 -0.0010207892 0)
(0.00013015849 -0.0010730737 0)
(0.00012945805 -0.0011249958 0)
(0.00012793961 -0.0011761281 0)
(0.00012199973 -0.0012234732 0)
)
;
        gradient        uniform (0 0 0);
    }
    sclera_stub_bottom_left
    {
        type            solidTraction;
        nonOrthogonalCorrections true;
        useUndeformedArea false;
        traction        uniform (0 0 0);
        pressure        uniform 1000;
        secondOrder     false;
        extrapolateValue false;
        setEffectiveTraction false;
        relaxationFactor 1;
        value           nonuniform List<vector> 4((-7.9390741e-06 -5.0892597e-06 0) (-1.9587107e-05 -1.3431924e-05 0) (-3.0575536e-05 -2.6025656e-05 0) (-3.8852188e-05 -4.1999431e-05 0));
        gradient        uniform (0 0 0);
    }
    sclera_stub_top_left
    {
        type            solidTraction;
        nonOrthogonalCorrections true;
        useUndeformedArea false;
        traction        uniform (0 0 0);
        pressure        uniform 1300;
        secondOrder     false;
        extrapolateValue false;
        setEffectiveTraction false;
        relaxationFactor 1;
        value           nonuniform List<vector> 4((8.627423e-06 -6.4892388e-06 0) (2.0418202e-05 -1.5619184e-05 0) (3.1606118e-05 -2.8485708e-05 0) (4.0161528e-05 -4.4504981e-05 0));
        gradient        uniform (0 0 0);
    }
    iris_base_left
    {
        type            fixedValue;
        value           uniform (0 0 0);
    }
    lens_bottom
    {
        type            solidTraction;
        nonOrthogonalCorrections true;
        useUndeformedArea false;
        traction        uniform (0 0 0);
        pressure        uniform 1300;
        secondOrder     false;
        extrapolateValue false;
        setEffectiveTraction false;
        relaxationFactor 1;
        value           nonuniform List<vector> 
30
(
(2.245875e-05 1.7448522e-05 -5.5123126e-22)
(4.8805958e-05 4.8440588e-05 -9.0886032e-38)
(6.9769121e-05 8.9746235e-05 -3.9465622e-71)
(8.5327799e-05 0.00013972992 -2.1696908e-82)
(9.5669443e-05 0.00019575728 -1.5084663e-67)
(0.00010118252 0.00025520041 4.399149e-52)
(0.00010231112 0.00031563121 1.6980295e-36)
(9.9513544e-05 0.0003748598 1.6504498e-20)
(9.3251257e-05 0.00043094004 4.1983414e-21)
(8.3986249e-05 0.00048216957 -9.0984853e-21)
(7.2180539e-05 0.00052708951 1.2311746e-36)
(5.8296109e-05 0.0005644842 -1.6587064e-52)
(4.2794908e-05 0.00059338115 0)
(2.6138877e-05 0.00061305098 0)
(8.7899475e-06 0.00062300745 0)
(-8.7899475e-06 0.00062300745 0)
(-2.6138877e-05 0.00061305098 0)
(-4.2794908e-05 0.00059338115 -5.9007671e-37)
(-5.8296109e-05 0.0005644842 1.7216923e-20)
(-7.2180539e-05 0.00052708951 4.9981327e-22)
(-8.3986249e-05 0.00048216957 -1.3607537e-21)
(-9.3251257e-05 0.00043094004 -8.2784012e-21)
(-9.9513544e-05 0.0003748598 -3.9641069e-37)
(-0.00010231112 0.00031563121 1.1532365e-52)
(-0.00010118252 0.00025520041 0)
(-9.5669443e-05 0.00019575728 0)
(-8.5327799e-05 0.00013972992 0)
(-6.9769121e-05 8.9746235e-05 0)
(-4.8805958e-05 4.8440588e-05 0)
(-2.245875e-05 1.7448522e-05 0)
)
;
        gradient        uniform (0 0 0);
    }
    lens_top
    {
        type            solidTraction;
        nonOrthogonalCorrections true;
        useUndeformedArea false;
        traction        uniform (0 0 0);
        pressure        uniform 0;
        secondOrder     false;
        extrapolateValue false;
        setEffectiveTraction false;
        relaxationFactor 1;
        value           nonuniform List<vector> 
30
(
(-2.2137904e-05 1.6302482e-05 0)
(-4.8754609e-05 4.6742435e-05 0)
(-6.9880792e-05 8.7900147e-05 0)
(-8.54965e-05 0.00013786261 0)
(-9.5844877e-05 0.00019389603 0)
(-0.00010134627 0.00025334602 0)
(-0.00010245798 0.00031378047 0)
(-9.9642685e-05 0.00037301051 0)
(-9.3362841e-05 0.00042909119 0)
(-8.4080509e-05 0.00048032081 0)
(-7.2257606e-05 0.00052524075 0)
(-5.8356034e-05 0.00056263542 0)
(-4.283771e-05 0.00059153235 0)
(-2.6164557e-05 0.00061120218 0)
(-8.7985078e-06 0.00062115866 0)
(8.7985078e-06 0.00062115866 0)
(2.6164557e-05 0.00061120218 0)
(4.283771e-05 0.00059153235 0)
(5.8356034e-05 0.00056263542 0)
(7.2257606e-05 0.00052524075 0)
(8.4080509e-05 0.00048032081 0)
(9.3362841e-05 0.00042909119 0)
(9.9642685e-05 0.00037301051 0)
(0.00010245798 0.00031378047 0)
(0.00010134627 0.00025334602 0)
(9.5844877e-05 0.00019389603 0)
(8.54965e-05 0.00013786261 0)
(6.9880792e-05 8.7900147e-05 0)
(4.8754609e-05 4.6742435e-05 0)
(2.2137904e-05 1.6302482e-05 0)
)
;
        gradient        uniform (0 0 0);
    }
    lens_left
    {
        type            fixedValue;
        value           uniform (0 0 0);
    }
    lens_right
    {
        type            fixedValue;
        value           uniform (0 0 0);
    }
    sclera_R_bottom
    {
        type            solidTraction;
        nonOrthogonalCorrections true;
        useUndeformedArea false;
        traction        uniform (0 0 0);
        pressure        uniform 0;
        secondOrder     false;
        extrapolateValue false;
        setEffectiveTraction false;
        relaxationFactor 1;
        value           nonuniform List<vector> 2((2.8573723e-06 -1.0396574e-06 1.2777205e-107) (2.8319636e-06 -7.5966321e-07 -1.0512537e-74));
        gradient        uniform (0 0 0);
    }
    sclera_R_top
    {
        type            fixedValue;
        value           uniform (0 0 0);
    }
    sclera_R_inner
    {
        type            solidTraction;
        nonOrthogonalCorrections true;
        useUndeformedArea false;
        traction        uniform (0 0 0);
        pressure        uniform 1500;
        secondOrder     false;
        extrapolateValue false;
        setEffectiveTraction false;
        relaxationFactor 1;
        value           nonuniform List<vector> 
44
(
(2.0685779e-06 -1.118968e-06 0)
(5.2916654e-06 4.8537931e-07 0)
(6.2807224e-06 7.1746702e-07 0)
(7.3524769e-06 7.7441454e-07 0)
(8.4661543e-06 7.8434699e-07 0)
(9.5669298e-06 7.6251198e-07 -1.0534433e-22)
(1.0629706e-05 7.2231163e-07 -2.8887513e-23)
(1.1637552e-05 6.6936352e-07 2.148863e-22)
(1.2578844e-05 6.068929e-07 0)
(1.3444721e-05 5.3680901e-07 -4.846317e-68)
(1.4228083e-05 4.6044053e-07 -8.0606522e-54)
(1.4923085e-05 3.7883886e-07 2.5602867e-39)
(1.5524902e-05 2.9292635e-07 1.2948946e-22)
(1.6029623e-05 2.0356458e-07 1.0558848e-22)
(1.6434193e-05 1.1158658e-07 1.2532394e-22)
(1.6736393e-05 1.7811899e-08 2.3797567e-22)
(1.6934825e-05 -7.6946302e-08 1.9189048e-22)
(1.7028906e-05 -1.7187788e-07 3.6516851e-22)
(1.7018869e-05 -2.6617415e-07 1.4809218e-22)
(1.6905757e-05 -3.590271e-07 -3.8923451e-38)
(1.6691427e-05 -4.4962906e-07 2.3637448e-53)
(1.6378544e-05 -5.3717249e-07 7.1548974e-85)
(1.5970589e-05 -6.2084995e-07 0)
(1.5471849e-05 -6.9985404e-07 5.0079374e-53)
(1.4887426e-05 -7.7337742e-07 -5.3208414e-39)
(1.4223232e-05 -8.4061276e-07 -3.4667475e-22)
(1.3485989e-05 -9.0075281e-07 -3.137441e-22)
(1.2683232e-05 -9.5299037e-07 -1.0095472e-23)
(1.1823304e-05 -9.965183e-07 3.7570877e-38)
(1.0915362e-05 -1.0305296e-06 3.1171054e-71)
(9.9693707e-06 -1.0542178e-06 1.645605e-85)
(8.9961065e-06 -1.0667767e-06 3.8220613e-100)
(8.0071535e-06 -1.0674019e-06 -4.0459869e-133)
(7.0149015e-06 -1.0552919e-06 6.3847192e-149)
(6.0325408e-06 -1.0296516e-06 6.9572485e-179)
(5.0740493e-06 -9.8969938e-07 -1.2978921e-212)
(4.1541676e-06 -9.3468183e-07 4.9549686e-228)
(3.2883456e-06 -8.6390549e-07 0)
(2.4926299e-06 -7.7680323e-07 0)
(1.7834265e-06 -6.7307423e-07 1.2356104e-23)
(1.1770065e-06 -5.5298687e-07 -1.2259174e-23)
(6.8842605e-07 -4.1797889e-07 -2.194734e-23)
(3.2949069e-07 -2.7219943e-07 -4.7761333e-39)
(1.0291829e-07 -1.2404811e-07 0)
)
;
        gradient        uniform (0 0 0);
    }
    sclera_R_outer
    {
        type            solidTraction;
        nonOrthogonalCorrections true;
        useUndeformedArea false;
        traction        uniform (0 0 0);
        pressure        uniform 0;
        secondOrder     false;
        extrapolateValue false;
        setEffectiveTraction false;
        relaxationFactor 1;
        value           nonuniform List<vector> 
50
(
(2.67484e-06 -5.7661579e-07 1.327791e-57)
(2.2491118e-06 -5.5743561e-07 1.0392458e-41)
(2.0484531e-06 -6.8367016e-07 -7.4057318e-26)
(2.0314493e-06 -8.815272e-07 -6.1747468e-28)
(2.4553526e-06 -1.0453005e-06 0)
(3.1771747e-06 -1.1725839e-06 2.7637539e-39)
(4.11213e-06 -1.2824712e-06 1.8042079e-23)
(5.2733394e-06 -1.4210253e-06 1.7905189e-23)
(6.2226424e-06 -1.4270671e-06 1.2910778e-39)
(7.3278885e-06 -1.45592e-06 -1.6412088e-55)
(8.4467357e-06 -1.435024e-06 0)
(9.5510867e-06 -1.3924238e-06 0)
(1.0615113e-05 -1.3336659e-06 4.9296725e-313)
(1.1623516e-05 -1.2633993e-06 2.9204334e-279)
(1.2565034e-05 -1.1840718e-06 -4.7606554e-247)
(1.3431006e-05 -1.0973318e-06 3.2754797e-215)
(1.4214408e-05 -1.0043891e-06 5.6092248e-200)
(1.4909425e-05 -9.0624755e-07 2.2196449e-184)
(1.5511249e-05 -8.0380945e-07 1.4999945e-168)
(1.6015972e-05 -6.9792807e-07 9.923287e-156)
(1.6420544e-05 -5.8943294e-07 3.1201421e-121)
(1.6722745e-05 -4.7914218e-07 1.1573659e-88)
(1.6921177e-05 -3.6786836e-07 7.0545322e-56)
(1.7015258e-05 -2.5642139e-07 -1.1046565e-22)
(1.7005221e-05 -1.4560987e-07 -2.0848103e-22)
(1.6892109e-05 -3.6241784e-08 7.9631626e-38)
(1.6677779e-05 7.0875191e-08 0)
(1.6364896e-05 1.7493354e-07 0)
(1.595694e-05 2.7512582e-07 0)
(1.5458201e-05 3.7064467e-07 5.2614494e-23)
(1.4873778e-05 4.6068274e-07 3.8511562e-22)
(1.4209584e-05 5.4443273e-07 3.2317631e-22)
(1.3472341e-05 6.2108739e-07 1.3076696e-22)
(1.2669584e-05 6.8983949e-07 2.1341529e-22)
(1.1809656e-05 7.4988191e-07 3.9505192e-22)
(1.0901714e-05 8.0040767e-07 1.0714778e-22)
(9.9557232e-06 8.4061014e-07 -2.6552487e-22)
(8.9824591e-06 8.6968334e-07 -1.5839505e-22)
(7.9935063e-06 8.8682269e-07 9.0336769e-23)
(7.0012548e-06 8.9122647e-07 6.077721e-23)
(6.0188952e-06 8.8209901e-07 2.6381519e-23)
(5.0604065e-06 8.5865717e-07 9.3499321e-23)
(4.1405316e-06 8.2014413e-07 6.1890111e-23)
(3.2747261e-06 7.6585793e-07 -2.0659339e-23)
(2.4790501e-06 6.9521123e-07 -8.7540546e-24)
(1.7699424e-06 6.0785429e-07 -1.4944925e-23)
(1.1637533e-06 5.0393909e-07 -8.5562154e-24)
(6.7572381e-07 3.8461569e-07 5.384702e-24)
(3.1814292e-07 2.5338906e-07 1.4570915e-24)
(9.4646319e-08 1.1687583e-07 -2.4840172e-24)
)
;
        gradient        uniform (0 0 0);
    }
    sclera_tm_gap
    {
        type            solidTraction;
        nonOrthogonalCorrections true;
        useUndeformedArea false;
        traction        uniform (0 0 0);
        pressure        uniform 1500;
        secondOrder     false;
        extrapolateValue false;
        setEffectiveTraction false;
        relaxationFactor 1;
        value           nonuniform List<vector> 6((1.9194747e-06 -1.025339e-06 0) (4.9244829e-06 -9.4309738e-08 -3.8286038e-25) (2.0673496e-06 -6.4538572e-07 0) (2.4574427e-06 -4.8498201e-07 0) (3.162883e-06 -3.4459267e-07 -2.0145219e-23) (4.1126184e-06 -3.181631e-07 -1.3213716e-23));
        gradient        uniform (0 0 0);
    }
    sclera_L_bottom
    {
        type            solidTraction;
        nonOrthogonalCorrections true;
        useUndeformedArea false;
        traction        uniform (0 0 0);
        pressure        uniform 0;
        secondOrder     false;
        extrapolateValue false;
        setEffectiveTraction false;
        relaxationFactor 1;
        value           nonuniform List<vector> 2((-2.8560841e-06 -1.0396635e-06 0) (-2.8306753e-06 -7.5967381e-07 0));
        gradient        uniform (0 0 0);
    }
    sclera_L_top
    {
        type            fixedValue;
        value           uniform (0 0 0);
    }
    sclera_L_inner
    {
        type            solidTraction;
        nonOrthogonalCorrections true;
        useUndeformedArea false;
        traction        uniform (0 0 0);
        pressure        uniform 1500;
        secondOrder     false;
        extrapolateValue false;
        setEffectiveTraction false;
        relaxationFactor 1;
        value           nonuniform List<vector> 
44
(
(-2.0673022e-06 -1.1189704e-06 -4.3699801e-41)
(-5.2905013e-06 4.8540696e-07 0)
(-6.2795907e-06 7.175027e-07 0)
(-7.3513816e-06 7.7445314e-07 0)
(-8.4650984e-06 7.8438727e-07 0)
(-9.5659144e-06 7.6255315e-07 0)
(-1.0628732e-05 7.2235328e-07 0)
(-1.163662e-05 6.694054e-07 0)
(-1.2577954e-05 6.0693483e-07 0)
(-1.3443873e-05 5.3685084e-07 0)
(-1.4227277e-05 4.6048214e-07 0)
(-1.492232e-05 3.7888013e-07 0)
(-1.5524178e-05 2.9296718e-07 0)
(-1.602894e-05 2.0360487e-07 0)
(-1.643355e-05 1.1162623e-07 -6.0612115e-87)
(-1.673579e-05 1.7850798e-08 3.0170618e-72)
(-1.693426e-05 -7.6908247e-08 -8.9262256e-39)
(-1.7028379e-05 -1.7184076e-07 1.5976539e-22)
(-1.7018379e-05 -2.6613803e-07 1.6661208e-22)
(-1.6905303e-05 -3.5899206e-07 -3.5973231e-38)
(-1.6691007e-05 -4.4959515e-07 -1.1085453e-53)
(-1.6378158e-05 -5.3713977e-07 1.8449613e-68)
(-1.5970234e-05 -6.2081846e-07 0)
(-1.5471526e-05 -6.9982383e-07 -1.1245777e-22)
(-1.4887133e-05 -7.7334852e-07 -2.4699244e-22)
(-1.4222967e-05 -8.4058522e-07 -2.1874091e-22)
(-1.3485751e-05 -9.0072664e-07 -1.6482027e-22)
(-1.2683019e-05 -9.529656e-07 -2.1060762e-22)
(-1.1823116e-05 -9.9649495e-07 -2.7392564e-22)
(-1.0915196e-05 -1.0305077e-06 -8.7551345e-23)
(-9.9692268e-06 -1.0541973e-06 1.4373412e-22)
(-8.9959825e-06 -1.0667576e-06 6.0906639e-23)
(-8.0070479e-06 -1.0673843e-06 -1.0548809e-22)
(-7.014813e-06 -1.0552758e-06 -2.0794051e-23)
(-6.0324678e-06 -1.029637e-06 -3.3542709e-24)
(-5.0739904e-06 -9.8968617e-07 -5.0312751e-23)
(-4.1541213e-06 -9.3467011e-07 -2.5444856e-23)
(-3.2883104e-06 -8.6389527e-07 1.994265e-23)
(-2.4926044e-06 -7.7679453e-07 8.8005061e-24)
(-1.783409e-06 -6.7306708e-07 1.8152846e-23)
(-1.1769955e-06 -5.529813e-07 6.8318729e-24)
(-6.8841993e-07 -4.179749e-07 -4.3996817e-24)
(-3.2948793e-07 -2.7219698e-07 1.556692e-24)
(-1.0291748e-07 -1.2404708e-07 4.8041278e-24)
)
;
        gradient        uniform (0 0 0);
    }
    sclera_L_outer
    {
        type            solidTraction;
        nonOrthogonalCorrections true;
        useUndeformedArea false;
        traction        uniform (0 0 0);
        pressure        uniform 0;
        secondOrder     false;
        extrapolateValue false;
        setEffectiveTraction false;
        relaxationFactor 1;
        value           nonuniform List<vector> 
50
(
(-2.6735541e-06 -5.7662858e-07 6.9355299e-91)
(-2.2478306e-06 -5.5744979e-07 -3.3731042e-75)
(-2.0471767e-06 -6.8368703e-07 -5.2138732e-41)
(-2.0301833e-06 -8.8154539e-07 -2.7518592e-41)
(-2.4541031e-06 -1.0453216e-06 0)
(-3.1759474e-06 -1.1726083e-06 2.2001334e-23)
(-4.1109303e-06 -1.2824995e-06 5.985165e-23)
(-5.2721755e-06 -1.4210595e-06 1.6314737e-23)
(-6.2215096e-06 -1.4271033e-06 6.8215184e-40)
(-7.326793e-06 -1.4559588e-06 -1.8015019e-56)
(-8.4456795e-06 -1.4350642e-06 0)
(-9.5500714e-06 -1.3924647e-06 1.039373e-22)
(-1.0614139e-05 -1.3337073e-06 -1.7290844e-24)
(-1.1622584e-05 -1.2634409e-06 -1.1928479e-22)
(-1.2564144e-05 -1.1841135e-06 5.5579187e-55)
(-1.3430158e-05 -1.0973733e-06 0)
(-1.4213601e-05 -1.0044304e-06 -5.9605432e-54)
(-1.490866e-05 -9.062886e-07 -3.6096539e-39)
(-1.5510525e-05 -8.0385007e-07 -9.8959962e-23)
(-1.601529e-05 -6.9796815e-07 -1.1382508e-22)
(-1.6419901e-05 -5.894724e-07 -2.0547303e-22)
(-1.6722141e-05 -4.7918092e-07 -1.6532391e-22)
(-1.6920612e-05 -3.6790629e-07 -7.5147541e-23)
(-1.7014731e-05 -2.5645843e-07 -2.3082525e-22)
(-1.7004731e-05 -1.4564594e-07 -1.3618407e-22)
(-1.6891655e-05 -3.6276809e-08 -1.8844544e-38)
(-1.6677359e-05 7.0841276e-08 1.9218591e-55)
(-1.636451e-05 1.7490079e-07 -1.8947245e-68)
(-1.5956586e-05 2.7509429e-07 0)
(-1.5457878e-05 3.706144e-07 6.1451521e-53)
(-1.4873485e-05 4.6065376e-07 3.4774359e-38)
(-1.4209319e-05 5.4440508e-07 3.3908791e-22)
(-1.3472103e-05 6.2106109e-07 3.6862483e-22)
(-1.2669372e-05 6.8981458e-07 4.9396634e-23)
(-1.1809468e-05 7.498584e-07 4.6383668e-39)
(-1.0901549e-05 8.0038559e-07 0)
(-9.9555793e-06 8.405895e-07 0)
(-8.9823352e-06 8.6966416e-07 0)
(-7.9934008e-06 8.8680496e-07 0)
(-7.0011663e-06 8.912102e-07 0)
(-6.0188223e-06 8.8208419e-07 0)
(-5.0603476e-06 8.5864381e-07 0)
(-4.1404854e-06 8.2013226e-07 0)
(-3.274691e-06 7.6584758e-07 0)
(-2.4790246e-06 6.9520241e-07 0)
(-1.7699249e-06 6.0784705e-07 -1.9567688e-23)
(-1.1637424e-06 5.0393345e-07 1.0542036e-23)
(-6.7571777e-07 3.8461167e-07 2.2388548e-23)
(-3.1814022e-07 2.533866e-07 0)
(-9.4645543e-08 1.168748e-07 0)
)
;
        gradient        uniform (0 0 0);
    }
    sclera_tm_gap_left
    {
        type            solidTraction;
        nonOrthogonalCorrections true;
        useUndeformedArea false;
        traction        uniform (0 0 0);
        pressure        uniform 1500;
        secondOrder     false;
        extrapolateValue false;
        setEffectiveTraction false;
        relaxationFactor 1;
        value           nonuniform List<vector> 6((-1.9182005e-06 -1.0253451e-06 4.2090912e-24) (-4.9233066e-06 -9.4300602e-08 -1.2324641e-24) (-2.0660836e-06 -6.4539102e-07 -2.3915763e-23) (-2.4561931e-06 -4.8498406e-07 0) (-3.1616548e-06 -3.4459215e-07 -5.3047793e-39) (-4.1114184e-06 -3.1816246e-07 4.8906833e-23));
        gradient        uniform (0 0 0);
    }
    sclera_top_bottom
    {
        type            solidTraction;
        nonOrthogonalCorrections true;
        useUndeformedArea false;
        traction        uniform (0 0 0);
        pressure        uniform 1500;
        secondOrder     false;
        extrapolateValue false;
        setEffectiveTraction false;
        relaxationFactor 1;
        value           nonuniform List<vector> 
42
(
(3.8753214e-07 3.1062757e-07 0)
(8.7084069e-07 1.655376e-06 0)
(1.2964685e-06 3.8926433e-06 0)
(1.6543397e-06 6.9078623e-06 0)
(1.9428576e-06 1.0565185e-05 0)
(2.1643689e-06 1.4728776e-05 -1.0909345e-144)
(2.3224239e-06 1.9268336e-05 -1.297702e-129)
(2.4209627e-06 2.4060944e-05 2.0889903e-115)
(2.4640494e-06 2.8991651e-05 -1.0898899e-99)
(2.4557862e-06 3.3953659e-05 1.7290307e-83)
(2.4002863e-06 3.8848386e-05 -1.5477098e-69)
(2.301665e-06 4.3585475e-05 2.848681e-53)
(2.1640366e-06 4.8082797e-05 -9.3154564e-38)
(1.9915138e-06 5.2266452e-05 7.0435577e-22)
(1.7882078e-06 5.6070763e-05 4.4632206e-22)
(1.5582276e-06 5.9438273e-05 -3.3568446e-22)
(1.3056804e-06 6.2319741e-05 1.6909151e-55)
(1.0346719e-06 6.4674141e-05 -9.1394562e-71)
(7.4930603e-07 6.6468653e-05 0)
(4.536858e-07 6.7678666e-05 -5.2295368e-104)
(1.5191325e-07 6.8287774e-05 -2.6597332e-87)
(-1.5191004e-07 6.8287774e-05 -5.4351594e-71)
(-4.5368262e-07 6.7678666e-05 1.2089533e-54)
(-7.493029e-07 6.6468653e-05 2.8103471e-38)
(-1.0346688e-06 6.4674141e-05 5.2465597e-22)
(-1.3056774e-06 6.2319742e-05 8.6641904e-22)
(-1.5582247e-06 5.9438274e-05 -5.6199384e-22)
(-1.7882051e-06 5.6070764e-05 -3.7085409e-22)
(-1.9915112e-06 5.2266453e-05 5.5755661e-39)
(-2.1640341e-06 4.8082798e-05 -8.1212577e-54)
(-2.3016627e-06 4.3585476e-05 0)
(-2.4002842e-06 3.8848387e-05 0)
(-2.4557843e-06 3.395366e-05 -5.4457801e-99)
(-2.4640476e-06 2.8991651e-05 -9.566941e-84)
(-2.4209611e-06 2.4060945e-05 9.4625446e-69)
(-2.3224225e-06 1.9268336e-05 1.385918e-53)
(-2.1643677e-06 1.4728777e-05 -1.7048267e-38)
(-1.9428567e-06 1.0565185e-05 4.5580829e-23)
(-1.654339e-06 6.9078623e-06 1.548877e-22)
(-1.296468e-06 3.8926433e-06 6.7175922e-23)
(-8.7084043e-07 1.655376e-06 0)
(-3.8753205e-07 3.1062754e-07 0)
)
;
        gradient        uniform (0 0 0);
    }
    sclera_top_top
    {
        type            solidTraction;
        nonOrthogonalCorrections true;
        useUndeformedArea false;
        traction        uniform (0 0 0);
        pressure        uniform 0;
        secondOrder     false;
        extrapolateValue false;
        setEffectiveTraction false;
        relaxationFactor 1;
        value           nonuniform List<vector> 
42
(
(-3.8761152e-07 3.1047388e-07 0)
(-8.7098371e-07 1.6551915e-06 0)
(-1.2966239e-06 3.8924474e-06 0)
(-1.654493e-06 6.9076627e-06 0)
(-1.9430039e-06 1.0564984e-05 0)
(-2.1645067e-06 1.4728575e-05 0)
(-2.3225527e-06 1.9268135e-05 0)
(-2.4210824e-06 2.4060743e-05 0)
(-2.4641599e-06 2.8991449e-05 0)
(-2.4558876e-06 3.3953458e-05 0)
(-2.4003786e-06 3.8848185e-05 0)
(-2.3017481e-06 4.3585274e-05 0)
(-2.1641105e-06 4.8082596e-05 0)
(-1.9915787e-06 5.2266251e-05 0)
(-1.7882636e-06 5.6070562e-05 0)
(-1.5582742e-06 5.9438072e-05 0)
(-1.305718e-06 6.231954e-05 0)
(-1.0347003e-06 6.4673939e-05 0)
(-7.4932543e-07 6.6468451e-05 0)
(-4.5369616e-07 6.7678464e-05 0)
(-1.5191458e-07 6.8287572e-05 0)
(1.5191771e-07 6.8287572e-05 0)
(4.5369924e-07 6.7678464e-05 0)
(7.4932844e-07 6.6468451e-05 0)
(1.0347032e-06 6.467394e-05 0)
(1.3057208e-06 6.2319541e-05 0)
(1.558277e-06 5.9438072e-05 0)
(1.7882662e-06 5.6070562e-05 0)
(1.9915813e-06 5.2266251e-05 0)
(2.164113e-06 4.8082596e-05 0)
(2.3017505e-06 4.3585274e-05 0)
(2.4003808e-06 3.8848186e-05 0)
(2.4558897e-06 3.3953459e-05 0)
(2.4641618e-06 2.899145e-05 0)
(2.4210841e-06 2.4060743e-05 0)
(2.3225542e-06 1.9268135e-05 0)
(2.1645079e-06 1.4728575e-05 0)
(1.9430049e-06 1.0564984e-05 0)
(1.6544937e-06 6.9076625e-06 0)
(1.2966243e-06 3.8924472e-06 0)
(8.7098395e-07 1.6551914e-06 0)
(3.8761155e-07 3.1047377e-07 0)
)
;
        gradient        uniform (0 0 0);
    }
    sclera_top_left
    {
        type            fixedValue;
        value           uniform (0 0 0);
    }
    sclera_top_right
    {
        type            fixedValue;
        value           uniform (0 0 0);
    }
    front
    {
        type            empty;
    }
    back
    {
        type            empty;
    }
}


// ************************************************************************* //
