/*--------------------------------*- C++ -*----------------------------------*\
| =========                 |                                                 |
| \\      /  F ield         | OpenFOAM: The Open Source CFD Toolbox           |
|  \\    /   O peration     | Version:  2512                                  |
|   \\  /    A nd           | Website:  www.openfoam.com                      |
|    \\/     M anipulation  |                                                 |
\*---------------------------------------------------------------------------*/
FoamFile
{
    version     2.0;
    format      ascii;
    arch        "LSB;label=32;scalar=64";
    class       volVectorField;
    location    "0.8";
    object      U;
}
// * * * * * * * * * * * * * * * * * * * * * * * * * * * * * * * * * * * * * //

dimensions      [0 1 -1 0 0 0 0];

internalField   nonuniform List<vector> 
2000
(
(0.036284182 -4.5842376e-09 0)
(0.036284164 -3.0317196e-09 0)
(0.036284176 1.0113279e-09 0)
(0.036284174 -1.3890304e-09 0)
(0.036284173 -1.3184203e-09 0)
(0.036284173 -1.5318234e-09 0)
(0.036284174 -1.6559803e-09 0)
(0.036284176 -1.7997468e-09 0)
(0.036284178 -2.0639589e-09 0)
(0.036284181 -2.3906609e-09 0)
(0.036284186 -2.9126571e-09 0)
(0.036284193 -3.6116839e-09 0)
(0.036284202 -4.6549963e-09 0)
(0.036284215 -6.0843424e-09 0)
(0.036284232 -8.1223531e-09 0)
(0.036284257 -1.091384e-08 0)
(0.036284291 -1.479974e-08 0)
(0.036284338 -2.0120886e-08 0)
(0.036284404 -2.7460288e-08 0)
(0.036284494 -3.752554e-08 0)
(0.036284618 -5.1371537e-08 0)
(0.036284789 -7.0390235e-08 0)
(0.036285025 -9.6542243e-08 0)
(0.036285349 -1.3250513e-07 0)
(0.036285797 -1.8197305e-07 0)
(0.036286413 -2.5005975e-07 0)
(0.036287261 -3.4378893e-07 0)
(0.036288429 -4.72942e-07 0)
(0.036290038 -6.5099947e-07 0)
(0.036292256 -8.9682946e-07 0)
(0.036295315 -1.2366526e-06 0)
(0.036299536 -1.7074514e-06 0)
(0.036305369 -2.3613084e-06 0)
(0.036313439 -3.2727082e-06 0)
(0.036324629 -4.5488232e-06 0)
(0.036340187 -6.3468781e-06 0)
(0.036361895 -8.9013662e-06 0)
(0.036392337 -1.2571927e-05 0)
(0.036435315 -1.7926758e-05 0)
(0.036496546 -2.58993e-05 0)
(0.036584878 -3.8095324e-05 0)
(0.03671443 -5.7387223e-05 0)
(0.036908913 -8.9263275e-05 0)
(0.037209338 -0.00014376192 0)
(0.037704026 -0.00024864147 0)
(0.038513639 -0.00044811004 0)
(0.040112639 -0.0010263006 0)
(0.040965197 -0.0010809818 0)
(0.057935353 -0.0064748728 0)
(0.028495157 0.00091550326 0)
(0.072576034 -8.1758609e-10 0)
(0.072576009 1.2924292e-10 0)
(0.072576024 4.1508472e-10 0)
(0.072576021 -1.4129559e-09 0)
(0.07257602 -2.7780671e-09 0)
(0.072576019 -4.0976823e-09 0)
(0.07257602 -5.2766018e-09 0)
(0.072576022 -6.5879814e-09 0)
(0.072576024 -8.1840269e-09 0)
(0.072576029 -1.0312961e-08 0)
(0.072576035 -1.3168514e-08 0)
(0.072576044 -1.7109198e-08 0)
(0.072576057 -2.2517632e-08 0)
(0.072576076 -3.0015604e-08 0)
(0.072576101 -4.03458e-08 0)
(0.072576137 -5.4625269e-08 0)
(0.072576187 -7.4279596e-08 0)
(0.072576256 -1.0137222e-07 0)
(0.072576351 -1.3863396e-07 0)
(0.072576482 -1.8993136e-07 0)
(0.072576663 -2.6047819e-07 0)
(0.072576913 -3.5756504e-07 0)
(0.072577258 -4.9112218e-07 0)
(0.072577733 -6.7494663e-07 0)
(0.072578387 -9.2794469e-07 0)
(0.072579288 -1.2763177e-06 0)
(0.072580528 -1.756131e-06 0)
(0.072582236 -2.417378e-06 0)
(0.072584589 -3.3291872e-06 0)
(0.072587831 -4.5876706e-06 0)
(0.072592299 -6.3265584e-06 0)
(0.072598461 -8.7329969e-06 0)
(0.072606964 -1.2069943e-05 0)
(0.07261871 -1.6709776e-05 0)
(0.072634955 -2.3184216e-05 0)
(0.072657464 -3.2261753e-05 0)
(0.072688721 -4.5069397e-05 0)
(0.072732251 -6.3292074e-05 0)
(0.072793104 -8.9508891e-05 0)
(0.072878572 -0.00012778272 0)
(0.07299934 -0.00018474069 0)
(0.073171055 -0.00027157468 0)
(0.073417852 -0.00040821544 0)
(0.073771081 -0.0006301301 0)
(0.074307914 -0.0010132038 0)
(0.074946631 -0.0016749818 0)
(0.076541427 -0.0030827941 0)
(0.073663585 -0.0049119284 0)
(0.096290213 -0.011699895 0)
(0.02663626 -0.010195563 0)
(0.088148805 -1.2740444e-09 0)
(0.088148779 -9.1843584e-10 0)
(0.088148797 -4.9738462e-10 0)
(0.088148794 -2.4000471e-09 0)
(0.088148793 -4.2467765e-09 0)
(0.088148792 -6.2051352e-09 0)
(0.088148792 -8.1530516e-09 0)
(0.088148792 -1.048344e-08 0)
(0.088148794 -1.3358714e-08 0)
(0.088148797 -1.7242706e-08 0)
(0.088148802 -2.2431697e-08 0)
(0.08814881 -2.9607382e-08 0)
(0.088148821 -3.9412804e-08 0)
(0.088148837 -5.2998645e-08 0)
(0.08814886 -7.1669323e-08 0)
(0.088148891 -9.7466936e-08 0)
(0.088148935 -1.3294468e-07 0)
(0.088148996 -1.818476e-07 0)
(0.088149081 -2.4909908e-07 0)
(0.088149198 -3.4168841e-07 0)
(0.08814936 -4.6903185e-07 0)
(0.088149583 -6.4428245e-07 0)
(0.088149891 -8.8537396e-07 0)
(0.088150316 -1.2171709e-06 0)
(0.088150901 -1.6737868e-06 0)
(0.088151706 -2.3023882e-06 0)
(0.088152815 -3.1679375e-06 0)
(0.088154343 -4.3602602e-06 0)
(0.088156445 -6.003505e-06 0)
(0.088159338 -8.2697416e-06 0)
(0.088163321 -1.1397877e-05 0)
(0.088168805 -1.5720705e-05 0)
(0.088176353 -2.1703579e-05 0)
(0.088186747 -3.0000489e-05 0)
(0.088201061 -4.1536575e-05 0)
(0.088220776 -5.7631239e-05 0)
(0.088247933 -8.0186107e-05 0)
(0.08828534 -0.00011197737 0)
(0.088336847 -0.000157123 0)
(0.088407679 -0.00022184463 0)
(0.088504869 -0.00031575178 0)
(0.088637269 -0.00045398678 0)
(0.088817067 -0.00066123519 0)
(0.089048271 -0.00097708298 0)
(0.089380868 -0.0014746037 0)
(0.089553162 -0.0022425829 0)
(0.090772074 -0.0035946208 0)
(0.085165798 -0.0051634121 0)
(0.10980473 -0.009509909 0)
(0.027934672 -0.007456104 0)
(0.093939221 -9.3048338e-10 0)
(0.093939195 -1.3553314e-09 0)
(0.093939213 -1.8402634e-09 0)
(0.09393921 -3.5219475e-09 0)
(0.093939209 -5.5410555e-09 0)
(0.093939207 -7.7596892e-09 0)
(0.093939207 -1.0280928e-08 0)
(0.093939206 -1.3337918e-08 0)
(0.093939207 -1.7296538e-08 0)
(0.093939208 -2.2557925e-08 0)
(0.093939211 -2.9705607e-08 0)
(0.093939215 -3.9468855e-08 0)
(0.093939222 -5.2896749e-08 0)
(0.093939233 -7.1370162e-08 0)
(0.093939247 -9.6828613e-08 0)
(0.093939268 -1.3188356e-07 0)
(0.093939298 -1.8016366e-07 0)
(0.093939339 -2.46614e-07 0)
(0.093939397 -3.3807216e-07 0)
(0.093939476 -4.6390874e-07 0)
(0.093939587 -6.370483e-07 0)
(0.09393974 -8.7524817e-07 0)
(0.093939951 -1.2029745e-06 0)
(0.093940242 -1.653887e-06 0)
(0.093940644 -2.2743573e-06 0)
(0.093941197 -3.1282509e-06 0)
(0.093941958 -4.3036075e-06 0)
(0.093943006 -5.921841e-06 0)
(0.093944445 -8.1505615e-06 0)
(0.093946424 -1.1221394e-05 0)
(0.093949141 -1.5454915e-05 0)
(0.093952868 -2.1295643e-05 0)
(0.093957976 -2.9361468e-05 0)
(0.093964966 -4.0513912e-05 0)
(0.093974515 -5.5958886e-05 0)
(0.093987521 -7.7392515e-05 0)
(0.094005173 -0.0001072146 0)
(0.094028998 -0.00014884459 0)
(0.094060902 -0.00020719488 0)
(0.094103109 -0.00028938464 0)
(0.094157962 -0.00040582862 0)
(0.094226794 -0.00057184372 0)
(0.09431046 -0.00081022169 0)
(0.094392338 -0.0011537257 0)
(0.09450768 -0.0016537542 0)
(0.094304823 -0.0023600526 0)
(0.09522891 -0.0034229543 0)
(0.088315111 -0.0045571862 0)
(0.11397886 -0.0069193091 0)
(0.029397362 -0.0056101457 0)
(0.095827799 -7.9406833e-10 0)
(0.095827773 -1.8092303e-09 0)
(0.095827791 -2.7735913e-09 0)
(0.095827787 -4.4030519e-09 0)
(0.095827786 -6.3787404e-09 0)
(0.095827784 -8.6989447e-09 0)
(0.095827783 -1.1463493e-08 0)
(0.095827781 -1.4952287e-08 0)
(0.09582778 -1.950114e-08 0)
(0.09582778 -2.5602234e-08 0)
(0.095827779 -3.386958e-08 0)
(0.09582778 -4.51841e-08 0)
(0.095827782 -6.0705397e-08 0)
(0.095827785 -8.2064808e-08 0)
(0.09582779 -1.1145639e-07 0)
(0.095827798 -1.5193085e-07 0)
(0.09582781 -2.0763894e-07 0)
(0.095827826 -2.8432171e-07 0)
(0.09582785 -3.8983714e-07 0)
(0.095827882 -5.3502488e-07 0)
(0.095827929 -7.3476332e-07 0)
(0.095827993 -1.0095483e-06 0)
(0.095828082 -1.3875502e-06 0)
(0.095828206 -1.9075526e-06 0)
(0.095828376 -2.6229023e-06 0)
(0.095828611 -3.607039e-06 0)
(0.095828935 -4.9610389e-06 0)
(0.095829379 -6.8240888e-06 0)
(0.095829988 -9.387887e-06 0)
(0.095830821 -1.291659e-05 0)
(0.095831957 -1.7774379e-05 0)
(0.0958335 -2.4463673e-05 0)
(0.095835589 -3.3678166e-05 0)
(0.095838396 -4.6376551e-05 0)
(0.095842139 -6.3885232e-05 0)
(0.095847071 -8.8041512e-05 0)
(0.095853457 -0.00012139342 0)
(0.095861516 -0.00016747783 0)
(0.095871283 -0.0002312056 0)
(0.095882301 -0.00031938599 0)
(0.095893125 -0.00044142447 0)
(0.095899755 -0.0006101703 0)
(0.095896238 -0.00084293983 0)
(0.095856208 -0.0011616841 0)
(0.095812975 -0.0015947384 0)
(0.095387916 -0.0021605101 0)
(0.096169986 -0.0029075498 0)
(0.0887673 -0.0036306545 0)
(0.11518167 -0.0048313765 0)
(0.030198469 -0.0038714719 0)
(0.09637478 -7.2078543e-10 0)
(0.096374753 -2.037919e-09 0)
(0.096374771 -3.2824985e-09 0)
(0.096374767 -4.8386527e-09 0)
(0.096374765 -6.7031043e-09 0)
(0.096374763 -8.9341678e-09 0)
(0.09637476 -1.1693228e-08 0)
(0.096374758 -1.5223984e-08 0)
(0.096374755 -1.9882613e-08 0)
(0.096374753 -2.613266e-08 0)
(0.09637475 -3.4623042e-08 0)
(0.096374747 -4.6223406e-08 0)
(0.096374743 -6.2142771e-08 0)
(0.096374739 -8.4022786e-08 0)
(0.096374734 -1.1413159e-07 0)
(0.096374728 -1.5556817e-07 0)
(0.09637472 -2.1260342e-07 0)
(0.09637471 -2.9109346e-07 0)
(0.096374697 -3.9910065e-07 0)
(0.09637468 -5.4769871e-07 0)
(0.096374658 -7.5212473e-07 0)
(0.096374628 -1.0333217e-06 0)
(0.096374588 -1.4200962e-06 0)
(0.096374533 -1.952052e-06 0)
(0.096374458 -2.6836498e-06 0)
(0.096374356 -3.6897607e-06 0)
(0.096374215 -5.0733155e-06 0)
(0.096374021 -6.9757872e-06 0)
(0.096373752 -9.5915881e-06 0)
(0.096373376 -1.3187791e-05 0)
(0.09637285 -1.813114e-05 0)
(0.096372106 -2.4924943e-05 0)
(0.096371047 -3.4259366e-05 0)
(0.096369525 -4.7079694e-05 0)
(0.096367313 -6.4678464e-05 0)
(0.096364056 -8.8818748e-05 0)
(0.096359193 -0.00012189697 0)
(0.096351821 -0.00016715356 0)
(0.096340477 -0.00022893634 0)
(0.096322744 -0.00031301018 0)
(0.096294714 -0.00042688093 0)
(0.096249485 -0.00058002676 0)
(0.096178355 -0.00078387473 0)
(0.096052792 -0.0010507408 0)
(0.095911115 -0.0013924155 0)
(0.095375807 -0.0018087278 0)
(0.096120787 -0.0023008413 0)
(0.088578921 -0.0027261125 0)
(0.11557394 -0.0033163556 0)
(0.030610156 -0.0025736093 0)
(0.096517064 -6.7143024e-10 0)
(0.096517037 -2.0828515e-09 0)
(0.096517055 -3.3794547e-09 0)
(0.09651705 -4.8057834e-09 0)
(0.096517048 -6.4580715e-09 0)
(0.096517045 -8.451496e-09 0)
(0.096517042 -1.0946619e-08 0)
(0.096517038 -1.4173201e-08 0)
(0.096517034 -1.8442734e-08 0)
(0.09651703 -2.4181557e-08 0)
(0.096517024 -3.1971736e-08 0)
(0.096517017 -4.2613597e-08 0)
(0.096517008 -5.7204504e-08 0)
(0.096516997 -7.7252436e-08 0)
(0.096516983 -1.0482682e-07 0)
(0.096516963 -1.4277076e-07 0)
(0.096516937 -1.949895e-07 0)
(0.096516902 -2.6685005e-07 0)
(0.096516854 -3.657288e-07 0)
(0.09651679 -5.0176528e-07 0)
(0.096516702 -6.8889775e-07 0)
(0.096516581 -9.4628494e-07 0)
(0.096516417 -1.3002605e-06 0)
(0.096516191 -1.7870127e-06 0)
(0.096515882 -2.4562637e-06 0)
(0.096515458 -3.3763076e-06 0)
(0.096514874 -4.6409109e-06 0)
(0.096514071 -6.3787385e-06 0)
(0.096512966 -8.7662165e-06 0)
(0.096511443 -1.204502e-05 0)
(0.096509342 -1.654578e-05 0)
(0.096506441 -2.2720039e-05 0)
(0.096502429 -3.1183048e-05 0)
(0.09649687 -4.2770501e-05 0)
(0.096489152 -5.8612743e-05 0)
(0.096478409 -8.0229896e-05 0)
(0.096463408 -0.00010965023 0)
(0.096442388 -0.00014955057 0)
(0.096412815 -0.00020340939 0)
(0.096371018 -0.00027564637 0)
(0.096311753 -0.0003716907 0)
(0.096226979 -0.00049785627 0)
(0.096107735 -0.00066083421 0)
(0.095927034 -0.00086629774 0)
(0.095730271 -0.0011167268 0)
(0.095148936 -0.0014040269 0)
(0.095907593 -0.0017137313 0)
(0.088352384 -0.0019497008 0)
(0.11577346 -0.002230589 0)
(0.030844092 -0.0016793731 0)
(0.096550643 -6.2496943e-10 0)
(0.096550617 -1.9755959e-09 0)
(0.096550634 -3.1592325e-09 0)
(0.096550629 -4.3566712e-09 0)
(0.096550626 -5.692275e-09 0)
(0.096550623 -7.2940544e-09 0)
(0.096550619 -9.3018212e-09 0)
(0.096550615 -1.1904565e-08 0)
(0.09655061 -1.5346379e-08 0)
(0.096550603 -1.9968771e-08 0)
(0.096550595 -2.6232241e-08 0)
(0.096550585 -3.4779082e-08 0)
(0.096550572 -4.6483708e-08 0)
(0.096550555 -6.255689e-08 0)
(0.096550532 -8.4653085e-08 0)
(0.096550501 -1.1505458e-07 0)
(0.096550459 -1.5688765e-07 0)
(0.096550402 -2.1445774e-07 0)
(0.096550325 -2.9367151e-07 0)
(0.09655022 -4.0265634e-07 0)
(0.096550075 -5.5257077e-07 0)
(0.096549878 -7.5875837e-07 0)
(0.096549607 -1.0422888e-06 0)
(0.096549236 -1.4321136e-06 0)
(0.096548726 -1.9679737e-06 0)
(0.096548025 -2.7044207e-06 0)
(0.096547063 -3.7162593e-06 0)
(0.096545741 -5.1060038e-06 0)
(0.096543924 -7.0139508e-06 0)
(0.096541425 -9.6318376e-06 0)
(0.09653799 -1.3221144e-05 0)
(0.096533266 -1.8137538e-05 0)
(0.096526768 -2.4863053e-05 0)
(0.096517832 -3.4047932e-05 0)
(0.096505542 -4.6563759e-05 0)
(0.096488641 -6.3568924e-05 0)
(0.096465404 -8.6585284e-05 0)
(0.096433469 -0.00011758071 0)
(0.096389615 -0.00015904351 0)
(0.096329458 -0.00021401963 0)
(0.09624717 -0.00028605724 0)
(0.096134556 -0.00037896026 0)
(0.095983501 -0.00049620427 0)
(0.095769649 -0.00063972897 0)
(0.095544799 -0.00080810263 0)
(0.094949102 -0.00099212241 0)
(0.095737311 -0.0011764579 0)
(0.088204301 -0.0012998369 0)
(0.11591605 -0.0014274319 0)
(0.030988599 -0.0010521202 0)
(0.096557891 -5.6294407e-10 0)
(0.096557864 -1.7456403e-09 0)
(0.096557881 -2.7014449e-09 0)
(0.096557876 -3.5784301e-09 0)
(0.096557873 -4.5012316e-09 0)
(0.096557869 -5.5809619e-09 0)
(0.096557865 -6.920172e-09 0)
(0.09655786 -8.6439817e-09 0)
(0.096557854 -1.0908283e-08 0)
(0.096557846 -1.3931746e-08 0)
(0.096557837 -1.8009015e-08 0)
(0.096557824 -2.3553467e-08 0)
(0.096557808 -3.1128279e-08 0)
(0.096557786 -4.1515093e-08 0)
(0.096557757 -5.5782688e-08 0)
(0.096557718 -7.5406153e-08 0)
(0.096557664 -1.0240658e-07 0)
(0.096557592 -1.3956634e-07 0)
(0.096557493 -1.9070276e-07 0)
(0.096557358 -2.6106528e-07 0)
(0.096557172 -3.5786061e-07 0)
(0.096556918 -4.9099267e-07 0)
(0.09655657 -6.7405922e-07 0)
(0.096556092 -9.2573352e-07 0)
(0.096555435 -1.2716385e-06 0)
(0.096554534 -1.7469197e-06 0)
(0.096553296 -2.3997372e-06 0)
(0.096551596 -3.2960173e-06 0)
(0.096549261 -4.5258692e-06 0)
(0.096546054 -6.2122228e-06 0)
(0.096541651 -8.5223547e-06 0)
(0.096535608 -1.1683128e-05 0)
(0.09652732 -1.6000855e-05 0)
(0.096515962 -2.1886693e-05 0)
(0.09650041 -2.9888218e-05 0)
(0.096479148 -4.0727049e-05 0)
(0.096450133 -5.5340727e-05 0)
(0.096410633 -7.4923699e-05 0)
(0.096357033 -0.00010095628 0)
(0.096284598 -0.00013520025 0)
(0.09618732 -0.00017962386 0)
(0.096057223 -0.000236195 0)
(0.095887196 -0.00030645689 0)
(0.095655172 -0.00039074829 0)
(0.095417498 -0.00048706575 0)
(0.094820266 -0.00058878015 0)
(0.09563527 -0.00068546583 0)
(0.088126213 -0.00074319336 0)
(0.11601656 -0.00079591109 0)
(0.031075818 -0.00057922055 0)
(0.096559291 -4.8817487e-10 0)
(0.096559264 -1.4256522e-09 0)
(0.096559281 -2.085063e-09 0)
(0.096559276 -2.5715334e-09 0)
(0.096559272 -3.0194439e-09 0)
(0.096559268 -3.4835472e-09 0)
(0.096559264 -4.0406916e-09 0)
(0.096559258 -4.71417e-09 0)
(0.096559252 -5.5800613e-09 0)
(0.096559243 -6.6873565e-09 0)
(0.096559233 -8.1583639e-09 0)
(0.096559219 -1.0109983e-08 0)
(0.096559201 -1.2758628e-08 0)
(0.096559177 -1.6350626e-08 0)
(0.096559145 -2.1279429e-08 0)
(0.096559101 -2.8033946e-08 0)
(0.096559042 -3.7339e-08 0)
(0.096558961 -5.0137625e-08 0)
(0.09655885 -6.7776428e-08 0)
(0.096558699 -9.2051744e-08 0)
(0.096558492 -1.2548046e-07 0)
(0.096558209 -1.7146596e-07 0)
(0.096557819 -2.3473003e-07 0)
(0.096557285 -3.217014e-07 0)
(0.096556551 -4.4124792e-07 0)
(0.096555544 -6.0547617e-07 0)
(0.096554161 -8.3101657e-07 0)
(0.096552261 -1.1405704e-06 0)
(0.096549654 -1.5651917e-06 0)
(0.096546074 -2.1471584e-06 0)
(0.096541163 -2.9439834e-06 0)
(0.09653443 -4.0335083e-06 0)
(0.096525206 -5.520687e-06 0)
(0.096512584 -7.5460042e-06 0)
(0.096495338 -1.0295985e-05 0)
(0.09647182 -1.4015317e-05 0)
(0.096439834 -1.9020093e-05 0)
(0.096396472 -2.5709832e-05 0)
(0.096337947 -3.4574454e-05 0)
(0.096259384 -4.6188191e-05 0)
(0.096154751 -6.1177789e-05 0)
(0.096016273 -8.0144204e-05 0)
(0.095837463 -0.00010351051 0)
(0.095597523 -0.00013125555 0)
(0.095355113 -0.00016253552 0)
(0.094759234 -0.00019498236 0)
(0.095589371 -0.00022498257 0)
(0.088094113 -0.000241689 0)
(0.11606907 -0.00025576381 0)
(0.031117409 -0.00018503895 0)
(0.096559291 -3.9160898e-10 0)
(0.096559264 -1.0665135e-09 0)
(0.096559281 -1.377987e-09 0)
(0.096559276 -1.463198e-09 0)
(0.096559272 -1.3898307e-09 0)
(0.096559268 -1.2236087e-09 0)
(0.096559264 -9.3632671e-10 0)
(0.096559258 -5.1836945e-10 0)
(0.096559252 1.1229385e-10 0)
(0.096559243 1.011724e-09 0)
(0.096559233 2.3126323e-09 0)
(0.096559219 4.1373413e-09 0)
(0.096559201 6.708651e-09 0)
(0.096559177 1.0272668e-08 0)
(0.096559145 1.5221387e-08 0)
(0.096559101 2.2035812e-08 0)
(0.096559042 3.1430896e-08 0)
(0.096558961 4.4335919e-08 0)
(0.09655885 6.2082148e-08 0)
(0.096558699 8.645075e-08 0)
(0.096558492 1.1994242e-07 0)
(0.096558208 1.6594856e-07 0)
(0.096557819 2.2917783e-07 0)
(0.096557285 3.1605437e-07 0)
(0.096556551 4.354407e-07 0)
(0.096555544 5.9945209e-07 0)
(0.096554161 8.2472902e-07 0)
(0.096552261 1.1340055e-06 0)
(0.096549654 1.5583735e-06 0)
(0.096546074 2.1401782e-06 0)
(0.096541164 2.9369987e-06 0)
(0.09653443 4.0267588e-06 0)
(0.096525206 5.5144634e-06 0)
(0.096512584 7.5406351e-06 0)
(0.096495338 1.0291784e-05 0)
(0.096471821 1.4012584e-05 0)
(0.096439834 1.9019098e-05 0)
(0.096396473 2.5710861e-05 0)
(0.096337947 3.4577763e-05 0)
(0.096259385 4.6193932e-05 0)
(0.096154752 6.1185812e-05 0)
(0.096016274 8.0154001e-05 0)
(0.095837463 0.00010352124 0)
(0.095597523 0.00013126633 0)
(0.095355113 0.0001625456 0)
(0.094759234 0.00019499136 0)
(0.095589371 0.00022499036 0)
(0.088094113 0.00024169555 0)
(0.11606907 0.0002557694 0)
(0.031117409 0.00018504248 0)
(0.096557892 -3.0131292e-10 0)
(0.096557865 -6.9001543e-10 0)
(0.096557882 -6.7458504e-10 0)
(0.096557877 -3.5256123e-10 0)
(0.096557873 2.0756849e-10 0)
(0.096557869 9.9614559e-10 0)
(0.096557865 2.0714062e-09 0)
(0.09655786 3.5448493e-09 0)
(0.096557854 5.5781623e-09 0)
(0.096557846 8.3972775e-09 0)
(0.096557836 1.2305395e-08 0)
(0.096557824 1.7722251e-08 0)
(0.096557807 2.5216147e-08 0)
(0.096557786 3.5569582e-08 0)
(0.096557757 4.9849966e-08 0)
(0.096557717 6.9524503e-08 0)
(0.096557664 9.6606232e-08 0)
(0.096557592 1.3386182e-07 0)
(0.096557493 1.8509733e-07 0)
(0.096557357 2.5554245e-07 0)
(0.096557172 3.5239433e-07 0)
(0.096556918 4.8553727e-07 0)
(0.09655657 6.685656e-07 0)
(0.096556091 9.2013693e-07 0)
(0.096555435 1.265882e-06 0)
(0.096554534 1.7409404e-06 0)
(0.096553296 2.3934995e-06 0)
(0.096551596 3.2894994e-06 0)
(0.096549261 4.5191095e-06 0)
(0.096546054 6.2053027e-06 0)
(0.096541651 8.5154479e-06 0)
(0.096535609 1.167646e-05 0)
(0.096527321 1.5994731e-05 0)
(0.096515962 2.188142e-05 0)
(0.096500411 2.9884122e-05 0)
(0.09647915 4.0724404e-05 0)
(0.096450134 5.5339826e-05 0)
(0.096410634 7.4924806e-05 0)
(0.096357035 0.00010095969 0)
(0.0962846 0.00013520609 0)
(0.096187322 0.00017963198 0)
(0.096057224 0.00023620481 0)
(0.095887198 0.00030646757 0)
(0.095655173 0.00039075889 0)
(0.095417498 0.0004870756 0)
(0.094820266 0.00058878883 0)
(0.09563527 0.00068547328 0)
(0.088126213 0.00074319953 0)
(0.11601656 0.00079591629 0)
(0.031075818 0.00057922375 0)
(0.096550645 -2.0925043e-10 0)
(0.096550618 -3.2810422e-10 0)
(0.096550635 -5.0898925e-11 0)
(0.09655063 6.5554277e-10 0)
(0.096550627 1.6286939e-09 0)
(0.096550623 2.975496e-09 0)
(0.096550619 4.7035805e-09 0)
(0.096550615 7.0858343e-09 0)
(0.096550609 1.0279909e-08 0)
(0.096550603 1.4724721e-08 0)
(0.096550595 2.0797739e-08 0)
(0.096550585 2.9235648e-08 0)
(0.096550571 4.0830615e-08 0)
(0.096550554 5.6879759e-08 0)
(0.096550531 7.8954089e-08 0)
(0.0965505 1.0940907e-07 0)
(0.096550458 1.5128651e-07 0)
(0.096550402 2.0895127e-07 0)
(0.096550324 2.8822866e-07 0)
(0.096550219 3.9729455e-07 0)
(0.096550075 5.4723454e-07 0)
(0.096549877 7.5343323e-07 0)
(0.096549607 1.0369009e-06 0)
(0.096549235 1.4266262e-06 0)
(0.096548725 1.9623095e-06 0)
(0.096548025 2.6985417e-06 0)
(0.096547063 3.710114e-06 0)
(0.096545741 5.0995932e-06 0)
(0.096543924 7.0073017e-06 0)
(0.096541426 9.6250514e-06 0)
(0.09653799 1.3214385e-05 0)
(0.096533266 1.8131043e-05 0)
(0.096526769 2.4857113e-05 0)
(0.096517834 3.4042853e-05 0)
(0.096505544 4.6559845e-05 0)
(0.096488643 6.3566445e-05 0)
(0.096465406 8.6584524e-05 0)
(0.096433472 0.00011758195 0)
(0.096389618 0.00015904707 0)
(0.096329461 0.00021402562 0)
(0.096247174 0.00028606547 0)
(0.096134559 0.00037897008 0)
(0.095983504 0.00049621478 0)
(0.095769651 0.00063973923 0)
(0.0955448 0.00080811197 0)
(0.094949102 0.00099213049 0)
(0.095737311 0.0011764647 0)
(0.088204301 0.0012998424 0)
(0.11591605 0.0014274365 0)
(0.0309886 0.0010521228 0)
(0.096517066 -6.1821679e-11 0)
(0.096517039 -6.1529363e-11 0)
(0.096517057 4.9747019e-10 0)
(0.096517051 1.414528e-09 0)
(0.096517048 2.8191011e-09 0)
(0.096517045 4.4899121e-09 0)
(0.096517042 6.7971377e-09 0)
(0.096517038 9.7232065e-09 0)
(0.096517034 1.3833554e-08 0)
(0.096517029 1.9311093e-08 0)
(0.096517023 2.6991648e-08 0)
(0.096517016 3.7434035e-08 0)
(0.096517007 5.198233e-08 0)
(0.096516996 7.1909512e-08 0)
(0.096516982 9.951511e-08 0)
(0.096516962 1.3741467e-07 0)
(0.096516936 1.8972004e-07 0)
(0.096516901 2.615824e-07 0)
(0.096516853 3.6056013e-07 0)
(0.096516789 4.9659547e-07 0)
(0.096516701 6.8378512e-07 0)
(0.096516581 9.4111608e-07 0)
(0.096516416 1.2950587e-06 0)
(0.096516191 1.7816618e-06 0)
(0.096515882 2.4507651e-06 0)
(0.096515457 3.3705641e-06 0)
(0.096514873 4.63493e-06 0)
(0.096514071 6.372484e-06 0)
(0.096512966 8.7597538e-06 0)
(0.096511443 1.2038434e-05 0)
(0.096509342 1.6539247e-05 0)
(0.096506442 2.2713796e-05 0)
(0.09650243 3.1177362e-05 0)
(0.096496872 4.2765684e-05 0)
(0.096489154 5.8609039e-05 0)
(0.096478412 8.0227608e-05 0)
(0.096463412 0.00010964958 0)
(0.096442392 0.00014955194 0)
(0.09641282 0.00020341301 0)
(0.096371023 0.00027565247 0)
(0.096311759 0.0003716989 0)
(0.096226983 0.00049786596 0)
(0.096107739 0.0006608443 0)
(0.095927036 0.00086630741 0)
(0.095730272 0.0011167353 0)
(0.095148935 0.0014040342 0)
(0.095907592 0.0017137373 0)
(0.088352383 0.0019497056 0)
(0.11577346 0.0022305928 0)
(0.030844092 0.0016793748 0)
(0.096374783 3.6503804e-11 0)
(0.096374756 1.65519e-10 0)
(0.096374773 7.5960583e-10 0)
(0.096374768 1.9555101e-09 0)
(0.096374766 3.5685479e-09 0)
(0.096374763 5.555899e-09 0)
(0.09637476 8.0752207e-09 0)
(0.096374757 1.1362815e-08 0)
(0.096374755 1.5799312e-08 0)
(0.096374752 2.184005e-08 0)
(0.096374749 3.0151864e-08 0)
(0.096374745 4.1595842e-08 0)
(0.096374742 5.7394991e-08 0)
(0.096374737 7.9186053e-08 0)
(0.096374733 1.092416e-07 0)
(0.096374726 1.5065705e-07 0)
(0.096374719 2.0769299e-07 0)
(0.096374709 2.8620467e-07 0)
(0.096374696 3.9422971e-07 0)
(0.096374679 5.428481e-07 0)
(0.096374657 7.472605e-07 0)
(0.096374627 1.028428e-06 0)
(0.096374587 1.4151131e-06 0)
(0.096374532 1.9469538e-06 0)
(0.096374457 2.6783634e-06 0)
(0.096374355 3.6842704e-06 0)
(0.096374215 5.0675644e-06 0)
(0.09637402 6.969809e-06 0)
(0.096373751 9.5853945e-06 0)
(0.096373376 1.3181521e-05 0)
(0.09637285 1.8124922e-05 0)
(0.096372106 2.4919039e-05 0)
(0.096371048 3.4253993e-05 0)
(0.096369527 4.7075156e-05 0)
(0.096367316 6.4674961e-05 0)
(0.096364059 8.8816563e-05 0)
(0.096359197 0.00012189634 0)
(0.096351827 0.00016715488 0)
(0.096340483 0.00022893989 0)
(0.096322751 0.00031301613 0)
(0.096294721 0.00042688886 0)
(0.096249492 0.00058003595 0)
(0.09617836 0.00078388409 0)
(0.096052795 0.0010507496 0)
(0.095911116 0.001392423 0)
(0.095375807 0.0018087341 0)
(0.096120786 0.0023008464 0)
(0.08857892 0.0027261164 0)
(0.11557394 0.0033163585 0)
(0.030610156 0.00257361 0)
(0.095827802 1.6229878e-10 0)
(0.095827775 3.8162269e-10 0)
(0.095827793 7.5882685e-10 0)
(0.095827789 2.30798e-09 0)
(0.095827786 3.9400788e-09 0)
(0.095827784 6.1930409e-09 0)
(0.095827782 8.5489907e-09 0)
(0.09582778 1.1935828e-08 0)
(0.095827779 1.6075201e-08 0)
(0.095827778 2.2100901e-08 0)
(0.095827778 3.0003127e-08 0)
(0.095827778 4.128546e-08 0)
(0.09582778 5.6503767e-08 0)
(0.095827783 7.788267e-08 0)
(0.095827789 1.0704642e-07 0)
(0.095827797 1.4759145e-07 0)
(0.095827808 2.0314113e-07 0)
(0.095827825 2.7992281e-07 0)
(0.095827848 3.8532013e-07 0)
(0.095827881 5.3059394e-07 0)
(0.095827927 7.3021249e-07 0)
(0.095827992 1.0050244e-06 0)
(0.095828081 1.3828643e-06 0)
(0.095828204 1.9027981e-06 0)
(0.095828375 2.6179218e-06 0)
(0.09582861 3.6018875e-06 0)
(0.095828934 4.9556195e-06 0)
(0.095829378 6.8184543e-06 0)
(0.095829987 9.3820518e-06 0)
(0.09583082 1.2910654e-05 0)
(0.095831957 1.7768511e-05 0)
(0.095833501 2.4458024e-05 0)
(0.09583559 3.3673028e-05 0)
(0.095838399 4.6372045e-05 0)
(0.095842143 6.388169e-05 0)
(0.095847075 8.8038988e-05 0)
(0.095853463 0.00012139241 0)
(0.095861524 0.00016747848 0)
(0.095871291 0.00023120856 0)
(0.095882311 0.00031939106 0)
(0.095893135 0.0004414316 0)
(0.095899764 0.00061017838 0)
(0.095896245 0.0008429482 0)
(0.095856212 0.0011616915 0)
(0.095812976 0.0015947448 0)
(0.095387916 0.0021605157 0)
(0.096169984 0.0029075548 0)
(0.088767298 0.0036306586 0)
(0.11518166 0.0048313785 0)
(0.030198469 0.0038714726 0)
(0.093939224 6.5777997e-10 0)
(0.093939197 4.4879928e-10 0)
(0.093939215 8.2406163e-10 0)
(0.093939211 2.344255e-09 0)
(0.093939209 4.318779e-09 0)
(0.093939207 6.2391807e-09 0)
(0.093939205 8.5592791e-09 0)
(0.093939205 1.1226458e-08 0)
(0.093939205 1.4959868e-08 0)
(0.093939206 1.9855487e-08 0)
(0.093939209 2.6819048e-08 0)
(0.093939213 3.6270437e-08 0)
(0.09393922 4.9568545e-08 0)
(0.093939231 6.7794722e-08 0)
(0.093939245 9.3186426e-08 0)
(0.093939267 1.2806308e-07 0)
(0.093939296 1.7633391e-07 0)
(0.093939338 2.4265898e-07 0)
(0.093939395 3.3413793e-07 0)
(0.093939475 4.5986739e-07 0)
(0.093939585 6.3301673e-07 0)
(0.093939739 8.7108569e-07 0)
(0.093939949 1.1987691e-06 0)
(0.093940241 1.649491e-06 0)
(0.093940642 2.2698376e-06 0)
(0.093941196 3.1234685e-06 0)
(0.093941956 4.2986296e-06 0)
(0.093943004 5.9165726e-06 0)
(0.093944444 8.145111e-06 0)
(0.093946423 1.1215757e-05 0)
(0.093949139 1.5449272e-05 0)
(0.093952868 2.1290088e-05 0)
(0.093957977 2.9356217e-05 0)
(0.093964969 4.0509095e-05 0)
(0.093974518 5.5954691e-05 0)
(0.093987526 7.7389138e-05 0)
(0.094005179 0.00010721235 0)
(0.094029005 0.00014884391 0)
(0.094060912 0.00020719619 0)
(0.094103119 0.00028938812 0)
(0.094157974 0.00040583404 0)
(0.094226803 0.0005718504 0)
(0.094310467 0.00081022869 0)
(0.09439234 0.0011537322 0)
(0.09450768 0.0016537602 0)
(0.094304821 0.0023600586 0)
(0.095228906 0.0034229611 0)
(0.088315106 0.0045571925 0)
(0.11397885 0.0069193135 0)
(0.029397364 0.0056101475 0)
(0.088148807 1.3225029e-09 0)
(0.088148781 7.3418821e-10 0)
(0.088148799 4.3777578e-10 0)
(0.088148795 2.1594764e-09 0)
(0.088148793 4.1154607e-09 0)
(0.088148791 5.6896645e-09 0)
(0.088148791 7.5251017e-09 0)
(0.088148791 9.3257226e-09 0)
(0.088148793 1.2040238e-08 0)
(0.088148796 1.5417039e-08 0)
(0.088148801 2.0489884e-08 0)
(0.088148808 2.722707e-08 0)
(0.08814882 3.6966083e-08 0)
(0.088148835 5.0187446e-08 0)
(0.088148858 6.8838191e-08 0)
(0.08814889 9.4349537e-08 0)
(0.088148934 1.2984732e-07 0)
(0.088148995 1.7853389e-07 0)
(0.08814908 2.4582315e-07 0)
(0.088149197 3.3824059e-07 0)
(0.088149359 4.6560398e-07 0)
(0.088149582 6.406926e-07 0)
(0.08814989 8.8174734e-07 0)
(0.088150314 1.2133596e-06 0)
(0.088150899 1.669852e-06 0)
(0.088151704 2.2982308e-06 0)
(0.088152814 3.1635703e-06 0)
(0.088154341 4.3556632e-06 0)
(0.088156443 5.9986711e-06 0)
(0.088159337 8.2647678e-06 0)
(0.08816332 1.1392754e-05 0)
(0.088168804 1.5715654e-05 0)
(0.088176353 2.1698559e-05 0)
(0.088186748 2.9995825e-05 0)
(0.088201063 4.1532159e-05 0)
(0.088220779 5.7627585e-05 0)
(0.088247937 8.0183171e-05 0)
(0.088285346 0.00011197599 0)
(0.088336853 0.00015712313 0)
(0.088407687 0.00022184696 0)
(0.088504877 0.00031575572 0)
(0.088637276 0.00045399232 0)
(0.08881707 0.00066124097 0)
(0.08904827 0.00097708873 0)
(0.089380865 0.0014746094 0)
(0.089553159 0.0022425902 0)
(0.09077207 0.0035946302 0)
(0.085165794 0.0051634209 0)
(0.10980472 0.0095099159 0)
(0.027934672 0.0074561068 0)
(0.072576036 6.0459503e-10 0)
(0.07257601 -5.7979876e-10 0)
(0.072576025 -1.0779918e-09 0)
(0.072576022 9.6371927e-10 0)
(0.07257602 2.3353984e-09 0)
(0.072576019 3.7645265e-09 0)
(0.072576019 4.697405e-09 0)
(0.072576021 5.8953843e-09 0)
(0.072576024 7.136748e-09 0)
(0.072576028 9.1295896e-09 0)
(0.072576034 1.1665276e-08 0)
(0.072576043 1.5505982e-08 0)
(0.072576057 2.0640972e-08 0)
(0.072576075 2.8064813e-08 0)
(0.072576101 3.81611e-08 0)
(0.072576137 5.2388183e-08 0)
(0.072576187 7.1849577e-08 0)
(0.072576255 9.8909095e-08 0)
(0.072576351 1.3601421e-07 0)
(0.072576482 1.8728506e-07 0)
(0.072576663 2.576963e-07 0)
(0.072576913 3.5474206e-07 0)
(0.072577258 4.8816526e-07 0)
(0.072577732 6.7191382e-07 0)
(0.072578386 9.2476865e-07 0)
(0.072579286 1.2730277e-06 0)
(0.072580527 1.7527051e-06 0)
(0.072582235 2.4138311e-06 0)
(0.072584588 3.3255655e-06 0)
(0.072587829 4.5839817e-06 0)
(0.072592298 6.3229249e-06 0)
(0.07259846 8.7294082e-06 0)
(0.072606963 1.20666e-05 0)
(0.072618709 1.6706654e-05 0)
(0.072634955 2.3181648e-05 0)
(0.072657464 3.2259788e-05 0)
(0.072688721 4.5068521e-05 0)
(0.072732253 6.3292291e-05 0)
(0.072793106 8.9510541e-05 0)
(0.072878576 0.00012778558 0)
(0.072999343 0.00018474494 0)
(0.073171058 0.00027157965 0)
(0.07341785 0.0004082203 0)
(0.073771076 0.00063013419 0)
(0.074307909 0.0010132084 0)
(0.074946628 0.0016749892 0)
(0.076541427 0.0030828018 0)
(0.073663582 0.0049119343 0)
(0.096290211 0.011699893 0)
(0.026636256 0.010195561 0)
(0.036284179 4.3501552e-09 0)
(0.036284161 2.5040627e-09 0)
(0.036284173 -1.6318036e-09 0)
(0.036284171 1.045411e-09 0)
(0.03628417 1.0526849e-09 0)
(0.03628417 1.4217123e-09 0)
(0.036284172 1.4302657e-09 0)
(0.036284174 1.5766317e-09 0)
(0.036284177 1.6640112e-09 0)
(0.03628418 1.9863898e-09 0)
(0.036284185 2.3589746e-09 0)
(0.036284192 3.0672157e-09 0)
(0.036284202 3.9830242e-09 0)
(0.036284215 5.4196893e-09 0)
(0.036284233 7.3481889e-09 0)
(0.036284257 1.0144963e-08 0)
(0.036284292 1.3946956e-08 0)
(0.036284339 1.9275703e-08 0)
(0.036284404 2.6561877e-08 0)
(0.036284494 3.6635704e-08 0)
(0.036284618 5.0458188e-08 0)
(0.036284789 6.9479737e-08 0)
(0.036285024 9.5633723e-08 0)
(0.036285349 1.315844e-07 0)
(0.036285796 1.8107439e-07 0)
(0.036286412 2.4912301e-07 0)
(0.03628726 3.4288919e-07 0)
(0.036288428 4.7197047e-07 0)
(0.036290037 6.5008542e-07 0)
(0.036292255 8.9582414e-07 0)
(0.036295314 1.2357652e-06 0)
(0.036299535 1.7065044e-06 0)
(0.036305368 2.360604e-06 0)
(0.036313438 3.2720155e-06 0)
(0.036324629 4.548506e-06 0)
(0.036340186 6.3466153e-06 0)
(0.036361895 8.9016069e-06 0)
(0.036392338 1.2572394e-05 0)
(0.036435317 1.7928112e-05 0)
(0.036496548 2.5901291e-05 0)
(0.03658488 3.8098234e-05 0)
(0.036714429 5.7389937e-05 0)
(0.03690891 8.9265245e-05 0)
(0.037209335 0.00014376297 0)
(0.037704026 0.00024864324 0)
(0.038513641 0.00044811365 0)
(0.040112638 0.0010263036 0)
(0.040965191 0.0010809829 0)
(0.057935347 0.0064748663 0)
(0.028495157 -0.00091550665 0)
(0.1425471 0.015301683 0)
(0.10585937 0.0069850747 0)
(0.087571733 0.002860637 0)
(0.082349008 0.0013417943 0)
(0.07994861 0.00073308811 0)
(0.078140018 0.0003910088 0)
(0.076994666 0.00018711926 0)
(0.076389992 8.5417647e-05 0)
(0.076076647 4.1535952e-05 0)
(0.075900056 2.2134844e-05 0)
(0.075793551 1.2376908e-05 0)
(0.075727438 7.1171028e-06 0)
(0.075685504 4.2217219e-06 0)
(0.075658281 2.5611721e-06 0)
(0.075640298 1.5576922e-06 0)
(0.07562831 9.3246806e-07 0)
(0.075620292 5.4024985e-07 0)
(0.075614926 2.9576618e-07 0)
(0.075611341 1.4576672e-07 0)
(0.075608953 5.6216216e-08 0)
(0.075607371 5.1041888e-09 0)
(0.075606329 -2.2005014e-08 0)
(0.075605648 -3.4419922e-08 0)
(0.075605207 -3.8248839e-08 0)
(0.075604925 -3.7237414e-08 0)
(0.075604747 -3.3855297e-08 0)
(0.075604637 -2.9429101e-08 0)
(0.07560457 -2.4895897e-08 0)
(0.075604531 -2.0577559e-08 0)
(0.075604509 -1.6813982e-08 0)
(0.075604498 -1.354553e-08 0)
(0.075604493 -1.0921958e-08 0)
(0.075604492 -8.7503277e-09 0)
(0.075604493 -6.909765e-09 0)
(0.075604494 -5.3327106e-09 0)
(0.075604496 -4.1387793e-09 0)
(0.075604498 -3.118718e-09 0)
(0.0756045 -2.3886407e-09 0)
(0.075604501 -1.7877488e-09 0)
(0.075604503 -1.4842882e-09 0)
(0.075604503 -1.3128215e-09 0)
(0.075604504 -1.3195196e-09 0)
(0.075604505 -1.1992928e-09 0)
(0.075604507 -9.9470989e-10 0)
(0.075604509 -7.0113585e-10 0)
(0.075604512 -9.494996e-10 0)
(0.075604516 -1.723349e-09 0)
(0.075604524 -4.9663927e-09 0)
(0.075604531 -7.8354095e-09 0)
(0.075604569 -6.7238444e-09 0)
(0.20375003 0.014046964 0)
(0.18123954 0.018478128 0)
(0.16296618 0.012747801 0)
(0.15858021 0.0073614296 0)
(0.15694777 0.0043152628 0)
(0.15499111 0.002565789 0)
(0.15338777 0.0014652235 0)
(0.15241464 0.00081218922 0)
(0.15185319 0.00045851733 0)
(0.15150479 0.00027052111 0)
(0.15127839 0.00016598146 0)
(0.15113027 0.00010488675 0)
(0.15103267 6.7904829e-05 0)
(0.15096741 4.4793984e-05 0)
(0.15092324 2.9909847e-05 0)
(0.15089313 2.0105774e-05 0)
(0.15087251 1.3557467e-05 0)
(0.15085837 9.1486496e-06 0)
(0.15084865 6.1673555e-06 0)
(0.15084197 4.1478537e-06 0)
(0.15083738 2.7799763e-06 0)
(0.15083423 1.8548833e-06 0)
(0.15083207 1.2307754e-06 0)
(0.15083059 8.1119025e-07 0)
(0.15082958 5.3025227e-07 0)
(0.15082889 3.4313349e-07 0)
(0.15082842 2.1921476e-07 0)
(0.1508281 1.3776542e-07 0)
(0.15082788 8.4651258e-08 0)
(0.15082774 5.0395816e-08 0)
(0.15082764 2.8546104e-08 0)
(0.15082757 1.4843017e-08 0)
(0.15082753 6.3908224e-09 0)
(0.1508275 1.4707626e-09 0)
(0.15082748 -1.3039512e-09 0)
(0.15082747 -2.7338672e-09 0)
(0.15082746 -3.367186e-09 0)
(0.15082746 -3.4818329e-09 0)
(0.15082745 -3.3413293e-09 0)
(0.15082745 -3.1388044e-09 0)
(0.15082745 -3.1486438e-09 0)
(0.15082745 -3.4855398e-09 0)
(0.15082745 -4.1019109e-09 0)
(0.15082745 -4.7092146e-09 0)
(0.15082745 -5.3007984e-09 0)
(0.15082745 -6.5816867e-09 0)
(0.15082745 -1.0129138e-08 0)
(0.15082745 -1.7047679e-08 0)
(0.15082747 -3.1569022e-08 0)
(0.15082745 -2.9286213e-08 0)
(0.21877774 0.010470362 0)
(0.20069197 0.016189158 0)
(0.18655873 0.013409537 0)
(0.18621747 0.0092742828 0)
(0.18725377 0.0061929068 0)
(0.18650787 0.004039514 0)
(0.18535788 0.0025300204 0)
(0.1845598 0.0015444934 0)
(0.18405818 0.00094758518 0)
(0.183713 0.00059403832 0)
(0.1834691 0.00038062665 0)
(0.18330106 0.00024838755 0)
(0.18318671 0.00016464786 0)
(0.18310848 0.00011051717 0)
(0.18305461 7.4842744e-05 0)
(0.18301739 5.0971977e-05 0)
(0.18299164 3.4832359e-05 0)
(0.18297379 2.3845519e-05 0)
(0.1829614 1.6333817e-05 0)
(0.1829528 1.1185111e-05 0)
(0.18294682 7.6518006e-06 0)
(0.18294267 5.2266346e-06 0)
(0.18293979 3.5628518e-06 0)
(0.18293779 2.4227312e-06 0)
(0.1829364 1.6425682e-06 0)
(0.18293544 1.1098477e-06 0)
(0.18293478 7.4683431e-07 0)
(0.18293432 5.0023137e-07 0)
(0.182934 3.3312064e-07 0)
(0.18293378 2.2038425e-07 0)
(0.18293363 1.4452942e-07 0)
(0.18293352 9.3848241e-08 0)
(0.18293345 6.0070805e-08 0)
(0.1829334 3.7745744e-08 0)
(0.18293337 2.3006855e-08 0)
(0.18293334 1.3480366e-08 0)
(0.18293333 7.2893271e-09 0)
(0.18293331 3.447536e-09 0)
(0.18293331 9.8684524e-10 0)
(0.1829333 -5.4115065e-10 0)
(0.1829333 -1.7894871e-09 0)
(0.18293329 -2.8868527e-09 0)
(0.18293329 -4.1356117e-09 0)
(0.18293329 -5.3111307e-09 0)
(0.18293329 -6.5512989e-09 0)
(0.18293329 -8.2180532e-09 0)
(0.18293329 -1.1269538e-08 0)
(0.18293329 -1.6556236e-08 0)
(0.1829333 -2.3260195e-08 0)
(0.18293327 -1.9949588e-08 0)
(0.2244832 0.0057667836 0)
(0.20510171 0.011237282 0)
(0.19168738 0.010951951 0)
(0.19348945 0.0086996912 0)
(0.19642525 0.006415703 0)
(0.19684124 0.0045152952 0)
(0.19634295 0.0030454249 0)
(0.19592971 0.002000233 0)
(0.19565408 0.0013066507 0)
(0.19543314 0.00085937163 0)
(0.19525544 0.00057062013 0)
(0.19512369 0.00038238859 0)
(0.19503005 0.00025843164 0)
(0.19496394 0.00017591633 0)
(0.19491729 0.00012039505 0)
(0.19488449 8.2701802e-05 0)
(0.19486148 5.6944006e-05 0)
(0.19484537 3.9261897e-05 0)
(0.19483409 2.7086141e-05 0)
(0.19482619 1.8685802e-05 0)
(0.19482066 1.2884207e-05 0)
(0.19481679 8.87597e-06 0)
(0.19481409 6.1072107e-06 0)
(0.1948122 4.1957284e-06 0)
(0.19481088 2.8773043e-06 0)
(0.19480995 1.9690038e-06 0)
(0.19480931 1.3441728e-06 0)
(0.19480886 9.1504852e-07 0)
(0.19480855 6.209198e-07 0)
(0.19480833 4.197347e-07 0)
(0.19480817 2.8248308e-07 0)
(0.19480807 1.8908246e-07 0)
(0.19480799 1.2574124e-07 0)
(0.19480794 8.2886518e-08 0)
(0.1948079 5.4029866e-08 0)
(0.19480788 3.4656564e-08 0)
(0.19480786 2.174426e-08 0)
(0.19480785 1.3162021e-08 0)
(0.19480784 7.4981306e-09 0)
(0.19480783 3.6711045e-09 0)
(0.19480783 9.5028812e-10 0)
(0.19480782 -1.211802e-09 0)
(0.19480782 -3.0853188e-09 0)
(0.19480782 -4.8176872e-09 0)
(0.19480782 -6.4198487e-09 0)
(0.19480781 -8.2170644e-09 0)
(0.19480781 -1.060887e-08 0)
(0.19480781 -1.3918517e-08 0)
(0.19480782 -1.7275978e-08 0)
(0.19480778 -1.4644036e-08 0)
(0.22769499 0.003114757 0)
(0.20642332 0.007431114 0)
(0.19203292 0.0081664895 0)
(0.19426912 0.0071595124 0)
(0.19802246 0.0056908253 0)
(0.19912019 0.0042616125 0)
(0.19911691 0.0030520047 0)
(0.19906126 0.002122967 0)
(0.19903495 0.0014570367 0)
(0.19897841 0.00099654757 0)
(0.19890625 0.00068204204 0)
(0.19884256 0.00046778781 0)
(0.19879334 0.00032171845 0)
(0.19875648 0.0002218613 0)
(0.19872925 0.00015333712 0)
(0.19870945 0.00010614331 0)
(0.19869523 7.3546703e-05 0)
(0.19868508 5.0985444e-05 0)
(0.19867788 3.5347857e-05 0)
(0.19867277 2.4499915e-05 0)
(0.19866916 1.6971697e-05 0)
(0.1986666 1.1747306e-05 0)
(0.19866481 8.1228396e-06 0)
(0.19866354 5.6097834e-06 0)
(0.19866264 3.8687e-06 0)
(0.19866201 2.6636509e-06 0)
(0.19866157 1.8305586e-06 0)
(0.19866126 1.2553916e-06 0)
(0.19866104 8.5887421e-07 0)
(0.19866088 5.8598818e-07 0)
(0.19866077 3.9851759e-07 0)
(0.19866069 2.7000734e-07 0)
(0.19866064 1.8209418e-07 0)
(0.1986606 1.2211341e-07 0)
(0.19866057 8.128042e-08 0)
(0.19866055 5.3580954e-08 0)
(0.19866054 3.483296e-08 0)
(0.19866053 2.2204755e-08 0)
(0.19866052 1.3690184e-08 0)
(0.19866051 7.9212551e-09 0)
(0.19866051 3.8754531e-09 0)
(0.19866051 8.5315666e-10 0)
(0.1986605 -1.5769228e-09 0)
(0.1986605 -3.5916412e-09 0)
(0.1986605 -5.3191195e-09 0)
(0.1986605 -6.8915114e-09 0)
(0.19866049 -8.5177382e-09 0)
(0.19866049 -1.0312308e-08 0)
(0.1986605 -1.1550645e-08 0)
(0.19866047 -9.5948231e-09 0)
(0.2297797 0.0017593745 0)
(0.20725339 0.0048707509 0)
(0.19170102 0.0058037962 0)
(0.19368037 0.0054568796 0)
(0.19761822 0.0045983679 0)
(0.19900075 0.0036237189 0)
(0.19927806 0.0027232542 0)
(0.19947006 0.0019812157 0)
(0.19964383 0.0014135331 0)
(0.19973693 0.00099781875 0)
(0.19977171 0.00070027187 0)
(0.19978301 0.00048985413 0)
(0.19978597 0.00034207122 0)
(0.19978526 0.00023866631 0)
(0.19978302 0.00016643794 0)
(0.1997805 0.00011602248 0)
(0.19977824 8.0844665e-05 0)
(0.19977638 5.630526e-05 0)
(0.19977493 3.9191571e-05 0)
(0.19977381 2.7260555e-05 0)
(0.19977297 1.8946349e-05 0)
(0.19977235 1.3155721e-05 0)
(0.19977189 9.1253759e-06 0)
(0.19977155 6.3223675e-06 0)
(0.1997713 4.3746617e-06 0)
(0.19977112 3.0226027e-06 0)
(0.19977098 2.0850623e-06 0)
(0.19977089 1.4357334e-06 0)
(0.19977081 9.8661721e-07 0)
(0.19977076 6.7642409e-07 0)
(0.19977072 4.6252874e-07 0)
(0.19977069 3.1528535e-07 0)
(0.19977067 2.1412345e-07 0)
(0.19977066 1.4475502e-07 0)
(0.19977064 9.7299366e-08 0)
(0.19977063 6.490265e-08 0)
(0.19977063 4.2850156e-08 0)
(0.19977062 2.7869612e-08 0)
(0.19977062 1.7711227e-08 0)
(0.19977061 1.0779052e-08 0)
(0.19977061 5.9621966e-09 0)
(0.19977061 2.465936e-09 0)
(0.19977061 -2.0183588e-10 0)
(0.1997706 -2.2962391e-09 0)
(0.1997706 -3.9301067e-09 0)
(0.1997706 -5.2305868e-09 0)
(0.1997706 -6.2977066e-09 0)
(0.1997706 -7.2024744e-09 0)
(0.1997706 -7.5385655e-09 0)
(0.19977057 -6.1265871e-09 0)
(0.23116342 0.0010258394 0)
(0.2079517 0.003154428 0)
(0.19152456 0.0039688829 0)
(0.1931196 0.003922938 0)
(0.19698957 0.0034564918 0)
(0.19844062 0.002834747 0)
(0.19884575 0.0022106041 0)
(0.1991837 0.0016637474 0)
(0.19949434 0.0012226163 0)
(0.19970152 0.00088448796 0)
(0.19982501 0.00063320777 0)
(0.19990268 0.00045004884 0)
(0.19995419 0.00031825204 0)
(0.19998844 0.00022424312 0)
(0.20001112 0.00015758676 0)
(0.20002625 0.00011051918 0)
(0.20003642 7.7382501e-05 0)
(0.20004331 5.4105777e-05 0)
(0.20004799 3.7783875e-05 0)
(0.20005118 2.6355263e-05 0)
(0.20005335 1.8362878e-05 0)
(0.20005483 1.2779838e-05 0)
(0.20005583 8.8839779e-06 0)
(0.20005652 6.1682621e-06 0)
(0.20005699 4.2771792e-06 0)
(0.2000573 2.9617442e-06 0)
(0.20005751 2.0477568e-06 0)
(0.20005766 1.4134561e-06 0)
(0.20005775 9.7381264e-07 0)
(0.20005782 6.6950389e-07 0)
(0.20005786 4.5917913e-07 0)
(0.20005789 3.1404452e-07 0)
(0.2000579 2.1406716e-07 0)
(0.20005791 1.4532596e-07 0)
(0.20005792 9.8155372e-08 0)
(0.20005792 6.5856514e-08 0)
(0.20005792 4.3791267e-08 0)
(0.20005792 2.8753827e-08 0)
(0.20005792 1.8517176e-08 0)
(0.20005792 1.152383e-08 0)
(0.20005792 6.6752433e-09 0)
(0.20005792 3.2147666e-09 0)
(0.20005792 6.5742704e-10 0)
(0.20005792 -1.2683081e-09 0)
(0.20005791 -2.6848576e-09 0)
(0.20005791 -3.6912177e-09 0)
(0.20005791 -4.3756913e-09 0)
(0.20005791 -4.8101233e-09 0)
(0.20005792 -4.8003844e-09 0)
(0.20005789 -3.7775477e-09 0)
(0.23206513 0.00059475902 0)
(0.20850398 0.0019633971 0)
(0.19151115 0.0025596483 0)
(0.19278947 0.0026180673 0)
(0.19653459 0.0023814351 0)
(0.19796735 0.0020104992 0)
(0.19841763 0.0016102132 0)
(0.19883253 0.0012417067 0)
(0.19922763 0.00093212793 0)
(0.19951235 0.0006865479 0)
(0.19970051 0.00049880896 0)
(0.19982918 0.00035879605 0)
(0.19991951 0.0002561711 0)
(0.1999826 0.00018188311 0)
(0.20002635 0.00012859267 0)
(0.20005668 9.0618065e-05 0)
(0.20007774 6.3691543e-05 0)
(0.20009237 4.4671026e-05 0)
(0.20010253 3.1274711e-05 0)
(0.20010958 2.1861659e-05 0)
(0.20011447 1.5260161e-05 0)
(0.20011786 1.0637959e-05 0)
(0.20012021 7.4062129e-06 0)
(0.20012183 5.1495754e-06 0)
(0.20012295 3.5757498e-06 0)
(0.20012373 2.4794369e-06 0)
(0.20012426 1.7166584e-06 0)
(0.20012463 1.1865881e-06 0)
(0.20012488 8.1869404e-07 0)
(0.20012505 5.6370125e-07 0)
(0.20012516 3.8721237e-07 0)
(0.20012524 2.6524998e-07 0)
(0.2001253 1.8110757e-07 0)
(0.20012533 1.2316559e-07 0)
(0.20012536 8.3342257e-08 0)
(0.20012537 5.6032887e-08 0)
(0.20012538 3.7348118e-08 0)
(0.20012539 2.4599274e-08 0)
(0.20012539 1.5912164e-08 0)
(0.20012539 9.9788383e-09 0)
(0.20012539 5.8750153e-09 0)
(0.20012539 2.9727862e-09 0)
(0.20012539 8.6770873e-10 0)
(0.20012539 -6.6594151e-10 0)
(0.20012539 -1.7392221e-09 0)
(0.20012539 -2.4436497e-09 0)
(0.20012538 -2.8614866e-09 0)
(0.20012538 -3.0532041e-09 0)
(0.20012539 -2.9262714e-09 0)
(0.20012536 -2.1911982e-09 0)
(0.23261033 0.00031221713 0)
(0.20887958 0.001075905 0)
(0.19155827 0.0014325135 0)
(0.19262916 0.0014965191 0)
(0.19627115 0.0013892389 0)
(0.19766729 0.0011950944 0)
(0.19812696 0.00097383113 0)
(0.19857825 0.00076285327 0)
(0.19902029 0.00058063062 0)
(0.19935177 0.00043270782 0)
(0.19958112 0.00031746189 0)
(0.1997436 0.00023018227 0)
(0.19986043 0.00016541031 0)
(0.19994369 0.0001180534 0)
(0.20000243 8.3811044e-05 0)
(0.20004374 5.9256314e-05 0)
(0.20007275 4.1758992e-05 0)
(0.20009308 2.9350811e-05 0)
(0.2001073 2.0584621e-05 0)
(0.20011724 1.4409833e-05 0)
(0.20012417 1.0070813e-05 0)
(0.20012899 7.0278331e-06 0)
(0.20013235 4.8973803e-06 0)
(0.20013468 3.4080301e-06 0)
(0.2001363 2.3682725e-06 0)
(0.20013742 1.6433211e-06 0)
(0.2001382 1.1384917e-06 0)
(0.20013873 7.8738953e-07 0)
(0.2001391 5.4351478e-07 0)
(0.20013936 3.7435169e-07 0)
(0.20013953 2.5718038e-07 0)
(0.20013965 1.7615265e-07 0)
(0.20013973 1.2021526e-07 0)
(0.20013978 8.16767e-08 0)
(0.20013982 5.5180384e-08 0)
(0.20013984 3.7011159e-08 0)
(0.20013986 2.4586418e-08 0)
(0.20013987 1.6121401e-08 0)
(0.20013988 1.0366378e-08 0)
(0.20013988 6.448333e-09 0)
(0.20013988 3.7468451e-09 0)
(0.20013988 1.8478311e-09 0)
(0.20013988 4.8973733e-10 0)
(0.20013988 -4.6755126e-10 0)
(0.20013988 -1.1080454e-09 0)
(0.20013988 -1.4950575e-09 0)
(0.20013988 -1.6906614e-09 0)
(0.20013988 -1.7330151e-09 0)
(0.20013989 -1.5862589e-09 0)
(0.20013986 -1.0769705e-09 0)
(0.2328677 9.7539372e-05 0)
(0.20906798 0.00034290565 0)
(0.19159678 0.00046102923 0)
(0.1925673 0.00048649685 0)
(0.1961542 0.00045611339 0)
(0.19752629 0.00039601163 0)
(0.19798521 0.00032544443 0)
(0.19845045 0.00025691071 0)
(0.1989131 0.00019687573 0)
(0.19926633 0.00014757238 0)
(0.19951553 0.00010879338 0)
(0.19969472 7.9197292e-05 0)
(0.19982492 5.7096031e-05 0)
(0.19991847 4.0855692e-05 0)
(0.19998497 2.9065546e-05 0)
(0.20003201 2.0583995e-05 0)
(0.20006518 1.4524931e-05 0)
(0.20008852 1.0219591e-05 0)
(0.2001049 7.1731459e-06 0)
(0.20011637 5.0245695e-06 0)
(0.20012438 3.513254e-06 0)
(0.20012998 2.4524814e-06 0)
(0.20013388 1.7093162e-06 0)
(0.20013659 1.1894783e-06 0)
(0.20013847 8.2639409e-07 0)
(0.20013978 5.7312204e-07 0)
(0.20014069 3.9669738e-07 0)
(0.20014131 2.739504e-07 0)
(0.20014174 1.886838e-07 0)
(0.20014204 1.295267e-07 0)
(0.20014225 8.8570088e-08 0)
(0.20014239 6.0254756e-08 0)
(0.20014248 4.0741676e-08 0)
(0.20014255 2.7317004e-08 0)
(0.20014259 1.813001e-08 0)
(0.20014262 1.1855753e-08 0)
(0.20014264 7.6142997e-09 0)
(0.20014265 4.7549483e-09 0)
(0.20014266 2.8587362e-09 0)
(0.20014266 1.5838142e-09 0)
(0.20014267 7.2689182e-10 0)
(0.20014267 1.2024149e-10 0)
(0.20014267 -2.8862103e-10 0)
(0.20014267 -5.5954018e-10 0)
(0.20014267 -6.9921756e-10 0)
(0.20014267 -7.5858331e-10 0)
(0.20014266 -7.4429896e-10 0)
(0.20014266 -6.8671719e-10 0)
(0.20014267 -5.3589373e-10 0)
(0.20014265 -2.2158361e-10 0)
(0.2328677 -9.7539539e-05 0)
(0.20906797 -0.00034291035 0)
(0.19159678 -0.00046103815 0)
(0.1925673 -0.00048650935 0)
(0.1961542 -0.0004561286 0)
(0.19752629 -0.00039602861 0)
(0.19798521 -0.00032546224 0)
(0.19845045 -0.00025692859 0)
(0.1989131 -0.00019689312 0)
(0.19926632 -0.00014758896 0)
(0.19951553 -0.00010880894 0)
(0.19969472 -7.9211765e-05 0)
(0.19982491 -5.7109373e-05 0)
(0.19991847 -4.0867913e-05 0)
(0.19998497 -2.9076674e-05 0)
(0.200032 -2.05941e-05 0)
(0.20006518 -1.4534102e-05 0)
(0.20008852 -1.0227949e-05 0)
(0.2001049 -7.1808169e-06 0)
(0.20011637 -5.0316872e-06 0)
(0.20012438 -3.5199364e-06 0)
(0.20012998 -2.4588356e-06 0)
(0.20013388 -1.7154239e-06 0)
(0.20013659 -1.1954032e-06 0)
(0.20013847 -8.3217584e-07 0)
(0.20013978 -5.7878396e-07 0)
(0.20014069 -4.0224553e-07 0)
(0.20014131 -2.7937896e-07 0)
(0.20014174 -1.9397712e-07 0)
(0.20014204 -1.3466103e-07 0)
(0.20014225 -9.3517418e-08 0)
(0.20014239 -6.4982051e-08 0)
(0.20014248 -4.5217859e-08 0)
(0.20014255 -3.1511029e-08 0)
(0.20014259 -2.2018319e-08 0)
(0.20014262 -1.5414302e-08 0)
(0.20014264 -1.0823563e-08 0)
(0.20014265 -7.5952089e-09 0)
(0.20014266 -5.3326935e-09 0)
(0.20014266 -3.7258869e-09 0)
(0.20014267 -2.6091389e-09 0)
(0.20014267 -1.8052918e-09 0)
(0.20014267 -1.222652e-09 0)
(0.20014267 -7.5567508e-10 0)
(0.20014267 -3.9426212e-10 0)
(0.20014267 -9.6838352e-11 0)
(0.20014266 1.101284e-10 0)
(0.20014266 2.8151823e-10 0)
(0.20014267 4.08185e-10 0)
(0.20014265 5.4144989e-10 0)
(0.23261033 -0.0003122177 0)
(0.20887958 -0.0010759098 0)
(0.19155827 -0.0014325223 0)
(0.19262916 -0.0014965312 0)
(0.19627115 -0.0013892536 0)
(0.19766728 -0.0011951108 0)
(0.19812696 -0.00097384828 0)
(0.19857825 -0.00076287049 0)
(0.19902029 -0.00058064741 0)
(0.19935176 -0.00043272385 0)
(0.19958112 -0.000317477 0)
(0.19974359 -0.00023019636 0)
(0.19986043 -0.00016542335 0)
(0.19994368 -0.00011806539 0)
(0.20000243 -8.3822001e-05 0)
(0.20004374 -5.9266286e-05 0)
(0.20007275 -4.1768067e-05 0)
(0.20009308 -2.9359089e-05 0)
(0.2001073 -2.0592226e-05 0)
(0.20011724 -1.4416883e-05 0)
(0.20012417 -1.0077427e-05 0)
(0.20012899 -7.0341107e-06 0)
(0.20013235 -4.9034053e-06 0)
(0.20013468 -3.4138629e-06 0)
(0.2001363 -2.3739555e-06 0)
(0.20013742 -1.648878e-06 0)
(0.2001382 -1.1439303e-06 0)
(0.20013873 -7.9270656e-07 0)
(0.2001391 -5.4869498e-07 0)
(0.20013936 -3.7937475e-07 0)
(0.20013953 -2.620171e-07 0)
(0.20013965 -1.8077431e-07 0)
(0.20013973 -1.2458883e-07 0)
(0.20013978 -8.5776535e-08 0)
(0.20013982 -5.8980434e-08 0)
(0.20013984 -4.0492775e-08 0)
(0.20013986 -2.7725333e-08 0)
(0.20013987 -1.8902202e-08 0)
(0.20013988 -1.2787878e-08 0)
(0.20013988 -8.5526654e-09 0)
(0.20013988 -5.6041488e-09 0)
(0.20013988 -3.5255842e-09 0)
(0.20013988 -2.0105645e-09 0)
(0.20013988 -8.7597118e-10 0)
(0.20013988 -1.103627e-11 0)
(0.20013988 6.2054472e-10 0)
(0.20013988 1.0435227e-09 0)
(0.20013988 1.3020536e-09 0)
(0.20013989 1.4376251e-09 0)
(0.20013986 1.3729805e-09 0)
(0.23206513 -0.00059476015 0)
(0.20850398 -0.001963402 0)
(0.19151115 -0.0025596566 0)
(0.19278947 -0.0026180785 0)
(0.19653459 -0.0023814487 0)
(0.19796735 -0.0020105143 0)
(0.19841762 -0.0016102292 0)
(0.19883252 -0.0012417228 0)
(0.19922763 -0.00093214365 0)
(0.19951235 -0.00068656295 0)
(0.19970051 -0.00049882322 0)
(0.19982918 -0.00035880942 0)
(0.1999195 -0.00025618356 0)
(0.1999826 -0.00018189464 0)
(0.20002635 -0.00012860329 0)
(0.20005668 -9.062778e-05 0)
(0.20007774 -6.3700419e-05 0)
(0.20009237 -4.4679148e-05 0)
(0.20010253 -3.1282174e-05 0)
(0.20010958 -2.1868582e-05 0)
(0.20011447 -1.5266635e-05 0)
(0.20011786 -1.0644097e-05 0)
(0.20012021 -7.4120723e-06 0)
(0.20012183 -5.1552435e-06 0)
(0.20012295 -3.5812392e-06 0)
(0.20012373 -2.4848071e-06 0)
(0.20012426 -1.7218841e-06 0)
(0.20012463 -1.1917078e-06 0)
(0.20012488 -8.2365422e-07 0)
(0.20012505 -5.6852776e-07 0)
(0.20012516 -3.918328e-07 0)
(0.20012524 -2.6968578e-07 0)
(0.2001253 -1.8527919e-07 0)
(0.20012533 -1.2710161e-07 0)
(0.20012535 -8.696711e-08 0)
(0.20012537 -5.9382972e-08 0)
(0.20012538 -4.034407e-08 0)
(0.20012539 -2.7280924e-08 0)
(0.20012539 -1.8223241e-08 0)
(0.20012539 -1.2024824e-08 0)
(0.20012539 -7.6712839e-09 0)
(0.20012539 -4.6486786e-09 0)
(0.20012539 -2.3894553e-09 0)
(0.20012539 -7.3710155e-10 0)
(0.20012539 5.9467791e-10 0)
(0.20012539 1.5331784e-09 0)
(0.20012539 2.2062579e-09 0)
(0.20012538 2.5887806e-09 0)
(0.20012539 2.7428936e-09 0)
(0.20012536 2.4488292e-09 0)
(0.23116341 -0.0010258408 0)
(0.2079517 -0.0031544331 0)
(0.19152455 -0.0039688905 0)
(0.19311959 -0.0039229482 0)
(0.19698957 -0.0034565039 0)
(0.19844062 -0.0028347606 0)
(0.19884575 -0.0022106184 0)
(0.1991837 -0.001663762 0)
(0.19949433 -0.0012226305 0)
(0.19970151 -0.00088450172 0)
(0.199825 -0.00063322084 0)
(0.19990268 -0.00045006123 0)
(0.19995419 -0.00031826369 0)
(0.19998844 -0.000224254 0)
(0.20001112 -0.00015759687 0)
(0.20002624 -0.0001105285 0)
(0.20003642 -7.7391088e-05 0)
(0.20004331 -5.4113643e-05 0)
(0.20004799 -3.7791149e-05 0)
(0.20005118 -2.636197e-05 0)
(0.20005335 -1.8369185e-05 0)
(0.20005483 -1.2785747e-05 0)
(0.20005583 -8.889654e-06 0)
(0.20005652 -6.1736653e-06 0)
(0.20005699 -4.2824604e-06 0)
(0.2000573 -2.966817e-06 0)
(0.20005751 -2.0527565e-06 0)
(0.20005766 -1.4182583e-06 0)
(0.20005775 -9.7854217e-07 0)
(0.20005782 -6.7400741e-07 0)
(0.20005786 -4.6357683e-07 0)
(0.20005788 -3.1816616e-07 0)
(0.2000579 -2.1803825e-07 0)
(0.20005791 -1.4897449e-07 0)
(0.20005792 -1.0161886e-07 0)
(0.20005792 -6.8958809e-08 0)
(0.20005792 -4.6668885e-08 0)
(0.20005792 -3.1226016e-08 0)
(0.20005792 -2.0753464e-08 0)
(0.20005792 -1.34163e-08 0)
(0.20005792 -8.4646293e-09 0)
(0.20005792 -4.8161386e-09 0)
(0.20005792 -2.2555361e-09 0)
(0.20005792 -1.0682472e-10 0)
(0.20005791 1.4748579e-09 0)
(0.20005791 2.8295365e-09 0)
(0.20005791 3.6705636e-09 0)
(0.20005791 4.337996e-09 0)
(0.20005792 4.565294e-09 0)
(0.20005789 3.9859787e-09 0)
(0.22977969 -0.0017593776 0)
(0.20725338 -0.0048707565 0)
(0.19170102 -0.0058038033 0)
(0.19368036 -0.0054568884 0)
(0.19761821 -0.0045983784 0)
(0.19900074 -0.0036237308 0)
(0.19927805 -0.0027232668 0)
(0.19947006 -0.0019812286 0)
(0.19964382 -0.0014135457 0)
(0.19973693 -0.000997831 0)
(0.1997717 -0.00070028355 0)
(0.199783 -0.00048986531 0)
(0.19978597 -0.00034208178 0)
(0.19978526 -0.00023867633 0)
(0.19978302 -0.00016644731 0)
(0.1997805 -0.00011603124 0)
(0.19977824 -8.0852753e-05 0)
(0.19977638 -5.6312757e-05 0)
(0.19977493 -3.9198476e-05 0)
(0.19977381 -2.726698e-05 0)
(0.19977297 -1.895233e-05 0)
(0.19977235 -1.3161364e-05 0)
(0.19977189 -9.1307209e-06 0)
(0.19977155 -6.3274915e-06 0)
(0.1997713 -4.3795905e-06 0)
(0.19977112 -3.027377e-06 0)
(0.19977098 -2.0896912e-06 0)
(0.19977089 -1.4402251e-06 0)
(0.19977081 -9.9096806e-07 0)
(0.19977076 -6.8061691e-07 0)
(0.19977072 -4.6655377e-07 0)
(0.19977069 -3.1911126e-07 0)
(0.19977067 -2.1774655e-07 0)
(0.19977066 -1.4814455e-07 0)
(0.19977064 -1.0045991e-07 0)
(0.19977063 -6.7794399e-08 0)
(0.19977063 -4.5471508e-08 0)
(0.19977062 -3.0175821e-08 0)
(0.19977062 -1.9744823e-08 0)
(0.19977061 -1.2572132e-08 0)
(0.19977061 -7.6296082e-09 0)
(0.19977061 -4.0624758e-09 0)
(0.19977061 -1.3645736e-09 0)
(0.1997706 8.9519896e-10 0)
(0.1997706 2.773563e-09 0)
(0.1997706 4.4016434e-09 0)
(0.1997706 5.6303778e-09 0)
(0.1997706 6.7151152e-09 0)
(0.1997706 7.2752139e-09 0)
(0.19977057 6.2727366e-09 0)
(0.22769498 -0.0031147625 0)
(0.20642331 -0.007431119 0)
(0.19203291 -0.0081664957 0)
(0.19426911 -0.00715952 0)
(0.19802245 -0.0056908351 0)
(0.19912018 -0.0042616235 0)
(0.19911691 -0.0030520167 0)
(0.19906125 -0.0021229789 0)
(0.19903495 -0.0014570484 0)
(0.19897841 -0.00099655864 0)
(0.19890625 -0.00068205261 0)
(0.19884256 -0.00046779776 0)
(0.19879334 -0.00032172793 0)
(0.19875647 -0.00022187028 0)
(0.19872925 -0.0001533456 0)
(0.19870945 -0.00010615129 0)
(0.19869523 -7.3554111e-05 0)
(0.19868508 -5.0992376e-05 0)
(0.19867787 -3.5354215e-05 0)
(0.19867277 -2.4505901e-05 0)
(0.19866916 -1.6977189e-05 0)
(0.1986666 -1.1752573e-05 0)
(0.1986648 -8.1277086e-06 0)
(0.19866354 -5.6145567e-06 0)
(0.19866264 -3.8731434e-06 0)
(0.19866201 -2.6680836e-06 0)
(0.19866157 -1.8346862e-06 0)
(0.19866126 -1.2595468e-06 0)
(0.19866103 -8.6271192e-07 0)
(0.19866088 -5.8985427e-07 0)
(0.19866077 -4.020296e-07 0)
(0.19866069 -2.7352887e-07 0)
(0.19866064 -1.8522524e-07 0)
(0.1986606 -1.2524446e-07 0)
(0.19866057 -8.3993108e-08 0)
(0.19866055 -5.6266195e-08 0)
(0.19866054 -3.7045172e-08 0)
(0.19866053 -2.4347769e-08 0)
(0.19866052 -1.536741e-08 0)
(0.19866051 -9.6176236e-09 0)
(0.19866051 -5.2613429e-09 0)
(0.19866051 -2.4528319e-09 0)
(0.1986605 2.1442991e-10 0)
(0.1986605 2.1842956e-09 0)
(0.1986605 4.4327388e-09 0)
(0.1986605 6.1155301e-09 0)
(0.19866049 8.0719344e-09 0)
(0.19866049 9.9045539e-09 0)
(0.1986605 1.1343858e-08 0)
(0.19866047 9.6825205e-09 0)
(0.22448318 -0.0057667819 0)
(0.2051017 -0.011237282 0)
(0.19168737 -0.010951953 0)
(0.19348944 -0.0086996975 0)
(0.19642524 -0.0064157125 0)
(0.19684123 -0.0045153068 0)
(0.19634294 -0.0030454375 0)
(0.1959297 -0.0020002455 0)
(0.19565408 -0.0013066626 0)
(0.19543314 -0.00085938251 0)
(0.19525544 -0.00057063015 0)
(0.19512369 -0.00038239778 0)
(0.19503005 -0.00025844029 0)
(0.19496393 -0.00017592441 0)
(0.19491729 -0.00012040273 0)
(0.19488448 -8.2708952e-05 0)
(0.19486148 -5.6950755e-05 0)
(0.19484537 -3.9268105e-05 0)
(0.19483408 -2.7091971e-05 0)
(0.19482619 -1.8691141e-05 0)
(0.19482066 -1.2889256e-05 0)
(0.19481679 -8.8806269e-06 0)
(0.19481409 -6.1116859e-06 0)
(0.1948122 -4.1999024e-06 0)
(0.19481088 -2.8813773e-06 0)
(0.19480995 -1.9728306e-06 0)
(0.19480931 -1.3479386e-06 0)
(0.19480886 -9.1858522e-07 0)
(0.19480854 -6.2440038e-07 0)
(0.19480832 -4.2297518e-07 0)
(0.19480817 -2.8564986e-07 0)
(0.19480807 -1.9198497e-07 0)
(0.19480799 -1.2855229e-07 0)
(0.19480794 -8.5433713e-08 0)
(0.1948079 -5.6474724e-08 0)
(0.19480788 -3.679223e-08 0)
(0.19480786 -2.3720924e-08 0)
(0.19480785 -1.4790181e-08 0)
(0.19480784 -8.9857632e-09 0)
(0.19480783 -4.9124665e-09 0)
(0.19480783 -2.2364259e-09 0)
(0.19480782 2.9376252e-11 0)
(0.19480782 1.8480151e-09 0)
(0.19480782 3.8439502e-09 0)
(0.19480782 5.7135422e-09 0)
(0.19480782 7.8594232e-09 0)
(0.19480781 1.0426634e-08 0)
(0.19480781 1.3773437e-08 0)
(0.19480782 1.7136516e-08 0)
(0.19480778 1.46492e-08 0)
(0.21877774 -0.010470351 0)
(0.20069196 -0.016189153 0)
(0.18655872 -0.013409536 0)
(0.18621746 -0.0092742867 0)
(0.18725376 -0.0061929136 0)
(0.18650786 -0.0040395235 0)
(0.18535786 -0.002530031 0)
(0.18455979 -0.0015445047 0)
(0.18405817 -0.00094759577 0)
(0.18371299 -0.00059404819 0)
(0.18346909 -0.0003806355 0)
(0.18330105 -0.00024839568 0)
(0.1831867 -0.00016465534 0)
(0.18310848 -0.0001105242 0)
(0.1830546 -7.484939e-05 0)
(0.18301739 -5.0978227e-05 0)
(0.18299163 -3.4838279e-05 0)
(0.18297378 -2.3850985e-05 0)
(0.1829614 -1.6338981e-05 0)
(0.18295279 -1.1189805e-05 0)
(0.18294682 -7.6562794e-06 0)
(0.18294267 -5.2306862e-06 0)
(0.18293979 -3.5667988e-06 0)
(0.18293779 -2.4263015e-06 0)
(0.1829364 -1.6461272e-06 0)
(0.18293544 -1.1130575e-06 0)
(0.18293477 -7.5009121e-07 0)
(0.18293431 -5.0313943e-07 0)
(0.182934 -3.3610325e-07 0)
(0.18293378 -2.2299987e-07 0)
(0.18293363 -1.4722565e-07 0)
(0.18293352 -9.6145504e-08 0)
(0.18293345 -6.2433873e-08 0)
(0.1829334 -3.9738576e-08 0)
(0.18293337 -2.5077522e-08 0)
(0.18293334 -1.5098852e-08 0)
(0.18293333 -8.9418058e-09 0)
(0.18293332 -4.6315306e-09 0)
(0.18293331 -2.2385286e-09 0)
(0.1829333 -3.390596e-10 0)
(0.1829333 7.0577249e-10 0)
(0.1829333 2.0730831e-09 0)
(0.18293329 3.1185059e-09 0)
(0.18293329 4.7689678e-09 0)
(0.18293329 6.0953866e-09 0)
(0.18293329 8.2239715e-09 0)
(0.18293329 1.1206486e-08 0)
(0.18293329 1.639315e-08 0)
(0.1829333 2.2879281e-08 0)
(0.18293327 1.9673739e-08 0)
(0.20375003 -0.014046968 0)
(0.18123954 -0.01847813 0)
(0.16296617 -0.012747801 0)
(0.1585802 -0.007361429 0)
(0.15694775 -0.0043152627 0)
(0.1549911 -0.0025657904 0)
(0.15338776 -0.0014652268 0)
(0.15241462 -0.00081219376 0)
(0.15185318 -0.00045852256 0)
(0.15150477 -0.00027052641 0)
(0.15127837 -0.00016598663 0)
(0.15113026 -0.00010489171 0)
(0.15103266 -6.790965e-05 0)
(0.1509674 -4.4798747e-05 0)
(0.15092323 -2.991455e-05 0)
(0.15089312 -2.0110452e-05 0)
(0.15087251 -1.3561996e-05 0)
(0.15085837 -9.1530717e-06 0)
(0.15084865 -6.1715141e-06 0)
(0.15084197 -4.1518553e-06 0)
(0.15083738 -2.7836679e-06 0)
(0.15083423 -1.8584365e-06 0)
(0.15083207 -1.2340292e-06 0)
(0.15083059 -8.1435644e-07 0)
(0.15082958 -5.3314572e-07 0)
(0.15082889 -3.4598767e-07 0)
(0.15082842 -2.218152e-07 0)
(0.1508281 -1.4035983e-07 0)
(0.15082788 -8.7000617e-08 0)
(0.15082774 -5.2763048e-08 0)
(0.15082764 -3.0678369e-08 0)
(0.15082757 -1.7021388e-08 0)
(0.15082753 -8.3380287e-09 0)
(0.1508275 -3.3421361e-09 0)
(0.15082748 -2.4251964e-10 0)
(0.15082747 1.2223337e-09 0)
(0.15082746 2.1413158e-09 0)
(0.15082746 2.2123652e-09 0)
(0.15082745 2.270936e-09 0)
(0.15082745 1.9868517e-09 0)
(0.15082745 2.2078215e-09 0)
(0.15082745 2.4706832e-09 0)
(0.15082745 3.3895081e-09 0)
(0.15082745 4.1274614e-09 0)
(0.15082745 5.0073786e-09 0)
(0.15082745 6.1673429e-09 0)
(0.15082746 9.5602419e-09 0)
(0.15082746 1.6131059e-08 0)
(0.15082747 3.0612968e-08 0)
(0.15082745 2.8720437e-08 0)
(0.14254709 -0.015301691 0)
(0.10585936 -0.0069850779 0)
(0.087571728 -0.002860637 0)
(0.082349004 -0.0013417918 0)
(0.079948607 -0.00073308558 0)
(0.078140016 -0.0003910068 0)
(0.076994665 -0.00018711847 0)
(0.07638999 -8.5417531e-05 0)
(0.076076645 -4.1536507e-05 0)
(0.075900053 -2.2135554e-05 0)
(0.075793547 -1.2377835e-05 0)
(0.075727434 -7.1180526e-06 0)
(0.0756855 -4.2228286e-06 0)
(0.075658277 -2.562364e-06 0)
(0.075640294 -1.5590088e-06 0)
(0.075628307 -9.3385763e-07 0)
(0.075620288 -5.4166169e-07 0)
(0.075614923 -2.9719516e-07 0)
(0.075611338 -1.4712157e-07 0)
(0.07560895 -5.7559925e-08 0)
(0.075607368 -6.3227232e-09 0)
(0.075606327 2.0788523e-08 0)
(0.075605646 3.3345662e-08 0)
(0.075605205 3.7149683e-08 0)
(0.075604924 3.6283579e-08 0)
(0.075604746 3.2847748e-08 0)
(0.075604636 2.8566848e-08 0)
(0.07560457 2.3955294e-08 0)
(0.075604531 1.9781343e-08 0)
(0.07560451 1.5917516e-08 0)
(0.075604499 1.2786101e-08 0)
(0.075604494 1.0027996e-08 0)
(0.075604493 7.9758737e-09 0)
(0.075604494 6.1559684e-09 0)
(0.075604496 4.7880341e-09 0)
(0.075604498 3.5183043e-09 0)
(0.0756045 2.672431e-09 0)
(0.075604502 1.8552216e-09 0)
(0.075604503 1.4258146e-09 0)
(0.075604504 1.0316546e-09 0)
(0.075604505 9.6569762e-10 0)
(0.075604506 8.082543e-10 0)
(0.075604507 8.4414725e-10 0)
(0.075604509 6.7138506e-10 0)
(0.075604512 6.3704905e-10 0)
(0.075604514 7.6145599e-10 0)
(0.075604517 1.2999515e-09 0)
(0.075604524 4.1603473e-09 0)
(0.075604532 7.0132466e-09 0)
(0.075604571 6.2791168e-09 0)
)
;

boundaryField
{
    inlet
    {
        type            pressureInletOutletVelocity;
        value           nonuniform List<vector> 
20
(
(0.036284182 0 0)
(0.072576034 0 0)
(0.088148805 0 0)
(0.093939221 0 0)
(0.095827799 0 0)
(0.09637478 0 0)
(0.096517064 0 0)
(0.096550643 0 0)
(0.096557891 0 0)
(0.096559291 0 0)
(0.096559291 0 0)
(0.096557892 0 0)
(0.096550645 0 0)
(0.096517066 0 0)
(0.096374783 0 0)
(0.095827802 0 0)
(0.093939224 0 0)
(0.088148807 0 0)
(0.072576036 0 0)
(0.036284179 0 0)
)
;
    }
    outlet
    {
        type            pressureInletOutletVelocity;
        value           nonuniform List<vector> 
20
(
(0.075604569 -6.7238444e-09 0)
(0.15082745 -2.9286213e-08 0)
(0.18293327 -1.9949588e-08 0)
(0.19480778 -1.4644036e-08 0)
(0.19866047 -9.5948231e-09 0)
(0.19977057 -6.1265871e-09 0)
(0.20005789 -3.7775477e-09 0)
(0.20012536 -2.1911982e-09 0)
(0.20013986 -1.0769705e-09 0)
(0.20014265 -2.2158361e-10 0)
(0.20014265 5.4144989e-10 0)
(0.20013986 1.3729805e-09 0)
(0.20012536 2.4488292e-09 0)
(0.20005789 3.9859787e-09 0)
(0.19977057 6.2727366e-09 0)
(0.19866047 9.6825205e-09 0)
(0.19480778 1.46492e-08 0)
(0.18293327 1.9673739e-08 0)
(0.15082745 2.8720437e-08 0)
(0.075604571 6.2791168e-09 0)
)
;
    }
    top
    {
        type            noSlip;
    }
    bottom
    {
        type            noSlip;
    }
    frontAndBack
    {
        type            empty;
    }
    membraneFront
    {
        type            cyclic;
    }
    membraneBack
    {
        type            cyclic;
    }
}


// ************************************************************************* //
