/*--------------------------------*- C++ -*----------------------------------*\
| =========                 |                                                 |
| \\      /  F ield         | OpenFOAM: The Open Source CFD Toolbox           |
|  \\    /   O peration     | Version:  2512                                  |
|   \\  /    A nd           | Website:  www.openfoam.com                      |
|    \\/     M anipulation  |                                                 |
\*---------------------------------------------------------------------------*/
FoamFile
{
    version     2.0;
    format      ascii;
    arch        "LSB;label=32;scalar=64";
    class       surfaceScalarField;
    location    "9";
    object      phi;
}
// * * * * * * * * * * * * * * * * * * * * * * * * * * * * * * * * * * * * * //

dimensions      [0 3 -1 0 0 0 0];

oriented        oriented;

internalField   nonuniform List<scalar> 
3108
(
-2.0777046e-16
2.0775057e-16
5.7527545e-14
-5.7735352e-14
1.7607181e-13
-1.185443e-13
3.3968343e-13
-1.6361164e-13
5.3127922e-13
-1.9159581e-13
7.3502842e-13
-2.037492e-13
9.364749e-13
-2.0144649e-13
1.1226402e-12
-1.8616527e-13
1.2826639e-12
-1.6002367e-13
-1.2642375e-13
1.4090877e-12
5.649053e-14
-5.6282811e-14
2.4695982e-13
-2.4820469e-13
5.6144769e-13
-4.3303222e-13
9.7122755e-13
-5.7339152e-13
1.4423879e-12
-6.6275611e-13
1.9408283e-12
-7.0218961e-13
2.4338027e-12
-6.9442101e-13
2.8910672e-12
-6.4342971e-13
3.2869264e-12
-5.5588288e-13
-4.4299647e-13
3.6034991e-12
1.1783572e-13
-1.7411858e-13
4.3203873e-13
-5.6240777e-13
9.0686578e-13
-9.078593e-13
1.5028914e-12
-1.1694171e-12
2.1775237e-12
-1.3373884e-12
2.8870003e-12
-1.4116662e-12
3.5877762e-12
-1.3951969e-12
4.2381998e-12
-1.2938533e-12
4.8016439e-12
-1.1193272e-12
-8.930125e-13
5.25166e-12
1.6442399e-13
-3.3854264e-13
5.7522575e-13
-9.7320952e-13
1.1714238e-12
-1.5040574e-12
1.9027475e-12
-1.9007408e-12
2.7210078e-12
-2.1556487e-12
3.5773411e-12
-2.2679996e-12
4.421859e-12
-2.2397148e-12
5.2047487e-12
-2.076743e-12
5.8797903e-12
-1.7943688e-12
-1.4246286e-12
6.4114062e-12
1.9363332e-13
-5.32176e-13
6.6742915e-13
-1.4470054e-12
1.3417726e-12
-2.1784009e-12
2.1583639e-12
-2.7173322e-12
3.0659667e-12
-3.0632515e-12
4.013491e-12
-3.2155239e-12
4.947523e-12
-3.1737468e-12
5.8117786e-12
-2.9409987e-12
6.5499672e-12
-2.5325574e-12
7.1146345e-12
-1.9892959e-12
1.4993964e-12
-9.0308845e-14
1.5569179e-12
-5.7521433e-14
1.5886011e-12
-3.1683215e-14
1.6023097e-12
-1.3708566e-14
1.6049957e-12
-2.6860387e-15
1.601879e-12
3.1167229e-15
1.5964209e-12
5.4580967e-15
1.5906081e-12
5.8128189e-15
1.585399e-12
5.2091413e-15
1.5811048e-12
4.2942447e-15
1.5776789e-12
3.4259727e-15
1.5749113e-12
2.7675575e-15
1.5725532e-12
2.3580918e-15
1.5704013e-12
2.1518442e-15
1.5683749e-12
2.0264065e-15
1.5666139e-12
1.760931e-15
1.5656293e-12
9.8459562e-16
1.5665488e-12
-9.1946088e-16
1.571462e-12
-4.9132704e-15
-1.2485782e-14
1.5839478e-12
3.8344212e-12
-3.2123106e-13
3.987046e-12
-2.1014615e-13
4.0771922e-12
-1.2182944e-13
4.1228749e-12
-5.9391308e-14
4.1401464e-12
-1.9957608e-14
4.1412953e-12
1.9678856e-15
4.1346483e-12
1.2105057e-14
4.1252696e-12
1.5191492e-14
4.1158517e-12
1.4627094e-14
4.1075539e-12
1.2592017e-14
4.100646e-12
1.0333799e-14
4.094958e-12
8.4555923e-15
4.0901836e-12
7.1324601e-15
4.0861015e-12
6.2339822e-15
4.0827769e-12
5.3510269e-15
4.0808075e-12
3.7302626e-15
4.0816788e-12
1.1328215e-16
4.0882761e-12
-7.516719e-15
4.1056557e-12
-2.2292879e-14
-4.8900141e-14
4.14207e-12
5.5783947e-12
-6.4796565e-13
5.7940549e-12
-4.2580642e-13
5.9228932e-12
-2.5066778e-13
5.9909634e-12
-1.274615e-13
6.0204687e-12
-4.9462907e-14
6.0278518e-12
-5.4151766e-15
6.0240558e-12
1.5901079e-14
6.0156991e-12
2.354824e-14
6.0063754e-12
2.3950924e-14
5.9977521e-12
2.1215332e-14
5.990382e-12
1.7703836e-14
5.984259e-12
1.4578593e-14
5.979192e-12
1.2199539e-14
5.9750785e-12
1.0347501e-14
5.9721535e-12
8.2760327e-15
5.9712839e-12
4.5998437e-15
5.9743748e-12
-2.9776226e-15
5.9849579e-12
-1.809984e-14
6.0090204e-12
-4.6355416e-14
-9.5999978e-14
6.0561203e-12
6.7853438e-12
-1.0219032e-12
7.0229376e-12
-6.634002e-13
7.1602211e-12
-3.8795121e-13
7.2314277e-12
-1.9866808e-13
7.262902e-12
-8.0937341e-14
7.2725264e-12
-1.5039606e-14
7.271371e-12
1.7056579e-14
7.2657574e-12
2.9161815e-14
7.2589876e-12
3.072084e-14
7.2525743e-12
2.7628653e-14
7.2470495e-12
2.3228651e-14
7.2424716e-12
1.9156471e-14
7.2387465e-12
1.5924511e-14
7.2358523e-12
1.3241684e-14
7.2340373e-12
1.0091069e-14
7.2340506e-12
4.5864772e-15
7.2374571e-12
-6.3839624e-15
7.2470844e-12
-2.7727239e-14
7.2676476e-12
-6.6918684e-14
-1.3493512e-13
7.3065829e-12
7.4827117e-12
-1.3899803e-12
7.6945766e-12
-8.7526519e-13
7.8046875e-12
-4.9806198e-13
7.8560801e-12
-2.5006068e-13
7.8767099e-12
-1.0156722e-13
7.882629e-12
-2.0958685e-14
7.8822552e-12
1.7430422e-14
7.8796695e-12
3.1747509e-14
7.8766807e-12
3.3709606e-14
7.873982e-12
3.0327393e-14
7.871757e-12
2.5453652e-14
7.8699866e-12
2.0926914e-14
7.8686049e-12
1.7306223e-14
7.8675901e-12
1.4256539e-14
7.8670359e-12
1.0645216e-14
7.8672349e-12
4.3874718e-15
7.8687927e-12
-7.9417534e-15
7.8727917e-12
-3.1726192e-14
7.8810159e-12
-7.5142905e-14
7.896242e-12
-1.5016116e-13
1.609757e-12
-2.580916e-14
1.6576476e-12
-4.7890573e-14
1.7402458e-12
-8.259822e-14
1.8746415e-12
-1.3439569e-13
2.0821465e-12
-2.0750508e-13
2.3862138e-12
-3.0406718e-13
2.8072974e-12
-4.2108355e-13
3.3570034e-12
-5.4970603e-13
4.0490782e-12
-6.9207479e-13
-8.6764382e-13
4.2102984e-12
-9.4037615e-14
4.3291718e-12
-1.6676391e-13
4.5250077e-12
-2.784342e-13
4.8323118e-12
-4.4169975e-13
5.2925073e-12
-6.6770052e-13
5.94857e-12
-9.6012987e-13
6.832389e-12
-1.3049026e-12
7.9415862e-12
-1.6589032e-12
9.2065039e-12
-1.9569925e-12
-2.1522604e-12
6.1407906e-12
-1.7870787e-13
6.2841432e-12
-3.1011654e-13
6.5154095e-12
-5.0970045e-13
6.8728509e-12
-7.9914111e-13
7.4029504e-12
-1.1978001e-12
8.1557803e-12
-1.7129598e-12
9.1718668e-12
-2.3209891e-12
1.044944e-11
-2.9364763e-12
1.1879268e-11
-3.3868207e-12
-3.4912043e-12
7.3750956e-12
-2.4722065e-13
7.4893858e-12
-4.2440688e-13
7.671947e-12
-6.9226157e-13
7.9527811e-12
-1.0799752e-12
8.3703125e-12
-1.6153315e-12
8.9713207e-12
-2.313968e-12
9.8072425e-12
-3.1569109e-12
1.0920934e-11
-4.0501678e-12
1.2290999e-11
-4.7568855e-12
-4.5645369e-12
7.922582e-12
-2.7356059e-13
7.9658398e-12
-4.6766472e-13
8.0338189e-12
-7.6024069e-13
8.1365399e-12
-1.1826963e-12
8.2865744e-12
-1.7653659e-12
8.500673e-12
-2.5280666e-12
8.8055847e-12
-3.4618227e-12
9.2527613e-12
-4.4973445e-12
9.9679299e-12
-5.472054e-12
-5.9069273e-12
1.2887086e-13
-6.6104685e-13
4.3785151e-13
-1.7559861e-12
8.7521773e-13
-2.6157671e-12
1.4030131e-12
-3.2451276e-12
1.988499e-12
-3.6487373e-12
2.5999485e-12
-3.8269735e-12
3.2034512e-12
-3.7772495e-12
3.7611999e-12
-3.4987474e-12
4.2321093e-12
-3.0034668e-12
-2.3344991e-12
4.5773125e-12
1.30415e-13
-7.9146187e-13
4.4109975e-13
-2.0666708e-12
8.7953808e-13
-3.0542055e-12
1.4077965e-12
-3.7733859e-12
1.9937715e-12
-4.2347123e-12
2.6066378e-12
-4.4398398e-12
3.2127317e-12
-4.3833434e-12
3.7727622e-12
-4.0587778e-12
4.2408039e-12
-3.4715085e-12
4.5683904e-12
-2.6620856e-12
4.7745531e-12
-1.5872209e-12
4.8669467e-12
-9.6765877e-13
4.9032601e-12
-5.3437539e-13
4.914506e-12
-2.6130656e-13
4.9165057e-12
-1.0356687e-13
4.9160642e-12
-2.0517195e-14
4.9155533e-12
1.7941335e-14
4.9155043e-12
3.1796466e-14
4.9158414e-12
3.3372485e-14
4.9163772e-12
2.9791615e-14
4.9169683e-12
2.4862571e-14
4.9175365e-12
2.0358748e-14
4.9180459e-12
1.6796823e-14
4.9184701e-12
1.3832314e-14
4.9187578e-12
1.0357563e-14
4.9187936e-12
4.3516552e-15
4.9183491e-12
-7.4973287e-15
4.9170146e-12
-3.0391737e-14
4.9141012e-12
-7.2229492e-14
-1.4455647e-13
4.9084965e-12
4.7228916e-12
-1.7417221e-12
4.769953e-12
-1.0147202e-12
4.7731825e-12
-5.3760489e-13
4.7650492e-12
-2.5317329e-13
4.7577146e-12
-9.6232174e-14
4.7540256e-12
-1.6828216e-14
4.7534584e-12
1.8508447e-14
4.7547518e-12
3.0503037e-14
4.7568507e-12
3.1273631e-14
4.7591027e-12
2.7539567e-14
4.7611906e-12
2.2774632e-14
4.7630055e-12
1.8543852e-14
4.7645295e-12
1.527279e-14
4.7657379e-12
1.2623968e-14
4.7665076e-12
9.5878425e-15
4.7665147e-12
4.3445612e-15
4.7650984e-12
-6.0810247e-15
4.7610705e-12
-2.636382e-14
4.7524469e-12
-6.3605871e-14
4.7360747e-12
-1.2818423e-13
4.8984431e-12
-2.6350718e-13
4.881172e-12
-4.5039357e-13
4.8522369e-12
-7.3130562e-13
4.8041778e-12
-1.1346372e-12
4.7236051e-12
-1.6847932e-12
4.5847525e-12
-2.389214e-12
4.3356547e-12
-3.2127248e-12
3.8583987e-12
-4.0200885e-12
2.7998818e-12
-4.4135371e-12
-3.1070455e-12
4.7071176e-12
-2.3455018e-13
4.6583301e-12
-4.0160611e-13
4.578954e-12
-6.519295e-13
4.4528305e-12
-1.0085137e-12
4.2547486e-12
-1.4867113e-12
3.9430612e-12
-2.0775265e-12
3.4459911e-12
-2.7156547e-12
2.6408045e-12
-3.2149019e-12
1.3663852e-12
-3.1391177e-12
-1.7406603e-12
6.978208e-14
-8.6124398e-13
2.317019e-13
-2.2285907e-12
4.6102414e-13
-3.2835277e-12
7.3767962e-13
-4.0500414e-12
1.0447486e-12
-4.5417813e-12
1.3665026e-12
-4.7615939e-12
1.6853719e-12
-4.7022127e-12
1.9801129e-12
-4.3535188e-12
2.2244206e-12
-3.7158162e-12
2.3854e-12
-2.823065e-12
2.4434089e-12
-1.7997309e-12
2.4439891e-12
-1.0153004e-12
2.4295757e-12
-5.2319147e-13
2.4168755e-12
-2.4047307e-13
2.4093995e-12
-8.8756101e-14
2.4064157e-12
-1.3844435e-14
2.4062843e-12
1.8639892e-14
2.4075927e-12
2.9194605e-14
2.4094185e-12
2.9447821e-14
2.4112646e-12
2.5693518e-14
2.4129186e-12
2.1120609e-14
2.4143262e-12
1.7136272e-14
2.4154949e-12
1.4104142e-14
2.4164205e-12
1.1698329e-14
2.4170212e-12
8.9871064e-15
2.4170622e-12
4.3036314e-15
2.416055e-12
-5.0738504e-15
2.4131159e-12
-2.3424699e-14
2.4067665e-12
-5.7256557e-14
2.394663e-12
-1.1608068e-13
2.3732372e-12
-2.131244e-13
2.3372332e-12
-3.6560211e-13
2.2790953e-12
-5.9379162e-13
2.1881054e-12
-9.1752381e-13
2.0490263e-12
-1.3476322e-12
1.8397489e-12
-1.8682491e-12
1.5280774e-12
-2.4039832e-12
1.0773436e-12
-2.7641682e-12
4.945452e-13
-2.5563192e-12
-1.2461151e-12
1.6837279e-13
-1.0296168e-12
5.7250179e-13
-2.6327197e-12
1.1401098e-12
-3.8511358e-12
1.8229942e-12
-4.7329259e-12
2.5824628e-12
-5.3012499e-12
3.3805897e-12
-5.5597208e-12
4.1739227e-12
-5.4955456e-12
4.9075178e-12
-5.087114e-12
5.5082526e-12
-4.3165509e-12
-3.1952915e-12
5.880479e-12
1.5115777e-13
-1.1807746e-12
5.1254714e-13
-2.9941091e-12
1.0203705e-12
-4.3589592e-12
1.6326088e-12
-5.3451642e-12
2.3162214e-12
-5.9848626e-12
3.0379236e-12
-6.281423e-12
3.7574224e-12
-6.2150445e-12
4.4211461e-12
-5.7508378e-12
4.9518786e-12
-4.8472834e-12
-3.4666134e-12
5.2232006e-12
1.2547926e-13
-1.3062538e-12
4.2385691e-13
-3.2924867e-12
8.4393452e-13
-4.7790368e-12
1.3530155e-12
-5.8542451e-12
1.9247678e-12
-6.556615e-12
2.5300802e-12
-6.8867354e-12
3.129915e-12
-6.8148793e-12
3.6703363e-12
-6.2912591e-12
4.0773655e-12
-5.2543127e-12
-3.5887862e-12
4.1995383e-12
9.1666833e-14
-1.3979207e-12
3.0881973e-13
-3.5096396e-12
6.1631029e-13
-5.0865274e-12
9.9334425e-13
-6.2312792e-12
1.42149e-12
-6.9847607e-12
1.8742926e-12
-7.339538e-12
2.3075266e-12
-7.2481133e-12
2.6502637e-12
-6.6339962e-12
2.8068585e-12
-5.4109076e-12
2.6760966e-12
-3.4580243e-12
5.9227819e-12
-1.8420338e-12
5.8351954e-12
-9.2771394e-13
5.7464048e-12
-4.344009e-13
5.6889678e-12
-1.83036e-13
5.6602257e-12
-6.0013984e-14
5.6504904e-12
-4.1091266e-15
5.6512185e-12
1.7911859e-14
5.6566464e-12
2.376663e-14
5.6634608e-12
2.2633451e-14
5.670042e-12
1.9112359e-14
5.6757807e-12
1.5381884e-14
5.680585e-12
1.2332025e-14
5.6845462e-12
1.014291e-14
5.6876994e-12
8.545098e-15
5.6898119e-12
6.8746987e-15
5.6901403e-12
3.9751726e-15
5.6871029e-12
-2.0363715e-15
5.6778104e-12
-1.4132191e-14
5.6574126e-12
-3.6858748e-14
-7.6886028e-14
5.6182179e-12
5.0400623e-12
-1.6588955e-12
4.7957465e-12
-6.8339808e-13
4.6390248e-12
-2.7767922e-13
4.5594955e-12
-1.0350671e-13
4.5268915e-12
-2.7409954e-14
4.5193377e-12
3.444694e-15
4.5234509e-12
1.3798605e-14
4.5318236e-12
1.5394001e-14
4.5407968e-12
1.3660315e-14
4.5488478e-12
1.1061315e-14
4.5555694e-12
8.6603516e-15
4.5610629e-12
6.8385667e-15
4.5655765e-12
5.6292386e-15
4.5692648e-12
4.856763e-15
4.5719799e-12
4.1595738e-15
4.5730248e-12
2.9303101e-15
4.570806e-12
1.8239801e-16
4.5623295e-12
-5.6556436e-15
4.542486e-12
-1.7015266e-14
-3.7502378e-14
4.5031024e-12
3.6551587e-12
-1.1145159e-12
3.2757379e-12
-3.0397726e-13
3.1004572e-12
-1.0239849e-13
3.0291744e-12
-3.2223939e-14
3.0068089e-12
-5.0444205e-15
3.0061555e-12
4.0981948e-15
3.0137424e-12
6.2116541e-15
3.0232789e-12
5.8575331e-15
3.0321561e-12
4.7831503e-15
3.0395465e-12
3.6708618e-15
3.0454369e-12
2.7699192e-15
3.0501325e-12
2.1430354e-15
3.0539925e-12
1.7692341e-15
3.0572675e-12
1.5818279e-15
3.0599561e-12
1.4708927e-15
3.0616248e-12
1.2616469e-15
3.0611359e-12
6.7131707e-16
3.056242e-12
-7.6178558e-16
3.0429909e-12
-3.7641553e-15
-9.4403357e-15
3.0149289e-12
1.5615807e-12
1.2576035e-12
1.155205e-12
1.1229811e-12
1.1179367e-12
1.1220349e-12
1.1282465e-12
1.134104e-12
1.1388872e-12
1.1425581e-12
1.145328e-12
1.147471e-12
1.1492403e-12
1.1508221e-12
1.152293e-12
1.1535546e-12
1.154226e-12
1.1534641e-12
1.1497e-12
1.1402597e-12
5.5485783e-12
-1.4348475e-13
5.4315702e-12
-2.4859405e-13
5.2435762e-12
-4.0579764e-13
4.9529821e-12
-6.2692973e-13
4.5194978e-12
-9.1414779e-13
3.8957396e-12
-1.2444909e-12
3.0364853e-12
-1.5447289e-12
1.9322587e-12
-1.6599416e-12
7.2709768e-13
-1.3511582e-12
-5.1901744e-13
4.4317854e-12
-7.2167702e-14
4.3107126e-12
-1.2752121e-13
4.115764e-12
-2.1084913e-13
3.8168332e-12
-3.2799895e-13
3.3809622e-12
-4.7827683e-13
2.7813317e-12
-6.4486043e-13
2.0170452e-12
-7.8044244e-13
1.151352e-12
-7.9424835e-13
3.7291981e-13
-5.7272602e-13
-1.4609758e-13
2.9621324e-12
-1.9371323e-14
2.8702475e-12
-3.5636178e-14
2.7199989e-12
-6.0600589e-14
2.4881699e-12
-9.6169883e-14
2.1519046e-12
-1.4201155e-13
1.6992273e-12
-1.9218308e-13
1.148938e-12
-2.3015304e-13
5.7930231e-13
-2.2461271e-13
1.4497311e-13
-1.383968e-13
-1.1244994e-15
1.1208883e-12
1.0852522e-12
1.0246516e-12
9.2848169e-13
7.864701e-13
5.9428704e-13
3.64134e-13
1.3952129e-13
1.1244883e-15
5.5484499e-14
-1.4534052e-12
1.8674372e-13
-3.6408988e-12
3.7765125e-13
-5.277435e-12
6.2319086e-13
-6.4768188e-12
9.1566878e-13
-7.2772387e-12
1.2289648e-12
-7.652834e-12
1.4972407e-12
-7.5163892e-12
1.5834473e-12
-6.7202027e-12
1.2276514e-12
-5.0551117e-12
-2.2303729e-12
-9.1078477e-15
-1.4442974e-12
-3.0282244e-14
-3.6197245e-12
-4.5695035e-14
-5.2620222e-12
-3.1802e-14
-6.4907118e-12
3.2041451e-14
-7.3410821e-12
1.5181604e-13
-7.7726086e-12
2.9919159e-13
-7.6637648e-12
3.8359763e-13
-6.8046089e-12
2.6009875e-13
-4.9316127e-12
-1.9702742e-12
-8.065883e-14
-1.3636386e-12
-2.686131e-13
-3.4317701e-12
-5.0915947e-13
-5.0214758e-12
-7.4690118e-13
-6.2529701e-12
-9.2424346e-13
-7.1637399e-12
-9.8291884e-13
-7.7139332e-12
-8.7420859e-13
-7.7724751e-12
-5.8869858e-13
-7.0901188e-12
-2.2048726e-13
-5.2998241e-12
-2.1907614e-12
-1.5564184e-13
-1.2079968e-12
-5.1726788e-13
-3.0701441e-12
-9.9680885e-13
-4.5419349e-12
-1.5136531e-12
-5.7361259e-12
-1.979542e-12
-6.6978509e-12
-2.2859039e-12
-7.4075715e-12
-2.2954947e-12
-7.7628842e-12
-1.851481e-12
-7.5341327e-12
-8.9091788e-13
-6.2603871e-12
-3.0816794e-12
-2.2628674e-13
-9.8170999e-13
-7.5218196e-13
-2.544249e-12
-1.4681608e-12
-3.825956e-12
-2.2861898e-12
-4.9180969e-12
-3.1125665e-12
-5.8714743e-12
-3.8253814e-12
-6.6947564e-12
-4.2490634e-12
-7.3392022e-12
-4.1123707e-12
-7.6708253e-12
-2.9409468e-12
-7.431811e-12
-6.0226261e-12
-2.7816829e-13
-7.0354174e-13
-9.2854922e-13
-1.893868e-12
-1.8387662e-12
-2.9157391e-12
-2.9346068e-12
-3.8222563e-12
-4.1490525e-12
-4.6570285e-12
-5.4070113e-12
-5.4367977e-12
-6.6161866e-12
-6.1300269e-12
-7.6590205e-12
-6.6279913e-12
-8.4171661e-12
-6.6736655e-12
-5.5742593e-12
-8.8655329e-12
-2.9157851e-13
-4.119633e-13
-9.8556001e-13
-1.1998866e-12
-1.9866428e-12
-1.9146564e-12
-3.2430722e-12
-2.5658268e-12
-4.7166002e-12
-3.1835005e-12
-6.3705863e-12
-3.7828115e-12
-8.1616833e-12
-4.3389299e-12
-1.0032871e-11
-4.756803e-12
-1.1892926e-11
-4.8136105e-12
-4.0791822e-12
-1.3388003e-11
-2.489098e-13
-1.6305351e-13
-8.7161306e-13
-5.7718335e-13
-1.808706e-12
-9.7756336e-13
-3.0294737e-12
-1.3450592e-12
-4.5148916e-12
-1.6980827e-12
-6.2492516e-12
-2.0484515e-12
-8.2064575e-12
-2.3817241e-12
-1.0325818e-11
-2.6374421e-12
-1.2458227e-11
-2.6812015e-12
-2.2928632e-12
-1.4244546e-11
-1.4505351e-13
-1.8000044e-14
-5.7348352e-13
-1.4875325e-13
-1.2683393e-12
-2.8270762e-13
-2.2106091e-12
-4.027893e-13
-3.3904277e-12
-5.1826409e-13
-4.8032361e-12
-6.3564319e-13
-6.4336323e-12
-7.5132787e-13
-8.2262168e-12
-8.4485743e-13
-1.0037608e-11
-8.6981006e-13
-7.5129901e-13
-1.1579172e-11
-1.8000069e-14
-1.6675328e-13
-4.494609e-13
-8.5225016e-13
-1.3705143e-12
-2.0061574e-12
-2.7574852e-12
-3.6023427e-12
-4.4721527e-12
-5.2234518e-12
-6.7507483e-12
-2.1147845e-12
-6.1651319e-12
-5.8561641e-13
-5.9811229e-12
-1.8400903e-13
-5.9254262e-12
-5.5696714e-14
-5.9140749e-12
-1.1351284e-14
-5.9151201e-12
1.0451987e-15
-5.9179912e-12
2.8710877e-15
-5.9201589e-12
2.1676734e-15
-5.9214898e-12
1.3309141e-15
-5.9223862e-12
8.9638273e-16
-5.9233173e-12
9.3110476e-16
-5.9247599e-12
1.4425924e-15
-5.9271612e-12
2.4012881e-15
-5.9306226e-12
3.4613881e-15
-5.9337938e-12
3.171229e-15
-5.9310056e-12
-2.7882349e-15
-5.9066094e-12
-2.439621e-14
-5.8242663e-12
-8.234318e-14
-5.6132151e-12
-2.1105123e-13
-4.3879754e-13
-5.1744176e-12
-1.3383033e-11
-2.1197547e-12
-1.3147202e-11
-8.2144781e-13
-1.304806e-11
-2.831513e-13
-1.3019965e-11
-8.3791702e-14
-1.3016528e-11
-1.478764e-14
-1.3019889e-11
4.405637e-15
-1.3023711e-11
6.6931543e-15
-1.3026389e-11
4.8453756e-15
-1.3028019e-11
2.9615447e-15
-1.3029105e-11
1.9825386e-15
-1.3030161e-11
1.9863081e-15
-1.3031625e-11
2.9068893e-15
-1.3033714e-11
4.4908033e-15
-1.3035795e-11
5.5417841e-15
-1.3034511e-11
1.887178e-15
-1.3019407e-11
-1.7891585e-14
-1.2963303e-11
-8.0500495e-14
-1.280353e-11
-2.4211655e-13
-1.2408831e-11
-6.0574999e-13
-1.2748397e-12
-1.1572789e-11
-1.5041396e-11
-1.3229045e-12
-1.528526e-11
-5.7758425e-13
-1.53598e-11
-2.0861118e-13
-1.5385215e-11
-5.8376909e-14
-1.5393823e-11
-6.1798531e-15
-1.5396618e-11
7.2010706e-15
-1.5397523e-11
7.5984205e-15
-1.5397825e-11
5.1463404e-15
-1.5397922e-11
3.0591415e-15
-1.5397943e-11
2.0029581e-15
-1.5397913e-11
1.9564482e-15
-1.5397794e-11
2.7881454e-15
-1.5397435e-11
4.1317963e-15
-1.5396371e-11
4.4777617e-15
-1.5393166e-11
-1.3171935e-15
-1.5383618e-11
-2.744035e-14
-1.5356184e-11
-1.0793463e-13
-1.5277993e-11
-3.2030759e-13
-1.5035334e-11
-8.4840825e-13
-2.0133762e-12
-1.4296798e-11
-1.2460156e-11
-4.4192058e-13
-1.2844246e-11
-1.9349432e-13
-1.2986622e-11
-6.6235215e-14
-1.3030631e-11
-1.4368053e-14
-1.3039197e-11
2.386082e-15
-1.3037433e-11
5.4374849e-15
-1.3034137e-11
4.3019561e-15
-1.3031639e-11
2.6485575e-15
-1.3030068e-11
1.4876367e-15
-1.3028994e-11
9.2959495e-16
-1.3027922e-11
8.8405113e-16
-1.3026389e-11
1.2553853e-15
-1.3024095e-11
1.8373052e-15
-1.3021418e-11
1.8011627e-15
-1.3020927e-11
-1.8090187e-15
-1.3030521e-11
-1.7845831e-14
-1.3069891e-11
-6.8565039e-14
-1.3183935e-11
-2.0626323e-13
-1.3425494e-11
-6.0684958e-13
-2.0043771e-12
-1.3434493e-11
-5.6653724e-12
-5.8588667e-12
-5.925102e-12
-5.93947e-12
-5.9370839e-12
-5.9316465e-12
-5.9273445e-12
-5.924696e-12
-5.9232083e-12
-5.9222788e-12
-5.9213947e-12
-5.9201393e-12
-5.918302e-12
-5.9165008e-12
-5.9183098e-12
-5.9361557e-12
-6.0047207e-12
-6.210984e-12
-6.8178336e-12
-8.8222107e-12
-4.494216e-12
-6.8020174e-13
-3.7992307e-12
-6.9498531e-13
-3.250899e-12
-5.4833178e-13
-2.9328951e-12
-3.1800395e-13
-2.8941043e-12
-3.8790883e-14
-3.1874386e-12
2.9333429e-13
-3.8990536e-12
7.1161501e-13
-5.2011809e-12
1.3021273e-12
-7.4013448e-12
2.2001639e-12
2.6187962e-12
-1.0235068e-11
-2.0179225e-12
-8.8590822e-12
-2.0709714e-12
-7.7597984e-12
-1.6476157e-12
-7.0883968e-12
-9.8940558e-13
-6.9081005e-12
-2.1908713e-13
-7.2395035e-12
6.2473725e-13
-8.0622181e-12
1.5343296e-12
-9.2341674e-12
2.4740766e-12
-1.0220647e-11
3.1866437e-12
2.4182899e-12
-1.278932e-11
-3.5254006e-12
-1.1245761e-11
-3.6145306e-12
-1.0029947e-11
-2.8634292e-12
-9.266691e-12
-1.7526621e-12
-8.9832105e-12
-5.0256764e-13
-9.1512275e-12
7.9275414e-13
-9.6687471e-12
2.0518492e-12
-1.0277252e-11
3.0825812e-12
-1.0464787e-11
3.3741786e-12
1.9736441e-12
-1.2222033e-11
-4.7378603e-12
-1.1009046e-11
-4.8275174e-12
-1.0098786e-11
-3.7736893e-12
-9.5148692e-12
-2.3365794e-12
-9.2474454e-12
-7.6999146e-13
-9.2634199e-12
8.0872852e-13
-9.4961228e-12
2.2845522e-12
-9.8366111e-12
3.4230695e-12
-1.0111808e-11
3.6493753e-12
1.8819773e-12
-8.6172185e-12
-4.9428525e-12
-8.5103882e-12
-4.9343476e-12
-8.3771943e-12
-3.9068832e-12
-8.2311485e-12
-2.4826252e-12
-8.0988463e-12
-9.0229361e-13
-7.9853382e-12
6.9522034e-13
-7.8910795e-12
2.1902936e-12
-7.8929353e-12
3.4249251e-12
-8.4164653e-12
4.1729053e-12
3.485653e-12
-3.0826291e-12
-1.8602234e-12
-4.8264086e-12
-3.1905682e-12
-5.7285558e-12
-3.0047359e-12
-6.1231343e-12
-2.0880468e-12
-6.1591154e-12
-8.6631243e-13
-5.8844588e-12
4.2056375e-13
-5.2733475e-12
1.5791822e-12
-4.2204056e-12
2.3719832e-12
-2.4397085e-12
2.3922082e-12
1.0459445e-12
-1.0742056e-12
-7.8601781e-13
-2.5105731e-12
-1.7542006e-12
-3.5566511e-12
-1.9586578e-12
-4.1194831e-12
-1.5252148e-12
-4.2342071e-12
-7.5158845e-13
-3.9290546e-12
1.1541129e-13
-3.2089975e-12
8.5912508e-13
-2.0875327e-12
1.2505185e-12
-7.4558936e-13
1.0502648e-12
3.0035511e-13
-4.7270815e-13
-3.1330961e-13
-1.3173722e-12
-9.0953656e-13
-2.0932366e-12
-1.1827934e-12
-2.5735957e-12
-1.0448557e-12
-2.6910826e-12
-6.3410146e-13
-2.4434977e-12
-1.321736e-13
-1.8678864e-12
2.8351384e-13
-1.0709228e-12
4.5355493e-13
-3.1541858e-13
2.9476065e-13
-1.5063489e-14
-2.150469e-13
-9.8262664e-14
-6.7487046e-13
-4.4971286e-13
-1.1621206e-12
-6.9554317e-13
-1.4948496e-12
-7.1212671e-13
-1.5843854e-12
-5.4456563e-13
-1.4146818e-12
-3.0187722e-13
-1.0294222e-12
-1.0174579e-13
-5.4133499e-13
-3.453227e-14
-1.3846505e-13
-1.0810937e-13
-1.5352855e-13
-8.537077e-14
-1.2891822e-14
-3.1567367e-13
-2.194099e-13
-5.8967863e-13
-4.215382e-13
-7.9120375e-13
-5.1060154e-13
-8.4884445e-13
-4.8692499e-13
-7.456875e-13
-4.0503421e-13
-5.1694699e-13
-3.3048635e-13
-2.4679633e-13
-3.0468289e-13
-4.9612826e-14
-3.052928e-13
-2.0314137e-13
-2.2087306e-14
9.1955519e-15
-1.1846061e-13
-1.2303653e-13
-2.5210012e-13
-2.8789869e-13
-3.5844004e-13
-4.0426157e-13
-3.9043022e-13
-4.5493487e-13
-3.3511952e-13
-4.6034487e-13
-2.158777e-13
-4.4972812e-13
-8.5838763e-14
-4.3472178e-13
-6.6062838e-15
-3.8452529e-13
-2.0974767e-13
8.0529524e-15
1.1426429e-15
-1.3595946e-14
-1.0138764e-13
-6.1842199e-14
-2.3965239e-13
-1.0684919e-13
-3.5925449e-13
-1.2172545e-13
-4.400586e-13
-9.7842052e-14
-4.8422831e-13
-4.8351246e-14
-4.9921897e-13
-2.1762404e-15
-4.8089679e-13
1.3099171e-14
-3.9980063e-13
-1.9664851e-13
2.333622e-14
-2.2193534e-14
4.2154434e-14
-1.2020582e-13
4.1907539e-14
-2.3940548e-13
3.2063425e-14
-3.4941037e-13
2.6310088e-14
-4.3430521e-13
3.029994e-14
-4.8821816e-13
3.8339069e-14
-5.0725811e-13
3.7775913e-14
-4.8033359e-13
2.0525767e-14
-3.8255055e-13
-1.7612276e-13
3.6319991e-14
-5.8513511e-14
7.7634407e-14
-1.6152025e-13
1.005976e-13
-2.623687e-13
1.0671786e-13
-3.555306e-13
1.0312305e-13
-4.3071033e-13
9.4011101e-14
-4.7910625e-13
7.8531219e-14
-4.9177818e-13
5.3794821e-14
-4.5559715e-13
2.2099082e-14
-3.5085477e-13
-1.5402365e-13
6.8453957e-14
-1.2696742e-13
1.1604478e-13
-2.0911106e-13
1.4175156e-13
-2.880754e-13
1.4874368e-13
-3.6252269e-13
1.4117936e-13
-4.2314597e-13
1.2225896e-13
-4.6018579e-13
9.366383e-14
-4.6318302e-13
5.7603596e-14
-4.1953681e-13
2.1005279e-14
-3.1425646e-13
-1.3301834e-13
-4.0408077e-16
4.040807e-16
-3.0447511e-16
-9.9634109e-17
6.9367214e-16
-9.9812176e-16
2.5470116e-15
-1.8533866e-15
5.0390336e-15
-2.4920041e-15
7.9050161e-15
-2.866037e-15
1.0897768e-14
-2.992757e-15
1.3820135e-14
-2.9223608e-15
1.6535411e-14
-2.7152855e-15
-2.428319e-15
1.8963764e-14
6.7622419e-17
3.3648344e-16
1.5734026e-15
-1.6054452e-15
5.036224e-15
-4.4609672e-15
1.0328077e-14
-7.1451694e-15
1.6993053e-14
-9.1569873e-15
2.445986e-14
-1.0332901e-14
3.2180361e-14
-1.0713295e-14
3.9706949e-14
-1.0448963e-14
4.6722055e-14
-9.7304835e-15
-8.7414418e-15
5.3035125e-14
8.8930609e-16
-5.5282214e-16
4.304308e-15
-5.0205043e-15
1.0467006e-14
-1.0623629e-14
1.9056275e-14
-1.5734375e-14
2.9407502e-14
-1.9508212e-14
4.0732224e-14
-2.1657624e-14
5.2285364e-14
-2.2266439e-14
6.3463742e-14
-2.1627351e-14
7.3843411e-14
-2.0110094e-14
-1.8072223e-14
8.3174161e-14
1.6957669e-15
-2.2485692e-15
7.0689794e-15
-1.0393744e-14
1.5966438e-14
-1.9521012e-14
2.7759635e-14
-2.7527536e-14
4.1514509e-14
-3.3263098e-14
5.622122e-14
-3.6364235e-14
7.0972706e-14
-3.7018013e-14
8.5064738e-14
-3.5719386e-14
9.8024202e-14
-3.3069556e-14
-2.963936e-14
1.0959136e-13
2.4075246e-15
-4.6560838e-15
9.6889148e-15
-1.7675086e-14
2.1333405e-14
-3.1165448e-14
3.6305822e-14
-4.2499973e-14
5.3308766e-14
-5.0266e-14
7.1066734e-14
-5.41222e-14
8.8517032e-14
-5.4468278e-14
1.0489257e-13
-5.2094911e-14
1.1972311e-13
-4.7900079e-14
-4.2705999e-14
1.3278971e-13
3.0597895e-15
-7.7158289e-15
1.2312159e-14
-2.6927503e-14
2.6879415e-14
-4.5732726e-14
4.5174268e-14
-6.0794793e-14
6.5406568e-14
-7.0498329e-14
8.5978953e-14
-7.4694595e-14
1.0568304e-13
-7.4172379e-14
1.2373871e-13
-7.0150587e-14
1.3974113e-13
-6.3902563e-14
-5.6535501e-14
1.5357073e-13
3.7605881e-15
-1.1476387e-14
1.5343863e-14
-3.8510752e-14
3.335856e-14
-6.3747398e-14
5.5387789e-14
-8.2823992e-14
7.8970614e-14
-9.4081127e-14
1.0214819e-13
-9.7872165e-14
1.2361976e-13
-9.5643915e-14
1.42683e-13
-8.9213913e-14
1.5908966e-13
-8.0309255e-14
1.7289201e-13
-7.0337862e-14
2.1071234e-14
-2.1074975e-15
2.2857354e-14
-1.7861129e-15
2.4343156e-14
-1.4858217e-15
2.5562007e-14
-1.2188678e-15
2.6552856e-14
-9.908268e-16
2.7355954e-14
-8.0309709e-16
2.8010741e-14
-6.5477433e-16
2.8555013e-14
-5.4424316e-16
2.9025743e-14
-4.7070093e-16
2.9461308e-14
-4.3561727e-16
2.9906375e-14
-4.45046e-16
3.0420614e-14
-5.1425535e-16
3.1096649e-14
-6.7606563e-16
3.2096024e-14
-9.9937722e-16
3.3727501e-14
-1.6314755e-15
3.6620083e-14
-2.8925527e-15
4.2065971e-14
-5.4459129e-15
5.2727279e-14
-1.0661223e-14
7.5582413e-14
-2.2855101e-14
-6.0317127e-14
1.3589953e-13
5.8561741e-14
-7.6341319e-15
6.329671e-14
-6.5211142e-15
6.7288215e-14
-5.477288e-15
7.0616205e-14
-4.5468106e-15
7.3377069e-14
-3.7517011e-15
7.5673474e-14
-3.0995176e-15
7.7609233e-14
-2.5905003e-15
7.9287837e-14
-2.2229147e-15
8.0815402e-14
-1.9982903e-15
8.2306861e-14
-1.9270845e-15
8.3898281e-14
-2.0364792e-15
8.5767302e-14
-2.3833104e-15
8.8168447e-14
-3.0772359e-15
9.1492807e-14
-4.3237579e-15
9.6368112e-14
-6.5068061e-15
1.0381716e-13
-1.0341579e-14
1.1551033e-13
-1.7139067e-14
1.3422976e-13
-2.9380685e-14
1.6378821e-13
-5.2413557e-14
-9.6809582e-14
2.0028072e-13
9.1351073e-14
-1.5811056e-14
9.8377397e-14
-1.3547463e-14
1.0432929e-13
-1.1429121e-14
1.0932656e-13
-9.5441448e-15
1.1351208e-13
-7.9371689e-15
1.1703776e-13
-6.625257e-15
1.2005835e-13
-5.6110358e-15
1.2272959e-13
-4.8941445e-15
1.2521242e-13
-4.4811394e-15
1.2768147e-13
-4.3962151e-15
1.3033994e-13
-4.6949104e-15
1.3344178e-13
-5.4851816e-15
1.3732512e-13
-6.9605972e-15
1.4245742e-13
-9.4560029e-15
1.4948971e-13
-1.3539092e-14
1.5930259e-13
-2.0154382e-14
1.7299924e-13
-3.0835844e-14
1.9165124e-13
-4.8032721e-14
2.1479195e-13
-7.5554266e-14
-1.1801452e-13
2.3599689e-13
1.1967797e-13
-2.5897671e-14
1.283197e-13
-2.2189135e-14
1.3563246e-13
-1.874193e-14
1.4177863e-13
-1.569031e-14
1.4694268e-13
-1.3101235e-14
1.5131657e-13
-1.0999167e-14
1.5509276e-13
-9.3871266e-15
1.5846272e-13
-8.2641306e-15
1.6162157e-13
-7.6400147e-15
1.6477607e-13
-7.5506637e-15
1.6815706e-13
-8.0759047e-15
1.7203571e-13
-9.3639051e-15
1.7674197e-13
-1.1666878e-14
1.8267939e-13
-1.5393474e-14
1.9032252e-13
-2.1182308e-14
2.0016445e-13
-2.9996327e-14
2.1255003e-13
-4.3221374e-14
2.2723992e-13
-6.2722622e-14
2.4239102e-13
-9.0705336e-14
-1.2877746e-13
2.5315393e-13
1.4406199e-13
-3.716998e-14
1.5363647e-13
-3.1763601e-14
1.6168545e-13
-2.6790874e-14
1.6841961e-13
-2.2424455e-14
1.7406327e-13
-1.8744878e-14
1.7884023e-13
-1.5776121e-14
1.8296764e-13
-1.3514529e-14
1.8665573e-13
-1.1952214e-14
1.9011158e-13
-1.1095853e-14
1.9354562e-13
-1.0984739e-14
1.9717949e-13
-1.1709831e-14
2.012531e-13
-1.3437485e-14
2.0602651e-13
-1.6440323e-14
2.1176923e-13
-2.1136256e-14
2.1872085e-13
-2.813396e-14
2.2699724e-13
-3.827268e-14
2.3640418e-13
-5.2628276e-14
2.4610925e-13
-7.2427613e-14
2.5416303e-13
-9.8759084e-14
-1.3183887e-13
2.5722442e-13
1.6530021e-13
-4.8899524e-14
1.7511757e-13
-4.1580969e-14
1.832682e-13
-3.494155e-14
1.9001693e-13
-2.9173251e-14
1.956254e-13
-2.4353413e-14
2.0034082e-13
-2.0491509e-14
2.0439216e-13
-1.7565951e-14
2.079919e-13
-1.5551873e-14
2.1133931e-13
-1.4443283e-14
2.1462552e-13
-1.4270933e-14
2.180365e-13
-1.5120849e-14
2.2175258e-13
-1.7153568e-14
2.2593899e-13
-2.0626683e-14
2.3072085e-13
-2.5918161e-14
2.3613185e-13
-3.3544953e-14
2.4202252e-13
-4.4163353e-14
2.4791833e-13
-5.8524035e-14
2.52833e-13
-7.7342231e-14
2.5510013e-13
-1.0102622e-13
-1.2919939e-13
2.5246064e-13
1.84316e-13
-6.0323478e-14
1.9366979e-13
-5.0934756e-14
2.0128476e-13
-4.2556478e-14
2.0748125e-13
-3.5369797e-14
2.1255224e-13
-2.9424452e-14
2.1675757e-13
-2.4696857e-14
2.203247e-13
-2.1133086e-14
2.2345287e-13
-1.8680115e-14
2.2631775e-13
-1.7308118e-14
2.2907459e-13
-1.702787e-14
2.3185925e-13
-1.7905479e-14
2.3478212e-13
-2.0076537e-14
2.3791437e-13
-2.3758959e-14
2.4125899e-13
-2.9262727e-14
2.4470329e-13
-3.6989281e-14
2.4794888e-13
-4.7408961e-14
2.5042293e-13
-6.0998144e-14
2.5119418e-13
-7.8113431e-14
2.4895138e-13
-9.8783434e-14
2.4217042e-13
-1.2241846e-13
1.6085828e-13
-1.519261e-13
1.814627e-13
-2.2971543e-13
1.9161785e-13
-2.9823047e-13
1.8807631e-13
-3.5898111e-13
1.7094588e-13
-4.0601552e-13
1.417868e-13
-4.3102664e-13
1.0313851e-13
-4.2453474e-13
5.9621975e-14
-3.7602014e-13
2.0175584e-14
-2.7480999e-13
-1.1284274e-13
2.157934e-13
-1.6743866e-13
2.2068437e-13
-2.3460639e-13
2.167025e-13
-2.9424858e-13
2.0214379e-13
-3.4442236e-13
1.7655733e-13
-3.8042899e-13
1.4111839e-13
-3.9558764e-13
9.8722624e-14
-3.8213896e-13
5.4648998e-14
-3.3194642e-13
1.7560562e-14
-2.3772154e-13
-9.5282149e-14
2.4326912e-13
-1.7471092e-13
2.3959608e-13
-2.3093332e-13
2.2660998e-13
-2.8126247e-13
2.0432499e-13
-3.221373e-13
1.7305359e-13
-3.4915763e-13
1.3429276e-13
-3.568268e-13
9.1162071e-14
-3.390082e-13
4.8870381e-14
-2.8965481e-13
1.5121576e-14
-2.0397268e-13
-8.0160574e-14
2.5339564e-13
-1.749527e-13
2.4370389e-13
-2.2124151e-13
2.2507932e-13
-2.6263784e-13
1.9818664e-13
-2.9524466e-13
1.6398767e-13
-3.1495863e-13
1.2434597e-13
-3.1718517e-13
8.2449603e-14
-2.9711191e-13
4.3126967e-14
-2.5033217e-13
1.2967693e-14
-1.7381344e-13
-6.7192899e-14
2.5189157e-13
-1.6961981e-13
2.3791658e-13
-2.0726651e-13
2.1592568e-13
-2.4064701e-13
1.8679275e-13
-2.661117e-13
1.5181506e-13
-2.79981e-13
1.130465e-13
-2.784166e-13
7.3585956e-14
-2.5765137e-13
3.7760018e-14
-2.1450618e-13
1.110416e-14
-1.4715767e-13
-5.6088747e-14
2.4291402e-13
-1.600732e-13
2.2605003e-13
-1.9040257e-13
2.0230283e-13
-2.1689987e-13
1.725816e-13
-2.3639052e-13
1.3829315e-13
-2.4569255e-13
1.015057e-13
-2.4162914e-13
6.5111794e-14
-2.2125756e-13
3.2907605e-14
-1.8230209e-13
9.5070926e-15
-1.2375714e-13
-4.6581652e-14
2.2962386e-13
-1.475266e-13
2.1098094e-13
-1.7175968e-13
1.8660168e-13
-1.9252065e-13
1.5736426e-13
-2.0715316e-13
1.2465389e-13
-2.1298213e-13
9.0435634e-14
-2.0741109e-13
5.7330254e-14
-1.8815224e-13
2.8623273e-14
-1.5359512e-13
8.1509747e-15
-1.0328493e-13
-3.8430738e-14
4.4775457e-15
-1.595393e-14
1.851647e-14
-5.2549672e-14
3.9893642e-14
-8.5124569e-14
6.504771e-14
-1.0797799e-13
9.0808159e-14
-1.1984159e-13
1.1501133e-13
-1.2207526e-13
1.3647627e-13
-1.1710885e-13
1.5476177e-13
-1.0749942e-13
1.6990006e-13
-9.5447506e-14
-8.2619853e-14
1.8218199e-13
5.8994066e-15
-2.1853295e-14
2.4484085e-14
-7.1134224e-14
5.1611676e-14
-1.1225212e-13
8.1713255e-14
-1.380796e-13
1.1069541e-13
-1.4882378e-13
1.3633527e-13
-1.4771518e-13
1.5780668e-13
-1.3858017e-13
1.7512674e-13
-1.2481954e-13
1.8873749e-13
-1.0905827e-13
-9.3121422e-14
1.9923907e-13
8.8124614e-15
-3.066569e-14
3.4951217e-14
-9.7272982e-14
7.0225343e-14
-1.475261e-13
1.0606965e-13
-1.7392384e-13
1.3767125e-13
-1.8042531e-13
1.6336816e-13
-1.73412e-13
1.8321913e-13
-1.5843118e-13
1.9801692e-13
-1.396173e-13
2.0875659e-13
-1.1979789e-13
-1.0075016e-13
2.1638534e-13
1.5831029e-14
-4.6496617e-14
5.4552093e-14
-1.3599398e-13
1.0090048e-13
-1.9387436e-13
1.4236208e-13
-2.1538542e-13
1.7447929e-13
-2.1254248e-13
1.9749381e-13
-1.9642653e-13
2.1313449e-13
-1.7407176e-13
2.2327208e-13
-1.4975488e-13
2.2950036e-13
-1.2602621e-13
-1.043021e-13
2.3305228e-13
2.9958723e-14
-7.6455279e-14
9.041362e-14
-1.9644877e-13
1.5165208e-13
-2.5511271e-13
1.9601598e-13
-2.5974923e-13
2.2356503e-13
-2.4009152e-13
2.3908092e-13
-2.1194231e-13
2.4677214e-13
-1.8176292e-13
2.4959963e-13
-1.5258244e-13
2.49534e-13
-1.259606e-13
-1.0262072e-13
2.4785258e-13
4.5580982e-14
-1.2203624e-13
1.571884e-13
-3.080561e-13
2.3638786e-13
-3.3431209e-13
2.7303819e-13
-2.963995e-13
2.8550805e-13
-2.5256127e-13
2.8614255e-13
-2.1257676e-13
2.8126403e-13
-1.7688443e-13
2.7406438e-13
-1.4538283e-13
2.6618248e-13
-1.1807865e-13
-9.4902097e-14
2.5846384e-13
1.251377e-13
-2.4717389e-13
3.3374161e-13
-5.1665993e-13
3.8461541e-13
-3.8518584e-13
3.7724684e-13
-2.8903092e-13
3.5563194e-13
-2.3094646e-13
3.3222367e-13
-1.8916854e-13
3.1062073e-13
-1.5528141e-13
2.916877e-13
-1.2644974e-13
2.754438e-13
-1.0183476e-13
-8.1138122e-14
2.6167984e-13
9.6318871e-13
-1.2103626e-12
8.0055563e-13
-3.5402684e-13
6.1057731e-13
-1.9520754e-13
4.9146495e-13
-1.6991856e-13
4.1534006e-13
-1.5482152e-13
3.63149e-13
-1.3697746e-13
3.2489539e-13
-1.1702783e-13
2.9550088e-13
-9.7055217e-14
2.722989e-13
-7.8632777e-14
2.5375425e-13
-6.2593501e-14
1.9200999e-13
-7.0151538e-14
1.9980825e-13
-5.8733048e-14
2.0597437e-13
-4.8722614e-14
2.1085797e-13
-4.0253374e-14
2.14755e-13
-3.3321551e-14
2.1791093e-13
-2.7852736e-14
2.2052675e-13
-2.3748923e-14
2.2276666e-13
-2.0920058e-14
2.2476386e-13
-1.9305314e-14
2.2662361e-13
-1.8887718e-14
2.2842303e-13
-1.9704929e-14
2.3020407e-13
-2.1857554e-14
2.3195953e-13
-2.5514414e-14
2.3360885e-13
-3.0912004e-14
2.3496267e-13
-3.8343089e-14
2.3567844e-13
-4.8124717e-14
2.3521546e-13
-6.0535135e-14
2.3281064e-13
-7.5708531e-14
2.2751258e-13
-9.3485382e-14
-1.1323546e-13
2.1832955e-13
2.0724195e-13
-7.815434e-14
2.1329552e-13
-6.4786595e-14
2.1786208e-13
-5.3289129e-14
2.2131436e-13
-4.3705685e-14
2.2394472e-13
-3.595195e-14
2.2597797e-13
-2.988598e-14
2.2758432e-13
-2.5355246e-14
2.2889024e-13
-2.2226032e-14
2.2998644e-13
-2.0401451e-14
2.3093113e-13
-1.9832415e-14
2.3174981e-13
-2.0523579e-14
2.3242863e-13
-2.2536434e-14
2.3290249e-13
-2.5988252e-14
2.3303566e-13
-3.1045198e-14
2.3259757e-13
-3.7904976e-14
2.3123632e-13
-4.6763427e-14
2.2845986e-13
-5.7758667e-14
2.236403e-13
-7.088898e-14
2.1606353e-13
-8.590858e-14
-1.0221892e-13
2.0504701e-13
2.2170611e-13
-8.3475224e-14
2.2535745e-13
-6.843788e-14
2.2782573e-13
-5.5757421e-14
2.2947016e-13
-4.5350125e-14
2.3054876e-13
-3.7030517e-14
2.3124182e-13
-3.0579047e-14
2.3167063e-13
-2.5784108e-14
2.319115e-13
-2.2466909e-14
2.3200456e-13
-2.0494471e-14
2.3195786e-13
-1.9785704e-14
2.3174711e-13
-2.0312803e-14
2.3131033e-13
-2.2099646e-14
2.3053839e-13
-2.5216306e-14
2.2926138e-13
-2.9768169e-14
2.2723335e-13
-3.5876902e-14
2.2411912e-13
-4.3649233e-14
2.1949116e-13
-5.3130663e-14
2.128462e-13
-6.4243989e-14
2.0365459e-13
-7.6716987e-14
-9.0013881e-14
1.9144954e-13
2.3483264e-13
-8.5255607e-14
2.3548213e-13
-6.9087394e-14
2.354401e-13
-5.5715406e-14
2.3499757e-13
-4.4907558e-14
2.3433832e-13
-3.6371314e-14
2.3357005e-13
-2.9810729e-14
2.3274612e-13
-2.4960165e-14
2.3188065e-13
-2.1601379e-14
2.3095699e-13
-1.9570827e-14
2.2993174e-13
-1.8760401e-14
2.2873382e-13
-1.9114933e-14
2.2726073e-13
-2.0626575e-14
2.2537096e-13
-2.3326496e-14
2.2287518e-13
-2.7272333e-14
2.1952758e-13
-3.2529334e-14
2.1502158e-13
-3.9143209e-14
2.0899441e-13
-4.7103532e-14
2.0104842e-13
-5.6298033e-14
1.907939e-13
-6.6462448e-14
-7.7135978e-14
1.7791603e-13
2.4536615e-13
-8.2769173e-14
2.4257478e-13
-6.6295911e-14
2.3977174e-13
-5.2912334e-14
2.3711326e-13
-4.2249098e-14
2.3466532e-13
-3.3923295e-14
2.324349e-13
-2.7580269e-14
2.3039061e-13
-2.291586e-14
2.2847512e-13
-1.96859e-14
2.2661166e-13
-1.7707365e-14
2.2470597e-13
-1.6854724e-14
2.2264495e-13
-1.7053904e-14
2.2029257e-13
-1.8274167e-14
2.1748435e-13
-2.0518334e-14
2.140217e-13
-2.3809673e-14
2.0966751e-13
-2.8175096e-14
2.0414681e-13
-3.3622459e-14
1.9715532e-13
-4.0112058e-14
1.8838053e-13
-4.7523176e-14
1.7753716e-13
-5.5619184e-14
-6.4016826e-14
1.6441806e-13
2.5133001e-13
-7.5635301e-14
2.4496279e-13
-5.9928734e-14
2.3940362e-13
-4.7353205e-14
2.3461117e-13
-3.7456597e-14
2.3049668e-13
-2.9808834e-14
2.2694635e-13
-2.4029909e-14
2.2383387e-13
-1.9803343e-14
2.2102703e-13
-1.6879142e-14
2.1839008e-13
-1.5070422e-14
2.1578206e-13
-1.4246752e-14
2.1305403e-13
-1.4325845e-14
2.1004421e-13
-1.5264337e-14
2.0657338e-13
-1.704744e-14
2.0244068e-13
-1.9676941e-14
1.9742216e-13
-2.3156567e-14
1.9127368e-13
-2.747393e-14
1.8374067e-13
-3.2579009e-14
1.7457727e-13
-3.8359777e-14
1.6357554e-13
-4.4617438e-14
-5.1045289e-14
1.5060406e-13
2.5013021e-13
-6.408567e-14
2.4051488e-13
-5.0313443e-14
2.3255328e-13
-3.9391603e-14
2.2597307e-13
-3.0876358e-14
2.2051685e-13
-2.4352594e-14
2.1594615e-13
-1.9459198e-14
2.1204208e-13
-1.5899257e-14
2.0860339e-13
-1.3440444e-14
2.0544276e-13
-1.1909713e-14
2.023814e-13
-1.118538e-14
1.9924356e-13
-1.1188014e-14
1.958508e-13
-1.1871586e-14
1.9201707e-13
-1.3213681e-14
1.8754545e-13
-1.5205333e-14
1.8222799e-13
-1.7839038e-14
1.7584917e-13
-2.1095109e-14
1.6819582e-13
-2.4925699e-14
1.5907355e-13
-2.9237521e-14
1.4833076e-13
-3.3874659e-14
-3.8603264e-14
1.3588879e-13
2.3886844e-13
-4.9199812e-14
2.2691174e-13
-3.8356744e-14
2.1730585e-13
-2.9785737e-14
2.0957233e-13
-2.3142815e-14
2.0330781e-13
-1.8088132e-14
1.9816999e-13
-1.4321381e-14
1.9386618e-13
-1.1595422e-14
1.9014321e-13
-9.7174919e-15
1.8677787e-13
-8.5443926e-15
1.8356769e-13
-7.9752065e-15
1.8032282e-13
-7.9432011e-15
1.7685917e-13
-8.4079308e-15
1.729929e-13
-9.3474479e-15
1.6853758e-13
-1.0750022e-14
1.6330395e-13
-1.2605423e-14
1.5710384e-13
-1.4894995e-14
1.4975886e-13
-1.7580635e-14
1.4111432e-13
-2.0592981e-14
1.3105921e-13
-2.3819531e-14
1.195502e-13
-2.7094222e-14
2.0452297e-13
-1.3372002e-13
1.8590052e-13
-1.5313719e-13
1.6279031e-13
-1.6941046e-13
1.3598021e-13
-1.8034306e-13
1.0670951e-13
-1.8371154e-13
7.6698119e-14
-1.7739968e-13
4.816966e-14
-1.5962384e-13
2.3824601e-14
-1.2925016e-13
6.7156347e-15
-8.6176e-14
-3.1715127e-14
1.9012408e-13
-1.1879717e-13
1.7121404e-13
-1.3422711e-13
1.4864927e-13
-1.4684576e-13
1.2316503e-13
-1.5485886e-13
9.5899397e-14
-1.5644593e-13
6.8403577e-14
-1.4990391e-13
4.2638737e-14
-1.3385896e-13
2.092973e-14
-1.0754115e-13
5.8473011e-15
-7.1093604e-14
-2.5867817e-14
1.7594748e-13
-1.032951e-13
1.5715581e-13
-1.1543542e-13
1.3541387e-13
-1.2510386e-13
1.114045e-13
-1.3084948e-13
8.6159749e-14
-1.3120115e-13
6.1062336e-14
-1.2480651e-13
3.7829039e-14
-1.1062569e-13
1.8457927e-14
-8.8170053e-14
5.1223152e-15
-5.7757984e-14
-2.0745499e-14
1.6225675e-13
-8.7635767e-14
1.4388827e-13
-9.7066991e-14
1.2315357e-13
-1.0436922e-13
1.006854e-13
-1.0838132e-13
7.7414118e-14
-1.0792989e-13
5.4564656e-14
-1.0195704e-13
3.3633358e-14
-8.969438e-14
1.6335081e-14
-7.0871782e-14
4.5120784e-15
-4.5934972e-14
-1.6233461e-14
1.4895175e-13
-7.2169415e-14
1.3125585e-13
-7.9371082e-14
1.1167229e-13
-8.4785673e-14
9.0787068e-14
-8.7496069e-14
6.9437595e-14
-8.6580425e-14
4.8706021e-14
-8.1225401e-14
2.9892571e-14
-7.0880855e-14
1.4464959e-14
-5.5444058e-14
3.9826646e-15
-3.5452721e-14
-1.2250781e-14
1.356508e-13
-5.7216152e-14
1.1886332e-13
-6.2583561e-14
1.0057806e-13
-6.650035e-14
8.1338007e-14
-6.8255967e-14
6.1897627e-14
-6.7139987e-14
4.3212231e-14
-6.2539973e-14
2.6408198e-14
-5.4076784e-14
1.2733398e-14
-4.1769275e-14
3.495817e-15
-2.6214984e-14
-8.7549461e-15
1.21775e-13
-4.3102307e-14
1.0615413e-13
-4.6962735e-14
8.9352873e-14
-4.9699018e-14
7.1873904e-14
-5.0776953e-14
5.4398038e-14
-4.9664076e-14
3.7769165e-14
-4.5911028e-14
2.2959079e-14
-3.9266595e-14
1.1014544e-14
-2.982471e-14
3.0070425e-15
-1.8207498e-14
-5.747918e-15
1.0663819e-13
-3.0190272e-14
9.2493849e-14
-3.2818347e-14
7.7428031e-14
-3.4633164e-14
6.1903589e-14
-3.5252456e-14
4.6533856e-14
-3.4294301e-14
3.2063609e-14
-3.1440766e-14
1.9328622e-14
-2.6531636e-14
9.1928571e-15
-1.9688842e-14
2.4853435e-15
-1.1499887e-14
-3.2625136e-15
8.5460803e-13
1.1350294e-12
3.4406734e-13
1.5651382e-13
2.1657e-13
-6.7710183e-14
1.6465183e-13
-1.1800041e-13
1.3581729e-13
-1.2598699e-13
1.1686966e-13
-1.1802981e-13
1.0314807e-13
-1.033062e-13
9.2670662e-14
-8.6577841e-14
8.4460928e-14
-7.0423033e-14
7.7962607e-14
-5.6095172e-14
7.2805805e-14
-4.404301e-14
6.8714261e-14
-3.4265171e-14
6.5467833e-14
-2.6539307e-14
6.2886046e-14
-2.0561008e-14
6.0819423e-14
-1.6021519e-14
5.9143778e-14
-1.2645741e-14
5.7755365e-14
-1.0207001e-14
5.6566538e-14
-8.5286195e-15
5.5501718e-14
-7.4795756e-15
5.4493935e-14
-6.9674113e-15
5.3481689e-14
-6.9309594e-15
5.2406538e-14
-7.3328083e-15
5.1211297e-14
-8.1522111e-15
4.9838971e-14
-9.3776839e-15
4.8232768e-14
-1.099921e-14
4.6337205e-14
-1.2999415e-14
4.4100691e-14
-1.5344109e-14
4.1479598e-14
-1.7971895e-14
3.8443959e-14
-2.0783869e-14
3.4984344e-14
-2.363462e-14
3.1119531e-14
-2.6325488e-14
2.690394e-14
-2.8602729e-14
2.2433701e-14
-3.0162925e-14
1.785019e-14
-3.0668932e-14
1.3339089e-14
-2.9783189e-14
9.1230248e-15
-2.7224683e-14
5.4480298e-15
-2.285664e-14
2.5690229e-15
-1.6809824e-14
7.0682373e-16
-9.6376825e-15
-2.5556674e-15
9.5723113e-13
1.7779818e-13
7.8764849e-13
3.2609649e-13
5.9499395e-13
1.2494427e-13
4.7303278e-13
3.9607176e-15
3.9277771e-13
-4.5731998e-14
3.3640134e-13
-6.1653458e-14
2.9430514e-13
-6.1210063e-14
2.617517e-13
-5.4024373e-14
2.3619287e-13
-4.486426e-14
-3.594716e-14
2.1604487e-13
1.2754988e-13
5.0248249e-14
3.2676307e-13
1.2688331e-13
3.6552509e-13
8.6182154e-14
3.444503e-13
2.5035446e-14
3.0948143e-13
-1.0763219e-14
2.7339869e-13
-2.5570838e-14
2.409494e-13
-2.8760802e-14
2.1350141e-13
-2.6576466e-14
1.9107219e-13
-2.2435058e-14
-1.8023369e-14
1.7314828e-13
3.9481171e-14
1.0767012e-14
1.3626686e-13
3.0097559e-14
1.9634644e-13
2.610255e-14
2.1107677e-13
1.0305119e-14
2.0164226e-13
-1.3287451e-15
1.8277059e-13
-6.6992152e-15
1.621501e-13
-8.1403188e-15
1.43247e-13
-7.6733809e-15
1.2729334e-13
-6.4814338e-15
-5.1645092e-15
1.1443453e-13
1.0766981e-14
4.0864501e-14
6.6967063e-14
7.727218e-14
7.5943395e-14
6.9244144e-14
6.1103784e-14
5.3430381e-14
4.6948927e-14
4.1784449e-14
2.0017738e-13
-2.8175526e-14
1.8770762e-13
-2.1795418e-14
1.7791739e-13
-1.6749084e-14
1.7021617e-13
-1.2859798e-14
1.6411914e-13
-9.9244098e-15
1.5922896e-13
-7.7556221e-15
1.5521972e-13
-6.1977711e-15
1.5182099e-13
-5.1299049e-15
1.4880417e-13
-4.4627922e-15
1.4597049e-13
-4.1337728e-15
1.431409e-13
-4.1013594e-15
1.4014825e-13
-4.3401776e-15
1.3683181e-13
-4.8357671e-15
1.33034e-13
-5.5799263e-15
1.2860044e-13
-6.5655982e-15
1.233826e-13
-7.7815746e-15
1.1724496e-13
-9.2064715e-15
1.1007559e-13
-1.0802543e-14
1.0180105e-13
-1.2509328e-14
-1.4237904e-14
9.2404388e-14
1.5903879e-13
-1.406604e-14
1.4803855e-13
-1.079517e-14
1.3950425e-13
-8.2147455e-15
1.3288365e-13
-6.2391767e-15
1.2771934e-13
-4.7601469e-15
1.2363987e-13
-3.6761331e-15
1.203452e-13
-2.9030828e-15
1.1759154e-13
-2.3762513e-15
1.1517707e-13
-2.0483832e-15
1.1292999e-13
-1.8866623e-15
1.1069822e-13
-1.8696691e-15
1.0834244e-13
-1.9844106e-15
1.0573042e-13
-2.223724e-15
1.0273427e-13
-2.5837008e-15
9.922996e-14
-3.0612757e-15
9.5099689e-14
-3.6512804e-15
9.0237043e-14
-4.3438321e-15
8.4555569e-14
-5.121002e-15
7.8000264e-14
-5.9539345e-15
-6.7995314e-15
7.0561843e-14
1.0434914e-13
-3.9807184e-15
9.656484e-14
-3.0108829e-15
9.0605703e-14
-2.2556137e-15
8.6052001e-14
-1.685457e-15
8.2556304e-14
-1.264423e-15
7.9839903e-14
-9.5967706e-16
7.768157e-14
-7.447336e-16
7.5904915e-14
-5.9960292e-16
7.4366601e-14
-5.1007037e-16
7.2946453e-14
-4.664974e-16
7.1539454e-14
-4.6271512e-16
7.0050163e-14
-4.9511164e-16
6.838837e-14
-5.6196483e-16
6.6467038e-14
-6.6241418e-16
6.4201706e-14
-7.959556e-16
6.1511977e-14
-9.6151423e-16
5.8324939e-14
-1.1567562e-15
5.4580979e-14
-1.3770222e-15
5.0241565e-14
-1.6145579e-15
-1.8573815e-15
4.5299389e-14
3.7803745e-14
3.4792855e-14
3.2537242e-14
3.0851765e-14
2.9587343e-14
2.8627635e-14
2.7882903e-14
2.728328e-14
2.677318e-14
2.6306672e-14
2.5843987e-14
2.5348868e-14
2.4786882e-14
2.4124465e-14
2.3328506e-14
2.2367016e-14
2.121026e-14
1.9833223e-14
1.8218684e-14
1.6361307e-14
8.1945325e-14
-1.5866413e-14
7.0580303e-14
-1.723769e-14
5.8579091e-14
-1.8161659e-14
4.6334508e-14
-1.8424345e-14
3.4359415e-14
-1.7808073e-14
2.3264518e-14
-1.6129728e-14
1.3710658e-14
-1.3302695e-14
6.3300978e-15
-9.4292172e-15
1.6377555e-15
-4.9453026e-15
-9.1790026e-16
6.2293411e-14
-7.5979256e-15
5.332681e-14
-8.2710351e-15
4.3887851e-14
-8.7226872e-15
3.4305638e-14
-8.8421201e-15
2.5011293e-14
-8.513687e-15
1.6517845e-14
-7.6362497e-15
9.372181e-15
-6.1570483e-15
4.0706345e-15
-4.1276148e-15
9.3998985e-16
-1.8145941e-15
2.2114332e-17
3.9789994e-14
-2.088558e-15
3.3804374e-14
-2.2854647e-15
2.7501148e-14
-2.4194509e-15
2.1115603e-14
-2.45655e-15
1.4961557e-14
-2.3596493e-15
9.4192053e-15
-2.0938619e-15
4.8993372e-15
-1.6370913e-15
1.7704503e-15
-9.9876624e-16
2.2307825e-16
-2.6714409e-16
2.4516259e-16
1.4272758e-14
1.1987298e-14
9.5678451e-15
7.1113211e-15
4.7517142e-15
2.6578219e-15
1.0207262e-15
2.1963733e-17
-2.4516039e-16
)
;

boundaryField
{
    needle_inlet
    {
        type            calculated;
        value           uniform -3.2e-12;
    }
    needle_outlet
    {
        type            calculated;
        value           uniform 0;
    }
    sclera_left
    {
        type            calculated;
        value           uniform 0;
    }
    sclera_top
    {
        type            calculated;
        value           uniform 0;
    }
    sclera_bot
    {
        type            calculated;
        value           uniform 0;
    }
    sclera_right
    {
        type            calculated;
        value           uniform 0;
    }
    lens_wall
    {
        type            calculated;
        value           uniform 0;
    }
    iris_wall
    {
        type            calculated;
        value           uniform 0;
    }
    ac_inlet
    {
        type            calculated;
        value           nonuniform List<scalar> 5(-1.0020141e-11 -1.0020141e-11 -1.0020141e-11 -1.0020141e-11 -1.0020141e-11);
    }
    outlet_tm
    {
        type            calculated;
        value           nonuniform List<scalar> 5(4.916722e-12 1.0491121e-11 1.3218212e-11 1.3364332e-11 1.131032e-11);
    }
    front
    {
        type            empty;
    }
    back
    {
        type            empty;
    }
}


// ************************************************************************* //
