/*--------------------------------*- C++ -*----------------------------------*\
| =========                 |                                                 |
| \\      /  F ield         | OpenFOAM: The Open Source CFD Toolbox           |
|  \\    /   O peration     | Version:  2512                                  |
|   \\  /    A nd           | Website:  www.openfoam.com                      |
|    \\/     M anipulation  |                                                 |
\*---------------------------------------------------------------------------*/
FoamFile
{
    version     2.0;
    format      ascii;
    arch        "LSB;label=32;scalar=64";
    class       volScalarField;
    location    "20.8";
    object      p;
}
// * * * * * * * * * * * * * * * * * * * * * * * * * * * * * * * * * * * * * //

dimensions      [0 2 -2 0 0 0 0];

internalField   nonuniform List<scalar> 
3388
(
0.98449161
0.98449161
0.98449161
0.98449161
0.98449161
0.98449161
0.98449161
0.98449161
0.98449161
0.98449161
0.98449161
0.9844916
0.9844916
0.9844916
0.9844916
0.9844916
0.9844916
0.9844916
0.9844916
0.98449159
0.98449159
0.98449159
0.98449159
0.98449159
0.98449159
0.98449159
0.98449158
0.98449158
0.98449158
0.98449158
0.98449158
0.98449158
0.98449158
0.98449158
0.98449157
0.98449157
0.98449157
0.98449157
0.98449156
0.98449159
0.98449161
0.98449161
0.98449161
0.98449161
0.98449161
0.98449161
0.98449161
0.98449161
0.98449161
0.98449161
0.98449161
0.98449161
0.98449161
0.98449161
0.98449161
0.98449161
0.98449161
0.98449161
0.98449161
0.98449161
0.98449161
0.98449161
0.98449161
0.98449161
0.98449161
0.98449161
0.98449161
0.98449161
0.98449161
0.98449161
0.98449161
0.98449161
0.98449161
0.98449161
0.98449161
0.98449161
0.98449161
0.98449161
0.98449161
0.98449161
0.98449161
0.9844916
0.9844916
0.9844916
0.9844916
0.9844916
0.9844916
0.9844916
0.9844916
0.98449159
0.98449159
0.98449159
0.98449159
0.98449159
0.98449159
0.98449159
0.98449158
0.98449158
0.98449158
0.98449158
0.98449161
0.9844916
0.9844916
0.9844916
0.9844916
0.9844916
0.9844916
0.9844916
0.9844916
0.98449159
0.98449159
0.98449159
0.98449159
0.98449159
0.98449159
0.98449159
0.98449158
0.98449158
0.98449158
0.98449158
0.98449161
0.9844916
0.9844916
0.9844916
0.9844916
0.9844916
0.9844916
0.9844916
0.9844916
0.98449159
0.98449159
0.98449159
0.98449159
0.98449159
0.98449159
0.98449159
0.98449158
0.98449158
0.98449158
0.98449158
0.98449161
0.9844916
0.9844916
0.9844916
0.9844916
0.9844916
0.9844916
0.9844916
0.9844916
0.98449159
0.98449159
0.98449159
0.98449159
0.98449159
0.98449159
0.98449159
0.98449158
0.98449158
0.98449158
0.98449158
0.98449158
0.98449158
0.98449158
0.98449158
0.98449157
0.98449157
0.98449157
0.98449156
0.98449156
0.98449158
0.98449158
0.98449158
0.98449158
0.98449157
0.98449157
0.98449157
0.98449157
0.98449156
0.98449158
0.98449158
0.98449158
0.98449158
0.98449157
0.98449157
0.98449157
0.98449157
0.98449156
0.98449158
0.98449158
0.98449158
0.98449158
0.98449157
0.98449157
0.98449157
0.98449157
0.98449156
0.98449158
0.98449159
0.98449159
0.98449158
0.98449145
0.9844915
0.9844915
0.98449146
0.98449162
0.98449161
0.98449161
0.98449161
0.98449161
0.98449161
0.98449161
0.98449161
0.98449161
0.98449161
0.98449161
0.98449161
0.98449161
0.98449161
0.98449161
0.98449161
0.98449161
0.98449161
0.98449161
0.98449161
0.98449161
0.9844916
0.9844916
0.9844916
0.9844916
0.9844916
0.9844916
0.9844916
0.9844916
0.98449159
0.98449159
0.98449159
0.98449159
0.98449159
0.98449159
0.98449159
0.98449158
0.98449158
0.98449158
0.98449158
0.98449161
0.9844916
0.9844916
0.9844916
0.9844916
0.9844916
0.9844916
0.9844916
0.9844916
0.98449159
0.98449159
0.98449159
0.98449159
0.98449159
0.98449159
0.98449159
0.98449158
0.98449158
0.98449158
0.98449158
0.98449158
0.98449158
0.98449158
0.98449158
0.98449157
0.98449157
0.98449157
0.98449157
0.98449157
0.98449158
0.98449158
0.98449158
0.98449158
0.98449158
0.98449157
0.98449157
0.98449157
0.98449157
0.98449159
0.98449159
0.98449161
0.98449161
0.98449161
0.98449161
0.98449161
0.98449161
0.98449161
0.98449161
0.98449161
0.98449161
0.98449161
0.9844916
0.9844916
0.9844916
0.9844916
0.9844916
0.9844916
0.9844916
0.9844916
0.98449159
0.98449159
0.98449159
0.98449159
0.98449159
0.98449159
0.98449159
0.98449158
0.98449158
0.98449158
0.98449158
0.98449158
0.98449158
0.98449158
0.98449158
0.98449158
0.98449157
0.98449157
0.98449157
0.98449157
0.98449158
0.98449162
0.98449161
0.98449161
0.98449161
0.98449161
0.98449161
0.98449161
0.98449161
0.98449161
0.98449161
0.98449162
0.98449161
0.98449161
0.98449161
0.98449161
0.98449161
0.98449161
0.98449161
0.98449161
0.98449161
0.98449161
0.98449161
0.98449161
0.98449161
0.98449161
0.98449161
0.98449161
0.98449161
0.98449161
0.98449161
0.98449161
0.98449161
0.98449161
0.98449161
0.98449161
0.98449161
0.98449161
0.98449161
0.98449161
0.98449161
0.98449161
0.9844916
0.9844916
0.9844916
0.9844916
0.9844916
0.9844916
0.9844916
0.9844916
0.98449159
0.98449159
0.98449159
0.98449159
0.98449159
0.98449159
0.98449159
0.98449158
0.98449158
0.98449158
0.98449158
0.98449161
0.9844916
0.9844916
0.9844916
0.9844916
0.9844916
0.9844916
0.9844916
0.9844916
0.98449159
0.98449159
0.98449159
0.98449159
0.98449159
0.98449159
0.98449159
0.98449158
0.98449158
0.98449158
0.98449158
0.98449161
0.9844916
0.9844916
0.9844916
0.9844916
0.9844916
0.9844916
0.9844916
0.9844916
0.98449159
0.98449159
0.98449159
0.98449159
0.98449159
0.98449159
0.98449159
0.98449158
0.98449158
0.98449158
0.98449158
0.9844916
0.9844916
0.9844916
0.9844916
0.9844916
0.9844916
0.9844916
0.9844916
0.9844916
0.98449159
0.98449159
0.98449159
0.98449159
0.98449159
0.98449159
0.98449159
0.98449158
0.98449158
0.98449158
0.98449158
0.98449158
0.98449158
0.98449158
0.98449158
0.98449158
0.98449157
0.98449157
0.98449157
0.98449158
0.98449158
0.98449158
0.98449158
0.98449158
0.98449158
0.98449157
0.98449157
0.98449157
0.98449158
0.98449158
0.98449158
0.98449158
0.98449158
0.98449158
0.98449157
0.98449157
0.98449157
0.98449158
0.98449158
0.98449158
0.98449158
0.98449158
0.98449157
0.98449157
0.98449157
0.98449157
0.98449157
0.98449158
0.98449158
0.98449158
0.98449158
0.98449161
0.98449161
0.98449161
0.98449161
0.98449161
0.98449161
0.98449161
0.98449161
0.98449161
0.98449161
0.98449161
0.98449161
0.98449161
0.98449161
0.98449161
0.98449161
0.98449161
0.98449161
0.98449161
0.98449161
0.98449161
0.98449161
0.98449161
0.98449161
0.98449161
0.98449162
0.98449162
0.98449162
0.98449162
0.98449161
0.98449161
0.98449161
0.98449161
0.98449161
0.98449162
0.98449162
0.98449162
0.98449162
0.98449162
0.98449161
0.98449161
0.98449161
0.98449161
0.98449161
0.98449162
0.98449162
0.98449162
0.98449162
0.98449162
0.98449161
0.98449161
0.98449161
0.98449161
0.98449161
0.98449162
0.98449162
0.98449162
0.98449163
0.98449164
0.98449167
0.98449161
0.98449161
0.98449161
0.98449161
0.98449161
0.98449162
0.98449162
0.98449163
0.98449164
0.98449167
0.98449174
0.98449181
0.98449188
0.98449195
0.98449202
0.98449209
0.98449216
0.98449223
0.9844923
0.98449237
0.98449244
0.98449251
0.98449258
0.98449265
0.98449272
0.98449279
0.98449286
0.98449293
0.984493
0.98449307
0.98449174
0.98449181
0.98449188
0.98449195
0.98449202
0.98449209
0.98449216
0.98449223
0.9844923
0.98449237
0.98449244
0.98449251
0.98449258
0.98449265
0.98449272
0.98449279
0.98449286
0.98449293
0.984493
0.98449307
0.98449313
0.98449318
0.98449323
0.98449328
0.98449333
0.98449338
0.98449343
0.98449348
0.98449353
0.98449313
0.98449318
0.98449323
0.98449327
0.98449332
0.98449337
0.98449341
0.98449345
0.98449349
0.98449362
0.98449354
0.98449311
0.98449318
0.98449323
0.98449328
0.98449333
0.98449339
0.98449344
0.98449349
0.98449351
0.9880492
0.98822839
0.98862288
0.98932245
0.99048863
0.99250899
0.99584404
1.0028066
1.0123276
0.99047073
0.99074127
0.99132934
0.99234746
0.99399053
0.99669835
1.0009662
1.0091946
1.0200809
0.98449396
1.0484883
1.0578713
0.99294113
0.99327187
0.99397921
0.99516384
0.99698481
0.99973482
1.0036761
1.0096958
1.016723
0.99505356
0.99539679
0.99612186
0.99730437
0.99905255
1.0015399
1.0048808
1.0094426
1.0144012
0.99685681
0.99717898
0.99785523
0.99893415
1.0004731
1.0025435
1.0051484
1.0083146
1.0114701
0.99835601
0.9986279
0.99921077
1.0001344
1.0014183
1.0030743
1.0050545
1.0072804
1.0093614
0.99956966
0.99977939
1.0002522
1.0010067
1.0020366
1.0033209
1.0047917
1.0063412
1.0077087
1.0285784
1.0210727
1.0145464
1.011066
1.0086714
1.0023204
1.0023202
1.0023196
1.0023187
1.0023175
1.0023159
1.002314
1.0023116
1.0023088
1.0023054
1.0023207
1.0023204
1.0023199
1.002319
1.0023178
1.0023163
1.0023144
1.0023121
1.0023093
1.002306
1.0023212
1.002321
1.0023204
1.0023196
1.0023184
1.002317
1.0023151
1.0023129
1.0023103
1.0023071
1.002322
1.0023218
1.0023212
1.0023205
1.0023194
1.002318
1.0023163
1.0023142
1.0023117
1.0023088
1.002323
1.0023228
1.0023223
1.0023216
1.0023206
1.0023193
1.0023178
1.0023159
1.0023136
1.0023109
1.0023014
1.0022967
1.0022912
1.0022847
1.0022771
1.0022682
1.0022576
1.0022451
1.0022301
1.0022123
1.0021907
1.0021645
1.0021321
1.0020918
1.0020405
1.0019742
1.0018848
1.0017651
1.0015749
1.0013512
1.0023021
1.0022975
1.0022921
1.0022858
1.0022784
1.0022697
1.0022594
1.0022473
1.0022329
1.0022158
1.0021952
1.0021702
1.0021398
1.0021024
1.0020556
1.0019966
1.0019203
1.0018238
1.0016891
1.0015466
1.0023034
1.002299
1.0022939
1.0022879
1.0022809
1.0022726
1.002263
1.0022517
1.0022383
1.0022225
1.0022037
1.0021812
1.0021542
1.0021217
1.0020822
1.0020344
1.001976
1.0019075
1.0018244
1.0017502
1.0023053
1.0023012
1.0022964
1.0022909
1.0022844
1.0022769
1.0022682
1.0022579
1.002246
1.002232
1.0022156
1.0021964
1.0021739
1.0021475
1.0021167
1.0020814
1.0020415
1.0019994
1.0019573
1.0019325
1.0023077
1.002304
1.0022998
1.0022948
1.002289
1.0022824
1.0022747
1.0022658
1.0022555
1.0022437
1.0022302
1.0022146
1.002197
1.0021771
1.0021552
1.0021319
1.0021084
1.002088
1.0020751
1.0020821
1.0006901
1.0007429
1.0010531
1.0016355
1.002435
1.0034121
1.004495
1.0055829
1.0065015
1.0012602
1.0013331
1.0015957
1.0020568
1.0026761
1.0034142
1.0042087
1.0049775
1.0056039
1.0016588
1.0017466
1.0019711
1.0023366
1.0028145
1.0033706
1.0039545
1.0045031
1.004938
1.0019268
1.0020263
1.0022219
1.0025147
1.0028848
1.0033049
1.003736
1.0041315
1.0044384
1.0021175
1.0022195
1.0023888
1.0026246
1.0029125
1.0032312
1.0035517
1.00384
1.0040598
1.0070899
1.0059792
1.0051877
1.0046096
1.0041801
1.0023243
1.0023241
1.0023237
1.002323
1.0023222
1.002321
1.0023196
1.0023179
1.0023159
1.0023136
1.0023259
1.0023257
1.0023253
1.0023248
1.002324
1.0023231
1.0023219
1.0023204
1.0023187
1.0023167
1.0023276
1.0023275
1.0023272
1.0023267
1.0023261
1.0023253
1.0023244
1.0023232
1.0023218
1.0023203
1.0023295
1.0023294
1.0023292
1.0023288
1.0023284
1.0023278
1.0023271
1.0023262
1.0023252
1.002324
1.0023315
1.0023315
1.0023313
1.0023311
1.0023308
1.0023304
1.0023299
1.0023294
1.0023287
1.002328
1.0023336
1.0023336
1.0023335
1.0023334
1.0023333
1.0023331
1.0023328
1.0023326
1.0023323
1.002332
1.0023358
1.0023358
1.0023358
1.0023358
1.0023358
1.0023358
1.0023358
1.0023359
1.0023359
1.0023361
1.0023108
1.0023076
1.0023038
1.0022996
1.0022946
1.002289
1.0022826
1.0022752
1.0022669
1.0022576
1.0022471
1.0022356
1.002223
1.0022097
1.0021963
1.0021839
1.0021743
1.0021708
1.0021781
1.0022047
1.0023144
1.0023117
1.0023087
1.0023052
1.0023012
1.0022967
1.0022917
1.0022861
1.0022798
1.0022731
1.0022658
1.0022582
1.0022506
1.0022434
1.0022375
1.0022342
1.0022353
1.002244
1.0022639
1.002301
1.0023184
1.0023163
1.002314
1.0023113
1.0023083
1.002305
1.0023014
1.0022975
1.0022933
1.002289
1.0022848
1.0022808
1.0022775
1.0022755
1.0022757
1.0022793
1.0022882
1.0023046
1.0023316
1.002373
1.0023227
1.0023212
1.0023196
1.0023177
1.0023157
1.0023136
1.0023114
1.0023091
1.0023069
1.002305
1.0023034
1.0023026
1.002303
1.0023052
1.0023101
1.0023188
1.0023327
1.0023538
1.0023842
1.0024263
1.0023272
1.0023263
1.0023253
1.0023243
1.0023233
1.0023223
1.0023214
1.0023207
1.0023203
1.0023204
1.0023212
1.0023231
1.0023265
1.002332
1.0023403
1.0023525
1.0023697
1.0023932
1.0024246
1.0024652
1.0023317
1.0023314
1.0023311
1.0023309
1.0023309
1.0023309
1.0023312
1.0023319
1.0023331
1.002335
1.0023378
1.0023419
1.0023476
1.0023556
1.0023665
1.0023809
1.0023999
1.0024243
1.0024552
1.0024934
1.0023362
1.0023365
1.0023369
1.0023374
1.0023382
1.0023393
1.0023407
1.0023426
1.0023452
1.0023486
1.002353
1.0023589
1.0023665
1.0023762
1.0023887
1.0024045
1.0024242
1.0024486
1.0024782
1.0025134
1.0022584
1.0023566
1.0025013
1.0026905
1.0029137
1.0031546
1.0033921
1.003602
1.0037598
1.0023606
1.002451
1.0025732
1.0027248
1.0028977
1.00308
1.0032564
1.0034098
1.0035237
1.0024323
1.0025132
1.002616
1.0027379
1.002873
1.0030122
1.0031446
1.0032582
1.0033417
1.0024821
1.0025534
1.0026395
1.0027381
1.0028445
1.0029519
1.0030525
1.0031377
1.0031997
1.0025163
1.0025784
1.0026507
1.0027309
1.0028153
1.0028991
1.0029763
1.0030411
1.0030879
1.0025394
1.0025932
1.0026539
1.0027195
1.0027872
1.0028532
1.0029133
1.0029631
1.0029988
1.0025545
1.0026011
1.0026522
1.0027063
1.002761
1.0028136
1.0028609
1.0028997
1.0029274
1.003845
1.0035846
1.003386
1.0032324
1.0031124
1.0030175
1.0029418
1.0023379
1.0023379
1.002338
1.0023381
1.0023382
1.0023384
1.0023387
1.002339
1.0023394
1.0023399
1.0023399
1.00234
1.0023401
1.0023403
1.0023406
1.002341
1.0023414
1.002342
1.0023427
1.0023436
1.0023418
1.0023419
1.0023421
1.0023424
1.0023428
1.0023434
1.0023441
1.0023449
1.0023459
1.0023471
1.0023437
1.0023438
1.0023441
1.0023445
1.002345
1.0023457
1.0023465
1.0023476
1.0023489
1.0023503
1.0023454
1.0023456
1.0023459
1.0023463
1.002347
1.0023478
1.0023488
1.0023501
1.0023516
1.0023534
1.002347
1.0023472
1.0023475
1.0023481
1.0023488
1.0023498
1.0023509
1.0023524
1.0023541
1.0023561
1.0023484
1.0023486
1.002349
1.0023496
1.0023504
1.0023515
1.0023528
1.0023544
1.0023562
1.0023584
1.0023496
1.0023498
1.0023502
1.0023509
1.0023518
1.002353
1.0023544
1.0023561
1.0023581
1.0023605
1.0023406
1.0023414
1.0023423
1.0023436
1.0023451
1.002347
1.0023494
1.0023523
1.0023561
1.0023607
1.0023665
1.0023736
1.0023825
1.0023935
1.002407
1.0024235
1.0024433
1.002467
1.0024949
1.0025272
1.0023446
1.0023459
1.0023474
1.0023492
1.0023514
1.0023541
1.0023573
1.0023611
1.0023658
1.0023714
1.0023782
1.0023864
1.0023962
1.002408
1.0024221
1.0024387
1.0024583
1.002481
1.0025071
1.0025366
1.0023485
1.0023502
1.0023522
1.0023546
1.0023573
1.0023606
1.0023645
1.0023691
1.0023746
1.002381
1.0023886
1.0023975
1.002408
1.0024203
1.0024346
1.0024512
1.0024702
1.0024918
1.0025161
1.002543
1.0023521
1.0023542
1.0023566
1.0023595
1.0023628
1.0023666
1.0023711
1.0023763
1.0023824
1.0023895
1.0023977
1.0024071
1.0024181
1.0024306
1.002445
1.0024613
1.0024796
1.0025001
1.0025227
1.0025473
1.0023554
1.0023578
1.0023606
1.0023639
1.0023676
1.002372
1.002377
1.0023827
1.0023893
1.0023969
1.0024055
1.0024154
1.0024266
1.0024392
1.0024535
1.0024694
1.0024871
1.0025065
1.0025275
1.00255
1.0023584
1.0023611
1.0023642
1.0023678
1.002372
1.0023767
1.0023821
1.0023883
1.0023953
1.0024032
1.0024122
1.0024223
1.0024337
1.0024463
1.0024604
1.0024759
1.0024929
1.0025112
1.0025309
1.0025516
1.002361
1.002364
1.0023674
1.0023713
1.0023757
1.0023808
1.0023865
1.002393
1.0024003
1.0024086
1.0024178
1.0024281
1.0024395
1.0024521
1.002466
1.0024811
1.0024974
1.0025148
1.0025332
1.0025525
1.0023632
1.0023664
1.00237
1.0023742
1.0023789
1.0023842
1.0023902
1.002397
1.0024045
1.002413
1.0024224
1.0024328
1.0024442
1.0024567
1.0024703
1.002485
1.0025007
1.0025174
1.0025348
1.0025528
1.0025638
1.0026043
1.0026478
1.0026929
1.0027378
1.0027804
1.0028183
1.0028491
1.002871
1.0025693
1.0026047
1.002642
1.0026801
1.0027174
1.0027525
1.0027833
1.0028083
1.0028258
1.0025723
1.0026034
1.0026356
1.002668
1.0026994
1.0027285
1.0027539
1.0027744
1.0027887
1.0025735
1.002601
1.0026291
1.0026569
1.0026836
1.0027081
1.0027293
1.0027462
1.002758
1.0025737
1.0025981
1.0026228
1.002647
1.0026699
1.0026908
1.0027087
1.002723
1.0027329
1.0025731
1.0025951
1.002617
1.0026383
1.0026582
1.0026763
1.0026917
1.0027038
1.0027122
1.0025722
1.0025922
1.0026119
1.0026308
1.0026484
1.0026642
1.0026777
1.0026882
1.0026955
1.0025712
1.0025895
1.0026074
1.0026245
1.0026404
1.0026545
1.0026664
1.0026758
1.0026822
1.0028823
1.0028349
1.002796
1.0027641
1.0027379
1.0027165
1.0026992
1.0026854
1.0023503
1.0023505
1.0023509
1.0023516
1.0023526
1.0023538
1.0023552
1.002357
1.0023591
1.0023616
1.0023644
1.0023677
1.0023715
1.0023757
1.0023806
1.002386
1.0023922
1.0023991
1.0024068
1.0024153
1.0024248
1.0024352
1.0024466
1.0024591
1.0024726
1.002487
1.0025024
1.0025187
1.0025355
1.0025529
1.0025705
1.002588
1.002605
1.0026212
1.0026361
1.0026494
1.0026606
1.0026693
1.0026753
1.0026783
1.0023509
1.0023511
1.0023516
1.0023523
1.0023533
1.0023545
1.002356
1.0023579
1.0023601
1.0023626
1.0023516
1.0023518
1.0023523
1.002353
1.0023541
1.0023554
1.0023569
1.0023589
1.0023611
1.0023638
1.002352
1.0023523
1.0023528
1.0023536
1.0023546
1.0023559
1.0023576
1.0023595
1.0023618
1.0023645
1.0023523
1.0023525
1.002353
1.0023538
1.0023549
1.0023562
1.0023579
1.0023598
1.0023622
1.0023649
1.0023655
1.0023689
1.0023728
1.0023772
1.0023821
1.0023877
1.002394
1.002401
1.0024088
1.0024174
1.0024269
1.0024374
1.0024488
1.0024612
1.0024746
1.0024888
1.0025039
1.0025198
1.0025362
1.0025529
1.0023668
1.0023703
1.0023743
1.0023788
1.0023839
1.0023896
1.002396
1.0024031
1.002411
1.0024197
1.0024293
1.0024398
1.0024512
1.0024635
1.0024767
1.0024907
1.0025055
1.0025209
1.0025367
1.0025529
1.0023676
1.0023712
1.0023753
1.0023799
1.002385
1.0023908
1.0023973
1.0024045
1.0024125
1.0024213
1.0024309
1.0024414
1.0024528
1.002465
1.0024781
1.0024919
1.0025065
1.0025216
1.0025371
1.0025528
1.0023681
1.0023717
1.0023758
1.0023804
1.0023856
1.0023915
1.002398
1.0024052
1.0024132
1.002422
1.0024317
1.0024422
1.0024536
1.0024658
1.0024788
1.0024925
1.0025069
1.0025219
1.0025372
1.0025527
1.0025699
1.0025866
1.0026028
1.0026182
1.0026323
1.0026448
1.0026553
1.0026635
1.0026691
1.002569
1.002585
1.0026003
1.0026148
1.0026281
1.0026398
1.0026495
1.0026572
1.0026624
1.0025685
1.0025839
1.0025987
1.0026126
1.0026253
1.0026364
1.0026458
1.002653
1.002658
1.0025682
1.0025833
1.0025978
1.0026115
1.0026239
1.0026348
1.0026439
1.002651
1.0026558
1.0026719
1.002665
1.0026605
1.0026582
0.98449161
0.98449161
0.98449161
0.98449161
0.98449161
0.98449161
0.98449161
0.98449161
0.98449161
0.98449161
0.98449158
0.98449158
0.98449158
0.98449158
0.98449159
0.98449159
0.98449159
0.98449159
0.98449159
0.98449159
0.98449159
0.9844916
0.9844916
0.9844916
0.9844916
0.9844916
0.9844916
0.9844916
0.9844916
0.98449161
0.98449156
0.98449157
0.98449157
0.98449157
0.98449157
0.98449158
0.98449158
0.98449158
0.98449158
0.98449159
0.98449161
0.98449161
0.98449161
0.98449161
0.98449161
0.98449161
0.98449161
0.98449161
0.98449161
0.98449161
0.98449161
0.98449161
0.98449161
0.98449161
0.98449161
0.98449161
0.98449161
0.98449161
0.98449161
0.98449161
0.98449161
0.98449161
0.98449161
0.98449161
0.98449161
0.98449161
0.98449161
0.98449161
0.98449161
0.98449161
0.98449161
0.98449161
0.98449161
0.98449161
0.98449161
0.98449161
0.98449161
0.98449161
0.98449161
0.98449161
0.98449158
0.98449158
0.98449158
0.98449158
0.98449159
0.98449159
0.98449159
0.98449159
0.98449159
0.98449159
0.98449159
0.9844916
0.9844916
0.9844916
0.9844916
0.9844916
0.9844916
0.9844916
0.9844916
0.98449161
0.98449158
0.98449158
0.98449158
0.98449158
0.98449159
0.98449159
0.98449159
0.98449159
0.98449159
0.98449159
0.98449159
0.9844916
0.9844916
0.9844916
0.9844916
0.9844916
0.9844916
0.9844916
0.9844916
0.98449161
0.98449158
0.98449158
0.98449158
0.98449158
0.98449159
0.98449159
0.98449159
0.98449159
0.98449159
0.98449159
0.98449159
0.9844916
0.9844916
0.9844916
0.9844916
0.9844916
0.9844916
0.9844916
0.9844916
0.98449161
0.98449158
0.98449158
0.98449158
0.98449158
0.98449159
0.98449159
0.98449159
0.98449159
0.98449159
0.98449159
0.98449159
0.9844916
0.9844916
0.9844916
0.9844916
0.9844916
0.9844916
0.9844916
0.9844916
0.98449161
0.98449156
0.98449156
0.98449157
0.98449157
0.98449157
0.98449158
0.98449158
0.98449158
0.98449158
0.98449156
0.98449157
0.98449157
0.98449157
0.98449157
0.98449158
0.98449158
0.98449158
0.98449158
0.98449156
0.98449157
0.98449157
0.98449157
0.98449157
0.98449158
0.98449158
0.98449158
0.98449158
0.98449156
0.98449157
0.98449157
0.98449157
0.98449157
0.98449158
0.98449158
0.98449158
0.98449158
0.98449158
0.98449159
0.98449159
0.98449158
0.98449145
0.9844915
0.9844915
0.98449146
0.98449161
0.98449161
0.98449161
0.98449161
0.98449161
0.98449161
0.98449161
0.98449161
0.98449161
0.98449162
0.98449161
0.98449161
0.98449161
0.98449161
0.98449161
0.98449161
0.98449161
0.98449161
0.98449161
0.98449161
0.98449158
0.98449158
0.98449158
0.98449158
0.98449159
0.98449159
0.98449159
0.98449159
0.98449159
0.98449159
0.98449159
0.9844916
0.9844916
0.9844916
0.9844916
0.9844916
0.9844916
0.9844916
0.9844916
0.98449161
0.98449158
0.98449158
0.98449158
0.98449158
0.98449159
0.98449159
0.98449159
0.98449159
0.98449159
0.98449159
0.98449159
0.9844916
0.9844916
0.9844916
0.9844916
0.9844916
0.9844916
0.9844916
0.9844916
0.98449161
0.98449157
0.98449157
0.98449157
0.98449157
0.98449157
0.98449158
0.98449158
0.98449158
0.98449158
0.98449157
0.98449157
0.98449157
0.98449157
0.98449158
0.98449158
0.98449158
0.98449158
0.98449158
0.98449159
0.98449159
0.98449161
0.98449161
0.98449161
0.98449161
0.98449161
0.98449161
0.98449161
0.98449161
0.98449161
0.98449161
0.98449158
0.98449158
0.98449158
0.98449158
0.98449159
0.98449159
0.98449159
0.98449159
0.98449159
0.98449159
0.98449159
0.9844916
0.9844916
0.9844916
0.9844916
0.9844916
0.9844916
0.9844916
0.9844916
0.98449161
0.98449157
0.98449157
0.98449157
0.98449157
0.98449158
0.98449158
0.98449158
0.98449158
0.98449158
0.98449158
0.98449161
0.98449161
0.98449161
0.98449161
0.98449161
0.98449161
0.98449161
0.98449161
0.98449161
0.98449162
0.98449161
0.98449161
0.98449161
0.98449161
0.98449161
0.98449161
0.98449161
0.98449161
0.98449161
0.98449162
0.98449161
0.98449161
0.98449161
0.98449161
0.98449161
0.98449161
0.98449161
0.98449161
0.98449161
0.98449161
0.98449161
0.98449161
0.98449161
0.98449161
0.98449161
0.98449161
0.98449161
0.98449161
0.98449161
0.98449161
0.98449158
0.98449158
0.98449158
0.98449158
0.98449159
0.98449159
0.98449159
0.98449159
0.98449159
0.98449159
0.98449159
0.9844916
0.9844916
0.9844916
0.9844916
0.9844916
0.9844916
0.9844916
0.9844916
0.98449161
0.98449158
0.98449158
0.98449158
0.98449158
0.98449159
0.98449159
0.98449159
0.98449159
0.98449159
0.98449159
0.98449159
0.9844916
0.9844916
0.9844916
0.9844916
0.9844916
0.9844916
0.9844916
0.9844916
0.98449161
0.98449158
0.98449158
0.98449158
0.98449158
0.98449159
0.98449159
0.98449159
0.98449159
0.98449159
0.98449159
0.98449159
0.9844916
0.9844916
0.9844916
0.9844916
0.9844916
0.9844916
0.9844916
0.9844916
0.98449161
0.98449158
0.98449158
0.98449158
0.98449158
0.98449159
0.98449159
0.98449159
0.98449159
0.98449159
0.98449159
0.98449159
0.9844916
0.9844916
0.9844916
0.9844916
0.9844916
0.9844916
0.9844916
0.9844916
0.9844916
0.98449158
0.98449157
0.98449157
0.98449157
0.98449158
0.98449158
0.98449158
0.98449158
0.98449158
0.98449158
0.98449157
0.98449157
0.98449157
0.98449158
0.98449158
0.98449158
0.98449158
0.98449158
0.98449158
0.98449157
0.98449157
0.98449157
0.98449158
0.98449158
0.98449158
0.98449158
0.98449158
0.98449157
0.98449157
0.98449157
0.98449157
0.98449157
0.98449158
0.98449158
0.98449158
0.98449158
0.98449158
0.98449158
0.98449158
0.98449158
0.98449161
0.98449161
0.98449161
0.98449161
0.98449161
0.98449161
0.98449161
0.98449161
0.98449161
0.98449161
0.98449161
0.98449161
0.98449161
0.98449161
0.98449161
0.98449161
0.98449161
0.98449161
0.98449161
0.98449161
0.98449161
0.98449162
0.98449162
0.98449162
0.98449162
0.98449161
0.98449161
0.98449161
0.98449161
0.98449161
0.98449161
0.98449162
0.98449162
0.98449162
0.98449162
0.98449162
0.98449161
0.98449161
0.98449161
0.98449161
0.98449161
0.98449162
0.98449162
0.98449162
0.98449162
0.98449162
0.98449161
0.98449161
0.98449161
0.98449161
0.98449167
0.98449164
0.98449163
0.98449162
0.98449162
0.98449162
0.98449161
0.98449161
0.98449161
0.98449161
0.98449167
0.98449164
0.98449163
0.98449162
0.98449162
0.98449161
0.98449161
0.98449161
0.98449161
0.98449161
0.98449307
0.984493
0.98449293
0.98449286
0.98449279
0.98449272
0.98449265
0.98449258
0.98449251
0.98449244
0.98449237
0.9844923
0.98449223
0.98449216
0.98449209
0.98449202
0.98449195
0.98449188
0.98449181
0.98449174
0.98449307
0.984493
0.98449293
0.98449286
0.98449279
0.98449272
0.98449265
0.98449258
0.98449251
0.98449244
0.98449237
0.9844923
0.98449223
0.98449216
0.98449209
0.98449202
0.98449195
0.98449188
0.98449181
0.98449174
0.98449353
0.98449348
0.98449343
0.98449338
0.98449333
0.98449328
0.98449323
0.98449318
0.98449313
0.98449349
0.98449345
0.98449341
0.98449337
0.98449332
0.98449327
0.98449323
0.98449318
0.98449313
0.98449362
0.98449354
0.98449351
0.98449349
0.98449344
0.98449339
0.98449333
0.98449328
0.98449323
0.98449318
0.98449311
1.0123276
1.0028066
0.99584404
0.99250899
0.99048863
0.98932245
0.98862288
0.98822839
0.9880492
1.0200809
1.0091946
1.0009662
0.99669835
0.99399053
0.99234746
0.99132934
0.99074127
0.99047073
0.98449396
1.0484883
1.0578713
1.016723
1.0096958
1.0036761
0.99973482
0.99698481
0.99516384
0.99397921
0.99327187
0.99294113
1.0144012
1.0094426
1.0048808
1.0015399
0.99905255
0.99730437
0.99612186
0.99539679
0.99505356
1.0114701
1.0083146
1.0051484
1.0025435
1.0004731
0.99893415
0.99785523
0.99717898
0.99685681
1.0093614
1.0072804
1.0050545
1.0030743
1.0014183
1.0001344
0.99921077
0.9986279
0.99835601
1.0077087
1.0063412
1.0047917
1.0033209
1.0020366
1.0010067
1.0002522
0.99977939
0.99956966
1.0285784
1.0210727
1.0145464
1.011066
1.0086714
1.0023054
1.0023088
1.0023116
1.002314
1.0023159
1.0023175
1.0023187
1.0023196
1.0023202
1.0023204
1.002306
1.0023093
1.0023121
1.0023144
1.0023163
1.0023178
1.002319
1.0023199
1.0023204
1.0023207
1.0023071
1.0023103
1.0023129
1.0023151
1.002317
1.0023184
1.0023196
1.0023204
1.002321
1.0023212
1.0023088
1.0023117
1.0023142
1.0023163
1.002318
1.0023194
1.0023205
1.0023212
1.0023218
1.002322
1.0023109
1.0023136
1.0023159
1.0023178
1.0023193
1.0023206
1.0023216
1.0023223
1.0023228
1.002323
1.0013512
1.0015749
1.0017651
1.0018848
1.0019742
1.0020405
1.0020918
1.0021321
1.0021645
1.0021907
1.0022123
1.0022301
1.0022451
1.0022576
1.0022682
1.0022771
1.0022847
1.0022912
1.0022967
1.0023014
1.0015466
1.0016891
1.0018238
1.0019203
1.0019966
1.0020556
1.0021024
1.0021398
1.0021702
1.0021952
1.0022158
1.0022329
1.0022473
1.0022594
1.0022697
1.0022784
1.0022858
1.0022921
1.0022975
1.0023021
1.0017502
1.0018244
1.0019075
1.001976
1.0020344
1.0020822
1.0021217
1.0021542
1.0021812
1.0022037
1.0022225
1.0022383
1.0022517
1.002263
1.0022726
1.0022809
1.0022879
1.0022939
1.002299
1.0023034
1.0019325
1.0019573
1.0019994
1.0020415
1.0020814
1.0021167
1.0021475
1.0021739
1.0021964
1.0022156
1.002232
1.002246
1.0022579
1.0022682
1.0022769
1.0022844
1.0022909
1.0022964
1.0023012
1.0023053
1.0020821
1.0020751
1.002088
1.0021084
1.0021319
1.0021552
1.0021771
1.002197
1.0022146
1.0022302
1.0022437
1.0022555
1.0022658
1.0022747
1.0022824
1.002289
1.0022948
1.0022998
1.002304
1.0023077
1.0065015
1.0055829
1.004495
1.0034121
1.002435
1.0016355
1.0010531
1.0007429
1.0006901
1.0056039
1.0049775
1.0042087
1.0034142
1.0026761
1.0020568
1.0015957
1.0013331
1.0012602
1.004938
1.0045031
1.0039545
1.0033706
1.0028145
1.0023366
1.0019711
1.0017466
1.0016588
1.0044384
1.0041315
1.003736
1.0033049
1.0028848
1.0025147
1.0022219
1.0020263
1.0019268
1.0040598
1.00384
1.0035517
1.0032312
1.0029125
1.0026246
1.0023888
1.0022195
1.0021175
1.0070899
1.0059792
1.0051877
1.0046096
1.0041801
1.0023136
1.0023159
1.0023179
1.0023196
1.002321
1.0023222
1.002323
1.0023237
1.0023241
1.0023243
1.0023167
1.0023187
1.0023204
1.0023219
1.0023231
1.002324
1.0023248
1.0023253
1.0023257
1.0023259
1.0023203
1.0023218
1.0023232
1.0023244
1.0023253
1.0023261
1.0023267
1.0023272
1.0023275
1.0023276
1.002324
1.0023252
1.0023262
1.0023271
1.0023278
1.0023284
1.0023288
1.0023292
1.0023294
1.0023295
1.002328
1.0023287
1.0023294
1.0023299
1.0023304
1.0023308
1.0023311
1.0023313
1.0023315
1.0023315
1.002332
1.0023323
1.0023326
1.0023328
1.0023331
1.0023333
1.0023334
1.0023335
1.0023336
1.0023336
1.0023361
1.0023359
1.0023359
1.0023358
1.0023358
1.0023358
1.0023358
1.0023358
1.0023358
1.0023358
1.0022047
1.0021781
1.0021708
1.0021743
1.0021839
1.0021963
1.0022097
1.002223
1.0022356
1.0022471
1.0022576
1.0022669
1.0022752
1.0022826
1.002289
1.0022946
1.0022996
1.0023038
1.0023076
1.0023108
1.002301
1.0022639
1.002244
1.0022353
1.0022342
1.0022375
1.0022434
1.0022506
1.0022582
1.0022658
1.0022731
1.0022798
1.0022861
1.0022917
1.0022967
1.0023012
1.0023052
1.0023087
1.0023117
1.0023144
1.002373
1.0023316
1.0023046
1.0022882
1.0022793
1.0022757
1.0022755
1.0022775
1.0022808
1.0022848
1.002289
1.0022933
1.0022975
1.0023014
1.002305
1.0023083
1.0023113
1.002314
1.0023163
1.0023184
1.0024263
1.0023842
1.0023538
1.0023327
1.0023188
1.0023101
1.0023052
1.002303
1.0023026
1.0023034
1.002305
1.0023069
1.0023091
1.0023114
1.0023136
1.0023157
1.0023177
1.0023196
1.0023212
1.0023227
1.0024652
1.0024246
1.0023932
1.0023697
1.0023525
1.0023403
1.002332
1.0023265
1.0023231
1.0023212
1.0023204
1.0023203
1.0023207
1.0023214
1.0023223
1.0023233
1.0023243
1.0023253
1.0023263
1.0023272
1.0024934
1.0024552
1.0024243
1.0023999
1.0023809
1.0023665
1.0023556
1.0023476
1.0023419
1.0023378
1.002335
1.0023331
1.0023319
1.0023312
1.0023309
1.0023309
1.0023309
1.0023311
1.0023314
1.0023317
1.0025134
1.0024782
1.0024486
1.0024242
1.0024045
1.0023887
1.0023762
1.0023665
1.0023589
1.002353
1.0023486
1.0023452
1.0023426
1.0023407
1.0023393
1.0023382
1.0023374
1.0023369
1.0023365
1.0023362
1.0037598
1.003602
1.0033921
1.0031546
1.0029137
1.0026905
1.0025013
1.0023566
1.0022584
1.0035237
1.0034098
1.0032564
1.00308
1.0028977
1.0027248
1.0025732
1.002451
1.0023606
1.0033417
1.0032582
1.0031446
1.0030122
1.002873
1.0027379
1.002616
1.0025132
1.0024323
1.0031997
1.0031377
1.0030525
1.0029519
1.0028445
1.0027381
1.0026395
1.0025534
1.0024821
1.0030879
1.0030411
1.0029763
1.0028991
1.0028153
1.0027309
1.0026507
1.0025784
1.0025163
1.0029988
1.0029631
1.0029133
1.0028532
1.0027872
1.0027195
1.0026539
1.0025932
1.0025394
1.0029274
1.0028997
1.0028609
1.0028136
1.002761
1.0027063
1.0026522
1.0026011
1.0025545
1.003845
1.0035846
1.003386
1.0032324
1.0031124
1.0030175
1.0029418
1.0023399
1.0023394
1.002339
1.0023387
1.0023384
1.0023382
1.0023381
1.002338
1.0023379
1.0023379
1.0023436
1.0023427
1.002342
1.0023414
1.002341
1.0023406
1.0023403
1.0023401
1.00234
1.0023399
1.0023471
1.0023459
1.0023449
1.0023441
1.0023434
1.0023428
1.0023424
1.0023421
1.0023419
1.0023418
1.0023503
1.0023489
1.0023476
1.0023465
1.0023457
1.002345
1.0023445
1.0023441
1.0023438
1.0023437
1.0023534
1.0023516
1.0023501
1.0023488
1.0023478
1.002347
1.0023463
1.0023459
1.0023456
1.0023454
1.0023561
1.0023541
1.0023524
1.0023509
1.0023498
1.0023488
1.0023481
1.0023475
1.0023472
1.002347
1.0023584
1.0023562
1.0023544
1.0023528
1.0023515
1.0023504
1.0023496
1.002349
1.0023486
1.0023484
1.0023605
1.0023581
1.0023561
1.0023544
1.002353
1.0023518
1.0023509
1.0023502
1.0023498
1.0023496
1.0025272
1.0024949
1.002467
1.0024433
1.0024235
1.002407
1.0023935
1.0023825
1.0023736
1.0023665
1.0023607
1.0023561
1.0023523
1.0023494
1.002347
1.0023451
1.0023436
1.0023423
1.0023414
1.0023406
1.0025366
1.0025071
1.002481
1.0024583
1.0024387
1.0024221
1.002408
1.0023962
1.0023864
1.0023782
1.0023714
1.0023658
1.0023611
1.0023573
1.0023541
1.0023514
1.0023492
1.0023474
1.0023459
1.0023446
1.002543
1.0025161
1.0024918
1.0024702
1.0024512
1.0024346
1.0024203
1.002408
1.0023975
1.0023886
1.002381
1.0023746
1.0023691
1.0023645
1.0023606
1.0023573
1.0023546
1.0023522
1.0023502
1.0023485
1.0025473
1.0025227
1.0025001
1.0024796
1.0024613
1.002445
1.0024306
1.0024181
1.0024071
1.0023977
1.0023895
1.0023824
1.0023763
1.0023711
1.0023666
1.0023628
1.0023595
1.0023566
1.0023542
1.0023521
1.00255
1.0025275
1.0025065
1.0024871
1.0024694
1.0024535
1.0024392
1.0024266
1.0024154
1.0024055
1.0023969
1.0023893
1.0023827
1.002377
1.002372
1.0023676
1.0023639
1.0023606
1.0023578
1.0023554
1.0025516
1.0025309
1.0025112
1.0024929
1.0024759
1.0024604
1.0024463
1.0024337
1.0024223
1.0024122
1.0024032
1.0023953
1.0023883
1.0023821
1.0023767
1.002372
1.0023678
1.0023642
1.0023611
1.0023584
1.0025525
1.0025332
1.0025148
1.0024974
1.0024811
1.002466
1.0024521
1.0024395
1.0024281
1.0024178
1.0024086
1.0024003
1.002393
1.0023865
1.0023808
1.0023757
1.0023713
1.0023674
1.002364
1.002361
1.0025528
1.0025348
1.0025174
1.0025007
1.002485
1.0024703
1.0024567
1.0024442
1.0024328
1.0024224
1.002413
1.0024045
1.002397
1.0023902
1.0023842
1.0023789
1.0023742
1.00237
1.0023664
1.0023632
1.002871
1.0028491
1.0028183
1.0027804
1.0027378
1.0026929
1.0026478
1.0026043
1.0025638
1.0028258
1.0028083
1.0027833
1.0027525
1.0027174
1.0026801
1.002642
1.0026047
1.0025693
1.0027887
1.0027744
1.0027539
1.0027285
1.0026994
1.002668
1.0026356
1.0026034
1.0025723
1.002758
1.0027462
1.0027293
1.0027081
1.0026836
1.0026569
1.0026291
1.002601
1.0025735
1.0027329
1.002723
1.0027087
1.0026908
1.0026699
1.002647
1.0026228
1.0025981
1.0025737
1.0027122
1.0027038
1.0026917
1.0026763
1.0026582
1.0026383
1.002617
1.0025951
1.0025731
1.0026955
1.0026882
1.0026777
1.0026642
1.0026484
1.0026308
1.0026119
1.0025922
1.0025722
1.0026822
1.0026758
1.0026664
1.0026545
1.0026404
1.0026245
1.0026074
1.0025895
1.0025712
1.0028823
1.0028349
1.002796
1.0027641
1.0027379
1.0027165
1.0026992
1.0026854
1.0023616
1.0023591
1.002357
1.0023552
1.0023538
1.0023526
1.0023516
1.0023509
1.0023505
1.0023503
1.0025529
1.0025355
1.0025187
1.0025024
1.002487
1.0024726
1.0024591
1.0024466
1.0024352
1.0024248
1.0024153
1.0024068
1.0023991
1.0023922
1.002386
1.0023806
1.0023757
1.0023715
1.0023677
1.0023644
1.0026753
1.0026693
1.0026606
1.0026494
1.0026361
1.0026212
1.002605
1.002588
1.0025705
1.0026783
1.0023626
1.0023601
1.0023579
1.002356
1.0023545
1.0023533
1.0023523
1.0023516
1.0023511
1.0023509
1.0023638
1.0023611
1.0023589
1.0023569
1.0023554
1.0023541
1.002353
1.0023523
1.0023518
1.0023516
1.0023645
1.0023618
1.0023595
1.0023576
1.0023559
1.0023546
1.0023536
1.0023528
1.0023523
1.002352
1.0023649
1.0023622
1.0023598
1.0023579
1.0023562
1.0023549
1.0023538
1.002353
1.0023525
1.0023523
1.0025529
1.0025362
1.0025198
1.0025039
1.0024888
1.0024746
1.0024612
1.0024488
1.0024374
1.0024269
1.0024174
1.0024088
1.002401
1.002394
1.0023877
1.0023821
1.0023772
1.0023728
1.0023689
1.0023655
1.0025529
1.0025367
1.0025209
1.0025055
1.0024907
1.0024767
1.0024635
1.0024512
1.0024398
1.0024293
1.0024197
1.002411
1.0024031
1.002396
1.0023896
1.0023839
1.0023788
1.0023743
1.0023703
1.0023668
1.0025528
1.0025371
1.0025216
1.0025065
1.0024919
1.0024781
1.002465
1.0024528
1.0024414
1.0024309
1.0024213
1.0024125
1.0024045
1.0023973
1.0023908
1.002385
1.0023799
1.0023753
1.0023712
1.0023676
1.0025527
1.0025372
1.0025219
1.0025069
1.0024925
1.0024788
1.0024658
1.0024536
1.0024422
1.0024317
1.002422
1.0024132
1.0024052
1.002398
1.0023915
1.0023856
1.0023804
1.0023758
1.0023717
1.0023681
1.0026691
1.0026635
1.0026553
1.0026448
1.0026323
1.0026182
1.0026028
1.0025866
1.0025699
1.0026624
1.0026572
1.0026495
1.0026398
1.0026281
1.0026148
1.0026003
1.002585
1.002569
1.002658
1.002653
1.0026458
1.0026364
1.0026253
1.0026126
1.0025987
1.0025839
1.0025685
1.0026558
1.002651
1.0026439
1.0026348
1.0026239
1.0026115
1.0025978
1.0025833
1.0025682
1.0026719
1.002665
1.0026605
1.0026582
)
;

boundaryField
{
    needle_inlet_left
    {
        type            zeroGradient;
    }
    needle_inlet_right
    {
        type            zeroGradient;
    }
    needle_outlet_left
    {
        type            zeroGradient;
    }
    needle_outlet_right
    {
        type            zeroGradient;
    }
    sclera_left_lower
    {
        type            zeroGradient;
    }
    sclera_left_upper
    {
        type            zeroGradient;
    }
    sclera_right
    {
        type            zeroGradient;
    }
    sclera_right_upper
    {
        type            zeroGradient;
    }
    sclera_top
    {
        type            zeroGradient;
    }
    cornea_fsi
    {
        type            zeroGradient;
    }
    lens_bottom
    {
        type            zeroGradient;
    }
    lens_bottom_left
    {
        type            zeroGradient;
    }
    lens_right
    {
        type            zeroGradient;
    }
    lens_left
    {
        type            zeroGradient;
    }
    lens_top
    {
        type            zeroGradient;
    }
    lens_top_left
    {
        type            zeroGradient;
    }
    iris_bottom
    {
        type            zeroGradient;
    }
    iris_pupil
    {
        type            zeroGradient;
    }
    iris_pupil_left
    {
        type            zeroGradient;
    }
    iris_top
    {
        type            zeroGradient;
    }
    tm_limbus_wall
    {
        type            zeroGradient;
    }
    ac_inlet
    {
        type            zeroGradient;
    }
    ac_inlet_left
    {
        type            zeroGradient;
    }
    outlet_tm
    {
        type            fixedValue;
        value           uniform 0;
    }
    outlet_tm_left
    {
        type            fixedValue;
        value           uniform 0;
    }
    front
    {
        type            empty;
    }
    back
    {
        type            empty;
    }
    defaultFaces
    {
        type            zeroGradient;
    }
    needle_int_inlet_master
    {
        type            zeroGradient;
    }
    needle_int_inlet_slave
    {
        type            zeroGradient;
    }
    needle_int_outlet_master
    {
        type            zeroGradient;
    }
    needle_int_outlet_slave
    {
        type            zeroGradient;
    }
}


// ************************************************************************* //
