/*--------------------------------*- C++ -*----------------------------------*\
| =========                 |                                                 |
| \\      /  F ield         | OpenFOAM: The Open Source CFD Toolbox           |
|  \\    /   O peration     | Version:  2512                                  |
|   \\  /    A nd           | Website:  www.openfoam.com                      |
|    \\/     M anipulation  |                                                 |
\*---------------------------------------------------------------------------*/
FoamFile
{
    version     2.0;
    format      ascii;
    arch        "LSB;label=32;scalar=64";
    class       volSymmTensorField;
    location    "0.7";
    object      sigmaEff;
}
// * * * * * * * * * * * * * * * * * * * * * * * * * * * * * * * * * * * * * //

dimensions      [1 -1 -2 0 0 0 0];

internalField   nonuniform List<symmTensor> 
100
(
(210.69257 531.46278 0 2070.9288 0 684.4864)
(87.84208 933.9887 0 837.41412 0 277.57686)
(-1.1081509 977.82559 0 -4.869927 0 -1.7934234)
(-88.883669 933.45729 0 -849.85961 0 -281.62298)
(-209.45726 528.74257 0 -2092.9783 0 -690.73067)
(39.368065 361.83847 0 1367.8128 0 422.15424)
(-8.7188795 814.28683 0 634.41932 0 187.71013)
(-0.25307939 886.93856 0 -4.0492473 0 -1.290698)
(9.3606372 811.5437 0 -644.3414 0 -190.49423)
(-37.626329 353.43524 0 -1383.5698 0 -426.35885)
(2.8611928 301.05959 0 808.51423 0 243.41263)
(-24.513076 732.04196 0 390.73856 0 109.86765)
(1.973262 816.1909 0 -2.2809767 0 -0.092314394)
(29.253837 728.53731 0 -395.99011 0 -110.02088)
(2.3662394 291.76009 0 -816.25638 0 -244.16704)
(-18.667082 256.50929 0 299.20117 0 84.160225)
(-26.795428 633.55431 0 164.17459 0 41.213749)
(3.8785933 713.08593 0 -0.44799428 0 1.0291797)
(34.885006 629.48298 0 -165.13189 0 -39.074065)
(26.972824 246.81974 0 -300.40758 0 -82.030426)
(-29.452873 215.0066 0 -118.86579 0 -44.495599)
(-22.832682 534.55468 0 -33.858859 0 -17.007462)
(5.598684 606.07072 0 1.7306407 0 2.1987974)
(33.951848 530.41831 0 37.712239 0 21.499226)
(40.40255 205.64937 0 123.95115 0 49.30611)
(-38.100598 175.76629 0 -471.29354 0 -152.81824)
(-18.480837 437.07736 0 -201.81892 0 -66.089926)
(6.9997171 496.76203 0 3.7339129 0 3.220089)
(32.102669 433.25263 0 209.97218 0 72.622456)
(51.276789 167.35108 0 481.75789 0 159.9104)
(-44.36918 136.53581 0 -749.23831 0 -238.08225)
(-14.335755 339.28319 0 -335.94074 0 -105.08295)
(8.1173009 386.27694 0 5.5528936 0 4.1010583)
(29.977992 336.04519 0 347.93575 0 113.37412)
(59.335205 129.52163 0 764.29538 0 247.08918)
(-49.047317 97.579241 0 -958.1733 0 -302.16619)
(-11.075323 242.20994 0 -436.96718 0 -134.41275)
(8.9423862 275.89804 0 6.9920631 0 4.7803348)
(28.220846 239.76314 0 451.97754 0 144.05952)
(65.35692 92.323433 0 976.76982 0 312.63802)
(-52.098715 58.54584 0 -1096.7245 0 -344.64695)
(-8.8250105 145.1922 0 -504.14122 0 -153.88987)
(9.4905394 165.44307 0 8.004667 0 5.2485619)
(26.974786 143.67144 0 521.26348 0 164.47148)
(69.305764 55.294291 0 1117.7632 0 356.12068)
(-53.625111 19.524528 0 -1166.0638 0 -365.90667)
(-7.6890643 48.39864 0 -537.77274 0 -163.63854)
(9.7626722 55.150241 0 8.5204857 0 5.4849474)
(26.338792 47.883238 0 555.96859 0 174.69221)
(71.280617 18.424638 0 1188.3373 0 377.88539)
(-53.625112 -19.524522 0 -1166.0638 0 -365.90668)
(-7.6890659 -48.398613 0 -537.77275 0 -163.63855)
(9.7626699 -55.150206 0 8.5204831 0 5.4849459)
(26.338792 -47.883206 0 555.96859 0 174.69222)
(71.280619 -18.424626 0 1188.3374 0 377.88539)
(-52.098716 -58.545835 0 -1096.7245 0 -344.64696)
(-8.8250112 -145.19217 0 -504.14124 0 -153.88988)
(9.4905398 -165.44304 0 8.0046619 0 5.2485605)
(26.974785 -143.67141 0 521.2635 0 164.47149)
(69.305764 -55.294279 0 1117.7632 0 356.12069)
(-49.047324 -97.579236 0 -958.17337 0 -302.16621)
(-11.07533 -242.20992 0 -436.96721 0 -134.41276)
(8.9423805 -275.89801 0 6.9920539 0 4.7803303)
(28.220845 -239.76311 0 451.97756 0 144.05952)
(65.356925 -92.323422 0 976.76988 0 312.63804)
(-44.369197 -136.53581 0 -749.23839 0 -238.08228)
(-14.335768 -339.28317 0 -335.94079 0 -105.08297)
(8.1172921 -386.27692 0 5.5528832 0 4.1010526)
(29.977988 -336.04517 0 347.93578 0 113.37413)
(59.335208 -129.52162 0 764.29546 0 247.0892)
(-38.100634 -175.76629 0 -471.29364 0 -152.81828)
(-18.480866 -437.07735 0 -201.81897 0 -66.089952)
(6.9996969 -496.76202 0 3.7339009 0 3.2200793)
(32.10266 -433.25262 0 209.97222 0 72.622464)
(51.276794 -167.35108 0 481.75798 0 159.91043)
(-29.452935 -215.0066 0 -118.86591 0 -44.495653)
(-22.832731 -534.55468 0 -33.858918 0 -17.007495)
(5.5986513 -606.07073 0 1.7306299 0 2.1987844)
(33.951834 -530.41831 0 37.712276 0 21.499233)
(40.402553 -205.64937 0 123.95124 0 49.306139)
(-18.66718 -256.5093 0 299.20105 0 84.160161)
(-26.795503 -633.55434 0 164.17454 0 41.21371)
(3.8785437 -713.08596 0 -0.44800345 0 1.0291621)
(34.884984 -629.48301 0 -165.13186 0 -39.074062)
(26.972826 -246.81975 0 -300.40749 0 -82.030401)
(2.8610571 -301.05961 0 808.51414 0 243.41256)
(-24.513177 -732.04202 0 390.73853 0 109.8676)
(1.9731978 -816.19096 0 -2.2809826 0 -0.092335462)
(29.253811 -728.53737 0 -395.99009 0 -110.02088)
(2.3662404 -291.76011 0 -816.25633 0 -244.16703)
(39.367905 -361.83852 0 1367.8127 0 422.15418)
(-8.7189913 -814.28693 0 634.4193 0 187.71009)
(-0.25314451 -886.93867 0 -4.0492535 0 -1.2907194)
(9.3606067 -811.54379 0 -644.3414 0 -190.49424)
(-37.626337 -353.43528 0 -1383.5699 0 -426.35886)
(210.69243 -531.46287 0 2070.9288 0 684.48638)
(87.842001 -933.98885 0 837.41413 0 277.57684)
(-1.1081955 -977.82573 0 -4.8699382 0 -1.7934401)
(-88.883691 -933.45741 0 -849.85964 0 -281.623)
(-209.45727 -528.74263 0 -2092.9784 0 -690.7307)
)
;

boundaryField
{
    bottom
    {
        type            calculated;
        value           nonuniform List<symmTensor> 5((403.60343 636.45514 0 2521.0541 0 877.39726) (111.15154 861.88607 0 891.80287 0 300.88632) (-1.0454501 896.43028 0 -4.7236253 0 -1.7307226) (-112.0941 861.86376 0 -904.01727 0 -304.83341) (-403.36063 636.52881 0 -2545.4195 0 -884.63404));
    }
    top
    {
        type            calculated;
        value           nonuniform List<symmTensor> 5((403.60333 -636.45529 0 2521.0542 0 877.39727) (111.15146 -861.88624 0 891.80287 0 300.8863) (-1.0455001 -896.43043 0 -4.723649 0 -1.7307447) (-112.09413 -861.86388 0 -904.01732 0 -304.83343) (-403.36067 -636.52887 0 -2545.4197 0 -884.6341));
    }
    interface_left
    {
        type            calculated;
        value           nonuniform List<symmTensor> 
20
(
(6.2073028 6.4405921 0 1983.2922 0 596.84986)
(3.7891473 12.561039 0 1352.5646 0 406.90614)
(5.7963042 13.231859 0 809.77214 0 244.67053)
(8.2620278 13.166652 0 310.74221 0 95.701272)
(10.396937 12.416032 0 -101.7873 0 -27.417109)
(12.239359 11.02642 0 -449.71927 0 -131.24397)
(13.722502 9.116335 0 -724.34187 0 -213.18581)
(14.847118 6.8003759 0 -930.78998 0 -274.78286)
(15.59857 4.1956498 0 -1067.7113 0 -315.63383)
(15.975585 1.4177499 0 -1136.2349 0 -336.0778)
(15.975585 -1.4177583 0 -1136.2349 0 -336.0778)
(15.598571 -4.1956578 0 -1067.7114 0 -315.63384)
(14.847115 -6.8003834 0 -930.79004 0 -274.78288)
(13.722489 -9.1163419 0 -724.34196 0 -213.18584)
(12.239329 -11.026427 0 -449.71937 0 -131.24401)
(10.396879 -12.416039 0 -101.78742 0 -27.417161)
(8.2619328 -13.166659 0 310.7421 0 95.701209)
(5.7961686 -13.231867 0 809.77204 0 244.67046)
(3.788976 -12.561047 0 1352.5646 0 406.90607)
(6.2071132 -6.4405965 0 1983.2923 0 596.84981)
)
;
    }
    interface_right
    {
        type            calculated;
        value           nonuniform List<symmTensor> 
20
(
(-0.00014658364 0.00031171274 0 -2003.211 0 -600.96333)
(-0.00013275689 0.00042283766 0 -1367.4443 0 -410.23334)
(-0.00010608497 0.00067473871 0 -817.27053 0 -245.18119)
(-6.6968628e-05 0.00084575102 0 -311.96739 0 -93.590237)
(-2.3423008e-05 0.00093880529 0 106.63576 0 31.990721)
(2.3703796e-05 0.00093850808 0 459.78213 0 137.93465)
(6.7636764e-05 0.00084631477 0 738.86604 0 221.65983)
(0.00010540029 0.00067139855 0 948.75976 0 284.62796)
(0.00013258842 0.00043058188 0 1088.0608 0 326.41827)
(0.00014692782 0.00014779842 0 1157.7886 0 347.33661)
(0.00014685941 -0.00014953349 0 1157.7886 0 347.33662)
(0.00013240431 -0.00043211734 0 1088.0608 0 326.41828)
(0.00010512189 -0.00067255132 0 948.75981 0 284.62798)
(6.7319525e-05 -0.00084702468 0 738.86611 0 221.65985)
(2.3397994e-05 -0.00093873506 0 459.78222 0 137.93467)
(-2.3665008e-05 -0.00093854969 0 106.63585 0 31.990749)
(-6.7080107e-05 -0.00084507473 0 -311.96731 0 -93.590212)
(-0.00010605769 -0.00067365957 0 -817.27048 0 -245.18118)
(-0.00013256434 -0.00042138507 0 -1367.4443 0 -410.23334)
(-0.00014617595 -0.00030981617 0 -2003.2111 0 -600.96336)
)
;
    }
    frontAndBack
    {
        type            empty;
    }
}


// ************************************************************************* //
