/*--------------------------------*- C++ -*----------------------------------*\
| =========                 |                                                 |
| \\      /  F ield         | OpenFOAM: The Open Source CFD Toolbox           |
|  \\    /   O peration     | Version:  2512                                  |
|   \\  /    A nd           | Website:  www.openfoam.com                      |
|    \\/     M anipulation  |                                                 |
\*---------------------------------------------------------------------------*/
FoamFile
{
    version     2.0;
    format      ascii;
    arch        "LSB;label=32;scalar=64";
    class       volVectorField;
    location    "1.7";
    object      Force;
}
// * * * * * * * * * * * * * * * * * * * * * * * * * * * * * * * * * * * * * //

dimensions      [1 1 -2 0 0 0 0];

internalField   uniform (0 0 0);

boundaryField
{
    needle_inlet_left
    {
        type            calculated;
        value           uniform (0 0 0);
    }
    needle_inlet_right
    {
        type            calculated;
        value           uniform (0 0 0);
    }
    needle_outlet_left
    {
        type            calculated;
        value           uniform (0 0 0);
    }
    needle_outlet_right
    {
        type            calculated;
        value           uniform (0 0 0);
    }
    sclera_left_lower
    {
        type            calculated;
        value           nonuniform List<vector> 7((-0.00040050495 -5.591966e-12 0) (-0.00030037872 3.3146185e-12 0) (-0.00030037871 1.143056e-12 0) (-0.00041051757 3.6002061e-13 0) (-0.00041051757 2.0675923e-13 0) (-0.00041051757 1.3968611e-13 0) (-0.00041051757 -8.2660004e-15 0));
    }
    sclera_left_upper
    {
        type            calculated;
        value           nonuniform List<vector> 
29
(
(-0.00050161948 3.3877552e-12 0)
(-0.00049804194 1.3667889e-12 0)
(-0.00049493127 1.0120414e-12 0)
(-0.00049327238 6.1734492e-13 0)
(-0.000492131 4.2688522e-13 0)
(-0.00049137719 2.9389874e-13 0)
(-0.0004908478 2.0985824e-13 0)
(-0.00049047053 1.5225372e-13 0)
(-0.00049019497 1.1260667e-13 0)
(-0.00048999028 8.4502685e-14 0)
(-0.00052481872 6.8345099e-14 0)
(-0.00052468474 5.1819335e-14 0)
(-0.0005245843 3.9849295e-14 0)
(-0.00052450591 3.1017415e-14 0)
(-0.0005244446 2.4414969e-14 0)
(-0.00052439511 1.9406574e-14 0)
(-0.00052435747 1.5559742e-14 0)
(-0.00049956693 1.202321e-14 0)
(-0.00049954386 9.8477073e-15 0)
(-0.00049952495 8.0859716e-15 0)
(-0.00049950942 6.6425109e-15 0)
(-0.00049949668 5.4424738e-15 0)
(-0.00049948627 4.430388e-15 0)
(-0.00049947785 3.5610924e-15 0)
(-0.00049947114 2.80759e-15 0)
(-0.00048927142 1.8921391e-15 0)
(-0.00048926811 1.3144472e-15 0)
(-0.00048926595 7.7575972e-16 0)
(-0.00048926489 1.1488835e-16 0)
)
;
    }
    sclera_right
    {
        type            calculated;
        value           nonuniform List<vector> 7((0.00040050495 -5.591966e-12 0) (0.00030037872 3.3146202e-12 0) (0.00030037871 1.1430573e-12 0) (0.00041051757 3.6002128e-13 0) (0.00041051757 2.0675943e-13 0) (0.00041051757 1.3968605e-13 0) (0.00041051757 -8.2660149e-15 0));
    }
    sclera_right_upper
    {
        type            calculated;
        value           nonuniform List<vector> 
29
(
(0.00050161948 3.3877552e-12 0)
(0.00049804194 1.3667889e-12 0)
(0.00049493127 1.0120414e-12 0)
(0.00049327238 6.1734492e-13 0)
(0.000492131 4.2688522e-13 0)
(0.00049137719 2.9389874e-13 0)
(0.0004908478 2.0985824e-13 0)
(0.00049047053 1.5225372e-13 0)
(0.00049019497 1.1260667e-13 0)
(0.00048999028 8.4502685e-14 0)
(0.00052481872 6.8345099e-14 0)
(0.00052468474 5.1819335e-14 0)
(0.0005245843 3.9849295e-14 0)
(0.00052450591 3.1017415e-14 0)
(0.0005244446 2.4414969e-14 0)
(0.00052439511 1.9406574e-14 0)
(0.00052435747 1.5559742e-14 0)
(0.00049956693 1.202321e-14 0)
(0.00049954386 9.8477073e-15 0)
(0.00049952495 8.0859716e-15 0)
(0.00049950942 6.6425109e-15 0)
(0.00049949668 5.4424738e-15 0)
(0.00049948627 4.430388e-15 0)
(0.00049947785 3.5610924e-15 0)
(0.00049947114 2.80759e-15 0)
(0.00048927142 1.8921391e-15 0)
(0.00048926811 1.3144472e-15 0)
(0.00048926595 7.7575972e-16 0)
(0.00048926489 1.1488835e-16 0)
)
;
    }
    sclera_top
    {
        type            calculated;
        value           nonuniform List<vector> 
80
(
(-3.0524458e-17 0.00050949901 0)
(-9.2003419e-17 0.00050949913 0)
(-1.5477447e-16 0.00050949939 0)
(-2.1970533e-16 0.00050949977 0)
(-2.8767228e-16 0.0005095003 0)
(-3.5956188e-16 0.00050950097 0)
(-4.3627073e-16 0.00050950179 0)
(-5.1870267e-16 0.00050950277 0)
(-6.077626e-16 0.00050950393 0)
(-7.0434611e-16 0.00050950529 0)
(-8.0932362e-16 0.00050950685 0)
(-9.2351822e-16 0.00050950864 0)
(-1.0476756e-15 0.00050951067 0)
(-1.1824251e-15 0.00050951297 0)
(-1.3282304e-15 0.00050951556 0)
(-1.4853286e-15 0.00050951847 0)
(-1.6536581e-15 0.0005095217 0)
(-1.8327738e-15 0.0005095253 0)
(-2.0217516e-15 0.00050952928 0)
(-2.2190845e-15 0.00050953366 0)
(-2.4225749e-15 0.00050953844 0)
(-2.629229e-15 0.00050954366 0)
(-2.8351642e-15 0.0005095493 0)
(-3.03554e-15 0.00050955536 0)
(-3.22453e-15 0.00050956182 0)
(-3.3953496e-15 0.00050956865 0)
(-3.5403608e-15 0.00050957581 0)
(-3.6512668e-15 0.00050958323 0)
(-3.7194122e-15 0.00050959084 0)
(-3.7361902e-15 0.00050959854 0)
(-3.6935497e-15 0.00050960621 0)
(-3.5845792e-15 0.00050961372 0)
(-3.4041275e-15 0.00050962094 0)
(-3.1494072e-15 0.0005096277 0)
(-2.8205153e-15 0.00050963387 0)
(-2.4208039e-15 0.00050963928 0)
(-1.9570395e-15 0.0005096438 0)
(-1.4393093e-15 0.00050964731 0)
(-8.8065487e-16 0.00050964971 0)
(-1.620134e-16 0.00050965092 0)
(7.0434611e-16 0.00050950529 0)
(6.077626e-16 0.00050950393 0)
(5.1870267e-16 0.00050950277 0)
(4.3627073e-16 0.00050950179 0)
(3.5956188e-16 0.00050950097 0)
(2.8767228e-16 0.0005095003 0)
(2.1970533e-16 0.00050949977 0)
(1.5477448e-16 0.00050949939 0)
(9.200342e-17 0.00050949913 0)
(3.0524459e-17 0.00050949901 0)
(3.7361902e-15 0.00050959854 0)
(3.7194122e-15 0.00050959084 0)
(3.6512668e-15 0.00050958323 0)
(3.5403608e-15 0.00050957581 0)
(3.3953496e-15 0.00050956865 0)
(3.22453e-15 0.00050956182 0)
(3.03554e-15 0.00050955536 0)
(2.8351642e-15 0.0005095493 0)
(2.629229e-15 0.00050954366 0)
(2.4225749e-15 0.00050953844 0)
(2.2190845e-15 0.00050953366 0)
(2.0217516e-15 0.00050952928 0)
(1.8327738e-15 0.0005095253 0)
(1.6536581e-15 0.0005095217 0)
(1.4853286e-15 0.00050951847 0)
(1.3282304e-15 0.00050951556 0)
(1.1824251e-15 0.00050951297 0)
(1.0476756e-15 0.00050951067 0)
(9.2351822e-16 0.00050950864 0)
(8.0932362e-16 0.00050950685 0)
(8.8065487e-16 0.00050964971 0)
(1.4393093e-15 0.00050964731 0)
(1.9570395e-15 0.0005096438 0)
(2.4208039e-15 0.00050963928 0)
(2.8205153e-15 0.00050963387 0)
(3.1494072e-15 0.0005096277 0)
(3.4041275e-15 0.00050962094 0)
(3.5845792e-15 0.00050961372 0)
(3.6935497e-15 0.00050960621 0)
(1.620134e-16 0.00050965092 0)
)
;
    }
    cornea_fsi
    {
        type            calculated;
        value           nonuniform List<vector> 
80
(
(8.034988e-14 -0.00050063119 0)
(2.4648997e-13 -0.00050063119 0)
(4.2704922e-13 -0.00050063119 0)
(6.261273e-13 -0.00050063119 0)
(8.428919e-13 -0.00050063119 0)
(1.0735345e-12 -0.00050063119 0)
(1.3110535e-12 -0.00050063119 0)
(1.5447823e-12 -0.00050063119 0)
(1.7610412e-12 -0.00050063119 0)
(1.9457113e-12 -0.00050063119 0)
(2.0884256e-12 -0.00050063119 0)
(2.187097e-12 -0.00050063119 0)
(2.2478338e-12 -0.00050063119 0)
(2.2803879e-12 -0.00050063119 0)
(2.2944482e-12 -0.00050063119 0)
(2.2977409e-12 -0.00050063119 0)
(2.2955819e-12 -0.00050063119 0)
(2.2912048e-12 -0.00050063119 0)
(2.2863464e-12 -0.00050063119 0)
(2.28182e-12 -0.00050063119 0)
(2.2779253e-12 -0.00050063119 0)
(2.2747055e-12 -0.00050063119 0)
(2.2721146e-12 -0.00050063118 0)
(2.2701287e-12 -0.00050063118 0)
(2.268834e-12 -0.00050063118 0)
(2.2685413e-12 -0.00050063118 0)
(2.269961e-12 -0.00050063118 0)
(2.2744736e-12 -0.00050063118 0)
(2.2845851e-12 -0.00050063118 0)
(2.3046707e-12 -0.00050063118 0)
(2.3421181e-12 -0.00050063118 0)
(2.4089132e-12 -0.00050063118 0)
(2.5232989e-12 -0.00050063118 0)
(2.71001e-12 -0.00050063118 0)
(2.9960143e-12 -0.00050063118 0)
(3.4006098e-12 -0.00050063118 0)
(3.8993856e-12 -0.00050063118 0)
(4.4302919e-12 -0.00050063118 0)
(2.258488e-12 -0.00050063117 0)
(3.406565e-12 -0.00050063118 0)
(-1.9457112e-12 -0.00050063119 0)
(-1.7610401e-12 -0.00050063119 0)
(-1.54478e-12 -0.00050063119 0)
(-1.3110502e-12 -0.00050063119 0)
(-1.0735305e-12 -0.00050063119 0)
(-8.4288765e-13 -0.00050063119 0)
(-6.2612333e-13 -0.00050063119 0)
(-4.2704589e-13 -0.00050063119 0)
(-2.4648734e-13 -0.00050063119 0)
(-8.0347708e-14 -0.00050063119 0)
(-2.3046722e-12 -0.00050063118 0)
(-2.2845872e-12 -0.00050063118 0)
(-2.2744758e-12 -0.00050063118 0)
(-2.2699629e-12 -0.00050063118 0)
(-2.2685428e-12 -0.00050063118 0)
(-2.268835e-12 -0.00050063118 0)
(-2.2701293e-12 -0.00050063118 0)
(-2.272115e-12 -0.00050063118 0)
(-2.2747056e-12 -0.00050063119 0)
(-2.2779253e-12 -0.00050063119 0)
(-2.2818199e-12 -0.00050063119 0)
(-2.2863462e-12 -0.00050063119 0)
(-2.2912045e-12 -0.00050063119 0)
(-2.2955814e-12 -0.00050063119 0)
(-2.2977403e-12 -0.00050063119 0)
(-2.2944476e-12 -0.00050063119 0)
(-2.2803875e-12 -0.00050063119 0)
(-2.2478338e-12 -0.00050063119 0)
(-2.1870972e-12 -0.00050063119 0)
(-2.0884259e-12 -0.00050063119 0)
(-2.258487e-12 -0.00050063117 0)
(-4.4302896e-12 -0.00050063118 0)
(-3.8993821e-12 -0.00050063118 0)
(-3.4006056e-12 -0.00050063118 0)
(-2.9960103e-12 -0.00050063118 0)
(-2.7100067e-12 -0.00050063118 0)
(-2.5232967e-12 -0.00050063118 0)
(-2.4089124e-12 -0.00050063118 0)
(-2.3421186e-12 -0.00050063118 0)
(-3.4065648e-12 -0.00050063118 0)
)
;
    }
    lens_bottom
    {
        type            calculated;
        value           nonuniform List<vector> 
30
(
(-1.5549293e-13 0.00050063119 0)
(-4.9460054e-13 0.00050063119 0)
(-9.2614251e-13 0.00050063119 0)
(-1.5409227e-12 0.00050063119 0)
(-2.4819721e-12 0.00050063119 0)
(-3.9825837e-12 0.00050063119 0)
(-6.4173924e-12 0.00050063119 0)
(-1.0382609e-11 0.0005006312 0)
(-1.6828336e-11 0.0005006312 0)
(-2.72882e-11 0.00050063122 0)
(-3.3668827e-11 0.00050063125 0)
(-3.4693449e-11 0.00050063129 0)
(-3.4630898e-11 0.00050063133 0)
(-3.4646541e-11 0.00050063136 0)
(-3.4666114e-11 0.0005006314 0)
(-3.4672807e-11 0.00050063143 0)
(-3.4674553e-11 0.00050063146 0)
(-3.467523e-11 0.0005006315 0)
(-3.4675558e-11 0.00050063153 0)
(-3.4675722e-11 0.00050063157 0)
(-3.4675854e-11 0.0005006316 0)
(-3.4676082e-11 0.00050063164 0)
(-3.4676624e-11 0.00050063167 0)
(-3.4677915e-11 0.00050063171 0)
(-3.4680744e-11 0.00050063174 0)
(-3.4686702e-11 0.00050063178 0)
(-3.4700236e-11 0.00050063181 0)
(-3.4709814e-11 0.00050063185 0)
(-3.4561955e-11 0.00050063188 0)
(-3.4473433e-11 0.00050063191 0)
)
;
    }
    lens_bottom_left
    {
        type            calculated;
        value           nonuniform List<vector> 
30
(
(2.72882e-11 0.00050063122 0)
(1.6828336e-11 0.0005006312 0)
(1.0382608e-11 0.0005006312 0)
(6.4173906e-12 0.00050063119 0)
(3.9825819e-12 0.00050063119 0)
(2.481971e-12 0.00050063119 0)
(1.5409226e-12 0.00050063119 0)
(9.2614329e-13 0.00050063119 0)
(4.9460206e-13 0.00050063119 0)
(1.5549479e-13 0.00050063119 0)
(3.4473433e-11 0.00050063191 0)
(3.4561955e-11 0.00050063188 0)
(3.4709815e-11 0.00050063185 0)
(3.4700236e-11 0.00050063181 0)
(3.4686703e-11 0.00050063178 0)
(3.4680744e-11 0.00050063174 0)
(3.4677916e-11 0.00050063171 0)
(3.4676624e-11 0.00050063167 0)
(3.4676083e-11 0.00050063164 0)
(3.4675854e-11 0.0005006316 0)
(3.4675723e-11 0.00050063157 0)
(3.4675559e-11 0.00050063153 0)
(3.467523e-11 0.0005006315 0)
(3.4674554e-11 0.00050063146 0)
(3.4672807e-11 0.00050063143 0)
(3.4666114e-11 0.0005006314 0)
(3.4646541e-11 0.00050063136 0)
(3.4630898e-11 0.00050063133 0)
(3.4693449e-11 0.00050063129 0)
(3.3668827e-11 0.00050063125 0)
)
;
    }
    lens_right
    {
        type            calculated;
        value           uniform (0 0 0);
    }
    lens_left
    {
        type            calculated;
        value           uniform (0 0 0);
    }
    lens_top
    {
        type            calculated;
        value           nonuniform List<vector> 
30
(
(3.4467998e-17 -0.00050948321 0)
(1.0409796e-16 -0.00050948307 0)
(1.7582959e-16 -0.00050948278 0)
(2.5113101e-16 -0.00050948234 0)
(3.3157434e-16 -0.00050948174 0)
(4.1888489e-16 -0.00050948096 0)
(5.1499847e-16 -0.00050948 0)
(6.2213065e-16 -0.00050947882 0)
(7.4286247e-16 -0.00050947742 0)
(8.80249e-16 -0.00050947574 0)
(1.0379596e-15 -0.00050947376 0)
(1.2204623e-15 -0.00050947143 0)
(1.4332695e-15 -0.00050946869 0)
(1.6832718e-15 -0.00050946548 0)
(1.9791978e-15 -0.0005094617 0)
(2.3322592e-15 -0.00050945725 0)
(2.7570699e-15 -0.000509452 0)
(3.2729885e-15 -0.00050944578 0)
(3.9060976e-15 -0.00050943837 0)
(4.6922905e-15 -0.0005094295 0)
(5.6818203e-15 -0.0005094188 0)
(6.9477531e-15 -0.00050940576 0)
(8.5956814e-15 -0.00050938971 0)
(1.0797932e-14 -0.00050936969 0)
(1.3786113e-14 -0.00050934423 0)
(1.8113618e-14 -0.00050931132 0)
(2.4060601e-14 -0.00050926691 0)
(3.4904873e-14 -0.00050920748 0)
(4.5672223e-14 -0.00050911307 0)
(5.9030141e-14 -0.00050900197 0)
)
;
    }
    lens_top_left
    {
        type            calculated;
        value           nonuniform List<vector> 
30
(
(-8.80249e-16 -0.00050947574 0)
(-7.4286246e-16 -0.00050947742 0)
(-6.2213065e-16 -0.00050947882 0)
(-5.1499847e-16 -0.00050948 0)
(-4.1888488e-16 -0.00050948096 0)
(-3.3157434e-16 -0.00050948174 0)
(-2.5113101e-16 -0.00050948234 0)
(-1.7582959e-16 -0.00050948278 0)
(-1.0409795e-16 -0.00050948307 0)
(-3.4467996e-17 -0.00050948321 0)
(-5.9030141e-14 -0.00050900197 0)
(-4.5672223e-14 -0.00050911307 0)
(-3.4904873e-14 -0.00050920748 0)
(-2.4060601e-14 -0.00050926691 0)
(-1.8113618e-14 -0.00050931132 0)
(-1.3786113e-14 -0.00050934423 0)
(-1.0797932e-14 -0.00050936969 0)
(-8.5956814e-15 -0.00050938971 0)
(-6.9477531e-15 -0.00050940576 0)
(-5.6818203e-15 -0.0005094188 0)
(-4.6922905e-15 -0.0005094295 0)
(-3.9060976e-15 -0.00050943837 0)
(-3.2729885e-15 -0.00050944578 0)
(-2.7570699e-15 -0.000509452 0)
(-2.3322592e-15 -0.00050945725 0)
(-1.9791978e-15 -0.0005094617 0)
(-1.6832718e-15 -0.00050946548 0)
(-1.4332695e-15 -0.00050946869 0)
(-1.2204623e-15 -0.00050947143 0)
(-1.0379596e-15 -0.00050947376 0)
)
;
    }
    iris_bottom
    {
        type            calculated;
        value           nonuniform List<vector> 
60
(
(2.5194551e-12 0.00050063119 0)
(2.4308689e-12 0.00050063119 0)
(2.2841921e-12 0.00050063119 0)
(2.2330622e-12 0.00050063119 0)
(2.2190735e-12 0.00050063119 0)
(2.2223544e-12 0.00050063119 0)
(2.2312667e-12 0.00050063119 0)
(2.2404511e-12 0.00050063119 0)
(2.2482573e-12 0.00050063119 0)
(2.2544805e-12 0.00050063119 0)
(2.2593325e-12 0.00050063119 0)
(2.2630961e-12 0.00050063119 0)
(2.2660036e-12 0.00050063118 0)
(2.2681775e-12 0.00050063118 0)
(2.2695754e-12 0.00050063118 0)
(2.2698962e-12 0.00050063118 0)
(2.2684228e-12 0.00050063118 0)
(2.2637596e-12 0.00050063118 0)
(2.2533954e-12 0.00050063118 0)
(2.2330067e-12 0.00050063118 0)
(2.1954255e-12 0.00050063118 0)
(2.1292877e-12 0.00050063118 0)
(2.0177001e-12 0.00050063118 0)
(1.8379963e-12 0.00050063118 0)
(1.5649488e-12 0.00050063118 0)
(1.1819655e-12 0.00050063118 0)
(7.0522622e-13 0.00050063118 0)
(2.1674027e-13 0.00050063118 0)
(-1.9055398e-13 0.00050063118 0)
(-1.2225507e-13 0.00050063118 0)
(-2.2330065e-12 0.00050063118 0)
(-2.2533945e-12 0.00050063118 0)
(-2.2637583e-12 0.00050063118 0)
(-2.2684214e-12 0.00050063118 0)
(-2.269895e-12 0.00050063118 0)
(-2.2695744e-12 0.00050063118 0)
(-2.2681768e-12 0.00050063118 0)
(-2.2660031e-12 0.00050063118 0)
(-2.2630957e-12 0.00050063119 0)
(-2.2593322e-12 0.00050063119 0)
(-2.2544803e-12 0.00050063119 0)
(-2.2482571e-12 0.00050063119 0)
(-2.2404511e-12 0.00050063119 0)
(-2.2312668e-12 0.00050063119 0)
(-2.2223546e-12 0.00050063119 0)
(-2.2190737e-12 0.00050063119 0)
(-2.2330625e-12 0.00050063119 0)
(-2.2841929e-12 0.00050063119 0)
(-2.4308704e-12 0.00050063119 0)
(-2.5194582e-12 0.00050063119 0)
(1.9055409e-13 0.00050063118 0)
(-2.1674057e-13 0.00050063118 0)
(-7.052272e-13 0.00050063118 0)
(-1.1819672e-12 0.00050063118 0)
(-1.5649509e-12 0.00050063118 0)
(-1.8379986e-12 0.00050063118 0)
(-2.0177022e-12 0.00050063118 0)
(-2.1292892e-12 0.00050063118 0)
(-2.1954262e-12 0.00050063118 0)
(1.2225515e-13 0.00050063118 0)
)
;
    }
    iris_pupil
    {
        type            calculated;
        value           nonuniform List<vector> 5((0.00048060595 -2.5258149e-12 0) (0.00048060595 -2.9060075e-12 0) (0.00048060595 -3.4402398e-12 0) (0.00048060594 -4.1444094e-12 0) (0.00048060593 -3.9978103e-12 0));
    }
    iris_pupil_left
    {
        type            calculated;
        value           nonuniform List<vector> 5((-0.00048060595 -2.5258265e-12 0) (-0.00048060595 -2.9060161e-12 0) (-0.00048060595 -3.4402456e-12 0) (-0.00048060594 -4.1444128e-12 0) (-0.00048060593 -3.9978117e-12 0));
    }
    iris_top
    {
        type            calculated;
        value           nonuniform List<vector> 
40
(
(-3.127642e-11 -0.00050063126 0)
(-3.3975981e-11 -0.00050063129 0)
(-3.4544749e-11 -0.00050063133 0)
(-3.4659392e-11 -0.00050063136 0)
(-3.4678044e-11 -0.0005006314 0)
(-3.4678462e-11 -0.00050063143 0)
(-3.467699e-11 -0.00050063146 0)
(-3.4676232e-11 -0.0005006315 0)
(-3.4675926e-11 -0.00050063153 0)
(-3.4675776e-11 -0.00050063157 0)
(-3.4675644e-11 -0.0005006316 0)
(-3.4675415e-11 -0.00050063164 0)
(-3.4674891e-11 -0.00050063167 0)
(-3.4673574e-11 -0.00050063171 0)
(-3.4670003e-11 -0.00050063174 0)
(-3.4660784e-11 -0.00050063178 0)
(-3.4641568e-11 -0.00050063181 0)
(-3.4597234e-11 -0.00050063185 0)
(-3.4391995e-11 -0.00050063188 0)
(-3.3017344e-11 -0.00050063192 0)
(-3.1495016e-11 -0.00050063195 0)
(-2.9985972e-11 -0.00050063197 0)
(-2.9421822e-11 -0.000500632 0)
(-2.9051744e-11 -0.00050063202 0)
(-2.8701435e-11 -0.00050063204 0)
(-2.8321793e-11 -0.00050063207 0)
(-2.7917153e-11 -0.00050063209 0)
(-2.7641113e-11 -0.00050063212 0)
(-2.9420078e-11 -0.00050063214 0)
(-1.8295293e-11 -0.00050063219 0)
(2.9420078e-11 -0.00050063214 0)
(2.7641113e-11 -0.00050063212 0)
(2.7917153e-11 -0.00050063209 0)
(2.8321794e-11 -0.00050063207 0)
(2.8701435e-11 -0.00050063204 0)
(2.9051744e-11 -0.00050063202 0)
(2.9421823e-11 -0.000500632 0)
(2.9985972e-11 -0.00050063197 0)
(3.1495016e-11 -0.00050063195 0)
(1.8295293e-11 -0.00050063219 0)
)
;
    }
    tm_limbus_wall
    {
        type            calculated;
        value           nonuniform List<vector> 4((1.2856265e-11 -0.00050063112 0) (1.2007467e-11 0.00050063112 0) (-1.2856265e-11 -0.00050063112 0) (-1.2007466e-11 0.00050063112 0));
    }
    ac_inlet
    {
        type            calculated;
        value           uniform (0 0 0);
    }
    ac_inlet_left
    {
        type            calculated;
        value           uniform (0 0 0);
    }
    outlet_tm
    {
        type            calculated;
        value           uniform (0 0 0);
    }
    outlet_tm_left
    {
        type            calculated;
        value           uniform (0 0 0);
    }
    front
    {
        type            empty;
    }
    back
    {
        type            empty;
    }
    defaultFaces
    {
        type            calculated;
        value           uniform (0 0 0);
    }
    needle_int_inlet_master
    {
        type            calculated;
        value           uniform (0 0 0);
    }
    needle_int_inlet_slave
    {
        type            calculated;
        value           uniform (0 0 0);
    }
    needle_int_outlet_master
    {
        type            calculated;
        value           uniform (0 0 0);
    }
    needle_int_outlet_slave
    {
        type            calculated;
        value           uniform (0 0 0);
    }
}


// ************************************************************************* //
