/*--------------------------------*- C++ -*----------------------------------*\
| =========                 |                                                 |
| \\      /  F ield         | OpenFOAM: The Open Source CFD Toolbox           |
|  \\    /   O peration     | Version:  2512                                  |
|   \\  /    A nd           | Website:  www.openfoam.com                      |
|    \\/     M anipulation  |                                                 |
\*---------------------------------------------------------------------------*/
FoamFile
{
    version     2.0;
    format      ascii;
    arch        "LSB;label=32;scalar=64";
    class       surfaceScalarField;
    location    "0.9";
    object      phi;
}
// * * * * * * * * * * * * * * * * * * * * * * * * * * * * * * * * * * * * * //

dimensions      [0 3 -1 0 0 0 0];

oriented        oriented;

internalField   nonuniform List<scalar> 
3704
(
-2.5325607e-06
-1.0252596e-14
-2.5325179e-06
-6.1368313e-13
-2.5324726e-06
-1.1259193e-12
-2.5324238e-06
-1.6518201e-12
-2.5323703e-06
-2.2171211e-12
-2.5323108e-06
-2.866801e-12
-2.5322436e-06
-3.6241226e-12
-2.5321671e-06
-4.5248612e-12
-2.5320793e-06
-5.6139462e-12
-2.5319779e-06
-6.9532926e-12
-2.53186e-06
-8.6216185e-12
-2.5317225e-06
-1.0700697e-11
-2.5315616e-06
-1.316752e-11
-2.5313729e-06
-1.6354191e-11
-2.5311505e-06
-2.0593079e-11
-2.5308882e-06
-2.5845981e-11
-2.5305778e-06
-3.2774245e-11
-2.5302096e-06
-4.172087e-11
-2.5297719e-06
-5.326863e-11
-2.5292504e-06
-6.796225e-11
-2.5286287e-06
-8.5839819e-11
-2.5278835e-06
-1.1096906e-10
-2.5269828e-06
-1.4848335e-10
-2.5258921e-06
-1.9677333e-10
-2.5245662e-06
-2.60873e-10
-2.5229471e-06
-3.4676371e-10
-2.5209603e-06
-4.622943e-10
-2.5185099e-06
-6.1768208e-10
-2.5154713e-06
-8.2697453e-10
-2.5116827e-06
-1.1090028e-09
-2.5069321e-06
-1.4895208e-09
-2.5009414e-06
-2.0027841e-09
-2.4933432e-06
-2.6957506e-09
-2.4836492e-06
-3.6334835e-09
-2.4712105e-06
-4.9017491e-09
-2.4551587e-06
-6.6188074e-09
-2.4343237e-06
-8.9490955e-09
-2.4071227e-06
-1.211576e-08
-2.3713916e-06
-1.6436076e-08
-2.3241309e-06
-2.2369129e-08
-2.2611052e-06
-3.0600623e-08
-2.1761695e-06
-4.2200845e-08
-2.0602154e-06
-5.8791229e-08
-1.8995701e-06
-8.2532543e-08
-1.6735844e-06
-1.157123e-07
-1.3478144e-06
-1.6112124e-07
-8.8186817e-07
-1.968229e-07
-3.3949549e-07
-2.3452515e-06
-3.1127816e-13
-2.3451255e-06
-7.9152268e-13
-2.3449935e-06
-1.4434153e-12
-2.3448522e-06
-2.1287586e-12
-2.3446982e-06
-2.8886124e-12
-2.3445277e-06
-3.7670119e-12
-2.3443366e-06
-4.8125234e-12
-2.34412e-06
-6.0849328e-12
-2.3438727e-06
-7.6677183e-12
-2.3435883e-06
-9.6811176e-12
-2.3432596e-06
-1.2316172e-11
-2.3428781e-06
-1.5920822e-11
-2.3424342e-06
-2.0116235e-11
-2.3419167e-06
-2.5335014e-11
-2.3413119e-06
-3.2692616e-11
-2.3406043e-06
-4.1694285e-11
-2.3397747e-06
-5.4017658e-11
-2.3388009e-06
-7.0183359e-11
-2.3376562e-06
-9.1594691e-11
-2.3363081e-06
-1.1999228e-10
-2.3347169e-06
-1.5786615e-10
-2.3328363e-06
-2.0948993e-10
-2.3306135e-06
-2.7920754e-10
-2.3279802e-06
-3.7193737e-10
-2.3248538e-06
-4.9616632e-10
-2.3211339e-06
-6.6297969e-10
-2.3166968e-06
-8.8713633e-10
-2.3113898e-06
-1.188813e-09
-2.3050234e-06
-1.5945381e-09
-2.2973607e-06
-2.1407427e-09
-2.2881046e-06
-2.8764555e-09
-2.2768803e-06
-3.8666333e-09
-2.2632118e-06
-5.2003984e-09
-2.2464964e-06
-6.9941564e-09
-2.2259571e-06
-9.4107055e-09
-2.2005897e-06
-1.2669594e-08
-2.1690879e-06
-1.7071882e-08
-2.129742e-06
-2.3024825e-08
-2.0802943e-06
-3.1098236e-08
-2.0177256e-06
-4.2109727e-08
-1.9379222e-06
-5.7276666e-08
-1.8351724e-06
-7.8467349e-08
-1.7014267e-06
-1.084758e-07
-1.5257494e-06
-1.5065681e-07
-1.2936894e-06
-2.0848426e-07
-9.83045e-07
-2.9058741e-07
-5.521646e-07
-4.0022441e-07
-6.8554036e-07
-2.0898124e-06
-3.9507243e-13
-2.0896057e-06
-1.1839546e-12
-2.0893891e-06
-2.0087425e-12
-2.0891573e-06
-2.8881913e-12
-2.0889047e-06
-3.8808364e-12
-2.0886252e-06
-5.0386823e-12
-2.0883119e-06
-6.4213583e-12
-2.0879571e-06
-8.1027626e-12
-2.0875522e-06
-1.0181823e-11
-2.0870873e-06
-1.2794605e-11
-2.0865508e-06
-1.6123953e-11
-2.0859299e-06
-2.0389637e-11
-2.085209e-06
-2.5745925e-11
-2.0843697e-06
-3.2757717e-11
-2.0833915e-06
-4.208745e-11
-2.0822493e-06
-5.4217094e-11
-2.0809143e-06
-7.0386893e-11
-2.0793524e-06
-9.1848476e-11
-2.0775233e-06
-1.2043748e-10
-2.0753794e-06
-1.5861095e-10
-2.0728642e-06
-2.0975565e-10
-2.0699116e-06
-2.7858593e-10
-2.0664425e-06
-3.7108437e-10
-2.0623622e-06
-4.9506524e-10
-2.0575575e-06
-6.6137269e-10
-2.051893e-06
-8.8487617e-10
-2.0452053e-06
-1.1858268e-09
-2.0372983e-06
-1.5900871e-09
-2.0279344e-06
-2.1331445e-09
-2.0168253e-06
-2.8625775e-09
-2.0036186e-06
-3.8434065e-09
-1.9878835e-06
-5.1599879e-09
-1.9690956e-06
-6.9220443e-09
-1.9465886e-06
-9.2979856e-09
-1.9195482e-06
-1.2485323e-08
-1.8869667e-06
-1.6755559e-08
-1.8475377e-06
-2.2528135e-08
-1.7996578e-06
-3.0277644e-08
-1.7412847e-06
-4.0717472e-08
-1.6698102e-06
-5.4849083e-08
-1.5818894e-06
-7.4133206e-08
-1.4730961e-06
-1.0088869e-07
-1.3377049e-06
-1.3844113e-07
-1.1684383e-06
-1.9087021e-07
-9.5737449e-07
-2.6185297e-07
-6.9888739e-07
-3.5891311e-07
-3.8562902e-07
-4.9285627e-07
-8.5526556e-07
-1.9963384e-06
-5.2862688e-13
-1.9960564e-06
-1.4238176e-12
-1.995761e-06
-2.3890764e-12
-1.9954449e-06
-3.4289152e-12
-1.9951006e-06
-4.5994338e-12
-1.9947196e-06
-5.9585814e-12
-1.9942927e-06
-7.5732307e-12
-1.9938095e-06
-9.5274343e-12
-1.9932582e-06
-1.1933308e-11
-1.9926254e-06
-1.4939566e-11
-1.9918957e-06
-1.8742672e-11
-1.9910512e-06
-2.3592025e-11
-1.9900712e-06
-2.9812901e-11
-1.9889315e-06
-3.792147e-11
-1.9876041e-06
-4.858228e-11
-1.9860562e-06
-6.2603945e-11
-1.9842493e-06
-8.1183136e-11
-1.9821386e-06
-1.0591948e-10
-1.9796712e-06
-1.3892958e-10
-1.9767852e-06
-1.8295024e-10
-1.9734073e-06
-2.4227551e-10
-1.9694521e-06
-3.216951e-10
-1.9648186e-06
-4.2824742e-10
-1.9593873e-06
-5.7122818e-10
-1.9530169e-06
-7.6320274e-10
-1.9455404e-06
-1.0210143e-09
-1.9367604e-06
-1.3669699e-09
-1.9264411e-06
-1.8320667e-09
-1.9143024e-06
-2.4558237e-09
-1.900014e-06
-3.288604e-09
-1.8831712e-06
-4.4123918e-09
-1.8632979e-06
-5.9142367e-09
-1.8398068e-06
-7.9319361e-09
-1.8120037e-06
-1.0639875e-08
-1.779049e-06
-1.4258092e-08
-1.739911e-06
-1.9100099e-08
-1.6933752e-06
-2.5583685e-08
-1.6379262e-06
-3.4258036e-08
-1.5717298e-06
-4.5877887e-08
-1.4925584e-06
-6.1501036e-08
-1.3978941e-06
-8.2477754e-08
-1.284377e-06
-1.1151752e-07
-1.1482511e-06
-1.5189067e-07
-9.8533933e-07
-2.0781413e-07
-7.9121093e-07
-2.8342549e-07
-5.61843e-07
-3.8722932e-07
-3.0005685e-07
-5.2625996e-07
-9.2526003e-07
-1.9384128e-06
-5.8502401e-13
-1.9380624e-06
-1.597082e-12
-1.9376953e-06
-2.6503555e-12
-1.9373027e-06
-3.7823252e-12
-1.936875e-06
-5.0571515e-12
-1.9364019e-06
-6.5339576e-12
-1.9358719e-06
-8.2793848e-12
-1.9352721e-06
-1.0381453e-11
-1.934588e-06
-1.295116e-11
-1.9338029e-06
-1.6139986e-11
-1.9328979e-06
-2.0149e-11
-1.9318509e-06
-2.5245547e-11
-1.9306363e-06
-3.1787905e-11
-1.9292247e-06
-4.0276948e-11
-1.9275817e-06
-5.1385415e-11
-1.925667e-06
-6.5998612e-11
-1.9234339e-06
-8.53209e-11
-1.9208276e-06
-1.1106127e-10
-1.9177843e-06
-1.4539353e-10
-1.9142289e-06
-1.9125481e-10
-1.9100743e-06
-2.5267347e-10
-1.9052179e-06
-3.349709e-10
-1.8995396e-06
-4.4532159e-10
-1.8928985e-06
-5.9331719e-10
-1.8851297e-06
-7.9181175e-10
-1.8760394e-06
-1.0582077e-09
-1.8654014e-06
-1.4139311e-09
-1.8529473e-06
-1.8933882e-09
-1.8383629e-06
-2.5358255e-09
-1.8212766e-06
-3.3942212e-09
-1.8012505e-06
-4.5529838e-09
-1.7777692e-06
-6.0997839e-09
-1.750231e-06
-8.1685687e-09
-1.717926e-06
-1.0933717e-08
-1.6800074e-06
-1.4623804e-08
-1.635484e-06
-1.9543566e-08
-1.583197e-06
-2.6096203e-08
-1.5218028e-06
-3.4799297e-08
-1.4497644e-06
-4.6347955e-08
-1.3652657e-06
-6.1786821e-08
-1.2660327e-06
-8.2602617e-08
-1.1500324e-06
-1.1093473e-07
-1.0149298e-06
-1.5008111e-07
-8.5819672e-07
-2.0433796e-07
-6.7808709e-07
-2.7732283e-07
-4.7317545e-07
-3.7803835e-07
-2.4410735e-07
-5.1272612e-07
-9.1300089e-07
-1.9017688e-06
-6.0963982e-13
-1.9013586e-06
-1.6831388e-12
-1.9009289e-06
-2.7930091e-12
-1.9004694e-06
-3.9777557e-12
-1.8999688e-06
-5.3040676e-12
-1.8994152e-06
-6.8258369e-12
-1.898795e-06
-8.6057686e-12
-1.8980933e-06
-1.0723228e-11
-1.8972931e-06
-1.328434e-11
-1.8963751e-06
-1.6429878e-11
-1.8953169e-06
-2.0347753e-11
-1.8940932e-06
-2.5289411e-11
-1.8926741e-06
-3.1592655e-11
-1.8910254e-06
-3.9729946e-11
-1.8891072e-06
-5.033357e-11
-1.886873e-06
-6.4234251e-11
-1.8842688e-06
-8.257615e-11
-1.8812315e-06
-1.068976e-10
-1.8776876e-06
-1.3926481e-10
-1.8735515e-06
-1.8245217e-10
-1.8687232e-06
-2.4019793e-10
-1.8630859e-06
-3.1748376e-10
-1.8565038e-06
-4.2098354e-10
-1.8488182e-06
-5.5960161e-10
-1.8398448e-06
-7.4457529e-10
-1.8293671e-06
-9.9371195e-10
-1.8171328e-06
-1.3272215e-09
-1.8028508e-06
-1.774274e-09
-1.7861771e-06
-2.376411e-09
-1.7667124e-06
-3.1819136e-09
-1.7440028e-06
-4.2600955e-09
-1.71751e-06
-5.7010453e-09
-1.6866134e-06
-7.6252196e-09
-1.6505966e-06
-1.0190517e-08
-1.6086347e-06
-1.3603068e-08
-1.5597873e-06
-1.8129997e-08
-1.5030152e-06
-2.4095848e-08
-1.437039e-06
-3.2053851e-08
-1.3604435e-06
-4.2602632e-08
-1.2716902e-06
-5.6653078e-08
-1.1693604e-06
-7.5298944e-08
-1.0519689e-06
-1.0047762e-07
-9.1813702e-07
-1.3515214e-07
-7.6680455e-07
-1.8317749e-07
-5.9725549e-07
-2.478497e-07
-4.0939825e-07
-3.3774096e-07
-2.0295373e-07
-4.5931839e-07
-8.2831244e-07
-1.8840619e-06
-6.0027548e-13
-1.883602e-06
-1.6909515e-12
-1.8831202e-06
-2.8158849e-12
-1.8826051e-06
-4.010947e-12
-1.882044e-06
-5.3329392e-12
-1.8814234e-06
-6.8276298e-12
-1.8807283e-06
-8.5473995e-12
-1.879942e-06
-1.0559347e-11
-1.8790454e-06
-1.2951823e-11
-1.8780169e-06
-1.5842152e-11
-1.8768317e-06
-1.9386958e-11
-1.8754612e-06
-2.3800264e-11
-1.8738723e-06
-2.9372363e-11
-1.8720269e-06
-3.6485491e-11
-1.8698805e-06
-4.5663847e-11
-1.8673814e-06
-5.7613003e-11
-1.8644697e-06
-7.3287256e-11
-1.8610754e-06
-9.3976044e-11
-1.8571173e-06
-1.2140769e-10
-1.8525007e-06
-1.5790456e-10
-1.8471155e-06
-2.0658476e-10
-1.8408335e-06
-2.7158484e-10
-1.8335061e-06
-3.5830802e-10
-1.8249603e-06
-4.7434295e-10
-1.814994e-06
-6.2996658e-10
-1.8033751e-06
-8.3852518e-10
-1.7898332e-06
-1.1177012e-09
-1.774053e-06
-1.4949236e-09
-1.7556765e-06
-1.9989678e-09
-1.7342874e-06
-2.6733521e-09
-1.7094068e-06
-3.5754301e-09
-1.6804858e-06
-4.7801343e-09
-1.6468974e-06
-6.3862204e-09
-1.6079297e-06
-8.5222629e-09
-1.5627856e-06
-1.1347314e-08
-1.5105727e-06
-1.5072349e-08
-1.4502298e-06
-2.0018457e-08
-1.3806318e-06
-2.6607658e-08
-1.3005687e-06
-3.5306534e-08
-1.2088748e-06
-4.6744949e-08
-1.104276e-06
-6.1873638e-08
-9.856947e-07
-8.2176998e-08
-8.5240073e-07
-1.1002198e-07
-7.0409908e-07
-1.4858816e-07
-5.4075367e-07
-2.0067375e-07
-3.6331917e-07
-2.7350983e-07
-1.7232902e-07
-3.7310817e-07
-6.8140857e-07
-1.8773233e-06
-5.6310287e-13
-1.876825e-06
-1.6301328e-12
-1.8763031e-06
-2.7308269e-12
-1.8757449e-06
-3.8923346e-12
-1.8751371e-06
-5.1579031e-12
-1.8744648e-06
-6.5602894e-12
-1.8737119e-06
-8.1370094e-12
-1.8728602e-06
-9.93582e-12
-1.8718892e-06
-1.2019977e-11
-1.8707754e-06
-1.4474659e-11
-1.8694921e-06
-1.7410449e-11
-1.8680084e-06
-2.0977768e-11
-1.8662886e-06
-2.5379221e-11
-1.8642915e-06
-3.0889403e-11
-1.8619691e-06
-3.787912e-11
-1.8592659e-06
-4.6849238e-11
-1.8561172e-06
-5.8478376e-11
-1.852448e-06
-7.3683875e-11
-1.8481709e-06
-9.3698317e-11
-1.8431846e-06
-1.2017723e-10
-1.8373711e-06
-1.5532682e-10
-1.8305938e-06
-2.0198569e-10
-1.8226937e-06
-2.6425728e-10
-1.8134868e-06
-3.476224e-10
-1.8027603e-06
-4.5915571e-10
-1.7902682e-06
-6.0834018e-10
-1.7757248e-06
-8.0991664e-10
-1.7588059e-06
-1.0798461e-09
-1.7391355e-06
-1.4411585e-09
-1.716284e-06
-1.9246555e-09
-1.6897611e-06
-2.5711801e-09
-1.6590102e-06
-3.4341256e-09
-1.6234018e-06
-4.5834384e-09
-1.5822312e-06
-6.1068905e-09
-1.5347178e-06
-8.1075137e-09
-1.4799583e-06
-1.0769145e-08
-1.4169951e-06
-1.4298973e-08
-1.3448049e-06
-1.899619e-08
-1.2623406e-06
-2.5143287e-08
-1.1684873e-06
-3.3209978e-08
-1.0621904e-06
-4.3839351e-08
-9.4260127e-07
-5.8040514e-08
-8.093087e-07
-7.7441419e-08
-6.6244765e-07
-1.0431808e-07
-5.0245484e-07
-1.4067754e-07
-3.3085443e-07
-1.9191142e-07
-1.4926243e-07
-2.6245214e-07
-4.8414856e-07
-1.8751939e-06
-5.0220713e-13
-1.8746695e-06
-1.5094698e-12
-1.8741202e-06
-2.5478542e-12
-1.8735328e-06
-3.6377369e-12
-1.8728932e-06
-4.8011647e-12
-1.8721857e-06
-6.0560597e-12
-1.8713935e-06
-7.4216672e-12
-1.8704973e-06
-8.9223116e-12
-1.8694756e-06
-1.0590725e-11
-1.8683039e-06
-1.2467948e-11
-1.8669538e-06
-1.4609087e-11
-1.8653931e-06
-1.7087916e-11
-1.8635843e-06
-2.0003833e-11
-1.861484e-06
-2.3491384e-11
-1.859042e-06
-2.7733283e-11
-1.8562e-06
-3.2978464e-11
-1.8528903e-06
-3.9565665e-11
-1.8490342e-06
-4.7955446e-11
-1.8445406e-06
-5.8771727e-11
-1.8393032e-06
-7.2852859e-11
-1.8331991e-06
-9.1307987e-11
-1.8260856e-06
-1.1556608e-10
-1.8177972e-06
-1.4788715e-10
-1.8081427e-06
-1.9093549e-10
-1.7969014e-06
-2.48376e-10
-1.7838181e-06
-3.2555038e-10
-1.7686008e-06
-4.2956178e-10
-1.7509136e-06
-5.688481e-10
-1.7303719e-06
-7.5557144e-10
-1.706538e-06
-1.0057315e-09
-1.6789148e-06
-1.3405131e-09
-1.6469412e-06
-1.787752e-09
-1.6099872e-06
-2.3834862e-09
-1.5673524e-06
-3.1693749e-09
-1.5182451e-06
-4.2077626e-09
-1.4618225e-06
-5.5854471e-09
-1.3971579e-06
-7.4275416e-09
-1.3233188e-06
-9.8547779e-09
-1.239284e-06
-1.3034277e-08
-1.1440422e-06
-1.7200684e-08
-1.0366475e-06
-2.2679864e-08
-9.1636539e-07
-2.99815e-08
-7.8293104e-07
-3.991435e-08
-6.3672406e-07
-5.3651024e-08
-4.7829598e-07
-7.23689e-08
-3.0975727e-07
-9.8890061e-08
-1.3360124e-07
-1.3537579e-07
-2.5125727e-07
-1.8746382e-06
-4.2445659e-13
-1.8741005e-06
-1.3411048e-12
-1.8735374e-06
-2.2880418e-12
-1.8729352e-06
-3.2730021e-12
-1.8722795e-06
-4.2980272e-12
-1.8715542e-06
-5.363529e-12
-1.8707421e-06
-6.4687954e-12
-1.8698234e-06
-7.612502e-12
-1.868776e-06
-8.7923966e-12
-1.8675749e-06
-1.0003843e-11
-1.8661911e-06
-1.1239566e-11
-1.8645914e-06
-1.2489002e-11
-1.8627375e-06
-1.3737912e-11
-1.860585e-06
-1.4967689e-11
-1.8580824e-06
-1.6155258e-11
-1.8551702e-06
-1.7271929e-11
-1.8517791e-06
-1.8284215e-11
-1.8478285e-06
-1.9153377e-11
-1.8432253e-06
-1.9834928e-11
-1.837861e-06
-2.0280026e-11
-1.83161e-06
-2.043235e-11
-1.8243264e-06
-2.0220293e-11
-1.8158418e-06
-1.9589959e-11
-1.8059613e-06
-1.8480508e-11
-1.7944599e-06
-1.6820157e-11
-1.781079e-06
-1.455175e-11
-1.7655217e-06
-1.1620779e-11
-1.7474474e-06
-7.9888029e-12
-1.7264675e-06
-3.6127558e-12
-1.70214e-06
1.5194998e-12
-1.6739649e-06
7.3953818e-12
-1.6413791e-06
1.3968322e-11
-1.6037526e-06
2.1153135e-11
-1.5603797e-06
2.8835152e-11
-1.5104856e-06
3.6879688e-11
-1.4532341e-06
4.5022769e-11
-1.3877493e-06
5.2949898e-11
-1.3130932e-06
6.0221684e-11
-1.2282916e-06
6.6372237e-11
-1.1323792e-06
7.0863506e-11
-1.0244606e-06
7.3072612e-11
-9.0384782e-07
7.2471833e-11
-7.7028382e-07
6.8566952e-11
-6.2417172e-07
6.1425812e-11
-4.663486e-07
5.060434e-11
-2.9933123e-07
3.7346056e-11
-1.2572346e-07
2.2600817e-11
5.5618162e-12
-1.8746382e-06
-3.3590342e-13
-1.8741005e-06
-1.1397273e-12
-1.8735374e-06
-1.9718065e-12
-1.8729352e-06
-2.8276936e-12
-1.8722794e-06
-3.688977e-12
-1.8715542e-06
-4.5385625e-12
-1.870742e-06
-5.3561857e-12
-1.8698233e-06
-6.1141333e-12
-1.8687759e-06
-6.7762997e-12
-1.8675748e-06
-7.2918995e-12
-1.8661909e-06
-7.5915797e-12
-1.8645912e-06
-7.5806034e-12
-1.8627372e-06
-7.131681e-12
-1.8605847e-06
-6.0732533e-12
-1.8580821e-06
-4.1768327e-12
-1.8551698e-06
-1.1374656e-12
-1.8517786e-06
3.4500814e-12
-1.8478279e-06
1.0123204e-11
-1.8432246e-06
1.9592175e-11
-1.8378601e-06
3.2789364e-11
-1.8316088e-06
5.0900904e-11
-1.8243249e-06
7.5620395e-11
-1.8158399e-06
1.0916909e-10
-1.805959e-06
1.5439073e-10
-1.7944571e-06
2.1506123e-10
-1.7810756e-06
2.9680163e-10
-1.7655177e-06
4.0649949e-10
-1.7474426e-06
5.5291778e-10
-1.7264618e-06
7.4823507e-10
-1.7021334e-06
1.0084706e-09
-1.6739573e-06
1.3547771e-09
-1.6413705e-06
1.8148984e-09
-1.6037429e-06
2.4246999e-09
-1.560369e-06
3.2254409e-09
-1.510474e-06
4.2797264e-09
-1.4532217e-06
5.673188e-09
-1.3877365e-06
7.5308632e-09
-1.3130801e-06
9.9720896e-09
-1.2282787e-06
1.3163522e-08
-1.1323668e-06
1.7338592e-08
-1.024449e-06
2.2822077e-08
-9.0383766e-07
3.0122439e-08
-7.7027465e-07
4.004751e-08
-6.2416541e-07
5.3769813e-08
-4.6634343e-07
7.2468073e-08
-2.99327e-07
9.8963798e-08
-1.2572233e-07
1.354174e-07
2.5126938e-07
-1.8751939e-06
-2.4390211e-13
-1.8746694e-06
-9.2042605e-13
-1.8741201e-06
-1.6215393e-12
-1.8735327e-06
-2.3327e-12
-1.872893e-06
-3.0164015e-12
-1.8721856e-06
-3.6400266e-12
-1.8713933e-06
-4.1648374e-12
-1.870497e-06
-4.5412519e-12
-1.8694753e-06
-4.6993308e-12
-1.8683035e-06
-4.5483575e-12
-1.8669533e-06
-3.9621036e-12
-1.8653925e-06
-2.7709662e-12
-1.8635836e-06
-7.446196e-13
-1.8614832e-06
2.4265633e-12
-1.859041e-06
7.1574476e-12
-1.8561988e-06
1.4002448e-11
-1.8528888e-06
2.3704373e-11
-1.8490325e-06
3.7254669e-11
-1.8445384e-06
5.5967819e-11
-1.8393004e-06
8.1591956e-11
-1.8331957e-06
1.164323e-10
-1.8260812e-06
1.6340652e-10
-1.8177918e-06
2.2692315e-10
-1.8081361e-06
3.1234192e-10
-1.7968934e-06
4.269561e-10
-1.7838082e-06
5.8036406e-10
-1.7685889e-06
7.8745659e-10
-1.7508994e-06
1.0641031e-09
-1.7303553e-06
1.4335358e-09
-1.7065185e-06
1.926536e-09
-1.6788924e-06
2.5839131e-09
-1.6469158e-06
3.458952e-09
-1.6099588e-06
4.6214259e-09
-1.5673211e-06
6.1587859e-09
-1.5182112e-06
8.1740748e-09
-1.4617863e-06
1.0850286e-08
-1.3971203e-06
1.4394583e-08
-1.3232805e-06
1.9104481e-08
-1.239246e-06
2.5262384e-08
-1.1440055e-06
3.3336863e-08
-1.0366134e-06
4.3969941e-08
-9.1633497e-07
5.8169815e-08
-7.8290579e-07
7.7563551e-08
-6.3670304e-07
1.0442761e-07
-4.782804e-07
1.4076723e-07
-3.0974724e-07
1.9197788e-07
-1.3359529e-07
2.62493e-07
4.8415888e-07
-1.8773232e-06
-1.5566227e-13
-1.8768249e-06
-6.9840726e-13
-1.8763029e-06
-1.2608755e-12
-1.8757448e-06
-1.8202771e-12
-1.8751369e-06
-2.3237677e-12
-1.8744645e-06
-2.7262959e-12
-1.8737116e-06
-2.9744563e-12
-1.8728598e-06
-2.9990868e-12
-1.8718887e-06
-2.7075347e-12
-1.8707748e-06
-1.9745005e-12
-1.8694914e-06
-6.3087954e-13
-1.8680075e-06
1.5596681e-12
-1.8662876e-06
4.9062935e-12
-1.8642902e-06
9.8275982e-12
-1.8619676e-06
1.6888808e-11
-1.859264e-06
2.6845325e-11
-1.8561149e-06
4.0710931e-11
-1.8524451e-06
5.9843903e-11
-1.8481674e-06
8.60499e-11
-1.8431801e-06
1.2173635e-10
-1.8373656e-06
1.7011695e-10
-1.830587e-06
2.3542799e-10
-1.8226852e-06
3.2315331e-10
-1.8134763e-06
4.4115378e-10
-1.8027474e-06
5.9958431e-10
-1.7902525e-06
8.1198758e-10
-1.7757059e-06
1.0961782e-09
-1.7587833e-06
1.4795807e-09
-1.739109e-06
1.9909898e-09
-1.7162531e-06
2.6739804e-09
-1.6897256e-06
3.5858511e-09
-1.6589699e-06
4.8014245e-09
-1.6233567e-06
6.4192818e-09
-1.5821816e-06
8.5677533e-09
-1.5346639e-06
1.1405531e-08
-1.479901e-06
1.514347e-08
-1.416935e-06
2.0101793e-08
-1.3447438e-06
2.6702152e-08
-1.2622799e-06
3.5409985e-08
-1.1684287e-06
4.6854708e-08
-1.0621358e-06
6.1986223e-08
-9.4255244e-07
8.2288056e-08
-8.0926684e-07
1.1012671e-07
-6.6241472e-07
1.4868106e-07
-5.0243e-07
2.0075141e-07
-3.3083725e-07
2.7356738e-07
-1.4925407e-07
3.7314149e-07
6.814185e-07
-1.8840618e-06
-7.6143803e-14
-1.8836019e-06
-4.8539114e-13
-1.8831201e-06
-9.0779567e-13
-1.8826049e-06
-1.3145216e-12
-1.8820437e-06
-1.6458306e-12
-1.881423e-06
-1.8452089e-12
-1.8807279e-06
-1.8514717e-12
-1.8799414e-06
-1.5816911e-12
-1.8790447e-06
-9.2749126e-13
-1.8780161e-06
2.6078719e-13
-1.8768307e-06
2.1808942e-12
-1.87546e-06
5.1026509e-12
-1.873871e-06
9.3844065e-12
-1.8720253e-06
1.5536976e-11
-1.8698785e-06
2.4215041e-11
-1.867379e-06
3.630411e-11
-1.8644667e-06
5.2999779e-11
-1.8610717e-06
7.5902893e-11
-1.8571127e-06
1.071469e-10
-1.8524949e-06
1.4958622e-10
-1.8471083e-06
2.0704145e-10
-1.8408246e-06
2.8458579e-10
-1.8334951e-06
3.8898526e-10
-1.8249466e-06
5.2923032e-10
-1.8149773e-06
7.167333e-10
-1.8033547e-06
9.692389e-10
-1.7898087e-06
1.307104e-09
-1.7740237e-06
1.7595506e-09
-1.7556421e-06
2.3682018e-09
-1.7342472e-06
3.1811214e-09
-1.7093607e-06
4.2677507e-09
-1.6804334e-06
5.7180096e-09
-1.6468389e-06
7.6521899e-09
-1.6078652e-06
1.022796e-08
-1.5627157e-06
1.3651146e-08
-1.5104982e-06
1.8188477e-08
-1.450152e-06
2.4164235e-08
-1.3805521e-06
3.2130802e-08
-1.3004896e-06
4.2686709e-08
-1.2087981e-06
5.674147e-08
-1.1042043e-06
7.5388935e-08
-9.8563026e-07
1.0056572e-07
-8.5234583e-07
1.3523456e-07
-7.0405401e-07
1.8325101e-07
-5.4072019e-07
2.4790979e-07
-3.63297e-07
3.3778563e-07
-1.7231724e-07
4.5934592e-07
8.283197e-07
-1.9017688e-06
-1.3707522e-14
-1.9013585e-06
-2.9718729e-13
-1.9009287e-06
-5.8128826e-13
-1.9004691e-06
-8.4041748e-13
-1.8999685e-06
-1.0122483e-12
-1.8994147e-06
-1.0396126e-12
-1.8987945e-06
-8.5389973e-13
-1.8980926e-06
-3.6649944e-13
-1.8972923e-06
5.3837637e-13
-1.8963741e-06
2.016654e-12
-1.8953158e-06
4.2811396e-12
-1.8940919e-06
7.6124448e-12
-1.8926726e-06
1.2390029e-11
-1.8910236e-06
1.9139482e-11
-1.8891049e-06
2.8565955e-11
-1.8868702e-06
4.1592548e-11
-1.8842653e-06
5.9470303e-11
-1.8812272e-06
8.3973733e-11
-1.8776823e-06
1.1731069e-10
-1.8735449e-06
1.6250183e-10
-1.8687149e-06
2.2364758e-10
-1.8630756e-06
3.0614084e-10
-1.8564911e-06
4.1723918e-10
-1.8488025e-06
5.6661168e-10
-1.8398255e-06
7.6719054e-10
-1.8293437e-06
1.0364155e-09
-1.8171045e-06
1.3957278e-09
-1.8028172e-06
1.8797851e-09
-1.7861374e-06
2.5275532e-09
-1.7666662e-06
3.392099e-09
-1.7439496e-06
4.5578382e-09
-1.7174497e-06
6.1121546e-09
-1.6865458e-06
8.1889802e-09
-1.6505222e-06
1.096241e-08
-1.608554e-06
1.4660766e-08
-1.5597013e-06
1.9588449e-08
-1.5029253e-06
2.6148298e-08
-1.4369469e-06
3.4857326e-08
-1.3603514e-06
4.6410659e-08
-1.2716007e-06
6.1851941e-08
-1.1692765e-06
8.2668133e-08
-1.0518932e-06
1.109978e-07
-9.1807177e-07
1.5013933e-07
-7.6675219e-07
2.0438854e-07
-5.9721557e-07
2.7736508e-07
-4.0937181e-07
3.7806938e-07
-2.0294053e-07
5.1274456e-07
9.130059e-07
-1.9384128e-06
3.0127923e-14
-1.9380623e-06
-1.4793542e-13
-1.9376951e-06
-2.929004e-13
-1.9373024e-06
-4.0822475e-13
-1.9368747e-06
-4.3892129e-13
-1.9364015e-06
-3.2916445e-13
-1.9358713e-06
-9.79455e-15
-1.9352714e-06
6.02774e-13
-1.9345872e-06
1.6254089e-12
-1.933802e-06
3.2104531e-12
-1.9328967e-06
5.5642712e-12
-1.9318495e-06
8.9460382e-12
-1.9306347e-06
1.3700942e-11
-1.9292228e-06
2.0364312e-11
-1.9275793e-06
2.9626009e-11
-1.925664e-06
4.232656e-11
-1.9234302e-06
5.9703126e-11
-1.9208231e-06
8.3398638e-11
-1.9177787e-06
1.1557568e-10
-1.914222e-06
1.5902141e-10
-1.9100657e-06
2.1811812e-10
-1.9052071e-06
2.9766126e-10
-1.8995262e-06
4.0479356e-10
-1.892882e-06
5.4886084e-10
-1.8851095e-06
7.4248377e-10
-1.8760148e-06
1.0025396e-09
-1.8653719e-06
1.3513772e-09
-1.8529121e-06
1.8200299e-09
-1.8383213e-06
2.447942e-09
-1.8212282e-06
3.2855683e-09
-1.8011947e-06
4.4146769e-09
-1.7777059e-06
5.9222397e-09
-1.7501601e-06
7.9460426e-09
-1.7178477e-06
1.0660012e-08
-1.6799224e-06
1.4284135e-08
-1.6353933e-06
1.9131585e-08
-1.5831019e-06
2.5619842e-08
-1.5217055e-06
3.4297772e-08
-1.4496668e-06
4.591987e-08
-1.3651708e-06
6.1543642e-08
-1.2659432e-06
8.2519445e-08
-1.1499516e-06
1.1155649e-07
-1.0148605e-06
1.5192522e-07
-8.5813979e-07
2.0784407e-07
-6.7804515e-07
2.8344913e-07
-4.7314815e-07
3.8724734e-07
-2.4409447e-07
5.2626996e-07
9.2526207e-07
-1.9963384e-06
1.3716633e-14
-1.9960564e-06
-1.9481409e-14
-1.9957608e-06
-5.4497153e-14
-1.9954447e-06
-6.5552184e-14
-1.9951003e-06
-1.4803469e-15
-1.9947192e-06
1.9348338e-13
-1.9942922e-06
5.7499194e-13
-1.9938089e-06
1.2225919e-12
-1.9932575e-06
2.233285e-12
-1.9926245e-06
3.7509639e-12
-1.9918946e-06
5.9610681e-12
-1.9910499e-06
9.0962745e-12
-1.9900696e-06
1.3316994e-11
-1.9889296e-06
1.9220898e-11
-1.9876018e-06
2.7466165e-11
-1.9860533e-06
3.8577346e-11
-1.9842459e-06
5.3814328e-11
-1.9821343e-06
7.4469012e-11
-1.9796659e-06
1.024077e-10
-1.9767785e-06
1.4013239e-10
-1.973399e-06
1.910692e-10
-1.9694417e-06
2.5997935e-10
-1.9648058e-06
3.5289118e-10
-1.9593715e-06
4.7766387e-10
-1.9529975e-06
6.4517387e-10
-1.9455169e-06
8.703345e-10
-1.9367321e-06
1.1733831e-09
-1.9264073e-06
1.5802225e-09
-1.9142626e-06
2.1262992e-09
-1.8999676e-06
2.8591675e-09
-1.8831178e-06
3.8437619e-09
-1.8632373e-06
5.1643425e-09
-1.8397387e-06
6.930459e-09
-1.8119285e-06
9.310518e-09
-1.7789673e-06
1.2501586e-08
-1.7398236e-06
1.677506e-08
-1.6932834e-06
2.2550186e-08
-1.637832e-06
3.0301203e-08
-1.5716353e-06
4.07415e-08
-1.4924665e-06
5.4872393e-08
-1.3978076e-06
7.4154749e-08
-1.2842991e-06
1.0090741e-07
-1.1481839e-06
1.3845669e-07
-9.8528567e-07
1.9088221e-07
-7.9117059e-07
2.6186326e-07
-5.6181909e-07
3.5891874e-07
-3.0004622e-07
4.9286049e-07
8.5526518e-07
-2.0898124e-06
5.6410319e-14
-2.0896056e-06
-2.0690178e-14
-2.0893889e-06
5.080631e-14
-2.0891571e-06
1.3178945e-13
-2.0889045e-06
2.6166947e-13
-2.0886249e-06
4.8567197e-13
-2.0883115e-06
8.5196554e-13
-2.0879566e-06
1.4222218e-12
-2.0875516e-06
2.2802486e-12
-2.0870865e-06
3.549953e-12
-2.0865499e-06
5.4249413e-12
-2.0859288e-06
8.2599497e-12
-2.0852076e-06
1.1683185e-11
-2.0843681e-06
1.6168192e-11
-2.0833895e-06
2.2776041e-11
-2.0822468e-06
3.109044e-11
-2.0809112e-06
4.2775925e-11
-2.0793486e-06
5.8391934e-11
-2.0775186e-06
7.9357146e-11
-2.0753736e-06
1.0744303e-10
-2.072857e-06
1.4516575e-10
-2.0699026e-06
1.9682078e-10
-2.0664314e-06
2.6679775e-10
-2.0623485e-06
3.6003019e-10
-2.0575407e-06
4.8502729e-10
-2.0518727e-06
6.5289096e-10
-2.0451809e-06
8.7838996e-10
-2.0372692e-06
1.1816988e-09
-2.0279001e-06
1.5893198e-09
-2.0167854e-06
2.1376563e-09
-2.0035727e-06
2.8756749e-09
-1.9878313e-06
3.868254e-09
-1.9690371e-06
5.2044183e-09
-1.9465239e-06
7.0004422e-09
-1.9194779e-06
9.4189746e-09
-1.8868914e-06
1.2679394e-08
-1.8474587e-06
1.7082609e-08
-1.7995766e-06
2.3035743e-08
-1.7412034e-06
3.1108591e-08
-1.6697311e-06
4.2118766e-08
-1.5818153e-06
5.7283832e-08
-1.4730298e-06
7.8472213e-08
-1.3376487e-06
1.0847816e-07
-1.1683921e-06
1.5065907e-07
-9.5734487e-07
2.0848421e-07
-6.9886912e-07
2.9058947e-07
-3.8562396e-07
4.0022414e-07
6.8554272e-07
-2.3452515e-06
-1.1359215e-13
-2.3451255e-06
2.1201262e-13
-2.3449934e-06
4.3612058e-13
-2.344852e-06
6.5915196e-13
-2.344698e-06
9.0900625e-13
-2.3445275e-06
1.22793e-12
-2.3443363e-06
1.6432318e-12
-2.3441197e-06
2.1884289e-12
-2.3438722e-06
2.9127381e-12
-2.3435877e-06
3.8764093e-12
-2.3432589e-06
5.1635429e-12
-2.3428773e-06
6.8558324e-12
-2.3424332e-06
8.9333043e-12
-2.3419155e-06
1.1746197e-11
-2.3413105e-06
1.5612971e-11
-2.3406025e-06
2.0517917e-11
-2.3397725e-06
2.7126503e-11
-2.3387982e-06
3.5794808e-11
-2.3376528e-06
4.711842e-11
-2.3363039e-06
6.1653593e-11
-2.3347117e-06
7.9459277e-11
-2.3328299e-06
1.0457427e-10
-2.3306056e-06
1.4221623e-10
-2.3279705e-06
1.9074344e-10
-2.3248421e-06
2.5521027e-10
-2.3211196e-06
3.4159824e-10
-2.3166797e-06
4.5776327e-10
-2.3113695e-06
6.139122e-10
-2.3049995e-06
8.240866e-10
-2.2973329e-06
1.1070894e-09
-2.2880727e-06
1.4886484e-09
-2.276844e-06
2.0029675e-09
-2.2631712e-06
2.6969584e-09
-2.2464515e-06
3.6356126e-09
-2.2259083e-06
4.9046085e-09
-2.2005375e-06
6.6221289e-09
-2.1690332e-06
8.9525256e-09
-2.1296857e-06
1.2118923e-08
-2.0802381e-06
1.6438543e-08
-2.017671e-06
2.2370616e-08
-1.9378717e-06
3.0600802e-08
-1.8351282e-06
4.2199759e-08
-1.7013876e-06
5.8789594e-08
-1.5257228e-06
8.2530818e-08
-1.2936686e-06
1.1571005e-07
-9.830364e-07
1.6112219e-07
-5.5216114e-07
1.9682895e-07
3.3950085e-07
-2.5325607e-06
-2.5325178e-06
-2.5324726e-06
-2.5324238e-06
-2.5323703e-06
-2.5323107e-06
-2.5322435e-06
-2.532167e-06
-2.5320791e-06
-2.5319776e-06
-2.5318597e-06
-2.5317221e-06
-2.5315612e-06
-2.5313723e-06
-2.5311499e-06
-2.5308875e-06
-2.5305769e-06
-2.5302086e-06
-2.5297706e-06
-2.5292488e-06
-2.5286268e-06
-2.5278812e-06
-2.52698e-06
-2.5258887e-06
-2.5245621e-06
-2.5229422e-06
-2.5209544e-06
-2.5185029e-06
-2.5154631e-06
-2.5116732e-06
-2.5069211e-06
-2.5009289e-06
-2.4933292e-06
-2.4836337e-06
-2.4711936e-06
-2.4551407e-06
-2.4343047e-06
-2.4071032e-06
-2.3713721e-06
-2.3241122e-06
-2.2610879e-06
-2.1761545e-06
-2.0602012e-06
-1.8995625e-06
-1.6735749e-06
-1.3478085e-06
-8.8186607e-07
-7.4729153e-07
2.2066295e-07
-1.214187e-06
2.0040047e-07
-1.5478435e-06
1.6204445e-07
-1.7899238e-06
1.2145867e-07
-1.9678588e-06
8.9644538e-08
-2.0994742e-06
6.5521342e-08
-2.1975559e-06
4.7898969e-08
-2.2711846e-06
3.5136406e-08
-2.3268033e-06
2.5849513e-08
-2.3690394e-06
1.904651e-08
-2.4012665e-06
1.4041908e-08
-2.4259702e-06
1.0351682e-08
-2.4449954e-06
7.6285183e-09
-2.4597186e-06
5.6189499e-09
-2.4711699e-06
4.136052e-09
-2.4801228e-06
3.0422019e-09
-2.4871603e-06
2.235896e-09
-2.4927219e-06
1.64106e-09
-2.4971414e-06
1.2027323e-09
-2.5006727e-06
8.8010225e-10
-2.5035099e-06
6.4290968e-10
-2.5058016e-06
4.685531e-10
-2.507663e-06
3.4114774e-10
-2.5091813e-06
2.4664891e-10
-2.5104288e-06
1.8068891e-10
-2.5114533e-06
1.2713309e-10
-2.5123065e-06
9.6470478e-11
-2.5130101e-06
6.4172533e-11
-2.5135949e-06
4.3406829e-11
-2.5140834e-06
2.9292968e-11
-2.5144931e-06
1.9499849e-11
-2.5148379e-06
1.2651793e-11
-2.5151288e-06
7.8494691e-12
-2.515375e-06
4.4600244e-12
-2.5155838e-06
2.01111e-12
-2.5157617e-06
6.3744827e-13
-2.5159138e-06
-2.282246e-13
-2.5160443e-06
-7.6927331e-13
-2.5161568e-06
-1.0794187e-12
-2.5162544e-06
-1.2211511e-12
-2.5163395e-06
-1.2444664e-12
-2.5164146e-06
-1.185116e-12
-2.5164814e-06
-1.0658309e-12
-2.5165416e-06
-9.0842602e-13
-2.516597e-06
-7.2652463e-13
-2.5166487e-06
-5.180481e-13
-2.5166981e-06
-2.9449608e-13
-7.952542e-14
-5.1144892e-07
5.1319414e-07
-9.2024375e-07
3.993416e-07
-1.2176687e-06
2.8576869e-07
-1.4476815e-06
2.1190632e-07
-1.6276326e-06
1.5771784e-07
-1.7683035e-06
1.1614992e-07
-1.878562e-06
8.5323638e-08
-1.9655078e-06
6.2876628e-08
-2.0345028e-06
4.6495204e-08
-2.0895629e-06
3.445111e-08
-2.1337316e-06
2.5552848e-08
-2.1693188e-06
1.8940597e-08
-2.1981239e-06
1.4033654e-08
-2.2215428e-06
1.039105e-08
-2.2406654e-06
7.6882347e-09
-2.2563459e-06
5.6842779e-09
-2.2692559e-06
4.1996171e-09
-2.2799274e-06
3.1010726e-09
-2.2887803e-06
2.287664e-09
-2.2961489e-06
1.6856928e-09
-2.3023015e-06
1.2410729e-09
-2.3074534e-06
9.1260666e-10
-2.3117783e-06
6.7039657e-10
-2.3154185e-06
4.9159923e-10
-2.3184865e-06
3.6057933e-10
-2.3210814e-06
2.63006e-10
-2.3232741e-06
1.9363742e-10
-2.3251374e-06
1.4028137e-10
-2.3267204e-06
1.0106654e-10
-2.3280664e-06
7.2549303e-11
-2.3292124e-06
5.1845688e-11
-2.3301891e-06
3.6802335e-11
-2.3310227e-06
2.5820053e-11
-2.331735e-06
1.7626738e-11
-2.3323448e-06
1.194e-11
-2.3328686e-06
8.6890375e-12
-2.3333191e-06
6.0264415e-12
-2.3337076e-06
4.0169587e-12
-2.3340439e-06
2.5585998e-12
-2.3343363e-06
1.5351196e-12
-2.3345922e-06
8.3769715e-13
-2.3348179e-06
3.7565595e-13
-2.3350189e-06
1.0822872e-13
-2.3352003e-06
-6.0900211e-14
-2.3353665e-06
-1.3655401e-13
-2.3355215e-06
-1.4687598e-13
-2.3356692e-06
-1.1880141e-13
-6.7902141e-14
-3.5564718e-07
6.4600633e-07
-6.4732293e-07
4.9298004e-07
-8.9161087e-07
3.5304658e-07
-1.0971356e-06
2.6493046e-07
-1.266811e-06
1.9810252e-07
-1.4057833e-06
1.46261e-07
-1.5196216e-06
1.0773948e-07
-1.6132066e-06
7.9729232e-08
-1.6903876e-06
5.9240874e-08
-1.7542066e-06
4.4106048e-08
-1.8071004e-06
3.285612e-08
-1.8510557e-06
2.4466794e-08
-1.8876691e-06
1.8206974e-08
-1.9182394e-06
1.3537936e-08
-1.9438225e-06
1.0057425e-08
-1.9652775e-06
7.4638642e-09
-1.9833146e-06
5.5410713e-09
-1.9985007e-06
4.1048344e-09
-2.011311e-06
3.039121e-09
-2.0221357e-06
2.2481601e-09
-2.031297e-06
1.6622629e-09
-2.0390613e-06
1.2281209e-09
-2.0456498e-06
9.0667264e-10
-2.0512471e-06
6.6869596e-10
-2.0560064e-06
4.9277422e-10
-2.0600579e-06
3.6254901e-10
-2.0635077e-06
2.6673314e-10
-2.0664494e-06
1.9548555e-10
-2.0689596e-06
1.427482e-10
-2.0711029e-06
1.0390814e-10
-2.0729342e-06
7.5378273e-11
-2.0745002e-06
5.4438345e-11
-2.0758406e-06
3.9070313e-11
-2.0769893e-06
2.7785386e-11
-2.0779747e-06
1.9447869e-11
-2.0788208e-06
1.3657657e-11
-2.0795492e-06
9.4770314e-12
-2.0801781e-06
6.4443738e-12
-2.0807231e-06
4.2633447e-12
-2.0811976e-06
2.7285666e-12
-2.0816133e-06
1.6686357e-12
-2.0819803e-06
9.2967256e-13
-2.0823076e-06
4.5822109e-13
-2.0826032e-06
1.033001e-13
-2.0828743e-06
-6.4252224e-14
-2.0831276e-06
-1.2279541e-13
-2.0833692e-06
-1.1771752e-13
-5.7258797e-14
-2.7834708e-07
6.9372556e-07
-5.144439e-07
5.2889684e-07
-7.2681016e-07
3.8139545e-07
-9.1317538e-07
2.8733853e-07
-1.0742156e-06
2.1568801e-07
-1.2118021e-06
1.5968179e-07
-1.3288298e-06
1.1799495e-07
-1.4283274e-06
8.7766345e-08
-1.5127573e-06
6.5505117e-08
-1.5843501e-06
4.8979673e-08
-1.6450447e-06
3.66391e-08
-1.6965063e-06
2.7394113e-08
-1.7401514e-06
2.0461868e-08
-1.7771853e-06
1.5268621e-08
-1.8086282e-06
1.138214e-08
-1.8353426e-06
8.4765034e-09
-1.8580485e-06
6.3075428e-09
-1.8773655e-06
4.6885298e-09
-1.8938081e-06
3.4814948e-09
-1.9078103e-06
2.5806698e-09
-1.919744e-06
1.9144214e-09
-1.9299191e-06
1.41842e-09
-1.9385999e-06
1.0508787e-09
-1.9460081e-06
7.7708979e-10
-1.9523331e-06
5.742523e-10
-1.9577355e-06
4.237641e-10
-1.9623512e-06
3.1233758e-10
-1.9662967e-06
2.2968977e-10
-1.9696707e-06
1.684524e-10
-1.9725572e-06
1.2319131e-10
-1.9750278e-06
8.9797717e-11
-1.9771436e-06
6.5196492e-11
-1.9789569e-06
4.7101125e-11
-1.9805123e-06
3.3823677e-11
-1.9818482e-06
2.402795e-11
-1.982997e-06
1.6945976e-11
-1.9839869e-06
1.1814464e-11
-1.9848423e-06
8.1020672e-12
-1.9855839e-06
5.4281735e-12
-1.9862299e-06
3.5316064e-12
-1.9867961e-06
2.2044237e-12
-1.9872962e-06
1.2942161e-12
-1.9877424e-06
7.0180211e-13
-1.9881456e-06
3.0643146e-13
-1.9885156e-06
7.5975227e-14
-1.9888613e-06
-3.928743e-14
-1.989191e-06
-8.2108262e-14
-6.0863127e-14
-2.2851135e-07
6.7510345e-07
-4.284476e-07
5.1902358e-07
-6.1449176e-07
3.7334929e-07
-7.8498839e-07
2.8253545e-07
-9.3742932e-07
2.1229158e-07
-1.07233e-06
1.5756106e-07
-1.190774e-06
1.1687918e-07
-1.2938999e-06
8.7123884e-08
-1.3834117e-06
6.5290066e-08
-1.4608385e-06
4.9027174e-08
-1.5276512e-06
3.6846942e-08
-1.5851767e-06
2.7667225e-08
-1.6346148e-06
2.0735054e-08
-1.6770562e-06
1.5520822e-08
-1.713461e-06
1.1603197e-08
-1.744669e-06
8.6641136e-09
-1.7714093e-06
6.4622798e-09
-1.794315e-06
4.8146883e-09
-1.8139316e-06
3.5832481e-09
-1.8307306e-06
2.6638249e-09
-1.8451121e-06
1.9790412e-09
-1.8574239e-06
1.4689674e-09
-1.8679622e-06
1.0886734e-09
-1.8769842e-06
8.0692985e-10
-1.8847085e-06
5.9794234e-10
-1.8913215e-06
4.4205124e-10
-1.8969833e-06
3.2629866e-10
-1.9018315e-06
2.4031038e-10
-1.9059836e-06
1.7656187e-10
-1.9095404e-06
1.2938266e-10
-1.9125883e-06
9.4501209e-11
-1.915201e-06
6.8749673e-11
-1.9174421e-06
4.9760648e-11
-1.9193659e-06
3.5781619e-11
-1.9210191e-06
2.5552239e-11
-1.9224417e-06
1.8035152e-11
-1.9236683e-06
1.2569801e-11
-1.9247285e-06
8.5963988e-12
-1.9256482e-06
5.7593605e-12
-1.9264496e-06
3.7476722e-12
-1.9271522e-06
2.341733e-12
-1.9277729e-06
1.3727867e-12
-1.9283269e-06
7.3231426e-13
-1.9288276e-06
3.2381694e-13
-1.9292871e-06
8.4315441e-14
-1.9297165e-06
-3.6275052e-14
-1.9301263e-06
-7.8204243e-14
-5.3635282e-14
-1.9482268e-07
6.0309437e-07
-3.6703716e-07
4.6793298e-07
-5.3414753e-07
3.3464959e-07
-6.9182071e-07
2.5374526e-07
-8.3741344e-07
1.9101686e-07
-9.6985799e-07
1.4208326e-07
-1.0888638e-06
1.0570899e-07
-1.1947757e-06
7.9115282e-08
-1.2882491e-06
5.9496507e-08
-1.3702304e-06
4.4798073e-08
-1.4417704e-06
3.3711825e-08
-1.5040311e-06
2.537723e-08
-1.5580999e-06
1.909623e-08
-1.6049356e-06
1.4344235e-08
-1.6454197e-06
1.0752259e-08
-1.6803566e-06
8.0463546e-09
-1.710467e-06
6.0126466e-09
-1.7363905e-06
4.4872883e-09
-1.7586901e-06
3.3449568e-09
-1.7778588e-06
2.4906701e-09
-1.7943256e-06
1.8527793e-09
-1.8084644e-06
1.3768779e-09
-1.8205997e-06
1.0220523e-09
-1.831011e-06
7.5790156e-10
-1.8399401e-06
5.611271e-10
-1.8475978e-06
4.1554752e-10
-1.8541641e-06
3.0708236e-10
-1.8597938e-06
2.2626608e-10
-1.8646205e-06
1.6623384e-10
-1.8687591e-06
1.217498e-10
-1.8723082e-06
8.8845531e-11
-1.8753529e-06
6.4534734e-11
-1.8779661e-06
4.6598918e-11
-1.8802104e-06
3.3393832e-11
-1.8821399e-06
2.371014e-11
-1.883801e-06
1.6653642e-11
-1.8852337e-06
1.1481094e-11
-1.8864725e-06
7.7367761e-12
-1.8875474e-06
5.0666696e-12
-1.8884842e-06
3.1879005e-12
-1.8893057e-06
1.8900115e-12
-1.8900317e-06
1.0149335e-12
-1.8906798e-06
4.5016915e-13
-1.8912655e-06
1.0833935e-13
-1.8918032e-06
-7.3099021e-14
-1.8923057e-06
-1.436304e-13
-1.8927854e-06
-1.416717e-13
-7.4605521e-14
-1.7196259e-07
4.8873337e-07
-3.2440735e-07
3.8274e-07
-4.7919146e-07
2.7189925e-07
-6.2857647e-07
2.0634861e-07
-7.6953674e-07
1.5556375e-07
-9.003421e-07
1.1592758e-07
-1.0198588e-06
8.6453637e-08
-1.1276761e-06
6.4883668e-08
-1.2239838e-06
4.8926583e-08
-1.3093908e-06
3.6947736e-08
-1.3846956e-06
2.7884443e-08
-1.4507104e-06
2.098173e-08
-1.5084111e-06
1.5816329e-08
-1.5586848e-06
1.1895747e-08
-1.6024021e-06
8.9539836e-09
-1.6403144e-06
6.712875e-09
-1.6731292e-06
5.023217e-09
-1.7014864e-06
3.7528942e-09
-1.7259584e-06
2.8000924e-09
-1.7470537e-06
2.0866243e-09
-1.7652203e-06
1.5531701e-09
-1.780852e-06
1.154741e-09
-1.7942932e-06
8.5746002e-10
-1.805844e-06
6.358675e-10
-1.8157655e-06
4.7077151e-10
-1.8242834e-06
3.4775366e-10
-1.8315948e-06
2.5691054e-10
-1.8378693e-06
1.891681e-10
-1.8432531e-06
1.3867037e-10
-1.8478725e-06
1.0120886e-10
-1.8518364e-06
7.3507464e-11
-1.8552386e-06
5.3059677e-11
-1.8581599e-06
3.7992446e-11
-1.8606699e-06
2.6920147e-11
-1.8628284e-06
1.8819781e-11
-1.8646873e-06
1.2949952e-11
-1.8662909e-06
8.659274e-12
-1.8676779e-06
5.5846806e-12
-1.8688816e-06
3.4044395e-12
-1.8699309e-06
1.9059316e-12
-1.8708511e-06
9.0124829e-13
-1.8716645e-06
2.5293128e-13
-1.8723906e-06
-1.3228215e-13
-1.8730471e-06
-3.2903931e-13
-1.8736497e-06
-3.8890077e-13
-1.874213e-06
-3.5566605e-13
-1.8747508e-06
-2.6082014e-13
-1.1053752e-13
-1.5724787e-07
3.4315043e-07
-2.9563489e-07
2.7070243e-07
-4.4278646e-07
1.9129646e-07
-5.8709668e-07
1.4522894e-07
-7.2521361e-07
1.0958237e-07
-8.5506052e-07
8.1762875e-08
-9.7501967e-07
6.1072521e-08
-1.0842421e-06
4.5918009e-08
-1.1825978e-06
3.4688068e-08
-1.2704349e-06
2.6241517e-08
-1.3483668e-06
1.9836921e-08
-1.4171688e-06
1.4965285e-08
-1.4775677e-06
1.1258565e-08
-1.530438e-06
8.4832173e-09
-1.5765521e-06
6.3841091e-09
-1.6166897e-06
4.8007668e-09
-1.6515356e-06
3.5950797e-09
-1.6817277e-06
2.6869602e-09
-1.7078434e-06
2.0049516e-09
-1.7304006e-06
1.4938515e-09
-1.7498601e-06
1.1114639e-09
-1.7666296e-06
8.257273e-10
-1.7810681e-06
6.1245526e-10
-1.7934902e-06
4.5344792e-10
-1.8041705e-06
3.3499549e-10
-1.8133487e-06
2.4675691e-10
-1.8212321e-06
1.8122114e-10
-1.8280018e-06
1.3290895e-10
-1.8338137e-06
9.6761838e-11
-1.838803e-06
6.9948446e-11
-1.843086e-06
5.0149701e-11
-1.8467635e-06
3.558143e-11
-1.8499222e-06
2.4890573e-11
-1.8526368e-06
1.7077911e-11
-1.854972e-06
1.1404309e-11
-1.8569833e-06
7.3436763e-12
-1.8587188e-06
4.4161225e-12
-1.8602201e-06
2.3616404e-12
-1.8615231e-06
9.5092434e-13
-1.8626591e-06
3.2599631e-14
-1.8636556e-06
-5.2861503e-13
-1.8645364e-06
-8.3453508e-13
-1.8653228e-06
-9.5250006e-13
-1.8660338e-06
-9.3524415e-13
-1.8666866e-06
-8.2049721e-13
-1.8672969e-06
-6.4075884e-13
-1.8678795e-06
-4.1882055e-13
-1.5856559e-13
-1.4833343e-07
1.7678805e-07
-2.7761951e-07
1.4008511e-07
-4.2026362e-07
9.8679797e-08
-5.6160917e-07
7.4916185e-08
-6.9807722e-07
5.6545095e-08
-8.2739625e-07
4.2211314e-08
-9.476737e-07
3.1551263e-08
-1.0578119e-06
2.3740645e-08
-1.1574898e-06
1.7947816e-08
-1.2469062e-06
1.3586107e-08
-1.3265595e-06
1.0275285e-08
-1.3971137e-06
7.7561796e-09
-1.4593089e-06
5.8367488e-09
-1.5138845e-06
4.3897173e-09
-1.5616127e-06
3.3013085e-09
-1.6032295e-06
2.4825145e-09
-1.6394299e-06
1.8583279e-09
-1.6708487e-06
1.386866e-09
-1.6980661e-06
1.032789e-09
-1.7216053e-06
7.6745552e-10
-1.7419349e-06
5.6905744e-10
-1.7594714e-06
4.2091804e-10
-1.7745831e-06
3.1045685e-10
-1.787594e-06
2.2820496e-10
-1.7987877e-06
1.6703249e-10
-1.8084124e-06
1.2159175e-10
-1.8166836e-06
8.7807972e-11
-1.8237891e-06
6.3081582e-11
-1.8298915e-06
4.4686463e-11
-1.8351317e-06
3.1089643e-11
-1.8396314e-06
2.1125807e-11
-1.8434959e-06
1.3875319e-11
-1.8468158e-06
8.6341246e-12
-1.8496696e-06
4.8828478e-12
-1.8521248e-06
2.23791e-12
-1.8542397e-06
4.2043262e-13
-1.8560649e-06
-8.0051974e-13
-1.8576439e-06
-1.5790241e-12
-1.8590145e-06
-2.029329e-12
-1.8602096e-06
-2.2263663e-12
-1.8612579e-06
-2.2421615e-12
-1.8621846e-06
-2.1263209e-12
-1.863012e-06
-1.9182343e-12
-1.8637601e-06
-1.6427537e-12
-1.864447e-06
-1.3211185e-12
-1.8650893e-06
-9.6927762e-13
-1.8657024e-06
-5.9939776e-13
-2.1206315e-13
-1.4407046e-07
-7.776741e-12
-2.6888935e-07
-2.2651741e-11
-4.0939803e-07
-3.5768524e-11
-5.493524e-07
-4.6543728e-11
-6.85053e-07
-5.4850675e-11
-8.1413461e-07
-6.064187e-11
-9.3457569e-07
-6.392538e-11
-1.0451628e-06
-6.4848859e-11
-1.1454864e-06
-6.3755104e-11
-1.2356767e-06
-6.1121061e-11
-1.3161769e-06
-5.763546e-11
-1.3876033e-06
-5.4045749e-11
-1.4506649e-06
-5.0631295e-11
-1.5060928e-06
-4.7334477e-11
-1.5546255e-06
-4.3990539e-11
-1.5969841e-06
-4.0583272e-11
-1.6338616e-06
-3.7183903e-11
-1.6658947e-06
-3.3888723e-11
-1.6936642e-06
-3.0782571e-11
-1.7176964e-06
-2.7913824e-11
-1.7384634e-06
-2.5309625e-11
-1.7563859e-06
-2.2973523e-11
-1.7718367e-06
-2.0895451e-11
-1.7851443e-06
-1.9055552e-11
-1.796597e-06
-1.7428859e-11
-1.8064469e-06
-1.5988968e-11
-1.814914e-06
-1.4712155e-11
-1.8221891e-06
-1.3568335e-11
-1.8284383e-06
-1.2533418e-11
-1.8338053e-06
-1.159041e-11
-1.8384146e-06
-1.0722514e-11
-1.8423737e-06
-9.9150118e-12
-1.8457752e-06
-9.1562992e-12
-1.8486993e-06
-8.4371183e-12
-1.8512153e-06
-7.7503163e-12
-1.8533827e-06
-7.0892432e-12
-1.8552533e-06
-6.4480448e-12
-1.8568716e-06
-5.8255066e-12
-1.8582764e-06
-5.2209083e-12
-1.8595014e-06
-4.6307411e-12
-1.8605759e-06
-4.0515256e-12
-1.8615259e-06
-3.483023e-12
-1.8623741e-06
-2.9250037e-12
-1.863141e-06
-2.3764418e-12
-1.8638452e-06
-1.8365518e-12
-1.8645036e-06
-1.3050857e-12
-1.8651322e-06
-7.818407e-13
-2.654083e-13
-1.4407145e-07
-1.7680349e-07
-2.6889133e-07
-1.4012989e-07
-4.0940161e-07
-9.8750723e-08
-5.4935787e-07
-7.5008482e-08
-6.8506057e-07
-5.6653917e-08
-8.141441e-07
-4.2331646e-08
-9.3458653e-07
-3.1678097e-08
-1.045174e-06
-2.3869344e-08
-1.1454971e-06
-1.8074325e-08
-1.235686e-06
-1.370737e-08
-1.3161845e-06
-1.0389736e-08
-1.387609e-06
-7.8634054e-09
-1.4506686e-06
-5.9371832e-09
-1.506095e-06
-4.4834119e-09
-1.5546264e-06
-3.3883211e-09
-1.5969842e-06
-2.562702e-09
-1.633861e-06
-1.9317878e-09
-1.6658936e-06
-1.45379e-09
-1.6936629e-06
-1.0935555e-09
-1.7176949e-06
-8.2255041e-10
-1.7384618e-06
-6.1900745e-10
-1.7563843e-06
-4.6625644e-10
-1.7718351e-06
-3.5169497e-10
-1.7851428e-06
-2.6581404e-10
-1.7965956e-06
-2.0143374e-10
-1.8064457e-06
-1.5314837e-10
-1.8149129e-06
-1.1685087e-10
-1.8221881e-06
-8.9877777e-11
-1.8284374e-06
-6.9430652e-11
-1.8338045e-06
-5.3975633e-11
-1.838414e-06
-4.2299736e-11
-1.8423731e-06
-3.3455788e-11
-1.8457747e-06
-2.6717037e-11
-1.8486989e-06
-2.1545967e-11
-1.8512149e-06
-1.7544693e-11
-1.8533824e-06
-1.442757e-11
-1.855253e-06
-1.1935418e-11
-1.8568714e-06
-9.9218992e-12
-1.8582763e-06
-8.2838283e-12
-1.8595013e-06
-6.9228189e-12
-1.8605758e-06
-5.7619278e-12
-1.8615258e-06
-4.75261e-12
-1.862374e-06
-3.8595652e-12
-1.863141e-06
-3.0514464e-12
-1.8638451e-06
-2.3063811e-12
-1.8645036e-06
-1.6085811e-12
-1.8651322e-06
-9.452949e-13
-3.1219843e-13
-1.4833605e-07
-3.4316531e-07
-2.776252e-07
-2.7074599e-07
-4.2027365e-07
-1.9136544e-07
-5.6162487e-07
-1.4531892e-07
-6.980992e-07
-1.0968853e-07
-8.2742399e-07
-8.1880285e-08
-9.4770565e-07
-6.1196313e-08
-1.0578455e-06
-4.6043628e-08
-1.157522e-06
-3.4811569e-08
-1.2469345e-06
-2.6360115e-08
-1.3265822e-06
-1.9948702e-08
-1.3971302e-06
-1.5069906e-08
-1.4593197e-06
-1.1356175e-08
-1.5138906e-06
-8.5740768e-09
-1.5616153e-06
-6.4681461e-09
-1.6032294e-06
-4.8781452e-09
-1.6394279e-06
-3.6658165e-09
-1.6708455e-06
-2.751324e-09
-1.698062e-06
-2.0633459e-09
-1.7216007e-06
-1.5467687e-09
-1.7419301e-06
-1.1594274e-09
-1.7594667e-06
-8.6925975e-10
-1.7745785e-06
-6.5205377e-10
-1.7875896e-06
-4.8956744e-10
-1.7987837e-06
-3.6804195e-10
-1.8084087e-06
-2.77075e-10
-1.8166803e-06
-2.0914124e-10
-1.8237861e-06
-1.5866632e-10
-1.8298888e-06
-1.2055701e-10
-1.8351294e-06
-9.1960598e-11
-1.8396294e-06
-7.0519114e-11
-1.8434941e-06
-5.442096e-11
-1.8468143e-06
-4.2291959e-11
-1.8496683e-06
-3.3115093e-11
-1.8521237e-06
-2.613975e-11
-1.8542389e-06
-2.0821837e-11
-1.8560642e-06
-1.6678294e-11
-1.8576433e-06
-1.3432202e-11
-1.859014e-06
-1.0879783e-11
-1.8602092e-06
-8.8428189e-12
-1.8612576e-06
-7.177111e-12
-1.8621843e-06
-5.7876925e-12
-1.8630118e-06
-4.6103077e-12
-1.86376e-06
-3.5854104e-12
-1.8644469e-06
-2.6729433e-12
-1.8650892e-06
-1.8416688e-12
-1.8657024e-06
-1.0684182e-12
-3.4628121e-13
-1.572517e-07
-4.8874747e-07
-2.9564309e-07
-3.8278139e-07
-4.4280145e-07
-2.7196509e-07
-5.8712067e-07
-2.0643464e-07
-7.2524792e-07
-1.5566539e-07
-8.5510468e-07
-1.1604006e-07
-9.7507146e-07
-8.6572215e-08
-1.0842971e-06
-6.5004037e-08
-1.1826505e-06
-4.9045154e-08
-1.2704804e-06
-3.7061384e-08
-1.3484026e-06
-2.7991572e-08
-1.4171944e-06
-2.1081582e-08
-1.4775839e-06
-1.590908e-08
-1.5304468e-06
-1.1981533e-08
-1.5765553e-06
-9.0331882e-09
-1.6166888e-06
-6.7854932e-09
-1.6515319e-06
-5.0894385e-09
-1.6817221e-06
-3.8130423e-09
-1.7078366e-06
-2.8546029e-09
-1.7303931e-06
-2.1359874e-09
-1.7498524e-06
-1.5978979e-09
-1.766622e-06
-1.1953353e-09
-1.7810607e-06
-8.9439131e-10
-1.7934832e-06
-6.6956262e-10
-1.8041641e-06
-5.0160679e-10
-1.8133428e-06
-3.7607114e-10
-1.8212267e-06
-2.8299853e-10
-1.827997e-06
-2.1323003e-10
-1.8338095e-06
-1.6091468e-10
-1.8387993e-06
-1.2179407e-10
-1.8430828e-06
-9.2562271e-11
-1.8467608e-06
-7.0688236e-11
-1.8499198e-06
-5.4278952e-11
-1.8526348e-06
-4.1932829e-11
-1.8549703e-06
-3.2616811e-11
-1.8569819e-06
-2.5568927e-11
-1.8587177e-06
-2.0142386e-11
-1.8602191e-06
-1.5952529e-11
-1.8615223e-06
-1.2703656e-11
-1.8626585e-06
-1.0158143e-11
-1.8636551e-06
-8.1180054e-12
-1.864536e-06
-6.4587612e-12
-1.8653225e-06
-5.0778608e-12
-1.8660336e-06
-3.905652e-12
-1.8666864e-06
-2.8838254e-12
-1.8672968e-06
-1.9700917e-12
-1.8678794e-06
-1.13246e-12
-3.6258391e-13
-1.7196694e-07
-6.0310802e-07
-3.244167e-07
-4.679715e-07
-4.7920929e-07
-3.3471087e-07
-6.2860606e-07
-2.5382556e-07
-7.6958052e-07
-1.9111184e-07
-9.0039979e-07
-1.4218843e-07
-1.0199265e-06
-1.0582002e-07
-1.1277472e-06
-7.9227979e-08
-1.22405e-06
-5.9607061e-08
-1.3094463e-06
-4.4904111e-08
-1.3847378e-06
-3.3811316e-08
-1.4507394e-06
-2.5469625e-08
-1.5084287e-06
-1.9181553e-08
-1.5586933e-06
-1.4422897e-08
-1.6024041e-06
-1.0824474e-08
-1.6403117e-06
-8.1123164e-09
-1.6731233e-06
-6.0726341e-09
-1.7014782e-06
-4.5416736e-09
-1.725949e-06
-3.3941822e-09
-1.7470435e-06
-2.5352176e-09
-1.76521e-06
-1.8931325e-09
-1.7808418e-06
-1.4135046e-09
-1.7942834e-06
-1.0553835e-09
-1.8058348e-06
-7.8831889e-10
-1.815757e-06
-5.889888e-10
-1.8242756e-06
-4.4115968e-10
-1.8315878e-06
-3.3066624e-10
-1.837863e-06
-2.4804263e-10
-1.8432476e-06
-1.8637491e-10
-1.8478677e-06
-1.4039775e-10
-1.8518322e-06
-1.0611353e-10
-1.855235e-06
-8.0516677e-11
-1.8581568e-06
-6.1367928e-11
-1.8606673e-06
-4.7011649e-11
-1.8628263e-06
-3.6227595e-11
-1.8646855e-06
-2.8102841e-11
-1.8662895e-06
-2.1899958e-11
-1.8676767e-06
-1.7149507e-11
-1.8688806e-06
-1.3506928e-11
-1.8699301e-06
-1.067648e-11
-1.8708505e-06
-8.4420199e-12
-1.871664e-06
-6.6485601e-12
-1.8723903e-06
-5.1806981e-12
-1.8730468e-06
-3.9534588e-12
-1.8736495e-06
-2.8982558e-12
-1.8742129e-06
-1.9680544e-12
-1.8747507e-06
-1.1242187e-12
-3.5538897e-13
-1.9482634e-07
-6.7511469e-07
-3.6704622e-07
-5.1905825e-07
-5.3416577e-07
-3.7340429e-07
-6.9185252e-07
-2.8260759e-07
-8.3746153e-07
-2.1237739e-07
-9.6992096e-07
-1.5765626e-07
-1.0889358e-06
-1.1697937e-07
-1.1948479e-06
-8.72252e-08
-1.2883138e-06
-6.5389124e-08
-1.3702821e-06
-4.9121509e-08
-1.4418077e-06
-3.6935177e-08
-1.5040554e-06
-2.7749035e-08
-1.5581134e-06
-2.081037e-08
-1.6049408e-06
-1.5589938e-08
-1.6454187e-06
-1.1666389e-08
-1.6803511e-06
-8.7216431e-09
-1.7104584e-06
-6.5144686e-09
-1.7363799e-06
-4.8619212e-09
-1.7586783e-06
-3.6259555e-09
-1.7778465e-06
-2.7024527e-09
-1.7943133e-06
-2.0140301e-09
-1.8084523e-06
-1.5007298e-09
-1.8205882e-06
-1.1175959e-09
-1.8310002e-06
-8.3334148e-10
-1.8399301e-06
-6.2215574e-10
-1.8475888e-06
-4.6431028e-10
-1.8541559e-06
-3.4681852e-10
-1.8597865e-06
-2.5926978e-10
-1.8646141e-06
-1.9410981e-10
-1.8687535e-06
-1.456363e-10
-1.8723034e-06
-1.0956079e-10
-1.8753488e-06
-8.269225e-11
-1.8779625e-06
-6.2650829e-11
-1.8802074e-06
-4.7670616e-11
-1.8821374e-06
-3.6482846e-11
-1.8837989e-06
-2.8031914e-11
-1.885232e-06
-2.1669266e-11
-1.8864711e-06
-1.6820147e-11
-1.8875462e-06
-1.3134097e-11
-1.8884833e-06
-1.0290226e-11
-1.889305e-06
-8.0649219e-12
-1.8900311e-06
-6.2942437e-12
-1.8906793e-06
-4.8685973e-12
-1.8912652e-06
-3.6841086e-12
-1.891803e-06
-2.6821638e-12
-1.8923056e-06
-1.8105939e-12
-1.8927854e-06
-1.0287898e-12
-3.2277363e-13
-2.2851498e-07
-6.9373515e-07
-4.2845479e-07
-5.2892577e-07
-6.1450673e-07
-3.8144186e-07
-7.8501589e-07
-2.8740017e-07
-9.3747076e-07
-2.1576108e-07
-1.0723822e-06
-1.5976271e-07
-1.1908305e-06
-1.1807978e-07
-1.293953e-06
-8.7852012e-08
-1.3834554e-06
-6.5588165e-08
-1.4608711e-06
-4.9058491e-08
-1.5276733e-06
-3.6712714e-08
-1.5851897e-06
-2.7462203e-08
-1.6346203e-06
-2.0524545e-08
-1.6770557e-06
-1.532603e-08
-1.7134558e-06
-1.1434495e-08
-1.7446603e-06
-8.5240538e-09
-1.7713982e-06
-6.3506026e-09
-1.7943024e-06
-4.7274537e-09
-1.8139181e-06
-3.5166643e-09
-1.8307169e-06
-2.6124746e-09
-1.8450985e-06
-1.9432298e-09
-1.8574109e-06
-1.4446071e-09
-1.8679498e-06
-1.07472e-09
-1.8769727e-06
-7.9888287e-10
-1.8846979e-06
-5.9424499e-10
-1.8913118e-06
-4.4215731e-10
-1.8969747e-06
-3.2931123e-10
-1.9018238e-06
-2.4538333e-10
-1.9059768e-06
-1.8298743e-10
-1.9095345e-06
-1.3666285e-10
-1.9125832e-06
-1.0228622e-10
-1.9151967e-06
-7.6763979e-11
-1.9174384e-06
-5.780137e-11
-1.9193627e-06
-4.3693043e-11
-1.9210165e-06
-3.3098406e-11
-1.9224395e-06
-2.5247799e-11
-1.9236665e-06
-1.9373457e-11
-1.924727e-06
-1.4932942e-11
-1.925647e-06
-1.155585e-11
-1.9264486e-06
-8.965647e-12
-1.9271514e-06
-6.9650427e-12
-1.9277723e-06
-5.3810198e-12
-1.9283265e-06
-4.1395798e-12
-1.9288273e-06
-3.1000797e-12
-1.9292869e-06
-2.235962e-12
-1.9297164e-06
-1.4966567e-12
-1.9301263e-06
-8.4018544e-13
-2.5466787e-13
-2.7834893e-07
-6.4601205e-07
-5.1444582e-07
-4.9300084e-07
-7.2681701e-07
-3.5308167e-07
-9.1318885e-07
-2.6497718e-07
-1.0742374e-06
-1.9815819e-07
-1.2118289e-06
-1.46323e-07
-1.3288548e-06
-1.0780468e-07
-1.4283457e-06
-7.979453e-08
-1.5127689e-06
-5.9304325e-08
-1.5843565e-06
-4.4166203e-08
-1.6450473e-06
-3.291224e-08
-1.6965059e-06
-2.4518939e-08
-1.7401479e-06
-1.825497e-08
-1.7771787e-06
-1.3581914e-08
-1.8086189e-06
-1.0097508e-08
-1.8353312e-06
-7.5002281e-09
-1.8580356e-06
-5.5739738e-09
-1.8773517e-06
-4.1345626e-09
-1.893794e-06
-3.0659777e-09
-1.9077962e-06
-2.2724535e-09
-1.9197303e-06
-1.6842802e-09
-1.9299061e-06
-1.2481349e-09
-1.9385876e-06
-9.249183e-10
-1.9459968e-06
-6.853923e-10
-1.9523227e-06
-5.0810252e-10
-1.9577261e-06
-3.7666748e-10
-1.9623428e-06
-2.7976964e-10
-1.9662892e-06
-2.0755054e-10
-1.9696641e-06
-1.5392967e-10
-1.9725515e-06
-1.1427957e-10
-1.9750228e-06
-8.4996417e-11
-1.9771393e-06
-6.3352701e-11
-1.9789532e-06
-4.7316281e-11
-1.9805092e-06
-3.5393023e-11
-1.9818456e-06
-2.6440675e-11
-1.9829948e-06
-2.0059938e-11
-1.9839852e-06
-1.5305206e-11
-1.9848408e-06
-1.1715835e-11
-1.9855827e-06
-8.9899954e-12
-1.986229e-06
-6.9177152e-12
-1.9867953e-06
-5.3502646e-12
-1.9872956e-06
-4.0695327e-12
-1.987742e-06
-3.1175473e-12
-1.9881453e-06
-2.2618989e-12
-1.9885154e-06
-1.6041972e-12
-1.9888611e-06
-1.0646409e-12
-1.989191e-06
-5.9510836e-13
-1.861242e-13
-3.5564632e-07
-5.1319597e-07
-6.4731874e-07
-3.9935172e-07
-8.9160598e-07
-2.8578919e-07
-1.0971319e-06
-2.1193483e-07
-1.2668106e-06
-1.5775334e-07
-1.4057823e-06
-1.161898e-07
-1.5196157e-06
-8.5365928e-08
-1.6131952e-06
-6.2919488e-08
-1.6903729e-06
-4.6537095e-08
-1.754192e-06
-3.4490669e-08
-1.8070882e-06
-2.559022e-08
-1.8510451e-06
-1.8975313e-08
-1.8876589e-06
-1.4065781e-08
-1.9182286e-06
-1.0420528e-08
-1.9438108e-06
-7.715107e-09
-1.9652649e-06
-5.7086642e-09
-1.9833015e-06
-4.2216844e-09
-1.9984873e-06
-3.1210165e-09
-2.0112976e-06
-2.3056904e-09
-2.0221227e-06
-1.7020084e-09
-2.0312844e-06
-1.2558722e-09
-2.0390495e-06
-9.2607072e-10
-2.0456388e-06
-6.8268379e-10
-2.0512369e-06
-5.0285059e-10
-2.0559971e-06
-3.7092003e-10
-2.0600495e-06
-2.7254662e-10
-2.0635002e-06
-2.0245345e-10
-2.0664428e-06
-1.4844649e-10
-2.0689537e-06
-1.0863776e-10
-2.0710978e-06
-7.957551e-11
-2.0729298e-06
-5.8365367e-11
-2.0744965e-06
-4.2847941e-11
-2.0758374e-06
-3.1418734e-11
-2.0769866e-06
-2.2809703e-11
-2.0779724e-06
-1.6668428e-11
-2.0788189e-06
-1.3028332e-11
-2.0795476e-06
-9.9811026e-12
-2.0801768e-06
-7.5950178e-12
-2.080722e-06
-5.7680234e-12
-2.0811967e-06
-4.3824146e-12
-2.0816126e-06
-3.3342106e-12
-2.0819797e-06
-2.5151501e-12
-2.0823072e-06
-1.9101298e-12
-2.0826029e-06
-1.4050286e-12
-2.0828741e-06
-9.9776064e-13
-2.0831275e-06
-6.6058295e-13
-2.0833692e-06
-3.6585168e-13
-9.7348207e-14
-5.1144613e-07
-2.2065978e-07
-9.2023742e-07
-2.0040245e-07
-1.2176573e-06
-1.6205104e-07
-1.44767e-06
-1.2147008e-07
-1.6276203e-06
-8.9659557e-08
-1.7682899e-06
-6.5539408e-08
-1.8785447e-06
-4.7918738e-08
-1.9654867e-06
-3.5156779e-08
-2.0344803e-06
-2.5869436e-08
-2.0895432e-06
-1.9065791e-08
-2.1337158e-06
-1.4060101e-08
-2.1693061e-06
-1.0368795e-08
-2.1981128e-06
-7.6443923e-09
-2.2215323e-06
-5.6335346e-09
-2.2406549e-06
-4.1493683e-09
-2.2563353e-06
-3.0543049e-09
-2.2692453e-06
-2.2468664e-09
-2.2799169e-06
-1.6509891e-09
-2.28877e-06
-1.2117206e-09
-2.296139e-06
-8.8824702e-10
-2.3022921e-06
-6.5030704e-10
-2.3074445e-06
-4.7528857e-10
-2.3117701e-06
-3.4730135e-10
-2.3154109e-06
-2.5228494e-10
-2.3184796e-06
-1.8586801e-10
-2.3210752e-06
-1.3191786e-10
-2.3232686e-06
-1.0091559e-10
-2.3251325e-06
-6.8283465e-11
-2.3267161e-06
-4.7219359e-11
-2.3280627e-06
-3.2830435e-11
-2.3292091e-06
-2.2783967e-11
-2.3301864e-06
-1.5696395e-11
-2.3310204e-06
-1.0668998e-11
-2.331733e-06
-7.0609706e-12
-2.3323432e-06
-4.4028557e-12
-2.3328672e-06
-2.826179e-12
-2.333318e-06
-1.7667156e-12
-2.3337067e-06
-1.0345695e-12
-2.3340431e-06
-5.3976516e-13
-2.3343357e-06
-2.1456387e-13
-2.3345917e-06
-1.3814774e-14
-2.3348175e-06
1.0535889e-13
-2.3350186e-06
1.5692462e-13
-2.3352001e-06
1.6894537e-13
-2.3353664e-06
1.5337758e-13
-2.3355215e-06
1.1052297e-13
-2.3356692e-06
5.0283093e-14
-3.7301754e-15
-7.472917e-07
-1.2141839e-06
-1.5478389e-06
-1.7899178e-06
-1.9678526e-06
-2.0994674e-06
-2.1975478e-06
-2.2711746e-06
-2.3267932e-06
-2.3690306e-06
-2.4012595e-06
-2.4259645e-06
-2.4449905e-06
-2.459714e-06
-2.4711654e-06
-2.4801184e-06
-2.4871559e-06
-2.4927177e-06
-2.4971373e-06
-2.5006688e-06
-2.5035062e-06
-2.5057982e-06
-2.5076598e-06
-2.5091784e-06
-2.5104262e-06
-2.511451e-06
-2.5123044e-06
-2.5130083e-06
-2.5135933e-06
-2.514082e-06
-2.5144919e-06
-2.5148368e-06
-2.5151279e-06
-2.5153742e-06
-2.5155831e-06
-2.5157611e-06
-2.5159133e-06
-2.516044e-06
-2.5161566e-06
-2.5162542e-06
-2.5163394e-06
-2.5164144e-06
-2.5164813e-06
-2.5165416e-06
-2.5165969e-06
-2.5166487e-06
-2.5166982e-06
)
;

boundaryField
{
    inlet
    {
        type            calculated;
        value           nonuniform List<scalar> 
20
(
2.532602e-06
2.3453748e-06
2.090014e-06
1.9966138e-06
1.938755e-06
1.9021694e-06
1.884511e-06
1.87781e-06
1.8757061e-06
1.8751634e-06
1.8751634e-06
1.8757061e-06
1.87781e-06
1.8845111e-06
1.9021694e-06
1.938755e-06
1.9966138e-06
2.0900141e-06
2.3453749e-06
2.532602e-06
)
;
    }
    outlet
    {
        type            calculated;
        value           nonuniform List<scalar> 
20
(
-2.5167464e-06
-2.335813e-06
-2.083605e-06
-1.9895129e-06
-1.9305264e-06
-1.8932537e-06
-1.8752759e-06
-1.8684484e-06
-1.8663012e-06
-1.8657461e-06
-1.8657461e-06
-1.8663012e-06
-1.8684485e-06
-1.8752759e-06
-1.8932538e-06
-1.9305264e-06
-1.989513e-06
-2.083605e-06
-2.3358131e-06
-2.5167465e-06
)
;
    }
    top
    {
        type            calculated;
        value           nonuniform List<scalar> 
96
(
0
0
0
0
0
0
0
0
0
0
0
0
0
0
0
0
0
0
0
0
0
0
0
0
0
0
0
0
0
0
0
0
0
0
0
0
0
0
0
0
0
0
0
0
0
0
0
-1.817807e-07
1.7229471e-07
0
0
0
0
0
0
0
0
0
0
0
0
0
0
0
0
0
0
0
0
0
0
0
0
0
0
0
0
0
0
0
0
0
0
0
0
0
0
0
0
0
0
0
0
0
0
0
)
;
    }
    bottom
    {
        type            calculated;
        value           nonuniform List<scalar> 
96
(
0
0
0
0
0
0
0
0
0
0
0
0
0
0
0
0
0
0
0
0
0
0
0
0
0
0
0
0
0
0
0
0
0
0
0
0
0
0
0
0
0
0
0
0
0
0
0
-1.8178062e-07
1.722947e-07
0
0
0
0
0
0
0
0
0
0
0
0
0
0
0
0
0
0
0
0
0
0
0
0
0
0
0
0
0
0
0
0
0
0
0
0
0
0
0
0
0
0
0
0
0
0
0
)
;
    }
    interface
    {
        type            calculated;
        value           nonuniform List<scalar> 
40
(
-5.2939559e-23
0
0
2.1175824e-22
0
-4.2351647e-22
0
0
4.2351647e-22
-8.4703295e-22
0
0
-4.2351647e-22
-4.2351647e-22
-4.2351647e-22
0
0
0
0
-5.2939559e-23
0
-1.0587912e-22
0
0
0
4.2351647e-22
0
-4.2351647e-22
0
8.4703295e-22
8.4703295e-22
-4.2351647e-22
-4.2351647e-22
4.2351647e-22
-4.2351647e-22
4.2351647e-22
0
-2.1175824e-22
0
0
)
;
    }
    frontAndBack
    {
        type            empty;
    }
}


// ************************************************************************* //
