/*--------------------------------*- C++ -*----------------------------------*\
| =========                 |                                                 |
| \\      /  F ield         | OpenFOAM: The Open Source CFD Toolbox           |
|  \\    /   O peration     | Version:  2512                                  |
|   \\  /    A nd           | Website:  www.openfoam.com                      |
|    \\/     M anipulation  |                                                 |
\*---------------------------------------------------------------------------*/
FoamFile
{
    version     2.0;
    format      ascii;
    arch        "LSB;label=32;scalar=64";
    class       volVectorField;
    location    "0.4";
    object      D;
}
// * * * * * * * * * * * * * * * * * * * * * * * * * * * * * * * * * * * * * //

dimensions      [0 1 0 0 0 0 0];

internalField   nonuniform List<vector> 
200
(
(6.8204601e-05 6.4966266e-05 0)
(3.8719586e-05 3.2781732e-05 0)
(2.8061688e-05 2.1222498e-05 0)
(2.3436388e-05 1.3114336e-05 0)
(2.1278997e-05 5.9980753e-06 0)
(2.0498902e-05 -8.588824e-07 0)
(2.1012351e-05 -7.9489008e-06 0)
(2.3674873e-05 -1.5945052e-05 0)
(3.1479016e-05 -2.6943259e-05 0)
(5.5176845e-05 -5.5125345e-05 0)
(0.00017383533 0.00017099315 0)
(0.00013690918 0.00010964889 0)
(0.00011402851 7.1581816e-05 0)
(0.00010105174 4.3684752e-05 0)
(9.4300923e-05 2.0003036e-05 0)
(9.206582e-05 -2.4354673e-06 0)
(9.4160332e-05 -2.5845166e-05 0)
(0.00010186292 -5.2983204e-05 0)
(0.00011825727 -8.9096497e-05 0)
(0.00014705699 -0.00014545806 0)
(0.0002809042 0.00026398374 0)
(0.00024448625 0.00018352916 0)
(0.00021792559 0.00012388777 0)
(0.00020064522 7.6531102e-05 0)
(0.00019091133 3.541029e-05 0)
(0.00018756343 -3.6829245e-06 0)
(0.00019042884 -4.4300731e-05 0)
(0.00020032676 -9.0449804e-05 0)
(0.00021872981 -0.00014772016 0)
(0.00024637088 -0.00022399338 0)
(0.00039577301 0.00034659888 0)
(0.0003618189 0.0002512884 0)
(0.00033526379 0.00017413681 0)
(0.00031665586 0.00010925268 0)
(0.00030555921 5.1292269e-05 0)
(0.00030148137 -4.2797446e-06 0)
(0.00030431426 -6.163761e-05 0)
(0.0003143681 -0.00012521314 0)
(0.00033202896 -0.00020019331 0)
(0.00035699263 -0.00029246471 0)
(0.0005204558 0.00042035795 0)
(0.00048925683 0.00031244683 0)
(0.00046406673 0.00022065922 0)
(0.00044568094 0.0001403831 0)
(0.00043427559 6.6950281e-05 0)
(0.00042978457 -4.0553053e-06 0)
(0.00043216164 -7.6910491e-05 0)
(0.00044141245 -0.00015601897 0)
(0.00045739902 -0.00024608887 0)
(0.00047951241 -0.0003519853 0)
(0.00065470811 0.00048609286 0)
(0.00062621431 0.00036725829 0)
(0.000602827 0.00026297569 0)
(0.00058535128 0.00016927162 0)
(0.00057420194 8.1994455e-05 0)
(0.00056952347 -2.9877751e-06 0)
(0.00057131006 -8.9785077e-05 0)
(0.00057942557 -0.00018257241 0)
(0.00059351631 -0.00028563383 0)
(0.00061289206 -0.00040325766 0)
(0.00079751048 0.00054440794 0)
(0.00077158326 0.00041613635 0)
(0.00075008037 0.00030111017 0)
(0.00073376992 0.00019573303 0)
(0.00072314086 9.6253977e-05 0)
(0.00071842313 -1.1313889e-06 0)
(0.00071963069 -0.0001002536 0)
(0.00072657067 -0.00020498359 0)
(0.0007388107 -0.00031923038 0)
(0.00075564375 -0.00044688168 0)
(0.0009475622 0.00059583089 0)
(0.0009240398 0.00045952078 0)
(0.00090436691 0.00033528216 0)
(0.00088927847 0.00021980672 0)
(0.00087927501 0.00010968218 0)
(0.00087461187 1.4341234e-06 0)
(0.00087530842 -0.0001084512 0)
(0.00088115057 -0.00022351877 0)
(0.00089168058 -0.00034733093 0)
(0.00090619042 -0.00048343574 0)
(0.0011034989 0.0006408745 0)
(0.001082213 0.00049784928 0)
(0.0010642659 0.00036578012 0)
(0.0010503716 0.00024162831 0)
(0.0010410225 0.0001222938 0)
(0.0010364742 4.6254576e-06 0)
(0.0010367429 -0.00011456628 0)
(0.0010416054 -0.00023849843 0)
(0.0010505964 -0.00037040164 0)
(0.0010630096 -0.00051350241 0)
(0.0012639908 0.00068005802 0)
(0.0012447719 0.00053155478 0)
(0.0012284309 0.00039291236 0)
(0.0012156707 0.00026136904 0)
(0.0012069715 0.00013412981 0)
(0.0012025799 8.3613919e-06 0)
(0.0012025045 -0.00011880365 0)
(0.0012065152 -0.00025025859 0)
(0.0012141441 -0.00038891122 0)
(0.0012246871 -0.00053767145 0)
(0.0014277916 0.00071391274 0)
(0.0014104716 0.00056106711 0)
(0.0013956155 0.00041698912 0)
(0.0013839203 0.00027920907 0)
(0.0013758548 0.00014523922 0)
(0.0013716535 1.256192e-05 0)
(0.0013713146 -0.00012137188 0)
(0.0013746009 -0.00025913742 0)
(0.0013810421 -0.00040332659 0)
(0.0013899369 -0.0005565363 0)
(0.0015937638 0.00074298125 0)
(0.0015781785 0.00058681414 0)
(0.0015646898 0.00043831651 0)
(0.0015539916 0.0002953265 0)
(0.0015465421 0.00015567006 0)
(0.0015425626 1.7145679e-05 0)
(0.0015420391 -0.00012248042 0)
(0.0015447254 -0.00026547118 0)
(0.0015501474 -0.00041411021 0)
(0.0015576081 -0.0005706885 0)
(0.0017608949 0.00076781418 0)
(0.0017468861 0.00060922174 0)
(0.0017346537 0.00045719465 0)
(0.001724889 0.00030989312 0)
(0.0017180403 0.00016546503 0)
(0.0017143151 2.2027474e-05 0)
(0.0017136856 -0.00012234009 0)
(0.0017158941 -0.00026959361 0)
(0.0017204596 -0.00042171741 0)
(0.0017266891 -0.00058071053 0)
(0.0019283098 0.00078896444 0)
(0.0019157291 0.00062871271 0)
(0.0019046475 0.00047391763 0)
(0.0018957565 0.00032307337 0)
(0.001889496 0.00017465985 0)
(0.0018860589 2.7116581e-05 0)
(0.0018854026 -0.00012116493 0)
(0.0018872556 -0.00027183722 0)
(0.0018911238 -0.00042659414 0)
(0.0018963115 -0.00058716628 0)
(0.0020952875 0.00080697678 0)
(0.0020839974 0.00064570654 0)
(0.0020739615 0.00048877568 0)
(0.0020658843 0.00033502556 0)
(0.0020601987 0.00018328376 0)
(0.0020570809 3.2316716e-05 0)
(0.0020564752 -0.00011917424 0)
(0.0020580982 -0.00027253768 0)
(0.0020614332 -0.00042917728 0)
(0.0020657558 -0.00059058567 0)
(0.0022612814 0.00082236669 0)
(0.0022511533 0.00066062427 0)
(0.0022420438 0.00050206119 0)
(0.0022347141 0.000345904 0)
(0.0022295852 0.00019136214 0)
(0.0022268056 3.7530251e-05 0)
(0.0022263134 -0.00011659228 0)
(0.0022278335 -0.00027204348 0)
(0.0022308242 -0.0004299057 0)
(0.0022344659 -0.00059144166 0)
(0.0024259545 0.00083557289 0)
(0.0024168349 0.00067391157 0)
(0.0024084951 0.00051407816 0)
(0.0024018462 0.00035585708 0)
(0.002397251 0.00019892073 0)
(0.002394796 4.2673178e-05 0)
(0.0023944292 -0.00011363462 0)
(0.0023959441 -0.00027072712 0)
(0.0023988222 -0.00042925543 0)
(0.0024020211 -0.00059010745 0)
(0.0025889946 0.00084682063 0)
(0.0025807265 0.00068607961 0)
(0.0025730194 0.00052512694 0)
(0.0025670561 0.00036500068 0)
(0.002562984 0.00020598778 0)
(0.0025607757 4.7711199e-05 0)
(0.002560415 -0.00011045259 0)
(0.0025618665 -0.00026896296 0)
(0.0025648281 -0.00042780499 0)
(0.0025679099 -0.0005867787 0)
(0.0027495749 0.00085583507 0)
(0.0027421526 0.00069773188 0)
(0.0027354258 0.00053536167 0)
(0.002730399 0.00037334408 0)
(0.0027268458 0.00021259718 0)
(0.0027247016 5.2718532e-05 0)
(0.002724006 -0.00010699546 0)
(0.0027248718 -0.00026693196 0)
(0.0027274425 -0.00042624407 0)
(0.0027305431 -0.00058118482 0)
(0.0028981845 0.00086113266 0)
(0.0028985065 0.00070826235 0)
(0.0028959346 0.00054415927 0)
(0.0028924439 0.00038072215 0)
(0.0028892371 0.00021882476 0)
(0.002886857 5.7901586e-05 0)
(0.0028853817 -0.00010285738 0)
(0.002884438 -0.00026389783 0)
(0.0028829921 -0.00042405681 0)
(0.0028794083 -0.00057262977 0)
)
;

boundaryField
{
    bottom
    {
        nonOrthogonalCorrections true;
        type            fixedDisplacement;
        value           uniform (0 0 0);
    }
    interface
    {
        type            solidForce;
        forceField      solidForce;
        value           nonuniform List<vector> 
50
(
(9.3487295e-05 0.00011412945 0)
(0.00019722525 0.00022304326 0)
(0.00030212169 0.00031839779 0)
(0.00041532494 0.00040554283 0)
(0.00053833174 0.00048416906 0)
(0.00067095923 0.00055448524 0)
(0.00081220863 0.00061681978 0)
(0.00096079464 0.00067161063 0)
(0.0011153619 0.00071936054 0)
(0.0012745863 0.00076061698 0)
(0.0014372248 0.00079595898 0)
(0.0016021414 0.00082598819 0)
(0.0017683221 0.00085132221 0)
(0.0019348878 0.00087258828 0)
(0.002101105 0.00089041467 0)
(0.0022663978 0.00090538748 0)
(0.0024303029 0.0009179817 0)
(0.0025921507 0.00092773377 0)
(0.0027493212 0.00093232621 0)
(0.0028906267 0.00091306451 0)
(0.0029505038 0.00085690664 0)
(0.0029761774 0.0007091107 0)
(0.0029771714 0.00054731913 0)
(0.0029737782 0.00038408718 0)
(0.0029700645 0.00022192416 0)
(0.0029673833 6.0633555e-05 0)
(0.0029657736 -0.00010035308 0)
(0.0029640128 -0.00026110319 0)
(0.002958241 -0.00041878502 0)
(0.0029305278 -0.0005621574 0)
(7.5764051e-05 -9.6751297e-05 0)
(0.000166279 -0.00019241035 0)
(0.00026345925 -0.00027550053 0)
(0.00037229926 -0.00034982762 0)
(0.00049303773 -0.00041502059 0)
(0.00062471839 -0.000471359 0)
(0.00076588151 -0.00051929214 0)
(0.00091496664 -0.00055938484 0)
(0.001070459 -0.00059225745 0)
(0.0012309472 -0.00061855818 0)
(0.0013951448 -0.00063894729 0)
(0.0015618978 -0.00065408725 0)
(0.0017301884 -0.00066463454 0)
(0.0018991382 -0.00067122953 0)
(0.0020680083 -0.00067447979 0)
(0.0022362099 -0.00067491503 0)
(0.0024032156 -0.0006728502 0)
(0.0025682065 -0.00066779052 0)
(0.0027279291 -0.00065698316 0)
(0.0028717109 -0.00062324523 0)
)
;
        gradient        nonuniform List<vector> 
50
(
(0.0050565388 0.0098326367 0)
(0.0046779831 0.01041002 0)
(0.0042434985 0.01088281 0)
(0.0039103873 0.011788789 0)
(0.0035751884 0.012762222 0)
(0.0032502227 0.013678476 0)
(0.0029396306 0.014482368 0)
(0.0026464863 0.015155949 0)
(0.0023725947 0.015697209 0)
(0.0021190977 0.016111791 0)
(0.0018866542 0.016409249 0)
(0.0016755059 0.016601388 0)
(0.001485438 0.016701604 0)
(0.0013156052 0.016724767 0)
(0.001163498 0.016687579 0)
(0.0010232715 0.016604158 0)
(0.00086966844 0.016481762 0)
(0.00063121828 0.01618263 0)
(-5.0737394e-05 0.015298229 0)
(-0.0015115586 0.010386371 0)
(0.01046385 -0.00084520419 0)
(0.015534182 0.00016967157 0)
(0.016247372 0.00063197274 0)
(0.016266857 0.00067300499 0)
(0.016165475 0.00061988014 0)
(0.016105254 0.00054639382 0)
(0.016078379 0.00050086079 0)
(0.015914962 0.00055892814 0)
(0.015049782 0.0010543577 0)
(0.010223887 0.0020944735 0)
(0.0041174412 -0.0083251904 0)
(0.0038444023 -0.0093904582 0)
(0.0034176742 -0.01030143 0)
(0.0030613265 -0.011472582 0)
(0.0027050653 -0.012607059 0)
(0.0023652662 -0.013620268 0)
(0.0020475528 -0.014482094 0)
(0.001755244 -0.015189819 0)
(0.0014898695 -0.015751008 0)
(0.0012520076 -0.016177347 0)
(0.0010415807 -0.016482196 0)
(0.00085794627 -0.01667975 0)
(0.00069986447 -0.016784803 0)
(0.00056533675 -0.016812651 0)
(0.00045051115 -0.016778823 0)
(0.00034879092 -0.016694675 0)
(0.00023889065 -0.01654855 0)
(5.933806e-05 -0.016202364 0)
(-0.00052280135 -0.015159667 0)
(-0.0015394853 -0.010123091 0)
)
;
    }
    frontAndBack
    {
        type            empty;
    }
}


// ************************************************************************* //
