/*--------------------------------*- C++ -*----------------------------------*\
| =========                 |                                                 |
| \\      /  F ield         | OpenFOAM: The Open Source CFD Toolbox           |
|  \\    /   O peration     | Version:  2512                                  |
|   \\  /    A nd           | Website:  www.openfoam.com                      |
|    \\/     M anipulation  |                                                 |
\*---------------------------------------------------------------------------*/
FoamFile
{
    version     2.0;
    format      ascii;
    arch        "LSB;label=32;scalar=64";
    class       volSymmTensorField;
    location    "1";
    object      epsilon;
}
// * * * * * * * * * * * * * * * * * * * * * * * * * * * * * * * * * * * * * //

dimensions      [0 0 0 0 0 0 0];

internalField   nonuniform List<symmTensor> 
200
(
(-0.0042076265 0.0017459816 -2.0679515e-19 0.0097686211 0 0)
(-0.001192446 0.0035756282 -1.1373733e-18 0.0072170659 -1.5509636e-18 0)
(-0.00060732785 0.0030221816 0 0.0044748029 0 0)
(-0.00031213735 0.0026758329 0 0.0026521883 -2.5849394e-20 0)
(-0.00013698113 0.0024916294 -5.1698788e-20 0.001137053 0 0)
(1.9200757e-06 0.0024257762 -5.1698788e-20 -0.00029401618 -8.0779357e-21 0)
(0.00016404641 0.0024732517 -2.0679515e-19 -0.0017927463 -1.2924697e-20 0)
(0.00042637145 0.0026672512 1.0339758e-19 -0.0035649107 -2.5849394e-20 0)
(0.00093919034 0.0030479061 3.1019273e-19 -0.0061437459 1.0339758e-19 0)
(0.003472965 0.0014159097 -2.0679515e-19 -0.0085561185 -1.0339758e-19 0)
(-0.0039020206 0.0011214053 -8.2718061e-19 0.0089395398 -8.2718061e-19 0)
(-0.0026567162 0.002611318 -2.688337e-18 0.007081662 -4.3426982e-18 0)
(-0.0015544934 0.0030529995 4.1359031e-19 0.0048831393 4.1359031e-19 0)
(-0.0008634248 0.0030749048 8.2718061e-19 0.0029631434 4.1359031e-19 0)
(-0.00039123343 0.0030194293 4.1359031e-19 0.0012964575 0 0)
(6.716429e-06 0.0029682213 4.1359031e-19 -0.0002809115 1.9387046e-20 0)
(0.000449812 0.002923522 6.2038546e-19 -0.0019249738 1.0339758e-19 0)
(0.0010743727 0.0028154748 0 -0.003795605 -1.0339758e-19 0)
(0.0020585376 0.0023525504 2.0679515e-19 -0.0059399736 0 0)
(0.0031895876 0.0009945447 2.0679515e-19 -0.007874361 -1.8611564e-18 0)
(-0.0037520903 0.00076375471 0 0.0080124473 -8.2718061e-19 0)
(-0.0029354985 0.0020637331 -2.0679515e-18 0.0065737769 -5.7902643e-18 0)
(-0.002004534 0.0027888408 -1.6543612e-18 0.0047924511 -4.1359031e-19 0)
(-0.0012203565 0.0030996038 -8.2718061e-19 0.0030316619 2.0679515e-19 0)
(-0.00058021613 0.0031926146 4.1359031e-19 0.0013743195 0 0)
(-5.4029216e-07 0.0031621413 4.1359031e-19 -0.00023337633 1.2924697e-20 0)
(0.00061199996 0.0030143732 2.4815418e-18 -0.0018773378 1.5509636e-19 0)
(0.0013421959 0.002671375 4.1359031e-19 -0.0036198234 2.0679515e-19 0)
(0.0022083637 0.001960726 -8.2718061e-19 -0.005411312 2.0679515e-19 0)
(0.0030089535 0.00072314031 1.2407709e-18 -0.0069665348 8.2718061e-19 0)
(-0.0034773563 0.00064013263 0 0.0072191006 8.2718061e-19 0)
(-0.0028626034 0.0017558721 -8.2718061e-19 0.0059636444 -7.4446255e-18 0)
(-0.0021110533 0.0025293502 8.2718061e-19 0.0044777107 1.6543612e-18 0)
(-0.0013709155 0.0029669499 0 0.0029220663 -1.0339758e-18 0)
(-0.00068500786 0.0031506528 -8.2718061e-19 0.0013755067 0 0)
(-2.9518217e-05 0.0031373751 4.1359031e-19 -0.00015847886 -1.2924697e-20 0)
(0.00063925303 0.0029323722 -4.1359031e-19 -0.0017038002 2.0679515e-19 0)
(0.0013510705 0.0024888581 -8.2718061e-19 -0.0032665058 2.0679515e-19 0)
(0.0020805363 0.0017296224 8.2718061e-19 -0.0047905388 -4.1359031e-19 0)
(0.0027111973 0.00062759348 8.2718061e-19 -0.006146376 4.1359031e-19 0)
(-0.0031880308 0.00057431874 1.6543612e-18 0.0064537965 8.2718061e-19 0)
(-0.0026793225 0.0015694844 -8.2718061e-19 0.0053532342 -8.2718061e-18 0)
(-0.002056245 0.0023122846 2.4815418e-18 0.0040853511 0 0)
(-0.0013914738 0.0027812018 1.6543612e-18 0.0027250044 4.1359031e-19 0)
(-0.00072689549 0.0030016893 0 0.0013300697 4.1359031e-19 0)
(-6.9436161e-05 0.0029991645 2.4815418e-18 -7.3677985e-05 2.5849394e-20 0)
(0.000588324 0.0027762986 -1.6543612e-18 -0.001475629 -2.0679515e-19 0)
(0.0012448589 0.0023112271 2.4815418e-18 -0.0028562396 0 0)
(0.0018693472 0.0015750147 0 -0.0041687496 -8.2718061e-19 0)
(0.0024011088 0.00056967337 4.9630837e-18 -0.0053464131 0 0)
(-0.002904492 0.00052932531 3.3087225e-18 0.0057309611 -1.6543612e-18 0)
(-0.0024695417 0.0014340924 -4.9630837e-18 0.004773566 -6.6174449e-18 0)
(-0.0019374823 0.0021246431 -1.6543612e-18 0.003682323 -4.1359031e-19 0)
(-0.0013469686 0.0025809632 -8.2718061e-19 0.0024978319 -8.2718061e-19 0)
(-0.00073151038 0.0028064055 -8.2718061e-19 0.0012629972 0 0)
(-0.00011022411 0.0028091497 0 9.9981792e-06 0 0)
(0.00050520922 0.0025896845 0 -0.001235486 2.0679515e-19 0)
(0.0010988947 0.0021392242 -4.1359031e-18 -0.0024440898 4.1359031e-19 0)
(0.0016423417 0.0014488163 0 -0.0035762969 -2.4815418e-18 0)
(0.0020988783 0.00052468624 -8.2718061e-19 -0.0045894114 2.4815418e-18 0)
(-0.0026361428 0.00048989868 -3.3087225e-18 0.0050542432 0 0)
(-0.0022612049 0.0013183165 -4.9630837e-18 0.004233795 -1.0753348e-17 0)
(-0.0017991732 0.0019523821 -1.6543612e-18 0.0032959293 0 0)
(-0.0012753119 0.0023786675 3.3087225e-18 0.0022694907 -8.2718061e-19 0)
(-0.00071699294 0.002593735 3.3087225e-18 0.0011892419 -4.1359031e-19 0)
(-0.00014710151 0.0025982428 1.6543612e-18 8.803332e-05 0 0)
(0.00041449276 0.002391391 1.6543612e-18 -0.0010032601 1.0339758e-19 0)
(0.0009462408 0.0019699667 -3.3087225e-18 -0.0020523496 8.2718061e-19 0)
(0.001421977 0.0013322095 3.3087225e-18 -0.0030237885 -8.2718061e-19 0)
(0.0018141494 0.00048308308 0 -0.0038830125 -8.2718061e-19 0)
(-0.002386028 0.00045087708 -1.1580529e-17 0.0044264211 0 0)
(-0.0020641346 0.0012087261 1.6543612e-18 0.0037362927 -1.2407709e-17 0)
(-0.0016603445 0.0017868881 -1.6543612e-18 0.0029364811 -3.3087225e-18 0)
(-0.0011955623 0.0021774287 8.2718061e-18 0.0020528617 1.2407709e-18 0)
(-0.0006938618 0.0023759225 -3.3087225e-18 0.0011164311 0 0)
(-0.00017876549 0.0023804348 1.6543612e-18 0.00015918995 0 0)
(0.00032704415 0.0021895933 -3.3087225e-18 -0.00078692135 4.1359031e-19 0)
(0.00080027152 0.0018022 1.6543612e-18 -0.0016893731 1.6543612e-18 0)
(0.0012162243 0.0012186536 0 -0.0025149145 -8.2718061e-19 0)
(0.0015504839 0.0004423774 6.6174449e-18 -0.0032315195 -2.4815418e-18 0)
(-0.0021552383 0.00041044835 0 0.0038492044 1.6543612e-18 0)
(-0.001881583 0.0010998975 1.6543612e-18 0.0032813938 -9.9261674e-18 0)
(-0.0015285732 0.0016236759 -3.3087225e-18 0.0026072752 -8.2718061e-19 0)
(-0.0011163221 0.0019774632 3.3087225e-18 0.0018529175 0 0)
(-0.00066746274 0.0021575803 6.6174449e-18 0.0010479034 -4.1359031e-19 0)
(-0.00020525534 0.002161564 0 0.00022332085 5.1698788e-20 0)
(0.00024704652 0.0019878682 1.1580529e-17 -0.00058923991 -6.2038546e-19 0)
(0.0006659945 0.0016358777 1.6543612e-18 -0.0013579125 0 0)
(0.0010278807 0.0011064289 -3.3087225e-18 -0.0020508165 8.2718061e-19 0)
(0.0013094219 0.00040203824 1.1580529e-17 -0.0026368343 -4.1359031e-18 0)
(-0.0019439761 0.00036805509 0 0.0033237351 -4.9630837e-18 0)
(-0.0017142557 0.00098978818 3.3087225e-18 0.002868808 -1.4889251e-17 0)
(-0.0014063725 0.0014606152 1.6543612e-18 0.0023088252 1.6543612e-18 0)
(-0.0010409118 0.0017783353 3.3087225e-18 0.0016710128 4.1359031e-19 0)
(-0.00064007681 0.0019402158 3.3087225e-18 0.00098469998 -4.1359031e-19 0)
(-0.00022676716 0.001943919 -3.3087225e-18 0.00028036849 0 0)
(0.00017597287 0.0017878546 3.3087225e-18 -0.00041106722 0 0)
(0.00054513306 0.0014714528 1.6543612e-18 -0.0010586436 1.2407709e-18 0)
(0.00085784568 0.00099548163 4.9630837e-18 -0.0016315975 0 0)
(0.0010915444 0.00036210279 -3.3087225e-18 -0.0020995329 0 0)
(-0.0017519387 0.00032355953 3.3087225e-18 0.0028507041 0 0)
(-0.0015617782 0.00087773861 6.6174449e-18 0.0024980263 -1.323489e-17 0)
(-0.0012940324 0.0012968005 6.6174449e-18 0.0020405797 8.2718061e-19 0)
(-0.00097010474 0.0015796623 -9.9261674e-18 0.0015069217 1.2407709e-18 0)
(-0.00061227184 0.001724257 3.3087225e-18 0.00092667304 -4.1359031e-19 0)
(-0.00024320471 0.0017284166 0 0.00033002814 1.0339758e-19 0)
(0.00011444168 0.0015904494 3.3087225e-18 -0.00025273113 -4.1359031e-19 0)
(0.00043827686 0.0013095757 -3.3087225e-18 -0.00079157098 -8.2718061e-19 0)
(0.00070631267 0.00088631187 3.3087225e-18 -0.0012568753 -2.4815418e-18 0)
(0.00089689314 0.00032274905 0 -0.0016193129 0 0)
(-0.0015784502 0.00027694317 3.3087225e-18 0.0024304381 1.6543612e-18 0)
(-0.0014232692 0.0007636589 6.6174449e-18 0.0021684202 -1.4889251e-17 0)
(-0.001190891 0.001131962 -3.3087225e-18 0.001801598 0 0)
(-0.00090350554 0.0013812838 0 0.0013597574 8.2718061e-19 0)
(-0.00058370798 0.0015098695 -6.6174449e-18 0.00087306783 8.2718061e-19 0)
(-0.00025411127 0.0015155397 -1.323489e-17 0.00037169291 0 0)
(6.2970658e-05 0.0013963388 -3.3087225e-18 -0.00011456935 6.2038546e-19 0)
(0.00034576068 0.0011510495 -9.9261674e-18 -0.00055656889 0 0)
(0.00057323835 0.0007797006 0 -0.00092599111 0 0)
(0.00072514432 0.00028425878 -1.323489e-17 -0.0011952068 -8.2718061e-19 0)
(-0.0014224873 0.000228244 1.6543612e-17 0.0020629309 3.3087225e-18 0)
(-0.0012975983 0.00064779093 3.3087225e-18 0.0018792522 -1.4889251e-17 0)
(-0.0010959587 0.00096622034 6.6174449e-18 0.0015908327 -4.1359031e-18 0)
(-0.00084028438 0.0011832698 3.3087225e-18 0.001228406 8.2718061e-19 0)
(-0.00055365376 0.001297229 0 0.00082284699 4.1359031e-19 0)
(-0.00025878489 0.0013056668 -9.9261674e-18 0.0004045049 0 0)
(2.2223261e-05 0.0012061754 0 2.8798782e-06 2.0679515e-19 0)
(0.00026804275 0.0009968504 0 -0.00035361957 1.6543612e-18 0)
(0.00045858427 0.00067675917 9.9261674e-18 -0.00063810697 8.2718061e-19 0)
(0.00057568885 0.00024712024 6.6174449e-18 -0.00082561323 3.3087225e-18 0)
(-0.0012825618 0.00017765942 0 0.0017477453 0 0)
(-0.0011835971 0.00053083165 -1.6543612e-17 0.0016296793 -8.2718061e-18 0)
(-0.0010083511 0.00080004269 -3.3087225e-18 0.0014073294 1.6543612e-18 0)
(-0.00077965657 0.00098589365 -3.3087225e-18 0.0011117992 1.6543612e-18 0)
(-0.00052140263 0.0010865692 0 0.00077493499 -4.1359031e-19 0)
(-0.00025653843 0.0010990889 3.3087225e-18 0.00042748044 1.0339758e-19 0)
(-7.0107643e-06 0.0010204842 0 9.8820231e-05 -8.2718061e-19 0)
(0.00020592768 0.00084804408 -3.3087225e-18 -0.00018301295 4.1359031e-19 0)
(0.00036257731 0.00057909239 0 -0.00039232108 8.2718061e-19 0)
(0.00044764415 0.00021224388 2.646978e-17 -0.00050812476 4.1359031e-18 0)
(-0.0011563732 0.00012611907 3.3087225e-18 0.0014831076 0 0)
(-0.0010804333 0.00041434067 -1.323489e-17 0.0014188135 -1.323489e-17 0)
(-0.00092774346 0.00063423236 9.9261674e-18 0.0012505135 8.2718061e-19 0)
(-0.00072123892 0.00078958572 1.6543612e-17 0.0010091615 8.2718061e-19 0)
(-0.0004866956 0.00087819766 -3.3087225e-18 0.00072848741 -8.2718061e-19 0)
(-0.00024720689 0.00089588462 0 0.00043979403 -1.0339758e-19 0)
(-2.4164263e-05 0.00083924312 -3.3087225e-18 0.00017228646 4.1359031e-19 0)
(0.00016071512 0.00070532841 -1.323489e-17 -4.5628916e-05 8.2718061e-19 0)
(0.00028619935 0.00048892148 -3.3087225e-18 -0.00018793172 -8.2718061e-19 0)
(0.00033969707 0.00018142477 0 -0.0002388297 2.4815418e-18 0)
(-0.0010388296 7.6168998e-05 0 0.0012641384 1.6543612e-18 0)
(-0.00098847572 0.00030136568 3.3087225e-18 0.0012459123 -2.3161057e-17 0)
(-0.0008547221 0.00046955009 -3.3087225e-18 0.0011206213 -2.4815418e-18 0)
(-0.00066505993 0.00059486514 0 0.00092010697 -8.2718061e-19 0)
(-0.00045013405 0.00067278005 0 0.00068318674 -4.1359031e-19 0)
(-0.00023215212 0.00069593796 -6.6174449e-18 0.00044145693 -1.0339758e-19 0)
(-3.0076253e-05 0.00066104952 3.3087225e-18 0.00022272747 0 0)
(0.00013385367 0.0005675741 -6.6174449e-18 5.6791193e-05 0 0)
(0.00023204991 0.00040871475 -6.6174449e-18 -2.4953341e-05 8.2718061e-19 0)
(0.00024888197 0.00015836675 6.6174449e-18 -9.7663893e-06 2.4815418e-18 0)
(-0.0009150394 3.7159381e-05 0 0.0010636318 -1.6543612e-18 0)
(-0.00090881288 0.00019482967 -6.6174449e-18 0.0011096434 -1.323489e-17 0)
(-0.00078914609 0.00030463185 3.3087225e-18 0.0010182971 0 0)
(-0.00061027292 0.00040242896 -3.3087225e-18 0.00084373548 -8.2718061e-19 0)
(-0.0004134075 0.00047257605 3.3087225e-18 0.00063932979 4.1359031e-19 0)
(-0.0002160401 0.00049985247 1.323489e-17 0.00043481653 0 0)
(-3.0249553e-05 0.00048217031 -3.3087225e-18 0.00025219613 -2.0679515e-19 0)
(0.00012379699 0.00042803553 -3.3087225e-18 0.00012253634 -4.1359031e-19 0)
(0.00020379463 0.00033787636 3.3087225e-18 9.5693492e-05 -2.4815418e-18 0)
(0.00016519994 0.00015226915 3.3087225e-18 0.00020413123 8.2718061e-19 0)
(-0.00072052672 2.7289682e-05 1.323489e-17 0.00080870625 -1.6543612e-18 0)
(-0.00083410031 9.1896134e-05 6.6174449e-18 0.0010034154 -1.323489e-17 0)
(-0.00072058336 0.00013270314 1.323489e-17 0.00094016112 2.4815418e-18 0)
(-0.00055207194 0.00021589296 1.9852335e-17 0.00077511855 8.2718061e-19 0)
(-0.00037964607 0.00028502514 -1.9852335e-17 0.00059750448 8.2718061e-19 0)
(-0.00020883675 0.00031236058 2.646978e-17 0.00042712968 -2.0679515e-19 0)
(-4.1191353e-05 0.00029823189 2.646978e-17 0.00027139428 -5.1698788e-19 0)
(0.0001120848 0.0002678735 0 0.00015679921 -1.6543612e-18 0)
(0.00019325985 0.00026070498 6.6174449e-18 0.00017835324 2.4815418e-18 0)
(3.2891813e-05 0.00017489212 -6.6174449e-18 0.00047970717 0 0)
(-0.00023562819 0.0001329161 6.6174449e-18 2.980472e-05 1.6543612e-18 0)
(-0.00063304384 -7.5676947e-05 0 0.00086920373 -1.323489e-17 0)
(-0.0005929652 -5.5671327e-05 -1.323489e-17 0.00084763859 -2.4815418e-18 0)
(-0.0004816229 5.2527794e-05 0 0.00069737353 -1.6543612e-18 0)
(-0.00035572439 0.0001274462 -1.323489e-17 0.0005587303 -1.2407709e-18 0)
(-0.00022404712 0.00014808148 -6.6174449e-18 0.00043182161 0 0)
(-9.3298037e-05 0.000117376 -1.323489e-17 0.00031024446 1.0339758e-19 0)
(2.2292383e-05 6.1191921e-05 -6.6174449e-18 0.00020610453 1.2407709e-18 0)
(6.0695083e-05 8.6333446e-05 -6.6174449e-18 0.00027270755 -1.6543612e-18 0)
(-0.00032375849 0.00030690415 -6.6174449e-18 0.0012338698 -1.6543612e-18 0)
(0.0020647528 -5.7597664e-05 0 -0.0017326878 0 0)
(0.00035703873 -0.00034374692 6.6174449e-18 0.00037890677 -1.1580529e-17 0)
(-0.00034817464 -0.00012312027 6.6174449e-18 0.00061781381 -8.2718061e-19 0)
(-0.0004293326 -2.1187758e-05 -1.9852335e-17 0.00060782151 -1.6543612e-18 0)
(-0.00036511201 2.6949878e-05 -6.6174449e-18 0.0005351077 8.2718061e-19 0)
(-0.00026117684 3.3971537e-05 -6.6174449e-18 0.00045576558 2.0679515e-19 0)
(-0.00018740825 2.0209142e-06 -1.9852335e-17 0.0003940011 5.1698788e-19 0)
(-0.00024807456 -7.44524e-05 0 0.00041484907 4.1359031e-19 0)
(-0.00087249987 -0.00026208305 -1.323489e-17 0.0007086907 -8.2718061e-19 0)
(-0.0023842644 -1.5865954e-05 -6.6174449e-18 0.0027224401 0 0)
)
;

boundaryField
{
    bottom
    {
        type            calculated;
        value           nonuniform List<symmTensor> 10((-0.0044937257 0.0038310158 0 0.012336455 0 0) (0 0.0037375806 0 0.0061512638 0 0) (0 0.0027244388 0 0.0039355118 0 0) (0 0.0022883246 0 0.0023853814 0 0) (0 0.0020880902 0 0.0010269035 0 0) (0 0.0020199237 0 -0.00028138332 0 0) (0 0.0020766182 0 -0.0016347859 0 0) (0 0.0023417312 0 -0.0031643911 0 0) (0 0.0031069708 0 -0.0052808807 0 0) (0.0037182473 0.0030587918 0 -0.010767299 0 0));
    }
    interface
    {
        type            calculated;
        value           nonuniform List<symmTensor> 
50
(
(-0.0048636432 1.4308969e-05 0 0.010602605 0 0)
(-0.0044759735 1.081882e-05 0 0.0096435244 0 0)
(-0.0040497818 1.1898052e-05 0 0.0085789111 0 0)
(-0.003724537 1.323983e-05 0 0.0077651122 0 0)
(-0.0034004129 1.4268305e-05 0 0.0069530807 0 0)
(-0.0030890199 1.4679192e-05 0 0.0061720401 0 0)
(-0.0027943174 1.4239117e-05 0 0.0054322702 0 0)
(-0.002519063 1.2755937e-05 0 0.0047413304 0 0)
(-0.0022646085 1.006555e-05 0 0.0041035699 0 0)
(-0.0020315157 6.0168864e-06 0 0.0035216932 0 0)
(-0.0018197836 4.6171597e-07 0 0.0029973607 0 0)
(-0.0016289814 -6.7679919e-06 0 0.0025315584 0 0)
(-0.001458275 -1.5895734e-05 0 0.0021247797 0 0)
(-0.0013063038 -2.7265889e-05 0 0.0017769582 0 0)
(-0.0011702778 -4.1486435e-05 0 0.0014858473 0 0)
(-0.0010443234 -5.8961344e-05 0 0.0012438365 0 0)
(-0.00090404564 -8.4842671e-05 0 0.0010013361 0 0)
(-0.00068188072 -0.00010565305 0 0.00062587015 0 0)
(-3.3609745e-05 -0.0001771735 0 -0.00075427001 0 0)
(0.0013543541 -0.00015646913 0 -0.0036272631 0 0)
(0.004008488 0.0001276813 0 -0.00086147338 0 0)
(0.0011841324 2.036969e-05 0 0.0001093635 0 0)
(-0.00019353814 -8.8967403e-06 0 0.00054605616 0 0)
(-0.00041656823 -8.1997434e-06 0 0.00058484517 0 0)
(-0.00038278302 -1.0071142e-05 0 0.00053470242 0 0)
(-0.00028335404 -1.0314979e-05 0 0.0004654688 0 0)
(-0.00024057484 -9.8411893e-06 0 0.00042325433 0 0)
(-0.00043898193 -8.7745664e-06 0 0.00048037717 0 0)
(-0.0016764678 -7.2256612e-06 0 0.00095598025 0 0)
(-0.0041784119 -6.0829092e-06 0 0.0019412695 0 0)
(0.0040267906 -5.5901395e-06 0 -0.0093769475 0 0)
(0.0037486755 -5.5736666e-06 0 -0.0086769983 0 0)
(0.0033299552 -7.5006413e-06 0 -0.0076308166 0 0)
(0.0029811869 -9.3472479e-06 0 -0.0067621457 0 0)
(0.0026312732 -1.0639558e-05 0 -0.0058927809 0 0)
(0.0022957665 -1.1199399e-05 0 -0.0050611673 0 0)
(0.0019802027 -1.10042e-05 0 -0.0042805475 0 0)
(0.0016879979 -1.0153571e-05 0 -0.003558761 0 0)
(0.0014208204 -8.8345694e-06 0 -0.0028993125 0 0)
(0.00117939 -7.28153e-06 0 -0.0023034721 0 0)
(0.00096377331 -5.7308602e-06 0 -0.0017711555 0 0)
(0.00077356732 -4.3822672e-06 0 -0.001301339 0 0)
(0.00060794438 -3.3732548e-06 0 -0.00089212679 0 0)
(0.00046555888 -2.7660096e-06 0 -0.00054041707 0 0)
(0.00034400748 -2.5434071e-06 0 -0.00024045841 0 0)
(0.00023772514 -2.5861462e-06 0 2.1397271e-05 0 0)
(0.00012765154 -2.6706587e-06 0 0.00029276534 0 0)
(-4.3972069e-05 -2.3913101e-06 0 0.0007179714 0 0)
(-0.00059188204 -9.5851027e-07 0 0.0020842251 0 0)
(-0.0015530839 2.7035545e-06 0 0.004486452 0 0)
)
;
    }
    frontAndBack
    {
        type            empty;
    }
}


// ************************************************************************* //
