/*--------------------------------*- C++ -*----------------------------------*\
| =========                 |                                                 |
| \\      /  F ield         | OpenFOAM: The Open Source CFD Toolbox           |
|  \\    /   O peration     | Version:  2512                                  |
|   \\  /    A nd           | Website:  www.openfoam.com                      |
|    \\/     M anipulation  |                                                 |
\*---------------------------------------------------------------------------*/
FoamFile
{
    version     2.0;
    format      ascii;
    arch        "LSB;label=32;scalar=64";
    class       surfaceScalarField;
    location    "17.9";
    object      phi;
}
// * * * * * * * * * * * * * * * * * * * * * * * * * * * * * * * * * * * * * //

dimensions      [0 3 -1 0 0 0 0];

oriented        oriented;

internalField   nonuniform List<scalar> 
6512
(
3.8246648e-14
-3.8246382e-14
-2.6100247e-19
7.3940961e-14
-3.5694318e-14
1.1181456e-13
-3.7873606e-14
1.5456777e-13
-4.2753206e-14
2.0194719e-13
-4.7379417e-14
2.5185569e-13
-4.9908494e-14
3.0129754e-13
-4.9441848e-14
3.4702087e-13
-4.5723318e-14
3.8607595e-13
-3.9055063e-14
4.1640219e-13
-3.0326242e-14
4.3735331e-13
-2.0951112e-14
4.4994957e-13
-1.2596252e-14
4.5615451e-13
-6.2049345e-15
4.5809831e-13
-1.9437862e-15
4.5758299e-13
5.1532819e-16
4.5594282e-13
1.6401723e-15
4.5397559e-13
1.9672361e-15
4.5211994e-13
1.8556553e-15
4.5055457e-13
1.5653751e-15
4.493043e-13
1.2502727e-15
4.4831624e-13
9.8807085e-16
4.4750953e-13
8.0670086e-16
4.4680786e-13
7.0167449e-16
4.4616431e-13
6.4356041e-16
4.4558862e-13
5.756872e-16
4.451833e-13
4.0531736e-16
4.4520282e-13
-1.9518857e-17
4.4616234e-13
-9.5952525e-16
4.4895216e-13
-2.7898202e-15
4.55029e-13
-6.076847e-15
4.666392e-13
-1.16102e-14
4.8702357e-13
-2.0384369e-14
5.2043279e-13
-3.3409218e-14
5.715608e-13
-5.1128004e-14
6.4330681e-13
-7.174601e-14
7.2895933e-13
-8.5652531e-14
7.9355167e-13
-6.4592338e-14
7.7301892e-13
2.0532742e-14
4.4228657e-13
3.3073236e-13
4.4228656e-13
1.3149276e-13
-1.6973817e-13
-9.8264955e-19
2.5921265e-13
-1.6341422e-13
3.9683581e-13
-1.7549677e-13
5.5079854e-13
-1.9671592e-13
7.1884653e-13
-2.154274e-13
8.937279e-13
-2.2478986e-13
1.0657819e-12
-2.2149582e-13
1.2246823e-12
-2.0462368e-13
1.3610941e-12
-1.7546689e-13
-1.3773154e-13
1.4684994e-12
1.8816898e-13
-3.5790572e-13
-1.4451076e-18
3.7557886e-13
-3.5082409e-13
5.8749015e-13
-3.8740805e-13
8.2882405e-13
-4.3804982e-13
1.0915711e-12
-4.7817444e-13
1.3630521e-12
-4.962709e-13
1.6286464e-12
-4.8709003e-13
1.8731771e-12
-4.4915446e-13
2.0827897e-12
-3.8507941e-13
-3.0257114e-13
2.2476293e-12
1.8958738e-13
-5.4749154e-13
-1.5598096e-18
3.9988479e-13
-5.6112152e-13
6.6602916e-13
-6.5355243e-13
9.785518e-13
-7.5057245e-13
1.3177715e-12
-8.1739417e-13
1.6653611e-12
-8.4386043e-13
2.0033151e-12
-8.250441e-13
2.3129646e-12
-7.5880389e-13
2.5764361e-12
-6.4855089e-13
-5.064672e-13
2.7803321e-12
8.2544655e-14
-6.3003489e-13
-1.2969795e-18
2.9191685e-13
-7.7049372e-13
6.1629942e-13
-9.77935e-13
9.9785637e-13
-1.1321294e-12
1.4014357e-12
-1.2209735e-12
1.8080257e-12
-1.2504505e-12
2.2003235e-12
-1.2173419e-12
2.5578581e-12
-1.1163384e-12
2.8583824e-12
-9.4907524e-13
3.0835725e-12
-7.3165728e-13
1.544837e-12
-9.7288718e-14
1.5932456e-12
-6.100485e-14
1.6198704e-12
-3.2829674e-14
1.6314667e-12
-1.3540062e-14
1.6339029e-12
-1.9208617e-15
1.6314858e-12
4.0572627e-15
1.6270802e-12
6.3728054e-15
1.6223173e-12
6.6185903e-15
1.617985e-12
5.8976521e-15
1.6143468e-12
4.8885127e-15
1.6113811e-12
3.9537878e-15
1.6089483e-12
3.2394747e-15
1.6069071e-12
2.7428689e-15
1.6052082e-12
2.342493e-15
1.6039938e-12
1.790096e-15
1.6037344e-12
6.6469663e-16
1.6054195e-12
-1.7046646e-15
1.6108266e-12
-6.3666149e-15
1.622935e-12
-1.4898156e-14
-2.9572259e-14
1.6464304e-12
2.3646191e-12
-2.1427845e-13
2.4393405e-12
-1.3572626e-13
2.4817211e-12
-7.5210271e-14
2.5020514e-12
-3.3870399e-14
2.5088761e-12
-8.7455483e-15
2.5083781e-12
4.5553147e-15
2.5045388e-12
1.0212151e-14
2.4996735e-12
1.1483827e-14
2.494954e-12
1.0617225e-14
2.4908484e-12
8.9941244e-15
2.4874407e-12
7.3613858e-15
2.4846496e-12
6.0306187e-15
2.4823808e-12
5.0116549e-15
2.4806511e-12
4.0722606e-15
2.4797152e-12
2.7259729e-15
2.4802302e-12
1.4966699e-16
2.4834771e-12
-4.9516139e-15
2.4916874e-12
-1.4576873e-14
2.5084577e-12
-3.166849e-14
-6.0397212e-14
2.5392827e-12
2.9204057e-12
-3.5435197e-13
3.0067106e-12
-2.2203121e-13
3.0543888e-12
-1.2288848e-13
3.0772854e-12
-5.6766909e-14
3.0857745e-12
-1.7234721e-14
3.0867287e-12
3.6011589e-15
3.0842787e-12
1.2662162e-14
3.0806948e-12
1.5067733e-14
3.0770907e-12
1.4221377e-14
3.0739164e-12
1.21684e-14
3.0712775e-12
1.000025e-14
3.0691362e-12
8.1720215e-15
3.0674427e-12
6.705093e-15
3.0662378e-12
5.2772232e-15
3.0657533e-12
3.2104697e-15
3.066537e-12
-6.3405937e-16
3.0696319e-12
-8.0465034e-15
3.0768016e-12
-2.1746612e-14
3.0908412e-12
-4.5708056e-14
-8.5503373e-14
3.1159473e-12
3.226273e-12
-4.9705246e-13
3.3057873e-12
-3.0154541e-13
3.3453142e-12
-1.6241541e-13
3.3624721e-12
-7.3924745e-14
3.3683587e-12
-2.3121368e-14
3.3691522e-12
2.8076766e-15
3.3679851e-12
1.3829208e-14
3.3663001e-12
1.6752772e-14
3.3646877e-12
1.5833805e-14
3.3633358e-12
1.3520296e-14
3.3622611e-12
1.1074974e-14
3.3614241e-12
9.0090047e-15
3.3607893e-12
7.3399589e-15
3.3603627e-12
5.7037889e-15
3.3602274e-12
3.3458379e-15
3.3605858e-12
-9.9250495e-16
3.361821e-12
-9.2816614e-15
3.3645711e-12
-2.4496768e-14
3.3698301e-12
-5.0967062e-14
3.3790584e-12
-9.4731691e-14
1.6883302e-12
-5.3510062e-14
1.7586514e-12
-9.0705572e-14
1.8709542e-12
-1.4571199e-13
2.0424352e-12
-2.2260905e-13
2.2932374e-12
-3.2254817e-13
2.6463165e-12
-4.3873166e-13
3.1294981e-12
-5.4777395e-13
3.7523323e-12
-6.0230144e-13
-5.3900607e-13
4.6220707e-12
2.5921475e-12
-1.063749e-13
2.6780798e-12
-1.7663791e-13
2.8114446e-12
-2.7907676e-13
3.0095596e-12
-4.2072408e-13
3.2909581e-12
-6.0394667e-13
3.6713377e-12
-8.1911124e-13
4.1551158e-12
-1.031552e-12
4.7166315e-12
-1.1638172e-12
-1.0847127e-12
5.2623382e-12
3.1581254e-12
-1.4855298e-13
3.225577e-12
-2.4408953e-13
3.3289806e-12
-3.8248031e-13
3.4814978e-12
-5.7324129e-13
3.69827e-12
-8.2071891e-13
3.9957269e-12
-1.1165681e-12
4.3903912e-12
-1.4262163e-12
4.8784986e-12
-1.6519246e-12
-1.5592517e-12
5.3530376e-12
3.3942976e-12
-1.6379215e-13
3.4182862e-12
-2.6807811e-13
3.4546355e-12
-4.1882962e-13
3.5082553e-12
-6.2686115e-13
3.5864832e-12
-8.9894674e-13
3.7033538e-12
-1.2334387e-12
3.8976922e-12
-1.6205547e-12
4.2715917e-12
-2.0258242e-12
4.9184542e-12
-2.2061141e-12
-3.9823069e-13
5.462588e-12
-5.9848116e-13
5.4625886e-12
-7.0803216e-13
5.4625886e-12
5.4625881e-12
-1.2521661e-12
-1.5112309e-19
-1.8289497e-20
1.1478531e-19
-1.2350807e-13
-5.0652638e-13
-4.6147162e-19
3.8995165e-14
-9.3299696e-13
2.8579406e-13
-1.2247339e-12
5.5291666e-13
-1.399252e-12
8.1897095e-13
-1.4870278e-12
1.0811828e-12
-1.5126623e-12
1.333221e-12
-1.46938e-12
1.5626688e-12
-1.3457863e-12
1.7532159e-12
-1.1396223e-12
-8.6819096e-13
1.8897496e-12
-4.6647758e-13
-4.0048633e-14
-1.6376454e-19
-1.382669e-13
-1.2612076e-12
2.1036929e-13
-1.5733701e-12
5.0480117e-13
-1.6936839e-12
7.7940134e-13
-1.7616279e-12
1.0476586e-12
-1.7809196e-12
1.3068193e-12
-1.7285408e-12
1.5437496e-12
-1.5827166e-12
1.7388963e-12
-1.3347689e-12
1.8724978e-12
-1.0017925e-12
1.9650929e-12
-5.7239582e-13
1.9991621e-12
-3.356145e-13
2.0119392e-12
-1.7519252e-13
2.0155785e-12
-7.7564034e-14
2.0160501e-12
-2.3592982e-14
2.0158036e-12
3.0542022e-15
2.0156299e-12
1.4002923e-14
2.0156654e-12
1.6717261e-14
2.0158508e-12
1.5648386e-14
2.0161044e-12
1.3266751e-14
2.0163697e-12
1.080969e-14
2.0166165e-12
8.7621248e-15
2.0168277e-12
7.1288118e-15
2.0169822e-12
5.5493318e-15
2.0170373e-12
3.2906593e-15
2.0169077e-12
-8.6290899e-16
2.0164368e-12
-8.8107277e-15
2.0153569e-12
-2.3416879e-14
2.0132331e-12
-4.884322e-14
-9.0880261e-14
2.0093816e-12
1.9334472e-12
-6.3334521e-13
1.9518337e-12
-3.5400099e-13
1.9535144e-12
-1.7687314e-13
1.9510601e-12
-7.5109788e-14
1.948975e-12
-2.1507794e-14
1.9482132e-12
3.815987e-15
1.9485135e-12
1.3702634e-14
1.9493891e-12
1.5841658e-14
1.9504605e-12
1.4577009e-14
1.9515096e-12
1.2217618e-14
1.9524419e-12
9.8773619e-15
1.9532313e-12
7.9727696e-15
1.95387e-12
6.4901331e-15
1.9543247e-12
5.0945648e-15
1.9544924e-12
3.1230523e-15
1.9541458e-12
-5.1633184e-16
1.9528619e-12
-7.5268753e-15
1.9499223e-12
-2.047729e-14
1.9441779e-12
-4.3098833e-14
1.9338695e-12
-8.057183e-14
2.0027504e-12
-1.5716098e-13
1.9917285e-12
-2.5705618e-13
1.9738173e-12
-4.0091843e-13
1.9450654e-12
-5.9810928e-13
1.8989875e-12
-8.528688e-13
1.8228772e-12
-1.1573284e-12
1.6848003e-12
-1.4824778e-12
1.4100685e-12
-1.7510925e-12
-1.6932951e-12
8.9724952e-13
1.9163908e-12
-1.3968225e-13
1.8879637e-12
-2.2862916e-13
1.8431438e-12
-3.5609854e-13
1.773977e-12
-5.2894244e-13
1.6684359e-12
-7.4732766e-13
1.5068104e-12
-9.9570297e-13
1.2525518e-12
-1.2282192e-12
8.4765682e-13
-1.3461975e-12
2.9645425e-13
-1.1420925e-12
-3.5491656e-13
-5.8462301e-14
-7.3096015e-13
-2.5090885e-12
-1.3424191e-13
-1.8579259e-12
9.3520803e-14
-1.8011328e-12
2.4832846e-13
-1.8484916e-12
3.9126832e-13
-1.9045678e-12
5.3270974e-13
-1.922361e-12
6.7133495e-13
-1.867166e-12
7.9916501e-13
-1.7105466e-12
9.0398513e-13
-1.439589e-12
9.7173792e-13
-1.0695453e-12
9.9570752e-13
-6.5731479e-13
9.9676085e-13
-3.550543e-13
9.9217073e-13
-1.7228302e-13
9.8823102e-13
-7.1170072e-14
9.8617036e-13
-1.9447126e-14
9.8565854e-13
4.3278262e-15
9.8606828e-13
1.3292903e-14
9.8688808e-13
1.5021844e-14
9.8780225e-13
1.3662847e-14
9.8865465e-13
1.1365233e-14
9.8938956e-13
9.142443e-15
9.9000068e-13
7.3616497e-15
9.9049191e-13
5.9988944e-15
9.9084536e-13
4.7411123e-15
9.9098941e-13
2.9790114e-15
9.907597e-13
-2.8662331e-16
9.8984627e-13
-6.6134559e-15
9.8772134e-13
-1.8352349e-14
9.8354199e-13
-3.8919489e-14
9.7602507e-13
-7.3054917e-14
9.6329236e-13
-1.2694954e-13
9.426827e-13
-2.080195e-13
9.1051346e-13
-3.2392931e-13
8.6173887e-13
-4.8016786e-13
7.8946491e-13
-6.750537e-13
6.842978e-13
-8.9053587e-13
5.337841e-13
-1.0777055e-12
3.1590325e-13
-1.1283166e-12
7.8599533e-14
-9.0478878e-13
2.013722e-14
-4.0141484e-13
-2.1076741e-12
4.6958817e-19
-1.0899091e-13
-2.1503498e-12
2.3837589e-13
-2.1484996e-12
5.7232644e-13
-2.1824421e-12
9.1042051e-13
-2.2426619e-12
1.2603975e-12
-2.2723379e-12
1.6128601e-12
-2.2196287e-12
1.9426789e-12
-2.0403654e-12
2.2113805e-12
-1.7082906e-12
-1.2337176e-12
2.3755528e-12
-2.9322253e-14
-2.0783527e-12
8.4371283e-19
4.3843519e-14
-2.2235156e-12
2.0693421e-13
-2.3115903e-12
4.3673135e-13
-2.4122393e-12
7.1286493e-13
-2.5187955e-12
1.0263476e-12
-2.5858207e-12
1.3609152e-12
-2.5541962e-12
1.6841397e-12
-2.3635899e-12
1.9452861e-12
-1.9694371e-12
-1.3698852e-12
2.0814537e-12
7.2112104e-15
-2.0855652e-12
1.3283105e-18
1.9376798e-14
-2.2356812e-12
9.2259168e-14
-2.3844727e-12
2.337112e-13
-2.5536913e-12
4.3929636e-13
-2.7243806e-12
7.026689e-13
-2.8491932e-12
1.0065774e-12
-2.8581047e-12
1.3123292e-12
-2.6693417e-12
1.5547371e-12
-2.211845e-12
-1.4617368e-12
1.6465888e-12
-3.9147432e-14
-2.0464191e-12
1.238549e-18
-8.7222787e-14
-2.1876058e-12
-9.2588997e-14
-2.3791065e-12
-3.7227562e-14
-2.6090527e-12
8.9262944e-14
-2.8508711e-12
2.8955234e-13
-3.0494826e-12
5.4952371e-13
-3.1180761e-12
8.2337373e-13
-2.9431917e-12
1.0227099e-12
-2.4111812e-12
1.0163364e-12
-1.4553633e-12
2.3980447e-12
-6.7980674e-13
2.369071e-12
-3.2608061e-13
2.3397282e-12
-1.4294023e-13
2.3218701e-12
-5.3311951e-14
2.3141655e-12
-1.1742455e-14
2.3128691e-12
5.6241778e-15
2.3148352e-12
1.1326834e-14
2.3180403e-12
1.1816716e-14
2.3213879e-12
1.031527e-14
2.3243968e-12
8.3563418e-15
2.3269317e-12
6.6075554e-15
2.3290123e-12
5.2810772e-15
2.3306814e-12
4.3298002e-15
2.3319024e-12
3.5201275e-15
2.3324574e-12
2.4239928e-15
2.3318235e-12
3.4731876e-16
2.3289975e-12
-3.7874665e-15
2.3222649e-12
-1.1619719e-14
2.3088841e-12
-2.5538724e-14
-4.8865573e-14
2.2846948e-12
2.0188138e-12
-6.1716682e-13
1.9329323e-12
-2.401991e-13
1.8805542e-12
-9.0562048e-14
1.8562305e-12
-2.8988301e-14
1.848221e-12
-3.7329206e-15
1.8483783e-12
5.4668852e-15
1.8519562e-12
7.7489418e-15
1.8564351e-12
7.3378164e-15
1.8606718e-12
6.0785654e-15
1.8642703e-12
4.7578458e-15
1.8671985e-12
3.6793742e-15
1.8695642e-12
2.9153262e-15
1.8714782e-12
2.4158362e-15
1.8729529e-12
2.0454467e-15
1.8738019e-12
1.5750148e-15
1.8735087e-12
6.4044724e-16
1.8710502e-12
-1.3290017e-15
1.8646368e-12
-5.2062937e-15
1.8513769e-12
-1.2278857e-14
-2.4352326e-14
1.8268637e-12
1.443059e-12
-4.1363702e-13
1.3092561e-12
-1.0639618e-13
1.2513324e-12
-3.2638355e-14
1.2306274e-12
-8.2833115e-15
1.2264409e-12
4.5366763e-16
1.2289631e-12
2.9446351e-15
1.2335761e-12
3.1359995e-15
1.238253e-12
2.6609174e-15
1.2422679e-12
2.0636595e-15
1.2454827e-12
1.5430502e-15
1.2480045e-12
1.1575328e-15
1.2500127e-12
9.0712119e-16
1.2516635e-12
7.6511104e-16
1.2530225e-12
6.8642878e-16
1.2539945e-12
6.0299352e-16
1.2542235e-12
4.1148613e-16
1.2529494e-12
-5.4883229e-17
1.248804e-12
-1.0609367e-15
1.2395197e-12
-2.9945739e-15
-6.4180763e-15
1.2215855e-12
6.0269934e-13
4.9630316e-13
4.6366482e-13
4.5538151e-13
4.5583519e-13
4.5877983e-13
4.6191583e-13
4.6457675e-13
4.6664041e-13
4.6818347e-13
4.69341e-13
4.7024813e-13
4.7101323e-13
4.7169967e-13
4.7230266e-13
4.7271415e-13
4.7265926e-13
4.7159832e-13
4.6860374e-13
4.6218567e-13
2.2436627e-12
-8.5917489e-14
2.177406e-12
-1.4176281e-13
2.0747835e-12
-2.213068e-13
1.9217086e-12
-3.2709297e-13
1.7015494e-12
-4.5489453e-13
1.3970034e-12
-5.8598983e-13
9.9585549e-13
-6.7655762e-13
5.1948912e-13
-6.5195026e-13
-4.413646e-13
5.6064944e-14
1.7847323e-12
-4.3786148e-14
1.7163057e-12
-7.3336198e-14
1.6105715e-12
-1.1557256e-13
1.4549562e-12
-1.7147766e-13
1.2377234e-12
-2.3766181e-13
9.5342551e-13
-3.0169189e-13
6.137068e-13
-3.3683891e-13
2.6484301e-13
-3.0308647e-13
-1.7643998e-13
-8.1620373e-17
1.1898818e-12
-1.2082528e-14
1.1374297e-12
-2.0884018e-14
1.0555319e-12
-3.3674816e-14
9.3483945e-13
-5.0785212e-14
7.6822865e-13
-7.105101e-14
5.5671091e-13
-9.0174154e-14
3.188377e-13
-9.8965701e-14
9.9739841e-14
-8.398863e-14
-4.1324662e-14
-3.5375467e-14
4.5010314e-13
4.2921912e-13
3.955443e-13
3.4475908e-13
2.7370807e-13
1.8353391e-13
8.4568211e-14
5.7958228e-16
-4.0745085e-14
7.620217e-14
7.6120555e-14
4.0745087e-14
-1.4158813e-13
-1.9048322e-12
1.2510402e-18
-2.8892722e-13
-2.0402667e-12
-4.0416832e-13
-2.2638654e-12
-4.5743891e-13
-2.5557822e-12
-4.2354951e-13
-2.8847605e-12
-2.8495408e-13
-3.188078e-12
-4.9450056e-14
-3.3535801e-12
2.1439397e-13
-3.2070357e-12
3.3095954e-13
-2.5277467e-12
-1.1244038e-12
-2.5597985e-13
-1.6488532e-12
8.6391917e-19
-5.1597266e-13
-1.7802739e-12
-7.5774825e-13
-2.0220898e-12
-9.5140506e-13
-2.3621254e-12
-1.0583771e-12
-2.7777885e-12
-1.0331118e-12
-3.2133434e-12
-8.4005169e-13
-3.5466402e-12
-4.9925859e-13
-3.5478288e-12
-1.5189662e-13
-2.8751087e-12
-1.2763004e-12
-3.563667e-13
-1.2924869e-12
4.3309888e-19
-7.2219996e-13
-1.4144407e-12
-1.0898912e-12
-1.6543985e-12
-1.436271e-12
-2.0157456e-12
-1.7151426e-12
-2.4989169e-12
-1.8486888e-12
-3.0797971e-12
-1.730077e-12
-3.6652521e-12
-1.2701525e-12
-4.0077533e-12
-5.4668151e-13
-3.5985797e-12
-1.8229819e-12
-4.1736356e-13
-8.751234e-13
7.7590731e-20
-8.5635923e-13
-9.7544496e-13
-1.3278793e-12
-1.1828785e-12
-1.8267007e-12
-1.5169243e-12
-2.3178094e-12
-2.0078082e-12
-2.7120795e-12
-2.685527e-12
-2.8333549e-12
-3.5439767e-12
-2.4098522e-12
-4.431256e-12
-1.2482383e-12
-4.7601936e-12
-3.0712202e-12
-4.1249745e-13
-4.6262581e-13
-1.3490706e-19
-8.6045155e-13
-5.2749086e-13
-1.3759725e-12
-6.6735754e-13
-1.9851593e-12
-9.0773746e-13
-2.69769e-12
-1.2952774e-12
-3.4796478e-12
-1.9035692e-12
-4.1939114e-12
-2.8297131e-12
-4.4719596e-12
-4.1532078e-12
-3.4648246e-12
-5.7673286e-12
-6.5360448e-12
-3.3149079e-13
-1.3113481e-13
-1.9061233e-19
-7.0505165e-13
-1.5392997e-13
-1.1676462e-12
-2.0476296e-13
-1.778633e-12
-2.9675072e-13
-2.6189062e-12
-4.5500416e-13
-3.8004519e-12
-7.2202364e-13
-5.4700718e-12
-1.1600933e-12
-7.7856327e-12
-1.8376468e-12
-1.0801126e-11
-2.7518351e-12
-3.4852644e-12
-1.3851907e-11
-1.311347e-13
-9.4281562e-20
-2.8506465e-13
-4.8982762e-13
-7.8657835e-13
-1.2415825e-12
-1.9636062e-12
-3.1236994e-12
-4.9613463e-12
-7.7131814e-12
-1.1198446e-11
-1.2769221e-11
-1.0826853e-12
-1.2599665e-11
-1.6955611e-13
-1.255311e-11
-4.6554847e-14
-1.2534973e-11
-1.8137857e-14
-1.2528633e-11
-6.3394713e-15
-1.2526505e-11
-2.1283181e-15
-1.2525703e-11
-8.016205e-16
-1.2525376e-11
-3.2738208e-16
-1.2525236e-11
-1.3984935e-16
-1.2525155e-11
-8.0678495e-17
-1.2525055e-11
-1.0063234e-16
-1.2524838e-11
-2.1609095e-16
-1.2524311e-11
-5.2733409e-16
-1.2522995e-11
-1.3155938e-15
-1.2519659e-11
-3.3360401e-15
-1.2511158e-11
-8.5010279e-15
-1.248977e-11
-2.1388738e-14
-1.2433605e-11
-5.6165168e-14
-1.2256877e-11
-1.7672758e-13
-6.2072905e-13
-1.1636148e-11
-1.2281131e-11
-1.2450687e-11
-1.2497242e-11
-1.251538e-11
-1.2521719e-11
-1.2523848e-11
-1.2524649e-11
-1.2524977e-11
-1.2525117e-11
-1.2525197e-11
-1.2525298e-11
-1.2525514e-11
-1.2526041e-11
-1.2527357e-11
-1.2530693e-11
-1.2539194e-11
-1.2560583e-11
-1.2616748e-11
-1.2793475e-11
-1.3414204e-11
-1.1045739e-11
-5.9040935e-13
-1.077517e-11
-2.7056839e-13
-1.0608427e-11
-1.6674306e-13
-1.0478294e-11
-1.3013269e-13
-1.0364323e-11
-1.1397175e-13
-1.0252032e-11
-1.1229059e-13
-1.0125832e-11
-1.2620026e-13
-9.9099871e-12
-2.1584487e-13
-4.2865307e-13
-9.481334e-12
-1.375666e-11
-2.4795342e-13
-1.376725e-11
-2.5997922e-13
-1.3647629e-11
-2.8636381e-13
-1.3444974e-11
-3.3278712e-13
-1.3149576e-11
-4.0937015e-13
-1.2721883e-11
-5.3998304e-13
-1.2095503e-11
-7.525807e-13
-1.1125072e-11
-1.1862755e-12
-9.7798247e-12
-1.7739007e-12
-4.2625105e-12
-8.8235119e-12
-7.5869027e-18
-2.4794586e-13
-7.543049e-18
-2.5997926e-13
-7.2691348e-18
-2.8636409e-13
-7.2231159e-18
-3.3278716e-13
-7.1943356e-18
-4.0937023e-13
-7.1797151e-18
-5.3998306e-13
-6.7099469e-18
-7.5258116e-13
-1.0452238e-17
-1.1862717e-12
-1.7738827e-12
-2.8519978e-17
-1.4419197e-14
-2.3352666e-13
-3.1877198e-14
-2.4252126e-13
-5.6559283e-14
-2.6168201e-13
-9.5819455e-14
-2.9352698e-13
-1.6326653e-13
-3.4192315e-13
-2.8965368e-13
-4.1359591e-13
-5.2818355e-13
-5.1405128e-13
-1.053706e-12
-6.6074924e-13
-8.2723684e-13
-2.0003518e-12
-2.1671813e-14
-2.1185485e-13
-4.7243341e-14
-2.1694973e-13
-8.179288e-14
-2.2713247e-13
-1.3362459e-13
-2.4169527e-13
-2.1723804e-13
-2.5830971e-13
-3.6341171e-13
-2.6742224e-13
-6.2370516e-13
-2.5375783e-13
-1.162136e-12
-1.2231838e-13
-2.1026549e-12
1.1328203e-13
-3.9526382e-12
-1.0820889e-12
1.6861584e-12
-2.7096775e-14
-1.8475807e-13
-5.7985412e-14
-1.860611e-13
-9.698492e-14
-1.8813296e-13
-1.4972508e-13
-1.8895511e-13
-2.2371356e-13
-1.8432123e-13
-3.2744765e-13
-1.6368814e-13
-4.6775069e-13
-1.1345479e-13
-6.1371298e-13
2.3643905e-14
2.2625474e-13
-7.2668569e-13
-2.8000481e-14
-1.5675759e-13
-5.9070865e-14
-1.5499071e-13
-9.6136797e-14
-1.5106703e-13
-1.4230504e-13
-1.4278687e-13
-2.0070676e-13
-1.2591951e-13
-2.7243179e-13
-9.1963106e-14
-3.5429869e-13
-3.1587894e-14
-4.1463785e-13
8.398307e-14
2.339514e-13
-4.2233451e-13
-2.6224791e-14
-1.305328e-13
-5.4800713e-14
-1.2641479e-13
-8.7162742e-14
-1.18705e-13
-1.2418944e-13
-1.0576018e-13
-1.6583397e-13
-8.4274978e-14
-2.0894935e-13
-4.8847727e-14
-2.4590692e-13
5.3696764e-15
-2.5176797e-13
8.9844114e-14
1.8852801e-13
-2.0634457e-13
-2.22941e-14
-1.082387e-13
-4.7072193e-14
-1.016367e-13
-7.4222083e-14
-9.1555112e-14
-1.0296684e-13
-7.7015423e-14
-1.3196824e-13
-5.5273572e-14
-1.5752336e-13
-2.3292607e-14
-1.7303257e-13
2.087888e-14
-1.6355204e-13
8.0363591e-14
1.4375231e-13
-1.1877634e-13
-1.7506363e-14
-9.0732336e-14
-3.8109896e-14
-8.1033165e-14
-6.0332868e-14
-6.933214e-14
-8.2190085e-14
-5.5158206e-14
-1.019374e-13
-3.5526258e-14
-1.1634132e-13
-8.8886821e-15
-1.2060134e-13
2.5138901e-14
-1.0653351e-13
6.6295756e-14
-6.9643549e-14
1.0686235e-13
9.5947276e-13
5.3713825e-13
3.3079368e-13
2.1201733e-13
1.4237378e-13
2.3133784e-17
-2.3133784e-17
2.6826136e-26
4.6734942e-17
-2.3601158e-17
7.12843e-17
-2.4549358e-17
9.7290277e-17
-2.6005977e-17
1.2530446e-16
-2.8014187e-17
1.5593952e-16
-3.0635058e-17
1.8989047e-16
-3.3950949e-17
2.2796078e-16
-3.807031e-17
2.7109513e-16
-4.313435e-17
-4.9326287e-17
3.2042142e-16
2.2699025e-17
-4.5832808e-17
8.9963977e-27
4.5852818e-17
-4.6754951e-17
6.9928945e-17
-4.8625485e-17
9.5421199e-17
-5.1498231e-17
1.2286435e-16
-5.5457338e-17
1.5285101e-16
-6.0621715e-17
1.8605157e-16
-6.7151513e-17
2.2323852e-16
-7.5257263e-17
2.6531672e-16
-8.5212545e-17
-9.7371462e-17
3.1336189e-16
2.1841316e-17
-6.7674125e-17
3.2528493e-26
4.411281e-17
-6.9026445e-17
6.72562e-17
-7.1768876e-17
9.1736823e-17
-7.5978853e-17
1.1805679e-16
-8.1777303e-17
1.4676988e-16
-8.9334811e-17
1.78499e-16
-9.8880629e-17
2.1395704e-16
-1.107153e-16
2.5397257e-16
-1.2522808e-16
-1.4292079e-16
2.995219e-16
2.0583649e-17
-8.8257774e-17
1.7815396e-26
4.1562084e-17
-9.000488e-17
6.3339882e-17
-9.3546674e-17
8.6341589e-17
-9.898056e-17
1.1102268e-16
-1.064584e-16
1.3788178e-16
-1.161939e-16
1.6747459e-16
-1.2847344e-16
2.0043028e-16
-1.4367099e-16
2.3747092e-16
-1.6226872e-16
-1.8488487e-16
2.7943501e-16
1.8959409e-17
-1.0721718e-16
2.6486058e-26
3.8269082e-17
-1.0931455e-16
5.8286964e-17
-1.1356456e-16
7.9386581e-17
-1.2008018e-16
1.0196539e-16
-1.290372e-16
1.2645379e-16
-1.4068231e-16
1.5332507e-16
-1.5534472e-16
1.8310646e-16
-1.7345239e-16
2.1639161e-16
-1.9555387e-16
2.5385448e-16
-2.2234774e-16
3.7730561e-16
-5.6884189e-17
4.4342459e-16
-6.6118985e-17
5.2086454e-16
-7.7439952e-17
6.1225588e-16
-9.1391336e-17
7.2096165e-16
-1.0870577e-16
8.5134534e-16
-1.3038369e-16
1.0091592e-15
-1.5781384e-16
1.2021198e-15
-1.929606e-16
1.4407833e-15
-2.3866352e-16
1.739912e-15
-2.9912868e-16
2.1206876e-15
-3.8077561e-16
2.614387e-15
-4.9369939e-16
3.2689317e-15
-6.5454471e-16
4.160265e-15
-8.9133326e-16
5.4167735e-15
-1.2565085e-15
7.2570868e-15
-1.8403133e-15
1.0121994e-14
-2.864907e-15
1.4735128e-14
-4.613134e-15
2.3306402e-14
-8.5712741e-15
-1.4269269e-14
3.7575671e-14
3.6867053e-16
-1.1219282e-16
4.3282536e-16
-1.3027382e-16
5.0778283e-16
-1.5239743e-16
5.9599139e-16
-1.795999e-16
7.005539e-16
-2.1326828e-16
8.2545379e-16
-2.5528358e-16
9.7587483e-16
-3.0823488e-16
1.1586598e-15
-3.7574553e-16
1.3829784e-15
-4.6298215e-16
1.661313e-15
-5.7746328e-16
2.0109312e-15
-7.3039378e-16
2.4560845e-15
-9.3885276e-16
3.0313147e-15
-1.2297748e-15
3.7861046e-15
-1.6461232e-15
4.7912953e-15
-2.2616992e-15
6.1446441e-15
-3.1936622e-15
7.9680198e-15
-4.6882827e-15
1.0382288e-14
-7.0274023e-15
1.3226633e-14
-1.1415619e-14
-1.7263692e-14
1.6221056e-14
3.5176969e-16
-1.6444061e-16
4.1212118e-16
-1.9062531e-16
4.8228994e-16
-2.2256619e-16
5.6438665e-16
-2.6169661e-16
6.6103626e-16
-3.0991789e-16
7.7553354e-16
-3.6978086e-16
9.1204982e-16
-4.4475116e-16
1.075907e-15
-5.3960276e-16
1.2739365e-15
-6.6101159e-16
1.514934e-15
-8.1846074e-16
1.810198e-15
-1.0256578e-15
2.1740644e-15
-1.3027191e-15
2.6241113e-15
-1.6798218e-15
3.1803133e-15
-2.2023251e-15
3.8602691e-15
-2.941655e-15
4.6681654e-15
-4.0015585e-15
5.547182e-15
-5.5672993e-15
6.3399487e-15
-7.8201691e-15
6.2890248e-15
-1.1364695e-14
-1.567456e-14
4.6998925e-15
3.2730604e-16
-2.1231164e-16
3.8224763e-16
-2.455669e-16
4.4564639e-16
-2.8596495e-16
5.1916421e-16
-3.3521443e-16
6.0480101e-16
-3.9555469e-16
7.0496772e-16
-4.6994758e-16
8.2256628e-16
-5.6234972e-16
9.6106582e-16
-6.7810229e-16
1.1245485e-15
-8.2449424e-16
1.3176653e-15
-1.0115776e-15
1.5453704e-15
-1.2533629e-15
1.8121711e-15
-1.5695199e-15
2.1202883e-15
-1.9879389e-15
2.4657777e-15
-2.5478146e-15
2.829509e-15
-3.3053864e-15
3.1621273e-15
-4.3341767e-15
3.3399588e-15
-5.7451308e-15
3.1401133e-15
-7.6203235e-15
1.9627845e-15
-1.0187366e-14
-1.3021236e-14
-6.9053959e-16
2.9626482e-16
-2.5472198e-16
3.4450474e-16
-2.9380682e-16
3.9958568e-16
-3.4104589e-16
4.6266346e-16
-3.9829221e-16
5.3504746e-16
-4.6793869e-16
6.1819581e-16
-5.5309593e-16
7.1368148e-16
-6.5783539e-16
8.2310157e-16
-7.8752238e-16
9.4787867e-16
-9.4927134e-16
1.0888627e-15
-1.1525616e-15
1.2455645e-15
-1.4100647e-15
1.4147343e-15
-1.7386896e-15
1.587723e-15
-2.1609276e-15
1.7458993e-15
-2.7059909e-15
1.8519942e-15
-3.4114812e-15
1.8377595e-15
-4.3199421e-15
1.5750888e-15
-5.4824601e-15
8.6703803e-16
-6.9122727e-15
-6.7650271e-16
-8.6438253e-15
-3.3449869e-15
-1.0352752e-14
1.8645454e-15
-5.502121e-14
-2.5038617e-14
-5.4130003e-14
-4.5902797e-14
-4.846796e-14
-6.3497099e-14
-3.7563904e-14
-7.7286145e-14
-2.1737212e-14
-8.5366937e-14
-8.0788964e-16
-8.4788673e-14
2.4560637e-14
-7.141318e-14
5.2920262e-14
7.9120625e-14
-4.3671458e-14
-3.5742836e-15
-3.5225871e-14
-2.1149885e-14
-3.6554401e-14
-3.6385037e-14
-3.3232808e-14
-4.9062695e-14
-2.4886246e-14
-5.8272625e-14
-1.2527282e-14
-6.2527896e-14
3.4473813e-15
-6.0003958e-14
2.2036699e-14
-4.87108e-14
4.1627103e-14
5.8806712e-14
-2.8396887e-14
-6.4667227e-15
-2.4059255e-14
-1.8033017e-14
-2.4988106e-14
-2.8885416e-14
-2.238041e-14
-3.7812134e-14
-1.5959528e-14
-4.3858591e-14
-6.4808247e-15
-4.5915218e-14
5.5040085e-15
-4.288468e-14
1.900616e-14
-3.3872868e-14
3.2615292e-14
4.4068723e-14
-1.9134879e-14
-7.848399e-15
-1.6901396e-14
-1.5676683e-14
-1.7159822e-14
-2.3181694e-14
-1.4875399e-14
-2.9274255e-14
-9.8669667e-15
-3.3117313e-14
-2.6377664e-15
-3.3900544e-14
6.2872394e-15
-3.0963802e-14
1.6069418e-14
-2.3944295e-14
2.5595785e-14
3.3360173e-14
-1.3235745e-14
-8.177453e-15
-1.206893e-14
-1.3544418e-14
-1.1792857e-14
-1.8687437e-14
-9.7323806e-15
-2.2771335e-14
-5.7830687e-15
-2.5136414e-14
-2.7268724e-16
-2.5210189e-14
6.3610143e-15
-2.2598825e-14
1.3458054e-14
-1.7187341e-14
2.0184301e-14
-9.3585139e-15
2.5531346e-14
9.8702325e-14
7.0305438e-14
5.117056e-14
3.7934814e-14
2.85763e-14
1.8149736e-17
-1.2536692e-16
3.088653e-26
3.6617386e-17
-1.277822e-16
5.5726519e-17
-1.3267369e-16
7.5812074e-17
-1.4016573e-16
9.7226149e-17
-1.5045128e-16
1.2034389e-16
-1.6380005e-16
1.4556944e-16
-1.8057026e-16
1.7334171e-16
-2.0122466e-16
2.0413982e-16
-2.2635199e-16
-2.5669536e-16
2.3848744e-16
1.5571787e-17
-1.4093871e-16
2.756766e-26
3.1396095e-17
-1.4360651e-16
4.7728387e-17
-1.4900598e-16
6.4829898e-17
-1.5726724e-16
8.2970171e-17
-1.6859155e-16
1.0242911e-16
-1.8325899e-16
1.2349821e-16
-2.0163936e-16
1.4648048e-16
-2.2420694e-16
1.7168834e-16
-2.5155984e-16
-2.8444524e-16
1.9943822e-16
1.2725957e-17
-1.5366466e-16
3.8033899e-26
2.5635986e-17
-1.5651654e-16
3.8914536e-17
-1.6228453e-16
5.2746547e-17
-1.7109925e-16
6.7316979e-17
-1.8316198e-16
8.2809399e-17
-1.9875141e-16
9.9403066e-17
-2.1823303e-16
1.1726784e-16
-2.4207171e-16
1.3655581e-16
-2.7084782e-16
-3.052777e-16
1.5738828e-16
9.6851843e-18
-1.6334985e-16
3.1764232e-26
1.948569e-17
-1.6631704e-16
2.9514949e-17
-1.7231379e-16
3.9882237e-17
-1.8146654e-16
5.0689637e-17
-1.9396938e-16
6.2027714e-17
-2.1008948e-16
7.3969286e-17
-2.301746e-16
8.6560428e-17
-2.5466285e-16
9.9807568e-17
-2.8409496e-16
-3.1912923e-16
1.1365909e-16
6.5231503e-18
-1.69873e-16
1.5745494e-26
1.3095015e-17
-1.7288891e-16
1.9760552e-17
-1.7897933e-16
2.6556788e-17
-1.8826278e-16
3.3507733e-17
-2.0092033e-16
4.0617872e-17
-2.1719962e-16
4.7863531e-17
-2.3742026e-16
5.5181254e-17
-2.6198057e-16
6.2452082e-17
-2.9136579e-16
-3.2615736e-16
6.9480216e-17
3.3110319e-18
-1.7318403e-16
4.745557e-26
6.608302e-18
-1.7618618e-16
9.8728986e-18
-1.8224393e-16
1.3075167e-17
-1.9146504e-16
1.6168197e-17
-2.0401336e-16
1.907985e-17
-2.2011128e-16
2.1702668e-17
-2.4004308e-16
2.3880865e-17
-2.6415877e-16
2.5393389e-17
-2.9287831e-16
-3.2669576e-16
2.5931787e-17
1.1525988e-19
-1.7329929e-16
3.2262974e-26
1.5989422e-19
-1.7623081e-16
5.7212246e-20
-1.8214124e-16
-2.8202928e-19
-1.911258e-16
-9.669835e-19
-2.033284e-16
-2.1354404e-18
-2.1894282e-16
-3.9645028e-18
-2.3821402e-16
-6.6838989e-18
-2.6143937e-16
-1.0592757e-17
-2.8896945e-16
-1.608083e-17
-3.2120768e-16
2.769551e-16
-2.9318963e-16
3.2015866e-16
-3.3701039e-16
3.6875095e-16
-3.8963818e-16
4.2340152e-16
-4.5294278e-16
4.847563e-16
-5.2929347e-16
5.533634e-16
-6.2170302e-16
6.295425e-16
-7.3401449e-16
7.1316081e-16
-8.7114069e-16
8.0325476e-16
-1.0393653e-15
8.9739976e-16
-1.2467066e-15
9.906684e-16
-1.5033333e-15
1.0739395e-15
-1.8219608e-15
1.1311551e-15
-2.2181432e-15
1.1351257e-15
-2.7099615e-15
1.0407885e-15
-3.317144e-15
7.7705862e-16
-4.0562122e-15
2.3153363e-16
-4.9369351e-15
-7.4764714e-16
-5.933092e-15
-2.3950599e-15
-6.9964125e-15
-7.8927861e-15
-4.8550254e-15
2.3004023e-16
-3.2379165e-16
2.6378008e-16
-3.7075024e-16
3.0088909e-16
-4.2674718e-16
3.4149584e-16
-4.9354953e-16
3.8554979e-16
-5.7334743e-16
4.3270174e-16
-6.6885497e-16
4.8211838e-16
-7.8343113e-16
5.3219665e-16
-9.2121896e-16
5.8012637e-16
-1.087295e-15
6.2122659e-16
-1.2878069e-15
6.4794803e-16
-1.5300548e-15
6.4840503e-16
-1.8224178e-15
6.0424569e-16
-2.1739839e-15
4.8777044e-16
-2.5934862e-15
2.5800463e-16
-3.0873782e-15
-1.4301958e-16
-3.655188e-15
-7.954794e-16
-4.2844753e-15
-1.7949669e-15
-4.9336045e-15
-3.2587083e-15
-5.5326712e-15
-5.9169369e-15
-5.2345575e-15
1.7983576e-16
-3.4623913e-16
2.0388815e-16
-3.9480263e-16
2.2941028e-16
-4.5226931e-16
2.5607663e-16
-5.2021588e-16
2.8327564e-16
-6.0054643e-16
3.0997032e-16
-6.9554965e-16
3.3449629e-16
-8.0795709e-16
3.5427088e-16
-9.4099355e-16
3.6537796e-16
-1.0984021e-15
3.6198303e-16
-1.2844119e-15
3.3552367e-16
-1.5035954e-15
2.7362479e-16
-1.7605189e-15
1.5869716e-16
-2.0590562e-15
-3.3694501e-17
-2.4010946e-15
-3.3659623e-16
-2.7844765e-15
-7.9250797e-16
-3.1992763e-15
-1.4534456e-15
-3.6235376e-15
-2.3732682e-15
-4.0137819e-15
-3.6021428e-15
-4.3037965e-15
-4.3798357e-15
-5.139244e-15
1.2797928e-16
-3.6055932e-16
1.4251157e-16
-4.0933491e-16
1.5682698e-16
-4.6658472e-16
1.7025206e-16
-5.3364096e-16
1.8176867e-16
-6.1206304e-16
1.8987538e-16
-7.0365636e-16
1.9239716e-16
-8.1047888e-16
1.8622693e-16
-9.3482332e-16
1.6697952e-16
-1.0791547e-15
1.285385e-16
-1.2459709e-15
6.2481378e-17
-1.4375383e-15
-4.2611321e-17
-1.6554262e-15
-2.0192192e-16
-1.8997456e-15
-4.3508338e-16
-2.1679331e-15
-7.6656428e-16
-2.4529956e-15
-1.2249904e-15
-2.7408502e-15
-1.8411296e-15
-3.0073984e-15
-2.6411956e-15
-3.213716e-15
-3.6394908e-15
-3.3055013e-15
-3.2054458e-15
-4.8138807e-15
7.5964117e-17
-3.6704322e-16
8.1457454e-17
-4.1482825e-16
8.5316509e-17
-4.7044377e-16
8.6629712e-17
-5.3495416e-16
8.412382e-17
-6.0955715e-16
7.6040124e-17
-6.9557266e-16
5.9973053e-17
-7.9441181e-16
3.2663349e-17
-9.0751362e-16
-1.0260551e-17
-1.0362308e-15
-7.4594097e-17
-1.1816374e-15
-1.6791098e-16
-1.3442214e-15
-2.9992558e-16
-1.5234116e-15
-4.8279101e-16
-1.7168802e-15
-7.3117761e-16
-1.9195465e-15
-1.0619117e-15
-2.1222615e-15
-1.4926835e-15
-2.3100784e-15
-2.039556e-15
-2.4605259e-15
-2.7117929e-15
-2.5414791e-15
-3.5057975e-15
-2.5114967e-15
-2.318802e-15
-4.3924413e-15
2.507126e-17
-3.661827e-16
2.2232931e-17
-4.1198992e-16
1.6634865e-17
-4.6484571e-16
7.2289654e-18
-5.2554826e-16
-7.379528e-18
-5.9494866e-16
-2.9033314e-17
-6.7391888e-16
-6.014798e-17
-7.6329714e-16
-1.0386191e-16
-8.6379968e-16
-1.6420879e-16
-9.758839e-16
-2.4630306e-16
-1.0995431e-15
-3.5651634e-16
-1.2340081e-15
-5.0260089e-16
-1.377327e-15
-6.9368588e-16
-1.5257952e-15
-9.4001944e-16
-1.673213e-15
-1.2522886e-15
-1.8099923e-15
-1.6402296e-15
-1.9221374e-15
-2.1103684e-15
-1.990387e-15
-2.6623134e-15
-1.9895342e-15
-3.2845163e-15
-1.8892938e-15
-1.655516e-15
-3.9478023e-15
-2.3655352e-17
-3.5860817e-16
-3.3974877e-17
-4.016704e-16
-4.7891616e-17
-4.5092897e-16
-6.6503836e-17
-5.0693604e-16
-9.1219717e-17
-5.7023278e-16
-1.2383348e-16
-6.4130512e-16
-1.6661333e-16
-7.2051729e-16
-2.2239832e-16
-8.0801469e-16
-2.9469691e-16
-9.0358532e-16
-3.8777287e-16
-1.0064671e-15
-5.0669358e-16
-1.1150874e-15
-6.5729917e-16
-1.2267214e-15
-8.4603056e-16
-1.3370638e-15
-1.079525e-15
-1.4397185e-15
-1.3638692e-15
-1.5256481e-15
-1.70336e-15
-1.5826466e-15
-2.0987084e-15
-1.5950385e-15
-2.54452e-15
-1.5437226e-15
-3.0265892e-15
-1.4072246e-15
-3.5186908e-15
-1.1634144e-15
-8.4568398e-15
-8.4671154e-15
-1.2388475e-14
-7.8612211e-15
-1.6082748e-14
-6.0381081e-15
-1.8914625e-14
-2.9511919e-15
-2.0369203e-14
1.1818913e-15
-2.0031269e-14
6.0230803e-15
-1.7656816e-14
1.1083601e-14
-1.3241892e-14
1.5769378e-14
1.9418341e-14
-7.1288874e-15
-7.7707675e-15
-5.9309054e-15
-1.0450417e-14
-5.1815715e-15
-1.2888646e-14
-3.5998787e-15
-1.4664393e-14
-1.175445e-15
-1.5421258e-14
1.9387561e-15
-1.4887599e-14
5.4894214e-15
-1.2926937e-14
9.1229384e-15
-9.5804549e-15
1.2422896e-14
1.4950998e-14
-5.113112e-15
-6.9450325e-15
-4.1251169e-15
-8.7772563e-15
-3.3493478e-15
-1.0375594e-14
-2.0015409e-15
-1.1459403e-14
-9.163593e-17
-1.1788341e-14
2.2676943e-15
-1.1188082e-14
4.8891624e-15
-9.5849459e-15
7.5198018e-15
-7.0317846e-15
9.8697344e-15
1.164623e-14
-3.7270161e-15
-6.1044413e-15
-2.8345563e-15
-7.3568338e-15
-2.0969553e-15
-8.3941055e-15
-9.6426915e-16
-9.0294754e-15
5.4373398e-16
-9.1033935e-15
2.3416124e-15
-8.5057731e-15
4.291542e-15
-7.1992392e-15
6.2132679e-15
-5.2347332e-15
7.9052284e-15
9.1701303e-15
-2.7586336e-15
-5.3142163e-15
-1.9127813e-15
-6.1666646e-15
-1.244507e-15
-6.8287208e-15
-3.0221287e-16
-7.1758839e-15
8.9089704e-16
-7.1033083e-15
2.2690367e-15
-6.5425664e-15
3.7308002e-15
-5.4769694e-15
5.1476708e-15
-3.9508832e-15
6.3791422e-15
7.291001e-15
-2.0717538e-15
-4.6035653e-15
-1.2570183e-15
-5.1786465e-15
-6.6942576e-16
-5.5896873e-15
1.0882786e-16
-5.753476e-15
1.0546858e-15
-5.6016005e-15
2.1171613e-15
-5.0922794e-15
3.2214791e-15
-4.2203136e-15
4.275705e-15
-3.0225854e-15
5.1814141e-15
5.8464413e-15
-1.5780258e-15
-3.9818765e-15
-7.9383265e-16
-4.3639517e-15
-2.8735047e-16
-4.6071998e-15
3.5207594e-16
-4.655852e-15
1.1033379e-15
-4.4655288e-15
1.9268381e-15
-4.0113027e-15
2.767253e-15
-3.2940922e-15
3.5584944e-15
-2.3438602e-15
4.2311821e-15
-1.2188493e-15
4.7214304e-15
2.1447413e-14
1.6334301e-14
1.2607285e-14
9.8486511e-15
7.7768973e-15
6.1988715e-15
4.9800221e-15
-2.7910124e-18
-1.7050828e-16
3.7275151e-26
-5.6960931e-18
-1.7332573e-16
-8.8355166e-18
-1.7900182e-16
-1.2342328e-17
-1.8761899e-16
-1.6369637e-17
-1.9930109e-16
-2.1099058e-17
-2.142134e-16
-2.675074e-17
-2.3256233e-16
-3.3595512e-17
-2.545946e-16
-4.1969743e-17
-2.8059522e-16
-3.1088386e-16
-5.2293565e-17
-5.5097339e-18
-1.6499854e-16
4.5211419e-26
-1.1173107e-17
-1.6766236e-16
-1.7150034e-17
-1.7302489e-16
-2.3613277e-17
-1.8115575e-16
-3.0755628e-17
-1.9215874e-16
-3.8798021e-17
-2.0617101e-16
-4.7998929e-17
-2.2336143e-16
-5.8665421e-17
-2.4392811e-16
-7.1166287e-17
-2.6809436e-16
-2.9610251e-16
-8.5947635e-17
-8.0790141e-18
-1.5691953e-16
4.4301352e-26
-1.6345118e-17
-1.5939626e-16
-2.4991454e-17
-1.6437856e-16
-3.4223505e-17
-1.719237e-16
-4.4265841e-17
-1.8211641e-16
-5.5369572e-17
-1.9506727e-16
-6.7820747e-17
-2.1091025e-16
-8.1949941e-17
-2.2979892e-16
-9.8143264e-17
-2.5190103e-16
-2.7739081e-16
-1.1685497e-16
-1.0466662e-17
-1.4645287e-16
4.7397902e-26
-2.1147975e-17
-1.4871494e-16
-3.2264204e-17
-1.5326233e-16
-4.4046994e-17
-1.6014091e-16
-5.6745459e-17
-1.6941794e-16
-7.0632746e-17
-1.8117999e-16
-8.6013201e-17
-1.955298e-16
-1.0323028e-16
-2.1258183e-16
-1.2267528e-16
-2.3245604e-16
-2.5526923e-16
-1.4479686e-16
-1.2646384e-17
-1.3380649e-16
4.8099845e-26
-2.5529544e-17
-1.3583178e-16
-3.8891273e-17
-1.399006e-16
-5.2983485e-17
-1.460487e-16
-6.8073498e-17
-1.5432793e-16
-8.4449569e-17
-1.6480392e-16
-1.0242673e-16
-1.7755264e-16
-1.2235294e-16
-1.9265562e-16
-1.4461554e-16
-2.1019344e-16
-2.3023693e-16
-1.6964784e-16
-1.459714e-17
-1.1920935e-16
5.358409e-26
-2.9448334e-17
-1.2098059e-16
-4.4811971e-17
-1.2453696e-16
-6.0955136e-17
-1.2990553e-16
-7.8158018e-17
-1.3712505e-16
-9.6718373e-17
-1.4624356e-16
-1.1695601e-16
-1.5731499e-16
-1.3921727e-16
-1.7039437e-16
-1.6387925e-16
-1.8553145e-16
-2.0276238e-16
-1.913538e-16
-1.6302466e-17
-1.0290688e-16
4.933793e-26
-3.2872102e-17
-1.0441095e-16
-4.9979707e-17
-1.0742936e-16
-6.7903309e-17
-1.1198193e-16
-8.69317e-17
-1.1809666e-16
-1.0736786e-16
-1.258074e-16
-1.2953216e-16
-1.3515069e-16
-1.5376525e-16
-1.4616127e-16
-1.8043043e-16
-1.5886627e-16
-1.7327766e-16
-2.0991516e-16
-1.7750357e-17
-8.5156523e-17
3.2065061e-26
-3.5777478e-17
-8.6383831e-17
-5.4361125e-17
-8.884571e-17
-7.3786854e-17
-9.2556202e-17
-9.4348769e-17
-9.753474e-17
-1.1635198e-16
-1.0380419e-16
-1.4011468e-16
-1.11388e-16
-1.6596961e-16
-1.2030634e-16
-1.942648e-16
-1.3057109e-16
-2.2536309e-16
-1.4217937e-16
-6.50932e-17
-3.4580854e-16
-8.1028142e-17
-3.8573546e-16
-1.0092388e-16
-4.3103323e-16
-1.2581064e-16
-4.8204928e-16
-1.5696824e-16
-5.3907518e-16
-1.959761e-16
-6.0229726e-16
-2.4476616e-16
-6.7172723e-16
-3.0567389e-16
-7.4710695e-16
-3.8147871e-16
-8.277805e-16
-4.7541964e-16
-9.125262e-16
-5.9116418e-16
-9.9934289e-16
-7.3269805e-16
-1.0851876e-15
-9.0409179e-16
-1.1656701e-15
-1.1090872e-15
-1.2347231e-15
-1.350443e-15
-1.2842923e-15
-1.6289742e-15
-1.3041154e-15
-1.9422831e-15
-1.2817297e-15
-2.2831792e-15
-1.2028266e-15
-2.6381217e-15
-1.0522821e-15
-8.1576726e-16
-2.9857688e-15
-1.0355135e-16
-3.2820483e-16
-1.2463671e-16
-3.6465009e-16
-1.5000535e-16
-4.056646e-16
-1.8062915e-16
-4.5142548e-16
-2.1768054e-16
-5.0202379e-16
-2.6256311e-16
-5.5741468e-16
-3.1693948e-16
-6.1735086e-16
-3.8275078e-16
-6.8129566e-16
-4.6221922e-16
-7.4831205e-16
-5.5782095e-16
-8.1692447e-16
-6.7221093e-16
-8.8495291e-16
-8.080758e-16
-9.493227e-16
-9.6788457e-16
-1.0058613e-15
-1.1535032e-15
-1.0491045e-15
-1.3656427e-15
-1.0721528e-15
-1.6031207e-15
-1.0666374e-15
-1.8619609e-15
-1.0228895e-15
-2.1343872e-15
-9.3040023e-16
-2.4079368e-15
-7.7873257e-16
-5.5885031e-16
-2.6648537e-15
-1.386218e-16
-3.0643799e-16
-1.6407899e-16
-3.391929e-16
-1.9397766e-16
-3.7576593e-16
-2.2920294e-16
-4.1620019e-16
-2.7079146e-16
-4.6043527e-16
-3.1994599e-16
-5.0826015e-16
-3.7804377e-16
-5.5925308e-16
-4.4663313e-16
-6.127063e-16
-5.2741082e-16
-6.6753436e-16
-6.2216959e-16
-7.221657e-16
-7.3270228e-16
-7.7442022e-16
-8.6064577e-16
-8.2137921e-16
-1.0072463e-15
-8.5926079e-16
-1.1730283e-15
-8.833225e-16
-1.3573562e-15
-8.878249e-16
-1.5578922e-15
-8.6610134e-16
-1.7699861e-15
-8.1079557e-16
-1.9860637e-15
-7.1432264e-16
-2.1951686e-15
-5.6962773e-16
-3.7121853e-16
-2.3828003e-15
-1.7011134e-16
-2.8112351e-16
-1.9921344e-16
-3.100908e-16
-2.3278686e-16
-3.4219252e-16
-2.7161389e-16
-3.7737316e-16
-3.1658246e-16
-4.1546671e-16
-3.6868827e-16
-4.5615434e-16
-4.2902891e-16
-4.9891244e-16
-4.9878499e-16
-5.4295022e-16
-5.7918245e-16
-5.8713689e-16
-6.7142787e-16
-6.2992028e-16
-7.7660733e-16
-6.6924077e-16
-8.9553834e-16
-7.024482e-16
-1.0285649e-15
-7.2623427e-16
-1.1752882e-15
-7.3659915e-16
-1.3342348e-15
-7.2887834e-16
-1.502474e-15
-6.9786208e-16
-1.6752236e-15
-6.38046e-16
-1.8455016e-15
-5.4404465e-16
-2.0039314e-15
-4.1119789e-16
-2.3634549e-16
-2.1388045e-15
-1.9793564e-16
-2.5283572e-16
-2.300232e-16
-2.7800324e-16
-2.6651813e-16
-3.0569759e-16
-3.0809387e-16
-3.3579742e-16
-3.554886e-16
-3.6807199e-16
-4.0949817e-16
-4.0214476e-16
-4.7096044e-16
-4.3745017e-16
-5.4072707e-16
-4.7318359e-16
-6.1961819e-16
-5.0824577e-16
-7.0835443e-16
-5.4118405e-16
-8.0746016e-16
-5.7013504e-16
-9.1713221e-16
-5.9277614e-16
-1.0370698e-15
-6.0629664e-16
-1.1662654e-15
-6.0740363e-16
-1.3027621e-15
-5.9238156e-16
-1.4433966e-15
-5.5722758e-16
-1.5835574e-15
-4.9788529e-16
-1.7170088e-15
-4.1059324e-16
-1.8358511e-15
-2.9235559e-16
-1.4151019e-16
-1.9306864e-15
-2.2209063e-16
-2.2209889e-16
-2.5657931e-16
-2.4351455e-16
-2.9534932e-16
-2.6692758e-16
-3.3896705e-16
-2.9217969e-16
-3.8802856e-16
-3.1901048e-16
-4.4314614e-16
-3.4702718e-16
-5.0492646e-16
-3.7566985e-16
-5.7393744e-16
-4.0417261e-16
-6.5066055e-16
-4.3152266e-16
-7.3542509e-16
-4.5641951e-16
-8.2832097e-16
-4.7723916e-16
-9.2908758e-16
-4.9200952e-16
-1.0369782e-15
-4.9840605e-16
-1.150603e-15
-4.9377885e-16
-1.2677596e-15
-4.7522489e-16
-1.3852681e-15
-4.3971911e-16
-1.4988359e-15
-3.8431747e-16
-1.602991e-15
-3.064382e-16
-1.691128e-15
-2.0421859e-16
-7.692453e-17
-1.7557136e-15
-2.4263144e-16
-1.893826e-16
-2.790145e-16
-2.0713149e-16
-3.1951895e-16
-2.2642313e-16
-3.6461171e-16
-2.4708693e-16
-4.1476035e-16
-2.6886184e-16
-4.7041548e-16
-2.9137205e-16
-5.3198539e-16
-3.1409993e-16
-5.9980105e-16
-3.3635696e-16
-6.7406932e-16
-3.5725439e-16
-7.5481248e-16
-3.7567636e-16
-8.4179254e-16
-3.902591e-16
-9.3442026e-16
-3.9938181e-16
-1.0316504e-15
-4.0117594e-16
-1.131868e-15
-3.9356127e-16
-1.2327752e-15
-3.7431762e-16
-1.3312932e-15
-3.4120118e-16
-1.423499e-15
-2.921116e-16
-1.5046261e-15
-2.2531113e-16
-1.5691555e-15
-1.396892e-16
-3.505269e-17
-1.6110273e-15
-2.5964022e-16
-1.5510547e-16
-2.9748087e-16
-1.6929084e-16
-3.3927195e-16
-1.8463206e-16
-3.8539245e-16
-2.0096642e-16
-4.3619889e-16
-2.180554e-16
-4.9200509e-16
-2.3556585e-16
-5.5305529e-16
-2.5304973e-16
-6.1948918e-16
-2.6992307e-16
-6.9129778e-16
-2.8544579e-16
-7.6826942e-16
-2.9870472e-16
-8.499257e-16
-3.0860282e-16
-9.3544858e-16
-3.1385893e-16
-1.0236015e-15
-3.1302306e-16
-1.1126497e-15
-3.0451298e-16
-1.2002894e-15
-2.8667799e-16
-1.2835955e-15
-2.5789501e-16
-1.3590075e-15
-2.1669959e-16
-1.422368e-15
-1.6195063e-16
-1.4690359e-15
-9.3021354e-17
-1.4940878e-15
-1.0000771e-17
-3.2969612e-15
-4.8264022e-16
-3.5355683e-15
-4.8743405e-17
-3.6629764e-15
4.7948402e-16
-3.6431219e-15
1.0834834e-15
-3.4484261e-15
1.7321423e-15
-3.0649866e-15
2.3838135e-15
-2.4965052e-15
2.990013e-15
-1.7660512e-15
3.5007281e-15
3.8705488e-15
-9.1516953e-16
-2.8824104e-15
-2.6508351e-16
-3.0340577e-15
1.0290389e-16
-3.0924067e-15
5.3783297e-16
-3.0327765e-15
1.0238533e-15
-2.8371778e-15
1.5365436e-15
-2.497811e-15
2.0444467e-15
-2.0196034e-15
2.5118054e-15
-1.4212087e-15
2.9023335e-15
3.1834932e-15
-7.341532e-16
-2.5313751e-15
-1.1650875e-16
-2.6213228e-15
1.9285159e-16
-2.6331662e-15
5.4967637e-16
-2.5500184e-15
9.4070547e-16
-2.3602768e-15
1.346802e-15
-2.0599694e-15
1.7441394e-15
-1.6543828e-15
2.1062187e-15
-1.1586029e-15
2.4065535e-15
2.621659e-15
-5.9676858e-16
-2.2365674e-15
-1.8745873e-17
-2.2827605e-15
2.3904476e-16
-2.2635085e-15
5.3042429e-16
-2.1672813e-15
8.4447836e-16
-1.9867296e-15
1.1662503e-15
-1.7202528e-15
1.4776626e-15
-1.3730372e-15
1.7590031e-15
-9.5732398e-16
1.9908403e-15
2.1561194e-15
-4.9178447e-16
-1.9910772e-15
4.1644955e-17
-2.0063124e-15
2.5427998e-16
-1.9664929e-15
4.9060483e-16
-1.86378e-15
7.4176545e-16
-1.6936519e-15
9.9612219e-16
-1.4559524e-15
1.239963e-15
-1.1555459e-15
1.4585966e-15
-8.0242765e-16
1.6377221e-15
1.7649017e-15
-4.1120987e-16
-1.7886935e-15
7.4624844e-17
-1.7821039e-15
2.4769039e-16
-1.728872e-15
4.3737288e-16
-1.6237054e-15
6.3659891e-16
-1.4639592e-15
8.3637599e-16
-1.2503364e-15
1.0263401e-15
-9.8729709e-16
1.1955574e-15
-6.8307783e-16
1.3335028e-15
1.4310972e-15
-3.4927336e-16
-1.6239911e-15
8.7588657e-17
-1.6020911e-15
2.257904e-16
-1.5402621e-15
3.7554385e-16
-1.434969e-15
5.3130578e-16
-1.284809e-15
6.8621604e-16
-1.0909811e-15
8.3251212e-16
-8.5753634e-16
9.6211264e-16
-5.9134751e-16
1.067314e-15
1.1415178e-15
-3.0176809e-16
-1.4926166e-15
8.6117469e-17
-1.4601176e-15
1.9329139e-16
-1.3929388e-15
3.0836505e-16
-1.2887475e-15
4.2711447e-16
-1.1469542e-15
5.4442276e-16
-9.6902886e-16
6.5458676e-16
-7.5865103e-16
7.5173481e-16
-5.2165294e-16
8.3031587e-16
-2.6573936e-16
8.8560422e-16
4.0648526e-15
3.3306994e-15
2.7339308e-15
2.2421464e-15
1.8309365e-15
1.4816631e-15
1.179895e-15
9.1415568e-16
-6.0516059e-18
-7.9104917e-17
-1.2195086e-17
-8.0240351e-17
-1.8523146e-17
-8.251765e-17
-2.513013e-17
-8.5949218e-17
-3.2112749e-17
-9.0552121e-17
-3.9570711e-17
-9.6346229e-17
-4.7607182e-17
-1.0335153e-16
-5.6329031e-17
-1.1158449e-16
-6.5846758e-17
-1.2105336e-16
-7.6274017e-17
-1.3175211e-16
-8.7726585e-17
-1.436529e-16
-1.0032064e-16
-1.5669679e-16
-1.1417009e-16
-1.707826e-16
-1.2938284e-16
-1.8575367e-16
-1.4605557e-16
-2.0138268e-16
-1.6426681e-16
-2.1735461e-16
-1.8406809e-16
-2.3324845e-16
-2.0547269e-16
-2.4851847e-16
-2.2844195e-16
-2.6247654e-16
-2.5286894e-16
-2.7427773e-16
-2.7855981e-16
-2.8291194e-16
-3.0521322e-16
-2.8720552e-16
-3.3239899e-16
-2.8583729e-16
-3.5953782e-16
-2.7737415e-16
-3.8588451e-16
-2.603313e-16
-4.1051841e-16
-2.3326111e-16
-4.3234511e-16
-1.9487288e-16
-4.5011449e-16
-1.4418126e-16
-4.6245938e-16
-8.0676465e-17
-4.6795845e-16
-4.5016988e-18
-4.6522419e-16
8.3383201e-17
-4.5301279e-16
1.8107999e-16
-4.3034866e-16
2.8570092e-16
-3.9665048e-16
3.9341629e-16
-3.5184321e-16
4.9961549e-16
-2.9643898e-16
5.9918254e-16
-2.3157202e-16
6.8686784e-16
-1.5897703e-16
7.5772088e-16
-8.0907737e-17
8.0753493e-16
8.3324794e-16
-1.8853252e-17
-6.0251666e-17
5.1368508e-26
-3.7986048e-17
-6.1107554e-17
-5.7680029e-17
-6.2823669e-17
-7.822102e-17
-6.5408227e-17
-9.9900777e-17
-6.8872365e-17
-1.2301837e-16
-7.3228636e-17
-1.47881e-16
-7.8488894e-17
-1.7480405e-16
-8.4661445e-17
-2.0411004e-16
-9.1747364e-17
-9.9735833e-17
-2.3612632e-16
-1.9643438e-17
-4.0608228e-17
3.9662998e-26
-3.9570246e-17
-4.1180746e-17
-6.0065495e-17
-4.232842e-17
-8.1417515e-17
-4.4056208e-17
-1.0391916e-16
-4.6370721e-17
-1.2786861e-16
-4.9279187e-17
-1.5356952e-16
-5.2787983e-17
-1.8133028e-16
-5.6900686e-17
-2.1146209e-16
-6.1615554e-17
-6.6922347e-17
-2.4427557e-16
-2.0171779e-17
-2.043645e-17
2.4867366e-26
-4.0629269e-17
-2.0723255e-17
-6.165958e-17
-2.1298109e-17
-8.3552457e-17
-2.2163331e-17
-1.066012e-16
-2.3321977e-17
-1.3110307e-16
-2.4777314e-17
-1.5735899e-16
-2.6532067e-17
-1.8567225e-16
-2.8587429e-17
-2.1634602e-16
-3.0941783e-17
-3.3589099e-17
-2.4967927e-16
-2.043645e-17
3.3519857e-26
-4.1159705e-17
-6.2457814e-17
-8.4621145e-17
-1.0794312e-16
-1.3272044e-16
-1.592525e-16
-1.8783993e-16
-2.1878171e-16
-2.5237081e-16
-2.7118087e-16
-1.0859835e-16
-3.0959597e-16
-1.1828169e-16
-3.5167906e-16
-1.2869951e-16
-3.9771016e-16
-1.3972257e-16
-4.4792523e-16
-1.511676e-16
-5.0249475e-16
-1.627851e-16
-5.6149676e-16
-1.7424644e-16
-6.2488406e-16
-1.8513116e-16
-6.9244509e-16
-1.9491552e-16
-7.6375891e-16
-2.0296391e-16
-8.3814535e-16
-2.085255e-16
-9.1461227e-16
-2.1073859e-16
-9.9180363e-16
-2.0864593e-16
-1.0679535e-15
-2.0122432e-16
-1.1408531e-15
-1.8743166e-16
-1.2078407e-15
-1.6627353e-16
-1.2658235e-15
-1.3689004e-16
-1.3113443e-15
-9.8660462e-17
-1.340701e-15
-5.1319805e-17
4.9231339e-18
-1.3501258e-15
-2.800755e-16
-7.2798424e-17
-3.1915318e-16
-7.9204011e-17
-3.6177607e-16
-8.6076617e-17
-4.0817408e-16
-9.3324567e-17
-4.5852193e-16
-1.0081975e-16
-5.1291727e-16
-1.0838976e-16
-5.7135398e-16
-1.1580972e-16
-6.3369068e-16
-1.2279446e-16
-6.9961448e-16
-1.2899172e-16
-7.6860085e-16
-1.3397753e-16
-8.3987109e-16
-1.3725527e-16
-9.123497e-16
-1.3825998e-16
-9.8462554e-16
-1.3637009e-16
-1.0549215e-15
-1.3092835e-16
-1.1210793e-15
-1.2127383e-16
-1.1805667e-15
-1.0678621e-16
-1.2305147e-15
-8.6941981e-17
-1.2677942e-15
-6.1381011e-17
-1.2891349e-15
-2.9979102e-17
7.0801618e-18
-1.2912919e-15
-2.8596073e-16
-3.651696e-17
-3.2546055e-16
-3.9704194e-17
-3.6841908e-16
-4.3118086e-17
-4.1503248e-16
-4.6711167e-17
-4.654346e-16
-5.0417636e-17
-5.1967484e-16
-5.4149516e-17
-5.7769184e-16
-5.7792715e-17
-6.3928302e-16
-6.1203285e-17
-7.0407045e-16
-6.4204286e-17
-7.7146417e-16
-6.6583814e-17
-8.4062455e-16
-6.8094887e-17
-9.1042649e-16
-6.8458046e-17
-9.7942899e-16
-6.7367593e-17
-1.0458549e-15
-6.4502414e-17
-1.1075866e-15
-5.9542155e-17
-1.1621836e-15
-5.2189218e-17
-1.2069292e-15
-4.2196398e-17
-1.238911e-15
-2.9399153e-17
-1.2551398e-15
-1.3750372e-17
4.6456832e-18
-1.2527053e-15
-2.8888777e-16
-3.2859197e-16
-3.7171005e-16
-4.1842122e-16
-4.6883886e-16
-5.2298837e-16
-5.8078109e-16
-6.4198437e-16
-7.0618866e-16
-7.7277247e-16
-8.4086736e-16
-9.0932541e-16
-9.76693e-16
-1.0411954e-15
-1.1007376e-15
-1.1529268e-15
-1.1951232e-15
-1.2245223e-15
-1.2382727e-15
-1.233627e-15
-1.3360236e-15
6.9280957e-17
-1.295258e-15
1.403144e-16
-1.2254662e-15
2.1590913e-16
-1.1253691e-15
2.933192e-16
-9.9503953e-16
3.6928592e-16
-8.3608806e-16
4.4023107e-16
-6.5173202e-16
5.025118e-16
-4.4672424e-16
5.527131e-16
5.8794572e-16
-2.2713502e-16
-1.2712544e-15
4.9243501e-17
-1.226487e-15
9.5546984e-17
-1.1551849e-15
1.4460697e-16
-1.0565179e-15
1.9465226e-16
-9.3083411e-16
2.436021e-16
-7.7979193e-16
2.8918889e-16
-6.0639728e-16
3.2911716e-16
-4.1492854e-16
3.6124436e-16
3.8376359e-16
-2.1074641e-16
-1.2289665e-15
2.5504685e-17
-1.1817635e-15
4.8343979e-17
-1.1096363e-15
7.2479809e-17
-1.0120283e-15
9.7044229e-17
-8.8944986e-16
1.2102369e-16
-7.4357954e-16
1.4331856e-16
-5.7728191e-16
1.6281953e-16
-3.9453142e-16
1.7849386e-16
1.8947232e-16
-2.0024015e-16
-1.2081223e-15
-1.1597784e-15
-1.0872986e-15
-9.9025433e-16
-8.6923063e-16
-7.2591207e-16
-5.6309254e-16
-3.8459868e-16
-1.9512636e-16
6.0611292e-16
3.953665e-16
1.9512636e-16
-3.860759e-13
4.1640217e-13
-3.0326279e-14
-3.4702079e-13
-3.9055119e-14
-3.0129741e-13
-4.5723379e-14
-2.5185549e-13
-4.9441924e-14
-2.0194692e-13
-4.9908576e-14
-1.5456743e-13
-4.7379499e-14
-1.1181415e-13
-4.275328e-14
-7.3940484e-14
-3.7873667e-14
-3.8246134e-14
-3.5694361e-14
-3.8246401e-14
-4.4895207e-13
4.5502892e-13
-6.0768518e-15
-4.4616224e-13
-2.7898258e-15
-4.4520272e-13
-9.5952741e-16
-4.4518321e-13
-1.9511909e-17
-4.4558854e-13
4.0532422e-16
-4.4616423e-13
5.7569608e-16
-4.468078e-13
6.4356139e-16
-4.4750947e-13
7.01678e-16
-4.4831618e-13
8.0670782e-16
-4.4930426e-13
9.8807287e-16
-4.5055453e-13
1.2502771e-15
-4.5211991e-13
1.5653802e-15
-4.5397557e-13
1.8556581e-15
-4.5594281e-13
1.9672362e-15
-4.5758299e-13
1.6401727e-15
-4.5809832e-13
5.1533014e-16
-4.5615453e-13
-1.9437925e-15
-4.4994958e-13
-6.2049465e-15
-4.3735331e-13
-1.2596274e-14
-2.0951143e-14
-7.7301892e-13
4.4228656e-13
3.3073237e-13
-7.9355167e-13
2.053275e-14
-7.2895933e-13
-6.4592333e-14
-6.433068e-13
-8.5652526e-14
-5.7156078e-13
-7.1746015e-14
-5.2043276e-13
-5.1128018e-14
-4.8702352e-13
-3.3409232e-14
-4.6663913e-13
-2.0384388e-14
-1.1610212e-14
4.4228657e-13
-1.3610938e-12
-1.3773171e-13
1.4684992e-12
-1.2246818e-12
-1.7546711e-13
-1.0657813e-12
-2.0462395e-13
-8.9372704e-13
-2.2149614e-13
-7.1884543e-13
-2.2479021e-13
-5.5079717e-13
-2.1542775e-13
-3.9683422e-13
-1.9671625e-13
-2.5921086e-13
-1.7549703e-13
-1.3149084e-13
-1.6341439e-13
-1.6973823e-13
-2.0827892e-12
-3.0257151e-13
2.247629e-12
-1.8731765e-12
-3.8507989e-13
-1.6286454e-12
-4.4915503e-13
-1.3630508e-12
-4.870907e-13
-1.0915694e-12
-4.9627163e-13
-8.2882201e-13
-4.7817518e-13
-5.8748778e-13
-4.380505e-13
-3.7557621e-13
-3.8740861e-13
-1.8816616e-13
-3.5082445e-13
-3.5790584e-13
-2.5764356e-12
-5.0646777e-13
2.7803318e-12
-2.3129639e-12
-6.4855162e-13
-2.0033141e-12
-7.5880479e-13
-1.6653597e-12
-8.2504513e-13
-1.3177697e-12
-8.4386156e-13
-9.7854961e-13
-8.1739532e-13
-6.6602659e-13
-7.505735e-13
-3.9988192e-13
-6.5355329e-13
-1.8958433e-13
-5.6112204e-13
-5.4749173e-13
-2.8583821e-12
3.0835724e-12
-7.3165801e-13
-2.5578576e-12
-9.4907619e-13
-2.2003227e-12
-1.1163396e-12
-1.8080246e-12
-1.2173432e-12
-1.4014342e-12
-1.250452e-12
-9.9785459e-13
-1.220975e-12
-6.1629733e-13
-1.1321308e-12
-2.9191449e-13
-9.7793611e-13
-8.254207e-14
-7.7049447e-13
-6.3003512e-13
-1.6229348e-12
-2.9572297e-14
1.6464302e-12
-1.6108264e-12
-1.4898176e-14
-1.6054193e-12
-6.3666058e-15
-1.6037342e-12
-1.7046508e-15
-1.6039936e-12
6.6471971e-16
-1.605208e-12
1.7901172e-15
-1.606907e-12
2.3425239e-15
-1.6089482e-12
2.7428989e-15
-1.611381e-12
3.2394917e-15
-1.6143467e-12
3.9537982e-15
-1.617985e-12
4.8885296e-15
-1.6223173e-12
5.8976613e-15
-1.6270802e-12
6.618595e-15
-1.6314858e-12
6.3728143e-15
-1.6339029e-12
4.0572663e-15
-1.6314667e-12
-1.9208811e-15
-1.6198704e-12
-1.35401e-14
-1.5932456e-12
-3.2829734e-14
-1.5448369e-12
-6.1004942e-14
-9.7288851e-14
-2.5084575e-12
-6.039728e-14
2.5392825e-12
-2.4916872e-12
-3.1668519e-14
-2.4834769e-12
-1.4576871e-14
-2.48023e-12
-4.95158e-15
-2.479715e-12
1.4970736e-16
-2.4806509e-12
2.7260255e-15
-2.4823807e-12
4.0723019e-15
-2.4846495e-12
5.0116994e-15
-2.4874407e-12
6.0306527e-15
-2.4908483e-12
7.3614204e-15
-2.4949539e-12
8.9941519e-15
-2.4996735e-12
1.0617254e-14
-2.5045387e-12
1.1483849e-14
-2.5083781e-12
1.0212157e-14
-2.5088761e-12
4.5553015e-15
-2.5020514e-12
-8.7455825e-15
-2.4817211e-12
-3.3870473e-14
-2.4393404e-12
-7.5210396e-14
-2.3646189e-12
-1.3572645e-13
-2.1427873e-13
-3.090841e-12
-8.5503462e-14
3.1159472e-12
-3.0768014e-12
-4.5708102e-14
-3.0696317e-12
-2.174661e-14
-3.0665368e-12
-8.0464735e-15
-3.0657531e-12
-6.339999e-16
-3.0662376e-12
3.2105337e-15
-3.0674426e-12
5.2772823e-15
-3.069136e-12
6.705142e-15
-3.0712775e-12
8.1720661e-15
-3.0739163e-12
1.0000294e-14
-3.0770906e-12
1.2168435e-14
-3.0806948e-12
1.4221407e-14
-3.0842787e-12
1.506776e-14
-3.0867287e-12
1.2662174e-14
-3.0857745e-12
3.601138e-15
-3.0772853e-12
-1.7234774e-14
-3.0543888e-12
-5.6767017e-14
-3.0067105e-12
-1.2288867e-13
-2.9204055e-12
-2.2203149e-13
-3.5435239e-13
-3.36983e-12
3.3790583e-12
-9.4731782e-14
-3.364571e-12
-5.0967107e-14
-3.3618208e-12
-2.449677e-14
-3.3605857e-12
-9.2816313e-15
-3.3602272e-12
-9.9245103e-16
-3.3603626e-12
3.3458933e-15
-3.3607892e-12
5.7038482e-15
-3.361424e-12
7.3400189e-15
-3.362261e-12
9.0090412e-15
-3.3633357e-12
1.1075007e-14
-3.3646876e-12
1.3520328e-14
-3.3663001e-12
1.5833839e-14
-3.3679851e-12
1.67528e-14
-3.3691522e-12
1.3829224e-14
-3.3683587e-12
2.8076747e-15
-3.362472e-12
-2.3121422e-14
-3.3453142e-12
-7.3924866e-14
-3.3057872e-12
-1.6241562e-13
-3.226273e-12
-3.0154576e-13
-4.9705299e-13
-3.7523323e-12
-5.3900604e-13
4.6220707e-12
-3.1294981e-12
-6.023014e-13
-2.6463165e-12
-5.4777393e-13
-2.2932374e-12
-4.3873165e-13
-2.0424352e-12
-3.2254818e-13
-1.8709542e-12
-2.2260909e-13
-1.7586514e-12
-1.4571204e-13
-1.6883301e-12
-9.0705629e-14
-5.351011e-14
-4.7166316e-12
-1.0847126e-12
5.2623382e-12
-4.1551158e-12
-1.1638171e-12
-3.6713378e-12
-1.031552e-12
-3.2909582e-12
-8.1911124e-13
-3.0095596e-12
-6.039467e-13
-2.8114446e-12
-4.2072415e-13
-2.6780798e-12
-2.7907686e-13
-2.5921474e-12
-1.7663801e-13
-1.0637499e-13
-4.8784986e-12
-1.5592516e-12
5.3530376e-12
-4.3903912e-12
-1.6519246e-12
-3.9957269e-12
-1.4262162e-12
-3.69827e-12
-1.1165681e-12
-3.4814978e-12
-8.2071895e-13
-3.3289805e-12
-5.7324137e-13
-3.2255769e-12
-3.8248042e-13
-3.1581253e-12
-2.4408966e-13
-1.4855309e-13
-4.2715917e-12
4.9184541e-12
-2.206114e-12
-3.8976922e-12
-2.0258241e-12
-3.7033537e-12
-1.6205547e-12
-3.5864831e-12
-1.2334387e-12
-3.5082553e-12
-8.9894678e-13
-3.4546354e-12
-6.2686123e-13
-3.4182861e-12
-4.1882973e-13
-3.3942975e-12
-2.6807824e-13
-1.6379228e-13
-3.9823068e-13
5.462588e-12
-5.9848113e-13
5.4625886e-12
-7.0803213e-13
5.4625886e-12
5.4625881e-12
-1.252166e-12
-1.5112307e-19
-1.8289497e-20
1.1478531e-19
-1.7532158e-12
-8.6819176e-13
1.8897496e-12
-1.5626687e-12
-1.1396233e-12
-1.3332207e-12
-1.3457876e-12
-1.0811824e-12
-1.4693815e-12
-8.1897044e-13
-1.5126639e-12
-5.5291602e-13
-1.4870294e-12
-2.8579332e-13
-1.3992535e-12
-3.8994391e-14
-1.224735e-12
1.2350891e-13
-9.3299777e-13
-5.0652668e-13
-1.7388963e-12
1.8724979e-12
-1.0017933e-12
-1.5437496e-12
-1.33477e-12
-1.3068193e-12
-1.5827179e-12
-1.0476584e-12
-1.7285424e-12
-7.7940115e-13
-1.7809212e-12
-5.0480093e-13
-1.7616296e-12
-2.10369e-13
-1.6936854e-12
1.3826724e-13
-1.5733713e-12
4.6647794e-13
-1.2612085e-12
-4.0048914e-14
-2.013233e-12
-9.0880345e-14
2.0093816e-12
-2.0153569e-12
-4.884327e-14
-2.0164368e-12
-2.3416874e-14
-2.0169077e-12
-8.8106957e-15
-2.0170373e-12
-8.6285388e-16
-2.0169821e-12
3.2907241e-15
-2.0168276e-12
5.5493858e-15
-2.0166165e-12
7.1288514e-15
-2.0163696e-12
8.7621722e-15
-2.0161043e-12
1.0809726e-14
-2.0158508e-12
1.3266775e-14
-2.0156654e-12
1.5648414e-14
-2.0156298e-12
1.6717278e-14
-2.0158036e-12
1.400293e-14
-2.0160501e-12
3.0541845e-15
-2.0155785e-12
-2.3593031e-14
-2.0119392e-12
-7.7564145e-14
-1.9991621e-12
-1.7519273e-13
-1.965093e-12
-3.3561487e-13
-5.7239637e-13
-1.9441779e-12
1.9338695e-12
-8.0571899e-14
-1.9499223e-12
-4.3098868e-14
-1.9528619e-12
-2.0477287e-14
-1.9541458e-12
-7.5268517e-15
-1.9544923e-12
-5.16295e-16
-1.9543247e-12
3.1231034e-15
-1.95387e-12
5.0946111e-15
-1.9532313e-12
6.490172e-15
-1.9524419e-12
7.9727978e-15
-1.9515096e-12
9.8773805e-15
-1.9504604e-12
1.2217646e-14
-1.949389e-12
1.457702e-14
-1.9485134e-12
1.5841667e-14
-1.9482131e-12
1.3702637e-14
-1.9489749e-12
3.8159761e-15
-1.9510601e-12
-2.1507852e-14
-1.9535144e-12
-7.5109902e-14
-1.9518338e-12
-1.7687335e-13
-1.9334473e-12
-3.5400134e-13
-6.3334577e-13
-1.4100685e-12
-1.693295e-12
8.9724951e-13
-1.6848002e-12
-1.7510924e-12
-1.8228771e-12
-1.4824778e-12
-1.8989874e-12
-1.1573284e-12
-1.9450654e-12
-8.5286883e-13
-1.9738172e-12
-5.9810935e-13
-1.9917284e-12
-4.0091854e-13
-2.0027504e-12
-2.570563e-13
-1.5716109e-13
-8.4765679e-13
2.9645424e-13
-1.1420924e-12
-1.2525518e-12
-1.3461974e-12
-1.5068103e-12
-1.2282192e-12
-1.6684358e-12
-9.9570297e-13
-1.7739769e-12
-7.4732768e-13
-1.8431438e-12
-5.289425e-13
-1.8879637e-12
-3.5609863e-13
-1.9163907e-12
-2.2862926e-13
-1.3968234e-13
-3.5491653e-13
-5.8462277e-14
-9.0398519e-13
9.7173798e-13
-1.0695461e-12
-7.9916507e-13
-1.4395902e-12
-6.71335e-13
-1.710548e-12
-5.3270978e-13
-1.8671676e-12
-3.9126836e-13
-1.9223626e-12
-2.483285e-13
-1.9045695e-12
-9.3520851e-14
-1.8484931e-12
1.3424186e-13
-1.801134e-12
7.3096011e-13
-1.8579267e-12
-2.5090888e-12
-9.8354199e-13
9.7602506e-13
-7.3054977e-14
-9.8772134e-13
-3.8919518e-14
-9.8984628e-13
-1.8352346e-14
-9.907597e-13
-6.6134225e-15
-9.9098941e-13
-2.8658142e-16
-9.9084536e-13
2.9790554e-15
-9.904919e-13
4.741158e-15
-9.9000066e-13
5.9989351e-15
-9.8938954e-13
7.3616813e-15
-9.8865462e-13
9.1424704e-15
-9.8780223e-13
1.1365257e-14
-9.8688806e-13
1.3662856e-14
-9.8606826e-13
1.5021862e-14
-9.8565852e-13
1.3292899e-14
-9.8617035e-13
4.3278122e-15
-9.8823102e-13
-1.9447173e-14
-9.9217074e-13
-7.1170182e-14
-9.9676087e-13
-1.7228322e-13
-9.9570756e-13
-3.5505464e-13
-6.5731534e-13
-3.1590323e-13
7.8599527e-14
-9.0478874e-13
-5.3378407e-13
-1.1283166e-12
-6.8429776e-13
-1.0777055e-12
-7.8946487e-13
-8.9053585e-13
-8.6173883e-13
-6.7505372e-13
-9.1051343e-13
-4.801679e-13
-9.4268268e-13
-3.2392938e-13
-9.6329234e-13
-2.0801958e-13
-1.2694962e-13
2.0137242e-14
-2.2113808e-12
-1.2337183e-12
2.375553e-12
-1.9426793e-12
-1.7082917e-12
-1.6128605e-12
-2.0403667e-12
-1.2603979e-12
-2.2196301e-12
-9.1042106e-13
-2.2723395e-12
-5.7232709e-13
-2.2426634e-12
-2.3837664e-13
-2.1824435e-12
1.0899004e-13
-2.1485007e-12
4.0141399e-13
-2.1503507e-12
-2.1076744e-12
-1.9452865e-12
-1.3698858e-12
2.0814541e-12
-1.6841402e-12
-1.969438e-12
-1.3609159e-12
-2.363591e-12
-1.0263485e-12
-2.5541975e-12
-7.1286598e-13
-2.585822e-12
-4.3673263e-13
-2.5187968e-12
-2.0693569e-13
-2.4122404e-12
-4.3845099e-14
-2.3115913e-12
2.9320821e-14
-2.2235166e-12
-2.0783527e-12
-1.5547376e-12
-1.4617373e-12
1.6465891e-12
-1.3123298e-12
-2.2118458e-12
-1.0065782e-12
-2.6693426e-12
-7.0266997e-13
-2.8581057e-12
-4.3929772e-13
-2.8491942e-12
-2.3371286e-13
-2.7243816e-12
-9.2261084e-14
-2.5536922e-12
-1.9378913e-14
-2.3844734e-12
-7.2141971e-15
-2.2356813e-12
-2.0855655e-12
-1.0227103e-12
1.0163367e-12
-1.4553637e-12
-8.233743e-13
-2.4111817e-12
-5.4952453e-13
-2.9431923e-12
-2.8955344e-13
-3.1180767e-12
-8.9264359e-14
-3.0494833e-12
3.7225824e-14
-2.8508718e-12
9.2586948e-14
-2.6090533e-12
8.722043e-14
-2.3791069e-12
3.9145159e-14
-2.187606e-12
-2.0464191e-12
-2.3088841e-12
-4.886561e-14
2.2846947e-12
-2.3222649e-12
-2.5538745e-14
-2.3289975e-12
-1.161973e-14
-2.3318235e-12
-3.787453e-15
-2.3324574e-12
3.4734519e-16
-2.3319024e-12
2.424019e-15
-2.3306814e-12
3.5201529e-15
-2.3290122e-12
4.3298218e-15
-2.3269317e-12
5.2810924e-15
-2.3243968e-12
6.6075635e-15
-2.3213879e-12
8.3563415e-15
-2.3180403e-12
1.0315272e-14
-2.3148351e-12
1.1816716e-14
-2.3128691e-12
1.1326835e-14
-2.3141654e-12
5.6241691e-15
-2.3218701e-12
-1.1742488e-14
-2.3397283e-12
-5.331202e-14
-2.3690711e-12
-1.4294038e-13
-2.3980449e-12
-3.2608088e-13
-6.7980722e-13
-1.8513769e-12
-2.4352345e-14
1.8268637e-12
-1.8646368e-12
-1.2278867e-14
-1.8710502e-12
-5.2062894e-15
-1.8735087e-12
-1.3289932e-15
-1.8738018e-12
6.4046213e-16
-1.8729528e-12
1.5750335e-15
-1.8714782e-12
2.0454627e-15
-1.8695642e-12
2.4158531e-15
-1.8671984e-12
2.9153323e-15
-1.8642703e-12
3.6793826e-15
-1.8606718e-12
4.7578493e-15
-1.8564351e-12
6.0785678e-15
-1.8519562e-12
7.3378102e-15
-1.8483783e-12
7.7489386e-15
-1.848221e-12
5.4668811e-15
-1.8562305e-12
-3.7329276e-15
-1.8805542e-12
-2.8988346e-14
-1.9329324e-12
-9.0562142e-14
-2.018814e-12
-2.4019927e-13
-6.1716718e-13
-1.2395197e-12
-6.4180776e-15
1.2215854e-12
-1.248804e-12
-2.9945736e-15
-1.2529493e-12
-1.0609415e-15
-1.2542235e-12
-5.4884269e-17
-1.2539945e-12
4.1149384e-16
-1.2530224e-12
6.0299791e-16
-1.2516634e-12
6.8642915e-16
-1.2500127e-12
7.6510988e-16
-1.2480045e-12
9.0712328e-16
-1.2454826e-12
1.1575274e-15
-1.2422678e-12
1.5430507e-15
-1.2382529e-12
2.0636501e-15
-1.233576e-12
2.6609134e-15
-1.2289631e-12
3.1360011e-15
-1.2264408e-12
2.9446279e-15
-1.2306274e-12
4.5365541e-16
-1.2513324e-12
-8.2833267e-15
-1.3092562e-12
-3.2638388e-14
-1.4430592e-12
-1.0639626e-13
-4.1363721e-13
-4.686037e-13
4.6218562e-13
-4.7159828e-13
-4.7265922e-13
-4.727141e-13
-4.7230261e-13
-4.7169962e-13
-4.7101318e-13
-4.7024808e-13
-4.6934096e-13
-4.6818342e-13
-4.6664038e-13
-4.6457672e-13
-4.619158e-13
-4.5877981e-13
-4.5583518e-13
-4.5538152e-13
-4.6366484e-13
-4.9630322e-13
-6.0269947e-13
-5.1948908e-13
-4.4136459e-13
5.6064933e-14
-9.9585542e-13
-6.5195023e-13
-1.3970033e-12
-6.765576e-13
-1.7015493e-12
-5.8598982e-13
-1.9217085e-12
-4.5489454e-13
-2.0747834e-12
-3.27093e-13
-2.1774059e-12
-2.2130684e-13
-2.2436627e-12
-1.4176287e-13
-8.5917536e-14
-2.6484298e-13
-1.7643996e-13
-8.1626115e-17
-6.1370673e-13
-3.0308646e-13
-9.5342543e-13
-3.368389e-13
-1.2377234e-12
-3.0169188e-13
-1.4549561e-12
-2.3766181e-13
-1.6105714e-12
-1.7147768e-13
-1.7163056e-12
-1.1557258e-13
-1.7847323e-12
-7.3336227e-14
-4.3786172e-14
-9.973982e-14
-4.1324661e-14
-3.5375477e-14
-3.1883765e-13
-8.3988622e-14
-5.5671084e-13
-9.8965694e-14
-7.6822857e-13
-9.0174151e-14
-9.3483937e-13
-7.1051012e-14
-1.0555318e-12
-5.0785212e-14
-1.1374296e-12
-3.3674819e-14
-1.1898818e-12
-2.0884018e-14
-1.2082536e-14
-5.7956873e-16
-4.074509e-14
-8.4568178e-14
-1.8353387e-13
-2.7370802e-13
-3.4475902e-13
-3.9554424e-13
-4.2921906e-13
-4.5010308e-13
7.6202182e-14
7.6120554e-14
4.0745091e-14
-3.3095979e-13
-1.1244039e-12
-2.1439449e-13
-2.527747e-12
4.9449257e-14
-3.2070361e-12
2.8495296e-13
-3.3535804e-12
4.2354805e-13
-3.1880784e-12
4.5743712e-13
-2.8847608e-12
4.0416621e-13
-2.5557824e-12
2.8892489e-13
-2.2638655e-12
1.4158569e-13
-2.0402668e-12
-1.9048322e-12
1.518965e-13
-1.2763004e-12
4.9925827e-13
-2.8751088e-12
8.4005114e-13
-3.5478289e-12
1.033111e-12
-3.5466403e-12
1.0583761e-12
-3.2133434e-12
9.5140379e-13
-2.7777885e-12
7.5774678e-13
-2.3621253e-12
5.1597104e-13
-2.0220898e-12
2.5597816e-13
-1.7802739e-12
-1.6488532e-12
5.4668146e-13
-1.8229819e-12
1.2701523e-12
-3.5985797e-12
1.7300767e-12
-4.0077533e-12
1.8486884e-12
-3.665252e-12
1.715142e-12
-3.0797971e-12
1.4362703e-12
-2.4989168e-12
1.0898905e-12
-2.0157455e-12
7.2219913e-13
-1.6543984e-12
3.5636584e-13
-1.4144406e-12
-1.2924868e-12
1.2482383e-12
-3.0712202e-12
2.4098522e-12
-4.7601936e-12
2.8333548e-12
-4.4312559e-12
2.7120794e-12
-3.5439766e-12
2.3178092e-12
-2.6855269e-12
1.8267005e-12
-2.0078081e-12
1.3278791e-12
-1.5169241e-12
8.5635906e-13
-1.1828783e-12
4.1736339e-13
-9.7544487e-13
-8.7512337e-13
3.4648246e-12
-6.5360447e-12
4.4719596e-12
-5.7673286e-12
4.1939114e-12
-4.1532077e-12
3.4796478e-12
-2.8297131e-12
2.6976901e-12
-1.9035692e-12
1.9851594e-12
-1.2952773e-12
1.3759726e-12
-9.0773736e-13
8.6045176e-13
-6.6735745e-13
4.124977e-13
-5.2749079e-13
-4.6262578e-13
1.0801126e-11
-3.4852644e-12
-1.3851907e-11
7.7856327e-12
-2.7518351e-12
5.4700718e-12
-1.8376468e-12
3.8004519e-12
-1.1600932e-12
2.6189064e-12
-7.2202361e-13
1.7786332e-12
-4.5500412e-13
1.1676465e-12
-2.967507e-13
7.0505198e-13
-2.0476293e-13
3.3149116e-13
-1.5392995e-13
-1.311348e-13
7.7131813e-12
-1.1198446e-11
4.9613462e-12
3.1236994e-12
1.9636062e-12
1.2415826e-12
7.8657844e-13
4.8982776e-13
2.8506483e-13
1.3113489e-13
1.2256877e-11
-6.2072906e-13
-1.1636148e-11
1.2433605e-11
-1.7672758e-13
1.248977e-11
-5.616514e-14
1.2511158e-11
-2.1388712e-14
1.2519659e-11
-8.501024e-15
1.2522996e-11
-3.3360514e-15
1.2524311e-11
-1.3156104e-15
1.2524838e-11
-5.2735502e-16
1.2525055e-11
-2.1609197e-16
1.2525155e-11
-1.0061543e-16
1.2525236e-11
-8.0653044e-17
1.2525376e-11
-1.398315e-16
1.2525703e-11
-3.2737253e-16
1.2526505e-11
-8.0162478e-16
1.2528633e-11
-2.1283416e-15
1.2534972e-11
-6.3394914e-15
1.255311e-11
-1.8137869e-14
1.2599665e-11
-4.6554849e-14
1.2769221e-11
-1.6955611e-13
-1.0826853e-12
1.2793475e-11
-1.3414205e-11
1.2616748e-11
1.2560583e-11
1.2539194e-11
1.2530693e-11
1.2527357e-11
1.2526041e-11
1.2525514e-11
1.2525298e-11
1.2525197e-11
1.2525117e-11
1.2524977e-11
1.2524649e-11
1.2523848e-11
1.2521719e-11
1.251538e-11
1.2497242e-11
1.2450687e-11
1.2281131e-11
9.9099871e-12
-4.2865308e-13
-9.481334e-12
1.0125832e-11
-2.1584471e-13
1.0252032e-11
-1.2620036e-13
1.0364323e-11
-1.1229059e-13
1.0478295e-11
-1.1397176e-13
1.0608427e-11
-1.3013269e-13
1.077517e-11
-1.6674307e-13
1.1045739e-11
-2.7056839e-13
-5.9040937e-13
1.1125072e-11
-9.7798248e-12
-1.7739008e-12
1.2095503e-11
-1.1862754e-12
1.2721883e-11
-7.5258069e-13
1.3149576e-11
-5.3998304e-13
1.3444974e-11
-4.0937016e-13
1.3647629e-11
-3.327871e-13
1.376725e-11
-2.8636384e-13
1.375666e-11
-2.5997921e-13
-2.4795344e-13
-4.2625105e-12
-8.8235119e-12
1.0452238e-17
-1.7738827e-12
-2.8519978e-17
6.7099471e-18
-1.1862717e-12
7.179715e-18
-7.5258116e-13
7.1943356e-18
-5.3998306e-13
7.2231159e-18
-4.0937023e-13
7.2691347e-18
-3.3278716e-13
7.543049e-18
-2.8636409e-13
7.5869025e-18
-2.5997926e-13
-2.4794586e-13
1.053706e-12
-8.2723684e-13
-2.0003518e-12
5.2818355e-13
-6.6074924e-13
2.8965368e-13
-5.1405128e-13
1.6326653e-13
-4.1359591e-13
9.5819455e-14
-3.4192315e-13
5.6559283e-14
-2.9352698e-13
3.1877198e-14
-2.6168201e-13
1.4419197e-14
-2.4252126e-13
-2.3352666e-13
1.162136e-12
-2.1026549e-12
1.1328203e-13
6.2370516e-13
-1.2231838e-13
3.6341171e-13
-2.5375783e-13
2.1723804e-13
-2.6742224e-13
1.3362459e-13
-2.5830971e-13
8.179288e-14
-2.4169527e-13
4.7243341e-14
-2.2713247e-13
2.1671813e-14
-2.1694973e-13
-2.1185485e-13
-3.9526382e-12
-1.0820889e-12
1.6861584e-12
6.1371298e-13
2.2625474e-13
-7.2668569e-13
4.6775069e-13
2.3643905e-14
3.2744765e-13
-1.1345479e-13
2.2371356e-13
-1.6368814e-13
1.4972508e-13
-1.8432123e-13
9.698492e-14
-1.8895511e-13
5.7985412e-14
-1.8813296e-13
2.7096775e-14
-1.860611e-13
-1.8475807e-13
4.1463785e-13
2.339514e-13
-4.2233451e-13
3.5429869e-13
8.398307e-14
2.7243179e-13
-3.1587894e-14
2.0070676e-13
-9.1963106e-14
1.4230504e-13
-1.2591951e-13
9.6136797e-14
-1.4278687e-13
5.9070865e-14
-1.5106703e-13
2.8000481e-14
-1.5499071e-13
-1.5675759e-13
2.5176797e-13
1.8852801e-13
-2.0634457e-13
2.4590692e-13
8.9844114e-14
2.0894935e-13
5.3696764e-15
1.6583397e-13
-4.8847727e-14
1.2418944e-13
-8.4274978e-14
8.7162742e-14
-1.0576018e-13
5.4800713e-14
-1.18705e-13
2.6224791e-14
-1.2641479e-13
-1.305328e-13
1.6355204e-13
1.4375231e-13
-1.1877634e-13
1.7303257e-13
8.0363591e-14
1.5752336e-13
2.087888e-14
1.3196824e-13
-2.3292607e-14
1.0296684e-13
-5.5273572e-14
7.4222083e-14
-7.7015423e-14
4.7072193e-14
-9.1555112e-14
2.22941e-14
-1.016367e-13
-1.082387e-13
1.0653351e-13
-6.9643549e-14
1.0686235e-13
1.2060134e-13
6.6295756e-14
1.1634132e-13
2.5138901e-14
1.019374e-13
-8.8886821e-15
8.2190085e-14
-3.5526258e-14
6.0332868e-14
-5.5158206e-14
3.8109896e-14
-6.933214e-14
1.7506363e-14
-8.1033165e-14
-9.0732336e-14
9.5947276e-13
5.3713825e-13
3.3079368e-13
2.1201733e-13
1.4237378e-13
-2.7109513e-16
-4.9326287e-17
3.2042142e-16
-2.2796078e-16
-4.313435e-17
-1.8989047e-16
-3.807031e-17
-1.5593952e-16
-3.3950949e-17
-1.2530446e-16
-3.0635058e-17
-9.7290277e-17
-2.8014187e-17
-7.12843e-17
-2.6005977e-17
-4.6734942e-17
-2.4549358e-17
-2.3133784e-17
-2.3601158e-17
-2.3133784e-17
-2.6531672e-16
-9.7371462e-17
3.1336189e-16
-2.2323852e-16
-8.5212545e-17
-1.8605157e-16
-7.5257263e-17
-1.5285101e-16
-6.7151513e-17
-1.2286435e-16
-6.0621715e-17
-9.5421199e-17
-5.5457338e-17
-6.9928945e-17
-5.1498231e-17
-4.5852818e-17
-4.8625485e-17
-2.2699025e-17
-4.6754951e-17
-4.5832808e-17
-2.5397257e-16
-1.4292079e-16
2.995219e-16
-2.1395704e-16
-1.2522808e-16
-1.78499e-16
-1.107153e-16
-1.4676988e-16
-9.8880629e-17
-1.1805679e-16
-8.9334811e-17
-9.1736823e-17
-8.1777303e-17
-6.72562e-17
-7.5978853e-17
-4.411281e-17
-7.1768876e-17
-2.1841316e-17
-6.9026445e-17
-6.7674125e-17
-2.3747092e-16
-1.8488487e-16
2.79435e-16
-2.0043028e-16
-1.6226872e-16
-1.6747459e-16
-1.4367099e-16
-1.3788178e-16
-1.2847344e-16
-1.1102268e-16
-1.161939e-16
-8.6341589e-17
-1.064584e-16
-6.3339882e-17
-9.898056e-17
-4.1562084e-17
-9.3546674e-17
-2.0583649e-17
-9.000488e-17
-8.8257774e-17
-2.1639161e-16
2.5385448e-16
-2.2234774e-16
-1.8310646e-16
-1.9555387e-16
-1.5332507e-16
-1.7345239e-16
-1.2645379e-16
-1.5534472e-16
-1.0196539e-16
-1.4068231e-16
-7.9386581e-17
-1.290372e-16
-5.8286964e-17
-1.2008018e-16
-3.8269082e-17
-1.1356456e-16
-1.8959409e-17
-1.0931455e-16
-1.0721718e-16
-2.3306402e-14
-1.4269269e-14
3.7575671e-14
-1.4735128e-14
-8.5712741e-15
-1.0121994e-14
-4.613134e-15
-7.2570868e-15
-2.864907e-15
-5.4167735e-15
-1.8403133e-15
-4.160265e-15
-1.2565085e-15
-3.2689317e-15
-8.9133326e-16
-2.614387e-15
-6.5454471e-16
-2.1206876e-15
-4.9369939e-16
-1.739912e-15
-3.8077561e-16
-1.4407833e-15
-2.9912868e-16
-1.2021198e-15
-2.3866352e-16
-1.0091592e-15
-1.929606e-16
-8.5134534e-16
-1.5781384e-16
-7.2096165e-16
-1.3038369e-16
-6.1225588e-16
-1.0870577e-16
-5.2086454e-16
-9.1391336e-17
-4.4342459e-16
-7.7439952e-17
-3.7730561e-16
-6.6118985e-17
-5.6884189e-17
-1.3226633e-14
-1.7263692e-14
1.6221056e-14
-1.0382288e-14
-1.1415619e-14
-7.9680198e-15
-7.0274023e-15
-6.1446441e-15
-4.6882827e-15
-4.7912953e-15
-3.1936622e-15
-3.7861046e-15
-2.2616992e-15
-3.0313147e-15
-1.6461232e-15
-2.4560845e-15
-1.2297748e-15
-2.0109312e-15
-9.3885276e-16
-1.661313e-15
-7.3039378e-16
-1.3829784e-15
-5.7746328e-16
-1.1586598e-15
-4.6298215e-16
-9.7587483e-16
-3.7574553e-16
-8.2545379e-16
-3.0823488e-16
-7.005539e-16
-2.5528358e-16
-5.9599139e-16
-2.1326828e-16
-5.0778283e-16
-1.795999e-16
-4.3282536e-16
-1.5239743e-16
-3.6867053e-16
-1.3027382e-16
-1.1219282e-16
-6.2890248e-15
-1.567456e-14
4.6998925e-15
-6.3399487e-15
-1.1364695e-14
-5.547182e-15
-7.8201691e-15
-4.6681654e-15
-5.5672993e-15
-3.8602691e-15
-4.0015585e-15
-3.1803133e-15
-2.941655e-15
-2.6241113e-15
-2.2023251e-15
-2.1740644e-15
-1.6798218e-15
-1.810198e-15
-1.3027191e-15
-1.514934e-15
-1.0256578e-15
-1.2739365e-15
-8.1846074e-16
-1.075907e-15
-6.6101159e-16
-9.1204982e-16
-5.3960276e-16
-7.7553354e-16
-4.4475116e-16
-6.6103626e-16
-3.6978086e-16
-5.6438665e-16
-3.0991789e-16
-4.8228994e-16
-2.6169661e-16
-4.1212118e-16
-2.2256619e-16
-3.5176969e-16
-1.9062531e-16
-1.6444061e-16
-1.9627845e-15
-1.3021236e-14
-6.9053959e-16
-3.1401133e-15
-1.0187366e-14
-3.3399588e-15
-7.6203235e-15
-3.1621273e-15
-5.7451308e-15
-2.829509e-15
-4.3341767e-15
-2.4657777e-15
-3.3053864e-15
-2.1202883e-15
-2.5478146e-15
-1.8121711e-15
-1.9879389e-15
-1.5453704e-15
-1.5695199e-15
-1.3176653e-15
-1.2533629e-15
-1.1245485e-15
-1.0115776e-15
-9.6106582e-16
-8.2449424e-16
-8.2256628e-16
-6.7810229e-16
-7.0496772e-16
-5.6234972e-16
-6.0480101e-16
-4.6994758e-16
-5.1916421e-16
-3.9555469e-16
-4.4564639e-16
-3.3521443e-16
-3.8224763e-16
-2.8596495e-16
-3.2730604e-16
-2.455669e-16
-2.1231164e-16
6.7650271e-16
-3.3449869e-15
-1.0352752e-14
-8.6703803e-16
-8.6438253e-15
-1.5750888e-15
-6.9122727e-15
-1.8377595e-15
-5.4824601e-15
-1.8519942e-15
-4.3199421e-15
-1.7458993e-15
-3.4114812e-15
-1.587723e-15
-2.7059909e-15
-1.4147343e-15
-2.1609276e-15
-1.2455645e-15
-1.7386896e-15
-1.0888627e-15
-1.4100647e-15
-9.4787867e-16
-1.1525616e-15
-8.2310157e-16
-9.4927134e-16
-7.1368148e-16
-7.8752238e-16
-6.1819581e-16
-6.5783539e-16
-5.3504746e-16
-5.5309593e-16
-4.6266346e-16
-4.6793869e-16
-3.9958568e-16
-3.9829221e-16
-3.4450474e-16
-3.4104589e-16
-2.9626482e-16
-2.9380682e-16
-2.5472198e-16
7.141318e-14
7.9120625e-14
-4.3671458e-14
8.4788673e-14
5.2920262e-14
8.5366937e-14
2.4560637e-14
7.7286145e-14
-8.0788964e-16
6.3497099e-14
-2.1737212e-14
4.5902797e-14
-3.7563904e-14
2.5038617e-14
-4.846796e-14
-1.8645454e-15
-5.4130003e-14
-5.502121e-14
4.87108e-14
5.8806712e-14
-2.8396887e-14
6.0003958e-14
4.1627103e-14
6.2527896e-14
2.2036699e-14
5.8272625e-14
3.4473813e-15
4.9062695e-14
-1.2527282e-14
3.6385037e-14
-2.4886246e-14
2.1149885e-14
-3.3232808e-14
3.5742836e-15
-3.6554401e-14
-3.5225871e-14
3.3872868e-14
4.4068723e-14
-1.9134879e-14
4.288468e-14
3.2615292e-14
4.5915218e-14
1.900616e-14
4.3858591e-14
5.5040085e-15
3.7812134e-14
-6.4808247e-15
2.8885416e-14
-1.5959528e-14
1.8033017e-14
-2.238041e-14
6.4667227e-15
-2.4988106e-14
-2.4059255e-14
2.3944295e-14
3.3360173e-14
-1.3235745e-14
3.0963802e-14
2.5595785e-14
3.3900544e-14
1.6069418e-14
3.3117313e-14
6.2872394e-15
2.9274255e-14
-2.6377664e-15
2.3181694e-14
-9.8669667e-15
1.5676683e-14
-1.4875399e-14
7.848399e-15
-1.7159822e-14
-1.6901396e-14
1.7187341e-14
-9.3585139e-15
2.5531346e-14
2.2598825e-14
2.0184301e-14
2.5210189e-14
1.3458054e-14
2.5136414e-14
6.3610143e-15
2.2771335e-14
-2.7268724e-16
1.8687437e-14
-5.7830687e-15
1.3544418e-14
-9.7323806e-15
8.177453e-15
-1.1792857e-14
-1.206893e-14
9.8702325e-14
7.0305438e-14
5.117056e-14
3.7934814e-14
2.85763e-14
-2.0413982e-16
-2.5669536e-16
2.3848744e-16
-1.7334171e-16
-2.2635198e-16
-1.4556944e-16
-2.0122466e-16
-1.2034389e-16
-1.8057026e-16
-9.7226149e-17
-1.6380005e-16
-7.5812074e-17
-1.5045128e-16
-5.5726519e-17
-1.4016573e-16
-3.6617386e-17
-1.3267369e-16
-1.8149736e-17
-1.277822e-16
-1.2536692e-16
-1.7168834e-16
-2.8444524e-16
1.9943822e-16
-1.4648048e-16
-2.5155984e-16
-1.2349821e-16
-2.2420694e-16
-1.0242911e-16
-2.0163936e-16
-8.2970171e-17
-1.8325899e-16
-6.4829898e-17
-1.6859155e-16
-4.7728387e-17
-1.5726724e-16
-3.1396095e-17
-1.4900598e-16
-1.5571787e-17
-1.4360651e-16
-1.4093871e-16
-1.3655581e-16
-3.052777e-16
1.5738828e-16
-1.1726784e-16
-2.7084782e-16
-9.9403066e-17
-2.4207171e-16
-8.2809399e-17
-2.1823303e-16
-6.7316979e-17
-1.9875141e-16
-5.2746547e-17
-1.8316198e-16
-3.8914536e-17
-1.7109925e-16
-2.5635986e-17
-1.6228453e-16
-1.2725957e-17
-1.5651654e-16
-1.5366466e-16
-9.9807568e-17
-3.1912923e-16
1.1365909e-16
-8.6560428e-17
-2.8409496e-16
-7.3969286e-17
-2.5466285e-16
-6.2027714e-17
-2.301746e-16
-5.0689637e-17
-2.1008948e-16
-3.9882237e-17
-1.9396938e-16
-2.9514949e-17
-1.8146654e-16
-1.948569e-17
-1.7231379e-16
-9.6851843e-18
-1.6631704e-16
-1.6334985e-16
-6.2452082e-17
-3.2615736e-16
6.9480216e-17
-5.5181254e-17
-2.9136579e-16
-4.7863531e-17
-2.6198057e-16
-4.0617872e-17
-2.3742026e-16
-3.3507733e-17
-2.1719962e-16
-2.6556788e-17
-2.0092033e-16
-1.9760552e-17
-1.8826278e-16
-1.3095015e-17
-1.7897933e-16
-6.5231504e-18
-1.7288891e-16
-1.69873e-16
-2.5393389e-17
-3.2669576e-16
2.5931787e-17
-2.3880865e-17
-2.9287831e-16
-2.1702668e-17
-2.6415877e-16
-1.907985e-17
-2.4004308e-16
-1.6168197e-17
-2.2011128e-16
-1.3075167e-17
-2.0401336e-16
-9.8728986e-18
-1.9146504e-16
-6.6083021e-18
-1.8224393e-16
-3.3110319e-18
-1.7618618e-16
-1.7318403e-16
1.0592757e-17
-1.608083e-17
-3.2120768e-16
6.683899e-18
-2.8896945e-16
3.9645029e-18
-2.6143937e-16
2.1354404e-18
-2.3821402e-16
9.6698351e-19
-2.1894282e-16
2.8202927e-19
-2.033284e-16
-5.7212305e-20
-1.911258e-16
-1.5989428e-19
-1.8214124e-16
-1.1525995e-19
-1.7623081e-16
-1.7329929e-16
2.3950599e-15
-7.8927861e-15
-4.8550254e-15
7.4764714e-16
-6.9964125e-15
-2.3153363e-16
-5.933092e-15
-7.7705862e-16
-4.9369351e-15
-1.0407885e-15
-4.0562122e-15
-1.1351257e-15
-3.317144e-15
-1.1311551e-15
-2.7099615e-15
-1.0739395e-15
-2.2181432e-15
-9.906684e-16
-1.8219608e-15
-8.9739976e-16
-1.5033333e-15
-8.0325476e-16
-1.2467066e-15
-7.1316081e-16
-1.0393653e-15
-6.295425e-16
-8.7114069e-16
-5.533634e-16
-7.3401449e-16
-4.847563e-16
-6.2170302e-16
-4.2340152e-16
-5.2929347e-16
-3.6875095e-16
-4.5294278e-16
-3.2015866e-16
-3.8963818e-16
-2.769551e-16
-3.3701039e-16
-2.9318963e-16
3.2587083e-15
-5.9169369e-15
-5.2345575e-15
1.7949669e-15
-5.5326712e-15
7.954794e-16
-4.9336045e-15
1.4301958e-16
-4.2844753e-15
-2.5800463e-16
-3.655188e-15
-4.8777044e-16
-3.0873782e-15
-6.0424569e-16
-2.5934862e-15
-6.4840503e-16
-2.1739839e-15
-6.4794803e-16
-1.8224178e-15
-6.2122659e-16
-1.5300548e-15
-5.8012637e-16
-1.2878069e-15
-5.3219665e-16
-1.087295e-15
-4.8211838e-16
-9.2121896e-16
-4.3270174e-16
-7.8343113e-16
-3.8554979e-16
-6.6885497e-16
-3.4149584e-16
-5.7334743e-16
-3.0088909e-16
-4.9354953e-16
-2.6378008e-16
-4.2674718e-16
-2.3004023e-16
-3.7075024e-16
-3.2379165e-16
3.6021428e-15
-4.3798357e-15
-5.139244e-15
2.3732682e-15
-4.3037965e-15
1.4534456e-15
-4.0137819e-15
7.9250797e-16
-3.6235376e-15
3.3659623e-16
-3.1992763e-15
3.3694501e-17
-2.7844765e-15
-1.5869716e-16
-2.4010946e-15
-2.7362479e-16
-2.0590562e-15
-3.3552367e-16
-1.7605189e-15
-3.6198303e-16
-1.5035954e-15
-3.6537796e-16
-1.2844119e-15
-3.5427088e-16
-1.0984021e-15
-3.3449629e-16
-9.4099355e-16
-3.0997032e-16
-8.0795709e-16
-2.8327564e-16
-6.9554965e-16
-2.5607663e-16
-6.0054643e-16
-2.2941028e-16
-5.2021588e-16
-2.0388815e-16
-4.5226931e-16
-1.7983576e-16
-3.9480263e-16
-3.4623913e-16
3.6394908e-15
-3.2054458e-15
-4.8138807e-15
2.6411956e-15
-3.3055013e-15
1.8411296e-15
-3.213716e-15
1.2249904e-15
-3.0073984e-15
7.6656428e-16
-2.7408502e-15
4.3508338e-16
-2.4529956e-15
2.0192192e-16
-2.1679331e-15
4.2611321e-17
-1.8997456e-15
-6.2481378e-17
-1.6554262e-15
-1.285385e-16
-1.4375383e-15
-1.6697952e-16
-1.2459709e-15
-1.8622693e-16
-1.0791547e-15
-1.9239716e-16
-9.3482332e-16
-1.8987538e-16
-8.1047888e-16
-1.8176867e-16
-7.0365636e-16
-1.7025206e-16
-6.1206304e-16
-1.5682698e-16
-5.3364096e-16
-1.4251157e-16
-4.6658472e-16
-1.2797928e-16
-4.0933491e-16
-3.6055932e-16
3.5057975e-15
-2.318802e-15
-4.3924413e-15
2.7117929e-15
-2.5114967e-15
2.039556e-15
-2.5414791e-15
1.4926835e-15
-2.4605259e-15
1.0619117e-15
-2.3100784e-15
7.3117761e-16
-2.1222615e-15
4.8279101e-16
-1.9195465e-15
2.9992558e-16
-1.7168802e-15
1.6791098e-16
-1.5234116e-15
7.4594097e-17
-1.3442214e-15
1.0260551e-17
-1.1816374e-15
-3.2663349e-17
-1.0362308e-15
-5.9973053e-17
-9.0751362e-16
-7.6040124e-17
-7.9441181e-16
-8.412382e-17
-6.9557266e-16
-8.6629712e-17
-6.0955715e-16
-8.5316509e-17
-5.3495416e-16
-8.1457454e-17
-4.7044377e-16
-7.5964117e-17
-4.1482825e-16
-3.6704322e-16
3.2845163e-15
-1.655516e-15
-3.9478023e-15
2.6623134e-15
-1.8892938e-15
2.1103684e-15
-1.9895342e-15
1.6402296e-15
-1.990387e-15
1.2522886e-15
-1.9221374e-15
9.4001944e-16
-1.8099923e-15
6.9368588e-16
-1.673213e-15
5.0260089e-16
-1.5257952e-15
3.5651634e-16
-1.377327e-15
2.4630306e-16
-1.2340081e-15
1.6420879e-16
-1.0995431e-15
1.0386191e-16
-9.758839e-16
6.014798e-17
-8.6379968e-16
2.9033314e-17
-7.6329714e-16
7.379528e-18
-6.7391888e-16
-7.2289655e-18
-5.9494866e-16
-1.6634865e-17
-5.2554826e-16
-2.2232931e-17
-4.6484571e-16
-2.507126e-17
-4.1198992e-16
-3.661827e-16
3.0265892e-15
-3.5186908e-15
-1.1634144e-15
2.54452e-15
-1.4072246e-15
2.0987084e-15
-1.5437226e-15
1.70336e-15
-1.5950385e-15
1.3638692e-15
-1.5826466e-15
1.079525e-15
-1.5256481e-15
8.4603056e-16
-1.4397185e-15
6.5729917e-16
-1.3370638e-15
5.0669358e-16
-1.2267214e-15
3.8777287e-16
-1.1150874e-15
2.9469691e-16
-1.0064671e-15
2.2239832e-16
-9.0358532e-16
1.6661333e-16
-8.0801469e-16
1.2383348e-16
-7.2051729e-16
9.1219716e-17
-6.4130512e-16
6.6503836e-17
-5.7023278e-16
4.7891616e-17
-5.0693604e-16
3.3974877e-17
-4.5092897e-16
2.3655352e-17
-4.016704e-16
-3.5860817e-16
1.3241892e-14
1.9418341e-14
-7.1288874e-15
1.7656816e-14
1.5769378e-14
2.0031269e-14
1.1083601e-14
2.0369203e-14
6.0230803e-15
1.8914625e-14
1.1818913e-15
1.6082748e-14
-2.9511919e-15
1.2388475e-14
-6.0381081e-15
8.4568398e-15
-7.8612211e-15
-8.4671154e-15
9.5804549e-15
1.4950998e-14
-5.113112e-15
1.2926937e-14
1.2422896e-14
1.4887599e-14
9.1229384e-15
1.5421258e-14
5.4894214e-15
1.4664393e-14
1.9387561e-15
1.2888646e-14
-1.175445e-15
1.0450417e-14
-3.5998787e-15
7.7707675e-15
-5.1815715e-15
-5.9309054e-15
7.0317846e-15
1.164623e-14
-3.7270161e-15
9.5849459e-15
9.8697344e-15
1.1188082e-14
7.5198018e-15
1.1788341e-14
4.8891624e-15
1.1459403e-14
2.2676943e-15
1.0375594e-14
-9.163593e-17
8.7772563e-15
-2.0015409e-15
6.9450325e-15
-3.3493478e-15
-4.1251169e-15
5.2347332e-15
9.1701303e-15
-2.7586336e-15
7.1992392e-15
7.9052284e-15
8.5057731e-15
6.2132679e-15
9.1033935e-15
4.291542e-15
9.0294754e-15
2.3416124e-15
8.3941055e-15
5.4373398e-16
7.3568338e-15
-9.6426915e-16
6.1044413e-15
-2.0969553e-15
-2.8345563e-15
3.9508832e-15
7.291001e-15
-2.0717538e-15
5.4769694e-15
6.3791422e-15
6.5425664e-15
5.1476708e-15
7.1033083e-15
3.7308002e-15
7.1758839e-15
2.2690367e-15
6.8287208e-15
8.9089704e-16
6.1666646e-15
-3.0221287e-16
5.3142163e-15
-1.244507e-15
-1.9127813e-15
3.0225854e-15
5.8464413e-15
-1.5780258e-15
4.2203136e-15
5.1814141e-15
5.0922794e-15
4.275705e-15
5.6016005e-15
3.2214791e-15
5.753476e-15
2.1171613e-15
5.5896873e-15
1.0546858e-15
5.1786465e-15
1.0882786e-16
4.6035653e-15
-6.6942576e-16
-1.2570183e-15
2.3438602e-15
-1.2188493e-15
4.7214304e-15
3.2940922e-15
4.2311821e-15
4.0113027e-15
3.5584944e-15
4.4655288e-15
2.767253e-15
4.655852e-15
1.9268381e-15
4.6071998e-15
1.1033379e-15
4.3639517e-15
3.5207594e-16
3.9818765e-15
-2.8735047e-16
-7.9383265e-16
2.1447413e-14
1.6334301e-14
1.2607285e-14
9.8486511e-15
7.7768973e-15
6.1988715e-15
4.9800221e-15
4.1969743e-17
-3.1088386e-16
-5.2293565e-17
3.3595512e-17
-2.8059522e-16
2.675074e-17
-2.545946e-16
2.1099058e-17
-2.3256233e-16
1.6369637e-17
-2.142134e-16
1.2342328e-17
-1.9930109e-16
8.8355166e-18
-1.8761899e-16
5.696093e-18
-1.7900182e-16
2.7910123e-18
-1.7332573e-16
-1.7050828e-16
7.1166288e-17
-2.9610251e-16
-8.5947635e-17
5.8665421e-17
-2.6809436e-16
4.7998929e-17
-2.4392811e-16
3.8798021e-17
-2.2336143e-16
3.0755628e-17
-2.0617101e-16
2.3613277e-17
-1.9215874e-16
1.7150034e-17
-1.8115575e-16
1.1173107e-17
-1.7302489e-16
5.5097339e-18
-1.6766236e-16
-1.6499854e-16
9.8143264e-17
-2.7739081e-16
-1.1685497e-16
8.1949941e-17
-2.5190103e-16
6.7820747e-17
-2.2979892e-16
5.5369572e-17
-2.1091025e-16
4.4265841e-17
-1.9506727e-16
3.4223505e-17
-1.8211641e-16
2.4991454e-17
-1.719237e-16
1.6345117e-17
-1.6437856e-16
8.0790141e-18
-1.5939626e-16
-1.5691953e-16
1.2267528e-16
-2.5526923e-16
-1.4479686e-16
1.0323028e-16
-2.3245604e-16
8.6013201e-17
-2.1258183e-16
7.0632746e-17
-1.955298e-16
5.6745459e-17
-1.8117999e-16
4.4046994e-17
-1.6941794e-16
3.2264204e-17
-1.6014091e-16
2.1147975e-17
-1.5326233e-16
1.0466661e-17
-1.4871494e-16
-1.4645287e-16
1.4461555e-16
-2.3023693e-16
-1.6964784e-16
1.2235294e-16
-2.1019344e-16
1.0242673e-16
-1.9265562e-16
8.4449569e-17
-1.7755264e-16
6.8073498e-17
-1.6480392e-16
5.2983485e-17
-1.5432793e-16
3.8891273e-17
-1.460487e-16
2.5529544e-17
-1.399006e-16
1.2646384e-17
-1.3583178e-16
-1.3380649e-16
1.6387925e-16
-2.0276238e-16
-1.913538e-16
1.3921727e-16
-1.8553145e-16
1.1695601e-16
-1.7039437e-16
9.6718373e-17
-1.5731499e-16
7.8158018e-17
-1.4624356e-16
6.0955136e-17
-1.3712505e-16
4.4811971e-17
-1.2990553e-16
2.9448334e-17
-1.2453696e-16
1.4597139e-17
-1.2098059e-16
-1.1920935e-16
1.8043043e-16
-1.7327766e-16
-2.0991516e-16
1.5376525e-16
-1.5886627e-16
1.2953216e-16
-1.4616127e-16
1.0736786e-16
-1.3515069e-16
8.69317e-17
-1.258074e-16
6.7903309e-17
-1.1809666e-16
4.9979707e-17
-1.1198193e-16
3.2872102e-17
-1.0742936e-16
1.6302466e-17
-1.0441095e-16
-1.0290688e-16
1.942648e-16
-2.2536309e-16
-1.4217937e-16
1.6596961e-16
-1.3057109e-16
1.4011468e-16
-1.2030634e-16
1.1635198e-16
-1.11388e-16
9.4348769e-17
-1.0380419e-16
7.3786854e-17
-9.753474e-17
5.4361125e-17
-9.2556202e-17
3.5777478e-17
-8.884571e-17
1.7750357e-17
-8.6383831e-17
-8.5156523e-17
2.6381217e-15
-8.1576726e-16
-2.9857688e-15
2.2831792e-15
-1.0522821e-15
1.9422831e-15
-1.2028266e-15
1.6289742e-15
-1.2817297e-15
1.350443e-15
-1.3041154e-15
1.1090872e-15
-1.2842923e-15
9.0409179e-16
-1.2347231e-15
7.3269805e-16
-1.1656701e-15
5.9116418e-16
-1.0851876e-15
4.7541964e-16
-9.9934289e-16
3.8147871e-16
-9.125262e-16
3.0567389e-16
-8.277805e-16
2.4476616e-16
-7.4710695e-16
1.959761e-16
-6.7172723e-16
1.5696824e-16
-6.0229726e-16
1.2581064e-16
-5.3907518e-16
1.0092388e-16
-4.8204928e-16
8.1028142e-17
-4.3103323e-16
6.50932e-17
-3.8573546e-16
-3.4580854e-16
2.4079368e-15
-5.5885031e-16
-2.6648537e-15
2.1343872e-15
-7.7873257e-16
1.8619609e-15
-9.3040023e-16
1.6031207e-15
-1.0228895e-15
1.3656427e-15
-1.0666374e-15
1.1535032e-15
-1.0721528e-15
9.6788457e-16
-1.0491045e-15
8.080758e-16
-1.0058613e-15
6.7221093e-16
-9.493227e-16
5.5782095e-16
-8.8495291e-16
4.6221922e-16
-8.1692447e-16
3.8275078e-16
-7.4831205e-16
3.1693948e-16
-6.8129566e-16
2.6256311e-16
-6.1735086e-16
2.1768054e-16
-5.5741468e-16
1.8062915e-16
-5.0202379e-16
1.5000535e-16
-4.5142548e-16
1.2463671e-16
-4.056646e-16
1.0355135e-16
-3.6465009e-16
-3.2820483e-16
2.1951686e-15
-3.7121853e-16
-2.3828003e-15
1.9860637e-15
-5.6962773e-16
1.7699861e-15
-7.1432264e-16
1.5578922e-15
-8.1079557e-16
1.3573562e-15
-8.6610134e-16
1.1730283e-15
-8.878249e-16
1.0072463e-15
-8.833225e-16
8.6064577e-16
-8.5926079e-16
7.3270228e-16
-8.2137921e-16
6.2216959e-16
-7.7442022e-16
5.2741082e-16
-7.221657e-16
4.4663313e-16
-6.6753436e-16
3.7804377e-16
-6.127063e-16
3.1994599e-16
-5.5925308e-16
2.7079146e-16
-5.0826015e-16
2.2920294e-16
-4.6043527e-16
1.9397766e-16
-4.1620019e-16
1.6407899e-16
-3.7576593e-16
1.386218e-16
-3.391929e-16
-3.0643799e-16
2.0039314e-15
-2.3634549e-16
-2.1388045e-15
1.8455016e-15
-4.1119789e-16
1.6752236e-15
-5.4404465e-16
1.502474e-15
-6.38046e-16
1.3342348e-15
-6.9786208e-16
1.1752882e-15
-7.2887834e-16
1.0285649e-15
-7.3659915e-16
8.9553834e-16
-7.2623427e-16
7.7660733e-16
-7.024482e-16
6.7142787e-16
-6.6924077e-16
5.7918245e-16
-6.2992028e-16
4.9878499e-16
-5.8713689e-16
4.2902891e-16
-5.4295022e-16
3.6868827e-16
-4.9891244e-16
3.1658246e-16
-4.5615434e-16
2.7161389e-16
-4.1546671e-16
2.3278686e-16
-3.7737316e-16
1.9921344e-16
-3.4219252e-16
1.7011134e-16
-3.100908e-16
-2.8112351e-16
1.8358511e-15
-1.4151019e-16
-1.9306864e-15
1.7170088e-15
-2.9235559e-16
1.5835574e-15
-4.1059324e-16
1.4433966e-15
-4.9788529e-16
1.3027621e-15
-5.5722758e-16
1.1662654e-15
-5.9238156e-16
1.0370698e-15
-6.0740363e-16
9.1713221e-16
-6.0629664e-16
8.0746016e-16
-5.9277614e-16
7.0835443e-16
-5.7013504e-16
6.1961819e-16
-5.4118405e-16
5.4072707e-16
-5.0824577e-16
4.7096044e-16
-4.7318359e-16
4.0949817e-16
-4.3745017e-16
3.554886e-16
-4.0214476e-16
3.0809387e-16
-3.6807199e-16
2.6651813e-16
-3.3579742e-16
2.300232e-16
-3.0569759e-16
1.9793564e-16
-2.7800324e-16
-2.5283572e-16
1.691128e-15
-7.692453e-17
-1.7557136e-15
1.602991e-15
-2.0421859e-16
1.4988359e-15
-3.064382e-16
1.3852681e-15
-3.8431747e-16
1.2677596e-15
-4.3971911e-16
1.150603e-15
-4.7522489e-16
1.0369782e-15
-4.9377885e-16
9.2908758e-16
-4.9840605e-16
8.2832097e-16
-4.9200952e-16
7.3542509e-16
-4.7723916e-16
6.5066055e-16
-4.5641951e-16
5.7393744e-16
-4.3152266e-16
5.0492646e-16
-4.0417261e-16
4.4314614e-16
-3.7566985e-16
3.8802856e-16
-3.4702718e-16
3.3896705e-16
-3.1901048e-16
2.9534932e-16
-2.9217969e-16
2.5657931e-16
-2.6692758e-16
2.2209063e-16
-2.4351455e-16
-2.2209889e-16
1.5691555e-15
-3.505269e-17
-1.6110273e-15
1.5046261e-15
-1.396892e-16
1.423499e-15
-2.2531113e-16
1.3312932e-15
-2.921116e-16
1.2327752e-15
-3.4120118e-16
1.131868e-15
-3.7431762e-16
1.0316504e-15
-3.9356127e-16
9.3442026e-16
-4.0117594e-16
8.4179254e-16
-3.9938181e-16
7.5481248e-16
-3.902591e-16
6.7406932e-16
-3.7567636e-16
5.9980105e-16
-3.5725439e-16
5.3198539e-16
-3.3635696e-16
4.7041548e-16
-3.1409993e-16
4.1476035e-16
-2.9137205e-16
3.6461171e-16
-2.6886184e-16
3.1951895e-16
-2.4708693e-16
2.790145e-16
-2.2642313e-16
2.4263144e-16
-2.0713149e-16
-1.893826e-16
1.4690359e-15
-1.4940878e-15
-1.0000772e-17
1.422368e-15
-9.3021355e-17
1.3590075e-15
-1.6195063e-16
1.2835955e-15
-2.1669959e-16
1.2002894e-15
-2.5789501e-16
1.1126497e-15
-2.8667799e-16
1.0236015e-15
-3.0451298e-16
9.3544858e-16
-3.1302306e-16
8.499257e-16
-3.1385893e-16
7.6826942e-16
-3.0860282e-16
6.9129778e-16
-2.9870472e-16
6.1948918e-16
-2.8544579e-16
5.5305529e-16
-2.6992307e-16
4.9200509e-16
-2.5304973e-16
4.3619889e-16
-2.3556585e-16
3.8539245e-16
-2.180554e-16
3.3927195e-16
-2.0096642e-16
2.9748087e-16
-1.8463206e-16
2.5964022e-16
-1.6929084e-16
-1.5510547e-16
1.7660512e-15
3.8705488e-15
-9.1516953e-16
2.4965052e-15
3.5007281e-15
3.0649866e-15
2.990013e-15
3.4484261e-15
2.3838135e-15
3.6431219e-15
1.7321423e-15
3.6629764e-15
1.0834834e-15
3.5355683e-15
4.7948402e-16
3.2969612e-15
-4.8743406e-17
-4.8264022e-16
1.4212087e-15
3.1834932e-15
-7.341532e-16
2.0196034e-15
2.9023335e-15
2.497811e-15
2.5118054e-15
2.8371778e-15
2.0444467e-15
3.0327765e-15
1.5365436e-15
3.0924067e-15
1.0238533e-15
3.0340577e-15
5.3783297e-16
2.8824104e-15
1.0290389e-16
-2.6508351e-16
1.1586029e-15
2.621659e-15
-5.9676858e-16
1.6543828e-15
2.4065535e-15
2.0599694e-15
2.1062187e-15
2.3602768e-15
1.7441394e-15
2.5500184e-15
1.346802e-15
2.6331662e-15
9.4070547e-16
2.6213228e-15
5.4967637e-16
2.5313751e-15
1.9285159e-16
-1.1650875e-16
9.5732398e-16
2.1561194e-15
-4.9178447e-16
1.3730372e-15
1.9908403e-15
1.7202528e-15
1.7590031e-15
1.9867296e-15
1.4776626e-15
2.1672813e-15
1.1662503e-15
2.2635085e-15
8.4447836e-16
2.2827605e-15
5.3042429e-16
2.2365674e-15
2.3904476e-16
-1.8745873e-17
8.0242765e-16
1.7649017e-15
-4.1120987e-16
1.1555459e-15
1.6377221e-15
1.4559524e-15
1.4585966e-15
1.6936519e-15
1.239963e-15
1.86378e-15
9.9612219e-16
1.9664929e-15
7.4176545e-16
2.0063124e-15
4.9060483e-16
1.9910772e-15
2.5427998e-16
4.1644955e-17
6.8307783e-16
1.4310972e-15
-3.4927336e-16
9.8729709e-16
1.3335028e-15
1.2503364e-15
1.1955574e-15
1.4639592e-15
1.0263401e-15
1.6237054e-15
8.3637599e-16
1.728872e-15
6.3659891e-16
1.7821039e-15
4.3737288e-16
1.7886935e-15
2.4769039e-16
7.4624843e-17
5.913475e-16
1.1415178e-15
-3.0176809e-16
8.5753634e-16
1.067314e-15
1.0909811e-15
9.6211264e-16
1.284809e-15
8.3251212e-16
1.434969e-15
6.8621604e-16
1.5402621e-15
5.3130578e-16
1.6020911e-15
3.7554385e-16
1.6239911e-15
2.257904e-16
8.7588656e-17
5.2165294e-16
-2.6573936e-16
8.8560422e-16
7.5865103e-16
8.3031587e-16
9.6902886e-16
7.5173481e-16
1.1469542e-15
6.5458676e-16
1.2887475e-15
5.4442276e-16
1.3929388e-15
4.2711447e-16
1.4601176e-15
3.0836505e-16
1.4926166e-15
1.9329139e-16
8.6117469e-17
4.0648526e-15
3.3306994e-15
2.7339308e-15
2.2421464e-15
1.8309365e-15
1.4816631e-15
1.179895e-15
9.1415568e-16
6.5846758e-17
-7.6274017e-17
-1.3175211e-16
5.6329031e-17
-1.2105336e-16
4.7607182e-17
-1.1158449e-16
3.9570711e-17
-1.0335153e-16
3.2112749e-17
-9.6346229e-17
2.513013e-17
-9.0552121e-17
1.8523146e-17
-8.5949218e-17
1.2195086e-17
-8.251765e-17
6.0516059e-18
-8.0240351e-17
-7.9104917e-17
4.6245938e-16
-4.6795845e-16
-4.5016989e-18
4.5011449e-16
-8.0676465e-17
4.3234511e-16
-1.4418126e-16
4.1051841e-16
-1.9487288e-16
3.8588451e-16
-2.3326111e-16
3.5953782e-16
-2.603313e-16
3.3239899e-16
-2.7737415e-16
3.0521322e-16
-2.8583729e-16
2.7855981e-16
-2.8720552e-16
2.5286894e-16
-2.8291194e-16
2.2844195e-16
-2.7427773e-16
2.0547269e-16
-2.6247654e-16
1.8406809e-16
-2.4851847e-16
1.6426681e-16
-2.3324845e-16
1.4605557e-16
-2.1735461e-16
1.2938284e-16
-2.0138268e-16
1.1417009e-16
-1.8575367e-16
1.0032064e-16
-1.707826e-16
8.7726585e-17
-1.5669679e-16
-1.436529e-16
1.5897703e-16
-8.0907737e-17
8.0753493e-16
2.3157202e-16
7.5772088e-16
2.9643898e-16
6.8686784e-16
3.5184321e-16
5.9918254e-16
3.9665048e-16
4.9961549e-16
4.3034866e-16
3.9341629e-16
4.5301279e-16
2.8570092e-16
4.6522419e-16
1.8107999e-16
8.3383201e-17
8.3324794e-16
2.0411004e-16
-9.9735833e-17
-2.3612632e-16
1.7480405e-16
-9.1747364e-17
1.47881e-16
-8.4661445e-17
1.2301837e-16
-7.8488894e-17
9.9900777e-17
-7.3228636e-17
7.822102e-17
-6.8872365e-17
5.7680029e-17
-6.5408227e-17
3.7986048e-17
-6.2823669e-17
1.8853252e-17
-6.1107554e-17
-6.0251666e-17
2.1146209e-16
-6.6922347e-17
-2.4427557e-16
1.8133028e-16
-6.1615554e-17
1.5356952e-16
-5.6900686e-17
1.2786861e-16
-5.2787983e-17
1.0391916e-16
-4.9279187e-17
8.1417515e-17
-4.6370721e-17
6.0065495e-17
-4.4056208e-17
3.9570246e-17
-4.232842e-17
1.9643438e-17
-4.1180746e-17
-4.0608228e-17
2.1634602e-16
-3.3589099e-17
-2.4967927e-16
1.8567225e-16
-3.0941783e-17
1.5735899e-16
-2.8587429e-17
1.3110307e-16
-2.6532067e-17
1.066012e-16
-2.4777314e-17
8.3552457e-17
-2.3321977e-17
6.165958e-17
-2.2163331e-17
4.0629269e-17
-2.1298109e-17
2.0171779e-17
-2.0723255e-17
-2.043645e-17
2.1878171e-16
-2.5237081e-16
1.8783993e-16
1.592525e-16
1.3272044e-16
1.0794312e-16
8.4621145e-17
6.2457814e-17
4.1159705e-17
2.043645e-17
1.340701e-15
4.9231338e-18
-1.3501258e-15
1.3113443e-15
-5.1319805e-17
1.2658235e-15
-9.8660462e-17
1.2078407e-15
-1.3689004e-16
1.1408531e-15
-1.6627353e-16
1.0679535e-15
-1.8743166e-16
9.9180363e-16
-2.0122432e-16
9.1461227e-16
-2.0864593e-16
8.3814535e-16
-2.1073859e-16
7.6375891e-16
-2.085255e-16
6.9244509e-16
-2.0296391e-16
6.2488406e-16
-1.9491552e-16
5.6149676e-16
-1.8513116e-16
5.0249475e-16
-1.7424644e-16
4.4792523e-16
-1.627851e-16
3.9771016e-16
-1.511676e-16
3.5167906e-16
-1.3972257e-16
3.0959597e-16
-1.2869951e-16
2.7118087e-16
-1.1828169e-16
-1.0859835e-16
1.2891349e-15
7.0801618e-18
-1.2912919e-15
1.2677942e-15
-2.9979102e-17
1.2305147e-15
-6.1381011e-17
1.1805667e-15
-8.6941981e-17
1.1210793e-15
-1.0678621e-16
1.0549215e-15
-1.2127383e-16
9.8462554e-16
-1.3092835e-16
9.123497e-16
-1.3637009e-16
8.3987109e-16
-1.3825998e-16
7.6860085e-16
-1.3725527e-16
6.9961448e-16
-1.3397753e-16
6.3369068e-16
-1.2899172e-16
5.7135398e-16
-1.2279446e-16
5.1291727e-16
-1.1580972e-16
4.5852193e-16
-1.0838976e-16
4.0817408e-16
-1.0081975e-16
3.6177607e-16
-9.3324567e-17
3.1915318e-16
-8.6076617e-17
2.800755e-16
-7.9204011e-17
-7.2798424e-17
1.2551398e-15
4.6456832e-18
-1.2527053e-15
1.238911e-15
-1.3750372e-17
1.2069292e-15
-2.9399153e-17
1.1621836e-15
-4.2196399e-17
1.1075866e-15
-5.2189218e-17
1.0458549e-15
-5.9542155e-17
9.7942899e-16
-6.4502414e-17
9.1042649e-16
-6.7367593e-17
8.4062455e-16
-6.8458046e-17
7.7146417e-16
-6.8094887e-17
7.0407045e-16
-6.6583814e-17
6.3928302e-16
-6.4204286e-17
5.7769184e-16
-6.1203285e-17
5.1967484e-16
-5.7792715e-17
4.654346e-16
-5.4149516e-17
4.1503248e-16
-5.0417636e-17
3.6841908e-16
-4.6711167e-17
3.2546055e-16
-4.3118086e-17
2.8596073e-16
-3.9704194e-17
-3.651696e-17
1.2382727e-15
-1.233627e-15
1.2245223e-15
1.1951232e-15
1.1529268e-15
1.1007376e-15
1.0411954e-15
9.76693e-16
9.0932541e-16
8.4086736e-16
7.7277247e-16
7.0618866e-16
6.4198437e-16
5.8078109e-16
5.2298837e-16
4.6883886e-16
4.1842122e-16
3.7171005e-16
3.2859197e-16
2.8888777e-16
4.4672424e-16
5.8794572e-16
-2.2713502e-16
6.5173202e-16
5.527131e-16
8.3608806e-16
5.025118e-16
9.9503953e-16
4.4023107e-16
1.1253691e-15
3.6928592e-16
1.2254662e-15
2.933192e-16
1.295258e-15
2.1590913e-16
1.3360236e-15
1.403144e-16
6.9280956e-17
4.1492854e-16
3.8376359e-16
-2.1074641e-16
6.0639728e-16
3.6124436e-16
7.7979193e-16
3.2911716e-16
9.3083411e-16
2.8918889e-16
1.0565179e-15
2.436021e-16
1.1551849e-15
1.9465226e-16
1.226487e-15
1.4460697e-16
1.2712544e-15
9.5546984e-17
4.9243501e-17
3.9453142e-16
1.8947232e-16
-2.0024015e-16
5.7728191e-16
1.7849386e-16
7.4357954e-16
1.6281953e-16
8.8944986e-16
1.4331856e-16
1.0120283e-15
1.2102369e-16
1.1096363e-15
9.7044229e-17
1.1817635e-15
7.2479809e-17
1.2289665e-15
4.8343979e-17
2.5504685e-17
3.8459868e-16
-1.9512636e-16
5.6309254e-16
7.2591207e-16
8.6923063e-16
9.9025433e-16
1.0872986e-15
1.1597784e-15
1.2081223e-15
6.0611292e-16
3.953665e-16
1.9512636e-16
)
;

boundaryField
{
    needle_inlet_left
    {
        type            calculated;
        value           uniform 0;
    }
    needle_inlet_right
    {
        type            calculated;
        value           uniform 0;
    }
    needle_outlet_left
    {
        type            calculated;
        value           uniform 0;
    }
    needle_outlet_right
    {
        type            calculated;
        value           uniform 0;
    }
    sclera_left_lower
    {
        type            calculated;
        value           uniform 0;
    }
    sclera_left_upper
    {
        type            calculated;
        value           uniform 0;
    }
    sclera_right
    {
        type            calculated;
        value           uniform 0;
    }
    sclera_right_upper
    {
        type            calculated;
        value           uniform 0;
    }
    sclera_top
    {
        type            calculated;
        value           uniform 0;
    }
    cornea_fsi
    {
        type            calculated;
        value           uniform 0;
    }
    lens_bottom
    {
        type            calculated;
        value           uniform 0;
    }
    lens_bottom_left
    {
        type            calculated;
        value           uniform 0;
    }
    lens_right
    {
        type            calculated;
        value           uniform 0;
    }
    lens_left
    {
        type            calculated;
        value           uniform 0;
    }
    lens_top
    {
        type            calculated;
        value           uniform 0;
    }
    lens_top_left
    {
        type            calculated;
        value           uniform 0;
    }
    iris_bottom
    {
        type            calculated;
        value           uniform 0;
    }
    iris_pupil
    {
        type            calculated;
        value           uniform 0;
    }
    iris_pupil_left
    {
        type            calculated;
        value           uniform 0;
    }
    iris_top
    {
        type            calculated;
        value           uniform 0;
    }
    tm_limbus_wall
    {
        type            calculated;
        value           uniform 0;
    }
    ac_inlet
    {
        type            calculated;
        value           nonuniform List<scalar> 5(-5.2188234e-12 -5.2188234e-12 -4.8709022e-12 -4.8709012e-12 -4.8709022e-12);
    }
    ac_inlet_left
    {
        type            calculated;
        value           nonuniform List<scalar> 5(-5.2188234e-12 -5.2188234e-12 -4.8709022e-12 -4.8709012e-12 -4.8709022e-12);
    }
    outlet_tm
    {
        type            calculated;
        value           nonuniform List<scalar> 4(5.4625881e-12 5.4625885e-12 5.4625885e-12 5.4625882e-12);
    }
    outlet_tm_left
    {
        type            calculated;
        value           nonuniform List<scalar> 4(5.4625881e-12 5.4625885e-12 5.4625885e-12 5.4625882e-12);
    }
    front
    {
        type            empty;
    }
    back
    {
        type            empty;
    }
    defaultFaces
    {
        type            calculated;
        value           uniform 0;
    }
    needle_int_inlet_master
    {
        type            calculated;
        value           uniform 0;
    }
    needle_int_inlet_slave
    {
        type            calculated;
        value           uniform 0;
    }
    needle_int_outlet_master
    {
        type            calculated;
        value           uniform 3.2e-12;
    }
    needle_int_outlet_slave
    {
        type            calculated;
        value           uniform 3.2e-12;
    }
}


// ************************************************************************* //
