/*--------------------------------*- C++ -*----------------------------------*\
| =========                 |                                                 |
| \\      /  F ield         | OpenFOAM: The Open Source CFD Toolbox           |
|  \\    /   O peration     | Version:  2512                                  |
|   \\  /    A nd           | Website:  www.openfoam.com                      |
|    \\/     M anipulation  |                                                 |
\*---------------------------------------------------------------------------*/
FoamFile
{
    version     2.0;
    format      ascii;
    arch        "LSB;label=32;scalar=64";
    class       volVectorField;
    location    "19.3";
    object      Force;
}
// * * * * * * * * * * * * * * * * * * * * * * * * * * * * * * * * * * * * * //

dimensions      [1 1 -2 0 0 0 0];

internalField   uniform (0 0 0);

boundaryField
{
    needle_inlet_left
    {
        type            calculated;
        value           uniform (0 0 0);
    }
    needle_inlet_right
    {
        type            calculated;
        value           uniform (0 0 0);
    }
    needle_outlet_left
    {
        type            calculated;
        value           uniform (0 0 0);
    }
    needle_outlet_right
    {
        type            calculated;
        value           uniform (0 0 0);
    }
    sclera_left_lower
    {
        type            calculated;
        value           nonuniform List<vector> 7((-0.00034934338 -4.8779589e-12 0) (-0.00026200754 2.9314879e-12 0) (-0.00026200753 1.0368003e-12 0) (-0.00035807696 3.592614e-13 0) (-0.00035807695 2.0466878e-13 0) (-0.00035807695 1.2979005e-13 0) (-0.00035807695 -7.4497445e-15 0));
    }
    sclera_left_upper
    {
        type            calculated;
        value           nonuniform List<vector> 
29
(
(-0.00044022559 3.3877552e-12 0)
(-0.00043664805 1.3667889e-12 0)
(-0.00043353738 1.0120414e-12 0)
(-0.00043187849 6.1734492e-13 0)
(-0.00043073711 4.2688522e-13 0)
(-0.0004299833 2.9389874e-13 0)
(-0.0004294539 2.0985824e-13 0)
(-0.00042907664 1.5225372e-13 0)
(-0.00042880108 1.1260667e-13 0)
(-0.00042859639 8.4502685e-14 0)
(-0.00045903951 6.8345099e-14 0)
(-0.00045890566 5.1819336e-14 0)
(-0.0004588051 3.9849295e-14 0)
(-0.0004587267 3.1017415e-14 0)
(-0.00045866539 2.441497e-14 0)
(-0.00045861603 1.9406574e-14 0)
(-0.00045857826 1.5559742e-14 0)
(-0.000436894 1.202321e-14 0)
(-0.00043687093 9.8477074e-15 0)
(-0.00043685202 8.0859717e-15 0)
(-0.00043683649 6.6425109e-15 0)
(-0.00043682375 5.4424738e-15 0)
(-0.00043681334 4.430388e-15 0)
(-0.00043680492 3.5610924e-15 0)
(-0.00043679821 2.80759e-15 0)
(-0.00042787753 1.8921391e-15 0)
(-0.00042787422 1.3144472e-15 0)
(-0.00042787206 7.7575972e-16 0)
(-0.00042787099 1.1488835e-16 0)
)
;
    }
    sclera_right
    {
        type            calculated;
        value           nonuniform List<vector> 7((0.00034934338 -4.8779588e-12 0) (0.00026200754 2.9314879e-12 0) (0.00026200753 1.0368003e-12 0) (0.00035807696 3.592614e-13 0) (0.00035807695 2.0466878e-13 0) (0.00035807695 1.2979006e-13 0) (0.00035807695 -7.449742e-15 0));
    }
    sclera_right_upper
    {
        type            calculated;
        value           nonuniform List<vector> 
29
(
(0.00044022559 3.3877552e-12 0)
(0.00043664805 1.3667889e-12 0)
(0.00043353738 1.0120414e-12 0)
(0.00043187849 6.1734492e-13 0)
(0.00043073711 4.2688522e-13 0)
(0.0004299833 2.9389874e-13 0)
(0.0004294539 2.0985824e-13 0)
(0.00042907664 1.5225372e-13 0)
(0.00042880108 1.1260667e-13 0)
(0.00042859639 8.4502685e-14 0)
(0.00045903951 6.8345099e-14 0)
(0.00045890566 5.1819336e-14 0)
(0.0004588051 3.9849295e-14 0)
(0.0004587267 3.1017415e-14 0)
(0.00045866539 2.441497e-14 0)
(0.00045861603 1.9406574e-14 0)
(0.00045857826 1.5559742e-14 0)
(0.000436894 1.202321e-14 0)
(0.00043687093 9.8477074e-15 0)
(0.00043685202 8.0859717e-15 0)
(0.00043683649 6.6425109e-15 0)
(0.00043682375 5.4424738e-15 0)
(0.00043681334 4.430388e-15 0)
(0.00043680492 3.5610924e-15 0)
(0.00043679821 2.80759e-15 0)
(0.00042787753 1.8921391e-15 0)
(0.00042787422 1.3144472e-15 0)
(0.00042787206 7.7575972e-16 0)
(0.00042787099 1.1488835e-16 0)
)
;
    }
    sclera_top
    {
        type            calculated;
        value           nonuniform List<vector> 
80
(
(-3.052446e-17 0.00044554704 0)
(-9.2003422e-17 0.00044554716 0)
(-1.5477448e-16 0.00044554742 0)
(-2.1970533e-16 0.0004455478 0)
(-2.8767228e-16 0.00044554833 0)
(-3.5956189e-16 0.000445549 0)
(-4.3627074e-16 0.00044554982 0)
(-5.1870267e-16 0.0004455508 0)
(-6.0776261e-16 0.00044555196 0)
(-7.0434612e-16 0.00044555332 0)
(-8.0932363e-16 0.00044555488 0)
(-9.2351823e-16 0.00044555667 0)
(-1.0476756e-15 0.0004455587 0)
(-1.1824251e-15 0.000445561 0)
(-1.3282304e-15 0.00044556359 0)
(-1.4853286e-15 0.0004455665 0)
(-1.6536581e-15 0.00044556973 0)
(-1.8327739e-15 0.00044557333 0)
(-2.0217516e-15 0.00044557731 0)
(-2.2190845e-15 0.00044558169 0)
(-2.4225749e-15 0.00044558648 0)
(-2.629229e-15 0.00044559169 0)
(-2.8351642e-15 0.00044559733 0)
(-3.03554e-15 0.00044560339 0)
(-3.22453e-15 0.00044560985 0)
(-3.3953496e-15 0.00044561668 0)
(-3.5403608e-15 0.00044562384 0)
(-3.6512668e-15 0.00044563126 0)
(-3.7194122e-15 0.00044563887 0)
(-3.7361902e-15 0.00044564657 0)
(-3.6935497e-15 0.00044565424 0)
(-3.5845792e-15 0.00044566175 0)
(-3.4041275e-15 0.00044566897 0)
(-3.1494072e-15 0.00044567573 0)
(-2.8205153e-15 0.0004456819 0)
(-2.4208039e-15 0.00044568731 0)
(-1.9570395e-15 0.00044569183 0)
(-1.4393093e-15 0.00044569534 0)
(-8.8065487e-16 0.00044569774 0)
(-1.620134e-16 0.00044569895 0)
(7.0434612e-16 0.00044555332 0)
(6.0776261e-16 0.00044555196 0)
(5.1870267e-16 0.0004455508 0)
(4.3627074e-16 0.00044554982 0)
(3.5956189e-16 0.000445549 0)
(2.8767228e-16 0.00044554833 0)
(2.1970533e-16 0.0004455478 0)
(1.5477448e-16 0.00044554742 0)
(9.2003421e-17 0.00044554716 0)
(3.0524459e-17 0.00044554704 0)
(3.7361902e-15 0.00044564657 0)
(3.7194122e-15 0.00044563887 0)
(3.6512668e-15 0.00044563126 0)
(3.5403608e-15 0.00044562384 0)
(3.3953497e-15 0.00044561668 0)
(3.22453e-15 0.00044560985 0)
(3.03554e-15 0.00044560339 0)
(2.8351642e-15 0.00044559733 0)
(2.629229e-15 0.00044559169 0)
(2.4225749e-15 0.00044558648 0)
(2.2190845e-15 0.00044558169 0)
(2.0217516e-15 0.00044557731 0)
(1.8327739e-15 0.00044557333 0)
(1.6536581e-15 0.00044556973 0)
(1.4853286e-15 0.0004455665 0)
(1.3282304e-15 0.00044556359 0)
(1.1824251e-15 0.000445561 0)
(1.0476756e-15 0.0004455587 0)
(9.2351823e-16 0.00044555667 0)
(8.0932363e-16 0.00044555488 0)
(8.8065487e-16 0.00044569774 0)
(1.4393093e-15 0.00044569534 0)
(1.9570395e-15 0.00044569183 0)
(2.4208039e-15 0.00044568731 0)
(2.8205153e-15 0.0004456819 0)
(3.1494072e-15 0.00044567573 0)
(3.4041275e-15 0.00044566897 0)
(3.5845792e-15 0.00044566175 0)
(3.6935497e-15 0.00044565424 0)
(1.620134e-16 0.00044569895 0)
)
;
    }
    cornea_fsi
    {
        type            calculated;
        value           nonuniform List<vector> 
80
(
(8.480913e-14 -0.00043667922 0)
(2.4509784e-13 -0.00043667922 0)
(4.011353e-13 -0.00043667922 0)
(5.748873e-13 -0.00043667922 0)
(7.7147121e-13 -0.00043667922 0)
(9.8467664e-13 -0.00043667922 0)
(1.2027451e-12 -0.00043667922 0)
(1.4116457e-12 -0.00043667922 0)
(1.5974043e-12 -0.00043667922 0)
(1.7485632e-12 -0.00043667922 0)
(1.8588075e-12 -0.00043667922 0)
(1.929239e-12 -0.00043667922 0)
(1.9672275e-12 -0.00043667922 0)
(1.9823845e-12 -0.00043667922 0)
(1.9836068e-12 -0.00043667922 0)
(1.9777313e-12 -0.00043667922 0)
(1.9692586e-12 -0.00043667922 0)
(1.96072e-12 -0.00043667922 0)
(1.9532939e-12 -0.00043667922 0)
(1.9473042e-12 -0.00043667922 0)
(1.9426152e-12 -0.00043667922 0)
(1.9388947e-12 -0.00043667922 0)
(1.9357781e-12 -0.00043667922 0)
(1.9329791e-12 -0.00043667922 0)
(1.9303879e-12 -0.00043667922 0)
(1.9281962e-12 -0.00043667922 0)
(1.927092e-12 -0.00043667921 0)
(1.9285892e-12 -0.00043667921 0)
(1.9355007e-12 -0.00043667921 0)
(1.9526149e-12 -0.00043667921 0)
(1.9876312e-12 -0.00043667921 0)
(2.0522648e-12 -0.00043667921 0)
(2.1631372e-12 -0.00043667921 0)
(2.3412252e-12 -0.00043667921 0)
(2.6075618e-12 -0.00043667921 0)
(2.9748201e-12 -0.00043667921 0)
(3.4173628e-12 -0.00043667921 0)
(3.8780748e-12 -0.00043667921 0)
(1.9781338e-12 -0.00043667921 0)
(2.9729164e-12 -0.00043667922 0)
(-1.7485634e-12 -0.00043667922 0)
(-1.5974044e-12 -0.00043667922 0)
(-1.4116456e-12 -0.00043667922 0)
(-1.2027449e-12 -0.00043667922 0)
(-9.8467619e-13 -0.00043667922 0)
(-7.7147059e-13 -0.00043667922 0)
(-5.748865e-13 -0.00043667922 0)
(-4.0113433e-13 -0.00043667922 0)
(-2.4509678e-13 -0.00043667922 0)
(-8.4808001e-14 -0.00043667922 0)
(-1.9526152e-12 -0.00043667921 0)
(-1.9355009e-12 -0.00043667921 0)
(-1.9285894e-12 -0.00043667921 0)
(-1.9270923e-12 -0.00043667921 0)
(-1.9281964e-12 -0.00043667922 0)
(-1.9303881e-12 -0.00043667922 0)
(-1.9329794e-12 -0.00043667922 0)
(-1.9357785e-12 -0.00043667922 0)
(-1.938895e-12 -0.00043667922 0)
(-1.9426156e-12 -0.00043667922 0)
(-1.9473046e-12 -0.00043667922 0)
(-1.9532943e-12 -0.00043667922 0)
(-1.9607204e-12 -0.00043667922 0)
(-1.969259e-12 -0.00043667922 0)
(-1.9777317e-12 -0.00043667922 0)
(-1.9836072e-12 -0.00043667922 0)
(-1.9823849e-12 -0.00043667922 0)
(-1.9672279e-12 -0.00043667922 0)
(-1.9292393e-12 -0.00043667922 0)
(-1.8588078e-12 -0.00043667922 0)
(-1.9781338e-12 -0.00043667921 0)
(-3.8780748e-12 -0.00043667921 0)
(-3.417363e-12 -0.00043667921 0)
(-2.9748202e-12 -0.00043667921 0)
(-2.607562e-12 -0.00043667921 0)
(-2.3412253e-12 -0.00043667921 0)
(-2.1631374e-12 -0.00043667921 0)
(-2.052265e-12 -0.00043667921 0)
(-1.9876314e-12 -0.00043667921 0)
(-2.9729164e-12 -0.00043667922 0)
)
;
    }
    lens_bottom
    {
        type            calculated;
        value           nonuniform List<vector> 
30
(
(-1.7035829e-13 0.00043667922 0)
(-5.403928e-13 0.00043667922 0)
(-1.004325e-12 0.00043667922 0)
(-1.6488023e-12 0.00043667922 0)
(-2.6087786e-12 0.00043667922 0)
(-4.1082605e-12 0.00043667922 0)
(-6.5168523e-12 0.00043667922 0)
(-1.0436635e-11 0.00043667923 0)
(-1.6837775e-11 0.00043667923 0)
(-2.7278757e-11 0.00043667925 0)
(-3.366379e-11 0.00043667928 0)
(-3.4691782e-11 0.00043667932 0)
(-3.4630414e-11 0.00043667936 0)
(-3.4646356e-11 0.00043667939 0)
(-3.4666031e-11 0.00043667943 0)
(-3.4672772e-11 0.00043667946 0)
(-3.4674539e-11 0.00043667949 0)
(-3.4675224e-11 0.00043667953 0)
(-3.4675555e-11 0.00043667956 0)
(-3.467572e-11 0.0004366796 0)
(-3.4675853e-11 0.00043667963 0)
(-3.4676082e-11 0.00043667967 0)
(-3.4676623e-11 0.0004366797 0)
(-3.4677915e-11 0.00043667974 0)
(-3.4680743e-11 0.00043667977 0)
(-3.4686702e-11 0.00043667981 0)
(-3.4700235e-11 0.00043667984 0)
(-3.4709814e-11 0.00043667988 0)
(-3.4561954e-11 0.00043667991 0)
(-3.4473433e-11 0.00043667994 0)
)
;
    }
    lens_bottom_left
    {
        type            calculated;
        value           nonuniform List<vector> 
30
(
(2.7278759e-11 0.00043667925 0)
(1.6837776e-11 0.00043667923 0)
(1.0436636e-11 0.00043667923 0)
(6.5168532e-12 0.00043667922 0)
(4.1082612e-12 0.00043667922 0)
(2.6087791e-12 0.00043667922 0)
(1.6488028e-12 0.00043667922 0)
(1.0043255e-12 0.00043667922 0)
(5.403932e-13 0.00043667922 0)
(1.7035867e-13 0.00043667922 0)
(3.4473434e-11 0.00043667994 0)
(3.4561955e-11 0.00043667991 0)
(3.4709815e-11 0.00043667988 0)
(3.4700237e-11 0.00043667984 0)
(3.4686703e-11 0.00043667981 0)
(3.4680745e-11 0.00043667977 0)
(3.4677917e-11 0.00043667974 0)
(3.4676625e-11 0.0004366797 0)
(3.4676084e-11 0.00043667967 0)
(3.4675855e-11 0.00043667963 0)
(3.4675723e-11 0.0004366796 0)
(3.4675558e-11 0.00043667956 0)
(3.4675227e-11 0.00043667953 0)
(3.4674542e-11 0.00043667949 0)
(3.4672774e-11 0.00043667946 0)
(3.4666034e-11 0.00043667943 0)
(3.4646358e-11 0.00043667939 0)
(3.4630416e-11 0.00043667936 0)
(3.4691785e-11 0.00043667932 0)
(3.3663793e-11 0.00043667928 0)
)
;
    }
    lens_right
    {
        type            calculated;
        value           uniform (0 0 0);
    }
    lens_left
    {
        type            calculated;
        value           uniform (0 0 0);
    }
    lens_top
    {
        type            calculated;
        value           nonuniform List<vector> 
30
(
(3.4467996e-17 -0.00044553124 0)
(1.0409795e-16 -0.0004455311 0)
(1.7582959e-16 -0.00044553081 0)
(2.51131e-16 -0.00044553037 0)
(3.3157433e-16 -0.00044552977 0)
(4.1888488e-16 -0.00044552899 0)
(5.1499846e-16 -0.00044552803 0)
(6.2213064e-16 -0.00044552685 0)
(7.4286245e-16 -0.00044552545 0)
(8.8024898e-16 -0.00044552377 0)
(1.0379596e-15 -0.00044552179 0)
(1.2204623e-15 -0.00044551946 0)
(1.4332695e-15 -0.00044551673 0)
(1.6832717e-15 -0.00044551351 0)
(1.9791978e-15 -0.00044550973 0)
(2.3322592e-15 -0.00044550528 0)
(2.7570698e-15 -0.00044550003 0)
(3.2729885e-15 -0.00044549381 0)
(3.9060976e-15 -0.0004454864 0)
(4.6922905e-15 -0.00044547753 0)
(5.6818203e-15 -0.00044546683 0)
(6.9477531e-15 -0.00044545379 0)
(8.5956813e-15 -0.00044543774 0)
(1.0797932e-14 -0.00044541772 0)
(1.3786113e-14 -0.00044539226 0)
(1.8113618e-14 -0.00044535935 0)
(2.4060601e-14 -0.00044531494 0)
(3.4904873e-14 -0.00044525551 0)
(4.5672223e-14 -0.0004451611 0)
(5.9030141e-14 -0.00044505 0)
)
;
    }
    lens_top_left
    {
        type            calculated;
        value           nonuniform List<vector> 
30
(
(-8.8024898e-16 -0.00044552377 0)
(-7.4286245e-16 -0.00044552545 0)
(-6.2213064e-16 -0.00044552685 0)
(-5.1499846e-16 -0.00044552803 0)
(-4.1888488e-16 -0.00044552899 0)
(-3.3157433e-16 -0.00044552977 0)
(-2.51131e-16 -0.00044553037 0)
(-1.7582959e-16 -0.00044553081 0)
(-1.0409795e-16 -0.0004455311 0)
(-3.4467996e-17 -0.00044553124 0)
(-5.9030141e-14 -0.00044505 0)
(-4.5672223e-14 -0.0004451611 0)
(-3.4904873e-14 -0.00044525551 0)
(-2.4060601e-14 -0.00044531494 0)
(-1.8113618e-14 -0.00044535935 0)
(-1.3786113e-14 -0.00044539226 0)
(-1.0797932e-14 -0.00044541772 0)
(-8.5956813e-15 -0.00044543774 0)
(-6.9477531e-15 -0.00044545379 0)
(-5.6818203e-15 -0.00044546683 0)
(-4.6922905e-15 -0.00044547753 0)
(-3.9060976e-15 -0.0004454864 0)
(-3.2729885e-15 -0.00044549381 0)
(-2.7570698e-15 -0.00044550003 0)
(-2.3322592e-15 -0.00044550528 0)
(-1.9791978e-15 -0.00044550973 0)
(-1.6832717e-15 -0.00044551351 0)
(-1.4332695e-15 -0.00044551673 0)
(-1.2204623e-15 -0.00044551946 0)
(-1.0379596e-15 -0.00044552179 0)
)
;
    }
    iris_bottom
    {
        type            calculated;
        value           nonuniform List<vector> 
60
(
(2.0046498e-12 0.00043667922 0)
(1.9843895e-12 0.00043667922 0)
(1.8936774e-12 0.00043667922 0)
(1.8702673e-12 0.00043667922 0)
(1.8715005e-12 0.00043667922 0)
(1.883388e-12 0.00043667922 0)
(1.8974178e-12 0.00043667922 0)
(1.9097483e-12 0.00043667922 0)
(1.919425e-12 0.00043667922 0)
(1.9266517e-12 0.00043667922 0)
(1.9319868e-12 0.00043667922 0)
(1.9360317e-12 0.00043667922 0)
(1.9393045e-12 0.00043667922 0)
(1.9421717e-12 0.00043667922 0)
(1.9447784e-12 0.00043667922 0)
(1.9469405e-12 0.00043667922 0)
(1.9479555e-12 0.00043667921 0)
(1.9462928e-12 0.00043667921 0)
(1.9391423e-12 0.00043667921 0)
(1.9217847e-12 0.00043667921 0)
(1.886795e-12 0.00043667921 0)
(1.8232185e-12 0.00043667921 0)
(1.7160894e-12 0.00043667921 0)
(1.5471124e-12 0.00043667921 0)
(1.2980955e-12 0.00043667921 0)
(9.6020732e-13 0.00043667921 0)
(5.5256639e-13 0.00043667921 0)
(1.4795615e-13 0.00043667921 0)
(-1.8029569e-13 0.00043667921 0)
(-1.0538865e-13 0.00043667921 0)
(-1.9217849e-12 0.00043667921 0)
(-1.9391426e-12 0.00043667921 0)
(-1.9462931e-12 0.00043667921 0)
(-1.9479558e-12 0.00043667921 0)
(-1.9469408e-12 0.00043667922 0)
(-1.9447787e-12 0.00043667922 0)
(-1.942172e-12 0.00043667922 0)
(-1.9393049e-12 0.00043667922 0)
(-1.936032e-12 0.00043667922 0)
(-1.9319871e-12 0.00043667922 0)
(-1.926652e-12 0.00043667922 0)
(-1.9194254e-12 0.00043667922 0)
(-1.9097487e-12 0.00043667922 0)
(-1.8974182e-12 0.00043667922 0)
(-1.8833884e-12 0.00043667922 0)
(-1.8715008e-12 0.00043667922 0)
(-1.8702677e-12 0.00043667922 0)
(-1.8936779e-12 0.00043667922 0)
(-1.9843901e-12 0.00043667922 0)
(-2.0046505e-12 0.00043667922 0)
(1.8029568e-13 0.00043667921 0)
(-1.4795618e-13 0.00043667921 0)
(-5.5256645e-13 0.00043667921 0)
(-9.6020741e-13 0.00043667921 0)
(-1.2980956e-12 0.00043667921 0)
(-1.5471125e-12 0.00043667921 0)
(-1.7160896e-12 0.00043667921 0)
(-1.8232187e-12 0.00043667921 0)
(-1.8867952e-12 0.00043667921 0)
(1.0538865e-13 0.00043667921 0)
)
;
    }
    iris_pupil
    {
        type            calculated;
        value           nonuniform List<vector> 5((0.00041921206 -2.1622151e-12 0) (0.00041921206 -2.6141053e-12 0) (0.00041921205 -3.2397179e-12 0) (0.00041921205 -4.0229971e-12 0) (0.00041921204 -3.9447352e-12 0));
    }
    iris_pupil_left
    {
        type            calculated;
        value           nonuniform List<vector> 5((-0.00041921206 -2.162216e-12 0) (-0.00041921206 -2.6141062e-12 0) (-0.00041921205 -3.2397188e-12 0) (-0.00041921205 -4.0229981e-12 0) (-0.00041921204 -3.9447363e-12 0));
    }
    iris_top
    {
        type            calculated;
        value           nonuniform List<vector> 
40
(
(-3.1282538e-11 -0.00043667929 0)
(-3.3977401e-11 -0.00043667932 0)
(-3.4545396e-11 -0.00043667936 0)
(-3.4659622e-11 -0.00043667939 0)
(-3.4678125e-11 -0.00043667943 0)
(-3.4678492e-11 -0.00043667946 0)
(-3.4677002e-11 -0.00043667949 0)
(-3.4676237e-11 -0.00043667953 0)
(-3.4675927e-11 -0.00043667956 0)
(-3.4675776e-11 -0.0004366796 0)
(-3.4675644e-11 -0.00043667963 0)
(-3.4675414e-11 -0.00043667967 0)
(-3.467489e-11 -0.0004366797 0)
(-3.4673574e-11 -0.00043667974 0)
(-3.4670002e-11 -0.00043667977 0)
(-3.4660783e-11 -0.00043667981 0)
(-3.4641568e-11 -0.00043667984 0)
(-3.4597233e-11 -0.00043667988 0)
(-3.4391994e-11 -0.00043667991 0)
(-3.3017343e-11 -0.00043667995 0)
(-3.1495015e-11 -0.00043667998 0)
(-2.9985971e-11 -0.00043668 0)
(-2.9421821e-11 -0.00043668003 0)
(-2.905174e-11 -0.00043668005 0)
(-2.8701408e-11 -0.00043668008 0)
(-2.832193e-11 -0.0004366801 0)
(-2.7917078e-11 -0.00043668012 0)
(-2.7640967e-11 -0.00043668015 0)
(-2.9420177e-11 -0.00043668017 0)
(-1.8295297e-11 -0.00043668022 0)
(2.9420178e-11 -0.00043668017 0)
(2.7640967e-11 -0.00043668015 0)
(2.7917078e-11 -0.00043668012 0)
(2.8321931e-11 -0.0004366801 0)
(2.8701409e-11 -0.00043668008 0)
(2.9051741e-11 -0.00043668005 0)
(2.9421822e-11 -0.00043668003 0)
(2.9985972e-11 -0.00043668 0)
(3.1495016e-11 -0.00043667998 0)
(1.8295297e-11 -0.00043668022 0)
)
;
    }
    tm_limbus_wall
    {
        type            calculated;
        value           nonuniform List<vector> 4((1.1212803e-11 -0.00043667916 0) (1.0488287e-11 0.00043667916 0) (-1.1212803e-11 -0.00043667916 0) (-1.0488287e-11 0.00043667916 0));
    }
    ac_inlet
    {
        type            calculated;
        value           uniform (0 0 0);
    }
    ac_inlet_left
    {
        type            calculated;
        value           uniform (0 0 0);
    }
    outlet_tm
    {
        type            calculated;
        value           uniform (0 0 0);
    }
    outlet_tm_left
    {
        type            calculated;
        value           uniform (0 0 0);
    }
    front
    {
        type            empty;
    }
    back
    {
        type            empty;
    }
    defaultFaces
    {
        type            calculated;
        value           uniform (0 0 0);
    }
    needle_int_inlet_master
    {
        type            calculated;
        value           uniform (0 0 0);
    }
    needle_int_inlet_slave
    {
        type            calculated;
        value           uniform (0 0 0);
    }
    needle_int_outlet_master
    {
        type            calculated;
        value           uniform (0 0 0);
    }
    needle_int_outlet_slave
    {
        type            calculated;
        value           uniform (0 0 0);
    }
}


// ************************************************************************* //
