/*--------------------------------*- C++ -*----------------------------------*\
| =========                 |                                                 |
| \\      /  F ield         | OpenFOAM: The Open Source CFD Toolbox           |
|  \\    /   O peration     | Version:  2512                                  |
|   \\  /    A nd           | Website:  www.openfoam.com                      |
|    \\/     M anipulation  |                                                 |
\*---------------------------------------------------------------------------*/
FoamFile
{
    version     2.0;
    format      ascii;
    arch        "LSB;label=32;scalar=64";
    class       volVectorField;
    location    "15";
    object      D;
}
// * * * * * * * * * * * * * * * * * * * * * * * * * * * * * * * * * * * * * //

dimensions      [0 1 0 0 0 0 0];

internalField   nonuniform List<vector> 
1196
(
(-3.8467999e-06 -2.9304574e-06 0)
(-5.2313913e-06 -1.2299578e-05 0)
(-6.3916568e-06 -2.7197133e-05 0)
(-7.3092617e-06 -4.6679105e-05 0)
(-8.0003032e-06 -6.9834481e-05 0)
(-8.4786087e-06 -9.5791904e-05 0)
(-8.7579731e-06 -0.00012373044 0)
(-8.8521418e-06 -0.0001528826 0)
(-8.7748452e-06 -0.00018253531 0)
(-8.5398081e-06 -0.00021203024 0)
(-8.1607523e-06 -0.0002407639 0)
(-7.6513983e-06 -0.00026818767 0)
(-7.0254654e-06 -0.0002938078 0)
(-6.2966716e-06 -0.00031718541 0)
(-5.4787336e-06 -0.0003379365 0)
(-4.5853674e-06 -0.00035573191 0)
(-3.630288e-06 -0.00037029738 0)
(-2.6272101e-06 -0.00038141347 0)
(-1.5898478e-06 -0.00038891563 0)
(-5.3191516e-07 -0.00039269414 0)
(5.3287433e-07 -0.00039269414 0)
(1.590807e-06 -0.00038891565 0)
(2.6281694e-06 -0.0003814135 0)
(3.6312475e-06 -0.00037029742 0)
(4.5863272e-06 -0.00035573196 0)
(5.4796939e-06 -0.00033793655 0)
(6.2976322e-06 -0.00031718547 0)
(7.0264264e-06 -0.00029380786 0)
(7.6523596e-06 -0.00026818773 0)
(8.1617137e-06 -0.00024076396 0)
(8.5407697e-06 -0.0002120303 0)
(8.7758071e-06 -0.00018253537 0)
(8.853104e-06 -0.00015288265 0)
(8.7589356e-06 -0.00012373049 0)
(8.4795713e-06 -9.5791945e-05 0)
(8.0012658e-06 -6.9834514e-05 0)
(7.3102244e-06 -4.667913e-05 0)
(6.3926195e-06 -2.7197149e-05 0)
(5.2323539e-06 -1.2299586e-05 0)
(3.8477623e-06 -2.9304583e-06 0)
(-1.0204143e-06 -2.9661964e-06 0)
(5.7531343e-07 -1.2346361e-05 0)
(1.9750406e-06 -2.7247709e-05 0)
(3.1411177e-06 -4.6730892e-05 0)
(4.0835576e-06 -6.9886661e-05 0)
(4.8142083e-06 -9.5844211e-05 0)
(5.3462243e-06 -0.00012378279 0)
(5.6931438e-06 -0.00015293496 0)
(5.8686303e-06 -0.00018258767 0)
(5.8863866e-06 -0.0002120826 0)
(5.7601278e-06 -0.00024081627 0)
(5.503572e-06 -0.00026824004 0)
(5.1304376e-06 -0.00029386017 0)
(4.6544424e-06 -0.00031723778 0)
(4.0893031e-06 -0.00033798886 0)
(3.4487355e-06 -0.00035578428 0)
(2.7464548e-06 -0.00037034975 0)
(1.9961755e-06 -0.00038146584 0)
(1.211612e-06 -0.000388968 0)
(4.0647793e-07 -0.00039274651 0)
(-4.0551301e-07 -0.00039274651 0)
(-1.2106472e-06 -0.00038896802 0)
(-1.9952111e-06 -0.00038146587 0)
(-2.7454907e-06 -0.00037034979 0)
(-3.4477718e-06 -0.00035578433 0)
(-4.0883399e-06 -0.00033798892 0)
(-4.6534797e-06 -0.00031723784 0)
(-5.1294755e-06 -0.00029386023 0)
(-5.5026105e-06 -0.0002682401 0)
(-5.759167e-06 -0.00024081633 0)
(-5.8854264e-06 -0.00021208267 0)
(-5.8676706e-06 -0.00018258773 0)
(-5.6921845e-06 -0.00015293502 0)
(-5.3452653e-06 -0.00012378284 0)
(-4.8132495e-06 -9.5844252e-05 0)
(-4.082599e-06 -6.9886694e-05 0)
(-3.1401592e-06 -4.6730917e-05 0)
(-1.974082e-06 -2.7247726e-05 0)
(-5.7435459e-07 -1.2346369e-05 0)
(1.0213736e-06 -2.9661977e-06 0)
(0.00010135383 -0.0012221268 0)
(0.00010371476 -0.0011741284 0)
(0.00010512122 -0.0011227266 0)
(0.00010612803 -0.0010707529 0)
(0.0001069512 -0.0010184492 0)
(0.00010762205 -0.00096585447 0)
(0.00010812282 -0.00091302167 0)
(0.00010842431 -0.00086002907 0)
(0.00010849554 -0.00080697423 0)
(0.00010830546 -0.00075397061 0)
(0.0001078232 -0.00070114629 0)
(0.00010701798 -0.00064864369 0)
(0.00010585903 -0.00059661945 0)
(0.00010431558 -0.00054524448 0)
(0.00010235687 -0.00049470389 0)
(9.9952148e-05 -0.00044519705 0)
(9.7070652e-05 -0.00039693759 0)
(9.3681626e-05 -0.00035015337 0)
(8.9754338e-05 -0.00030508653 0)
(8.5258157e-05 -0.0002619935 0)
(8.0162787e-05 -0.00022114493 0)
(7.4438959e-05 -0.00018282495 0)
(6.8059864e-05 -0.00014732734 0)
(6.1002435e-05 -0.00011494039 0)
(5.3231266e-05 -8.589379e-05 0)
(4.4728332e-05 -6.0616017e-05 0)
(7.9545224e-05 -0.0012234697 0)
(8.0007796e-05 -0.0011743727 0)
(8.0544112e-05 -0.0011230414 0)
(8.1223e-05 -0.0010710833 0)
(8.1872142e-05 -0.0010187654 0)
(8.2424651e-05 -0.00096614451 0)
(8.2847256e-05 -0.00091327836 0)
(8.3114413e-05 -0.00086024645 0)
(8.3202041e-05 -0.00080714662 0)
(8.3086257e-05 -0.00075409237 0)
(8.2743172e-05 -0.0007012118 0)
(8.2148876e-05 -0.00064864733 0)
(8.127945e-05 -0.0005965556 0)
(8.0110973e-05 -0.0005451075 0)
(7.861952e-05 -0.00049448817 0)
(7.6781168e-05 -0.00044489696 0)
(7.4571994e-05 -0.00039654751 0)
(7.1968074e-05 -0.00034966767 0)
(6.894548e-05 -0.00030449958 0)
(6.5480252e-05 -0.00026129966 0)
(6.1548295e-05 -0.00022033853 0)
(5.7125041e-05 -0.0001819003 0)
(5.2184572e-05 -0.00014627921 0)
(4.6698604e-05 -0.00011376828 0)
(4.0647504e-05 -8.4643558e-05 0)
(3.4029221e-05 -5.9322951e-05 0)
(5.567074e-05 -0.001224296 0)
(5.5745801e-05 -0.0011744638 0)
(5.5933492e-05 -0.0011232439 0)
(5.6368127e-05 -0.0010713598 0)
(5.6858293e-05 -0.0010190537 0)
(5.7302773e-05 -0.00096641893 0)
(5.7659231e-05 -0.00091352882 0)
(5.7905021e-05 -0.00086046748 0)
(5.8022347e-05 -0.00080733384 0)
(5.799423e-05 -0.00075424159 0)
(5.7803698e-05 -0.00070131882 0)
(5.7433713e-05 -0.00064870794 0)
(5.6867205e-05 -0.00059656558 0)
(5.6087088e-05 -0.00054506264 0)
(5.5076275e-05 -0.00049438425 0)
(5.3817678e-05 -0.00044472977 0)
(5.2294208e-05 -0.00039631282 0)
(5.0488768e-05 -0.00034936126 0)
(4.8384227e-05 -0.00030411718 0)
(4.5963318e-05 -0.00026083693 0)
(4.3208365e-05 -0.00021979091 0)
(4.0100754e-05 -0.00018126298 0)
(3.6621048e-05 -0.00014554849 0)
(3.2755967e-05 -0.00011295136 0)
(2.8536995e-05 -8.3799836e-05 0)
(2.4146024e-05 -5.8679902e-05 0)
(3.0993362e-05 -0.0012248614 0)
(3.1089964e-05 -0.0011745798 0)
(3.1218823e-05 -0.001123423 0)
(3.1520908e-05 -0.0010716073 0)
(3.1885376e-05 -0.0010193218 0)
(3.2234582e-05 -0.00096668218 0)
(3.2534098e-05 -0.00091377712 0)
(3.2767632e-05 -0.00086069628 0)
(3.2924016e-05 -0.00080754007 0)
(3.2993061e-05 -0.00075442246 0)
(3.2964627e-05 -0.00070147155 0)
(3.2828513e-05 -0.00064882972 0)
(3.2574483e-05 -0.00059665362 0)
(3.2192288e-05 -0.00054511412 0)
(3.1671676e-05 -0.00049439636 0)
(3.1002394e-05 -0.00044469969 0)
(3.0174186e-05 -0.00039623774 0)
(2.9176785e-05 -0.00034923834 0)
(2.7999884e-05 -0.00030394357 0)
(2.6633025e-05 -0.00026060964 0)
(2.5065358e-05 -0.00021950675 0)
(2.3285345e-05 -0.00018091875 0)
(2.1281854e-05 -0.00014514349 0)
(1.9053184e-05 -0.0001124986 0)
(1.663958e-05 -8.33561e-05 0)
(1.4146566e-05 -5.8301255e-05 0)
(6.0574708e-06 -0.00122525 0)
(6.2373857e-06 -0.0011747622 0)
(6.4221026e-06 -0.0011236288 0)
(6.66545e-06 -0.0010718504 0)
(6.9333866e-06 -0.0010195788 0)
(7.1981273e-06 -0.00096693826 0)
(7.4468038e-06 -0.00091402611 0)
(7.67354e-06 -0.00086093558 0)
(7.8745411e-06 -0.00080776808 0)
(8.0464177e-06 -0.00075463777 0)
(8.1857991e-06 -0.00070167279 0)
(8.2892883e-06 -0.00064901549 0)
(8.3534735e-06 -0.00059682252 0)
(8.3749379e-06 -0.00054526474 0)
(8.3502636e-06 -0.00049452729 0)
(8.2760318e-06 -0.00044480953 0)
(8.1488218e-06 -0.00039632507 0)
(7.9652046e-06 -0.00034930175 0)
(7.7217273e-06 -0.00030398161 0)
(7.4148681e-06 -0.00026062078 0)
(7.0409474e-06 -0.00021948935 0)
(6.596082e-06 -0.00018087136 0)
(6.0768895e-06 -0.00014506671 0)
(5.4845888e-06 -0.00011240189 0)
(4.8365334e-06 -8.3268248e-05 0)
(4.1659412e-06 -5.8231539e-05 0)
(-1.8943713e-05 -0.001225499 0)
(-1.8672924e-05 -0.0011750141 0)
(-1.8403695e-05 -0.0011238811 0)
(-1.8194711e-05 -0.0010721023 0)
(-1.8012298e-05 -0.0010198303 0)
(-1.7827862e-05 -0.00096718956 0)
(-1.7627871e-05 -0.00091427731 0)
(-1.7406109e-05 -0.00086118674 0)
(-1.7158645e-05 -0.00080801924 0)
(-1.688205e-05 -0.00075488893 0)
(-1.6572948e-05 -0.00070192394 0)
(-1.6227944e-05 -0.00064926665 0)
(-1.5843632e-05 -0.00059707367 0)
(-1.5416596e-05 -0.0005455159 0)
(-1.494342e-05 -0.00049477845 0)
(-1.4420689e-05 -0.00044506069 0)
(-1.3844988e-05 -0.00039657623 0)
(-1.3212903e-05 -0.0003495529 0)
(-1.2521013e-05 -0.00030423273 0)
(-1.176585e-05 -0.00026087188 0)
(-1.0943791e-05 -0.00021974044 0)
(-1.0050926e-05 -0.00018112253 0)
(-9.0834875e-06 -0.00014531824 0)
(-8.0413409e-06 -0.00011265449 0)
(-6.9384887e-06 -8.3523203e-05 0)
(-5.8020972e-06 -5.8489978e-05 0)
(-4.3878885e-05 -0.0012256083 0)
(-4.3524133e-05 -0.0011753356 0)
(-4.319915e-05 -0.0011241799 0)
(-4.3049507e-05 -0.001072363 0)
(-4.2964061e-05 -0.0010200764 0)
(-4.2864282e-05 -0.00096743606 0)
(-4.2715185e-05 -0.00091453071 0)
(-4.2500225e-05 -0.00086144977 0)
(-4.2208136e-05 -0.00080829354 0)
(-4.1828701e-05 -0.00075517592 0)
(-4.1351779e-05 -0.00070222502 0)
(-4.076717e-05 -0.0006495832 0)
(-4.0064641e-05 -0.0005974071 0)
(-3.9233946e-05 -0.0005458676 0)
(-3.8264834e-05 -0.00049514984 0)
(-3.7147052e-05 -0.00044545317 0)
(-3.587035e-05 -0.0003969912 0)
(-3.4424472e-05 -0.00034999178 0)
(-3.2799133e-05 -0.00030469695 0)
(-3.0983915e-05 -0.00026136295 0)
(-2.8968014e-05 -0.00022026002 0)
(-2.6739879e-05 -0.00018167225 0)
(-2.4288113e-05 -0.00014589801 0)
(-2.1610059e-05 -0.00011325609 0)
(-1.8743821e-05 -8.4120098e-05 0)
(-1.5792097e-05 -5.9074863e-05 0)
(-6.855258e-05 -0.0012255395 0)
(-6.8176209e-05 -0.001175724 0)
(-6.7911202e-05 -0.0011245053 0)
(-6.7895568e-05 -0.0010726189 0)
(-6.7936642e-05 -0.0010203111 0)
(-6.7932449e-05 -0.0009676753 0)
(-6.784037e-05 -0.00091478478 0)
(-6.7637661e-05 -0.00086172329 0)
(-6.7306495e-05 -0.00080858962 0)
(-6.6829884e-05 -0.00075549737 0)
(-6.6190855e-05 -0.00070257461 0)
(-6.5372373e-05 -0.00064996373 0)
(-6.4357365e-05 -0.00059782138 0)
(-6.3128748e-05 -0.00054631844 0)
(-6.1669435e-05 -0.00049564005 0)
(-5.9962338e-05 -0.00044598556 0)
(-5.7990369e-05 -0.00039756859 0)
(-5.5736437e-05 -0.00035061699 0)
(-5.3183416e-05 -0.00030537284 0)
(-5.0314053e-05 -0.00026209249 0)
(-4.7110684e-05 -0.00022104642 0)
(-4.3554693e-05 -0.0001825188 0)
(-3.962654e-05 -0.0001468058 0)
(-3.531255e-05 -0.00011421301 0)
(-3.0643619e-05 -8.507069e-05 0)
(-2.5805136e-05 -5.9963408e-05 0)
(-9.2414935e-05 -0.0012252068 0)
(-9.2430045e-05 -0.0011761376 0)
(-9.2518054e-05 -0.0011248065 0)
(-9.2749215e-05 -0.0010728453 0)
(-9.2950265e-05 -0.0010205253 0)
(-9.3054387e-05 -0.00096790328 0)
(-9.3028488e-05 -0.00091503666 0)
(-9.2847116e-05 -0.00086200459 0)
(-9.2486222e-05 -0.00080890472 0)
(-9.1921926e-05 -0.00075585047 0)
(-9.1130334e-05 -0.00070296991 0)
(-9.0087536e-05 -0.00065040544 0)
(-8.8769611e-05 -0.00059831372 0)
(-8.7152634e-05 -0.00054686562 0)
(-8.5212682e-05 -0.00049624628 0)
(-8.2925831e-05 -0.00044665507 0)
(-8.0268156e-05 -0.0003983056 0)
(-7.721573e-05 -0.00035142571 0)
(-7.3744611e-05 -0.00030625754 0)
(-6.9830816e-05 -0.00026305751 0)
(-6.5450207e-05 -0.00022209633 0)
(-6.0578169e-05 -0.00018365848 0)
(-5.5188773e-05 -0.00014803916 0)
(-4.9253804e-05 -0.00011553343 0)
(-4.2753706e-05 -8.6419446e-05 0)
(-3.5691691e-05 -6.1106995e-05 0)
(-0.00011418161 -0.0012243523 0)
(-0.00011612232 -0.0011763958 0)
(-0.00011709151 -0.001124994 0)
(-0.00011765369 -0.0010730172 0)
(-0.00011802946 -0.0010207113 0)
(-0.00011825199 -0.00096811556 0)
(-0.00011830418 -0.00091528231 0)
(-0.00011815709 -0.00086228954 0)
(-0.00011777975 -0.00080923466 0)
(-0.00011714114 -0.00075623103 0)
(-0.00011621037 -0.00070340672 0)
(-0.00011495664 -0.00065090412 0)
(-0.00011334919 -0.00059887989 0)
(-0.00011135724 -0.00054750492 0)
(-0.00010895003 -0.00049696432 0)
(-0.00010609682 -0.00044745748 0)
(-0.00010276682 -0.000399198 0)
(-9.8929283e-05 -0.00035241374 0)
(-9.4553443e-05 -0.00030734682 0)
(-8.9608602e-05 -0.0002642537 0)
(-8.4064346e-05 -0.00022340512 0)
(-7.7891231e-05 -0.00018508558 0)
(-7.1062355e-05 -0.00014958988 0)
(-6.3555193e-05 -0.00011720846 0)
(-5.5337455e-05 -8.8173383e-05 0)
(-4.6401081e-05 -6.2890425e-05 0)
(3.6119518e-05 -4.1691309e-05 0)
(2.7147435e-05 -2.5124023e-05 0)
(1.7074739e-05 -1.2356906e-05 0)
(6.3017392e-06 -4.1540148e-06 0)
(2.8153566e-05 -4.0292509e-05 0)
(2.060124e-05 -2.3403531e-05 0)
(1.2552405e-05 -1.0566809e-05 0)
(3.8786228e-06 -2.293e-06 0)
(1.9636326e-05 -3.9056681e-05 0)
(1.431443e-05 -2.2099962e-05 0)
(8.5677711e-06 -9.2522733e-06 0)
(2.5212765e-06 -1.2424304e-06 0)
(1.1451789e-05 -3.8298371e-05 0)
(8.3374874e-06 -2.1307661e-05 0)
(4.9711731e-06 -8.4638035e-06 0)
(1.4677659e-06 -6.8462392e-07 0)
(3.4199826e-06 -3.8045534e-05 0)
(2.544892e-06 -2.1033015e-05 0)
(1.5755046e-06 -8.1782053e-06 0)
(5.0824703e-07 -4.7674325e-07 0)
(-4.5724702e-06 -3.8304842e-05 0)
(-3.1989109e-06 -2.1280457e-05 0)
(-1.7689276e-06 -8.3794478e-06 0)
(-4.3105319e-07 -5.6513182e-07 0)
(-1.262851e-05 -3.9074795e-05 0)
(-9.0281738e-06 -2.2051272e-05 0)
(-5.2002294e-06 -9.074267e-06 0)
(-1.3998436e-06 -9.5784661e-07 0)
(-2.0860203e-05 -4.0345023e-05 0)
(-1.5079425e-05 -2.3342359e-05 0)
(-8.8790807e-06 -1.0291477e-05 0)
(-2.4840773e-06 -1.7277916e-06 0)
(-2.944743e-05 -4.2081892e-05 0)
(-2.1474737e-05 -2.5145038e-05 0)
(-1.3015621e-05 -1.2062292e-05 0)
(-3.9415214e-06 -3.0492263e-06 0)
(-3.746494e-05 -4.3966821e-05 0)
(-2.8139822e-05 -2.7354451e-05 0)
(-1.7778625e-05 -1.4321537e-05 0)
(-6.7206012e-06 -5.3047449e-06 0)
(-4.4728333e-05 -6.0616017e-05 0)
(-5.3231267e-05 -8.589379e-05 0)
(-6.1002436e-05 -0.00011494039 0)
(-6.8059865e-05 -0.00014732734 0)
(-7.443896e-05 -0.00018282495 0)
(-8.0162788e-05 -0.00022114493 0)
(-8.5258158e-05 -0.00026199351 0)
(-8.975434e-05 -0.00030508654 0)
(-9.3681627e-05 -0.00035015338 0)
(-9.7070653e-05 -0.0003969376 0)
(-9.995215e-05 -0.00044519706 0)
(-0.00010235687 -0.00049470389 0)
(-0.00010431558 -0.00054524448 0)
(-0.00010585903 -0.00059661946 0)
(-0.00010701799 -0.0006486437 0)
(-0.00010782321 -0.0007011463 0)
(-0.00010830546 -0.00075397062 0)
(-0.00010849554 -0.00080697425 0)
(-0.00010842432 -0.00086002908 0)
(-0.00010812282 -0.00091302169 0)
(-0.00010762206 -0.00096585448 0)
(-0.0001069512 -0.0010184492 0)
(-0.00010612803 -0.0010707529 0)
(-0.00010512122 -0.0011227266 0)
(-0.00010371476 -0.0011741284 0)
(-0.00010135383 -0.0012221268 0)
(-3.4029221e-05 -5.9322951e-05 0)
(-4.0647504e-05 -8.4643559e-05 0)
(-4.6698605e-05 -0.00011376828 0)
(-5.2184572e-05 -0.00014627921 0)
(-5.7125042e-05 -0.00018190031 0)
(-6.1548296e-05 -0.00022033854 0)
(-6.5480253e-05 -0.00026129967 0)
(-6.8945481e-05 -0.00030449958 0)
(-7.1968075e-05 -0.00034966767 0)
(-7.4571995e-05 -0.00039654751 0)
(-7.678117e-05 -0.00044489697 0)
(-7.8619522e-05 -0.00049448817 0)
(-8.0110975e-05 -0.00054510751 0)
(-8.1279452e-05 -0.00059655561 0)
(-8.2148877e-05 -0.00064864734 0)
(-8.2743173e-05 -0.00070121181 0)
(-8.3086259e-05 -0.00075409238 0)
(-8.3202043e-05 -0.00080714663 0)
(-8.3114415e-05 -0.00086024646 0)
(-8.2847258e-05 -0.00091327838 0)
(-8.2424654e-05 -0.00096614453 0)
(-8.1872145e-05 -0.0010187655 0)
(-8.1223004e-05 -0.0010710833 0)
(-8.0544115e-05 -0.0011230414 0)
(-8.00078e-05 -0.0011743728 0)
(-7.9545228e-05 -0.0012234698 0)
(-2.4146024e-05 -5.8679903e-05 0)
(-2.8536995e-05 -8.3799837e-05 0)
(-3.2755967e-05 -0.00011295136 0)
(-3.6621049e-05 -0.00014554849 0)
(-4.0100755e-05 -0.00018126298 0)
(-4.3208365e-05 -0.00021979092 0)
(-4.5963319e-05 -0.00026083694 0)
(-4.8384228e-05 -0.00030411719 0)
(-5.0488769e-05 -0.00034936126 0)
(-5.2294209e-05 -0.00039631283 0)
(-5.3817679e-05 -0.00044472978 0)
(-5.5076276e-05 -0.00049438426 0)
(-5.6087089e-05 -0.00054506265 0)
(-5.6867206e-05 -0.00059656559 0)
(-5.7433715e-05 -0.00064870794 0)
(-5.7803699e-05 -0.00070131883 0)
(-5.7994232e-05 -0.0007542416 0)
(-5.8022349e-05 -0.00080733385 0)
(-5.7905023e-05 -0.00086046749 0)
(-5.7659233e-05 -0.00091352883 0)
(-5.7302775e-05 -0.00096641895 0)
(-5.6858295e-05 -0.0010190538 0)
(-5.6368129e-05 -0.0010713598 0)
(-5.5933494e-05 -0.001123244 0)
(-5.5745804e-05 -0.0011744638 0)
(-5.5670742e-05 -0.001224296 0)
(-1.4146566e-05 -5.8301255e-05 0)
(-1.663958e-05 -8.33561e-05 0)
(-1.9053184e-05 -0.0001124986 0)
(-2.1281855e-05 -0.00014514349 0)
(-2.3285345e-05 -0.00018091875 0)
(-2.5065358e-05 -0.00021950675 0)
(-2.6633025e-05 -0.00026060965 0)
(-2.7999884e-05 -0.00030394358 0)
(-2.9176786e-05 -0.00034923835 0)
(-3.0174186e-05 -0.00039623774 0)
(-3.1002394e-05 -0.0004446997 0)
(-3.1671677e-05 -0.00049439636 0)
(-3.2192289e-05 -0.00054511413 0)
(-3.2574483e-05 -0.00059665363 0)
(-3.2828513e-05 -0.00064882973 0)
(-3.2964627e-05 -0.00070147156 0)
(-3.2993062e-05 -0.00075442247 0)
(-3.2924017e-05 -0.00080754009 0)
(-3.2767633e-05 -0.00086069629 0)
(-3.2534099e-05 -0.00091377713 0)
(-3.2234583e-05 -0.0009666822 0)
(-3.1885377e-05 -0.0010193219 0)
(-3.1520909e-05 -0.0010716074 0)
(-3.1218825e-05 -0.001123423 0)
(-3.1089966e-05 -0.0011745798 0)
(-3.0993363e-05 -0.0012248615 0)
(-4.1659413e-06 -5.8231539e-05 0)
(-4.8365335e-06 -8.3268248e-05 0)
(-5.4845889e-06 -0.00011240189 0)
(-6.0768896e-06 -0.00014506671 0)
(-6.5960821e-06 -0.00018087136 0)
(-7.0409475e-06 -0.00021948936 0)
(-7.4148683e-06 -0.00026062078 0)
(-7.7217274e-06 -0.00030398161 0)
(-7.9652048e-06 -0.00034930176 0)
(-8.148822e-06 -0.00039632508 0)
(-8.276032e-06 -0.00044480953 0)
(-8.3502638e-06 -0.00049452729 0)
(-8.3749381e-06 -0.00054526474 0)
(-8.3534737e-06 -0.00059682252 0)
(-8.2892886e-06 -0.0006490155 0)
(-8.1857994e-06 -0.0007016728 0)
(-8.046418e-06 -0.00075463778 0)
(-7.8745414e-06 -0.00080776809 0)
(-7.6735404e-06 -0.00086093559 0)
(-7.4468041e-06 -0.00091402613 0)
(-7.1981277e-06 -0.00096693828 0)
(-6.933387e-06 -0.0010195788 0)
(-6.6654505e-06 -0.0010718504 0)
(-6.4221029e-06 -0.0011236288 0)
(-6.2373864e-06 -0.0011747622 0)
(-6.0574709e-06 -0.00122525 0)
(5.8020972e-06 -5.8489978e-05 0)
(6.9384887e-06 -8.3523203e-05 0)
(8.0413409e-06 -0.00011265449 0)
(9.0834876e-06 -0.00014531824 0)
(1.0050926e-05 -0.00018112253 0)
(1.0943791e-05 -0.00021974044 0)
(1.176585e-05 -0.00026087188 0)
(1.2521013e-05 -0.00030423273 0)
(1.3212903e-05 -0.0003495529 0)
(1.3844988e-05 -0.00039657623 0)
(1.442069e-05 -0.00044506069 0)
(1.4943421e-05 -0.00049477845 0)
(1.5416596e-05 -0.0005455159 0)
(1.5843632e-05 -0.00059707368 0)
(1.6227944e-05 -0.00064926666 0)
(1.6572948e-05 -0.00070192395 0)
(1.6882051e-05 -0.00075488894 0)
(1.7158646e-05 -0.00080801925 0)
(1.740611e-05 -0.00086118676 0)
(1.7627872e-05 -0.00091427733 0)
(1.7827862e-05 -0.00096718958 0)
(1.8012298e-05 -0.0010198304 0)
(1.8194712e-05 -0.0010721023 0)
(1.8403696e-05 -0.0011238811 0)
(1.8672924e-05 -0.0011750141 0)
(1.8943714e-05 -0.0012254991 0)
(1.5792097e-05 -5.9074863e-05 0)
(1.8743821e-05 -8.4120098e-05 0)
(2.1610059e-05 -0.00011325609 0)
(2.4288113e-05 -0.00014589801 0)
(2.6739879e-05 -0.00018167225 0)
(2.8968014e-05 -0.00022026003 0)
(3.0983916e-05 -0.00026136296 0)
(3.2799134e-05 -0.00030469696 0)
(3.4424473e-05 -0.00034999178 0)
(3.587035e-05 -0.0003969912 0)
(3.7147052e-05 -0.00044545317 0)
(3.8264834e-05 -0.00049514984 0)
(3.9233947e-05 -0.00054586761 0)
(4.0064642e-05 -0.00059740711 0)
(4.076717e-05 -0.00064958321 0)
(4.1351779e-05 -0.00070222503 0)
(4.1828702e-05 -0.00075517593 0)
(4.2208137e-05 -0.00080829355 0)
(4.2500226e-05 -0.00086144978 0)
(4.2715187e-05 -0.00091453072 0)
(4.2864283e-05 -0.00096743607 0)
(4.2964062e-05 -0.0010200764 0)
(4.3049508e-05 -0.001072363 0)
(4.3199152e-05 -0.0011241799 0)
(4.3524134e-05 -0.0011753357 0)
(4.3878887e-05 -0.0012256083 0)
(2.5805136e-05 -5.9963408e-05 0)
(3.0643619e-05 -8.5070691e-05 0)
(3.531255e-05 -0.00011421301 0)
(3.962654e-05 -0.0001468058 0)
(4.3554694e-05 -0.0001825188 0)
(4.7110685e-05 -0.00022104642 0)
(5.0314054e-05 -0.00026209249 0)
(5.3183417e-05 -0.00030537284 0)
(5.5736438e-05 -0.00035061699 0)
(5.799037e-05 -0.0003975686 0)
(5.9962339e-05 -0.00044598557 0)
(6.1669436e-05 -0.00049564006 0)
(6.3128749e-05 -0.00054631845 0)
(6.4357366e-05 -0.00059782139 0)
(6.5372374e-05 -0.00064996374 0)
(6.6190857e-05 -0.00070257462 0)
(6.6829885e-05 -0.00075549738 0)
(6.7306496e-05 -0.00080858963 0)
(6.7637662e-05 -0.00086172331 0)
(6.7840372e-05 -0.00091478479 0)
(6.7932451e-05 -0.00096767532 0)
(6.7936644e-05 -0.0010203111 0)
(6.789557e-05 -0.0010726189 0)
(6.7911204e-05 -0.0011245053 0)
(6.8176212e-05 -0.001175724 0)
(6.8552583e-05 -0.0012255395 0)
(3.5691692e-05 -6.1106996e-05 0)
(4.2753707e-05 -8.6419446e-05 0)
(4.9253805e-05 -0.00011553343 0)
(5.5188773e-05 -0.00014803916 0)
(6.057817e-05 -0.00018365848 0)
(6.5450208e-05 -0.00022209634 0)
(6.9830817e-05 -0.00026305751 0)
(7.3744612e-05 -0.00030625755 0)
(7.7215731e-05 -0.00035142572 0)
(8.0268157e-05 -0.0003983056 0)
(8.2925832e-05 -0.00044665508 0)
(8.5212683e-05 -0.00049624629 0)
(8.7152635e-05 -0.00054686563 0)
(8.8769612e-05 -0.00059831372 0)
(9.0087538e-05 -0.00065040545 0)
(9.1130336e-05 -0.00070296992 0)
(9.1921928e-05 -0.00075585048 0)
(9.2486224e-05 -0.00080890473 0)
(9.2847119e-05 -0.0008620046 0)
(9.302849e-05 -0.00091503668 0)
(9.305439e-05 -0.0009679033 0)
(9.2950268e-05 -0.0010205253 0)
(9.2749218e-05 -0.0010728454 0)
(9.2518058e-05 -0.0011248066 0)
(9.2430048e-05 -0.0011761377 0)
(9.2414939e-05 -0.0012252068 0)
(4.6401081e-05 -6.2890425e-05 0)
(5.5337455e-05 -8.8173384e-05 0)
(6.3555194e-05 -0.00011720846 0)
(7.1062356e-05 -0.00014958988 0)
(7.7891231e-05 -0.00018508558 0)
(8.4064347e-05 -0.00022340512 0)
(8.9608603e-05 -0.0002642537 0)
(9.4553444e-05 -0.00030734683 0)
(9.8929285e-05 -0.00035241374 0)
(0.00010276682 -0.00039919801 0)
(0.00010609682 -0.00044745749 0)
(0.00010895004 -0.00049696433 0)
(0.00011135724 -0.00054750492 0)
(0.00011334919 -0.0005988799 0)
(0.00011495665 -0.00065090413 0)
(0.00011621037 -0.00070340673 0)
(0.00011714114 -0.00075623104 0)
(0.00011777975 -0.00080923467 0)
(0.00011815709 -0.00086228955 0)
(0.00011830419 -0.00091528232 0)
(0.000118252 -0.00096811558 0)
(0.00011802947 -0.0010207113 0)
(0.00011765369 -0.0010730172 0)
(0.00011709152 -0.001124994 0)
(0.00011612233 -0.0011763958 0)
(0.00011418162 -0.0012243523 0)
(-6.3017392e-06 -4.1540148e-06 0)
(-1.7074739e-05 -1.2356906e-05 0)
(-2.7147435e-05 -2.5124023e-05 0)
(-3.6119518e-05 -4.1691309e-05 0)
(-3.8786228e-06 -2.293e-06 0)
(-1.2552405e-05 -1.0566809e-05 0)
(-2.0601241e-05 -2.3403531e-05 0)
(-2.8153567e-05 -4.0292509e-05 0)
(-2.5212765e-06 -1.2424304e-06 0)
(-8.5677711e-06 -9.2522733e-06 0)
(-1.431443e-05 -2.2099962e-05 0)
(-1.9636326e-05 -3.9056681e-05 0)
(-1.4677659e-06 -6.8462391e-07 0)
(-4.9711731e-06 -8.4638035e-06 0)
(-8.3374875e-06 -2.1307661e-05 0)
(-1.1451789e-05 -3.8298371e-05 0)
(-5.0824704e-07 -4.7674323e-07 0)
(-1.5755047e-06 -8.1782053e-06 0)
(-2.544892e-06 -2.1033015e-05 0)
(-3.4199826e-06 -3.8045534e-05 0)
(4.3105319e-07 -5.6513181e-07 0)
(1.7689276e-06 -8.3794478e-06 0)
(3.1989109e-06 -2.1280457e-05 0)
(4.5724702e-06 -3.8304843e-05 0)
(1.3998436e-06 -9.5784661e-07 0)
(5.2002295e-06 -9.074267e-06 0)
(9.0281738e-06 -2.2051272e-05 0)
(1.262851e-05 -3.9074795e-05 0)
(2.4840773e-06 -1.7277916e-06 0)
(8.8790808e-06 -1.0291477e-05 0)
(1.5079425e-05 -2.3342359e-05 0)
(2.0860203e-05 -4.0345023e-05 0)
(3.9415214e-06 -3.0492263e-06 0)
(1.3015621e-05 -1.2062292e-05 0)
(2.1474737e-05 -2.5145038e-05 0)
(2.944743e-05 -4.2081892e-05 0)
(6.7206012e-06 -5.3047449e-06 0)
(1.7778626e-05 -1.4321537e-05 0)
(2.8139822e-05 -2.7354451e-05 0)
(3.746494e-05 -4.3966822e-05 0)
(1.6454026e-05 1.4596056e-05 0)
(4.0220604e-05 4.5803471e-05 0)
(5.8928514e-05 8.7658177e-05 0)
(7.2738988e-05 0.00013818242 0)
(8.1957323e-05 0.00019472103 0)
(8.6947493e-05 0.00025463304 0)
(8.8101564e-05 0.00031548679 0)
(8.582062e-05 0.00037509153 0)
(8.0508221e-05 0.00043150091 0)
(7.2568498e-05 0.00048301257 0)
(6.2405677e-05 0.0005281676 0)
(5.0423977e-05 0.00056575037 0)
(3.7027604e-05 0.00059478836 0)
(2.2620753e-05 0.00061455223 0)
(7.607616e-06 0.00062455573 0)
(-7.607616e-06 0.00062455573 0)
(-2.2620753e-05 0.00061455223 0)
(-3.7027604e-05 0.00059478836 0)
(-5.0423977e-05 0.00056575037 0)
(-6.2405677e-05 0.0005281676 0)
(-7.2568498e-05 0.00048301257 0)
(-8.0508221e-05 0.00043150091 0)
(-8.582062e-05 0.00037509153 0)
(-8.8101564e-05 0.00031548679 0)
(-8.6947493e-05 0.00025463304 0)
(-8.1957323e-05 0.00019472103 0)
(-7.2738988e-05 0.00013818242 0)
(-5.8928514e-05 8.7658177e-05 0)
(-4.0220604e-05 4.5803471e-05 0)
(-1.6454026e-05 1.4596056e-05 0)
(8.5093173e-06 9.7584567e-06 0)
(2.6142601e-05 4.1598774e-05 0)
(3.9954357e-05 8.4330297e-05 0)
(5.0078791e-05 0.00013570714 0)
(5.684908e-05 0.00019302487 0)
(6.0579037e-05 0.00025364317 0)
(6.1564549e-05 0.00031513191 0)
(6.0095821e-05 0.00037530092 0)
(5.6461778e-05 0.00043220401 0)
(5.0951136e-05 0.00048413884 0)
(4.38526e-05 0.00052964651 0)
(3.545488e-05 0.00056751139 0)
(2.6046683e-05 0.00059676097 0)
(1.5916717e-05 0.00061666589 0)
(5.3536902e-06 0.00062673991 0)
(-5.3536902e-06 0.00062673991 0)
(-1.5916717e-05 0.00061666589 0)
(-2.6046683e-05 0.00059676097 0)
(-3.545488e-05 0.00056751139 0)
(-4.38526e-05 0.00052964651 0)
(-5.0951136e-05 0.00048413884 0)
(-5.6461778e-05 0.00043220401 0)
(-6.0095821e-05 0.00037530092 0)
(-6.1564549e-05 0.00031513191 0)
(-6.0579037e-05 0.00025364317 0)
(-5.684908e-05 0.00019302487 0)
(-5.0078791e-05 0.00013570714 0)
(-3.9954357e-05 8.4330297e-05 0)
(-2.6142601e-05 4.1598774e-05 0)
(-8.5093173e-06 9.7584567e-06 0)
(4.3441112e-06 7.3255181e-06 0)
(1.4615055e-05 3.8708088e-05 0)
(2.304977e-05 8.1961883e-05 0)
(2.9251401e-05 0.00013392414 0)
(3.3402031e-05 0.00019177309 0)
(3.5712589e-05 0.00025286644 0)
(3.6371798e-05 0.00031477969 0)
(3.5557373e-05 0.00037532516 0)
(3.3443586e-05 0.00043255742 0)
(3.0203853e-05 0.00048477436 0)
(2.601141e-05 0.00053051712 0)
(2.1039471e-05 0.00056857006 0)
(1.5461253e-05 0.00059796069 0)
(9.4499758e-06 0.00061795965 0)
(3.1788626e-06 0.00062808069 0)
(-3.1788626e-06 0.00062808069 0)
(-9.4499758e-06 0.00061795965 0)
(-1.5461253e-05 0.00059796069 0)
(-2.1039471e-05 0.00056857006 0)
(-2.601141e-05 0.00053051712 0)
(-3.0203853e-05 0.00048477436 0)
(-3.3443586e-05 0.00043255742 0)
(-3.5557373e-05 0.00037532516 0)
(-3.6371798e-05 0.00031477969 0)
(-3.5712589e-05 0.00025286644 0)
(-3.3402031e-05 0.00019177309 0)
(-2.9251401e-05 0.00013392414 0)
(-2.304977e-05 8.1961883e-05 0)
(-1.4615055e-05 3.8708088e-05 0)
(-4.3441112e-06 7.3255181e-06 0)
(1.2758371e-06 6.2554591e-06 0)
(4.5924812e-06 3.7196803e-05 0)
(7.4363416e-06 8.064229e-05 0)
(9.5451935e-06 0.00013289601 0)
(1.0957527e-05 0.00019101592 0)
(1.1748456e-05 0.00025234963 0)
(1.1985685e-05 0.00031447616 0)
(1.1730673e-05 0.00037521016 0)
(1.1042303e-05 0.00043260709 0)
(9.9785983e-06 0.00048496509 0)
(8.597344e-06 0.00053082539 0)
(6.9562735e-06 0.00056897236 0)
(5.1131174e-06 0.00059843352 0)
(3.1256113e-06 0.00061847949 0)
(1.0514939e-06 0.00062862404 0)
(-1.0514939e-06 0.00062862404 0)
(-3.1256113e-06 0.00061847949 0)
(-5.1131174e-06 0.00059843352 0)
(-6.9562735e-06 0.00056897236 0)
(-8.597344e-06 0.00053082539 0)
(-9.9785983e-06 0.00048496509 0)
(-1.1042303e-05 0.00043260709 0)
(-1.1730673e-05 0.00037521016 0)
(-1.1985685e-05 0.00031447616 0)
(-1.1748456e-05 0.00025234963 0)
(-1.0957527e-05 0.00019101592 0)
(-9.5451935e-06 0.00013289601 0)
(-7.4363416e-06 8.064229e-05 0)
(-4.5924812e-06 3.7196803e-05 0)
(-1.2758371e-06 6.2554591e-06 0)
(-1.5394018e-06 6.155237e-06 0)
(-4.9424226e-06 3.699122e-05 0)
(-7.7304245e-06 8.0406528e-05 0)
(-9.7781427e-06 0.00013265784 0)
(-1.1149666e-05 0.0001907808 0)
(-1.1914141e-05 0.00025211688 0)
(-1.2131462e-05 0.00031424455 0)
(-1.1858816e-05 0.00037497896 0)
(-1.1153381e-05 0.000432376 0)
(-1.0072665e-05 0.00048473401 0)
(-8.674354e-06 0.0005305943 0)
(-7.0161892e-06 0.00056874126 0)
(-5.1559203e-06 0.00059820242 0)
(-3.1512943e-06 0.00061824839 0)
(-1.0600551e-06 0.00062839294 0)
(1.0600551e-06 0.00062839294 0)
(3.1512943e-06 0.00061824839 0)
(5.1559203e-06 0.00059820242 0)
(7.0161892e-06 0.00056874126 0)
(8.674354e-06 0.0005305943 0)
(1.0072665e-05 0.00048473401 0)
(1.1153381e-05 0.000432376 0)
(1.1858816e-05 0.00037497896 0)
(1.2131462e-05 0.00031424455 0)
(1.1914141e-05 0.00025211688 0)
(1.1149666e-05 0.0001907808 0)
(9.7781427e-06 0.00013265784 0)
(7.7304245e-06 8.0406528e-05 0)
(4.9424226e-06 3.699122e-05 0)
(1.5394018e-06 6.155237e-06 0)
(-4.5873871e-06 7.0131888e-06 0)
(-1.4920047e-05 3.808548e-05 0)
(-2.3311638e-05 8.1255337e-05 0)
(-2.9469205e-05 0.00013321157 0)
(-3.3588853e-05 0.00019106895 0)
(-3.5876951e-05 0.00025216872 0)
(-3.6517465e-05 0.00031408501 0)
(-3.5685632e-05 0.00037463157 0)
(-3.3554757e-05 0.00043186413 0)
(-3.0297964e-05 0.00048408111 0)
(-2.6088436e-05 0.00052982385 0)
(-2.1099391e-05 0.00056787677 0)
(-1.5504056e-05 0.0005972674 0)
(-9.4756587e-06 0.00061726635 0)
(-3.1874237e-06 0.00062738739 0)
(3.1874237e-06 0.00062738739 0)
(9.4756587e-06 0.00061726635 0)
(1.5504056e-05 0.0005972674 0)
(2.1099391e-05 0.00056787677 0)
(2.6088436e-05 0.00052982385 0)
(3.0297964e-05 0.00048408111 0)
(3.3554757e-05 0.00043186413 0)
(3.5685632e-05 0.00037463157 0)
(3.6517465e-05 0.00031408501 0)
(3.5876951e-05 0.00025216872 0)
(3.3588853e-05 0.00019106895 0)
(2.9469205e-05 0.00013321157 0)
(2.3311638e-05 8.1255337e-05 0)
(1.4920047e-05 3.808548e-05 0)
(4.5873871e-06 7.0131888e-06 0)
(-8.6778743e-06 9.1931958e-06 0)
(-2.6345179e-05 4.0544821e-05 0)
(-4.015664e-05 8.3157065e-05 0)
(-5.0271915e-05 0.00013452591 0)
(-5.7028144e-05 0.00019185497 0)
(-6.0741795e-05 0.0002524818 0)
(-6.171026e-05 0.00031397457 0)
(-6.0224338e-05 0.00037414504 0)
(-5.6573113e-05 0.00043104852 0)
(-5.104532e-05 0.0004829834 0)
(-4.3929652e-05 0.00052849105 0)
(-3.5514806e-05 0.0005663559 0)
(-2.6089487e-05 0.00059560547 0)
(-1.5942399e-05 0.00061551039 0)
(-5.362251e-06 0.00062558441 0)
(5.362251e-06 0.00062558441 0)
(1.5942399e-05 0.00061551039 0)
(2.6089487e-05 0.00059560547 0)
(3.5514806e-05 0.0005663559 0)
(4.3929652e-05 0.00052849105 0)
(5.104532e-05 0.0004829834 0)
(5.6573113e-05 0.00043104852 0)
(6.0224338e-05 0.00037414504 0)
(6.171026e-05 0.00031397457 0)
(6.0741795e-05 0.0002524818 0)
(5.7028144e-05 0.00019185497 0)
(5.0271915e-05 0.00013452591 0)
(4.015664e-05 8.3157065e-05 0)
(2.6345179e-05 4.0544821e-05 0)
(8.6778743e-06 9.1931958e-06 0)
(-1.6351414e-05 1.3683975e-05 0)
(-4.0252386e-05 4.4312663e-05 0)
(-5.9060271e-05 8.6030247e-05 0)
(-7.2909488e-05 0.00013654122 0)
(-8.2131222e-05 0.00019308939 0)
(-8.7109989e-05 0.00025300946 0)
(-8.8247825e-05 0.00031386717 0)
(-8.5949537e-05 0.00037347339 0)
(-8.0619743e-05 0.00042988319 0)
(-7.2662749e-05 0.00048139492 0)
(-6.2482746e-05 0.00052654994 0)
(-5.0483906e-05 0.00056413268 0)
(-3.7070407e-05 0.00059317067 0)
(-2.2646434e-05 0.00061293453 0)
(-7.6161765e-06 0.00062293803 0)
(7.6161765e-06 0.00062293803 0)
(2.2646434e-05 0.00061293453 0)
(3.7070407e-05 0.00059317067 0)
(5.0483906e-05 0.00056413268 0)
(6.2482746e-05 0.00052654994 0)
(7.2662749e-05 0.00048139492 0)
(8.0619743e-05 0.00042988319 0)
(8.5949537e-05 0.00037347339 0)
(8.8247825e-05 0.00031386717 0)
(8.7109989e-05 0.00025300946 0)
(8.2131222e-05 0.00019308939 0)
(7.2909488e-05 0.00013654122 0)
(5.9060271e-05 8.6030247e-05 0)
(4.0252386e-05 4.4312663e-05 0)
(1.6351414e-05 1.3683975e-05 0)
(2.7382758e-06 -1.0645488e-06 0)
(2.2153794e-06 -1.064662e-06 0)
(2.7164961e-06 -7.2219645e-07 0)
(2.2263901e-06 -7.147901e-07 0)
(2.0136053e-06 -1.026388e-06 0)
(1.96631e-06 -7.5024991e-07 0)
(1.9552711e-06 -7.7980039e-07 0)
(2.3938642e-06 -7.587908e-07 0)
(3.1262662e-06 -7.5831692e-07 0)
(4.0585795e-06 -7.5849065e-07 0)
(5.1232632e-06 1.4775942e-07 0)
(6.2186156e-06 2.0456279e-07 0)
(7.3354371e-06 2.3050416e-07 0)
(8.4650068e-06 2.3322342e-07 0)
(9.5758597e-06 2.2406466e-07 0)
(1.0644862e-05 2.0700002e-07 0)
(1.1657154e-05 1.8429349e-07 0)
(1.260187e-05 1.5716168e-07 0)
(1.3470535e-05 1.2638861e-07 0)
(1.4256222e-05 9.2552373e-08 0)
(1.4953168e-05 5.6137538e-08 0)
(1.5556587e-05 1.7585324e-08 0)
(1.6062585e-05 -2.2683111e-08 0)
(1.6468115e-05 -6.4255935e-08 0)
(1.6770961e-05 -1.0672566e-07 0)
(1.6969726e-05 -1.4968684e-07 0)
(1.7063825e-05 -1.9273495e-07 0)
(1.7053492e-05 -2.3546592e-07 0)
(1.6939767e-05 -2.7747589e-07 0)
(1.6724506e-05 -3.1836107e-07 0)
(1.6410374e-05 -3.5771775e-07 0)
(1.6000849e-05 -3.9514224e-07 0)
(1.5500216e-05 -4.3023089e-07 0)
(1.4913577e-05 -4.6258001e-07 0)
(1.4246841e-05 -4.9178596e-07 0)
(1.350673e-05 -5.1744507e-07 0)
(1.2700774e-05 -5.3915367e-07 0)
(1.1837319e-05 -5.5650814e-07 0)
(1.0925517e-05 -5.6910492e-07 0)
(9.9753333e-06 -5.7654055e-07 0)
(8.9975429e-06 -5.7841179e-07 0)
(8.0037293e-06 -5.7431582e-07 0)
(7.0062832e-06 -5.6385075e-07 0)
(6.0183973e-06 -5.4661658e-07 0)
(5.0540571e-06 -5.2221747e-07 0)
(4.12802e-06 -4.9026629e-07 0)
(3.2557727e-06 -4.5039447e-07 0)
(2.4534407e-06 -4.0227278e-07 0)
(1.7375996e-06 -3.4565621e-07 0)
(1.1248736e-06 -2.8047715e-07 0)
(6.3110895e-07 -2.0706197e-07 0)
(2.6952874e-07 -1.264893e-07 0)
(4.7385692e-08 -4.2041594e-08 0)
(5.2408738e-06 -8.9561096e-07 0)
(6.2123761e-06 -9.1571909e-07 0)
(7.3229456e-06 -9.0239285e-07 0)
(8.4561919e-06 -8.8172989e-07 0)
(9.5681218e-06 -8.5278228e-07 0)
(1.0637671e-05 -8.1791124e-07 0)
(1.1650176e-05 -7.7814098e-07 0)
(1.2594983e-05 -7.3426754e-07 0)
(1.3463685e-05 -6.8688454e-07 0)
(1.4249387e-05 -6.3649347e-07 0)
(1.4946339e-05 -5.8354667e-07 0)
(1.5549761e-05 -5.2847201e-07 0)
(1.605576e-05 -4.7168508e-07 0)
(1.6461292e-05 -4.1359543e-07 0)
(1.6764138e-05 -3.546096e-07 0)
(1.6962902e-05 -2.9513268e-07 0)
(1.7057002e-05 -2.3556904e-07 0)
(1.7046668e-05 -1.7632268e-07 0)
(1.6932944e-05 -1.1779742e-07 0)
(1.6717683e-05 -6.0397021e-08 0)
(1.6403551e-05 -4.5251685e-09 0)
(1.5994025e-05 4.9414439e-08 0)
(1.5493393e-05 1.0101812e-07 0)
(1.4906754e-05 1.4988219e-07 0)
(1.4240018e-05 1.95603e-07 0)
(1.3499906e-05 2.377769e-07 0)
(1.2693951e-05 2.760003e-07 0)
(1.1830495e-05 3.0986957e-07 0)
(1.0918693e-05 3.3898116e-07 0)
(9.9685095e-06 3.6293158e-07 0)
(8.9907191e-06 3.8131754e-07 0)
(7.9969056e-06 3.9373614e-07 0)
(6.9994596e-06 3.9978533e-07 0)
(6.0115742e-06 3.9906478e-07 0)
(5.0472352e-06 3.9117767e-07 0)
(4.1212008e-06 3.7573458e-07 0)
(3.24896e-06 3.5236126e-07 0)
(2.4466438e-06 3.2071493e-07 0)
(1.7308406e-06 2.8051801e-07 0)
(1.1182056e-06 2.3162434e-07 0)
(6.2466226e-07 1.741732e-07 0)
(2.6361262e-07 1.087815e-07 0)
(4.3043253e-08 3.7694066e-08 0)
(-2.7373122e-06 -1.0645494e-06 0)
(-2.2144198e-06 -1.064662e-06 0)
(-2.7155325e-06 -7.2220146e-07 0)
(-2.2254305e-06 -7.1479567e-07 0)
(-2.0126515e-06 -1.0263876e-06 0)
(-1.9653542e-06 -7.5025567e-07 0)
(-1.9543235e-06 -7.7980532e-07 0)
(-2.3929281e-06 -7.5879566e-07 0)
(-3.1253455e-06 -7.5832198e-07 0)
(-4.0576774e-06 -7.5849604e-07 0)
(-5.1223833e-06 1.4777383e-07 0)
(-6.2177602e-06 2.0457852e-07 0)
(-7.3346077e-06 2.3052066e-07 0)
(-8.4642049e-06 2.3324026e-07 0)
(-9.5750861e-06 2.2408162e-07 0)
(-1.0644117e-05 2.0701695e-07 0)
(-1.1656439e-05 1.8431027e-07 0)
(-1.2601185e-05 1.5717821e-07 0)
(-1.3469879e-05 1.2640481e-07 0)
(-1.4255595e-05 9.2568154e-08 0)
(-1.4952571e-05 5.6152858e-08 0)
(-1.5556019e-05 1.7600137e-08 0)
(-1.6062047e-05 -2.2668853e-08 0)
(-1.6467606e-05 -6.4242283e-08 0)
(-1.6770481e-05 -1.0671266e-07 0)
(-1.6969274e-05 -1.496745e-07 0)
(-1.7063401e-05 -1.9272327e-07 0)
(-1.7053095e-05 -2.3545488e-07 0)
(-1.6939397e-05 -2.7746544e-07 0)
(-1.6724163e-05 -3.183512e-07 0)
(-1.6410056e-05 -3.5770843e-07 0)
(-1.6000555e-05 -3.9513347e-07 0)
(-1.5499947e-05 -4.3022262e-07 0)
(-1.4913332e-05 -4.625722e-07 0)
(-1.4246618e-05 -4.9177854e-07 0)
(-1.3506528e-05 -5.1743799e-07 0)
(-1.2700594e-05 -5.3914692e-07 0)
(-1.1837158e-05 -5.5650173e-07 0)
(-1.0925375e-05 -5.6909887e-07 0)
(-9.9752091e-06 -5.7653487e-07 0)
(-8.9974355e-06 -5.7840645e-07 0)
(-8.0036376e-06 -5.7431079e-07 0)
(-7.006206e-06 -5.6384599e-07 0)
(-6.0183336e-06 -5.4661212e-07 0)
(-5.0540057e-06 -5.2221334e-07 0)
(-4.1279796e-06 -4.9026255e-07 0)
(-3.255742e-06 -4.5039116e-07 0)
(-2.4534186e-06 -4.0226993e-07 0)
(-1.7375846e-06 -3.4565381e-07 0)
(-1.1248644e-06 -2.8047521e-07 0)
(-6.3110403e-07 -2.0706054e-07 0)
(-2.6952676e-07 -1.2648843e-07 0)
(-4.7385368e-08 -4.2041303e-08 0)
(-5.2399966e-06 -8.9562001e-07 0)
(-6.2115208e-06 -9.1572931e-07 0)
(-7.322116e-06 -9.0240361e-07 0)
(-8.4553898e-06 -8.8174111e-07 0)
(-9.567348e-06 -8.5279391e-07 0)
(-1.0636927e-05 -8.1792327e-07 0)
(-1.164946e-05 -7.781534e-07 0)
(-1.2594297e-05 -7.3428037e-07 0)
(-1.3463028e-05 -6.8689777e-07 0)
(-1.424876e-05 -6.365071e-07 0)
(-1.4945742e-05 -5.8356067e-07 0)
(-1.5549194e-05 -5.2848635e-07 0)
(-1.6055222e-05 -4.7169975e-07 0)
(-1.6460782e-05 -4.1361042e-07 0)
(-1.6763657e-05 -3.5462489e-07 0)
(-1.696245e-05 -2.9514824e-07 0)
(-1.7056578e-05 -2.355848e-07 0)
(-1.7046271e-05 -1.7633855e-07 0)
(-1.6932574e-05 -1.1781333e-07 0)
(-1.6717339e-05 -6.0412878e-08 0)
(-1.6403233e-05 -4.5409214e-09 0)
(-1.5993732e-05 4.9398851e-08 0)
(-1.5493124e-05 1.0100277e-07 0)
(-1.4906508e-05 1.4986718e-07 0)
(-1.4239795e-05 1.9558844e-07 0)
(-1.3499704e-05 2.3776288e-07 0)
(-1.269377e-05 2.7598687e-07 0)
(-1.1830334e-05 3.0985676e-07 0)
(-1.0918551e-05 3.3896897e-07 0)
(-9.9683855e-06 3.6292005e-07 0)
(-8.9906119e-06 3.8130673e-07 0)
(-7.9968141e-06 3.9372613e-07 0)
(-6.9993827e-06 3.9977619e-07 0)
(-6.0115107e-06 3.9905652e-07 0)
(-5.0471839e-06 3.9117029e-07 0)
(-4.1211605e-06 3.7572804e-07 0)
(-3.2489295e-06 3.5235556e-07 0)
(-2.4466218e-06 3.207101e-07 0)
(-1.7308258e-06 2.8051411e-07 0)
(-1.1181966e-06 2.316214e-07 0)
(-6.2465748e-07 1.7417119e-07 0)
(-2.6361075e-07 1.0878037e-07 0)
(-4.3042986e-08 3.769373e-08 0)
(1.7620246e-07 2.1696032e-07 0)
(4.2345585e-07 1.563492e-06 0)
(6.4050923e-07 3.8155446e-06 0)
(8.2109653e-07 6.8476496e-06 0)
(9.6627332e-07 1.0522638e-05 0)
(1.0776877e-06 1.470407e-05 0)
(1.1572714e-06 1.9261382e-05 0)
(1.2070421e-06 2.4071488e-05 0)
(1.2290455e-06 2.9019293e-05 0)
(1.2253359e-06 3.3997857e-05 0)
(1.1979704e-06 3.8908448e-05 0)
(1.149007e-06 4.3660563e-05 0)
(1.0805034e-06 4.8171926e-05 0)
(9.9451728e-07 5.2368493e-05 0)
(8.9310591e-07 5.6184447e-05 0)
(7.7832647e-07 5.9562204e-05 0)
(6.5223595e-07 6.2452406e-05 0)
(5.1689119e-07 6.4813921e-05 0)
(3.743489e-07 6.6613846e-05 0)
(2.2666565e-07 6.7827505e-05 0)
(7.5897884e-08 6.8438447e-05 0)
(-7.5898036e-08 6.8438447e-05 0)
(-2.266658e-07 6.7827505e-05 0)
(-3.7434904e-07 6.6613846e-05 0)
(-5.1689133e-07 6.4813921e-05 0)
(-6.5223609e-07 6.2452406e-05 0)
(-7.7832661e-07 5.9562205e-05 0)
(-8.9310606e-07 5.6184448e-05 0)
(-9.9451744e-07 5.2368493e-05 0)
(-1.0805036e-06 4.8171926e-05 0)
(-1.1490072e-06 4.3660563e-05 0)
(-1.1979706e-06 3.8908449e-05 0)
(-1.225336e-06 3.3997857e-05 0)
(-1.2290455e-06 2.9019294e-05 0)
(-1.2070422e-06 2.4071489e-05 0)
(-1.1572714e-06 1.9261382e-05 0)
(-1.0776878e-06 1.470407e-05 0)
(-9.6627333e-07 1.0522638e-05 0)
(-8.2109653e-07 6.8476497e-06 0)
(-6.4050924e-07 3.8155446e-06 0)
(-4.2345588e-07 1.563492e-06 0)
(-1.7620246e-07 2.1696033e-07 0)
(-1.7630721e-07 2.1688986e-07 0)
(-4.2360444e-07 1.5633985e-06 0)
(-6.4066699e-07 3.8154463e-06 0)
(-8.212511e-07 6.8475497e-06 0)
(-9.664208e-07 1.0522538e-05 0)
(-1.0778269e-06 1.4703969e-05 0)
(-1.1574017e-06 1.9261281e-05 0)
(-1.2071635e-06 2.4071388e-05 0)
(-1.2291579e-06 2.9019193e-05 0)
(-1.2254394e-06 3.3997756e-05 0)
(-1.198065e-06 3.8908348e-05 0)
(-1.1490926e-06 4.3660463e-05 0)
(-1.08058e-06 4.8171825e-05 0)
(-9.9458489e-07 5.2368392e-05 0)
(-8.9316452e-07 5.6184347e-05 0)
(-7.7837608e-07 5.9562104e-05 0)
(-6.5227657e-07 6.2452305e-05 0)
(-5.1692282e-07 6.481382e-05 0)
(-3.7437154e-07 6.6613745e-05 0)
(-2.2667929e-07 6.7827404e-05 0)
(-7.5902534e-08 6.8438347e-05 0)
(7.590238e-08 6.8438347e-05 0)
(2.2667913e-07 6.7827404e-05 0)
(3.7437137e-07 6.6613745e-05 0)
(5.1692265e-07 6.481382e-05 0)
(6.5227641e-07 6.2452305e-05 0)
(7.7837592e-07 5.9562104e-05 0)
(8.9316436e-07 5.6184347e-05 0)
(9.9458473e-07 5.2368392e-05 0)
(1.0805799e-06 4.8171826e-05 0)
(1.1490925e-06 4.3660463e-05 0)
(1.1980649e-06 3.8908348e-05 0)
(1.2254393e-06 3.3997756e-05 0)
(1.2291579e-06 2.9019193e-05 0)
(1.2071635e-06 2.4071388e-05 0)
(1.1574017e-06 1.9261282e-05 0)
(1.0778269e-06 1.4703969e-05 0)
(9.6642081e-07 1.0522538e-05 0)
(8.2125112e-07 6.8475498e-06 0)
(6.40667e-07 3.8154463e-06 0)
(4.2360442e-07 1.5633985e-06 0)
(1.7630722e-07 2.1688985e-07 0)
)
;

boundaryField
{
    cornea_bottom
    {
        type            solidTraction;
        nonOrthogonalCorrections true;
        useUndeformedArea false;
        traction        uniform (0 0 0);
        pressure        uniform 0;
        secondOrder     false;
        extrapolateValue false;
        setEffectiveTraction false;
        relaxationFactor 1;
        value           nonuniform List<vector> 
40
(
(-5.3311724e-06 -3.5277968e-06 0)
(-8.2459225e-06 -1.2845088e-05 0)
(-1.0665043e-05 -2.7644076e-05 0)
(-1.2616029e-05 -4.703222e-05 0)
(-1.4117725e-05 -7.0098268e-05 0)
(-1.5195276e-05 -9.5971663e-05 0)
(-1.5875368e-05 -0.00012383168 0)
(-1.6185205e-05 -0.00015291091 0)
(-1.6152156e-05 -0.00018249628 0)
(-1.5803641e-05 -0.00021192949 0)
(-1.5167093e-05 -0.00024060704 0)
(-1.4269951e-05 -0.00026798032 0)
(-1.3139652e-05 -0.00029355556 -3.8870929e-21)
(-1.1803632e-05 -0.0003168939 6.2590902e-22)
(-1.0289323e-05 -0.00033761132 3.0993208e-21)
(-8.6241586e-06 -0.00035537869 -1.7278906e-37)
(-6.8355678e-06 -0.00036992171 6.9465437e-54)
(-4.9509803e-06 -0.00038102098 1.2414492e-70)
(-2.9978241e-06 -0.00038851191 1.4736384e-86)
(-1.0035272e-06 -0.00039228481 0)
(1.0044834e-06 -0.00039228482 2.4037164e-70)
(2.9987805e-06 -0.00038851193 3.9459095e-54)
(4.951937e-06 -0.00038102101 2.0443782e-38)
(6.8365251e-06 -0.00036992175 -2.3645237e-21)
(8.6251165e-06 -0.00035537874 -8.9378264e-22)
(1.0290282e-05 -0.00033761138 9.9326155e-22)
(1.1804591e-05 -0.00031689396 2.3756206e-21)
(1.3140612e-05 -0.00029355562 0)
(1.4270912e-05 -0.00026798038 0)
(1.5168055e-05 -0.00024060711 0)
(1.5804603e-05 -0.00021192956 0)
(1.6153119e-05 -0.00018249634 0)
(1.6186169e-05 -0.00015291096 0)
(1.5876332e-05 -0.00012383173 0)
(1.5196241e-05 -9.5971704e-05 0)
(1.411869e-05 -7.00983e-05 0)
(1.2616993e-05 -4.7032245e-05 -7.2007701e-22)
(1.0666008e-05 -2.7644092e-05 -6.7695029e-22)
(8.2468871e-06 -1.2845096e-05 -1.2886818e-22)
(5.3321358e-06 -3.5277979e-06 0)
)
;
        gradient        nonuniform List<vector> 
40
(
(-0.0059374902 -0.0023893576 0)
(-0.012058125 -0.0021820377 0)
(-0.017093545 -0.0017877704 0)
(-0.021227068 -0.0014124606 0)
(-0.024469688 -0.0010551465 0)
(-0.02686667 -0.00071903549 0)
(-0.02846958 -0.00040497072 0)
(-0.029332254 -0.00011323143 0)
(-0.029509245 0.00015609459 0)
(-0.029055332 0.00040298043 0)
(-0.028025364 0.00062741855 0)
(-0.026474211 0.00082940769 0)
(-0.024456746 0.0010089488 -1.5548372e-17)
(-0.02202784 0.0011660434 2.5036361e-18)
(-0.019242358 0.0013006933 1.2397283e-17)
(-0.016155165 0.0014128997 -2.500268e-33)
(-0.01282112 0.0015026635 -3.3066792e-50)
(-0.0092950808 0.0015699857 -7.125023e-67)
(-0.0056319052 0.0016148668 4.1329714e-82)
(-0.001886448 0.0016373073 0)
(0.0018864364 0.0016373074 -2.7470851e-67)
(0.005631894 0.0016148671 -1.9024445e-50)
(0.0092950703 0.0015699861 -1.0462184e-33)
(0.01282111 0.001502664 -9.4580948e-18)
(0.016155157 0.0014129002 -3.5751305e-18)
(0.019242352 0.0013006939 3.9730462e-18)
(0.022027836 0.0011660441 9.5024824e-18)
(0.024456744 0.0010089494 0)
(0.026474211 0.0008294083 0)
(0.028025365 0.00062741914 0)
(0.029055335 0.000402981 0)
(0.029509249 0.00015609513 0)
(0.02933226 -0.00011323096 0)
(0.028469587 -0.00040497035 0)
(0.026866678 -0.0007190352 0)
(0.024469696 -0.0010551462 0)
(0.021227077 -0.0014124604 -2.880308e-18)
(0.017093553 -0.0017877704 -2.7078012e-18)
(0.012058133 -0.0021820381 -5.1547272e-19)
(0.005937494 -0.0023893581 0)
)
;
    }
    cornea_top
    {
        type            solidTraction;
        nonOrthogonalCorrections true;
        useUndeformedArea false;
        traction        uniform (0 0 0);
        pressure        uniform 1000;
        secondOrder     false;
        extrapolateValue false;
        setEffectiveTraction false;
        relaxationFactor 1;
        value           nonuniform List<vector> 
40
(
(4.7604142e-07 -3.5939177e-06 0)
(3.5941722e-06 -1.2937518e-05 0)
(6.2498034e-06 -2.7744817e-05 0)
(8.4483318e-06 -4.7135663e-05 0)
(1.0201124e-05 -7.0202585e-05 0)
(1.1530923e-05 -9.6076263e-05 0)
(1.2463634e-05 -0.00012393638 0)
(1.3026212e-05 -0.00015301563 0)
(1.3245943e-05 -0.00018260102 0)
(1.315022e-05 -0.00021203423 0)
(1.2766469e-05 -0.00024071178 0)
(1.2122125e-05 -0.00026808505 0)
(1.1244624e-05 -0.0002936603 0)
(1.0161402e-05 -0.00031699863 0)
(8.8998927e-06 -0.00033771606 0)
(7.4875267e-06 -0.00035548342 0)
(5.9517346e-06 -0.00037002645 0)
(4.3199457e-06 -0.00038112571 0)
(2.6195883e-06 -0.00038861665 0)
(8.7808993e-07 -0.00039238955 0)
(-8.7712211e-07 -0.00039238955 0)
(-2.6186207e-06 -0.00038861667 0)
(-4.3189786e-06 -0.00038112574 0)
(-5.9507682e-06 -0.00037002649 0)
(-7.4865611e-06 -0.00035548347 0)
(-8.898928e-06 -0.00033771611 0)
(-1.0160439e-05 -0.00031699869 0)
(-1.1243662e-05 -0.00029366036 0)
(-1.2121163e-05 -0.00026808512 0)
(-1.2765508e-05 -0.00024071184 0)
(-1.3149261e-05 -0.00021203429 0)
(-1.3244984e-05 -0.00018260107 0)
(-1.3025254e-05 -0.00015301568 0)
(-1.2462677e-05 -0.00012393642 0)
(-1.1529966e-05 -9.6076304e-05 0)
(-1.0200168e-05 -7.0202618e-05 0)
(-8.4473753e-06 -4.7135688e-05 0)
(-6.2488469e-06 -2.7744833e-05 0)
(-3.5932152e-06 -1.2937527e-05 0)
(-4.7508299e-07 -3.5939192e-06 0)
)
;
        gradient        nonuniform List<vector> 
40
(
(0.0059858231 -0.0025108851 0)
(0.012075435 -0.0023646297 0)
(0.017099051 -0.0019884287 0)
(0.021228856 -0.0016190856 0)
(0.024470266 -0.0012636961 0)
(0.026866857 -0.00092820859 0)
(0.02846964 -0.00061434566 0)
(0.029332273 -0.00032267174 0)
(0.029509251 -5.3366898e-05 0)
(0.029055334 0.0001935121 0)
(0.028025365 0.00041794803 0)
(0.026474211 0.00061993645 0)
(0.024456746 0.00079947728 0)
(0.02202784 0.00095657186 0)
(0.019242358 0.0010912217 0)
(0.016155165 0.0012034282 0)
(0.012821119 0.0012931921 0)
(0.0092950808 0.0013605143 0)
(0.0056319052 0.0014053954 0)
(0.001886448 0.0014278359 0)
(-0.0018864364 0.0014278359 0)
(-0.005631894 0.0014053956 0)
(-0.0092950703 0.0013605147 0)
(-0.01282111 0.0012931926 0)
(-0.016155157 0.0012034289 0)
(-0.019242352 0.0010912226 0)
(-0.022027836 0.00095657276 0)
(-0.024456744 0.00079947814 0)
(-0.026474211 0.00061993725 0)
(-0.028025366 0.00041794878 0)
(-0.029055337 0.00019351283 0)
(-0.029509256 -5.3366219e-05 0)
(-0.029332279 -0.00032267121 0)
(-0.028469647 -0.00061434531 0)
(-0.026866865 -0.00092820841 0)
(-0.024470274 -0.0012636961 0)
(-0.021228865 -0.0016190857 0)
(-0.01709906 -0.001988429 0)
(-0.012075443 -0.0023646306 0)
(-0.0059858264 -0.0025108861 0)
)
;
    }
    iris_pupil
    {
        type            solidTraction;
        nonOrthogonalCorrections true;
        useUndeformedArea false;
        traction        uniform (0 0 0);
        pressure        uniform 0;
        secondOrder     false;
        extrapolateValue false;
        setEffectiveTraction false;
        relaxationFactor 1;
        value           nonuniform List<vector> 10((9.6131936e-05 -0.0012384846 0) (7.727194e-05 -0.0012451352 0) (5.4534218e-05 -0.0012486689 0) (3.0475935e-05 -0.0012502268 0) (5.8326068e-06 -0.001250987 0) (-1.8939187e-05 -0.0012512342 0) (-4.3578988e-05 -0.0012509667 0) (-6.7627468e-05 -0.0012498907 0) (-9.0333364e-05 -0.0012468222 0) (-0.00010912909 -0.0012405653 0));
        gradient        nonuniform List<vector> 10((-0.020887576 -0.065431396 0) (-0.0090931363 -0.086661913 0) (-0.0045460903 -0.097491679 0) (-0.0020697106 -0.10146169 0) (-0.00089945606 -0.10294817 0) (1.8103904e-05 -0.10294082 0) (0.0011995902 -0.10143392 0) (0.0037004506 -0.097404951 0) (0.008326285 -0.086461716 0) (0.020210085 -0.064851815 0));
    }
    iris_bottom
    {
        type            solidTraction;
        nonOrthogonalCorrections true;
        useUndeformedArea false;
        traction        uniform (0 0 0);
        pressure        uniform 1000;
        secondOrder     false;
        extrapolateValue false;
        setEffectiveTraction false;
        relaxationFactor 1;
        value           nonuniform List<vector> 
26
(
(0.00010922582 -0.0012210114 0)
(0.00011553873 -0.0011736144 0)
(0.00011748792 -0.0011224783 0)
(0.00011863233 -0.0010705585 0)
(0.0001195343 -0.0010182759 0)
(0.00012026865 -0.00096569938 0)
(0.00012081641 -0.00091288753 3.75412e-21)
(0.0001211437 -0.00085991941 1.881448e-21)
(0.00012121539 -0.00080689265 -1.0444729e-21)
(0.0001209968 -0.00075392065 6.128766e-36)
(0.00012045358 -0.00070113148 -9.4969884e-21)
(0.0001195515 -0.00064866754 -6.4870542e-21)
(0.00011825639 -0.00059668549 -2.1848399e-36)
(0.00011653405 -0.00054535622 9.2955391e-37)
(0.00011435033 -0.00049486484 -3.9007329e-21)
(0.00011167103 -0.00044541074 -6.7498154e-21)
(0.00010846197 -0.00039720753 -8.5843448e-22)
(0.00010468899 -0.00035048307 5.7770844e-37)
(0.00010031792 -0.00030547949 7.0041976e-52)
(9.5314725e-05 -0.00026245321 -5.1075536e-67)
(8.9645818e-05 -0.00022167476 8.6664994e-82)
(8.3279209e-05 -0.00018342795 0)
(7.6187422e-05 -0.00014800601 0)
(6.8349558e-05 -0.0001156983 0)
(5.9716951e-05 -8.6779984e-05 0)
(4.9384662e-05 -6.1650931e-05 -1.6116589e-22)
)
;
        gradient        nonuniform List<vector> 
26
(
(0.065599956 0.0092944049 0)
(0.098533111 0.0042837537 0)
(0.10305582 0.0020686828 0)
(0.10420248 0.0016198771 0)
(0.10485916 0.0014441408 0)
(0.10538833 0.001292336 0)
(0.10577998 0.0011178765 3.1284333e-17)
(0.10599488 0.00091384536 1.5678734e-17)
(0.10599876 0.00067989826 -8.7039405e-18)
(0.10576117 0.00041636681 2.2743822e-33)
(0.1052531 0.00012344521 -7.914157e-17)
(0.10444599 -0.00019879509 -5.4058785e-17)
(0.10331133 -0.0005503342 1.0702733e-32)
(0.10182065 -0.00093116837 1.048446e-32)
(0.099945476 -0.0013412978 -3.2506108e-17)
(0.097657316 -0.0017807233 -5.6248462e-17)
(0.094927673 -0.0022494444 -7.1536207e-18)
(0.091728031 -0.0027474507 1.3500925e-32)
(0.088029855 -0.0032746847 4.2101927e-48)
(0.083804737 -0.0038309013 -3.5514645e-63)
(0.079025259 -0.0044152212 -1.6022583e-78)
(0.073668747 -0.0050250268 0)
(0.06772965 -0.0056555644 0)
(0.061226026 -0.0063159164 0)
(0.054047372 -0.0073849557 1.6274522e-320)
(0.038802747 -0.008624282 -1.3430491e-18)
)
;
    }
    iris_top
    {
        type            solidTraction;
        nonOrthogonalCorrections true;
        useUndeformedArea false;
        traction        uniform (0 0 0);
        pressure        uniform 1300;
        secondOrder     false;
        extrapolateValue false;
        setEffectiveTraction false;
        relaxationFactor 1;
        value           nonuniform List<vector> 
26
(
(-0.00012199973 -0.0012234732 0)
(-0.00012793961 -0.0011761281 0)
(-0.00012945804 -0.0011249958 0)
(-0.00013015848 -0.0010730737 0)
(-0.00013061291 -0.0010207891 0)
(-0.00013089877 -0.00096821165 0)
(-0.00013099786 -0.00091539934 0)
(-0.0001308765 -0.00086243105 0)
(-0.0001304996 -0.00080940424 0)
(-0.00012983248 -0.00075643223 0)
(-0.00012884074 -0.00070364307 0)
(-0.00012749016 -0.00065117914 0)
(-0.00012574655 -0.00059919709 0)
(-0.00012357572 -0.00054786782 0)
(-0.00012094349 -0.00049737644 0)
(-0.0001178157 -0.00044792233 0)
(-0.00011415815 -0.0003997191 0)
(-0.00010993666 -0.0003529946 0)
(-0.00010511704 -0.00030799096 0)
(-9.9665175e-05 -0.0002649646 0)
(-9.354731e-05 -0.00022418618 0)
(-8.6731184e-05 -0.00018593989 0)
(-7.9189054e-05 -0.0001505199 0)
(-7.0900681e-05 -0.0001182174 0)
(-6.182415e-05 -8.9307506e-05 0)
(-5.1101615e-05 -6.4161603e-05 0)
)
;
        gradient        nonuniform List<vector> 
26
(
(-0.065150948 0.0073262891 0)
(-0.098477381 0.002230706 0)
(-0.1030544 -1.4768059e-05 0)
(-0.10420663 -0.00047077079 0)
(-0.10486204 -0.00064844833 0)
(-0.1053898 -0.000800737 0)
(-0.10578061 -0.00097525882 0)
(-0.1059951 -0.0011792506 0)
(-0.10599882 -0.0014131534 0)
(-0.10576117 -0.0016766563 0)
(-0.10525309 -0.0019695633 0)
(-0.10444598 -0.0022917971 0)
(-0.10331132 -0.0026433334 0)
(-0.10182065 -0.0030241659 0)
(-0.099945486 -0.0034342938 0)
(-0.097657343 -0.0038737187 0)
(-0.094927733 -0.0043424446 0)
(-0.091728139 -0.0048404741 0)
(-0.088029997 -0.0053677791 0)
(-0.083804778 -0.005924171 0)
(-0.079024708 -0.0065088536 0)
(-0.073666275 -0.0071192527 0)
(-0.06772249 -0.0077502153 0)
(-0.061212398 -0.0084078159 0)
(-0.054055799 -0.0094510284 0)
(-0.039171116 -0.010593153 0)
)
;
    }
    sclera_stub_bottom
    {
        type            solidTraction;
        nonOrthogonalCorrections true;
        useUndeformedArea false;
        traction        uniform (0 0 0);
        pressure        uniform 1000;
        secondOrder     false;
        extrapolateValue false;
        setEffectiveTraction false;
        relaxationFactor 1;
        value           nonuniform List<vector> 4((3.8852188e-05 -4.1999431e-05 -2.2807264e-37) (3.0575536e-05 -2.6025656e-05 -8.1927889e-52) (1.9587106e-05 -1.3431924e-05 0) (7.939074e-06 -5.0892597e-06 0));
        gradient        nonuniform List<vector> 4((0.022772249 -0.0025676875 -4.3548335e-33) (0.028567507 -0.0075136063 -4.5956375e-48) (0.020936396 -0.0089584835 0) (0.013644457 -0.0077937073 0));
    }
    sclera_stub_top
    {
        type            solidTraction;
        nonOrthogonalCorrections true;
        useUndeformedArea false;
        traction        uniform (0 0 0);
        pressure        uniform 1300;
        secondOrder     false;
        extrapolateValue false;
        setEffectiveTraction false;
        relaxationFactor 1;
        value           nonuniform List<vector> 4((-4.0161527e-05 -4.4504981e-05 0) (-3.1606117e-05 -2.8485708e-05 0) (-2.0418202e-05 -1.5619184e-05 0) (-8.627423e-06 -6.4892387e-06 0));
        gradient        nonuniform List<vector> 4((-0.022471564 -0.0044846622 0) (-0.028885797 -0.0094271395 0) (-0.021996469 -0.010813726 0) (-0.015890182 -0.0098707822 0));
    }
    iris_base
    {
        type            fixedValue;
        value           uniform (0 0 0);
    }
    iris_pupil_left
    {
        type            solidTraction;
        nonOrthogonalCorrections true;
        useUndeformedArea false;
        traction        uniform (0 0 0);
        pressure        uniform 0;
        secondOrder     false;
        extrapolateValue false;
        setEffectiveTraction false;
        relaxationFactor 1;
        value           nonuniform List<vector> 10((-9.613194e-05 -0.0012384846 0) (-7.7271944e-05 -0.0012451353 0) (-5.453422e-05 -0.001248669 0) (-3.0475936e-05 -0.0012502269 0) (-5.8326069e-06 -0.001250987 0) (1.8939188e-05 -0.0012512343 0) (4.3578989e-05 -0.0012509668 0) (6.7627471e-05 -0.0012498907 0) (9.0333368e-05 -0.0012468223 0) (0.0001091291 -0.0012405653 0));
        gradient        nonuniform List<vector> 10((0.020887577 -0.065431399 0) (0.0090931366 -0.086661917 0) (0.0045460903 -0.097491683 0) (0.0020697105 -0.10146169 0) (0.00089945602 -0.10294817 0) (-1.8103929e-05 -0.10294083 0) (-0.0011995902 -0.10143392 0) (-0.0037004506 -0.097404955 0) (-0.0083262852 -0.08646172 0) (-0.020210086 -0.064851819 0));
    }
    iris_bottom_left
    {
        type            solidTraction;
        nonOrthogonalCorrections true;
        useUndeformedArea false;
        traction        uniform (0 0 0);
        pressure        uniform 1000;
        secondOrder     false;
        extrapolateValue false;
        setEffectiveTraction false;
        relaxationFactor 1;
        value           nonuniform List<vector> 
26
(
(-4.9384662e-05 -6.1650931e-05 0)
(-5.9716951e-05 -8.6779985e-05 0)
(-6.8349559e-05 -0.0001156983 0)
(-7.6187423e-05 -0.00014800601 0)
(-8.327921e-05 -0.00018342795 0)
(-8.9645819e-05 -0.00022167476 1.1581066e-21)
(-9.5314726e-05 -0.00026245321 1.5488958e-21)
(-0.00010031792 -0.0003054795 9.584964e-22)
(-0.00010468899 -0.00035048307 5.0138672e-37)
(-0.00010846197 -0.00039720753 0)
(-0.00011167103 -0.00044541074 -2.9436733e-100)
(-0.00011435033 -0.00049486485 -6.1960664e-67)
(-0.00011653406 -0.00054535622 -1.99435e-52)
(-0.00011825639 -0.0005966855 3.7088748e-37)
(-0.0001195515 -0.00064866755 -7.8964546e-23)
(-0.00012045358 -0.00070113149 -3.8260795e-24)
(-0.0001209968 -0.00075392066 0)
(-0.00012121539 -0.00080689266 0)
(-0.0001211437 -0.00085991942 0)
(-0.00012081642 -0.00091288754 0)
(-0.00012026866 -0.0009656994 0)
(-0.0001195343 -0.0010182759 0)
(-0.00011863233 -0.0010705586 0)
(-0.00011748792 -0.0011224784 0)
(-0.00011553874 -0.0011736144 0)
(-0.00010922583 -0.0012210115 0)
)
;
        gradient        nonuniform List<vector> 
26
(
(-0.038802747 -0.0086242821 0)
(-0.054047372 -0.0073849558 0)
(-0.061226026 -0.0063159165 0)
(-0.06772965 -0.0056555645 0)
(-0.073668748 -0.0050250269 0)
(-0.07902526 -0.0044152214 9.6508884e-18)
(-0.083804738 -0.0038309014 1.2907465e-17)
(-0.088029857 -0.0032746849 7.98747e-18)
(-0.091728032 -0.0027474508 -5.5210135e-33)
(-0.094927675 -0.0022494446 0)
(-0.097657317 -0.0017807235 3.1904822e-97)
(-0.099945478 -0.001341298 -3.0763849e-63)
(-0.10182065 -0.00093116853 -5.0269292e-48)
(-0.10331133 -0.00055033436 3.8897887e-33)
(-0.10444599 -0.00019879527 -6.5803789e-19)
(-0.10525311 0.00012344503 -3.1883996e-20)
(-0.10576117 0.00041636663 0)
(-0.10599876 0.00067989807 0)
(-0.10599488 0.00091384517 0)
(-0.10577998 0.0011178763 0)
(-0.10538833 0.0012923359 0)
(-0.10485916 0.0014441406 0)
(-0.10420248 0.0016198769 0)
(-0.10305583 0.0020686826 0)
(-0.098533115 0.0042837534 0)
(-0.06559996 0.0092944051 0)
)
;
    }
    iris_top_left
    {
        type            solidTraction;
        nonOrthogonalCorrections true;
        useUndeformedArea false;
        traction        uniform (0 0 0);
        pressure        uniform 1300;
        secondOrder     false;
        extrapolateValue false;
        setEffectiveTraction false;
        relaxationFactor 1;
        value           nonuniform List<vector> 
26
(
(5.1101615e-05 -6.4161603e-05 0)
(6.1824151e-05 -8.9307507e-05 0)
(7.0900682e-05 -0.0001182174 0)
(7.9189055e-05 -0.00015051991 0)
(8.6731184e-05 -0.00018593989 0)
(9.3547312e-05 -0.00022418618 0)
(9.9665177e-05 -0.0002649646 0)
(0.00010511704 -0.00030799096 0)
(0.00010993666 -0.0003529946 0)
(0.00011415815 -0.0003997191 0)
(0.0001178157 -0.00044792233 0)
(0.00012094349 -0.00049737644 0)
(0.00012357572 -0.00054786782 0)
(0.00012574655 -0.0005991971 0)
(0.00012749016 -0.00065117915 0)
(0.00012884074 -0.00070364308 0)
(0.00012983248 -0.00075643224 0)
(0.00013049961 -0.00080940425 0)
(0.0001308765 -0.00086243106 0)
(0.00013099786 -0.00091539936 0)
(0.00013089877 -0.00096821167 0)
(0.00013061291 -0.0010207892 0)
(0.00013015849 -0.0010730737 0)
(0.00012945805 -0.0011249958 0)
(0.00012793961 -0.0011761281 0)
(0.00012199973 -0.0012234732 0)
)
;
        gradient        nonuniform List<vector> 
26
(
(0.039171117 -0.010593153 0)
(0.054055799 -0.0094510285 0)
(0.061212399 -0.008407816 0)
(0.067722491 -0.0077502154 0)
(0.073666275 -0.0071192528 0)
(0.079024709 -0.0065088538 0)
(0.083804779 -0.0059241711 0)
(0.088029998 -0.0053677793 0)
(0.09172814 -0.0048404742 0)
(0.094927734 -0.0043424447 0)
(0.097657344 -0.0038737189 0)
(0.099945488 -0.003434294 0)
(0.10182065 -0.0030241661 0)
(0.10331133 -0.0026433336 0)
(0.10444598 -0.0022917973 0)
(0.1052531 -0.0019695634 0)
(0.10576117 -0.0016766565 0)
(0.10599882 -0.0014131536 0)
(0.1059951 -0.0011792508 0)
(0.10578061 -0.00097525902 0)
(0.1053898 -0.00080073721 0)
(0.10486205 -0.00064844855 0)
(0.10420664 -0.00047077099 0)
(0.1030544 -1.4768348e-05 0)
(0.098477386 0.0022307057 0)
(0.065150951 0.0073262894 0)
)
;
    }
    sclera_stub_bottom_left
    {
        type            solidTraction;
        nonOrthogonalCorrections true;
        useUndeformedArea false;
        traction        uniform (0 0 0);
        pressure        uniform 1000;
        secondOrder     false;
        extrapolateValue false;
        setEffectiveTraction false;
        relaxationFactor 1;
        value           nonuniform List<vector> 4((-7.9390741e-06 -5.0892597e-06 0) (-1.9587107e-05 -1.3431924e-05 0) (-3.0575536e-05 -2.6025656e-05 0) (-3.8852188e-05 -4.1999431e-05 0));
        gradient        nonuniform List<vector> 4((-0.013644457 -0.0077937074 0) (-0.020936396 -0.0089584836 0) (-0.028567507 -0.0075136063 0) (-0.022772249 -0.0025676875 0));
    }
    sclera_stub_top_left
    {
        type            solidTraction;
        nonOrthogonalCorrections true;
        useUndeformedArea false;
        traction        uniform (0 0 0);
        pressure        uniform 1300;
        secondOrder     false;
        extrapolateValue false;
        setEffectiveTraction false;
        relaxationFactor 1;
        value           nonuniform List<vector> 4((8.627423e-06 -6.4892388e-06 0) (2.0418202e-05 -1.5619184e-05 0) (3.1606118e-05 -2.8485708e-05 0) (4.0161528e-05 -4.4504981e-05 0));
        gradient        nonuniform List<vector> 4((0.015890182 -0.0098707823 0) (0.021996469 -0.010813726 0) (0.028885797 -0.0094271396 0) (0.022471564 -0.0044846622 0));
    }
    iris_base_left
    {
        type            fixedValue;
        value           uniform (0 0 0);
    }
    lens_bottom
    {
        type            solidTraction;
        nonOrthogonalCorrections true;
        useUndeformedArea false;
        traction        uniform (0 0 0);
        pressure        uniform 1300;
        secondOrder     false;
        extrapolateValue false;
        setEffectiveTraction false;
        relaxationFactor 1;
        value           nonuniform List<vector> 
30
(
(2.245875e-05 1.7448522e-05 -3.9465515e-22)
(4.8805958e-05 4.8440588e-05 -1.5204089e-37)
(6.9769121e-05 8.9746235e-05 -9.9324652e-71)
(8.5327799e-05 0.00013972992 3.6805079e-83)
(9.5669443e-05 0.00019575728 -2.4205515e-67)
(0.00010118252 0.00025520041 -5.4437085e-52)
(0.00010231112 0.00031563121 -4.6630113e-37)
(9.9513544e-05 0.0003748598 7.7071674e-21)
(9.3251257e-05 0.00043094004 4.2992008e-21)
(8.3986249e-05 0.00048216957 -1.6004001e-24)
(7.2180539e-05 0.00052708951 8.3730929e-39)
(5.8296109e-05 0.0005644842 3.4308692e-54)
(4.2794908e-05 0.00059338115 0)
(2.6138877e-05 0.00061305098 0)
(8.7899475e-06 0.00062300745 0)
(-8.7899475e-06 0.00062300745 0)
(-2.6138877e-05 0.00061305098 0)
(-4.2794908e-05 0.00059338115 -3.505213e-37)
(-5.8296109e-05 0.0005644842 6.5030563e-21)
(-7.2180539e-05 0.00052708951 8.9390866e-21)
(-8.3986249e-05 0.00048216957 -2.0120789e-22)
(-9.3251257e-05 0.00043094004 -1.269508e-21)
(-9.9513544e-05 0.0003748598 3.3254331e-37)
(-0.00010231112 0.00031563121 9.0514456e-53)
(-0.00010118252 0.00025520041 0)
(-9.5669443e-05 0.00019575728 0)
(-8.5327799e-05 0.00013972992 0)
(-6.9769121e-05 8.9746235e-05 0)
(-4.8805958e-05 4.8440588e-05 0)
(-2.245875e-05 1.7448522e-05 0)
)
;
        gradient        nonuniform List<vector> 
30
(
(0.02528305 0.012010385 -1.6617059e-18)
(0.036148856 0.011103651 2.2970428e-34)
(0.045644665 0.0087918231 -2.6869091e-67)
(0.053005521 0.0065157833 -1.4808213e-79)
(0.057735246 0.0043631549 -5.1040777e-64)
(0.059936966 0.0023889299 -9.294206e-49)
(0.059829696 0.00060807609 -1.2482693e-32)
(0.057654415 -0.0009756842 3.2451231e-17)
(0.053654886 -0.0023615632 1.8101898e-17)
(0.048074739 -0.0035494394 -6.7385268e-21)
(0.041157315 -0.0045393157 3.9346446e-35)
(0.033145816 -0.0053312067 1.9548676e-50)
(0.024283387 -0.0059251211 0)
(0.014813153 -0.006321063 0)
(0.004978238 -0.0065190337 0)
(-0.004978238 -0.0065190337 0)
(-0.014813153 -0.006321063 0)
(-0.024283387 -0.0059251211 2.6802804e-33)
(-0.033145816 -0.0053312067 2.738129e-17)
(-0.041157315 -0.0045393157 3.7638259e-17)
(-0.048074739 -0.0035494394 -8.471911e-19)
(-0.053654886 -0.0023615632 -5.345297e-18)
(-0.057654415 -0.0009756842 3.0228895e-33)
(-0.059829696 0.00060807609 -7.4918978e-50)
(-0.059936966 0.0023889299 0)
(-0.057735246 0.0043631549 0)
(-0.053005521 0.0065157833 0)
(-0.045644665 0.0087918231 0)
(-0.036148856 0.011103651 0)
(-0.02528305 0.012010385 0)
)
;
    }
    lens_top
    {
        type            solidTraction;
        nonOrthogonalCorrections true;
        useUndeformedArea false;
        traction        uniform (0 0 0);
        pressure        uniform 0;
        secondOrder     false;
        extrapolateValue false;
        setEffectiveTraction false;
        relaxationFactor 1;
        value           nonuniform List<vector> 
30
(
(-2.2137904e-05 1.6302482e-05 0)
(-4.8754609e-05 4.6742435e-05 0)
(-6.9880792e-05 8.7900147e-05 0)
(-8.54965e-05 0.00013786261 0)
(-9.5844877e-05 0.00019389603 0)
(-0.00010134627 0.00025334602 0)
(-0.00010245798 0.00031378047 0)
(-9.9642685e-05 0.00037301051 0)
(-9.3362841e-05 0.00042909119 0)
(-8.4080509e-05 0.00048032081 0)
(-7.2257606e-05 0.00052524075 0)
(-5.8356034e-05 0.00056263542 0)
(-4.283771e-05 0.00059153235 0)
(-2.6164557e-05 0.00061120218 0)
(-8.7985078e-06 0.00062115866 0)
(8.7985078e-06 0.00062115866 0)
(2.6164557e-05 0.00061120218 0)
(4.283771e-05 0.00059153235 0)
(5.8356034e-05 0.00056263542 0)
(7.2257606e-05 0.00052524075 0)
(8.4080509e-05 0.00048032081 0)
(9.3362841e-05 0.00042909119 0)
(9.9642685e-05 0.00037301051 0)
(0.00010245798 0.00031378047 0)
(0.00010134627 0.00025334602 0)
(9.5844877e-05 0.00019389603 0)
(8.54965e-05 0.00013786261 0)
(6.9880792e-05 8.7900147e-05 0)
(4.8754609e-05 4.6742435e-05 0)
(2.2137904e-05 1.6302482e-05 0)
)
;
        gradient        nonuniform List<vector> 
30
(
(-0.02436417 0.011025292 0)
(-0.035798833 0.010230619 0)
(-0.045560088 0.0078732622 0)
(-0.052997942 0.0055637325 0)
(-0.057741703 0.0033963786 0)
(-0.05994222 0.0014170944 0)
(-0.059832248 -0.00036505321 0)
(-0.057655358 -0.0019489592 0)
(-0.053655149 -0.003334752 0)
(-0.048074779 -0.0045225504 0)
(-0.041157305 -0.0055123875 0)
(-0.033145804 -0.0063042635 0)
(-0.02428338 -0.0068981736 0)
(-0.014813151 -0.0072941147 0)
(-0.0049782373 -0.0074920854 0)
(0.0049782373 -0.0074920854 0)
(0.014813151 -0.0072941147 0)
(0.02428338 -0.0068981736 0)
(0.033145804 -0.0063042635 0)
(0.041157305 -0.0055123875 0)
(0.048074779 -0.0045225504 0)
(0.053655149 -0.003334752 0)
(0.057655358 -0.0019489592 0)
(0.059832248 -0.00036505321 0)
(0.05994222 0.0014170944 0)
(0.057741703 0.0033963786 0)
(0.052997942 0.0055637325 0)
(0.045560088 0.0078732622 0)
(0.035798833 0.010230619 0)
(0.02436417 0.011025292 0)
)
;
    }
    lens_left
    {
        type            fixedValue;
        value           uniform (0 0 0);
    }
    lens_right
    {
        type            fixedValue;
        value           uniform (0 0 0);
    }
    sclera_R_bottom
    {
        type            solidTraction;
        nonOrthogonalCorrections true;
        useUndeformedArea false;
        traction        uniform (0 0 0);
        pressure        uniform 0;
        secondOrder     false;
        extrapolateValue false;
        setEffectiveTraction false;
        relaxationFactor 1;
        value           nonuniform List<vector> 2((2.8578597e-06 -1.0400406e-06 -1.559601e-107) (2.8324378e-06 -7.5958786e-07 -8.1819204e-76));
        gradient        nonuniform List<vector> 2((0.00047833581 9.8032847e-05 1.0645053e-105) (0.00046376703 -0.00014956564 4.963324e-72));
    }
    sclera_R_top
    {
        type            fixedValue;
        value           uniform (0 0 0);
    }
    sclera_R_inner
    {
        type            solidTraction;
        nonOrthogonalCorrections true;
        useUndeformedArea false;
        traction        uniform (0 0 0);
        pressure        uniform 1500;
        secondOrder     false;
        extrapolateValue false;
        setEffectiveTraction false;
        relaxationFactor 1;
        value           nonuniform List<vector> 
44
(
(2.0677346e-06 -1.1196462e-06 0)
(5.288666e-06 4.8524012e-07 0)
(6.277558e-06 7.1730101e-07 0)
(7.3491576e-06 7.7425803e-07 0)
(8.4626893e-06 7.8420553e-07 0)
(9.5633363e-06 7.6238977e-07 -1.0828028e-22)
(1.0626005e-05 7.2221046e-07 -1.5400168e-23)
(1.1633763e-05 6.6928424e-07 1.0068949e-22)
(1.257499e-05 6.0683581e-07 0)
(1.3440825e-05 5.3677402e-07 1.1870615e-68)
(1.4224167e-05 4.6042731e-07 2.3641146e-53)
(1.4919169e-05 3.7884689e-07 4.4443564e-38)
(1.5521008e-05 2.9295495e-07 2.3712057e-23)
(1.6025771e-05 2.0361291e-07 1.1730678e-22)
(1.6430402e-05 1.1165364e-07 1.8939886e-22)
(1.6732682e-05 1.789653e-08 2.8356756e-22)
(1.693121e-05 -7.6845379e-08 1.1644829e-22)
(1.7025403e-05 -1.7176204e-07 2.8031428e-22)
(1.7015492e-05 -2.6604482e-07 1.4842965e-22)
(1.6902519e-05 -3.5888575e-07 1.0811626e-38)
(1.6688339e-05 -4.4947719e-07 8.5626896e-55)
(1.6375616e-05 -5.3701165e-07 -7.785422e-85)
(1.5967828e-05 -6.2068172e-07 0)
(1.5469263e-05 -6.9968007e-07 -1.2987989e-52)
(1.4885019e-05 -7.7319934e-07 -5.1433718e-38)
(1.4221007e-05 -8.4043223e-07 -2.2074959e-22)
(1.3483949e-05 -9.0057141e-07 -3.584185e-22)
(1.2681375e-05 -9.5280964e-07 -5.8842128e-23)
(1.182163e-05 -9.9633971e-07 8.5137166e-38)
(1.0913867e-05 -1.0303546e-06 -6.3336505e-71)
(9.9680501e-06 -1.0540477e-06 -1.1701898e-86)
(8.9949547e-06 -1.066613e-06 2.1888516e-101)
(8.0061632e-06 -1.0672459e-06 1.0867624e-132)
(7.0140641e-06 -1.055145e-06 -2.305007e-147)
(6.0318464e-06 -1.029515e-06 -2.712392e-180)
(5.0734869e-06 -9.8957419e-07 3.975554e-213)
(4.1537251e-06 -9.3456919e-07 -5.6479855e-228)
(3.2880098e-06 -8.6380637e-07 0)
(2.4923866e-06 -7.7671849e-07 0)
(1.7832609e-06 -6.730046e-07 1.9265234e-23)
(1.1769032e-06 -5.5293285e-07 -4.6058715e-24)
(6.8836949e-07 -4.1794059e-07 -2.2299128e-23)
(3.2946565e-07 -2.7217634e-07 5.2910851e-39)
(1.0291104e-07 -1.2403863e-07 0)
)
;
        gradient        nonuniform List<vector> 
44
(
(0.00021651685 -0.00037303282 0)
(0.00066161126 0.0013499228 0)
(0.00023576989 0.0020509529 0)
(5.4881987e-05 0.0021750155 0)
(-9.2701907e-06 0.0022039284 0)
(-5.0093285e-05 0.0021533004 -4.331211e-19)
(-7.5429571e-05 0.0020608417 -6.1600671e-20)
(-9.3565503e-05 0.001939963 4.0275796e-19)
(-0.00010752067 0.0017986965 0)
(-0.00011883938 0.0016415416 -4.3734119e-65)
(-0.00012822012 0.0014714997 -6.1432761e-50)
(-0.00013599375 0.0012908374 3.1288757e-34)
(-0.00014231484 0.0011014785 9.4848227e-20)
(-0.0001472561 0.0009051841 4.692271e-19)
(-0.00015085174 0.00070363831 7.5759542e-19)
(-0.00015311787 0.00049848877 1.1342703e-18)
(-0.00015406213 0.00029136584 4.6579316e-19)
(-0.00015368812 8.389164e-05 1.1212571e-18)
(-0.00015199757 -0.00012231559 5.9371861e-19)
(-0.0001489913 -0.00032563946 6.0708966e-34)
(-0.00014466968 -0.00052446448 1.5901805e-50)
(-0.0001390329 -0.00071717559 -1.205432e-81)
(-0.00013208104 -0.00090215792 0)
(-0.00012381414 -0.0010777967 -9.9501976e-50)
(-0.00011423226 -0.0012424773 6.3283171e-34)
(-0.00010333546 -0.001394585 -8.8299836e-19)
(-9.1123824e-05 -0.0015325054 -1.433674e-18)
(-7.7597436e-05 -0.0016546239 -2.3536851e-19)
(-6.2756468e-05 -0.0017593263 7.8759858e-34)
(-4.6601315e-05 -0.0018449989 1.5284804e-68)
(-2.913279e-05 -0.0019100287 1.1255144e-83)
(-1.035264e-05 -0.0019528049 -1.2378696e-98)
(9.73548e-06 -0.0019717205 4.2901739e-130)
(3.1123879e-05 -0.001965177 -1.1254098e-145)
(5.379644e-05 -0.0019315936 3.4481727e-177)
(7.7719187e-05 -0.0018694269 1.5902216e-209)
(0.00010282039 -0.0017772116 7.6121161e-225)
(0.00012894848 -0.0016536476 0)
(0.00015578366 -0.0014977828 0)
(0.00018264554 -0.0013093935 7.7060936e-20)
(0.00020811841 -0.0010898228 -1.8423486e-20)
(0.00022904215 -0.00084351449 -8.9196512e-20)
(0.00023974765 -0.00058274816 1.7280984e-34)
(0.00022210138 -0.00032798814 0)
)
;
    }
    sclera_R_outer
    {
        type            solidTraction;
        nonOrthogonalCorrections true;
        useUndeformedArea false;
        traction        uniform (0 0 0);
        pressure        uniform 0;
        secondOrder     false;
        extrapolateValue false;
        setEffectiveTraction false;
        relaxationFactor 1;
        value           nonuniform List<vector> 
50
(
(2.6750573e-06 -5.7627232e-07 -1.878121e-58)
(2.2487399e-06 -5.5699831e-07 1.5365754e-41)
(2.0476446e-06 -6.8318098e-07 -2.0948834e-25)
(2.0300323e-06 -8.811619e-07 2.7852907e-27)
(2.4534177e-06 -1.0449822e-06 0)
(3.1747964e-06 -1.1723125e-06 -1.6450706e-40)
(4.1093986e-06 -1.2822414e-06 1.816169e-23)
(5.2703392e-06 -1.4208262e-06 1.9989923e-23)
(6.2194896e-06 -1.4268998e-06 -1.4979755e-39)
(7.3245719e-06 -1.4557648e-06 1.5064242e-54)
(8.4432721e-06 -1.4348877e-06 0)
(9.5474941e-06 -1.3923077e-06 0)
(1.0611411e-05 -1.3335714e-06 -2.8450397e-313)
(1.1619728e-05 -1.2633268e-06 -3.3087604e-280)
(1.2561181e-05 -1.1840214e-06 5.3537347e-247)
(1.3427111e-05 -1.0973033e-06 -1.705232e-215)
(1.4210492e-05 -1.0043822e-06 -2.0355767e-200)
(1.490551e-05 -9.0626179e-07 2.566122e-184)
(1.5507356e-05 -8.0384404e-07 -7.913112e-169)
(1.6012122e-05 -6.9798212e-07 -8.5410647e-154)
(1.6416755e-05 -5.8950543e-07 -2.8711173e-121)
(1.6719035e-05 -4.7923198e-07 -2.2108896e-89)
(1.6917563e-05 -3.6797423e-07 -6.5676184e-56)
(1.7011756e-05 -2.5654199e-07 -7.3057952e-23)
(1.7001845e-05 -1.4574381e-07 -3.1738476e-23)
(1.6888872e-05 -3.6387576e-08 -5.3994891e-38)
(1.6674692e-05 7.071909e-08 0)
(1.6361969e-05 1.7476872e-07 0)
(1.5954181e-05 2.7495391e-07 0)
(1.5455616e-05 3.7046729e-07 7.8607446e-24)
(1.4871372e-05 4.6050151e-07 3.3821537e-22)
(1.420736e-05 5.4424926e-07 2.9435833e-22)
(1.3470301e-05 6.2090325e-07 1.2702571e-22)
(1.2667727e-05 6.8965627e-07 1.105445e-22)
(1.1807982e-05 7.4970115e-07 1.1386992e-22)
(1.0900219e-05 8.0023087e-07 1.1416084e-22)
(9.9544025e-06 8.4043874e-07 -2.6956891e-22)
(8.9813072e-06 8.695187e-07 -1.0534919e-22)
(7.9925157e-06 8.866661e-07 5.2748739e-23)
(7.0004172e-06 8.9107917e-07 1.8678278e-25)
(6.0182007e-06 8.8196219e-07 1.7871454e-23)
(5.059844e-06 8.5853198e-07 4.4129482e-23)
(4.1400891e-06 8.2003165e-07 -9.6152954e-24)
(3.2743903e-06 7.6575914e-07 -4.7396804e-23)
(2.4788069e-06 6.9512692e-07 -3.1210022e-24)
(1.7697769e-06 6.0778511e-07 -1.4042141e-23)
(1.1636502e-06 5.0388544e-07 -1.226274e-23)
(6.7566754e-07 3.8457767e-07 2.8802622e-24)
(3.1811817e-07 2.5336614e-07 9.6899424e-26)
(9.4639272e-08 1.1686643e-07 -2.3036648e-24)
)
;
        gradient        nonuniform List<vector> 
50
(
(-0.00016575504 0.00058369652 6.2754377e-54)
(8.9399101e-05 0.00063116717 8.6913735e-38)
(0.00032533835 0.00026827575 -8.3795335e-22)
(0.00029904481 -0.00040544604 1.1141163e-23)
(0.00023821399 -0.0011447657 -9.1253925e-321)
(0.00019412102 -0.0016559823 2.6697383e-35)
(0.00020327648 -0.002095003 7.2646759e-20)
(0.00011786142 -0.0021008609 7.9959693e-20)
(2.845377e-05 -0.0020447229 1.2992144e-35)
(6.5053717e-06 -0.0022134878 2.2790604e-51)
(-5.1678845e-05 -0.0022126312 0)
(-8.2511075e-05 -0.0021581018 0)
(-0.00010504086 -0.0020626405 -1.452754e-309)
(-0.00012179205 -0.0019407432 -1.1192274e-276)
(-0.00013520792 -0.0017990154 1.8589214e-244)
(-0.00014629642 -0.0016416751 4.6340011e-213)
(-0.00015558239 -0.0014715551 4.4521991e-197)
(-0.00016331638 -0.0012908605 1.0155016e-181)
(-0.00016962091 -0.0011014881 4.1894143e-166)
(-0.00017455521 -0.00090518815 -1.2039577e-150)
(-0.0001781479 -0.00070364003 4.1093105e-118)
(-0.00018041282 -0.00049848953 -8.3418006e-87)
(-0.00018135659 -0.00029136619 -3.5866172e-53)
(-0.00018098242 -8.3891821e-05 -2.9223181e-19)
(-0.00017929182 0.00012231548 -1.269539e-19)
(-0.00017628554 0.0003256394 -3.3654525e-34)
(-0.00017196393 0.00052446444 0)
(-0.00016632719 0.00071717556 0)
(-0.00015937542 0.0009021579 0)
(-0.00015110868 0.0010777967 3.1442979e-20)
(-0.00014152697 0.0012424773 1.3528615e-18)
(-0.00013063032 0.0013945851 1.1774333e-18)
(-0.00011841879 0.0015325054 5.0810283e-19)
(-0.00010489246 0.0016546239 4.4217801e-19)
(-9.0051535e-05 0.0017593263 4.5547968e-19)
(-7.389643e-05 0.0018449989 4.5664334e-19)
(-5.6427945e-05 0.0019100286 -1.0782756e-18)
(-3.7647736e-05 0.0019528047 -4.2139676e-19)
(-1.7559244e-05 0.0019717198 2.1099495e-19)
(3.8302844e-06 0.0019651754 7.4713113e-22)
(2.6505718e-05 0.0019315897 7.1485817e-20)
(5.0435408e-05 0.0018694172 1.7651793e-19)
(7.5553257e-05 0.0017771883 -3.8461182e-20)
(0.00010172129 0.0016535915 -1.8958722e-19)
(0.00012865271 0.001497648 -1.2484009e-20)
(0.0001557455 0.0013090684 -5.6168565e-20)
(0.00018177841 0.0010890444 -4.9050961e-20)
(0.00020402111 0.00084161788 1.1521049e-20)
(0.0002180222 0.00057833858 3.8759769e-22)
(0.00020638408 0.00031668946 -9.2146594e-21)
)
;
    }
    sclera_tm_gap
    {
        type            solidTraction;
        nonOrthogonalCorrections true;
        useUndeformedArea false;
        traction        uniform (0 0 0);
        pressure        uniform 1500;
        secondOrder     false;
        extrapolateValue false;
        setEffectiveTraction false;
        relaxationFactor 1;
        value           nonuniform List<vector> 6((1.9184323e-06 -1.0257172e-06 0) (4.9215279e-06 -9.4340488e-08 -1.0174245e-24) (2.0659408e-06 -6.4553462e-07 0) (2.4554939e-06 -4.8514897e-07 0) (3.1605065e-06 -3.4471713e-07 -1.1778465e-23) (4.1098918e-06 -3.1823507e-07 3.9181296e-23));
        gradient        nonuniform List<vector> 6((-0.00047586511 3.3538333e-06 0) (-0.00080320538 -0.00096391632 -4.0508569e-21) (0.00044267854 0.00053706309 0) (0.00024651896 0.0010945673 0) (0.00013696149 0.0016543992 -4.7113861e-20) (0.00020524916 0.0017610223 1.5672518e-19));
    }
    sclera_L_bottom
    {
        type            solidTraction;
        nonOrthogonalCorrections true;
        useUndeformedArea false;
        traction        uniform (0 0 0);
        pressure        uniform 0;
        secondOrder     false;
        extrapolateValue false;
        setEffectiveTraction false;
        relaxationFactor 1;
        value           nonuniform List<vector> 2((-2.8568948e-06 -1.0400416e-06 0) (-2.8314728e-06 -7.5959247e-07 0));
        gradient        nonuniform List<vector> 2((-0.00047833039 9.8031212e-05 0) (-0.00046376145 -0.00014956404 0));
    }
    sclera_L_top
    {
        type            fixedValue;
        value           uniform (0 0 0);
    }
    sclera_L_inner
    {
        type            solidTraction;
        nonOrthogonalCorrections true;
        useUndeformedArea false;
        traction        uniform (0 0 0);
        pressure        uniform 1500;
        secondOrder     false;
        extrapolateValue false;
        setEffectiveTraction false;
        relaxationFactor 1;
        value           nonuniform List<vector> 
44
(
(-2.06678e-06 -1.119644e-06 4.8288987e-41)
(-5.2877899e-06 4.8526219e-07 0)
(-6.2767042e-06 7.1732855e-07 0)
(-7.3483289e-06 7.7428754e-07 0)
(-8.4618878e-06 7.8423615e-07 0)
(-9.5625631e-06 7.6242093e-07 0)
(-1.062526e-05 7.2224184e-07 0)
(-1.1633048e-05 6.6931564e-07 0)
(-1.2574305e-05 6.0686705e-07 0)
(-1.3440169e-05 5.3680496e-07 0)
(-1.422354e-05 4.6045784e-07 0)
(-1.4918572e-05 3.7887692e-07 0)
(-1.5520441e-05 2.9298439e-07 0)
(-1.6025233e-05 2.0364168e-07 0)
(-1.6429894e-05 1.1168166e-07 3.2981448e-86)
(-1.6732202e-05 1.7923731e-08 1.0102949e-71)
(-1.6930758e-05 -7.681905e-08 2.242757e-38)
(-1.7024979e-05 -1.7173661e-07 8.8934341e-24)
(-1.7015096e-05 -2.6602028e-07 8.5296684e-23)
(-1.6902149e-05 -3.588621e-07 4.7088582e-39)
(-1.6687995e-05 -4.4945442e-07 1.095183e-53)
(-1.6375298e-05 -5.3698976e-07 -3.301289e-68)
(-1.5967535e-05 -6.2066073e-07 0)
(-1.5468994e-05 -6.9965996e-07 -6.1209883e-23)
(-1.4884773e-05 -7.7318008e-07 -2.4330327e-22)
(-1.4220784e-05 -8.4041378e-07 -3.4943219e-22)
(-1.3483747e-05 -9.0055375e-07 -1.5615474e-22)
(-1.2681194e-05 -9.5279277e-07 -2.1802993e-22)
(-1.1821468e-05 -9.9632366e-07 -2.9139715e-22)
(-1.0913724e-05 -1.0303394e-06 -1.311412e-22)
(-9.9679254e-06 -1.0540334e-06 1.753826e-22)
(-8.9948468e-06 -1.0665996e-06 5.7264054e-23)
(-8.0060709e-06 -1.0672334e-06 -9.8765659e-23)
(-7.0139864e-06 -1.0551333e-06 -1.1495953e-23)
(-6.0317821e-06 -1.0295041e-06 -1.2597434e-23)
(-5.0734349e-06 -9.8956426e-07 -3.9342287e-23)
(-4.1536841e-06 -9.3456026e-07 -3.2333024e-24)
(-3.2879785e-06 -8.6379852e-07 2.7538248e-23)
(-2.4923638e-06 -7.7671175e-07 1.4494777e-23)
(-1.7832453e-06 -6.72999e-07 2.0556108e-23)
(-1.1768933e-06 -5.5292841e-07 8.1719861e-24)
(-6.8836392e-07 -4.1793736e-07 -3.3032779e-24)
(-3.2946308e-07 -2.7217431e-07 -8.3260499e-25)
(-1.0291024e-07 -1.2403773e-07 6.0268137e-24)
)
;
        gradient        nonuniform List<vector> 
44
(
(-0.000216514 -0.0003730255 -1.0247129e-36)
(-0.00066162618 0.0013499534 0)
(-0.00023577615 0.0020510001 0)
(-5.4884799e-05 0.0021750675 0)
(9.2683588e-06 0.0022039836 0)
(5.0091993e-05 0.0021533572 0)
(7.5428551e-05 0.0020608996 0)
(9.3564636e-05 0.0019400215 0)
(0.0001075199 0.0017987554 0)
(0.00011883869 0.0016416006 0)
(0.00012821953 0.0014715587 0)
(0.00013599325 0.0012908962 0)
(0.00014231441 0.001101537 0)
(0.00014725573 0.00090524215 0)
(0.00015085143 0.00070369578 5.5169178e-83)
(0.00015311767 0.00049854556 6.8329445e-69)
(0.00015406207 0.00029142181 1.2349397e-34)
(0.00015368824 8.3946678e-05 3.5573736e-20)
(0.00015199787 -0.0001222616 3.4118674e-19)
(0.00014899176 -0.00032558662 3.4285392e-34)
(0.00014467029 -0.00052441289 3.0923554e-50)
(0.00013903365 -0.00071712532 1.7892116e-65)
(0.00013208195 -0.00090210905 0)
(0.00012381525 -0.0010777494 -2.4483953e-19)
(0.00011423359 -0.0012424315 -9.7321308e-19)
(0.00010333698 -0.001394541 -1.3977288e-18)
(9.1125477e-05 -0.0015324631 -6.2461897e-19)
(7.7599174e-05 -0.0016545834 -8.7211973e-19)
(6.2758269e-05 -0.0017592877 -1.1655886e-18)
(4.6603199e-05 -0.0018449623 -5.2456481e-19)
(2.9134802e-05 -0.0019099942 7.015304e-19)
(1.0354809e-05 -0.0019527725 2.2905622e-19)
(-9.733171e-06 -0.0019716903 -3.9506264e-19)
(-3.1121489e-05 -0.0019651491 -4.5983813e-20)
(-5.3794034e-05 -0.0019315681 -5.0389737e-20)
(-7.7716793e-05 -0.0018694037 -1.5736915e-19)
(-0.00010281798 -0.0017771909 -1.293321e-20)
(-0.00012894599 -0.0016536294 1.1015299e-19)
(-0.00015578106 -0.0014977673 5.7979109e-20)
(-0.00018264286 -0.0013093808 8.2224431e-20)
(-0.00020811573 -0.0010898128 3.2687945e-20)
(-0.00022903958 -0.00084350726 -1.3213112e-20)
(-0.0002397453 -0.00058274353 -3.33042e-21)
(-0.0002220995 -0.00032798571 2.4107255e-20)
)
;
    }
    sclera_L_outer
    {
        type            solidTraction;
        nonOrthogonalCorrections true;
        useUndeformedArea false;
        traction        uniform (0 0 0);
        pressure        uniform 0;
        secondOrder     false;
        extrapolateValue false;
        setEffectiveTraction false;
        relaxationFactor 1;
        value           nonuniform List<vector> 
50
(
(-2.6740943e-06 -5.7627883e-07 2.171317e-90)
(-2.2477809e-06 -5.5700586e-07 -1.8111467e-74)
(-2.0466895e-06 -6.8319037e-07 3.2690127e-41)
(-2.0290852e-06 -8.8117185e-07 -5.0866473e-41)
(-2.4524824e-06 -1.044994e-06 0)
(-3.1738767e-06 -1.1723262e-06 2.3236116e-23)
(-4.1084979e-06 -1.2822577e-06 1.9161768e-23)
(-5.2694631e-06 -1.4208467e-06 2.2112705e-23)
(-6.2186349e-06 -1.4269218e-06 -3.409917e-40)
(-7.3237429e-06 -1.4557887e-06 7.3548688e-55)
(-8.4424703e-06 -1.4349127e-06 0)
(-9.5467204e-06 -1.3923336e-06 7.4130021e-23)
(-1.0610666e-05 -1.3335979e-06 -1.0937078e-22)
(-1.1619012e-05 -1.2633538e-06 -2.2301648e-22)
(-1.2560495e-05 -1.1840489e-06 -1.0503313e-54)
(-1.3426454e-05 -1.0973313e-06 0)
(-1.4209865e-05 -1.0044106e-06 4.6113867e-54)
(-1.4904913e-05 -9.062905e-07 -1.866666e-38)
(-1.5506788e-05 -8.0387301e-07 -3.1040112e-23)
(-1.6011583e-05 -6.980113e-07 -4.5281091e-23)
(-1.6416245e-05 -5.895348e-07 -2.8888684e-22)
(-1.6718554e-05 -4.7926147e-07 -1.8165563e-22)
(-1.691711e-05 -3.6800378e-07 -2.2205234e-22)
(-1.7011332e-05 -2.5657151e-07 -2.4475135e-22)
(-1.7001448e-05 -1.4577317e-07 -2.5728143e-23)
(-1.6888502e-05 -3.6416684e-08 -9.5107493e-38)
(-1.6674348e-05 7.0690335e-08 -2.8741281e-53)
(-1.636165e-05 1.747404e-07 -2.363227e-68)
(-1.5953887e-05 2.7492611e-07 0)
(-1.5455346e-05 3.7044011e-07 3.1569401e-53)
(-1.4871126e-05 4.6047507e-07 3.3071811e-39)
(-1.4207137e-05 5.4422369e-07 3.182526e-22)
(-1.3470099e-05 6.2087866e-07 3.3286588e-22)
(-1.2667546e-05 6.8963273e-07 6.6880303e-23)
(-1.1807821e-05 7.4967869e-07 -8.0642854e-38)
(-1.0900077e-05 8.0020954e-07 0)
(-9.9542782e-06 8.4041858e-07 0)
(-8.9811996e-06 8.694998e-07 0)
(-7.9924239e-06 8.8664856e-07 0)
(-7.0003399e-06 8.9106306e-07 0)
(-6.0181368e-06 8.8194755e-07 0)
(-5.0597924e-06 8.585188e-07 0)
(-4.1400484e-06 8.2001994e-07 0)
(-3.2743594e-06 7.657489e-07 0)
(-2.4787845e-06 6.9511822e-07 0)
(-1.7697617e-06 6.0777801e-07 -1.2939232e-23)
(-1.1636407e-06 5.0388e-07 7.6710179e-24)
(-6.7566227e-07 3.8457385e-07 2.9625399e-23)
(-3.1811583e-07 2.5336385e-07 0)
(-9.4638599e-08 1.1686549e-07 0)
)
;
        gradient        nonuniform List<vector> 
50
(
(0.00016575261 0.00058369051 4.5211737e-89)
(-8.9401607e-05 0.00063115923 -7.2445868e-71)
(-0.00032534106 0.00026826118 -1.3179804e-36)
(-0.00029904703 -0.00040546608 -9.5631908e-37)
(-0.00023821734 -0.0011447932 0)
(-0.00019412486 -0.001656017 9.2944464e-20)
(-0.00020328188 -0.0020950468 7.6647073e-20)
(-0.0001178658 -0.0021009068 8.845082e-20)
(-2.8456381e-05 -0.0020447698 1.9636044e-35)
(-6.5075698e-06 -0.0022135405 2.1195316e-51)
(5.1677773e-05 -0.0022126865 0)
(8.2510548e-05 -0.0021581587 2.9652008e-19)
(0.00010504072 -0.0020626984 -4.3748312e-19)
(0.00012179219 -0.0019408017 -8.9206591e-19)
(0.00013520829 -0.0017990743 1.0316343e-50)
(0.000146297 -0.0016417341 0)
(0.00015558315 -0.0014716141 -1.4209702e-50)
(0.0001633173 -0.0012909193 -1.3362304e-34)
(0.00016962198 -0.0011015466 -1.2416045e-19)
(0.00017455641 -0.0009052462 -1.8112436e-19)
(0.00017814923 -0.00070369752 -1.1555473e-18)
(0.00018041424 -0.00049854632 -7.2662252e-19)
(0.00018135807 -0.00029142216 -8.8820936e-19)
(0.00018098391 -8.3946847e-05 -9.790054e-19)
(0.00017929331 0.00012226151 -1.0291257e-19)
(0.00017628701 0.00032558657 -5.7589816e-34)
(0.0001719654 0.00052441285 2.2775867e-49)
(0.00016632866 0.00071712529 -2.16865e-64)
(0.00015937687 0.00090210904 0)
(0.00015111008 0.0010777494 -1.0146978e-49)
(0.00014152832 0.0012424316 -1.0535574e-33)
(0.00013063163 0.001394541 1.2730104e-18)
(0.00011842008 0.0015324631 1.3314635e-18)
(0.00010489377 0.0016545834 2.6752121e-19)
(9.0052893e-05 0.0017592878 -8.3069093e-34)
(7.3897828e-05 0.0018449623 0)
(5.6429352e-05 0.0019099941 0)
(3.7649122e-05 0.0019527723 0)
(1.7560609e-05 0.0019716897 0)
(-3.8289075e-06 0.0019651475 0)
(-2.6504277e-05 0.0019315641 0)
(-5.0433862e-05 0.001869394 0)
(-7.5551595e-05 0.0017771676 0)
(-0.00010171954 0.0016535733 0)
(-0.0001286509 0.0014976325 0)
(-0.00015574365 0.0013090556 -5.1756929e-20)
(-0.00018177649 0.0010890344 3.0684072e-20)
(-0.00020401915 0.00084161064 1.185016e-19)
(-0.00021802031 0.00057833393 0)
(-0.00020638245 0.00031668704 0)
)
;
    }
    sclera_tm_gap_left
    {
        type            solidTraction;
        nonOrthogonalCorrections true;
        useUndeformedArea false;
        traction        uniform (0 0 0);
        pressure        uniform 1500;
        secondOrder     false;
        extrapolateValue false;
        setEffectiveTraction false;
        relaxationFactor 1;
        value           nonuniform List<vector> 6((-1.917479e-06 -1.025718e-06 3.1562932e-24) (-4.9206433e-06 -9.4331137e-08 -6.9340365e-25) (-2.0649936e-06 -6.4553505e-07 -2.2592332e-23) (-2.4545586e-06 -4.851471e-07 0) (-3.1595862e-06 -3.4471355e-07 8.682124e-39) (-4.1089909e-06 -3.182315e-07 7.6196276e-23));
        gradient        nonuniform List<vector> 6((0.00047586233 3.3477736e-06 1.5781466e-20) (0.00080322396 -0.00096393645 -2.7607738e-21) (-0.00044268046 0.00053708111 -9.0369329e-20) (-0.00024652199 0.0010945942 8.9623508e-321) (-0.0001369628 0.0016544337 1.0777279e-34) (-0.000205254 0.0017610581 3.047851e-19));
    }
    sclera_top_bottom
    {
        type            solidTraction;
        nonOrthogonalCorrections true;
        useUndeformedArea false;
        traction        uniform (0 0 0);
        pressure        uniform 1500;
        secondOrder     false;
        extrapolateValue false;
        setEffectiveTraction false;
        relaxationFactor 1;
        value           nonuniform List<vector> 
42
(
(3.8782712e-07 3.1083766e-07 0)
(8.7158374e-07 1.6566431e-06 0)
(1.2976707e-06 3.8958662e-06 0)
(1.6559841e-06 6.9139434e-06 0)
(1.9449107e-06 1.0574978e-05 0)
(2.1667859e-06 1.4743057e-05 -1.4291631e-144)
(2.3251514e-06 1.9287781e-05 4.1008393e-129)
(2.4239399e-06 2.4086116e-05 5.0002765e-114)
(2.4672094e-06 2.9022984e-05 -1.2065254e-98)
(2.4590582e-06 3.399145e-05 -8.8143221e-84)
(2.403597e-06 3.8892785e-05 -2.2257666e-69)
(2.3049404e-06 4.3636486e-05 1.1078345e-53)
(2.1672038e-06 4.8140276e-05 -3.2902096e-38)
(1.9945022e-06 5.2330111e-05 5.9718018e-22)
(1.7909503e-06 5.6140176e-05 1.8364942e-22)
(1.5606623e-06 5.9512885e-05 -5.8533932e-22)
(1.3077522e-06 6.239888e-05 -7.663394e-55)
(1.0363337e-06 6.475703e-05 1.8152495e-71)
(7.5052012e-07 6.6554432e-05 0)
(4.544247e-07 6.7766408e-05 2.5964705e-103)
(1.5216028e-07 6.8376509e-05 -1.7028073e-87)
(-1.5216043e-07 6.8376509e-05 -1.7467614e-71)
(-4.5442484e-07 6.7766408e-05 5.970572e-55)
(-7.5052026e-07 6.6554432e-05 2.6171488e-38)
(-1.0363338e-06 6.475703e-05 5.1138819e-22)
(-1.3077523e-06 6.239888e-05 7.9681221e-22)
(-1.5606624e-06 5.9512886e-05 -2.7561946e-22)
(-1.7909505e-06 5.6140177e-05 -4.7203301e-22)
(-1.9945024e-06 5.2330111e-05 -1.9973405e-38)
(-2.167204e-06 4.8140276e-05 1.4764084e-53)
(-2.3049406e-06 4.3636486e-05 0)
(-2.4035971e-06 3.8892785e-05 0)
(-2.4590582e-06 3.399145e-05 6.2498628e-100)
(-2.4672095e-06 2.9022984e-05 1.6269433e-84)
(-2.4239399e-06 2.4086116e-05 -1.3605731e-69)
(-2.3251514e-06 1.9287781e-05 -2.5356315e-53)
(-2.1667859e-06 1.4743057e-05 1.2314714e-38)
(-1.9449107e-06 1.0574978e-05 5.8655905e-23)
(-1.6559841e-06 6.9139436e-06 9.226039e-23)
(-1.2976707e-06 3.8958662e-06 4.0067315e-23)
(-8.7158377e-07 1.656643e-06 0)
(-3.8782712e-07 3.1083767e-07 0)
)
;
        gradient        nonuniform List<vector> 
42
(
(0.00084649863 0.00037550935 0)
(0.0017925116 0.00037260413 0)
(0.0026286459 0.00032128643 0)
(0.0033395501 0.00026517539 0)
(0.0039145493 0.0002093598 0)
(0.0043563926 0.00015594844 9.5975014e-142)
(0.0046715198 0.00010559477 -2.1560406e-126)
(0.0048675909 5.8510076e-05 -2.9461712e-111)
(0.0049526557 1.4762014e-05 7.7811502e-96)
(0.0049348891 -2.5627816e-05 1.5064269e-80)
(0.0048225061 -6.2652697e-05 5.0668678e-66)
(0.0046237336 -9.6310815e-05 3.5891216e-50)
(0.0043468016 -0.00012660197 -1.2711451e-33)
(0.0039999398 -0.00015352642 2.3887207e-18)
(0.0035913776 -0.00017708449 7.3459768e-19)
(0.0031293434 -0.00019727646 -2.3413573e-18)
(0.002622065 -0.00021410258 -6.3449227e-52)
(0.0020777699 -0.00022756308 -3.0609884e-69)
(0.0015046849 -0.00023765817 0)
(0.00091103619 -0.00024438806 1.6334856e-100)
(0.00030504959 -0.00024775295 -2.449637e-85)
(-0.00030504959 -0.00024775294 6.6898731e-68)
(-0.00091103617 -0.00024438804 -3.2552322e-51)
(-0.0015046848 -0.00023765814 2.0515019e-34)
(-0.0020777699 -0.00022756306 2.0455528e-18)
(-0.002622065 -0.00021410257 3.1872488e-18)
(-0.0031293433 -0.00019727645 -1.1024778e-18)
(-0.0035913776 -0.00017708448 -1.8881321e-18)
(-0.0039999399 -0.00015352642 3.7047209e-34)
(-0.0043468016 -0.00012660196 4.1345635e-50)
(-0.0046237336 -9.6310803e-05 0)
(-0.0048225061 -6.2652683e-05 0)
(-0.0049348891 -2.5627803e-05 -5.8142607e-96)
(-0.0049526557 1.4762022e-05 -5.7987524e-81)
(-0.0048675909 5.8510083e-05 -1.0357684e-65)
(-0.0046715199 0.00010559478 -3.3069633e-50)
(-0.0043563926 0.00015594844 -1.7459505e-34)
(-0.0039145493 0.00020935978 2.3462362e-19)
(-0.0033395502 0.00026517537 3.6904156e-19)
(-0.0026286459 0.00032128643 1.6026926e-19)
(-0.0017925116 0.00037260415 0)
(-0.00084649862 0.00037550937 0)
)
;
    }
    sclera_top_top
    {
        type            solidTraction;
        nonOrthogonalCorrections true;
        useUndeformedArea false;
        traction        uniform (0 0 0);
        pressure        uniform 0;
        secondOrder     false;
        extrapolateValue false;
        setEffectiveTraction false;
        relaxationFactor 1;
        value           nonuniform List<vector> 
42
(
(-3.8790656e-07 3.1068394e-07 0)
(-8.7172704e-07 1.6564585e-06 0)
(-1.2978266e-06 3.8956701e-06 0)
(-1.656138e-06 6.9137438e-06 0)
(-1.9450579e-06 1.0574777e-05 0)
(-2.1669249e-06 1.4742856e-05 0)
(-2.3252817e-06 1.9287579e-05 0)
(-2.4240613e-06 2.4085915e-05 0)
(-2.4673219e-06 2.9022782e-05 0)
(-2.4591617e-06 3.3991249e-05 0)
(-2.4036915e-06 3.8892584e-05 0)
(-2.305026e-06 4.3636284e-05 0)
(-2.1672804e-06 4.8140074e-05 0)
(-1.9945698e-06 5.232991e-05 0)
(-1.7910089e-06 5.6139975e-05 0)
(-1.5607119e-06 5.9512684e-05 0)
(-1.3077928e-06 6.2398679e-05 0)
(-1.0363653e-06 6.4756829e-05 0)
(-7.5054276e-07 6.655423e-05 0)
(-4.5443834e-07 6.7766207e-05 0)
(-1.5216493e-07 6.8376308e-05 0)
(1.5216478e-07 6.8376308e-05 0)
(4.5443818e-07 6.7766207e-05 0)
(7.5054258e-07 6.655423e-05 0)
(1.0363651e-06 6.4756829e-05 0)
(1.3077927e-06 6.2398679e-05 0)
(1.5607118e-06 5.9512684e-05 0)
(1.7910088e-06 5.6139975e-05 0)
(1.9945697e-06 5.232991e-05 0)
(2.1672803e-06 4.8140074e-05 0)
(2.3050259e-06 4.3636284e-05 0)
(2.4036914e-06 3.8892584e-05 0)
(2.4591616e-06 3.3991249e-05 0)
(2.4673218e-06 2.9022783e-05 0)
(2.4240613e-06 2.4085915e-05 0)
(2.3252817e-06 1.928758e-05 0)
(2.1669249e-06 1.4742856e-05 0)
(1.9450579e-06 1.0574778e-05 0)
(1.6561381e-06 6.9137439e-06 0)
(1.2978266e-06 3.8956702e-06 0)
(8.7172703e-07 1.6564585e-06 0)
(3.8790655e-07 3.1068393e-07 0)
)
;
        gradient        nonuniform List<vector> 
42
(
(-0.00084639737 0.00037517632 0)
(-0.0017924904 0.00037223995 0)
(-0.0026286383 0.00032089535 0)
(-0.0033395477 0.00026477641 0)
(-0.0039145485 0.00020895821 0)
(-0.0043563923 0.00015554602 0)
(-0.0046715197 0.0001051921 0)
(-0.0048675909 5.8107328e-05 0)
(-0.0049526557 1.4359237e-05 0)
(-0.0049348891 -2.6030613e-05 0)
(-0.0048225061 -6.3055507e-05 0)
(-0.0046237336 -9.6713626e-05 0)
(-0.0043468016 -0.00012700477 0)
(-0.0039999398 -0.00015392922 0)
(-0.0035913776 -0.00017748728 0)
(-0.0031293434 -0.00019767926 0)
(-0.002622065 -0.00021450538 0)
(-0.0020777699 -0.00022796587 0)
(-0.0015046849 -0.00023806096 0)
(-0.00091103619 -0.00024479086 0)
(-0.00030504959 -0.00024815575 0)
(0.00030504959 -0.00024815575 0)
(0.00091103618 -0.00024479086 0)
(0.0015046849 -0.00023806097 0)
(0.0020777699 -0.00022796589 0)
(0.002622065 -0.0002145054 0)
(0.0031293433 -0.00019767928 0)
(0.0035913776 -0.00017748731 0)
(0.0039999399 -0.00015392924 0)
(0.0043468016 -0.00012700478 0)
(0.0046237336 -9.6713617e-05 0)
(0.0048225061 -6.3055495e-05 0)
(0.0049348891 -2.6030621e-05 0)
(0.0049526557 1.4359202e-05 0)
(0.0048675909 5.8107291e-05 0)
(0.0046715198 0.00010519209 0)
(0.0043563923 0.00015554604 0)
(0.0039145486 0.00020895823 0)
(0.0033395478 0.00026477641 0)
(0.0026286384 0.00032089536 0)
(0.0017924904 0.00037223995 0)
(0.00084639736 0.00037517631 0)
)
;
    }
    sclera_top_left
    {
        type            fixedValue;
        value           uniform (0 0 0);
    }
    sclera_top_right
    {
        type            fixedValue;
        value           uniform (0 0 0);
    }
    front
    {
        type            empty;
    }
    back
    {
        type            empty;
    }
}


// ************************************************************************* //
