/*--------------------------------*- C++ -*----------------------------------*\
| =========                 |                                                 |
| \\      /  F ield         | OpenFOAM: The Open Source CFD Toolbox           |
|  \\    /   O peration     | Version:  2512                                  |
|   \\  /    A nd           | Website:  www.openfoam.com                      |
|    \\/     M anipulation  |                                                 |
\*---------------------------------------------------------------------------*/
FoamFile
{
    version     2.0;
    format      ascii;
    arch        "LSB;label=32;scalar=64";
    class       volVectorField;
    location    "15.3";
    object      Force;
}
// * * * * * * * * * * * * * * * * * * * * * * * * * * * * * * * * * * * * * //

dimensions      [1 1 -2 0 0 0 0];

internalField   uniform (0 0 0);

boundaryField
{
    needle_inlet_left
    {
        type            calculated;
        value           uniform (0 0 0);
    }
    needle_inlet_right
    {
        type            calculated;
        value           uniform (0 0 0);
    }
    needle_outlet_left
    {
        type            calculated;
        value           uniform (0 0 0);
    }
    needle_outlet_right
    {
        type            calculated;
        value           uniform (0 0 0);
    }
    sclera_left_lower
    {
        type            calculated;
        value           nonuniform List<vector> 7((-0.00038490067 -5.3919119e-12 0) (-0.00028867551 3.3204372e-12 0) (-0.0002886755 1.229223e-12 0) (-0.00039452318 4.8037125e-13 0) (-0.00039452318 2.7886307e-13 0) (-0.00039452318 1.6785158e-13 0) (-0.00039452318 -7.7740619e-15 0));
    }
    sclera_left_upper
    {
        type            calculated;
        value           nonuniform List<vector> 
29
(
(-0.00048289434 3.3877552e-12 0)
(-0.00047931679 1.3667889e-12 0)
(-0.00047620612 1.0120414e-12 0)
(-0.00047454724 6.1734492e-13 0)
(-0.00047340586 4.2688522e-13 0)
(-0.00047265204 2.9389874e-13 0)
(-0.00047212265 2.0985824e-13 0)
(-0.00047174539 1.5225372e-13 0)
(-0.00047146983 1.1260667e-13 0)
(-0.00047126514 8.4502685e-14 0)
(-0.00050475605 6.8345099e-14 0)
(-0.00050462211 5.1819336e-14 0)
(-0.00050452164 3.9849295e-14 0)
(-0.00050444324 3.1017415e-14 0)
(-0.00050438193 2.441497e-14 0)
(-0.00050433248 1.9406574e-14 0)
(-0.0005042948 1.5559742e-14 0)
(-0.00048045168 1.202321e-14 0)
(-0.00048042861 9.8477073e-15 0)
(-0.0004804097 8.0859716e-15 0)
(-0.00048039417 6.6425109e-15 0)
(-0.00048038143 5.4424737e-15 0)
(-0.00048037102 4.430388e-15 0)
(-0.0004803626 3.5610924e-15 0)
(-0.00048035589 2.80759e-15 0)
(-0.00047054627 1.8921391e-15 0)
(-0.00047054297 1.3144472e-15 0)
(-0.00047054081 7.7575972e-16 0)
(-0.00047053974 1.1488835e-16 0)
)
;
    }
    sclera_right
    {
        type            calculated;
        value           nonuniform List<vector> 7((0.00038490067 -5.3919117e-12 0) (0.00028867551 3.320438e-12 0) (0.0002886755 1.2292235e-12 0) (0.00039452318 4.8036886e-13 0) (0.00039452318 2.7886164e-13 0) (0.00039452318 1.6785097e-13 0) (0.00039452318 -7.7742083e-15 0));
    }
    sclera_right_upper
    {
        type            calculated;
        value           nonuniform List<vector> 
29
(
(0.00048289434 3.3877552e-12 0)
(0.00047931679 1.3667889e-12 0)
(0.00047620612 1.0120414e-12 0)
(0.00047454724 6.1734492e-13 0)
(0.00047340586 4.2688522e-13 0)
(0.00047265204 2.9389874e-13 0)
(0.00047212265 2.0985824e-13 0)
(0.00047174539 1.5225372e-13 0)
(0.00047146983 1.1260667e-13 0)
(0.00047126514 8.4502685e-14 0)
(0.00050475605 6.8345099e-14 0)
(0.00050462211 5.1819336e-14 0)
(0.00050452164 3.9849295e-14 0)
(0.00050444324 3.1017415e-14 0)
(0.00050438193 2.441497e-14 0)
(0.00050433248 1.9406574e-14 0)
(0.0005042948 1.5559742e-14 0)
(0.00048045168 1.202321e-14 0)
(0.00048042861 9.8477074e-15 0)
(0.0004804097 8.0859717e-15 0)
(0.00048039417 6.6425109e-15 0)
(0.00048038143 5.4424738e-15 0)
(0.00048037102 4.430388e-15 0)
(0.0004803626 3.5610924e-15 0)
(0.00048035589 2.8075901e-15 0)
(0.00047054627 1.8921391e-15 0)
(0.00047054297 1.3144472e-15 0)
(0.00047054081 7.7575973e-16 0)
(0.00047053974 1.1488835e-16 0)
)
;
    }
    sclera_top
    {
        type            calculated;
        value           nonuniform List<vector> 
80
(
(-3.0524427e-17 0.00048999365 0)
(-9.2003394e-17 0.00048999378 0)
(-1.5477446e-16 0.00048999403 0)
(-2.1970532e-16 0.00048999442 0)
(-2.8767227e-16 0.00048999494 0)
(-3.5956188e-16 0.00048999561 0)
(-4.3627074e-16 0.00048999643 0)
(-5.1870268e-16 0.00048999741 0)
(-6.0776262e-16 0.00048999858 0)
(-7.0434613e-16 0.00048999993 0)
(-8.0932365e-16 0.00049000149 0)
(-9.2351826e-16 0.00049000328 0)
(-1.0476757e-15 0.00049000531 0)
(-1.1824252e-15 0.00049000761 0)
(-1.3282304e-15 0.00049001021 0)
(-1.4853286e-15 0.00049001311 0)
(-1.6536582e-15 0.00049001635 0)
(-1.8327739e-15 0.00049001994 0)
(-2.0217516e-15 0.00049002392 0)
(-2.2190845e-15 0.0004900283 0)
(-2.4225749e-15 0.00049003309 0)
(-2.6292291e-15 0.0004900383 0)
(-2.8351642e-15 0.00049004394 0)
(-3.03554e-15 0.00049005 0)
(-3.22453e-15 0.00049005646 0)
(-3.3953496e-15 0.00049006329 0)
(-3.5403608e-15 0.00049007045 0)
(-3.6512668e-15 0.00049007787 0)
(-3.7194122e-15 0.00049008548 0)
(-3.7361902e-15 0.00049009318 0)
(-3.6935497e-15 0.00049010085 0)
(-3.5845792e-15 0.00049010836 0)
(-3.4041275e-15 0.00049011558 0)
(-3.1494071e-15 0.00049012235 0)
(-2.8205153e-15 0.00049012851 0)
(-2.4208039e-15 0.00049013392 0)
(-1.9570395e-15 0.00049013845 0)
(-1.4393093e-15 0.00049014195 0)
(-8.8065487e-16 0.00049014435 0)
(-1.6201341e-16 0.00049014557 0)
(7.0434611e-16 0.00048999993 0)
(6.0776262e-16 0.00048999858 0)
(5.1870269e-16 0.00048999741 0)
(4.3627076e-16 0.00048999643 0)
(3.5956191e-16 0.00048999561 0)
(2.8767231e-16 0.00048999494 0)
(2.1970537e-16 0.00048999442 0)
(1.5477451e-16 0.00048999403 0)
(9.2003459e-17 0.00048999378 0)
(3.0524495e-17 0.00048999365 0)
(3.7361903e-15 0.00049009318 0)
(3.7194123e-15 0.00049008548 0)
(3.6512668e-15 0.00049007787 0)
(3.5403608e-15 0.00049007045 0)
(3.3953497e-15 0.00049006329 0)
(3.22453e-15 0.00049005646 0)
(3.03554e-15 0.00049005 0)
(2.8351642e-15 0.00049004394 0)
(2.629229e-15 0.0004900383 0)
(2.4225749e-15 0.00049003309 0)
(2.2190845e-15 0.0004900283 0)
(2.0217516e-15 0.00049002392 0)
(1.8327738e-15 0.00049001994 0)
(1.6536581e-15 0.00049001635 0)
(1.4853286e-15 0.00049001311 0)
(1.3282304e-15 0.00049001021 0)
(1.1824251e-15 0.00049000761 0)
(1.0476756e-15 0.00049000531 0)
(9.2351822e-16 0.00049000328 0)
(8.0932362e-16 0.00049000149 0)
(8.8065488e-16 0.00049014435 0)
(1.4393094e-15 0.00049014195 0)
(1.9570396e-15 0.00049013845 0)
(2.4208039e-15 0.00049013392 0)
(2.8205153e-15 0.00049012851 0)
(3.1494072e-15 0.00049012235 0)
(3.4041275e-15 0.00049011558 0)
(3.5845792e-15 0.00049010836 0)
(3.6935498e-15 0.00049010085 0)
(1.6201341e-16 0.00049014557 0)
)
;
    }
    cornea_fsi
    {
        type            calculated;
        value           nonuniform List<vector> 
80
(
(6.9033201e-14 -0.00048112584 0)
(2.1558653e-13 -0.00048112584 0)
(3.8397668e-13 -0.00048112584 0)
(5.7864362e-13 -0.00048112584 0)
(7.9535207e-13 -0.00048112584 0)
(1.0254419e-12 -0.00048112584 0)
(1.2575909e-12 -0.00048112584 0)
(1.4787387e-12 -0.00048112584 0)
(1.675447e-12 -0.00048112584 0)
(1.8361825e-12 -0.00048112584 0)
(1.9541936e-12 -0.00048112583 0)
(2.0302467e-12 -0.00048112583 0)
(2.0717664e-12 -0.00048112583 0)
(2.0887305e-12 -0.00048112583 0)
(2.090523e-12 -0.00048112583 0)
(2.0844504e-12 -0.00048112583 0)
(2.0753829e-12 -0.00048112583 0)
(2.0660942e-12 -0.00048112583 0)
(2.0579025e-12 -0.00048112583 0)
(2.0511926e-12 -0.00048112583 0)
(2.0458372e-12 -0.00048112583 0)
(2.041481e-12 -0.00048112583 0)
(2.0377212e-12 -0.00048112583 0)
(2.0342286e-12 -0.00048112583 0)
(2.030859e-12 -0.00048112583 0)
(2.0277937e-12 -0.00048112583 0)
(2.0257513e-12 -0.00048112583 0)
(2.0263675e-12 -0.00048112583 0)
(2.0327287e-12 -0.00048112583 0)
(2.0501306e-12 -0.00048112583 0)
(2.0871486e-12 -0.00048112583 0)
(2.1568955e-12 -0.00048112583 0)
(2.2780492e-12 -0.00048112583 0)
(2.4742762e-12 -0.00048112583 0)
(2.7694688e-12 -0.00048112583 0)
(3.1784208e-12 -0.00048112583 0)
(3.6736623e-12 -0.00048112583 0)
(4.1994427e-12 -0.00048112583 0)
(2.1060218e-12 -0.00048112582 0)
(3.2699417e-12 -0.00048112583 0)
(-1.8361802e-12 -0.00048112584 0)
(-1.6754452e-12 -0.00048112584 0)
(-1.478738e-12 -0.00048112584 0)
(-1.2575906e-12 -0.00048112584 0)
(-1.0254426e-12 -0.00048112584 0)
(-7.953538e-13 -0.00048112584 0)
(-5.786463e-13 -0.00048112584 0)
(-3.8398019e-13 -0.00048112584 0)
(-2.155903e-13 -0.00048112584 0)
(-6.9036569e-14 -0.00048112584 0)
(-2.0501286e-12 -0.00048112583 0)
(-2.0327271e-12 -0.00048112583 0)
(-2.0263668e-12 -0.00048112583 0)
(-2.0257506e-12 -0.00048112583 0)
(-2.0277934e-12 -0.00048112583 0)
(-2.0308589e-12 -0.00048112583 0)
(-2.0342285e-12 -0.00048112583 0)
(-2.0377211e-12 -0.00048112583 0)
(-2.041481e-12 -0.00048112583 0)
(-2.0458372e-12 -0.00048112583 0)
(-2.0511927e-12 -0.00048112583 0)
(-2.0579025e-12 -0.00048112583 0)
(-2.0660942e-12 -0.00048112583 0)
(-2.0753829e-12 -0.00048112583 0)
(-2.0844504e-12 -0.00048112583 0)
(-2.090523e-12 -0.00048112583 0)
(-2.0887303e-12 -0.00048112583 0)
(-2.0717652e-12 -0.00048112583 0)
(-2.0302457e-12 -0.00048112583 0)
(-1.9541924e-12 -0.00048112583 0)
(-2.1060184e-12 -0.00048112582 0)
(-4.1994432e-12 -0.00048112583 0)
(-3.6736621e-12 -0.00048112583 0)
(-3.1784215e-12 -0.00048112583 0)
(-2.7694703e-12 -0.00048112583 0)
(-2.4742775e-12 -0.00048112583 0)
(-2.2780491e-12 -0.00048112583 0)
(-2.1568956e-12 -0.00048112583 0)
(-2.0871482e-12 -0.00048112583 0)
(-3.2699417e-12 -0.00048112583 0)
)
;
    }
    lens_bottom
    {
        type            calculated;
        value           nonuniform List<vector> 
30
(
(-1.7530795e-13 0.00048112584 0)
(-5.540674e-13 0.00048112584 0)
(-1.0242169e-12 0.00048112584 0)
(-1.6725292e-12 0.00048112584 0)
(-2.634525e-12 0.00048112584 0)
(-4.1344964e-12 0.00048112584 0)
(-6.5416948e-12 0.00048112584 0)
(-1.0457309e-11 0.00048112584 0)
(-1.6850874e-11 0.00048112584 0)
(-2.728183e-11 0.00048112586 0)
(-3.3662575e-11 0.0004811259 0)
(-3.4691444e-11 0.00048112593 0)
(-3.4630387e-11 0.00048112597 0)
(-3.4646355e-11 0.000481126 0)
(-3.4666029e-11 0.00048112604 0)
(-3.4672771e-11 0.00048112607 0)
(-3.4674539e-11 0.00048112611 0)
(-3.4675225e-11 0.00048112614 0)
(-3.4675556e-11 0.00048112618 0)
(-3.4675721e-11 0.00048112621 0)
(-3.4675854e-11 0.00048112625 0)
(-3.4676083e-11 0.00048112628 0)
(-3.4676624e-11 0.00048112632 0)
(-3.4677916e-11 0.00048112635 0)
(-3.4680744e-11 0.00048112638 0)
(-3.4686703e-11 0.00048112642 0)
(-3.4700236e-11 0.00048112645 0)
(-3.4709815e-11 0.00048112649 0)
(-3.4561955e-11 0.00048112652 0)
(-3.4473433e-11 0.00048112656 0)
)
;
    }
    lens_bottom_left
    {
        type            calculated;
        value           nonuniform List<vector> 
30
(
(2.728183e-11 0.00048112586 0)
(1.6850874e-11 0.00048112584 0)
(1.0457309e-11 0.00048112584 0)
(6.5416949e-12 0.00048112584 0)
(4.1344967e-12 0.00048112584 0)
(2.6345253e-12 0.00048112584 0)
(1.6725296e-12 0.00048112584 0)
(1.0242175e-12 0.00048112584 0)
(5.5406802e-13 0.00048112584 0)
(1.7530858e-13 0.00048112584 0)
(3.4473433e-11 0.00048112656 0)
(3.4561955e-11 0.00048112652 0)
(3.4709815e-11 0.00048112649 0)
(3.4700236e-11 0.00048112645 0)
(3.4686703e-11 0.00048112642 0)
(3.4680744e-11 0.00048112638 0)
(3.4677916e-11 0.00048112635 0)
(3.4676624e-11 0.00048112632 0)
(3.4676083e-11 0.00048112628 0)
(3.4675854e-11 0.00048112625 0)
(3.4675721e-11 0.00048112621 0)
(3.4675556e-11 0.00048112618 0)
(3.4675225e-11 0.00048112614 0)
(3.4674539e-11 0.00048112611 0)
(3.4672771e-11 0.00048112607 0)
(3.4666029e-11 0.00048112604 0)
(3.4646355e-11 0.000481126 0)
(3.4630387e-11 0.00048112597 0)
(3.4691444e-11 0.00048112593 0)
(3.3662575e-11 0.0004811259 0)
)
;
    }
    lens_right
    {
        type            calculated;
        value           uniform (0 0 0);
    }
    lens_left
    {
        type            calculated;
        value           uniform (0 0 0);
    }
    lens_top
    {
        type            calculated;
        value           nonuniform List<vector> 
30
(
(3.4468012e-17 -0.00048997785 0)
(1.0409797e-16 -0.00048997771 0)
(1.758296e-16 -0.00048997742 0)
(2.5113101e-16 -0.00048997698 0)
(3.3157434e-16 -0.00048997638 0)
(4.1888488e-16 -0.0004899756 0)
(5.1499846e-16 -0.00048997464 0)
(6.2213064e-16 -0.00048997347 0)
(7.4286245e-16 -0.00048997206 0)
(8.8024898e-16 -0.00048997038 0)
(1.0379596e-15 -0.00048996841 0)
(1.2204623e-15 -0.00048996608 0)
(1.4332695e-15 -0.00048996334 0)
(1.6832717e-15 -0.00048996012 0)
(1.9791978e-15 -0.00048995634 0)
(2.3322592e-15 -0.0004899519 0)
(2.7570698e-15 -0.00048994665 0)
(3.2729885e-15 -0.00048994042 0)
(3.9060976e-15 -0.00048993302 0)
(4.6922905e-15 -0.00048992415 0)
(5.6818203e-15 -0.00048991344 0)
(6.9477531e-15 -0.00048990041 0)
(8.5956813e-15 -0.00048988436 0)
(1.0797932e-14 -0.00048986433 0)
(1.3786113e-14 -0.00048983887 0)
(1.8113618e-14 -0.00048980596 0)
(2.4060601e-14 -0.00048976155 0)
(3.4904873e-14 -0.00048970212 0)
(4.5672223e-14 -0.00048960771 0)
(5.9030141e-14 -0.00048949662 0)
)
;
    }
    lens_top_left
    {
        type            calculated;
        value           nonuniform List<vector> 
30
(
(-8.8024897e-16 -0.00048997038 0)
(-7.4286243e-16 -0.00048997206 0)
(-6.2213062e-16 -0.00048997347 0)
(-5.1499843e-16 -0.00048997464 0)
(-4.1888485e-16 -0.0004899756 0)
(-3.3157431e-16 -0.00048997638 0)
(-2.5113098e-16 -0.00048997698 0)
(-1.7582956e-16 -0.00048997742 0)
(-1.0409793e-16 -0.00048997771 0)
(-3.4467977e-17 -0.00048997785 0)
(-5.9030141e-14 -0.00048949662 0)
(-4.5672223e-14 -0.00048960771 0)
(-3.4904873e-14 -0.00048970212 0)
(-2.4060601e-14 -0.00048976155 0)
(-1.8113618e-14 -0.00048980596 0)
(-1.3786113e-14 -0.00048983887 0)
(-1.0797932e-14 -0.00048986433 0)
(-8.5956813e-15 -0.00048988436 0)
(-6.9477531e-15 -0.00048990041 0)
(-5.6818203e-15 -0.00048991344 0)
(-4.6922905e-15 -0.00048992415 0)
(-3.9060976e-15 -0.00048993302 0)
(-3.2729885e-15 -0.00048994042 0)
(-2.7570699e-15 -0.00048994665 0)
(-2.3322592e-15 -0.0004899519 0)
(-1.9791978e-15 -0.00048995634 0)
(-1.6832718e-15 -0.00048996012 0)
(-1.4332695e-15 -0.00048996334 0)
(-1.2204623e-15 -0.00048996608 0)
(-1.0379596e-15 -0.00048996841 0)
)
;
    }
    iris_bottom
    {
        type            calculated;
        value           nonuniform List<vector> 
60
(
(2.155672e-12 0.00048112583 0)
(2.1040936e-12 0.00048112583 0)
(1.9970999e-12 0.00048112583 0)
(1.9679451e-12 0.00048112583 0)
(1.9675832e-12 0.00048112583 0)
(1.9796961e-12 0.00048112583 0)
(1.9946501e-12 0.00048112583 0)
(2.008039e-12 0.00048112583 0)
(2.018706e-12 0.00048112583 0)
(2.0268003e-12 0.00048112583 0)
(2.0328949e-12 0.00048112583 0)
(2.037635e-12 0.00048112583 0)
(2.041592e-12 0.00048112583 0)
(2.0451842e-12 0.00048112583 0)
(2.0485977e-12 0.00048112583 0)
(2.0516639e-12 0.00048112583 0)
(2.0536506e-12 0.00048112583 0)
(2.05291e-12 0.00048112583 0)
(2.0463728e-12 0.00048112583 0)
(2.0288422e-12 0.00048112583 0)
(1.9920932e-12 0.00048112583 0)
(1.9239512e-12 0.00048112583 0)
(1.8077665e-12 0.00048112583 0)
(1.6232278e-12 0.00048112583 0)
(1.350325e-12 0.00048112583 0)
(9.7995499e-13 0.00048112583 0)
(5.3502732e-13 0.00048112583 0)
(9.9226771e-14 0.00048112583 0)
(-2.4084634e-13 0.00048112583 0)
(-1.2319432e-13 0.00048112583 0)
(-2.0288396e-12 0.00048112583 0)
(-2.0463726e-12 0.00048112583 0)
(-2.0529091e-12 0.00048112583 0)
(-2.0536503e-12 0.00048112583 0)
(-2.051664e-12 0.00048112583 0)
(-2.0485978e-12 0.00048112583 0)
(-2.0451844e-12 0.00048112583 0)
(-2.0415921e-12 0.00048112583 0)
(-2.0376351e-12 0.00048112583 0)
(-2.0328951e-12 0.00048112583 0)
(-2.0268004e-12 0.00048112583 0)
(-2.0187062e-12 0.00048112583 0)
(-2.0080392e-12 0.00048112583 0)
(-1.9946503e-12 0.00048112583 0)
(-1.9796963e-12 0.00048112583 0)
(-1.9675833e-12 0.00048112583 0)
(-1.9679451e-12 0.00048112583 0)
(-1.9970992e-12 0.00048112583 0)
(-2.104091e-12 0.00048112583 0)
(-2.1556703e-12 0.00048112583 0)
(2.4084726e-13 0.00048112583 0)
(-9.9226855e-14 0.00048112583 0)
(-5.3502825e-13 0.00048112583 0)
(-9.799564e-13 0.00048112583 0)
(-1.3503264e-12 0.00048112583 0)
(-1.6232287e-12 0.00048112583 0)
(-1.8077664e-12 0.00048112583 0)
(-1.9239492e-12 0.00048112583 0)
(-1.9920922e-12 0.00048112583 0)
(1.2319437e-13 0.00048112583 0)
)
;
    }
    iris_pupil
    {
        type            calculated;
        value           nonuniform List<vector> 5((0.00046188081 -2.1136531e-12 0) (0.0004618808 -2.5654567e-12 0) (0.0004618808 -3.1961582e-12 0) (0.0004618808 -3.9882013e-12 0) (0.00046188079 -3.9212435e-12 0));
    }
    iris_pupil_left
    {
        type            calculated;
        value           nonuniform List<vector> 5((-0.00046188081 -2.1136529e-12 0) (-0.0004618808 -2.5654566e-12 0) (-0.0004618808 -3.1961581e-12 0) (-0.0004618808 -3.9882012e-12 0) (-0.00046188079 -3.9212434e-12 0));
    }
    iris_top
    {
        type            calculated;
        value           nonuniform List<vector> 
40
(
(-3.1284977e-11 -0.00048112591 0)
(-3.3977675e-11 -0.00048112594 0)
(-3.4545505e-11 -0.00048112597 0)
(-3.465965e-11 -0.000481126 0)
(-3.4678131e-11 -0.00048112604 0)
(-3.4678495e-11 -0.00048112607 0)
(-3.4677004e-11 -0.00048112611 0)
(-3.4676238e-11 -0.00048112614 0)
(-3.4675928e-11 -0.00048112618 0)
(-3.4675777e-11 -0.00048112621 0)
(-3.4675645e-11 -0.00048112625 0)
(-3.4675415e-11 -0.00048112628 0)
(-3.4674891e-11 -0.00048112632 0)
(-3.4673575e-11 -0.00048112635 0)
(-3.4670003e-11 -0.00048112638 0)
(-3.4660784e-11 -0.00048112642 0)
(-3.4641568e-11 -0.00048112645 0)
(-3.4597234e-11 -0.00048112649 0)
(-3.4391995e-11 -0.00048112652 0)
(-3.3017343e-11 -0.00048112656 0)
(-3.1495015e-11 -0.00048112659 0)
(-2.9985971e-11 -0.00048112661 0)
(-2.9421821e-11 -0.00048112664 0)
(-2.9051741e-11 -0.00048112666 0)
(-2.8701402e-11 -0.00048112669 0)
(-2.832194e-11 -0.00048112671 0)
(-2.7917074e-11 -0.00048112674 0)
(-2.764096e-11 -0.00048112676 0)
(-2.9420188e-11 -0.00048112679 0)
(-1.8295293e-11 -0.00048112683 0)
(2.9420188e-11 -0.00048112679 0)
(2.764096e-11 -0.00048112676 0)
(2.7917074e-11 -0.00048112674 0)
(2.832194e-11 -0.00048112671 0)
(2.8701402e-11 -0.00048112669 0)
(2.9051741e-11 -0.00048112666 0)
(2.9421821e-11 -0.00048112664 0)
(2.9985971e-11 -0.00048112661 0)
(3.1495015e-11 -0.00048112659 0)
(1.8295293e-11 -0.00048112683 0)
)
;
    }
    tm_limbus_wall
    {
        type            calculated;
        value           nonuniform List<vector> 4((1.2394837e-11 -0.00048112577 0) (1.1612431e-11 0.00048112577 0) (-1.2394838e-11 -0.00048112577 0) (-1.1612432e-11 0.00048112577 0));
    }
    ac_inlet
    {
        type            calculated;
        value           uniform (0 0 0);
    }
    ac_inlet_left
    {
        type            calculated;
        value           uniform (0 0 0);
    }
    outlet_tm
    {
        type            calculated;
        value           uniform (0 0 0);
    }
    outlet_tm_left
    {
        type            calculated;
        value           uniform (0 0 0);
    }
    front
    {
        type            empty;
    }
    back
    {
        type            empty;
    }
    defaultFaces
    {
        type            calculated;
        value           uniform (0 0 0);
    }
    needle_int_inlet_master
    {
        type            calculated;
        value           uniform (0 0 0);
    }
    needle_int_inlet_slave
    {
        type            calculated;
        value           uniform (0 0 0);
    }
    needle_int_outlet_master
    {
        type            calculated;
        value           uniform (0 0 0);
    }
    needle_int_outlet_slave
    {
        type            calculated;
        value           uniform (0 0 0);
    }
}


// ************************************************************************* //
