/*--------------------------------*- C++ -*----------------------------------*\
| =========                 |                                                 |
| \\      /  F ield         | OpenFOAM: The Open Source CFD Toolbox           |
|  \\    /   O peration     | Version:  2512                                  |
|   \\  /    A nd           | Website:  www.openfoam.com                      |
|    \\/     M anipulation  |                                                 |
\*---------------------------------------------------------------------------*/
FoamFile
{
    version     2.0;
    format      ascii;
    arch        "LSB;label=32;scalar=64";
    class       volSymmTensorField;
    location    "3.6";
    object      epsilon;
}
// * * * * * * * * * * * * * * * * * * * * * * * * * * * * * * * * * * * * * //

dimensions      [0 0 0 0 0 0 0];

internalField   nonuniform List<symmTensor> 
100
(
(-0.006684552 0.0073819272 0 0.019159249 0 0)
(-0.0026950221 0.012931957 0 0.0077112756 0 0)
(-2.9332582e-05 0.013510071 0 -7.1987062e-05 0 0)
(0.0026438452 0.012879063 0 -0.0078781273 0 0)
(0.0066483596 0.007292103 0 -0.019396642 0 0)
(-0.0054457421 0.0050179503 0 0.013061865 0 0)
(-0.0028274096 0.011269504 0 0.0061679323 0 0)
(-5.8826678e-05 0.012266514 0 -4.8117482e-05 0 0)
(0.0027207028 0.011216955 0 -0.0062863613 0 0)
(0.0053634258 0.0048831822 0 -0.013249725 0 0)
(-0.0034868556 0.0041736087 0 0.0078085595 0 0)
(-0.0019820901 0.010129624 0 0.0038829314 0 0)
(-5.8640322e-05 0.011292096 0 -3.1226311e-05 0 0)
(0.0018748757 0.010077741 0 -0.0039587458 0 0)
(0.0033947177 0.0040357396 0 -0.0079214765 0 0)
(-0.0015867335 0.003559055 0 0.0029712764 0 0)
(-0.0010694849 0.0087698946 0 0.0017013928 0 0)
(-5.3337257e-05 0.0098694302 0 -1.9266547e-05 0 0)
(0.00096816988 0.008711887 0 -0.0017453596 0 0)
(0.0014914226 0.0034160903 0 -0.003027676 0 0)
(3.8636321e-05 0.0029861112 0 -0.0010261982 0 0)
(-0.00021303889 0.0074026327 0 -0.00022956623 0 0)
(-4.840168e-05 0.0083911233 0 -3.3079644e-06 0 0)
(0.00011547756 0.0073432649 0 0.00022492856 0 0)
(-0.00014098163 0.0028472084 0 0.001029144 0 0)
(0.0014132894 0.0024433454 0 -0.0043994548 0 0)
(0.00052319599 0.0060554319 0 -0.0018719745 0 0)
(-4.4952238e-05 0.0068799197 0 1.1610765e-05 0 0)
(-0.00061866896 0.0059996622 0 0.0019024176 0 0)
(-0.0015218492 0.0023175323 0 0.0044518325 0 0)
(0.0025024502 0.0018994347 0 -0.0070620778 0 0)
(0.0011173835 0.0047023335 0 -0.0031858872 0 0)
(-4.3249047e-05 0.0053512152 0 2.6256761e-05 0 0)
(-0.0012130703 0.0046545549 0 0.0032493132 0 0)
(-0.0026177071 0.001794006 0 0.007157655 0 0)
(0.0033215323 0.0013582587 0 -0.0090642252 0 0)
(0.0015661991 0.0033579281 0 -0.0041762419 0 0)
(-4.2545044e-05 0.0038229308 0 3.8127632e-05 0 0)
(-0.0016629363 0.0033215317 0 0.004265847 0 0)
(-0.003442302 0.0012789738 0 0.009192876 0 0)
(0.0038651259 0.00081524395 0 -0.010392169 0 0)
(0.00186534 0.0020133053 0 -0.0048349958 0 0)
(-4.2413406e-05 0.0022927753 0 4.6744956e-05 0 0)
(-0.0019633501 0.0019905777 0 0.0049433328 0 0)
(-0.0039900482 0.00076608581 0 0.010543867 0 0)
(0.004137186 0.00027192773 0 -0.011056826 0 0)
(0.002015185 0.00067118598 0 -0.0051648665 0 0)
(-4.2431477e-05 0.00076435176 0 5.1165787e-05 0 0)
(-0.0021139623 0.00066346701 0 0.005282756 0 0)
(-0.0042642568 0.00025528266 0 0.011220146 0 0)
(0.004137186 -0.00027192791 0 -0.011056826 0 0)
(0.0020151851 -0.00067118641 0 -0.0051648665 0 0)
(-4.2431452e-05 -0.00076435225 0 5.1165766e-05 0 0)
(-0.0021139623 -0.00066346744 0 0.0052827559 0 0)
(-0.0042642567 -0.00025528284 0 0.011220146 0 0)
(0.0038651261 -0.00081524411 0 -0.010392169 0 0)
(0.0018653401 -0.0020133057 0 -0.0048349957 0 0)
(-4.2413265e-05 -0.0022927757 0 4.6744883e-05 0 0)
(-0.0019633499 -0.0019905781 0 0.0049433326 0 0)
(-0.003990048 -0.00076608597 0 0.010543867 0 0)
(0.0033215325 -0.0013582588 0 -0.0090642249 0 0)
(0.0015661993 -0.0033579284 0 -0.0041762418 0 0)
(-4.2544858e-05 -0.0038229311 0 3.8127523e-05 0 0)
(-0.0016629361 -0.003321532 0 0.0042658467 0 0)
(-0.0034423018 -0.0012789739 0 0.0091928755 0 0)
(0.0025024504 -0.0018994348 0 -0.0070620774 0 0)
(0.0011173838 -0.0047023336 0 -0.0031858872 0 0)
(-4.3248777e-05 -0.0053512154 0 2.6256621e-05 0 0)
(-0.0012130701 -0.0046545551 0 0.0032493128 0 0)
(-0.0026177068 -0.0017940061 0 0.0071576543 0 0)
(0.0014132897 -0.0024433454 0 -0.0043994543 0 0)
(0.00052319631 -0.006055432 0 -0.0018719744 0 0)
(-4.4951935e-05 -0.0068799198 0 1.1610608e-05 0 0)
(-0.00061866867 -0.0059996622 0 0.0019024172 0 0)
(-0.0015218488 -0.0023175323 0 0.0044518318 0 0)
(3.8636706e-05 -0.0029861111 0 -0.0010261977 0 0)
(-0.00021303851 -0.0074026325 0 -0.00022956616 0 0)
(-4.8401337e-05 -0.0083911231 0 -3.3081313e-06 0 0)
(0.00011547785 -0.0073432648 0 0.00022492818 0 0)
(-0.00014098134 -0.0028472084 0 0.0010291433 0 0)
(-0.001586733 -0.0035590548 0 0.0029712767 0 0)
(-0.0010694845 -0.0087698942 0 0.0017013928 0 0)
(-5.3336908e-05 -0.0098694298 0 -1.9266707e-05 0 0)
(0.00096817015 -0.0087118866 0 -0.0017453599 0 0)
(0.0014914229 -0.0034160901 0 -0.0030276765 0 0)
(-0.0034868551 -0.0041736084 0 0.0078085596 0 0)
(-0.0019820896 -0.010129623 0 0.0038829313 0 0)
(-5.8640001e-05 -0.011292095 0 -3.1226453e-05 0 0)
(0.0018748759 -0.010077741 0 -0.003958746 0 0)
(0.0033947178 -0.0040357393 0 -0.0079214768 0 0)
(-0.0054457415 -0.0050179499 0 0.013061865 0 0)
(-0.0028274092 -0.011269503 0 0.0061679322 0 0)
(-5.8826397e-05 -0.012266513 0 -4.8117579e-05 0 0)
(0.0027207029 -0.011216955 0 -0.0062863613 0 0)
(0.0053634258 -0.0048831819 0 -0.013249725 0 0)
(-0.0066845514 -0.0073819265 0 0.019159248 0 0)
(-0.0026950218 -0.012931956 0 0.0077112754 0 0)
(-2.9332471e-05 -0.01351007 0 -7.1987065e-05 0 0)
(0.0026438452 -0.012879062 0 -0.0078781272 0 0)
(0.0066483595 -0.0072921025 0 -0.019396642 0 0)
)
;

boundaryField
{
    bottom
    {
        type            calculated;
        value           nonuniform List<symmTensor> 5((-0.006684552 0.0088743643 0 0.022727503 0 0) (-0.0026950221 0.011939763 0 0.0081281507 0 0) (-2.9332582e-05 0.01237368 0 -8.1735946e-05 0 0) (0.0026438452 0.011872283 0 -0.0083098965 0 0) (0.0066483596 0.0087611282 0 -0.022961493 0 0));
    }
    top
    {
        type            calculated;
        value           nonuniform List<symmTensor> 5((-0.0066845514 -0.0088743634 0 0.022727502 0 0) (-0.0026950218 -0.011939762 0 0.0081281505 0 0) (-2.9332471e-05 -0.012373679 0 -8.1735908e-05 0 0) (0.0026438452 -0.011872282 0 -0.0083098962 0 0) (0.0066483595 -0.0087611277 0 -0.022961493 0 0));
    }
    interface_left
    {
        type            calculated;
        value           nonuniform List<symmTensor> 
20
(
(-0.0083415417 8.7649617e-05 0 0.019159249 0 0)
(-0.0057473245 0.00018404292 0 0.013061865 0 0)
(-0.0034820454 0.0001959521 0 0.0078085595 0 0)
(-0.001392241 0.00019618471 0 0.0029712764 0 0)
(0.00033469061 0.00018581525 0 -0.0010261982 0 0)
(0.0017918499 0.00016557708 0 -0.0043994548 0 0)
(0.0029419277 0.00013724726 0 -0.0070620778 0 0)
(0.003806648 0.00010256928 0 -0.0090642252 0 0)
(0.0043801481 6.3358246e-05 0 -0.010392169 0 0)
(0.004667183 2.1421925e-05 0 -0.011056826 0 0)
(0.004667183 -2.1421914e-05 0 -0.011056826 0 0)
(0.0043801482 -6.3358229e-05 0 -0.010392169 0 0)
(0.0038066482 -0.00010256926 0 -0.0090642249 0 0)
(0.002941928 -0.00013724722 0 -0.0070620774 0 0)
(0.0017918502 -0.00016557703 0 -0.0043994543 0 0)
(0.000334691 -0.00018581519 0 -0.0010261977 0 0)
(-0.0013922405 -0.00019618464 0 0.0029712767 0 0)
(-0.0034820449 -0.00019595202 0 0.0078085596 0 0)
(-0.0057473239 -0.00018404285 0 0.013061865 0 0)
(-0.008341541 -8.7649567e-05 0 0.019159248 0 0)
)
;
    }
    interface_right
    {
        type            calculated;
        value           nonuniform List<symmTensor> 
20
(
(0.0083128456 4.350596e-09 0 -0.019396642 0 0)
(0.0056784524 5.9023428e-09 0 -0.013249725 0 0)
(0.0033949177 9.4181914e-09 0 -0.0079214765 0 0)
(0.0012975749 1.1801801e-08 0 -0.003027676 0 0)
(-0.00044106191 1.3096211e-08 0 0.001029144 0 0)
(-0.001907928 1.308849e-08 0 0.0044518325 0 0)
(-0.0030675659 1.1799782e-08 0 0.007157655 0 0)
(-0.0039398032 9.3594183e-09 0 0.009192876 0 0)
(-0.0045187992 6.0021478e-09 0 0.010543867 0 0)
(-0.004808633 2.0611355e-09 0 0.011220146 0 0)
(-0.0048086329 -2.0822036e-09 0 0.011220146 0 0)
(-0.0045187991 -6.0208705e-09 0 0.010543867 0 0)
(-0.003939803 -9.3735956e-09 0 0.0091928755 0 0)
(-0.0030675656 -1.1808814e-08 0 0.0071576543 0 0)
(-0.0019079277 -1.3091848e-08 0 0.0044518318 0 0)
(-0.00044106162 -1.3093794e-08 0 0.0010291433 0 0)
(0.0012975751 -1.1794152e-08 0 -0.0030276765 0 0)
(0.0033949178 -9.4052005e-09 0 -0.0079214768 0 0)
(0.0056784523 -5.8838922e-09 0 -0.013249725 0 0)
(0.0083128453 -4.3257463e-09 0 -0.019396642 0 0)
)
;
    }
    frontAndBack
    {
        type            empty;
    }
}


// ************************************************************************* //
