/*--------------------------------*- C++ -*----------------------------------*\
| =========                 |                                                 |
| \\      /  F ield         | OpenFOAM: The Open Source CFD Toolbox           |
|  \\    /   O peration     | Version:  2512                                  |
|   \\  /    A nd           | Website:  www.openfoam.com                      |
|    \\/     M anipulation  |                                                 |
\*---------------------------------------------------------------------------*/
FoamFile
{
    version     2.0;
    format      ascii;
    arch        "LSB;label=32;scalar=64";
    class       surfaceScalarField;
    location    "0.1";
    object      phi;
}
// * * * * * * * * * * * * * * * * * * * * * * * * * * * * * * * * * * * * * //

dimensions      [0 3 -1 0 0 0 0];

oriented        oriented;

internalField   nonuniform List<scalar> 
3919
(
9.3428998e-05
6.5710024e-06
8.5020334e-05
8.4086635e-06
7.8533136e-05
6.4871977e-06
7.4246545e-05
4.2865902e-06
7.1783173e-05
2.4633696e-06
7.0461746e-05
1.3214253e-06
6.9722024e-05
7.3971982e-07
6.9280493e-05
4.4152948e-07
6.9008851e-05
2.716398e-07
6.8836788e-05
1.7206227e-07
6.8723404e-05
1.1338172e-07
6.8646199e-05
7.7204221e-08
6.8592556e-05
5.3641863e-08
6.8554814e-05
3.7740444e-08
6.8528032e-05
2.6781043e-08
6.8508922e-05
1.9109196e-08
6.8495248e-05
1.3672794e-08
6.8485463e-05
9.7836821e-09
6.8478484e-05
6.9775558e-09
6.847355e-05
4.9325937e-09
6.8470128e-05
3.4209006e-09
6.8467849e-05
2.2776645e-09
6.8466467e-05
1.3803312e-09
6.8465831e-05
6.3467268e-10
6.8465854e-05
-2.4798772e-11
6.8466549e-05
-6.9675185e-10
6.8467969e-05
-1.4212061e-09
6.8470243e-05
-2.2767132e-09
6.847359e-05
-3.3490451e-09
6.8478331e-05
-4.7444982e-09
6.848493e-05
-6.6021641e-09
6.8494036e-05
-9.1098301e-09
6.8506555e-05
-1.2523233e-08
6.8523758e-05
-1.72079e-08
6.8547402e-05
-2.3649192e-08
6.8580054e-05
-3.2659069e-08
6.8625078e-05
-4.5032095e-08
6.8688382e-05
-6.3312292e-08
6.8775307e-05
-8.6934842e-08
6.8904921e-05
-1.2962602e-07
6.9073301e-05
-1.6839404e-07
6.9376041e-05
-3.027618e-07
6.9690308e-05
-3.142919e-07
7.0572947e-05
-8.8268549e-07
7.1207429e-05
-6.3448409e-07
7.4150058e-05
-2.942625e-06
7.6876969e-05
-2.7268712e-06
-9.1744231e-06
8.6051438e-05
0.00010284465
3.7263533e-06
0.0001041246
7.1287112e-06
0.00010393339
6.67841e-06
0.00010322674
4.9932376e-06
0.00010235605
3.3340546e-06
0.00010158161
2.0958628e-06
0.00010100567
1.3156614e-06
0.00010059978
8.4742425e-07
0.00010031366
5.5775539e-07
0.00010011185
3.7386653e-07
9.996971e-05
2.5552333e-07
9.9869288e-05
1.7762499e-07
9.9797962e-05
1.2496633e-07
9.974706e-05
8.8641408e-08
9.9710602e-05
6.3238006e-08
9.9684422e-05
4.5288259e-08
9.9665594e-05
3.249889e-08
9.9652055e-05
2.3321596e-08
9.9642341e-05
1.6690674e-08
9.9635412e-05
1.1859534e-08
9.9630535e-05
8.296881e-09
9.9627193e-05
5.6180536e-09
9.9625034e-05
3.5384328e-09
9.9623826e-05
1.8405572e-09
9.9623445e-05
3.5418048e-10
9.9623828e-05
-1.0810769e-09
9.9625017e-05
-2.6123798e-09
9.9627118e-05
-4.3796489e-09
9.9630328e-05
-6.5618784e-09
9.9634955e-05
-9.374587e-09
9.9641446e-05
-1.3096142e-08
9.9650431e-05
-1.8098844e-08
9.9662791e-05
-2.4888209e-08
9.9679749e-05
-3.4170736e-08
9.9703008e-05
-4.6913385e-08
9.9734916e-05
-6.4574653e-08
9.9778858e-05
-8.8981761e-08
9.9839291e-05
-1.2375322e-07
9.9923736e-05
-1.7139049e-07
0.00010003909
-2.4499071e-07
0.00010020892
-3.3824388e-07
0.00010042499
-5.188483e-07
0.00010080545
-6.9478318e-07
0.00010114448
-1.2217388e-06
0.00010206249
-1.5525106e-06
0.00010221449
-3.0945812e-06
0.0001029494
-3.4617425e-06
-8.2866295e-06
0.00010206164
0.00010153991
2.1864453e-06
0.00010361985
5.04877e-06
0.00010484483
5.4534238e-06
0.00010529096
4.5471134e-06
0.00010525014
3.3748668e-06
0.00010498463
2.3613736e-06
0.00010468312
1.6171761e-06
0.00010442278
1.1077554e-06
0.00010421683
7.6370349e-07
0.00010406023
5.3047088e-07
0.00010394415
3.7160013e-07
0.00010385932
2.6245375e-07
0.00010379769
1.8659981e-07
0.000103753
1.333275e-07
0.00010372063
9.5607819e-08
0.00010369719
6.8725166e-08
0.00010368023
4.9458645e-08
0.00010366797
3.5579234e-08
0.00010365913
2.5525762e-08
0.0001036528
1.8192026e-08
0.00010364831
1.2784964e-08
0.0001036452
8.7280588e-09
0.00010364314
5.5941478e-09
0.00010364192
3.0568921e-09
0.00010364142
8.5693367e-10
0.00010364156
-1.2239013e-09
0.00010364236
-3.4146739e-09
0.00010364389
-5.9117256e-09
0.00010364629
-8.9660294e-09
0.00010364979
-1.2877079e-08
0.00010365472
-1.8028641e-08
0.00010366155
-2.4929237e-08
0.00010367092
-3.4265396e-08
0.00010368373
-4.6982008e-08
0.00010370119
-6.4377409e-08
0.00010372492
-8.8311445e-08
0.00010375722
-1.2129069e-07
0.00010380079
-1.6732748e-07
0.00010386041
-2.3102126e-07
0.00010393829
-3.2288466e-07
0.00010404843
-4.4839193e-07
0.00010417293
-6.4336402e-07
0.00010437065
-8.9252687e-07
0.00010448186
-1.3329592e-06
0.00010471871
-1.7893427e-06
0.00010443692
-2.812777e-06
0.00010406162
-3.0864046e-06
-6.4430291e-06
0.00010221802
0.00010077376
1.4126872e-06
0.00010225076
3.5717709e-06
0.00010348029
4.2238838e-06
0.00010420784
3.8195675e-06
0.00010452831
3.0543946e-06
0.00010459513
2.2945512e-06
0.00010454305
1.6692632e-06
0.00010445305
1.1977501e-06
0.00010436097
8.5578128e-07
0.00010428018
6.112582e-07
0.0001042145
4.3728293e-07
0.00010416337
3.1357954e-07
0.00010412455
2.254164e-07
0.00010409551
1.6236697e-07
0.00010407399
1.1712762e-07
0.00010405815
8.4568751e-08
0.00010404654
6.1066809e-08
0.00010403807
4.4048408e-08
0.00010403191
3.1675828e-08
0.00010402748
2.2628353e-08
0.00010402431
1.5949422e-08
0.0001040221
1.0938732e-08
0.00010402062
7.0750227e-09
0.00010401971
3.9594522e-09
0.00010401929
1.2743205e-09
0.00010401931
-1.243037e-09
0.00010401976
-3.8681844e-09
0.00010402069
-6.8391254e-09
0.00010402217
-1.0450976e-08
0.00010402435
-1.5055385e-08
0.00010402741
-2.109936e-08
0.00010403165
-2.9170469e-08
0.00010403744
-4.0055838e-08
0.00010404528
-5.4824954e-08
0.00010405583
-7.4936202e-08
0.00010406993
-1.0241315e-07
0.00010408864
-1.4000918e-07
0.00010411301
-1.9169856e-07
0.0001041446
-2.6261652e-07
0.00010418276
-3.6105558e-07
0.00010422989
-4.9553094e-07
0.00010427127
-6.8474793e-07
0.00010431373
-9.3500052e-07
0.00010427516
-1.294391e-06
0.00010418443
-1.6985994e-06
0.00010377542
-2.403734e-06
0.00010322042
-2.531401e-06
-4.7517202e-06
0.00010152909
0.00010044457
9.6812077e-07
0.00010145335
2.5629864e-06
0.0001024741
3.2031289e-06
0.00010322852
3.0651484e-06
0.00010369881
2.5841056e-06
0.0001039549
2.0384612e-06
0.00010407618
1.5479812e-06
0.00010412321
1.1507217e-06
0.00010413308
8.4590757e-07
0.00010412621
6.1812371e-07
0.00010411332
4.5017265e-07
0.00010409962
3.2727919e-07
0.00010408731
2.3772578e-07
0.00010407708
1.7259232e-07
0.00010406896
1.2525457e-07
0.00010406267
9.0851786e-08
0.0001040579
6.5835135e-08
0.00010405433
4.7619346e-08
0.00010405168
3.4321758e-08
0.00010404974
2.4569179e-08
0.00010404833
1.7355933e-08
0.00010404733
1.1939713e-08
0.00010404664
7.7647851e-09
0.00010404619
4.4045256e-09
0.00010404595
1.5182635e-09
0.00010404588
-1.1738111e-09
0.00010404597
-3.9655092e-09
0.00010404624
-7.1094678e-09
0.0001040467
-1.0915951e-08
0.0001040474
-1.5752473e-08
0.00010404838
-2.2083172e-08
0.00010404972
-3.0513498e-08
0.00010405151
-4.1847593e-08
0.00010405384
-5.7164873e-08
0.00010405682
-7.7918843e-08
0.00010406048
-1.0607663e-07
0.00010406475
-1.4427657e-07
0.00010406914
-1.9609592e-07
0.00010407272
-2.6619538e-07
0.00010407253
-3.6087348e-07
0.00010406458
-4.8758032e-07
0.00010403607
-6.5624682e-07
0.00010397535
-8.7428391e-07
0.00010383907
-1.1580971e-06
0.00010361107
-1.4705862e-06
0.00010316403
-1.9566822e-06
0.00010263312
-2.0004892e-06
-3.4683728e-06
0.00010134975
0.00010029109
6.7703181e-07
0.00010101858
1.8354972e-06
0.00010185091
2.3707907e-06
0.00010255956
2.3564977e-06
0.00010308164
2.0620267e-06
0.00010343623
1.6838755e-06
0.00010366509
1.3191133e-06
0.00010380864
1.0071783e-06
0.00010389751
7.5703423e-07
0.0001039523
5.6332693e-07
0.00010398616
4.1631392e-07
0.00010400725
3.061921e-07
0.00010402054
2.2443528e-07
0.00010402903
1.6409783e-07
0.00010403454
1.1974453e-07
0.00010403816
8.7225109e-08
0.00010404058
6.3416282e-08
0.00010404221
4.5989039e-08
0.00010404331
3.3216406e-08
0.00010404406
2.3821089e-08
0.00010404456
1.6857635e-08
0.00010404487
1.1622539e-08
0.00010404505
7.5859878e-09
0.00010404511
4.3396331e-09
0.00010404507
1.5566072e-09
0.00010404493
-1.0308498e-09
0.00010404467
-3.7048791e-09
0.00010404426
-6.7056957e-09
0.00010404367
-1.0328106e-08
0.00010404284
-1.4918972e-08
0.00010404166
-2.0913814e-08
0.00010404002
-2.8876748e-08
0.00010403773
-3.9550677e-08
0.00010403448
-5.392133e-08
0.00010402986
-7.3297757e-08
0.00010402319
-9.9413266e-08
0.00010401345
-1.3454177e-07
0.00010399898
-1.8162705e-07
0.00010397719
-2.4440093e-07
0.00010394369
-3.2737408e-07
0.00010389199
-4.3587952e-07
0.00010381081
-5.7506542e-07
0.0001036858
-7.4927922e-07
0.00010349114
-9.6342836e-07
0.00010321013
-1.1895618e-06
0.00010277289
-1.5194318e-06
0.00010229523
-1.5228351e-06
-2.4912209e-06
0.00010131806
0.00010021351
4.635254e-07
0.00010077655
1.2724513e-06
0.0001014716
1.6757355e-06
0.00010212095
1.7071553e-06
0.00010265048
1.5324926e-06
0.00010305215
1.2822058e-06
0.00010334424
1.0270244e-06
0.00010355174
7.9967455e-07
0.00010369761
6.1116494e-07
0.0001037998
4.6112842e-07
0.00010387144
3.4467892e-07
0.00010392179
2.5584252e-07
0.00010395731
1.8890811e-07
0.00010398248
1.3892525e-07
0.00010400039
1.018401e-07
0.00010401316
7.4449759e-08
0.0001040223
5.4280764e-08
0.00010402883
3.9451655e-08
0.0001040335
2.854568e-08
0.00010403682
2.0502419e-08
0.00010403914
1.4529678e-08
0.00010404073
1.0033806e-08
0.00010404175
6.5653364e-09
0.00010404231
3.7765407e-09
0.00010404248
1.3884217e-09
0.00010404227
-8.273675e-10
0.00010404168
-3.1122372e-09
0.00010404064
-5.6699186e-09
0.00010403906
-8.7507179e-09
0.00010403679
-1.2647493e-08
0.0001040336
-1.7726091e-08
0.00010402918
-2.445752e-08
0.00010402308
-3.345728e-08
0.00010401469
-4.5533801e-08
0.00010400314
-6.1746693e-08
0.0001039872
-8.347304e-08
0.00010396514
-1.1247921e-07
0.00010393448
-1.5096996e-07
0.00010389172
-2.0164089e-07
0.00010383184
-2.6749654e-07
0.00010374789
-3.5191859e-07
0.00010363022
-4.5739523e-07
0.00010346663
-5.8569199e-07
0.00010324079
-7.3757929e-07
0.00010294315
-8.9190048e-07
0.00010253162
-1.107894e-06
0.00010210459
-1.0958136e-06
-1.7222321e-06
0.00010133559
0.00010017222
2.9130589e-07
0.00010063965
8.0501789e-07
0.00010124338
1.0720004e-06
0.00010184177
1.1087662e-06
0.00010236237
1.0118973e-06
0.0001027842
8.6037168e-07
0.0001031117
6.9952634e-07
0.00010335936
5.5201646e-07
0.00010354372
4.2679718e-07
0.00010367967
3.2517659e-07
0.00010377932
2.4503272e-07
0.00010385207
1.8308627e-07
0.00010390507
1.3591171e-07
0.00010394361
1.0038036e-07
0.00010397161
7.3835965e-08
0.00010399194
5.412355e-08
0.00010400667
3.9545475e-08
0.00010401733
2.8790647e-08
0.00010402502
2.0860143e-08
0.00010403052
1.4999432e-08
0.00010403441
1.064083e-08
0.00010403708
7.3565928e-09
0.00010403882
4.8215122e-09
0.00010403982
2.7832301e-09
0.00010404016
1.0388643e-09
0.00010403991
-5.7757872e-10
0.00010403904
-2.2421079e-09
0.00010403747
-4.1022342e-09
0.00010403506
-6.3394645e-09
0.00010403157
-9.1652414e-09
0.00010402669
-1.2842707e-08
0.00010401994
-1.7708992e-08
0.00010401068
-2.4202013e-08
0.00010399804
-3.2892292e-08
0.00010398081
-4.4519839e-08
0.00010395737
-6.0032423e-08
0.00010392551
-8.062336e-08
0.00010388229
-1.0774151e-07
0.00010382375
-1.4310115e-07
0.00010374476
-1.8850056e-07
0.00010363869
-2.4584336e-07
0.0001034975
-3.1620022e-07
0.00010331179
-3.9997978e-07
0.00010307095
-4.9673706e-07
0.00010277129
-5.9222245e-07
0.00010238573
-7.2232786e-07
0.00010199836
-7.0844848e-07
-1.0849779e-06
0.0001013611
0.00010015042
1.4088699e-07
0.00010056481
3.9062957e-07
0.00010111363
5.2317045e-07
0.00010167684
5.4555727e-07
0.00010218623
5.0250903e-07
0.0001026154
4.3120423e-07
0.00010296129
3.5363138e-07
0.00010323206
2.8124771e-07
0.00010343992
2.1893553e-07
0.00010359732
1.6777531e-07
0.00010371531
1.2703809e-07
0.0001038031
9.5301115e-08
0.00010386803
7.0975798e-08
0.00010391585
5.2558208e-08
0.00010395095
3.874104e-08
0.00010397662
2.844561e-08
0.00010399535
2.0811397e-08
0.00010400898
1.5167439e-08
0.00010401884
1.0998756e-08
0.00010402592
7.9141278e-09
0.00010403094
5.6179021e-09
0.00010403441
3.8865359e-09
0.00010403668
2.5496249e-09
0.00010403799
1.4746727e-09
0.00010403847
5.5502685e-10
0.00010403819
-2.965661e-10
0.00010403712
-1.1728233e-09
0.00010403516
-2.1510967e-09
0.00010403215
-3.3266817e-09
0.00010402779
-4.8102923e-09
0.00010402169
-6.7393485e-09
0.00010401327
-9.2894204e-09
0.00010400175
-1.2687619e-08
0.00010398609
-1.7228348e-08
0.00010396486
-2.3290865e-08
0.00010393618
-3.1356452e-08
0.00010389758
-4.2023681e-08
0.00010384585
-5.6006711e-08
0.00010377688
-7.4131705e-08
0.00010368562
-9.7231793e-08
0.00010356593
-1.2614649e-07
0.00010341098
-1.6124556e-07
0.00010321351
-2.025058e-07
0.00010296626
-2.4947979e-07
0.00010266906
-2.9501281e-07
0.00010230286
-3.5611459e-07
0.00010194203
-3.4762099e-07
-5.2474885e-07
0.00010138179
0.00010014089
2.9537729e-13
0.00010053152
-1.3451823e-12
0.00010105469
-2.0478134e-12
0.00010160025
-1.9175457e-12
0.00010210276
-1.5707437e-12
0.00010253396
-1.3146173e-12
0.00010288759
-1.167303e-12
0.00010316884
-1.0926529e-12
0.00010338777
-1.0551895e-12
0.00010355555
-1.0349436e-12
0.00010368259
-1.0277687e-12
0.00010377789
-1.03131e-12
0.00010384886
-1.0420064e-12
0.00010390142
-1.0554253e-12
0.00010394016
-1.0645587e-12
0.00010396861
-1.0656126e-12
0.00010398942
-1.0541775e-12
0.00010400459
-1.0291829e-12
0.00010401559
-9.816088e-13
0.0001040235
-9.1129199e-13
0.00010402912
-8.1218026e-13
0.000104033
-6.8431584e-13
0.00010403555
-5.226081e-13
0.00010403702
-3.3228295e-13
0.00010403758
-1.0613358e-13
0.00010403728
1.3876413e-13
0.0001040361
4.0038941e-13
0.00010403395
6.7696508e-13
0.00010403062
9.2341196e-13
0.00010402581
1.1304409e-12
0.00010401907
1.3581565e-12
0.00010400977
1.5468998e-12
0.00010399708
1.7485035e-12
0.00010397985
1.9616844e-12
0.00010395656
2.155153e-12
0.0001039252
2.3081063e-12
0.00010388318
2.423151e-12
0.00010382717
2.6227706e-12
0.00010375304
3.0257812e-12
0.00010365581
3.6435037e-12
0.00010352966
4.3950282e-12
0.00010336842
5.1091987e-12
0.00010316591
5.6905534e-12
0.00010291643
5.8990092e-12
0.00010262142
6.9355352e-12
0.00010226531
6.9916913e-12
0.00010191768
8.2234193e-12
7.1692779e-12
0.00010139291
0.00010014088
-1.4088534e-07
0.00010053151
-3.9063216e-07
0.00010105469
-5.2317484e-07
0.00010160024
-5.4556132e-07
0.00010210275
-5.0251231e-07
0.00010253396
-4.3120692e-07
0.00010288759
-3.5363375e-07
0.00010316884
-2.8124992e-07
0.00010338777
-2.1893766e-07
0.00010355555
-1.6777739e-07
0.00010368259
-1.2704015e-07
0.00010377789
-9.5303175e-08
0.00010384886
-7.0977879e-08
0.00010390142
-5.2560313e-08
0.00010394016
-3.8743163e-08
0.00010396861
-2.8447734e-08
0.00010398942
-2.0813498e-08
0.00010400459
-1.5169488e-08
0.00010401559
-1.1000711e-08
0.0001040235
-7.9159408e-09
0.00010402912
-5.6195195e-09
0.000104033
-3.8878973e-09
0.00010403555
-2.5506688e-09
0.00010403702
-1.4753389e-09
0.00010403758
-5.5525823e-10
0.00010403728
2.9684644e-10
0.0001040361
1.1735928e-09
0.00010403395
2.1523928e-09
0.00010403062
3.3284561e-09
0.00010402581
4.8124897e-09
0.00010401907
6.7419369e-09
0.00010400977
9.292365e-09
0.00010399708
1.2690939e-08
0.00010397985
1.7232058e-08
0.00010395656
2.3294934e-08
0.0001039252
3.136077e-08
0.00010388318
4.202822e-08
0.00010382717
5.6011654e-08
0.00010375304
7.4137478e-08
0.00010365581
9.723891e-08
0.00010352966
1.261552e-07
0.00010336842
1.6125557e-07
0.00010316591
2.0251678e-07
0.00010291643
2.4949154e-07
0.00010262142
2.9502553e-07
0.00010226531
3.5612637e-07
0.00010191768
3.4763849e-07
5.2476471e-07
0.00010139291
0.00010015042
-2.9130565e-07
0.00010056481
-8.0502014e-07
0.00010111363
-1.0720041e-06
0.00010167684
-1.1087698e-06
0.00010218623
-1.0119003e-06
0.0001026154
-8.603742e-07
0.00010296129
-6.9952862e-07
0.00010323206
-5.520186e-07
0.00010343992
-4.2679923e-07
0.00010359732
-3.2517861e-07
0.00010371531
-2.4503475e-07
0.0001038031
-1.8308832e-07
0.00010386803
-1.359138e-07
0.00010391585
-1.0038247e-07
0.00010395095
-7.3838086e-08
0.00010397662
-5.4125663e-08
0.00010399535
-3.9547557e-08
0.00010400898
-2.8792668e-08
0.00010401884
-2.0862069e-08
0.00010402592
-1.5001214e-08
0.00010403094
-1.064242e-08
0.00010403441
-7.3579286e-09
0.00010403668
-4.8225426e-09
0.00010403799
-2.7838899e-09
0.00010403847
-1.039109e-09
0.00010403819
5.7781901e-10
0.00010403712
2.2427978e-09
0.00010403516
4.1034137e-09
0.00010403215
6.3410629e-09
0.00010402779
9.1672066e-09
0.00010402169
1.2844962e-08
0.00010401327
1.7711543e-08
0.00010400175
2.4204858e-08
0.00010398609
3.2895457e-08
0.00010396486
4.452324e-08
0.00010393618
6.0035962e-08
0.00010389759
8.0627025e-08
0.00010384585
1.0774555e-07
0.00010377689
1.4310603e-07
0.00010368562
1.885068e-07
0.00010356593
2.458511e-07
0.00010341098
3.1620933e-07
0.00010321351
3.9999023e-07
0.00010296626
4.9674745e-07
0.00010266906
5.9223442e-07
0.00010230285
7.2234078e-07
0.00010194202
7.0846353e-07
1.0849893e-06
0.00010138179
0.00010017222
-4.6352415e-07
0.00010063965
-1.2724539e-06
0.00010124338
-1.6757393e-06
0.00010184177
-1.7071586e-06
0.00010236237
-1.5324952e-06
0.0001027842
-1.2822081e-06
0.0001031117
-1.0270266e-06
0.00010335935
-7.9967663e-07
0.00010354372
-6.1116697e-07
0.00010367967
-4.6113044e-07
0.00010377932
-3.4468096e-07
0.00010385207
-2.5584459e-07
0.00010390507
-1.8891021e-07
0.00010394361
-1.3892736e-07
0.00010397161
-1.018422e-07
0.00010399194
-7.4451835e-08
0.00010400667
-5.4282797e-08
0.00010401733
-3.945362e-08
0.00010402502
-2.8547546e-08
0.00010403052
-2.0504146e-08
0.00010403441
-1.4531214e-08
0.00010403708
-1.0035105e-08
0.00010403882
-6.5663367e-09
0.00010403982
-3.7772026e-09
0.00010404016
-1.3886864e-09
0.00010403991
8.2751592e-10
0.00010403904
3.1128045e-09
0.00010403747
5.6708908e-09
0.00010403506
8.7520315e-09
0.00010403157
1.2649046e-08
0.00010402669
1.7727835e-08
0.00010401994
2.4459435e-08
0.00010401068
3.3459397e-08
0.00010399804
4.553611e-08
0.00010398081
6.1749091e-08
0.00010395737
8.3475397e-08
0.00010392552
1.1248155e-07
0.00010388229
1.5097254e-07
0.00010382376
2.0164437e-07
0.00010374476
2.6750139e-07
0.00010363869
3.5192524e-07
0.0001034975
4.5740367e-07
0.00010331179
5.8570118e-07
0.00010307095
7.3758956e-07
0.00010277128
8.9191215e-07
0.00010238573
1.1079022e-06
0.00010199836
1.095824e-06
1.7222428e-06
0.00010136109
0.00010021351
-6.7703228e-07
0.00010077655
-1.8354995e-06
0.00010147161
-2.3707936e-06
0.00010212095
-2.3565002e-06
0.00010265048
-2.0620289e-06
0.00010305215
-1.6838775e-06
0.00010334424
-1.3191153e-06
0.00010355174
-1.0071802e-06
0.00010369761
-7.5703613e-07
0.0001037998
-5.6332883e-07
0.00010387144
-4.163159e-07
0.00010392179
-3.0619412e-07
0.00010395731
-2.2443734e-07
0.00010398248
-1.6409987e-07
0.00010400039
-1.1974655e-07
0.00010401316
-8.7227087e-08
0.00010402229
-6.3418205e-08
0.00010402883
-4.5990897e-08
0.0001040335
-3.3218165e-08
0.00010403682
-2.3822723e-08
0.00010403914
-1.6859087e-08
0.00010404073
-1.162378e-08
0.00010404175
-7.5869486e-09
0.00010404231
-4.3402985e-09
0.00010404248
-1.5569094e-09
0.00010404227
1.0308653e-09
0.00010404168
3.7052734e-09
0.00010404064
6.7063856e-09
0.00010403906
1.0329041e-08
0.00010403679
1.4919987e-08
0.0001040336
2.0914927e-08
0.00010402918
2.8877902e-08
0.00010402309
3.9551957e-08
0.0001040147
5.3922662e-08
0.00010400314
7.3298999e-08
0.0001039872
9.9414255e-08
0.00010396514
1.3454251e-07
0.00010393448
1.8162803e-07
0.00010389173
2.4440268e-07
0.00010383185
3.2737736e-07
0.00010374789
4.358844e-07
0.00010363022
5.7507176e-07
0.00010346663
7.4928737e-07
0.00010324079
9.6343744e-07
0.00010294314
1.1895695e-06
0.00010253161
1.5194384e-06
0.00010210459
1.522845e-06
2.4912226e-06
0.00010133559
0.00010029109
-9.681212e-07
0.00010101858
-2.5629895e-06
0.00010185091
-3.2031321e-06
0.00010255956
-3.0651509e-06
0.00010308164
-2.5841076e-06
0.00010343623
-2.038463e-06
0.00010366509
-1.547983e-06
0.00010380864
-1.1507233e-06
0.00010389751
-8.4590912e-07
0.0001039523
-6.1812533e-07
0.00010398616
-4.5017436e-07
0.00010400725
-3.2728099e-07
0.00010402054
-2.3772762e-07
0.00010402903
-1.7259417e-07
0.00010403454
-1.2525638e-07
0.00010403816
-9.085356e-08
0.00010404058
-6.5836864e-08
0.00010404221
-4.7621017e-08
0.00010404331
-3.4323358e-08
0.00010404406
-2.4570664e-08
0.00010404456
-1.7357284e-08
0.00010404487
-1.1940863e-08
0.00010404505
-7.7657246e-09
0.00010404511
-4.4051774e-09
0.00010404507
-1.5186603e-09
0.00010404493
1.173672e-09
0.00010404467
3.9656369e-09
0.00010404426
7.1098538e-09
0.00010404367
1.0916386e-08
0.00010404284
1.5752932e-08
0.00010404167
2.2083567e-08
0.00010404003
3.0513895e-08
0.00010403773
4.1848019e-08
0.00010403448
5.7165247e-08
0.00010402986
7.7918961e-08
0.0001040232
1.0607625e-07
0.00010401346
1.4427576e-07
0.00010399899
1.9609512e-07
0.00010397719
2.6619531e-07
0.00010394369
3.6087449e-07
0.00010389199
4.8758275e-07
0.00010381081
6.5625152e-07
0.0001036858
8.7428976e-07
0.00010349114
1.1581045e-06
0.00010321012
1.470598e-06
0.00010277288
1.9566926e-06
0.00010229522
2.0004838e-06
3.4683614e-06
0.00010131806
0.00010044457
-1.412688e-06
0.00010145335
-3.571773e-06
0.0001024741
-4.2238861e-06
0.00010322852
-3.8195697e-06
0.00010369881
-3.0543966e-06
0.0001039549
-2.2945532e-06
0.00010407618
-1.669265e-06
0.00010412321
-1.1977519e-06
0.00010413308
-8.55783e-07
0.00010412621
-6.1125997e-07
0.00010411332
-4.3728469e-07
0.00010409962
-3.1358129e-07
0.00010408731
-2.2541807e-07
0.00010407708
-1.6236856e-07
0.00010406896
-1.1712912e-07
0.00010406267
-8.4570193e-08
0.0001040579
-6.1068213e-08
0.00010405433
-4.4049776e-08
0.00010405168
-3.1677161e-08
0.00010404974
-2.2629612e-08
0.00010404833
-1.59506e-08
0.00010404733
-1.0939759e-08
0.00010404664
-7.0759101e-09
0.00010404619
-3.9600998e-09
0.00010404595
-1.2747672e-09
0.00010404587
1.2427042e-09
0.00010404597
3.8680766e-09
0.00010404624
6.8392048e-09
0.0001040467
1.0450977e-08
0.0001040474
1.505538e-08
0.00010404838
2.1099219e-08
0.00010404972
2.917038e-08
0.00010405151
4.0055744e-08
0.00010405385
5.4824754e-08
0.00010405683
7.4935588e-08
0.00010406049
1.0241178e-07
0.00010406475
1.4000725e-07
0.00010406914
1.9169639e-07
0.00010407272
2.6261494e-07
0.00010407254
3.6105448e-07
0.00010406458
4.9553144e-07
0.00010403608
6.8474832e-07
0.00010397536
9.3500327e-07
0.00010383907
1.2943981e-06
0.00010361107
1.6986045e-06
0.00010316402
2.4037279e-06
0.0001026331
2.531396e-06
4.7517099e-06
0.00010134974
0.00010077376
-2.1864429e-06
0.00010225075
-5.0487687e-06
0.00010348029
-5.4534245e-06
0.00010420783
-4.5471153e-06
0.00010452831
-3.3748697e-06
0.00010459513
-2.3613769e-06
0.00010454304
-1.6171795e-06
0.00010445305
-1.1077584e-06
0.00010436097
-7.6370613e-07
0.00010428018
-5.3047312e-07
0.0001042145
-3.7160205e-07
0.00010416337
-2.6245534e-07
0.00010412455
-1.8660114e-07
0.00010409551
-1.3332862e-07
0.00010407399
-9.5608805e-08
0.00010405815
-6.8726088e-08
0.00010404654
-4.9459548e-08
0.00010403807
-3.5580164e-08
0.00010403191
-2.552669e-08
0.00010402748
-1.8192981e-08
0.00010402431
-1.2785859e-08
0.0001040221
-8.7289404e-09
0.00010402062
-5.5948832e-09
0.00010401971
-3.0575738e-09
0.00010401929
-8.5739859e-10
0.00010401931
1.2235146e-09
0.00010401976
3.414466e-09
0.00010402069
5.9114942e-09
0.00010402217
8.9658228e-09
0.00010402435
1.2876725e-08
0.00010402741
1.8028319e-08
0.00010403165
2.4928983e-08
0.00010403744
3.4265192e-08
0.00010404528
4.6981655e-08
0.00010405583
6.4376388e-08
0.00010406993
8.8309518e-08
0.00010408864
1.2128783e-07
0.00010411301
1.6732443e-07
0.0001041446
2.3101809e-07
0.00010418276
3.2288164e-07
0.0001042299
4.4838739e-07
0.00010427127
6.4335926e-07
0.00010431374
8.9252128e-07
0.00010427517
1.3329501e-06
0.00010418443
1.7893328e-06
0.00010377541
2.8127819e-06
0.0001032204
3.0864067e-06
6.4430245e-06
0.00010152908
0.0001015399
-3.7263478e-06
0.00010361984
-7.128708e-06
0.00010484483
-6.67841e-06
0.00010529095
-4.9932399e-06
0.00010525014
-3.3340581e-06
0.00010498463
-2.0958668e-06
0.00010468312
-1.3156652e-06
0.00010442278
-8.4742744e-07
0.00010421683
-5.5775803e-07
0.00010406023
-3.7386866e-07
0.00010394415
-2.5552504e-07
0.00010385932
-1.7762632e-07
0.00010379769
-1.2496736e-07
0.000103753
-8.8642222e-08
0.00010372063
-6.3238679e-08
0.00010369719
-4.5288874e-08
0.00010368023
-3.2499491e-08
0.00010366797
-2.3322233e-08
0.00010365913
-1.6691331e-08
0.0001036528
-1.1860239e-08
0.00010364831
-8.2975716e-09
0.0001036452
-5.6187674e-09
0.00010364314
-3.5390775e-09
0.00010364192
-1.8411938e-09
0.00010364142
-3.5466526e-10
0.00010364156
1.0805936e-09
0.00010364236
2.6120568e-09
0.00010364389
4.3792171e-09
0.00010364629
6.5612826e-09
0.00010364979
9.3738502e-09
0.00010365472
1.3095474e-08
0.00010366155
1.8098252e-08
0.00010367092
2.4887612e-08
0.00010368373
3.4169773e-08
0.00010370119
4.6911455e-08
0.00010372492
6.4571627e-08
0.00010375723
8.8977906e-08
0.00010380079
1.2374954e-07
0.00010386041
1.7138689e-07
0.0001039383
2.4498605e-07
0.00010404843
3.3823711e-07
0.00010417294
5.1883773e-07
0.00010437066
6.9476921e-07
0.00010448186
1.2217215e-06
0.00010471871
1.5525043e-06
0.00010443692
3.094575e-06
0.00010406159
3.4617405e-06
8.2866428e-06
0.00010221798
0.00010284465
-6.5710004e-06
0.00010412461
-8.4086614e-06
0.00010393339
-6.4871973e-06
0.00010322674
-4.2865915e-06
0.00010235606
-2.4633715e-06
0.00010158162
-1.3214272e-06
0.00010100567
-7.3972145e-07
0.00010059977
-4.4153095e-07
0.00010031365
-2.7164119e-07
0.00010011185
-1.7206365e-07
9.9969705e-05
-1.1338305e-07
9.9869283e-05
-7.7205481e-08
9.9797957e-05
-5.3642995e-08
9.9747056e-05
-3.7741446e-08
9.9710598e-05
-2.6781919e-08
9.9684418e-05
-1.9109971e-08
9.9665591e-05
-1.3673509e-08
9.9652052e-05
-9.7843479e-09
9.9642338e-05
-6.9782193e-09
9.9635409e-05
-4.9332235e-09
9.9630532e-05
-3.4215514e-09
9.962719e-05
-2.2782681e-09
9.9625031e-05
-1.3809789e-09
9.9623824e-05
-6.3529236e-10
9.9623443e-05
2.4223105e-11
9.9623826e-05
6.9594278e-10
9.9625016e-05
1.4205961e-09
9.9627117e-05
2.2761181e-09
9.9630328e-05
3.3479014e-09
9.9634956e-05
4.7433437e-09
9.9641448e-05
6.6008629e-09
9.9650434e-05
9.1083581e-09
9.9662796e-05
1.2521415e-08
9.9679756e-05
1.7205505e-08
9.9703016e-05
2.3646095e-08
9.9734926e-05
3.2655231e-08
9.9778868e-05
4.5028303e-08
9.98393e-05
6.3308795e-08
9.9923745e-05
8.6931888e-08
0.0001000391
1.29622e-07
0.00010020893
1.6838768e-07
0.000100425
3.0275093e-07
0.00010080546
3.1427912e-07
0.00010114449
8.8267356e-07
0.00010206249
6.3447251e-07
0.00010221446
2.9426162e-06
0.00010294937
2.7268789e-06
9.1744404e-06
0.00010206162
9.3429e-05
8.5020338e-05
7.8533141e-05
7.4246549e-05
7.1783177e-05
7.0461748e-05
6.9722026e-05
6.9280494e-05
6.9008852e-05
6.8836788e-05
6.8723404e-05
6.8646198e-05
6.8592555e-05
6.8554813e-05
6.852803e-05
6.850892e-05
6.8495246e-05
6.8485461e-05
6.8478482e-05
6.8473548e-05
6.8470126e-05
6.8467847e-05
6.8466465e-05
6.8465829e-05
6.8465853e-05
6.8466548e-05
6.8467968e-05
6.8470243e-05
6.8473589e-05
6.8478331e-05
6.8484931e-05
6.8494037e-05
6.8506556e-05
6.8523759e-05
6.8547403e-05
6.8580054e-05
6.8625079e-05
6.8688383e-05
6.8775309e-05
6.8904924e-05
6.9073303e-05
6.9376041e-05
6.9690308e-05
7.0572961e-05
7.1207436e-05
7.4150075e-05
7.6876985e-05
8.6051449e-05
9.1426577e-05
-5.3751017e-06
9.3077217e-05
-1.6506133e-06
9.3393903e-05
-3.1666696e-07
9.3393755e-05
1.6153737e-10
2.2116068e-06
9.1182143e-05
9.9936749e-05
-3.2502025e-06
9.9483979e-05
-1.1978358e-06
9.9422653e-05
-2.5532979e-07
9.9225246e-05
1.9757384e-07
1.1643274e-06
0.00010027253
0.0001007067
-1.7388918e-06
0.00010021163
-7.0277078e-07
0.00010012617
-1.698685e-07
0.00010011711
2.0664353e-07
5.202936e-07
0.00010076115
0.00010087788
-1.0876886e-06
0.00010060846
-4.3336307e-07
0.00010054273
-1.0413746e-07
0.00010058313
1.6624493e-07
2.9974015e-07
0.00010080369
0.00010099868
-7.3662756e-07
0.00010084222
-2.7691937e-07
0.00010079935
-6.1261848e-08
0.00010083994
1.2565467e-07
2.0004693e-07
0.00010093964
0.00010109502
-5.1359078e-07
0.00010100039
-1.8229688e-07
0.00010097475
-3.5622882e-08
0.00010100821
9.219038e-08
1.4085083e-07
0.00010106741
0.00010117262
-3.5063448e-07
0.00010110942
-1.1909523e-07
0.00010109416
-2.0365829e-08
0.0001011216
6.4745327e-08
9.7361428e-08
0.0001011651
0.00010123016
-2.1970761e-07
0.00010118358
-7.2515289e-08
0.00010117427
-1.1058519e-08
0.00010119775
4.1262639e-08
6.1625457e-08
0.00010123349
0.00010126809
-1.0602005e-07
0.00010123001
-3.4443269e-08
0.00010122382
-4.8648543e-09
0.00010124498
2.0100996e-08
2.9924017e-08
0.00010127669
0.00010128688
1.3606756e-12
0.00010125243
1.3562931e-12
0.00010124756
1.0997905e-12
0.00010126767
7.9870261e-13
1.1597115e-12
0.00010129759
0.00010128688
1.0602161e-07
0.00010125243
3.4445672e-08
0.00010124756
4.8668302e-09
0.00010126767
-2.0099491e-08
-2.9921746e-08
0.00010129759
0.00010126809
2.1971016e-07
0.00010123001
7.2517904e-08
0.00010122382
1.1060498e-08
0.00010124498
-4.1261318e-08
-6.1623418e-08
0.00010127669
0.00010123016
3.5063609e-07
0.00010118357
1.1909779e-07
0.00010117427
2.0367665e-08
0.00010119775
-6.4744538e-08
-9.7360336e-08
0.00010123349
0.00010117262
5.1359412e-07
0.00010110941
1.8229946e-07
0.00010109415
3.5623731e-08
0.0001011216
-9.2190329e-08
-1.4085072e-07
0.0001011651
0.00010109501
7.3662885e-07
0.00010100038
2.7692021e-07
0.00010097474
6.1261556e-08
0.00010100821
-1.2565625e-07
-2.0004951e-07
0.00010106742
0.00010099867
1.087689e-06
0.00010084222
4.3335959e-07
0.00010079934
1.0413397e-07
0.00010083994
-1.6624807e-07
-2.9974447e-07
0.00010093964
0.00010087787
1.7388903e-06
0.00010060845
7.0276715e-07
0.00010054273
1.6986124e-07
0.00010058313
-2.0664959e-07
-5.2029618e-07
0.00010080369
0.00010070668
3.2501971e-06
0.00010021162
1.1978289e-06
0.00010012617
2.5532608e-07
0.00010011711
-1.9757322e-07
-1.1643274e-06
0.00010076114
9.993673e-05
5.3750993e-06
9.9483973e-05
1.6506214e-06
9.9422657e-05
3.1667774e-07
9.9225249e-05
-1.5453809e-10
-2.2116061e-06
0.00010027253
9.1426571e-05
9.3077214e-05
9.3393903e-05
9.3393751e-05
9.1182139e-05
8.2071002e-05
9.1111239e-06
7.5495761e-05
6.5752332e-06
7.2341127e-05
3.1546188e-06
7.0947357e-05
1.393755e-06
7.006899e-05
8.7835477e-07
6.9467563e-05
6.0142019e-07
6.9103604e-05
3.639546e-07
6.8891539e-05
2.1206359e-07
6.8758516e-05
1.33023e-07
6.8669293e-05
8.9224366e-08
6.8607996e-05
6.1297673e-08
6.8565385e-05
4.2611837e-08
6.853539e-05
2.9996651e-08
6.8514057e-05
2.133423e-08
6.8498786e-05
1.5272222e-08
6.848781e-05
1.0977507e-08
6.8479898e-05
7.9130699e-09
6.8474183e-05
5.7158227e-09
6.8470049e-05
4.1347039e-09
6.8467056e-05
2.9940209e-09
6.8464888e-05
2.169596e-09
6.8463316e-05
1.5729775e-09
6.8462176e-05
1.1408177e-09
6.8461349e-05
8.2757463e-10
6.846075e-05
6.0042179e-10
6.8460315e-05
4.356425e-10
6.8459999e-05
3.1608873e-10
6.8459771e-05
2.2933199e-10
6.8459605e-05
1.6637726e-10
6.8459485e-05
1.2068817e-10
6.8459398e-05
8.7536941e-11
6.8459335e-05
6.3480254e-11
6.845929e-05
4.6034021e-11
6.8459257e-05
3.3374424e-11
6.8459233e-05
2.4201002e-11
6.8459216e-05
1.7525138e-11
6.8459203e-05
1.2702422e-11
6.8459195e-05
9.1624541e-12
6.8459188e-05
6.7269557e-12
6.8459184e-05
4.7306803e-12
6.845918e-05
3.4860068e-12
6.8459177e-05
3.18025e-12
6.8459177e-05
3.7831337e-13
6.8459176e-05
1.5202975e-12
6.8459172e-05
3.696475e-12
6.8459178e-05
-5.3383968e-12
6.8459184e-05
-6.0097883e-12
3.4984059e-12
0.0001031122
6.2714575e-06
0.00010356624
6.1211871e-06
0.00010267606
4.0447824e-06
0.00010169901
2.370799e-06
0.00010107567
1.501686e-06
0.00010066639
1.0106955e-06
0.00010036557
6.6477144e-07
0.00010014634
4.3128679e-07
9.9992295e-05
2.8707194e-07
9.9884555e-05
1.96965e-07
9.9808453e-05
1.3740176e-07
9.9754305e-05
9.6760564e-08
9.9715617e-05
6.8685935e-08
9.9687875e-05
4.9077474e-08
9.9667917e-05
3.5231567e-08
9.9653521e-05
2.5374786e-08
9.9643116e-05
1.8319159e-08
9.9635584e-05
1.3248668e-08
9.9630126e-05
9.5940075e-09
9.9626167e-05
6.9540438e-09
9.9623294e-05
5.0439812e-09
9.9621207e-05
3.6603744e-09
9.9619692e-05
2.6572463e-09
9.9618591e-05
1.9295047e-09
9.9617791e-05
1.4012998e-09
9.961721e-05
1.0177975e-09
9.9616787e-05
7.3928641e-10
9.961648e-05
5.3699817e-10
9.9616257e-05
3.9005026e-10
9.9616095e-05
2.8330697e-10
9.9615978e-05
2.0575753e-10
9.9615892e-05
1.4943059e-10
9.961583e-05
1.0851043e-10
9.9615785e-05
7.8796672e-11
9.9615753e-05
5.720823e-11
9.9615729e-05
4.152778e-11
9.9615712e-05
3.0131071e-11
9.96157e-05
2.1852967e-11
9.9615691e-05
1.5872639e-11
9.9615684e-05
1.1503842e-11
9.961568e-05
8.2593254e-12
9.9615677e-05
6.2645322e-12
9.9615674e-05
3.6369142e-12
9.9615673e-05
2.5739819e-12
9.9615673e-05
3.7137812e-12
9.9615669e-05
-1.1234088e-12
9.9615668e-05
-4.6063567e-12
1.1172498e-12
0.00010317742
3.8551899e-06
0.00010473134
4.567274e-06
0.00010510013
3.6759859e-06
0.00010490274
2.5681837e-06
0.00010463727
1.7671497e-06
0.00010441564
1.2323222e-06
0.00010422698
8.5343498e-07
0.00010407199
5.8627334e-07
0.00010395359
4.0547126e-07
0.00010386655
2.8400745e-07
0.00010380313
2.0082322e-07
0.000103757
1.4289047e-07
0.00010372351
1.0217747e-07
0.00010369922
7.3367832e-08
0.0001036816
5.2849234e-08
0.00010366882
3.8158802e-08
0.00010365954
2.7600305e-08
0.0001036528
1.9989738e-08
0.0001036479
1.4492043e-08
0.00010364435
1.0514079e-08
0.00010364176
7.6321729e-09
0.00010363988
5.542399e-09
0.00010363851
4.0259815e-09
0.00010363752
2.9250557e-09
0.00010363679
2.1254766e-09
0.00010363627
1.5446047e-09
0.00010363588
1.1225351e-09
0.00010363561
8.1581507e-10
0.0001036354
5.9290039e-10
0.00010363526
4.3088644e-10
0.00010363515
3.1313242e-10
0.00010363507
2.2754879e-10
0.00010363502
1.6534931e-10
0.00010363498
1.2014582e-10
0.00010363495
8.7295262e-11
0.00010363492
6.3414651e-11
0.00010363491
4.6059926e-11
0.0001036349
3.3437763e-11
0.00010363489
2.428358e-11
0.00010363488
1.7624393e-11
0.00010363488
1.2699673e-11
0.00010363488
9.2765883e-12
0.00010363487
6.3705314e-12
0.00010363487
4.2680297e-12
0.00010363487
3.7865854e-12
0.00010363487
1.1514084e-12
0.00010363487
-1.4194734e-12
9.8588484e-13
0.00010218051
2.4783809e-06
0.00010347452
3.2732723e-06
0.00010416343
2.9870857e-06
0.00010438962
2.3419883e-06
0.00010442217
1.7346045e-06
0.00010439115
1.2633363e-06
0.00010433386
9.1072331e-07
0.00010426922
6.5090962e-07
0.00010421041
4.6427968e-07
0.00010416234
3.3208567e-07
0.00010412483
2.3833046e-07
0.00010409624
1.7148429e-07
0.00010407477
1.2364984e-07
0.00010405881
8.9326068e-08
0.00010404703
6.463056e-08
0.00010403837
4.6819349e-08
0.00010403202
3.3948441e-08
0.00010402738
2.4633587e-08
0.00010402399
1.7884408e-08
0.00010402151
1.2989772e-08
0.00010401971
9.4376225e-09
0.00010401839
6.8583826e-09
0.00010401744
4.9848403e-09
0.00010401674
3.6235105e-09
0.00010401623
2.6341466e-09
0.00010401586
1.9150017e-09
0.00010401559
1.3922187e-09
0.0001040154
1.0121536e-09
0.00010401525
7.3583507e-10
0.00010401515
5.3493934e-10
0.00010401508
3.8888011e-10
0.00010401502
2.8269101e-10
0.00010401498
2.0549192e-10
0.00010401495
1.4936979e-10
0.00010401493
1.0857053e-10
0.00010401492
7.8905588e-11
0.00010401491
5.7338335e-11
0.0001040149
4.1652053e-11
0.00010401489
3.0256404e-11
0.00010401489
2.1965505e-11
0.00010401489
1.5883358e-11
0.00010401488
1.1513397e-11
0.00010401488
8.1307655e-12
0.00010401488
5.6553206e-12
0.00010401488
4.1231832e-12
0.00010401488
2.3810129e-12
0.00010401488
6.4642851e-13
1.168656e-12
0.00010174751
1.6705239e-06
0.00010267805
2.3427449e-06
0.000103352
2.3131409e-06
0.00010373986
1.9541285e-06
0.00010394295
1.5315107e-06
0.00010404514
1.1611532e-06
0.00010409012
8.6573836e-07
0.00010410311
6.3792114e-07
0.00010410083
4.665561e-07
0.00010409286
3.4005522e-07
0.00010408368
2.4750837e-07
0.00010407515
1.8001632e-07
0.00010406793
1.308761e-07
0.00010406212
9.513762e-08
0.00010405759
6.915975e-08
0.00010405413
5.0278973e-08
0.00010405152
3.6555748e-08
0.00010404958
2.658028e-08
0.00010404813
1.9328272e-08
0.00010404707
1.4055606e-08
0.00010404629
1.0221685e-08
0.00010404571
7.4337073e-09
0.00010404529
5.4062107e-09
0.00010404498
3.9317002e-09
0.00010404476
2.8593261e-09
0.0001040446
2.0794074e-09
0.00010404448
1.5121873e-09
0.00010404439
1.0996627e-09
0.00010404433
7.9965027e-10
0.00010404428
5.814688e-10
0.00010404425
4.2280363e-10
0.00010404422
3.0742389e-10
0.00010404421
2.2352527e-10
0.00010404419
1.625195e-10
0.00010404418
1.1816076e-10
0.00010404418
8.5902673e-11
0.00010404417
6.2445164e-11
0.00010404417
4.538313e-11
0.00010404417
3.2978751e-11
0.00010404417
2.3951276e-11
0.00010404416
1.7353189e-11
0.00010404416
1.2554427e-11
0.00010404416
8.9549373e-12
0.00010404416
6.3315932e-12
0.00010404416
4.4728133e-12
0.00010404416
2.9683988e-12
0.00010404416
1.6393549e-12
1.277059e-12
0.00010158856
1.149387e-06
0.00010226515
1.6661656e-06
0.00010285418
1.7241268e-06
0.00010327891
1.5293996e-06
0.00010356009
1.2503276e-06
0.00010374113
9.8011728e-07
0.00010385582
7.5104789e-07
0.00010392705
5.6668956e-07
0.00010397083
4.2277582e-07
0.00010399785
3.1303179e-07
0.00010401472
2.3063814e-07
0.00010402539
1.6935083e-07
0.00010403223
1.2403928e-07
0.00010403668
9.0687138e-08
0.00010403962
6.6216597e-08
0.0001040416
4.8303222e-08
0.00010404294
3.5211196e-08
0.00010404387
2.5654188e-08
0.00010404452
1.8683785e-08
0.00010404497
1.3603211e-08
0.00010404529
9.9018837e-09
0.00010404552
7.2063567e-09
0.00010404568
5.2438623e-09
0.0001040458
3.8153662e-09
0.00010404588
2.7757437e-09
0.00010404594
2.0192365e-09
0.00010404599
1.4688077e-09
0.00010404602
1.0683572e-09
0.00010404604
7.7704375e-10
0.00010404606
5.6513883e-10
0.00010404607
4.1100705e-10
0.00010404608
2.9890419e-10
0.00010404609
2.1737486e-10
0.00010404609
1.5808297e-10
0.0001040461
1.1496346e-10
0.0001040461
8.3602676e-11
0.0001040461
6.0793592e-11
0.0001040461
4.4202271e-11
0.00010404611
3.2135631e-11
0.00010404611
2.335237e-11
0.00010404611
1.6939118e-11
0.00010404611
1.2259928e-11
0.00010404611
8.7899241e-12
0.00010404611
6.2740964e-12
0.00010404611
4.4288779e-12
0.00010404611
3.0374889e-12
0.00010404611
1.9721316e-12
1.2811289e-12
0.00010153716
7.7733451e-07
0.00010205693
1.1464089e-06
0.00010256183
1.2192346e-06
0.00010297484
1.1163964e-06
0.00010328446
9.4071358e-07
0.00010350812
7.5644733e-07
0.00010366719
5.9197761e-07
0.00010377915
4.5473706e-07
0.00010385749
3.4442752e-07
0.00010391234
2.581844e-07
0.00010395088
1.9210185e-07
0.00010397807
1.4215428e-07
0.00010399735
1.0476029e-07
0.00010401108
7.6961967e-08
0.00010402089
5.6406774e-08
0.00010402793
4.1267824e-08
0.00010403299
3.0151099e-08
0.00010403664
2.2006246e-08
0.00010403927
1.6048915e-08
0.00010404118
1.1697208e-08
0.00010404256
8.5215007e-09
0.00010404356
6.2057309e-09
0.00010404429
4.5180125e-09
0.00010404482
3.2885617e-09
0.0001040452
2.3932535e-09
0.00010404548
1.7414504e-09
0.00010404568
1.2670258e-09
0.00010404583
9.21768e-10
0.00010404594
6.7054509e-10
0.00010404601
4.8776696e-10
0.00010404607
3.5479913e-10
0.00010404611
2.5807574e-10
0.00010404614
1.8772237e-10
0.00010404616
1.3655199e-10
0.00010404618
9.9334056e-11
0.00010404619
7.2262453e-11
0.0001040462
5.2570039e-11
0.00010404621
3.824424e-11
0.00010404621
2.7821891e-11
0.00010404621
2.0233821e-11
0.00010404622
1.4694784e-11
0.00010404622
1.0649397e-11
0.00010404622
7.6649078e-12
0.00010404622
5.4970855e-12
0.00010404622
3.8979077e-12
0.00010404622
2.7080078e-12
0.00010404622
1.8691256e-12
1.1275981e-12
0.00010152626
4.8457651e-07
0.00010195193
7.2075027e-07
0.00010239261
7.7857233e-07
0.00010278193
7.2708052e-07
0.00010309753
6.2511277e-07
0.00010334232
5.1165909e-07
0.00010352789
4.0639887e-07
0.0001036665
3.1613204e-07
0.00010376891
2.4201282e-07
0.00010384408
1.8302157e-07
0.00010389903
1.3715159e-07
0.00010393911
1.0207267e-07
0.0001039683
7.5565688e-08
0.00010398955
5.5715143e-08
0.00010400501
4.095104e-08
0.00010401625
3.0027221e-08
0.00010402442
2.1976829e-08
0.00010403037
1.6061988e-08
0.00010403469
1.1726263e-08
0.00010403784
8.5537141e-09
0.00010404012
6.2354541e-09
0.00010404179
4.5432181e-09
0.000104043
3.3089509e-09
0.00010404388
2.4092746e-09
0.00010404452
1.753803e-09
0.00010404498
1.27643e-09
0.00010404532
9.2886662e-10
0.00010404557
6.7587378e-10
0.00010404575
4.9175305e-10
0.00010404588
3.5777602e-10
0.00010404597
2.6029821e-10
0.00010404604
1.8938383e-10
0.00010404609
1.3779791e-10
0.00010404613
1.002743e-10
0.00010404616
7.2978624e-11
0.00010404618
5.312146e-11
0.00010404619
3.8673969e-11
0.0001040462
2.8161987e-11
0.00010404621
2.0511923e-11
0.00010404622
1.493993e-11
0.00010404622
1.0870379e-11
0.00010404622
7.8944212e-12
0.00010404622
5.7016193e-12
0.00010404623
4.1046982e-12
0.00010404623
2.9309361e-12
0.00010404623
2.0520542e-12
0.00010404623
1.4580361e-12
8.4813535e-13
0.00010152799
2.332918e-07
0.00010190042
3.4833273e-07
0.00010229971
3.7929099e-07
0.00010266877
3.5802006e-07
0.00010298253
3.1135436e-07
0.00010323668
2.5751115e-07
0.00010343673
2.0634625e-07
0.00010359115
1.6171724e-07
0.00010370857
1.2458991e-07
0.00010379687
9.4720864e-08
0.00010386273
7.1288549e-08
0.00010391157
5.3240386e-08
0.00010394761
3.9524825e-08
0.00010397412
2.9206964e-08
0.00010399356
2.150527e-08
0.0001040078
1.5790623e-08
0.00010401821
1.1569731e-08
0.00010402581
8.4630812e-09
0.00010403135
6.1827055e-09
0.00010403539
4.5123216e-09
0.00010403834
3.2907207e-09
0.00010404049
2.3984312e-09
0.00010404205
1.7473012e-09
0.00010404319
1.2725049e-09
0.00010404401
9.2648627e-10
0.00010404462
6.7442923e-10
0.00010404506
4.9088262e-10
0.00010404538
3.5726081e-10
0.00010404561
2.6000559e-10
0.00010404578
1.8923116e-10
0.0001040459
1.3773504e-10
0.00010404599
1.0026894e-10
0.00010404605
7.3013175e-11
0.0001040461
5.3184628e-11
0.00010404614
3.8758603e-11
0.00010404616
2.8259766e-11
0.00010404618
2.061813e-11
0.00010404619
1.5054805e-11
0.0001040462
1.1004038e-11
0.00010404621
8.0476098e-12
0.00010404622
5.8854514e-12
0.00010404622
4.2952927e-12
0.00010404622
3.1223706e-12
0.00010404623
2.2637803e-12
0.00010404623
1.6393928e-12
0.00010404623
1.1597899e-12
0.00010404623
8.4608988e-13
4.8186299e-13
0.0001015309
3.2552669e-12
0.00010187924
1.5993289e-12
0.00010225854
9.6995546e-13
0.00010261657
6.7378746e-13
0.00010292792
3.0526992e-13
0.00010318543
-1.0663152e-13
0.00010339178
-4.9747217e-13
0.0001035535
-7.3549593e-13
0.00010367809
-8.8202882e-13
0.00010377281
-9.7565094e-13
0.0001038441
-1.0512293e-12
0.00010389734
-1.0925688e-12
0.00010393687
-1.0972485e-12
0.00010396607
-1.0532748e-12
0.00010398758
-9.7726165e-13
0.00010400337
-8.7913812e-13
0.00010401495
-7.6250033e-13
0.00010402341
-6.4011577e-13
0.00010402959
-5.1877291e-13
0.00010403411
-4.0058749e-13
0.0001040374
-2.8826592e-13
0.0001040398
-1.8255566e-13
0.00010404155
-8.960497e-14
0.00010404282
1.1006201e-15
0.00010404375
7.8947157e-14
0.00010404442
1.4743102e-13
0.00010404491
2.0563748e-13
0.00010404527
2.53651e-13
0.00010404553
2.9102392e-13
0.00010404572
3.2200958e-13
0.00010404586
3.4661039e-13
0.00010404596
3.6404467e-13
0.00010404603
3.7576558e-13
0.00010404609
3.8184619e-13
0.00010404613
3.8145198e-13
0.00010404615
3.7398134e-13
0.00010404618
3.6176727e-13
0.00010404619
3.4764459e-13
0.0001040462
3.3224963e-13
0.00010404621
3.1184121e-13
0.00010404621
2.8360041e-13
0.00010404622
2.4790385e-13
0.00010404622
2.1462785e-13
0.00010404622
1.8578336e-13
0.00010404623
1.7501971e-13
0.00010404623
1.4345602e-13
0.00010404623
1.3353843e-13
6.9844268e-14
0.0001015309
-2.3328458e-07
0.00010187924
-3.4832939e-07
0.00010225854
-3.7928925e-07
0.00010261656
-3.5801885e-07
0.00010292792
-3.1135378e-07
0.00010318543
-2.575114e-07
0.00010339178
-2.0634722e-07
0.0001035535
-1.6171866e-07
0.00010367809
-1.2459157e-07
0.00010377281
-9.4722703e-08
0.0001038441
-7.1290529e-08
0.00010389734
-5.3242463e-08
0.00010393687
-3.9526913e-08
0.00010396607
-2.9208982e-08
0.00010398758
-2.1507142e-08
0.00010400337
-1.5792305e-08
0.00010401495
-1.1571188e-08
0.00010402341
-8.464305e-09
0.00010402959
-6.1836941e-09
0.00010403411
-4.5130846e-09
0.0001040374
-3.2912668e-09
0.0001040398
-2.3987756e-09
0.00010404155
-1.7474592e-09
0.00010404282
-1.2724917e-09
0.00010404375
-9.2632043e-10
0.00010404442
-6.7413125e-10
0.00010404491
-4.9047007e-10
0.00010404527
-3.5675134e-10
0.00010404553
-2.5942329e-10
0.00010404572
-1.885876e-10
0.00010404586
-1.3704367e-10
0.00010404596
-9.954267e-11
0.00010404603
-7.226355e-11
0.00010404609
-5.2422732e-11
0.00010404613
-3.7997786e-11
0.00010404615
-2.7513949e-11
0.00010404617
-1.9897462e-11
0.00010404619
-1.4361909e-11
0.0001040462
-1.0341804e-11
0.00010404621
-7.4263224e-12
0.00010404621
-5.3202279e-12
0.00010404622
-3.8026303e-12
0.00010404622
-2.6997176e-12
0.00010404622
-1.8942467e-12
0.00010404623
-1.2898762e-12
0.00010404623
-8.7256921e-13
0.00010404623
-5.8104341e-13
-3.4247999e-13
0.00010152798
-4.8456886e-07
0.00010190041
-7.2074602e-07
0.00010229971
-7.7857004e-07
0.00010266877
-7.2707935e-07
0.00010298253
-6.2511244e-07
0.00010323668
-5.1165948e-07
0.00010343673
-4.0639977e-07
0.00010359115
-3.1613328e-07
0.00010370857
-2.4201425e-07
0.00010379687
-1.8302316e-07
0.00010386273
-1.3715332e-07
0.00010391157
-1.0207449e-07
0.00010394761
-7.5567524e-08
0.00010397412
-5.5716919e-08
0.00010399356
-4.0952681e-08
0.0001040078
-3.0028688e-08
0.00010401821
-2.1978093e-08
0.00010402581
-1.6063045e-08
0.00010403135
-1.172711e-08
0.00010403539
-8.5543623e-09
0.00010403834
-6.2359099e-09
0.00010404049
-4.5434937e-09
0.00010404205
-3.3090571e-09
0.00010404319
-2.4092263e-09
0.00010404401
-1.7536141e-09
0.00010404462
-1.2761185e-09
0.00010404506
-9.2844835e-10
0.00010404537
-6.7536654e-10
0.00010404561
-4.9116767e-10
0.00010404578
-3.5713382e-10
0.0001040459
-2.5961144e-10
0.00010404599
-1.8866352e-10
0.00010404605
-1.3705312e-10
0.0001040461
-9.9518525e-11
0.00010404614
-7.2223569e-11
0.00010404616
-5.238491e-11
0.00010404618
-3.7961212e-11
0.00010404619
-2.747747e-11
0.0001040462
-1.9854943e-11
0.00010404621
-1.4324181e-11
0.00010404622
-1.0315142e-11
0.00010404622
-7.4168287e-12
0.00010404622
-5.2909105e-12
0.00010404623
-3.7392515e-12
0.00010404623
-2.5782189e-12
0.00010404623
-1.7708216e-12
0.00010404623
-1.1963978e-12
-7.1081467e-13
0.00010152626
-7.773258e-07
0.00010195193
-1.1464033e-06
0.00010239261
-1.2192316e-06
0.00010278193
-1.1163949e-06
0.00010309753
-9.4071307e-07
0.00010334232
-7.5644761e-07
0.00010352789
-5.9197838e-07
0.0001036665
-4.5473803e-07
0.00010376891
-3.4442862e-07
0.00010384408
-2.581856e-07
0.00010389903
-1.921032e-07
0.00010393911
-1.4215571e-07
0.0001039683
-1.0476176e-07
0.00010398955
-7.6963382e-08
0.00010400501
-5.6408091e-08
0.00010401625
-4.1268983e-08
0.00010402442
-3.0152098e-08
0.00010403037
-2.2007063e-08
0.00010403469
-1.6049568e-08
0.00010403784
-1.1697691e-08
0.00010404012
-8.5218303e-09
0.00010404179
-6.2059046e-09
0.000104043
-4.5180469e-09
0.00010404388
-3.2884585e-09
0.00010404452
-2.3930311e-09
0.00010404498
-1.741115e-09
0.00010404532
-1.2665979e-09
0.00010404557
-9.2125479e-10
0.00010404575
-6.6996725e-10
0.00010404588
-4.8711558e-10
0.00010404597
-3.5411832e-10
0.00010404604
-2.57361e-10
0.00010404609
-1.8698722e-10
0.00010404613
-1.3580253e-10
0.00010404616
-9.859085e-11
0.00010404618
-7.1536212e-11
0.00010404619
-5.1872297e-11
0.0001040462
-3.7570361e-11
0.00010404621
-2.7175163e-11
0.00010404622
-1.9625353e-11
0.00010404622
-1.4153616e-11
0.00010404622
-1.0190821e-11
0.00010404622
-7.2743162e-12
0.00010404623
-5.1310897e-12
0.00010404623
-3.549044e-12
0.00010404623
-2.433973e-12
0.00010404623
-1.6149096e-12
-9.9088936e-13
0.00010153716
-1.1493782e-06
0.00010205693
-1.6661583e-06
0.00010256183
-1.724122e-06
0.00010297484
-1.5293972e-06
0.00010328446
-1.2503269e-06
0.00010350812
-9.8011739e-07
0.00010366719
-7.5104831e-07
0.00010377915
-5.6669003e-07
0.0001038575
-4.2277636e-07
0.00010391234
-3.1303242e-07
0.00010395088
-2.3063892e-07
0.00010397808
-1.6935171e-07
0.00010399736
-1.2404023e-07
0.00010401108
-9.0688074e-08
0.00010402089
-6.6217473e-08
0.00010402793
-4.8303992e-08
0.00010403299
-3.5211846e-08
0.00010403664
-2.5654713e-08
0.00010403927
-1.8684186e-08
0.00010404118
-1.3603491e-08
0.00010404256
-9.9020457e-09
0.00010404356
-7.2064042e-09
0.00010404429
-5.2437964e-09
0.00010404482
-3.8151928e-09
0.0001040452
-2.7754686e-09
0.00010404548
-2.0188692e-09
0.00010404568
-1.4683589e-09
0.00010404583
-1.0678356e-09
0.00010404594
-7.7646265e-10
0.00010404601
-5.6449502e-10
0.00010404607
-4.1031646e-10
0.00010404611
-2.9820213e-10
0.00010404614
-2.1665188e-10
0.00010404616
-1.5734417e-10
0.00010404618
-1.1423866e-10
0.00010404619
-8.2895091e-11
0.0001040462
-6.011808e-11
0.00010404621
-4.3542799e-11
0.00010404621
-3.1501695e-11
0.00010404621
-2.2757322e-11
0.00010404622
-1.6423472e-11
0.00010404622
-1.1832097e-11
0.00010404622
-8.418419e-12
0.00010404622
-5.9004629e-12
0.00010404622
-4.0992612e-12
0.00010404622
-2.7734129e-12
0.00010404622
-1.7296316e-12
-1.145069e-12
0.00010158857
-1.6705143e-06
0.00010226516
-2.3427349e-06
0.00010285418
-2.3131335e-06
0.00010327891
-1.9541242e-06
0.00010356009
-1.5315088e-06
0.00010374113
-1.1611525e-06
0.00010385582
-8.65738e-07
0.00010392705
-6.3792084e-07
0.00010397083
-4.6655579e-07
0.00010399785
-3.4005505e-07
0.00010401472
-2.4750835e-07
0.00010402539
-1.8001651e-07
0.00010403223
-1.308764e-07
0.00010403668
-9.5138015e-08
0.00010403962
-6.9160135e-08
0.0001040416
-5.0279338e-08
0.00010404294
-3.6556034e-08
0.00010404387
-2.6580504e-08
0.00010404452
-1.9328407e-08
0.00010404497
-1.4055672e-08
0.00010404529
-1.0221663e-08
0.00010404552
-7.4336118e-09
0.00010404568
-5.4060238e-09
0.0001040458
-3.9314379e-09
0.00010404588
-2.8589757e-09
0.00010404594
-2.0789921e-09
0.00010404599
-1.5116993e-09
0.00010404602
-1.0991263e-09
0.00010404604
-7.9905654e-10
0.00010404606
-5.8082368e-10
0.00010404607
-4.2209691e-10
0.00010404608
-3.0673941e-10
0.00010404609
-2.2280296e-10
0.00010404609
-1.6180485e-10
0.0001040461
-1.1744842e-10
0.0001040461
-8.5228181e-11
0.0001040461
-6.1787028e-11
0.0001040461
-4.4753156e-11
0.0001040461
-3.2354066e-11
0.00010404611
-2.3384354e-11
0.00010404611
-1.6857286e-11
0.00010404611
-1.2175302e-11
0.00010404611
-8.578678e-12
0.00010404611
-5.9891722e-12
0.00010404611
-4.1456578e-12
0.00010404611
-2.7224437e-12
0.00010404611
-1.3976869e-12
-1.1440238e-12
0.00010174751
-2.4783685e-06
0.00010267805
-3.2732579e-06
0.000103352
-2.9870762e-06
0.00010373986
-2.341983e-06
0.00010394295
-1.7346023e-06
0.00010404513
-1.2633357e-06
0.00010409012
-9.107229e-07
0.00010410311
-6.50909e-07
0.00010410083
-4.6427881e-07
0.00010409286
-3.3208482e-07
0.00010408369
-2.3832975e-07
0.00010407515
-1.7148383e-07
0.00010406793
-1.236496e-07
0.00010406212
-8.9326006e-08
0.00010405759
-6.4630581e-08
0.00010405413
-4.6819387e-08
0.00010405152
-3.3948455e-08
0.00010404958
-2.4633548e-08
0.00010404814
-1.7884317e-08
0.00010404707
-1.2989618e-08
0.00010404629
-9.437412e-09
0.00010404571
-6.8581038e-09
0.00010404529
-4.9845004e-09
0.00010404498
-3.6230991e-09
0.00010404476
-2.6336753e-09
0.0001040446
-1.9144689e-09
0.00010404448
-1.391647e-09
0.00010404439
-1.0115491e-09
0.00010404433
-7.3521819e-10
0.00010404428
-5.3422113e-10
0.00010404425
-3.8817291e-10
0.00010404422
-2.8197033e-10
0.00010404421
-2.047608e-10
0.00010404419
-1.4865166e-10
0.00010404418
-1.0786715e-10
0.00010404418
-7.8240901e-11
0.00010404417
-5.6694743e-11
0.00010404417
-4.1021661e-11
0.00010404417
-2.9642019e-11
0.00010404417
-2.1399656e-11
0.00010404416
-1.5423492e-11
0.00010404416
-1.1139882e-11
0.00010404416
-7.7517048e-12
0.00010404416
-5.3409067e-12
0.00010404416
-3.8204943e-12
0.00010404416
-2.1251184e-12
0.00010404416
-4.2217251e-13
-1.0641808e-12
0.00010218051
-3.8551759e-06
0.00010347452
-4.5672625e-06
0.00010416342
-3.675978e-06
0.00010438962
-2.5681812e-06
0.00010442216
-1.7671499e-06
0.00010439115
-1.2323226e-06
0.00010433386
-8.5343479e-07
0.00010426922
-5.8627225e-07
0.00010421042
-4.054696e-07
0.00010416234
-2.8400556e-07
0.00010412483
-2.0082155e-07
0.00010409624
-1.4288915e-07
0.00010407477
-1.0217659e-07
0.00010405881
-7.3367252e-08
0.00010404703
-5.2848869e-08
0.00010403837
-3.815852e-08
0.00010403202
-2.760005e-08
0.00010402738
-1.9989454e-08
0.00010402399
-1.4491725e-08
0.00010402151
-1.0513707e-08
0.00010401971
-7.6317597e-09
0.00010401839
-5.5419262e-09
0.00010401744
-4.0254671e-09
0.00010401674
-2.9244754e-09
0.00010401623
-2.1248612e-09
0.00010401586
-1.5439272e-09
0.00010401559
-1.1218385e-09
0.0001040154
-8.1512693e-10
0.00010401525
-5.9227245e-10
0.00010401515
-4.3014751e-10
0.00010401508
-3.1237783e-10
0.00010401502
-2.2679175e-10
0.00010401498
-1.6462045e-10
0.00010401495
-1.1941042e-10
0.00010401493
-8.6617148e-11
0.00010401492
-6.2747041e-11
0.00010401491
-4.5444721e-11
0.0001040149
-3.2798447e-11
0.00010401489
-2.369088e-11
0.00010401489
-1.7051637e-11
0.00010401488
-1.2288302e-11
0.00010401488
-8.8778247e-12
0.00010401488
-6.0489662e-12
0.00010401488
-3.9252224e-12
0.00010401488
-3.5462549e-12
0.00010401488
-9.0427994e-13
0.00010401488
1.6055726e-12
-9.4646413e-13
0.00010317741
-6.2714478e-06
0.00010473133
-6.1211809e-06
0.00010510013
-4.0447842e-06
0.00010490274
-2.3708023e-06
0.00010463727
-1.5016883e-06
0.00010441564
-1.0106966e-06
0.00010422698
-6.6477167e-07
0.00010407199
-4.31286e-07
0.00010395359
-2.8707032e-07
0.00010386655
-1.969629e-07
0.00010380313
-1.3739964e-07
0.000103757
-9.6758683e-08
0.00010372351
-6.8684439e-08
0.00010369922
-4.9076331e-08
0.00010368161
-3.5230714e-08
0.00010366882
-2.5374117e-08
0.00010365954
-1.8318601e-08
0.0001036528
-1.3248162e-08
0.0001036479
-9.5935245e-09
0.00010364435
-6.9535612e-09
0.00010364176
-5.043491e-09
0.00010363988
-3.6598628e-09
0.00010363851
-2.6567118e-09
0.00010363751
-1.9289356e-09
0.00010363679
-1.4007023e-09
0.00010363627
-1.0171643e-09
0.00010363588
-7.3860062e-10
0.0001036356
-5.3632628e-10
0.0001036354
-3.8963228e-10
0.00010363526
-2.8260277e-10
0.00010363515
-2.050818e-10
0.00010363507
-1.4876259e-10
0.00010363501
-1.0784903e-10
0.00010363497
-7.8160981e-11
0.00010363494
-5.661208e-11
0.00010363492
-4.0963385e-11
0.00010363491
-2.957704e-11
0.0001036349
-2.129506e-11
0.00010363489
-1.5334424e-11
0.00010363488
-1.1059158e-11
0.00010363488
-7.9548944e-12
0.00010363488
-5.9686218e-12
0.00010363487
-3.3237674e-12
0.00010363487
-2.2777048e-12
0.00010363487
-3.4656674e-12
0.00010363487
1.320214e-12
0.00010363487
4.6982563e-12
-1.1189334e-12
0.0001031122
-9.1111287e-06
0.00010356623
-6.5752374e-06
0.00010267606
-3.1546255e-06
0.000101699
-1.3937606e-06
0.00010107566
-8.783585e-07
0.00010066638
-6.0142277e-07
0.00010036556
-3.6395661e-07
0.00010014634
-2.1206483e-07
9.9992291e-05
-1.3302311e-07
9.9884552e-05
-8.9223611e-08
9.980845e-05
-6.1296345e-08
9.9754303e-05
-4.2610334e-08
9.9715615e-05
-2.9995186e-08
9.9687873e-05
-2.1332964e-08
9.9667915e-05
-1.5271171e-08
9.9653518e-05
-1.0976667e-08
9.9643113e-05
-7.9123913e-09
9.9635581e-05
-5.7152681e-09
9.9630123e-05
-4.134239e-09
9.9626164e-05
-2.9936146e-09
9.9623291e-05
-2.1692331e-09
9.9621204e-05
-1.5726305e-09
9.9619689e-05
-1.1404826e-09
9.9618588e-05
-8.2722633e-10
9.9617788e-05
-6.0006578e-10
9.9617207e-05
-4.3526008e-10
9.9616785e-05
-3.1570942e-10
9.9616478e-05
-2.2897039e-10
9.9616255e-05
-1.6596038e-10
9.9616093e-05
-1.2025116e-10
9.9615976e-05
-8.7065664e-11
9.961589e-05
-6.3033251e-11
9.9615829e-05
-4.5596038e-11
9.9615784e-05
-3.2972457e-11
9.9615751e-05
-2.3798339e-11
9.9615728e-05
-1.71445e-11
9.9615711e-05
-1.2303231e-11
9.9615699e-05
-8.8124794e-12
9.961569e-05
-6.4032116e-12
9.9615684e-05
-4.5503698e-12
9.9615679e-05
-3.3028691e-12
9.9615677e-05
-3.0158131e-12
9.9615674e-05
-1.3114682e-13
9.9615673e-05
-1.2819292e-12
9.9615673e-05
-3.5051574e-12
9.9615669e-05
5.4411908e-12
9.9615668e-05
6.0529551e-12
-3.4953165e-12
8.2070997e-05
7.549575e-05
7.2341117e-05
7.0947349e-05
7.0068985e-05
6.9467558e-05
6.91036e-05
6.8891534e-05
6.8758511e-05
6.8669288e-05
6.8607992e-05
6.8565382e-05
6.8535388e-05
6.8514055e-05
6.8498785e-05
6.8487808e-05
6.8479897e-05
6.8474182e-05
6.8470048e-05
6.8467055e-05
6.8464886e-05
6.8463314e-05
6.8462174e-05
6.8461347e-05
6.8460747e-05
6.8460312e-05
6.8459997e-05
6.8459768e-05
6.8459603e-05
6.8459483e-05
6.8459396e-05
6.8459333e-05
6.8459288e-05
6.8459255e-05
6.8459231e-05
6.8459214e-05
6.8459202e-05
6.8459193e-05
6.8459187e-05
6.8459183e-05
6.8459179e-05
6.8459177e-05
6.8459176e-05
6.8459175e-05
6.8459172e-05
6.8459177e-05
6.8459183e-05
)
;

boundaryField
{
    inlet
    {
        type            calculated;
        value           nonuniform List<scalar> 
20
(
-0.0001
-0.0001
-0.0001
-0.0001
-0.0001
-0.0001
-0.0001
-0.0001
-0.0001
-0.0001
-0.0001
-0.0001
-0.0001
-0.0001
-0.0001
-0.0001
-0.0001
-0.0001
-0.0001
-0.0001
)
;
    }
    outlet
    {
        type            calculated;
        value           nonuniform List<scalar> 
20
(
6.845918e-05
9.961567e-05
0.00010363487
0.00010401488
0.00010404416
0.00010404611
0.00010404622
0.00010404623
0.00010404623
0.00010404623
0.00010404623
0.00010404623
0.00010404623
0.00010404622
0.00010404611
0.00010404416
0.00010401488
0.00010363487
9.961567e-05
6.845918e-05
)
;
    }
    top
    {
        type            calculated;
        value           uniform 0;
    }
    bottom
    {
        type            calculated;
        value           uniform 0;
    }
    frontAndBack
    {
        type            empty;
    }
}


// ************************************************************************* //
