/*--------------------------------*- C++ -*----------------------------------*\
| =========                 |                                                 |
| \\      /  F ield         | OpenFOAM: The Open Source CFD Toolbox           |
|  \\    /   O peration     | Version:  2512                                  |
|   \\  /    A nd           | Website:  www.openfoam.com                      |
|    \\/     M anipulation  |                                                 |
\*---------------------------------------------------------------------------*/
FoamFile
{
    version     2.0;
    format      ascii;
    arch        "LSB;label=32;scalar=64";
    class       volVectorField;
    location    "1.6";
    object      U;
}
// * * * * * * * * * * * * * * * * * * * * * * * * * * * * * * * * * * * * * //

dimensions      [0 1 -1 0 0 0 0];

internalField   nonuniform List<vector> 
2020
(
(0.46104635 0.018548272 0)
(0.43269242 0.031261243 0)
(0.39172539 0.029516601 0)
(0.34129568 0.023674328 0)
(0.29388712 0.017827744 0)
(0.25493465 0.01264374 0)
(0.22405593 0.0083255226 0)
(0.19971184 0.0050868149 0)
(0.18075716 0.0028797864 0)
(0.16622599 0.0014640976 0)
(0.155186 0.00061526723 0)
(0.14678301 0.00015885254 0)
(0.14031148 -4.345538e-05 0)
(0.13522896 -9.902798e-05 0)
(0.13113718 -8.242711e-05 0)
(0.1277557 -3.919875e-05 0)
(0.12489047 7.2900137e-06 0)
(0.12241182 4.6323741e-05 0)
(0.12023062 7.5329871e-05 0)
(0.11829019 9.3771149e-05 0)
(0.11654765 0.00010435457 0)
(0.11498001 0.0001071833 0)
(0.11356214 0.00010604843 0)
(0.11229021 9.8577011e-05 0)
(0.11114328 9.0223218e-05 0)
(0.11013591 7.4401099e-05 0)
(0.1092408 6.1533636e-05 0)
(0.10850042 3.6976214e-05 0)
(0.10786342 2.1815133e-05 0)
(0.1074241 -1.5339631e-05 0)
(0.10707155 -2.9749843e-05 0)
(0.10701639 -9.3033914e-05 0)
(0.10699627 -0.00012364187 0)
(0.10744697 -0.00026293726 0)
(0.10778078 -0.00028053856 0)
(0.10903967 -0.00054743355 0)
(0.10976799 -0.00051467193 0)
(0.11251696 -0.0010812215 0)
(0.11351091 -0.00087170794 0)
(0.11945466 -0.0022033072 0)
(0.11979941 -0.0014008767 0)
(0.13388976 -0.0048703671 0)
(0.12882594 -0.0021447589 0)
(0.16840476 -0.01176378 0)
(0.1349867 -0.0041058391 0)
(0.26326062 -0.029707287 0)
(0.12388906 -0.010450859 0)
(0.53052814 -0.082951964 0)
(0.5007652 0.02843581 0)
(0.516146 0.055967166 0)
(0.52500315 0.063598171 0)
(0.52225557 0.063373175 0)
(0.51087005 0.059782716 0)
(0.49518816 0.053901492 0)
(0.47765173 0.046585808 0)
(0.4593509 0.038889841 0)
(0.4410372 0.03163912 0)
(0.42341538 0.02527356 0)
(0.40704896 0.019964391 0)
(0.39223166 0.015715887 0)
(0.37903098 0.012427997 0)
(0.36738069 0.0099435286 0)
(0.35714438 0.0080912384 0)
(0.34816353 0.0067129882 0)
(0.34027065 0.0056796676 0)
(0.33331588 0.0048900301 0)
(0.32715609 0.0042728745 0)
(0.3216845 0.0037736929 0)
(0.31679261 0.0033600748 0)
(0.31242258 0.0030012507 0)
(0.30848732 0.002686772 0)
(0.30497937 0.0023921079 0)
(0.30180903 0.0021225598 0)
(0.29903311 0.00184727 0)
(0.29652008 0.0015921193 0)
(0.29443207 0.0013046666 0)
(0.29251965 0.0010474021 0)
(0.29115177 0.00071647815 0)
(0.28980143 0.00045129378 0)
(0.28927501 3.5416959e-05 0)
(0.28840331 -0.00024619698 0)
(0.28902868 -0.00087449005 0)
(0.28844244 -0.0011801342 0)
(0.29094146 -0.0022218104 0)
(0.29004935 -0.002498334 0)
(0.29623676 -0.004419603 0)
(0.29322508 -0.0045106107 0)
(0.30782657 -0.00840609 0)
(0.29704402 -0.0078335996 0)
(0.33287241 -0.016312108 0)
(0.29740532 -0.01375313 0)
(0.38792792 -0.033520558 0)
(0.28458436 -0.024664422 0)
(0.50158345 -0.077504061 0)
(0.25698893 -0.039887592 0)
(0.71607886 -0.20427128 0)
(0.5000059 0.014905221 0)
(0.51209834 0.03653307 0)
(0.52731679 0.047888855 0)
(0.54000563 0.052679152 0)
(0.54810481 0.053958907 0)
(0.55209738 0.052850107 0)
(0.55286596 0.049886011 0)
(0.5509809 0.045721766 0)
(0.5468968 0.041046105 0)
(0.54114148 0.036367433 0)
(0.53427848 0.031970534 0)
(0.52679835 0.027988085 0)
(0.51906661 0.024468104 0)
(0.51134375 0.02140828 0)
(0.50380099 0.018778598 0)
(0.49655772 0.016531195 0)
(0.48967348 0.014615638 0)
(0.48319354 0.012977532 0)
(0.47711327 0.011573385 0)
(0.47145257 0.010355983 0)
(0.4661677 0.0092969508 0)
(0.46129074 0.0083544837 0)
(0.45673913 0.0075173834 0)
(0.45259459 0.0067407774 0)
(0.44870652 0.0060352549 0)
(0.44526487 0.0053391188 0)
(0.4419758 0.004698602 0)
(0.43925412 0.0040110256 0)
(0.43649546 0.0033897274 0)
(0.43458971 0.0026425838 0)
(0.43225083 0.0020151834 0)
(0.43139855 0.0011232958 0)
(0.42923439 0.0004890863 0)
(0.42995033 -0.00069093351 0)
(0.42738114 -0.0013380374 0)
(0.43088078 -0.0031315704 0)
(0.42653046 -0.00378241 0)
(0.43552623 -0.0068449384 0)
(0.42605015 -0.0073530325 0)
(0.44666218 -0.013135121 0)
(0.42426893 -0.012950246 0)
(0.46977283 -0.024916025 0)
(0.41746408 -0.021916366 0)
(0.51409787 -0.049135769 0)
(0.39862388 -0.035731544 0)
(0.59255897 -0.10220496 0)
(0.35502048 -0.053648123 0)
(0.74897453 -0.21217031 0)
(0.49997368 0.0086159178 0)
(0.50653264 0.023493505 0)
(0.51722142 0.0337199 0)
(0.52932582 0.039658333 0)
(0.54055912 0.04273755 0)
(0.55010104 0.04386823 0)
(0.55788707 0.043457448 0)
(0.56393746 0.041852348 0)
(0.56825964 0.039468775 0)
(0.57095898 0.036691611 0)
(0.57225535 0.033795791 0)
(0.57242065 0.030948655 0)
(0.5717045 0.028247878 0)
(0.57032438 0.025744949 0)
(0.56844527 0.023463392 0)
(0.56621531 0.021401791 0)
(0.56372908 0.01955026 0)
(0.56109302 0.017884918 0)
(0.55834338 0.016388573 0)
(0.55557414 0.015030145 0)
(0.55276406 0.013798317 0)
(0.5500318 0.012656742 0)
(0.54727808 0.01160747 0)
(0.54470121 0.010601975 0)
(0.54206441 0.0096651258 0)
(0.53974572 0.0087212281 0)
(0.53723894 0.0078374063 0)
(0.53530163 0.0068825944 0)
(0.53287903 0.006005373 0)
(0.53151885 0.0049626156 0)
(0.52903038 0.004061884 0)
(0.52860744 0.0028294106 0)
(0.52568681 0.0018907392 0)
(0.52690508 0.00029529651 0)
(0.52272449 -0.00068087799 0)
(0.52699124 -0.0029877363 0)
(0.51979507 -0.0039904211 0)
(0.53001696 -0.0078070869 0)
(0.51609042 -0.0086746894 0)
(0.53799187 -0.015678058 0)
(0.50972817 -0.015685825 0)
(0.5543834 -0.029666974 0)
(0.49663128 -0.026358337 0)
(0.58470562 -0.055929274 0)
(0.46746046 -0.04183785 0)
(0.63893893 -0.10595471 0)
(0.40318736 -0.058158717 0)
(0.76414632 -0.1987302 0)
(0.50002937 0.0056935357 0)
(0.50397196 0.016152766 0)
(0.51100965 0.024363268 0)
(0.52005294 0.029862926 0)
(0.52962283 0.033137235 0)
(0.53883037 0.034814763 0)
(0.54736686 0.035282816 0)
(0.55511449 0.034793072 0)
(0.56196268 0.033602153 0)
(0.56784218 0.031973627 0)
(0.57276377 0.03012646 0)
(0.57681336 0.02821051 0)
(0.58009613 0.026320489 0)
(0.58272725 0.024510993 0)
(0.58479183 0.022813643 0)
(0.58638791 0.021238229 0)
(0.58756568 0.019787539 0)
(0.58841751 0.018449371 0)
(0.58895169 0.017217643 0)
(0.58927495 0.016069968 0)
(0.58933577 0.015003496 0)
(0.58929253 0.013987572 0)
(0.58899344 0.013030903 0)
(0.58871655 0.012088395 0)
(0.58812207 0.011190486 0)
(0.58773829 0.010262797 0)
(0.58685842 0.0093768743 0)
(0.5865192 0.0084006822 0)
(0.58528737 0.0074864312 0)
(0.58522151 0.0063876072 0)
(0.583442 0.0054163571 0)
(0.58404863 0.0040920864 0)
(0.58128158 0.0030458644 0)
(0.58329948 0.0013170259 0)
(0.57863025 0.00018114338 0)
(0.58346084 -0.0023200941 0)
(0.57499966 -0.0034920944 0)
(0.58532471 -0.007559225 0)
(0.56938202 -0.0086378754 0)
(0.59032364 -0.015895516 0)
(0.55954853 -0.016218535 0)
(0.60083501 -0.029962755 0)
(0.54060938 -0.027426521 0)
(0.62106393 -0.054333438 0)
(0.50168732 -0.042667669 0)
(0.66088231 -0.096461207 0)
(0.42257622 -0.056195932 0)
(0.77145262 -0.16967769 0)
(0.50003546 0.0039332325 0)
(0.50272458 0.011357139 0)
(0.50765569 0.017597371 0)
(0.51437179 0.022148314 0)
(0.52199704 0.025073805 0)
(0.52981537 0.026726834 0)
(0.53746791 0.027424547 0)
(0.54480284 0.02738315 0)
(0.55171337 0.02678361 0)
(0.55811151 0.02580498 0)
(0.56394623 0.024608591 0)
(0.56922394 0.023315937 0)
(0.57397334 0.022007971 0)
(0.57824934 0.0207323 0)
(0.58208465 0.019517578 0)
(0.58553963 0.018375113 0)
(0.58862625 0.01731084 0)
(0.59141639 0.016317951 0)
(0.59388709 0.01539425 0)
(0.59614024 0.014523105 0)
(0.59809122 0.013703842 0)
(0.59991091 0.01291174 0)
(0.60140177 0.012155302 0)
(0.60287942 0.011396862 0)
(0.60393057 0.010663286 0)
(0.60516191 0.0098907926 0)
(0.60574203 0.009141562 0)
(0.60685313 0.0082999088 0)
(0.60685147 0.007498875 0)
(0.60804688 0.0065198102 0)
(0.60721793 0.005638524 0)
(0.60886756 0.0044265855 0)
(0.60671646 0.0034468392 0)
(0.60951229 0.0018334185 0)
(0.60506356 0.00074627075 0)
(0.6103245 -0.0016227525 0)
(0.60165447 -0.0027977476 0)
(0.61181138 -0.0066010433 0)
(0.59519238 -0.0077645886 0)
(0.61498185 -0.014369389 0)
(0.58311104 -0.0150285 0)
(0.62166798 -0.026986609 0)
(0.55999745 -0.025464444 0)
(0.63569689 -0.04761498 0)
(0.51458552 -0.038737401 0)
(0.66775036 -0.080919846 0)
(0.42742273 -0.048625148 0)
(0.77276291 -0.13555849 0)
(0.50003112 0.0027090016 0)
(0.50203711 0.0078832935 0)
(0.50575063 0.012392584 0)
(0.51096583 0.015871946 0)
(0.51716346 0.018245342 0)
(0.52380528 0.019674375 0)
(0.53053736 0.020374002 0)
(0.53717659 0.020515015 0)
(0.54361199 0.020230945 0)
(0.54976095 0.019644001 0)
(0.5555613 0.018867577 0)
(0.56099238 0.017993627 0)
(0.56605087 0.017087676 0)
(0.57076516 0.016190248 0)
(0.5751453 0.01532637 0)
(0.57923531 0.01450755 0)
(0.58302992 0.013740564 0)
(0.58659079 0.013022349 0)
(0.58987965 0.012352277 0)
(0.59299392 0.011718668 0)
(0.59583247 0.01112086 0)
(0.59856796 0.010540291 0)
(0.60098108 0.0099827489 0)
(0.60339792 0.0094194525 0)
(0.60537334 0.0088702389 0)
(0.6075379 0.0082855721 0)
(0.60901175 0.0077129017 0)
(0.61102031 0.0070605263 0)
(0.6118469 0.0064325713 0)
(0.61386943 0.0056528967 0)
(0.61376379 0.0049428051 0)
(0.61612627 0.00395232 0)
(0.61454983 0.0031433813 0)
(0.61788436 0.001798359 0)
(0.61381738 0.00088094486 0)
(0.619339 -0.0011053005 0)
(0.6108193 -0.002150138 0)
(0.62082017 -0.0053217108 0)
(0.60406691 -0.0064239341 0)
(0.62304825 -0.011815695 0)
(0.59072795 -0.012632897 0)
(0.62759727 -0.022091698 0)
(0.56515363 -0.021323032 0)
(0.6383484 -0.03821474 0)
(0.51616917 -0.031740974 0)
(0.66709935 -0.062929511 0)
(0.42556933 -0.038194101 0)
(0.77164293 -0.10146472 0)
(0.50002692 0.0017761349 0)
(0.50163855 0.0051892691 0)
(0.50463889 0.0082228588 0)
(0.50892845 0.010652431 0)
(0.51418116 0.012385522 0)
(0.51999632 0.013480055 0)
(0.52605191 0.014061038 0)
(0.53214596 0.01424628 0)
(0.53815229 0.014129307 0)
(0.5439853 0.01379085 0)
(0.54957847 0.013305631 0)
(0.554899 0.012737473 0)
(0.55992729 0.012134731 0)
(0.56467744 0.011529062 0)
(0.56914869 0.010940537 0)
(0.57337772 0.010379364 0)
(0.57735317 0.0098517521 0)
(0.58113244 0.0093570179 0)
(0.58467289 0.0088952935 0)
(0.58806945 0.0084591588 0)
(0.59121722 0.0080478657 0)
(0.59428725 0.0076487697 0)
(0.59705595 0.0072651645 0)
(0.59984808 0.0068771511 0)
(0.60221345 0.006497751 0)
(0.60478098 0.0060922303 0)
(0.60666557 0.0056930864 0)
(0.60908851 0.0052348398 0)
(0.61032977 0.0047906905 0)
(0.6127551 0.0042332225 0)
(0.61304561 0.0037213315 0)
(0.61576577 0.0030000521 0)
(0.61453917 0.0024048109 0)
(0.61813826 0.0014130251 0)
(0.61434275 0.0007205467 0)
(0.61996502 -0.00074886177 0)
(0.61161121 -0.0015600061 0)
(0.62146571 -0.0038985374 0)
(0.60473686 -0.0047942003 0)
(0.62320004 -0.0087145982 0)
(0.59073484 -0.0094645406 0)
(0.62665087 -0.016205202 0)
(0.56388738 -0.015863281 0)
(0.63591616 -0.027624618 0)
(0.51325999 -0.023169044 0)
(0.66378948 -0.044465857 0)
(0.42170509 -0.026955475 0)
(0.76984036 -0.069748513 0)
(0.50002429 0.0010088436 0)
(0.50141617 0.0029542235 0)
(0.50401727 0.0047024033 0)
(0.50777406 0.0061338556 0)
(0.51245762 0.0071849974 0)
(0.5177544 0.007870105 0)
(0.52337698 0.0082505952 0)
(0.52911873 0.0083937115 0)
(0.5348411 0.00835512 0)
(0.5404521 0.0081814492 0)
(0.54588117 0.007915221 0)
(0.55108833 0.007593809 0)
(0.55604423 0.0072467423 0)
(0.56075342 0.0068941857 0)
(0.56520831 0.0065491644 0)
(0.5694408 0.0062186782 0)
(0.57343686 0.005907013 0)
(0.57725144 0.0056144118 0)
(0.58084124 0.0053412112 0)
(0.58429947 0.0050834086 0)
(0.58752211 0.004840459 0)
(0.59067801 0.0046051088 0)
(0.59354591 0.0043789903 0)
(0.59644638 0.0041505375 0)
(0.59893388 0.0039270476 0)
(0.60162929 0.0036880849 0)
(0.60365651 0.0034524199 0)
(0.60622131 0.0031810279 0)
(0.60762083 0.0029169474 0)
(0.61019111 0.0025836763 0)
(0.61064615 0.0022758443 0)
(0.61349519 0.0018400961 0)
(0.61242525 0.0014771061 0)
(0.61610755 0.00087360728 0)
(0.61244426 0.00044421317 0)
(0.61806328 -0.00045057401 0)
(0.60980204 -0.00096200769 0)
(0.61952188 -0.0023830113 0)
(0.60283322 -0.0029628574 0)
(0.62097247 -0.0053249873 0)
(0.58848281 -0.0058376327 0)
(0.6238878 -0.0098513018 0)
(0.56103908 -0.0097164818 0)
(0.63258665 -0.016622896 0)
(0.50978205 -0.013991783 0)
(0.66054227 -0.026362949 0)
(0.41823047 -0.015915698 0)
(0.76832182 -0.040636791 0)
(0.50002308 0.00032741797 0)
(0.50131627 0.00095983103 0)
(0.50373752 0.0015310273 0)
(0.50725077 0.0020035261 0)
(0.51166734 0.0023553649 0)
(0.51671474 0.0025882415 0)
(0.5221262 0.0027202473 0)
(0.52769595 0.0027730599 0)
(0.53327958 0.0027651751 0)
(0.53878086 0.00271192 0)
(0.54412676 0.002627112 0)
(0.5492738 0.0025230323 0)
(0.55418787 0.0024095843 0)
(0.5588685 0.0022936762 0)
(0.56330446 0.0021798123 0)
(0.56752487 0.0020704698 0)
(0.57151444 0.0019671672 0)
(0.57532667 0.0018700946 0)
(0.57891829 0.0017794095 0)
(0.5823814 0.0016938592 0)
(0.58561316 0.0016132516 0)
(0.58878092 0.0015352345 0)
(0.59166578 0.0014603015 0)
(0.59458547 0.0013846709 0)
(0.59709864 0.0013106897 0)
(0.59982061 0.0012316261 0)
(0.60188279 0.0011536032 0)
(0.60448036 0.0010636827 0)
(0.60592361 0.0009760238 0)
(0.60852902 0.00086518491 0)
(0.6090338 0.00076247849 0)
(0.61191208 0.00061690594 0)
(0.61089263 0.00049495844 0)
(0.6145848 0.00029274281 0)
(0.61096648 0.00014734765 0)
(0.61655795 -0.00015250237 0)
(0.6083305 -0.00032697624 0)
(0.6179661 -0.00080252639 0)
(0.60129797 -0.0010026603 0)
(0.61927531 -0.0017900688 0)
(0.58679039 -0.0019707201 0)
(0.62196988 -0.0033013098 0)
(0.55911558 -0.0032662643 0)
(0.63049829 -0.0055407884 0)
(0.50766674 -0.0046684262 0)
(0.65866844 -0.0087241832 0)
(0.41627996 -0.0052519338 0)
(0.76749634 -0.013334398 0)
(0.50002308 -0.00032741811 0)
(0.50131627 -0.0009598314 0)
(0.50373752 -0.0015310279 0)
(0.50725077 -0.0020035269 0)
(0.51166734 -0.0023553658 0)
(0.51671474 -0.0025882423 0)
(0.5221262 -0.0027202481 0)
(0.52769596 -0.0027730607 0)
(0.53327958 -0.0027651758 0)
(0.53878086 -0.0027119207 0)
(0.54412676 -0.0026271125 0)
(0.5492738 -0.0025230327 0)
(0.55418787 -0.0024095847 0)
(0.5588685 -0.0022936767 0)
(0.56330446 -0.0021798131 0)
(0.56752487 -0.0020704709 0)
(0.57151445 -0.0019671686 0)
(0.57532667 -0.0018700964 0)
(0.57891829 -0.0017794115 0)
(0.58238141 -0.0016938612 0)
(0.58561317 -0.0016132536 0)
(0.58878093 -0.0015352365 0)
(0.59166579 -0.0014603038 0)
(0.59458547 -0.0013846739 0)
(0.59709864 -0.0013106944 0)
(0.59982061 -0.0012316333 0)
(0.60188279 -0.0011536143 0)
(0.60448036 -0.0010636987 0)
(0.60592361 -0.00097604622 0)
(0.60852901 -0.00086521421 0)
(0.6090338 -0.00076251615 0)
(0.61191208 -0.00061695125 0)
(0.61089262 -0.00049501242 0)
(0.6145848 -0.00029280206 0)
(0.61096647 -0.00014741284 0)
(0.61655794 0.00015243931 0)
(0.60833049 0.00032691427 0)
(0.61796609 0.0008024817 0)
(0.60129796 0.0010026259 0)
(0.6192753 0.0017900739 0)
(0.58679038 0.0019707412 0)
(0.62196987 0.0033014018 0)
(0.55911558 0.0032663657 0)
(0.63049829 0.0055410052 0)
(0.50766674 0.0046686092 0)
(0.65866846 0.0087245454 0)
(0.4162799 0.0052521224 0)
(0.76749638 0.013334905 0)
(0.50002429 -0.0010088438 0)
(0.50141617 -0.002954224 0)
(0.50401727 -0.0047024041 0)
(0.50777406 -0.0061338566 0)
(0.51245762 -0.0071849985 0)
(0.5177544 -0.0078701061 0)
(0.52337698 -0.0082505963 0)
(0.52911873 -0.0083937126 0)
(0.5348411 -0.0083551212 0)
(0.5404521 -0.0081814504 0)
(0.54588117 -0.0079152221 0)
(0.55108834 -0.0075938101 0)
(0.55604424 -0.0072467434 0)
(0.56075342 -0.006894187 0)
(0.56520832 -0.0065491661 0)
(0.5694408 -0.0062186802 0)
(0.57343687 -0.0059070154 0)
(0.57725145 -0.0056144144 0)
(0.58084125 -0.0053412139 0)
(0.58429948 -0.0050834112 0)
(0.58752212 -0.0048404614 0)
(0.59067803 -0.0046051109 0)
(0.59354592 -0.0043789924 0)
(0.59644639 -0.00415054 0)
(0.59893389 -0.0039270513 0)
(0.6016293 -0.0036880906 0)
(0.60365652 -0.003452429 0)
(0.60622132 -0.0031810415 0)
(0.60762083 -0.0029169668 0)
(0.61019111 -0.0025837023 0)
(0.61064614 -0.0022758784 0)
(0.61349518 -0.0018401377 0)
(0.61242524 -0.0014771562 0)
(0.61610753 -0.00087366273 0)
(0.61244424 -0.00044427454 0)
(0.61806326 0.00045051491 0)
(0.60980201 0.00096194962 0)
(0.61952185 0.0023829696 0)
(0.60283319 0.0029628246 0)
(0.62097244 0.0053249912 0)
(0.58848277 0.0058376489 0)
(0.62388779 0.0098513831 0)
(0.56103904 0.0097165662 0)
(0.63258665 0.01662309 0)
(0.50978206 0.013991942 0)
(0.66054227 0.026363298 0)
(0.41823057 0.015915894 0)
(0.76832178 0.04063733 0)
(0.50002692 -0.0017761351 0)
(0.50163855 -0.0051892697 0)
(0.50463889 -0.0082228598 0)
(0.50892845 -0.010652432 0)
(0.51418117 -0.012385524 0)
(0.51999632 -0.013480057 0)
(0.52605191 -0.01406104 0)
(0.53214597 -0.014246281 0)
(0.53815229 -0.014129309 0)
(0.5439853 -0.013790853 0)
(0.54957848 -0.013305633 0)
(0.554899 -0.012737476 0)
(0.5599273 -0.012134734 0)
(0.56467745 -0.011529065 0)
(0.5691487 -0.01094054 0)
(0.57337773 -0.010379368 0)
(0.57735318 -0.0098517562 0)
(0.58113246 -0.0093570222 0)
(0.58467291 -0.0088952978 0)
(0.58806947 -0.0084591628 0)
(0.59121724 -0.0080478692 0)
(0.59428727 -0.0076487724 0)
(0.59705597 -0.0072651666 0)
(0.5998481 -0.0068771529 0)
(0.60221347 -0.0064977532 0)
(0.60478099 -0.0060922336 0)
(0.60666558 -0.005693092 0)
(0.60908852 -0.0052348488 0)
(0.61032978 -0.0047907045 0)
(0.6127551 -0.0042332421 0)
(0.6130456 -0.0037213583 0)
(0.61576576 -0.0030000857 0)
(0.61453914 -0.0024048528 0)
(0.61813823 -0.001413072 0)
(0.61434271 -0.0007205991 0)
(0.61996498 0.00074881212 0)
(0.61161115 0.001559957 0)
(0.62146565 0.0038985042 0)
(0.60473679 0.0047941736 0)
(0.62319998 0.0087146053 0)
(0.59073476 0.0094645526 0)
(0.62665082 0.016205271 0)
(0.56388731 0.01586334 0)
(0.63591614 0.02762478 0)
(0.51325992 0.023169153 0)
(0.66378958 0.044466174 0)
(0.421705 0.026955626 0)
(0.76984045 0.069749094 0)
(0.50003112 -0.0027090019 0)
(0.50203711 -0.0078832942 0)
(0.50575063 -0.012392585 0)
(0.51096583 -0.015871948 0)
(0.51716346 -0.018245344 0)
(0.52380528 -0.019674377 0)
(0.53053737 -0.020374005 0)
(0.5371766 -0.020515018 0)
(0.54361199 -0.020230948 0)
(0.54976096 -0.019644005 0)
(0.55556131 -0.018867581 0)
(0.56099239 -0.017993631 0)
(0.56605088 -0.017087681 0)
(0.57076518 -0.016190253 0)
(0.57514532 -0.015326376 0)
(0.57923533 -0.014507556 0)
(0.58302994 -0.013740571 0)
(0.58659081 -0.013022356 0)
(0.58987967 -0.012352284 0)
(0.59299394 -0.011718674 0)
(0.59583249 -0.011120865 0)
(0.59856799 -0.010540296 0)
(0.6009811 -0.0099827517 0)
(0.60339795 -0.0094194541 0)
(0.60537337 -0.0088702398 0)
(0.60753793 -0.0082855728 0)
(0.60901178 -0.0077129032 0)
(0.61102032 -0.0070605295 0)
(0.61184692 -0.0064325777 0)
(0.61386943 -0.005652907 0)
(0.61376378 -0.0049428209 0)
(0.61612625 -0.0039523416 0)
(0.6145498 -0.0031434097 0)
(0.61788432 -0.0017983918 0)
(0.61381732 -0.00088098196 0)
(0.61933893 0.0011052662 0)
(0.61081922 0.0021501048 0)
(0.62082008 0.0053216917 0)
(0.60406681 0.00642392 0)
(0.62304815 0.01181571 0)
(0.59072783 0.01263291 0)
(0.62759718 0.022091756 0)
(0.56515351 0.021323069 0)
(0.63834832 0.038214858 0)
(0.51616911 0.031741041 0)
(0.66709932 0.062929752 0)
(0.42556939 0.038194235 0)
(0.77164299 0.10146523 0)
(0.50003546 -0.0039332328 0)
(0.50272458 -0.01135714 0)
(0.5076557 -0.017597372 0)
(0.51437179 -0.022148316 0)
(0.52199704 -0.025073808 0)
(0.52981537 -0.026726837 0)
(0.53746791 -0.027424551 0)
(0.54480284 -0.027383155 0)
(0.55171338 -0.026783615 0)
(0.55811151 -0.025804985 0)
(0.56394624 -0.024608597 0)
(0.56922395 -0.023315944 0)
(0.57397336 -0.022007978 0)
(0.57824935 -0.020732308 0)
(0.58208467 -0.019517587 0)
(0.58553965 -0.018375122 0)
(0.58862627 -0.01731085 0)
(0.59141642 -0.016317961 0)
(0.59388712 -0.015394259 0)
(0.59614027 -0.014523114 0)
(0.59809125 -0.01370385 0)
(0.59991094 -0.012911746 0)
(0.6014018 -0.012155307 0)
(0.60287945 -0.011396865 0)
(0.60393061 -0.010663287 0)
(0.60516194 -0.0098907913 0)
(0.60574206 -0.0091415596 0)
(0.60685315 -0.0082999058 0)
(0.60685149 -0.0074988726 0)
(0.60804689 -0.0065198089 0)
(0.60721792 -0.0056385257 0)
(0.60886755 -0.0044265906 0)
(0.60671642 -0.0034468487 0)
(0.60951225 -0.0018334309 0)
(0.60506349 -0.00074628586 0)
(0.61032442 0.0016227402 0)
(0.60165436 0.0027977368 0)
(0.61181128 0.0066010444 0)
(0.59519223 0.0077645926 0)
(0.61498173 0.014369415 0)
(0.58311088 0.015028519 0)
(0.62166788 0.026986663 0)
(0.55999727 0.025464466 0)
(0.63569682 0.047615064 0)
(0.51458534 0.038737411 0)
(0.6677505 0.080920016 0)
(0.4274226 0.04862517 0)
(0.77276323 0.13555881 0)
(0.50002937 -0.0056935361 0)
(0.50397196 -0.016152768 0)
(0.51100965 -0.02436327 0)
(0.52005295 -0.029862929 0)
(0.52962283 -0.033137239 0)
(0.53883037 -0.034814767 0)
(0.54736686 -0.035282821 0)
(0.55511449 -0.034793078 0)
(0.56196269 -0.03360216 0)
(0.56784219 -0.031973634 0)
(0.57276378 -0.030126468 0)
(0.57681337 -0.028210519 0)
(0.58009614 -0.026320499 0)
(0.58272726 -0.024511004 0)
(0.58479185 -0.022813655 0)
(0.58638793 -0.021238241 0)
(0.58756569 -0.019787552 0)
(0.58841753 -0.018449384 0)
(0.58895172 -0.017217655 0)
(0.58927498 -0.01606998 0)
(0.58933579 -0.015003507 0)
(0.58929256 -0.013987581 0)
(0.58899346 -0.013030909 0)
(0.58871658 -0.012088399 0)
(0.5881221 -0.011190487 0)
(0.58773832 -0.010262794 0)
(0.58685844 -0.0093768685 0)
(0.58651922 -0.008400673 0)
(0.58528738 -0.0074864196 0)
(0.58522152 -0.0063875936 0)
(0.58344199 -0.0054163434 0)
(0.58404861 -0.0040920726 0)
(0.58128155 -0.0030458526 0)
(0.58329943 -0.0013170141 0)
(0.57863018 -0.00018113315 0)
(0.58346076 0.0023201072 0)
(0.57499956 0.0034921086 0)
(0.58532461 0.0075592489 0)
(0.56938188 0.0086378995 0)
(0.59032353 0.015895556 0)
(0.55954837 0.016218563 0)
(0.60083492 0.029962808 0)
(0.54060919 0.027426531 0)
(0.62106392 0.054333495 0)
(0.50168713 0.042667634 0)
(0.66088248 0.096461249 0)
(0.42257615 0.056195851 0)
(0.77145297 0.16967763 0)
(0.49997368 -0.0086159183 0)
(0.50653264 -0.023493507 0)
(0.51722142 -0.033719903 0)
(0.52932582 -0.039658337 0)
(0.54055912 -0.042737555 0)
(0.55010105 -0.043868235 0)
(0.55788708 -0.043457454 0)
(0.56393746 -0.041852356 0)
(0.56825965 -0.039468784 0)
(0.57095899 -0.036691621 0)
(0.57225536 -0.033795801 0)
(0.57242066 -0.030948666 0)
(0.57170451 -0.028247889 0)
(0.57032439 -0.025744962 0)
(0.56844527 -0.023463406 0)
(0.56621532 -0.021401805 0)
(0.56372908 -0.019550274 0)
(0.56109303 -0.017884933 0)
(0.55834338 -0.016388587 0)
(0.55557415 -0.015030159 0)
(0.55276406 -0.013798329 0)
(0.55003181 -0.012656752 0)
(0.54727808 -0.011607478 0)
(0.54470122 -0.01060198 0)
(0.54206441 -0.0096651266 0)
(0.53974572 -0.0087212245 0)
(0.53723894 -0.0078373976 0)
(0.53530163 -0.0068825807 0)
(0.53287903 -0.0060053544 0)
(0.53151884 -0.0049625931 0)
(0.52903036 -0.0040618587 0)
(0.52860742 -0.0028293836 0)
(0.52568679 -0.0018907107 0)
(0.52690505 -0.00029526732 0)
(0.52272445 0.00068090675 0)
(0.52699119 0.0029877677 0)
(0.51979502 0.0039904529 0)
(0.53001691 0.0078071248 0)
(0.51609036 0.0086747237 0)
(0.53799184 0.015678101 0)
(0.50972812 0.015685852 0)
(0.55438342 0.029667014 0)
(0.49663124 0.026358334 0)
(0.58470572 0.055929277 0)
(0.46746049 0.041837781 0)
(0.63893918 0.10595461 0)
(0.40318751 0.058158557 0)
(0.76414668 0.19872983 0)
(0.5000059 -0.014905221 0)
(0.51209834 -0.036533072 0)
(0.52731679 -0.047888859 0)
(0.54000563 -0.052679156 0)
(0.54810481 -0.053958912 0)
(0.55209738 -0.052850113 0)
(0.55286597 -0.049886018 0)
(0.5509809 -0.045721774 0)
(0.5468968 -0.041046114 0)
(0.54114148 -0.036367443 0)
(0.53427848 -0.031970544 0)
(0.52679835 -0.027988096 0)
(0.51906661 -0.024468115 0)
(0.51134374 -0.021408291 0)
(0.50380098 -0.01877861 0)
(0.4965577 -0.016531208 0)
(0.48967346 -0.01461565 0)
(0.48319351 -0.012977544 0)
(0.47711325 -0.011573397 0)
(0.47145254 -0.010355994 0)
(0.46616768 -0.0092969609 0)
(0.46129071 -0.0083544923 0)
(0.4567391 -0.0075173896 0)
(0.45259456 -0.0067407807 0)
(0.44870649 -0.0060352543 0)
(0.44526483 -0.0053391136 0)
(0.44197577 -0.0046985916 0)
(0.43925409 -0.0040110101 0)
(0.43649543 -0.003389707 0)
(0.43458969 -0.0026425594 0)
(0.43225081 -0.002015156 0)
(0.43139854 -0.001123267 0)
(0.42923438 -0.00048905717 0)
(0.42995033 0.00069096493 0)
(0.42738113 0.0013380696 0)
(0.4308808 0.0031316051 0)
(0.42653046 0.003782442 0)
(0.43552628 0.0068449732 0)
(0.42605017 0.0073530568 0)
(0.44666228 0.01313515 0)
(0.42426897 0.012950247 0)
(0.46977302 0.024916036 0)
(0.41746412 0.021916307 0)
(0.51409822 0.049135726 0)
(0.3986239 0.035731359 0)
(0.59255952 0.10220477 0)
(0.35502055 0.053647827 0)
(0.74897495 0.21216984 0)
(0.5007652 -0.028435811 0)
(0.516146 -0.055967169 0)
(0.52500315 -0.063598174 0)
(0.52225557 -0.063373179 0)
(0.51087005 -0.059782721 0)
(0.49518815 -0.053901498 0)
(0.47765173 -0.046585814 0)
(0.4593509 -0.038889848 0)
(0.4410372 -0.031639126 0)
(0.42341536 -0.025273567 0)
(0.40704894 -0.019964398 0)
(0.39223164 -0.015715893 0)
(0.37903096 -0.012428004 0)
(0.36738066 -0.0099435358 0)
(0.35714434 -0.0080912458 0)
(0.34816349 -0.0067129958 0)
(0.34027061 -0.0056796753 0)
(0.33331583 -0.0048900377 0)
(0.32715604 -0.0042728819 0)
(0.32168445 -0.0037736997 0)
(0.31679256 -0.0033600809 0)
(0.31242252 -0.0030012555 0)
(0.30848726 -0.002686775 0)
(0.30497931 -0.0023921087 0)
(0.30180897 -0.0021225578 0)
(0.29903306 -0.0018472649 0)
(0.29652004 -0.0015921109 0)
(0.29443203 -0.0013046548 0)
(0.29251962 -0.0010473873 0)
(0.29115175 -0.00071646053 0)
(0.28980142 -0.00045127439 0)
(0.28927501 -3.5395104e-05 0)
(0.28840333 0.00024621876 0)
(0.28902872 0.00087451369 0)
(0.28844249 0.0011801575 0)
(0.29094153 0.0022218335 0)
(0.29004942 0.0024983527 0)
(0.29623687 0.0044196197 0)
(0.29322518 0.0045106158 0)
(0.30782671 0.0084060912 0)
(0.29704413 0.00783357 0)
(0.3328726 0.016312073 0)
(0.29740546 0.013753029 0)
(0.38792807 0.033520432 0)
(0.28458452 0.024664235 0)
(0.50158337 0.077503704 0)
(0.256989 0.039887383 0)
(0.71607861 0.20427078 0)
(0.46104635 -0.018548273 0)
(0.43269242 -0.031261244 0)
(0.39172539 -0.029516603 0)
(0.34129568 -0.023674329 0)
(0.29388712 -0.017827746 0)
(0.25493464 -0.012643742 0)
(0.22405592 -0.008325524 0)
(0.19971182 -0.0050868161 0)
(0.18075714 -0.0028797877 0)
(0.16622598 -0.001464099 0)
(0.15518598 -0.00061526879 0)
(0.14678299 -0.00015885424 0)
(0.14031146 4.3453511e-05 0)
(0.13522893 9.9025982e-05 0)
(0.13113716 8.2424979e-05 0)
(0.12775567 3.9196545e-05 0)
(0.12489044 -7.292284e-06 0)
(0.12241179 -4.6325997e-05 0)
(0.12023059 -7.5332088e-05 0)
(0.11829016 -9.3773217e-05 0)
(0.11654762 -0.00010435644 0)
(0.11497998 -0.00010718481 0)
(0.11356211 -0.00010604951 0)
(0.11229018 -9.8577461e-05 0)
(0.11114325 -9.0222971e-05 0)
(0.11013589 -7.4399989e-05 0)
(0.10924078 -6.1531687e-05 0)
(0.1085004 -3.6973317e-05 0)
(0.10786342 -2.1811417e-05 0)
(0.1074241 1.5344205e-05 0)
(0.10707156 2.9755421e-05 0)
(0.10701641 9.3041872e-05 0)
(0.10699629 0.00012365007 0)
(0.10744701 0.00026294415 0)
(0.10778082 0.00028054414 0)
(0.10903972 0.00054743798 0)
(0.10976804 0.00051467385 0)
(0.11251703 0.0010812212 0)
(0.11351098 0.00087170199 0)
(0.11945473 0.0022032965 0)
(0.11979947 0.0014008532 0)
(0.13388981 0.0048703344 0)
(0.12882598 0.0021447062 0)
(0.16840467 0.011763703 0)
(0.13498666 0.0041057621 0)
(0.26326024 0.029707113 0)
(0.12388891 0.010450798 0)
(0.53052773 0.082951747 0)
(0.32141841 -0.02745491 0)
(0.48315906 -0.0070561723 0)
(0.44635343 -0.0015822219 0)
(0.50187861 -0.0012354201 0)
(0.33186649 0.0070477063 0)
(0.35771527 -0.051476105 0)
(0.52267347 -0.014870161 0)
(0.47453808 -0.0039064264 0)
(0.5387133 5.0466131e-05 0)
(0.34709538 0.0089669478 0)
(0.36321387 -0.042673752 0)
(0.52943846 -0.012106927 0)
(0.47908595 -0.0039028722 0)
(0.54458784 -3.2031292e-05 0)
(0.35074251 0.0030048157 0)
(0.36647835 -0.038495189 0)
(0.53450538 -0.011021838 0)
(0.48298923 -0.0039532697 0)
(0.54849831 -0.00050695199 0)
(0.35332865 0.0014918762 0)
(0.36895992 -0.031168993 0)
(0.53777234 -0.0085859146 0)
(0.48573886 -0.003209064 0)
(0.55121316 -0.00061124832 0)
(0.35502705 0.00083810011 0)
(0.37016022 -0.023838749 0)
(0.53970393 -0.0063320199 0)
(0.48761677 -0.002409204 0)
(0.55319015 -0.0005476495 0)
(0.3562588 0.00055297027 0)
(0.37063564 -0.017175493 0)
(0.54075895 -0.0043609193 0)
(0.48881337 -0.0016481726 0)
(0.55455818 -0.00039344724 0)
(0.35712954 0.00038276378 0)
(0.37074481 -0.011456628 0)
(0.5412895 -0.0027862361 0)
(0.48953586 -0.0010342383 0)
(0.55545627 -0.00024490007 0)
(0.35771518 0.00025708834 0)
(0.37072864 -0.0065376476 0)
(0.5415342 -0.0015350499 0)
(0.48993724 -0.0005573858 0)
(0.55599139 -0.00012696993 0)
(0.35807106 0.00014992741 0)
(0.37070001 -0.0021227689 0)
(0.54162717 -0.00048875616 0)
(0.49011487 -0.00017491115 0)
(0.55623979 -3.8585305e-05 0)
(0.3582384 4.9436788e-05 0)
(0.37070002 0.0021228021 0)
(0.54162718 0.00048874155 0)
(0.49011487 0.00017489911 0)
(0.55623979 3.857416e-05 0)
(0.3582384 -4.945181e-05 0)
(0.37072865 0.0065376842 0)
(0.54153421 0.0015350394 0)
(0.48993724 0.00055737589 0)
(0.55599139 0.00012696017 0)
(0.35807106 -0.00014993983 0)
(0.37074485 0.011456664 0)
(0.54128954 0.0027862317 0)
(0.48953587 0.0010342342 0)
(0.55545626 0.00024489357 0)
(0.35771518 -0.00025709658 0)
(0.37063569 0.017175523 0)
(0.54075901 0.0043609189 0)
(0.48881339 0.0016481702 0)
(0.55455817 0.00039344161 0)
(0.35712953 -0.00038276775 0)
(0.37016033 0.023838759 0)
(0.53970402 0.0063320137 0)
(0.4876168 0.0024091956 0)
(0.55319015 0.00054764162 0)
(0.3562588 -0.00055297188 0)
(0.36896004 0.031168984 0)
(0.53777244 0.0085859042 0)
(0.4857389 0.003209053 0)
(0.55121317 0.00061123872 0)
(0.35502705 -0.00083810121 0)
(0.36647846 0.038495168 0)
(0.53450548 0.011021821 0)
(0.48298927 0.0039532501 0)
(0.54849832 0.00050693912 0)
(0.35332866 -0.0014918795 0)
(0.36321394 0.042673784 0)
(0.52943852 0.012106932 0)
(0.47908598 0.0039028613 0)
(0.54458786 3.2021388e-05 0)
(0.35074252 -0.0030048221 0)
(0.35771521 0.051476149 0)
(0.52267344 0.014870171 0)
(0.47453808 0.003906417 0)
(0.53871331 -5.0477947e-05 0)
(0.34709539 -0.0089669581 0)
(0.3214183 0.02745492 0)
(0.48315897 0.0070561689 0)
(0.44635341 0.0015822096 0)
(0.50187862 0.00123541 0)
(0.3318665 -0.0070477132 0)
(0.57475574 0.040437147 0)
(0.39921452 0.031761485 0)
(0.29479784 0.021095195 0)
(0.259419 0.013073489 0)
(0.23977718 0.0087067902 0)
(0.21737025 0.0063774475 0)
(0.1950334 0.0045889112 0)
(0.17678723 0.0028524024 0)
(0.16312236 0.0014067508 0)
(0.15299316 0.00050997757 0)
(0.14532171 0.00010502223 0)
(0.1393425 -2.1100214e-05 0)
(0.13455286 -3.5745727e-05 0)
(0.13062354 -1.5183443e-05 0)
(0.1273308 1.6216754e-05 0)
(0.12451565 4.9737483e-05 0)
(0.122064 7.9685063e-05 0)
(0.11989576 0.00010260189 0)
(0.11795593 0.00011770373 0)
(0.11620669 0.00012604548 0)
(0.11462135 0.00012929965 0)
(0.11318043 0.00012896582 0)
(0.11186948 0.00012611692 0)
(0.11067779 0.00012144839 0)
(0.10959761 0.00011540754 0)
(0.10862342 0.00010830407 0)
(0.10775127 0.00010038105 0)
(0.1069781 9.1841187e-05 0)
(0.10630097 8.2821381e-05 0)
(0.10571638 7.3458562e-05 0)
(0.1052197 6.3959885e-05 0)
(0.104805 5.4599279e-05 0)
(0.10446497 4.568233e-05 0)
(0.10419121 3.7498917e-05 0)
(0.10397462 3.0277976e-05 0)
(0.10380591 2.4159564e-05 0)
(0.10367611 1.9177083e-05 0)
(0.10357706 1.527057e-05 0)
(0.10350168 1.2301539e-05 0)
(0.10344414 1.0099085e-05 0)
(0.10339987 8.4648252e-06 0)
(0.10336538 7.245082e-06 0)
(0.10333822 6.2686478e-06 0)
(0.10331656 5.4791445e-06 0)
(0.10329928 4.7085309e-06 0)
(0.10328539 4.0183409e-06 0)
(0.10327465 3.0674192e-06 0)
(0.10326664 2.0843864e-06 0)
(0.66346644 0.050439822 0)
(0.56926424 0.069448279 0)
(0.50177278 0.067624526 0)
(0.48411802 0.056465056 0)
(0.48062507 0.046810009 0)
(0.47075523 0.040318992 0)
(0.45395292 0.034931788 0)
(0.43516631 0.029256502 0)
(0.41752721 0.023524372 0)
(0.40184917 0.018488625 0)
(0.3879426 0.014532262 0)
(0.37553357 0.0115845 0)
(0.36448152 0.0093993077 0)
(0.35469843 0.0077567531 0)
(0.34607383 0.0065081879 0)
(0.33846867 0.0055527726 0)
(0.33173947 0.0048141744 0)
(0.32575732 0.0042320645 0)
(0.3204143 0.0037607374 0)
(0.31562237 0.0033677161 0)
(0.31131035 0.0030307746 0)
(0.30742104 0.002734574 0)
(0.303909 0.0024681047 0)
(0.30073861 0.002223238 0)
(0.29788232 0.0019940688 0)
(0.29531888 0.001776629 0)
(0.29303154 0.001568709 0)
(0.29100631 0.0013696453 0)
(0.28923027 0.0011800126 0)
(0.28769028 0.0010013166 0)
(0.28637185 0.00083562723 0)
(0.28525847 0.00068512746 0)
(0.28433152 0.00055166827 0)
(0.28357061 0.00043641854 0)
(0.28295437 0.00033964626 0)
(0.28246137 0.00026068718 0)
(0.28207107 0.00019805159 0)
(0.28176465 0.00014966422 0)
(0.28152558 0.00011311449 0)
(0.28133983 8.5992579e-05 0)
(0.28119602 6.6009517e-05 0)
(0.2810849 5.132103e-05 0)
(0.28099954 4.0293091e-05 0)
(0.28093398 3.2028416e-05 0)
(0.28088455 2.5334922e-05 0)
(0.28084656 2.0271605e-05 0)
(0.28081992 1.539955e-05 0)
(0.28079586 9.9951133e-06 0)
(0.66552893 0.032234951 0)
(0.5781538 0.048317232 0)
(0.52633541 0.052833716 0)
(0.5268059 0.050537451 0)
(0.54251992 0.047229701 0)
(0.55082419 0.044572859 0)
(0.54973085 0.041908013 0)
(0.54389738 0.03845669 0)
(0.53691886 0.034359288 0)
(0.52990641 0.030200511 0)
(0.52280447 0.026428291 0)
(0.51549397 0.023178883 0)
(0.50808662 0.020401385 0)
(0.50079301 0.018008625 0)
(0.4937773 0.01593924 0)
(0.48712113 0.014153996 0)
(0.48085052 0.01261867 0)
(0.4749669 0.011297011 0)
(0.46946319 0.010152729 0)
(0.46432854 0.0091531848 0)
(0.45954945 0.0082709351 0)
(0.45511081 0.0074832967 0)
(0.45099717 0.0067713011 0)
(0.44719402 0.0061189784 0)
(0.44368835 0.0055131463 0)
(0.44046889 0.0049435125 0)
(0.43752594 0.0044028677 0)
(0.4348509 0.0038872095 0)
(0.43243566 0.0033956705 0)
(0.43027185 0.0029300964 0)
(0.42834998 0.0024942581 0)
(0.42665876 0.0020928384 0)
(0.42518473 0.0017303355 0)
(0.4239122 0.0014101189 0)
(0.42282367 0.0011337592 0)
(0.42190049 0.00090075717 0)
(0.4211237 0.00070862347 0)
(0.4204748 0.00055333872 0)
(0.41993652 0.00042986429 0)
(0.41949304 0.00033290566 0)
(0.41913066 0.00025722528 0)
(0.41883677 0.00019842303 0)
(0.41860167 0.00015245688 0)
(0.41841431 0.00011680547 0)
(0.41827038 8.8645011e-05 0)
(0.41815425 6.6857681e-05 0)
(0.4180779 5.0644251e-05 0)
(0.41799366 3.3346759e-05 0)
(0.66493633 0.019551733 0)
(0.56946359 0.031161695 0)
(0.51553453 0.037333639 0)
(0.5197462 0.039686096 0)
(0.54226014 0.040181591 0)
(0.55839625 0.03984605 0)
(0.56537047 0.038896378 0)
(0.56757095 0.037192161 0)
(0.56856221 0.034825679 0)
(0.56933688 0.032130302 0)
(0.56963089 0.02943953 0)
(0.56913618 0.026931479 0)
(0.56787103 0.024644771 0)
(0.56604375 0.02256097 0)
(0.56386269 0.020660671 0)
(0.56146331 0.018934442 0)
(0.55892236 0.017373881 0)
(0.55629007 0.015965221 0)
(0.55360803 0.014690081 0)
(0.550913 0.013529031 0)
(0.54823577 0.012464081 0)
(0.54560061 0.011479344 0)
(0.54302625 0.010560774 0)
(0.54052732 0.0096959217 0)
(0.53811555 0.0088740227 0)
(0.53580062 0.0080863658 0)
(0.53359059 0.0073267684 0)
(0.53149218 0.0065919844 0)
(0.52951098 0.0058818891 0)
(0.52765149 0.0051993124 0)
(0.52591699 0.0045494418 0)
(0.52430939 0.0039388543 0)
(0.522829 0.0033742893 0)
(0.5214745 0.0028614494 0)
(0.52024303 0.0024040159 0)
(0.51913045 0.0020031357 0)
(0.51813176 0.0016573204 0)
(0.51724135 0.0013629111 0)
(0.51645367 0.0011146635 0)
(0.51576259 0.00090666831 0)
(0.51516313 0.00073295649 0)
(0.51464775 0.00058804303 0)
(0.51421372 0.0004676441 0)
(0.51384727 0.00036708964 0)
(0.51355632 0.00028606845 0)
(0.51330219 0.00021596198 0)
(0.51314062 0.00016964732 0)
(0.51293406 0.00011253745 0)
(0.66606958 0.012585513 0)
(0.56553576 0.021370568 0)
(0.50738526 0.027222292 0)
(0.50971522 0.030647536 0)
(0.5322395 0.032281495 0)
(0.54952552 0.032730212 0)
(0.55839487 0.03243814 0)
(0.56306209 0.031575375 0)
(0.5670557 0.030238867 0)
(0.57130037 0.028591817 0)
(0.57538024 0.026829852 0)
(0.57880847 0.025095729 0)
(0.5814638 0.023452705 0)
(0.58347312 0.02191313 0)
(0.58500362 0.020474305 0)
(0.58616626 0.019134359 0)
(0.58701844 0.017891628 0)
(0.58759542 0.016740814 0)
(0.58792989 0.015672462 0)
(0.58805561 0.014675037 0)
(0.58800439 0.013737033 0)
(0.58780368 0.012847939 0)
(0.58747633 0.011998343 0)
(0.5870415 0.011179822 0)
(0.5865156 0.010385024 0)
(0.58591304 0.009608014 0)
(0.58524666 0.0088447993 0)
(0.58452812 0.0080938448 0)
(0.58376815 0.0073564048 0)
(0.58297684 0.0066365126 0)
(0.58216372 0.0059405142 0)
(0.58133778 0.0052761678 0)
(0.58050732 0.0046514091 0)
(0.57968002 0.0040730765 0)
(0.578863 0.0035458256 0)
(0.5780629 0.0030715499 0)
(0.57728635 0.0026493317 0)
(0.57653969 0.0022758754 0)
(0.57582993 0.0019465262 0)
(0.57516268 0.0016556423 0)
(0.57454593 0.0013988752 0)
(0.57398106 0.0011703886 0)
(0.57347999 0.00097049373 0)
(0.57302892 0.00078996525 0)
(0.57265996 0.0006417933 0)
(0.57230904 0.00049729041 0)
(0.57209194 0.00040858537 0)
(0.57177742 0.00027773167 0)
(0.66745322 0.0085462549 0)
(0.56447878 0.015183925 0)
(0.50345674 0.019964531 0)
(0.50359879 0.023062805 0)
(0.52474049 0.024778311 0)
(0.54124583 0.025458789 0)
(0.54980517 0.025466226 0)
(0.55454825 0.025031828 0)
(0.55898657 0.024266018 0)
(0.56404717 0.023257987 0)
(0.56927757 0.022115681 0)
(0.57411406 0.02093918 0)
(0.57835433 0.019791393 0)
(0.58206574 0.018698261 0)
(0.58537828 0.01766587 0)
(0.58837706 0.016694619 0)
(0.59109675 0.015783664 0)
(0.59355123 0.014930135 0)
(0.59575448 0.014128415 0)
(0.59772503 0.013370952 0)
(0.59948255 0.012649666 0)
(0.60104454 0.011956903 0)
(0.60242527 0.011285739 0)
(0.60363634 0.010629977 0)
(0.6046875 0.0099841837 0)
(0.60558733 0.0093439436 0)
(0.60634364 0.0087063222 0)
(0.60696382 0.0080704091 0)
(0.6074552 0.0074377433 0)
(0.60782536 0.0068124409 0)
(0.60808234 0.0062008676 0)
(0.60823467 0.0056108291 0)
(0.60829129 0.0050503618 0)
(0.60826142 0.0045263861 0)
(0.60815456 0.0040435601 0)
(0.6079804 0.003603536 0)
(0.60774922 0.0032050896 0)
(0.60747131 0.0028442315 0)
(0.60715845 0.0025162872 0)
(0.60682087 0.0022146738 0)
(0.60647289 0.0019370485 0)
(0.60612061 0.0016754689 0)
(0.60578483 0.0014377185 0)
(0.6054547 0.0012061971 0)
(0.60517524 0.0010149174 0)
(0.60488089 0.00080639614 0)
(0.60470341 0.00068643122 0)
(0.60441167 0.00047939746 0)
(0.66858829 0.0058371899 0)
(0.5643342 0.010619163 0)
(0.50153656 0.014206479 0)
(0.50016509 0.016665327 0)
(0.52015594 0.018161077 0)
(0.53578323 0.018878181 0)
(0.54370063 0.019045753 0)
(0.54800081 0.018854679 0)
(0.55217246 0.018412523 0)
(0.55714611 0.017784346 0)
(0.56247255 0.017034819 0)
(0.56757089 0.016231398 0)
(0.57220723 0.015427005 0)
(0.57641923 0.014651049 0)
(0.58031714 0.013914544 0)
(0.58397398 0.013219839 0)
(0.58741473 0.012566516 0)
(0.59064337 0.011952709 0)
(0.59366388 0.011374817 0)
(0.59648562 0.010827687 0)
(0.59912019 0.010305422 0)
(0.60157787 0.0098021704 0)
(0.60386622 0.0093125385 0)
(0.60599047 0.0088316834 0)
(0.6079543 0.0083553279 0)
(0.60976049 0.0078799073 0)
(0.61141133 0.0074029166 0)
(0.61290895 0.006923399 0)
(0.61425575 0.0064424088 0)
(0.61545483 0.0059632523 0)
(0.6165104 0.0054913226 0)
(0.61742794 0.005033446 0)
(0.61821423 0.0045968019 0)
(0.61887712 0.0041875976 0)
(0.61942537 0.0038099515 0)
(0.61986823 0.0034649468 0)
(0.6202155 0.0031509533 0)
(0.6204768 0.0028631643 0)
(0.62066262 0.0025968114 0)
(0.6207822 0.0023439219 0)
(0.62084743 0.0021036567 0)
(0.62086525 0.0018651392 0)
(0.62085152 0.0016423117 0)
(0.62080476 0.0014094036 0)
(0.62075331 0.0012174255 0)
(0.62067 0.0009864935 0)
(0.62062153 0.00086116848 0)
(0.62051104 0.00061523174 0)
(0.66939106 0.0038085389 0)
(0.56442367 0.0070036627 0)
(0.50055197 0.0094770726 0)
(0.49822639 0.011247332 0)
(0.51744541 0.012397333 0)
(0.53242928 0.013014511 0)
(0.53982755 0.013226269 0)
(0.54372471 0.013162839 0)
(0.54758845 0.012912099 0)
(0.55233841 0.01252587 0)
(0.55752551 0.012046001 0)
(0.56256622 0.011515753 0)
(0.56721525 0.010973398 0)
(0.57149559 0.010444087 0)
(0.57550667 0.0099394609 0)
(0.57931611 0.0094629747 0)
(0.58294636 0.0090148176 0)
(0.58639918 0.0085939231 0)
(0.58967587 0.0081981236 0)
(0.59278294 0.0078241282 0)
(0.59572944 0.0074679275 0)
(0.59852332 0.0071253679 0)
(0.60117 0.0067925443 0)
(0.60367251 0.0064659312 0)
(0.60603229 0.0061423846 0)
(0.60824977 0.0058192019 0)
(0.61032476 0.0054943503 0)
(0.61225672 0.0051668515 0)
(0.61404528 0.0048372016 0)
(0.61569072 0.0045076465 0)
(0.61719461 0.0041821435 0)
(0.61856025 0.0038658974 0)
(0.61979277 0.0035645214 0)
(0.62089905 0.0032829039 0)
(0.62188729 0.0030242753 0)
(0.62276641 0.0027892204 0)
(0.6235454 0.0025761016 0)
(0.62423283 0.0023801696 0)
(0.62483617 0.0021971738 0)
(0.62536256 0.0020190168 0)
(0.62581682 0.0018456989 0)
(0.62620648 0.0016653693 0)
(0.62653201 0.0014936139 0)
(0.62680775 0.0013024998 0)
(0.62702141 0.001146033 0)
(0.62721244 0.00094191878 0)
(0.62732491 0.00083640067 0)
(0.62747832 0.00060772287 0)
(0.66989107 0.0021563736 0)
(0.56454025 0.0039865738 0)
(0.50006082 0.0054351371 0)
(0.49717637 0.0065030369 0)
(0.51592379 0.0072241911 0)
(0.53049653 0.0076346879 0)
(0.53755164 0.0077971253 0)
(0.54117876 0.007785753 0)
(0.54483276 0.0076571987 0)
(0.54941901 0.0074458904 0)
(0.55448285 0.0071764145 0)
(0.55943881 0.0068728059 0)
(0.56403661 0.006557587 0)
(0.56829128 0.0062470677 0)
(0.57229523 0.0059497446 0)
(0.5761125 0.0056685809 0)
(0.57976455 0.0054040186 0)
(0.58325302 0.0051555798 0)
(0.58657899 0.0049221598 0)
(0.58974865 0.0047019845 0)
(0.59277079 0.0044927833 0)
(0.59565337 0.0042921259 0)
(0.59840189 0.0040976919 0)
(0.60101948 0.0039073721 0)
(0.60350759 0.0037192644 0)
(0.60586655 0.0035316916 0)
(0.60809589 0.003343329 0)
(0.61019457 0.0031534527 0)
(0.61216147 0.0029622294 0)
(0.61399593 0.0027709301 0)
(0.6156986 0.0025819462 0)
(0.61727197 0.0023985185 0)
(0.61872079 0.0022242112 0)
(0.62005192 0.0020621481 0)
(0.6212739 0.0019143988 0)
(0.62239615 0.001781226 0)
(0.62342765 0.0016614438 0)
(0.62437686 0.001551569 0)
(0.6252489 0.0014486599 0)
(0.62604988 0.0013466329 0)
(0.6267775 0.0012457456 0)
(0.62744086 0.0011367606 0)
(0.62802348 0.0010316466 0)
(0.62855644 0.00090892047 0)
(0.62898345 0.00080916381 0)
(0.6294106 0.00067118679 0)
(0.62965793 0.00060231377 0)
(0.63005195 0.00044251957 0)
(0.67012966 0.00069872567 0)
(0.5646119 0.0012949385 0)
(0.49985812 0.0017721519 0)
(0.49671444 0.0021290566 0)
(0.51523681 0.002374215 0)
(0.52960876 0.0025172018 0)
(0.53649399 0.0025768268 0)
(0.53998777 0.0025771572 0)
(0.54353948 0.0025376258 0)
(0.54804576 0.0024702947 0)
(0.55304723 0.0023833418 0)
(0.5579569 0.0022844477 0)
(0.56252239 0.0021809759 0)
(0.56675502 0.0020785108 0)
(0.57074355 0.0019801275 0)
(0.57454984 0.0018869769 0)
(0.57819471 0.0017992746 0)
(0.58167979 0.0017168946 0)
(0.58500626 0.0016395055 0)
(0.58818037 0.0015665562 0)
(0.59121106 0.0014973212 0)
(0.59410659 0.0014310104 0)
(0.59687284 0.001366862 0)
(0.59951339 0.0013041799 0)
(0.60203011 0.0012423313 0)
(0.60442372 0.0011807505 0)
(0.60669402 0.0011189801 0)
(0.60884018 0.0010567567 0)
(0.61086109 0.00099411405 0)
(0.61275603 0.00093146236 0)
(0.6145255 0.00086960102 0)
(0.61617195 0.00080962986 0)
(0.61770022 0.00075277077 0)
(0.61911753 0.00070009836 0)
(0.62043287 0.00065232706 0)
(0.62165633 0.00060952951 0)
(0.62279715 0.00057127676 0)
(0.62386412 0.00053629269 0)
(0.62486122 0.00050352749 0)
(0.62579439 0.00047072299 0)
(0.62665715 0.00043800903 0)
(0.62746003 0.00040190177 0)
(0.62817596 0.00036685853 0)
(0.6288466 0.00032484216 0)
(0.62938827 0.00029084266 0)
(0.62994746 0.00024234073 0)
(0.63026893 0.00021857159 0)
(0.63080175 0.000161467 0)
(0.67012966 -0.00069875929 0)
(0.56461189 -0.0012949815 0)
(0.49985812 -0.0017721988 0)
(0.49671444 -0.0021291051 0)
(0.51523681 -0.0023742661 0)
(0.52960875 -0.0025172568 0)
(0.53649399 -0.0025768856 0)
(0.53998777 -0.0025772179 0)
(0.54353948 -0.002537686 0)
(0.54804575 -0.0024703519 0)
(0.55304723 -0.0023833943 0)
(0.5579569 -0.002284495 0)
(0.56252239 -0.0021810178 0)
(0.56675502 -0.0020785477 0)
(0.57074355 -0.0019801597 0)
(0.57454984 -0.0018870048 0)
(0.57819471 -0.0017992984 0)
(0.58167979 -0.0017169144 0)
(0.58500627 -0.0016395215 0)
(0.58818037 -0.0015665685 0)
(0.59121107 -0.0014973302 0)
(0.5941066 -0.0014310167 0)
(0.59687285 -0.0013668663 0)
(0.5995134 -0.0013041832 0)
(0.60203012 -0.0012423347 0)
(0.60442372 -0.0011807552 0)
(0.60669403 -0.0011189874 0)
(0.60884019 -0.0010567678 0)
(0.61086109 -0.00099413004 0)
(0.61275603 -0.00093148415 0)
(0.6145255 -0.0008696291 0)
(0.61617196 -0.0008096641 0)
(0.61770022 -0.00075281026 0)
(0.61911753 -0.00070014127 0)
(0.62043287 -0.00065237075 0)
(0.62165633 -0.00060957069 0)
(0.62279716 -0.00057131204 0)
(0.62386412 -0.00053631889 0)
(0.62486122 -0.00050354239 0)
(0.62579439 -0.00047072554 0)
(0.62665715 -0.00043799957 0)
(0.62746002 -0.00040188225 0)
(0.62817595 -0.00036683111 0)
(0.62884659 -0.00032481089 0)
(0.62938826 -0.00029080848 0)
(0.62994745 -0.00024230994 0)
(0.63026892 -0.00021854108 0)
(0.63080174 -0.00016144731 0)
(0.66989105 -0.0021564027 0)
(0.56454024 -0.0039866125 0)
(0.50006082 -0.0054351806 0)
(0.49717636 -0.006503083 0)
(0.51592379 -0.0072242405 0)
(0.53049652 -0.0076347416 0)
(0.53755163 -0.0077971831 0)
(0.54117875 -0.0077858133 0)
(0.54483275 -0.0076572591 0)
(0.54941901 -0.0074459485 0)
(0.55448284 -0.0071764685 0)
(0.5594388 -0.0068728549 0)
(0.56403661 -0.0065576309 0)
(0.56829128 -0.0062471066 0)
(0.57229524 -0.005949779 0)
(0.57611251 -0.0056686109 0)
(0.57976456 -0.0054040445 0)
(0.58325303 -0.0051556015 0)
(0.58657901 -0.0049221775 0)
(0.58974867 -0.0047019983 0)
(0.59277081 -0.0044927935 0)
(0.59565339 -0.0042921331 0)
(0.59840191 -0.0040976968 0)
(0.6010195 -0.0039073756 0)
(0.60350761 -0.0037192677 0)
(0.60586658 -0.0035316958 0)
(0.60809591 -0.0033433355 0)
(0.6101946 -0.0031534628 0)
(0.61216149 -0.0029622443 0)
(0.61399595 -0.0027709508 0)
(0.61569862 -0.0025819732 0)
(0.61727199 -0.0023985518 0)
(0.6187208 -0.0022242497 0)
(0.62005194 -0.0020621899 0)
(0.62127391 -0.001914441 0)
(0.62239616 -0.0017812651 0)
(0.62342766 -0.0016614764 0)
(0.62437687 -0.0015515918 0)
(0.6252489 -0.0014486707 0)
(0.62604987 -0.0013466309 0)
(0.62677748 -0.0012457314 0)
(0.62744084 -0.0011367365 0)
(0.62802346 -0.0010316152 0)
(0.62855641 -0.00090888602 0)
(0.62898342 -0.00080912769 0)
(0.62941057 -0.00067115516 0)
(0.62965789 -0.00060228327 0)
(0.63005192 -0.00044250085 0)
(0.66939103 -0.0038085612 0)
(0.56442366 -0.0070036947 0)
(0.50055196 -0.0094771104 0)
(0.49822639 -0.011247374 0)
(0.51744541 -0.012397379 0)
(0.53242927 -0.013014562 0)
(0.53982754 -0.013226324 0)
(0.54372469 -0.013162898 0)
(0.54758843 -0.012912159 0)
(0.5523384 -0.012525929 0)
(0.5575255 -0.012046057 0)
(0.56256622 -0.011515805 0)
(0.56721524 -0.010973445 0)
(0.5714956 -0.010444129 0)
(0.57550668 -0.0099394993 0)
(0.57931612 -0.0094630088 0)
(0.58294638 -0.0090148474 0)
(0.5863992 -0.0085939486 0)
(0.5896759 -0.0081981447 0)
(0.59278297 -0.0078241451 0)
(0.59572947 -0.0074679404 0)
(0.59852336 -0.0071253772 0)
(0.60117004 -0.0067925507 0)
(0.60367255 -0.0064659356 0)
(0.60603233 -0.006142388 0)
(0.60824981 -0.0058192056 0)
(0.61032479 -0.0054943556 0)
(0.61225676 -0.0051668599 0)
(0.61404531 -0.0048372143 0)
(0.61569075 -0.0045076648 0)
(0.61719464 -0.004182168 0)
(0.61856027 -0.003865928 0)
(0.61979279 -0.0035645569 0)
(0.62089907 -0.0032829423 0)
(0.6218873 -0.0030243134 0)
(0.62276642 -0.0027892544 0)
(0.6235454 -0.0025761279 0)
(0.62423282 -0.002380185 0)
(0.62483615 -0.0021971764 0)
(0.62536254 -0.0020190062 0)
(0.62581678 -0.0018456764 0)
(0.62620644 -0.0016653376 0)
(0.62653196 -0.0014935763 0)
(0.6268077 -0.0013024608 0)
(0.62702136 -0.0011459947 0)
(0.62721239 -0.00094188698 0)
(0.62732486 -0.00083637176 0)
(0.62747828 -0.00060770698 0)
(0.66858827 -0.0058372031 0)
(0.5643342 -0.010619185 0)
(0.50153656 -0.014206509 0)
(0.5001651 -0.016665362 0)
(0.52015594 -0.018161118 0)
(0.53578323 -0.018878227 0)
(0.54370062 -0.019045804 0)
(0.5480008 -0.018854735 0)
(0.55217245 -0.018412582 0)
(0.5571461 -0.017784405 0)
(0.56247255 -0.017034877 0)
(0.56757089 -0.016231453 0)
(0.57220723 -0.015427056 0)
(0.57641924 -0.014651097 0)
(0.58031715 -0.013914587 0)
(0.58397399 -0.013219878 0)
(0.58741475 -0.012566551 0)
(0.59064339 -0.01195274 0)
(0.59366391 -0.011374843 0)
(0.59648565 -0.010827708 0)
(0.59912023 -0.010305439 0)
(0.60157791 -0.0098021829 0)
(0.60386627 -0.0093125475 0)
(0.60599052 -0.0088316895 0)
(0.60795435 -0.008355332 0)
(0.60976054 -0.0078799107 0)
(0.61141138 -0.0074029205 0)
(0.612909 -0.0069234049 0)
(0.61425579 -0.0064424182 0)
(0.61545487 -0.0059632664 0)
(0.61651043 -0.0054913422 0)
(0.61742796 -0.005033471 0)
(0.61821425 -0.0045968311 0)
(0.61887713 -0.0041876287 0)
(0.61942538 -0.0038099812 0)
(0.61986823 -0.0034649712 0)
(0.62021548 -0.003150969 0)
(0.62047677 -0.0028631683 0)
(0.62066259 -0.0025968026 0)
(0.62078216 -0.0023439004 0)
(0.62084737 -0.0021036246 0)
(0.62086519 -0.0018650997 0)
(0.62085145 -0.0016422689 0)
(0.62080469 -0.0014093618 0)
(0.62075325 -0.0012173876 0)
(0.62066994 -0.00098646404 0)
(0.62062147 -0.00086114431 0)
(0.620511 -0.00061522142 0)
(0.66745321 -0.0085462617 0)
(0.5644788 -0.015183938 0)
(0.50345676 -0.019964552 0)
(0.50359881 -0.023062834 0)
(0.52474051 -0.024778346 0)
(0.54124585 -0.02545883 0)
(0.54980518 -0.025466272 0)
(0.55454825 -0.025031879 0)
(0.55898657 -0.024266073 0)
(0.56404717 -0.023258044 0)
(0.56927757 -0.022115739 0)
(0.57411406 -0.020939237 0)
(0.57835434 -0.019791448 0)
(0.58206575 -0.018698314 0)
(0.58537829 -0.017665919 0)
(0.58837707 -0.016694664 0)
(0.59109677 -0.015783704 0)
(0.59355126 -0.014930171 0)
(0.59575451 -0.014128446 0)
(0.59772506 -0.013370978 0)
(0.59948259 -0.012649688 0)
(0.60104458 -0.01195692 0)
(0.60242532 -0.011285751 0)
(0.60363639 -0.010629986 0)
(0.60468755 -0.0099841894 0)
(0.60558738 -0.0093439472 0)
(0.60634369 -0.0087063248 0)
(0.60696387 -0.008070412 0)
(0.60745524 -0.0074377479 0)
(0.60782539 -0.0068124486 0)
(0.60808236 -0.0062008791 0)
(0.60823469 -0.0056108445 0)
(0.6082913 -0.0050503798 0)
(0.60826141 -0.0045264046 0)
(0.60815454 -0.004043576 0)
(0.60798037 -0.0036035459 0)
(0.60774917 -0.0032050905 0)
(0.60747125 -0.0028442215 0)
(0.60715838 -0.002516266 0)
(0.60682079 -0.0022146423 0)
(0.60647281 -0.0019370095 0)
(0.60612053 -0.0016754257 0)
(0.60578476 -0.0014376755 0)
(0.60545463 -0.0012061577 0)
(0.60517519 -0.0010148847 0)
(0.60488084 -0.00080637332 0)
(0.60470337 -0.00068641596 0)
(0.60441165 -0.00047939507 0)
(0.66606959 -0.012585513 0)
(0.56553578 -0.021370572 0)
(0.50738529 -0.027222304 0)
(0.50971526 -0.030647557 0)
(0.53223953 -0.032281523 0)
(0.54952555 -0.032730245 0)
(0.55839489 -0.032438178 0)
(0.56306211 -0.031575418 0)
(0.56705571 -0.030238915 0)
(0.57130038 -0.02859187 0)
(0.57538024 -0.026829908 0)
(0.57880847 -0.025095786 0)
(0.58146381 -0.023452762 0)
(0.58347312 -0.021913185 0)
(0.58500363 -0.020474357 0)
(0.58616628 -0.019134408 0)
(0.58701846 -0.017891672 0)
(0.58759543 -0.016740854 0)
(0.58792991 -0.015672498 0)
(0.58805564 -0.014675068 0)
(0.58800441 -0.013737059 0)
(0.5878037 -0.01284796 0)
(0.58747636 -0.011998359 0)
(0.58704153 -0.011179834 0)
(0.58651563 -0.010385031 0)
(0.58591307 -0.0096080179 0)
(0.58524669 -0.0088448003 0)
(0.58452815 -0.0080938441 0)
(0.58376817 -0.0073564034 0)
(0.58297685 -0.006636512 0)
(0.58216373 -0.0059405151 0)
(0.58133777 -0.0052761704 0)
(0.5805073 -0.0046514125 0)
(0.57967999 -0.0040730789 0)
(0.57886296 -0.0035458246 0)
(0.57806285 -0.0030715433 0)
(0.57728629 -0.0026493175 0)
(0.57653962 -0.0022758529 0)
(0.57582985 -0.0019464959 0)
(0.5751626 -0.0016556061 0)
(0.57454585 -0.0013988358 0)
(0.573981 -0.0011703491 0)
(0.57347993 -0.00097045769 0)
(0.57302887 -0.00078993501 0)
(0.57265993 -0.00064177149 0)
(0.57230902 -0.00049727797 0)
(0.57209193 -0.00040858143 0)
(0.57177743 -0.0002777376 0)
(0.66493635 -0.019551734 0)
(0.56946363 -0.031161697 0)
(0.51553458 -0.037333645 0)
(0.51974624 -0.039686109 0)
(0.54226018 -0.040181609 0)
(0.55839629 -0.039846074 0)
(0.5653705 -0.038896407 0)
(0.56757097 -0.037192196 0)
(0.56856223 -0.034825719 0)
(0.5693369 -0.032130348 0)
(0.56963091 -0.029439581 0)
(0.56913619 -0.026931532 0)
(0.56787104 -0.024644826 0)
(0.56604375 -0.022561024 0)
(0.56386269 -0.020660723 0)
(0.5614633 -0.01893449 0)
(0.55892235 -0.017373925 0)
(0.55629006 -0.015965261 0)
(0.55360802 -0.014690116 0)
(0.55091299 -0.013529061 0)
(0.54823576 -0.012464108 0)
(0.54560059 -0.011479366 0)
(0.54302624 -0.010560791 0)
(0.5405273 -0.0096959344 0)
(0.53811554 -0.0088740308 0)
(0.53580061 -0.0080863692 0)
(0.53359058 -0.0073267678 0)
(0.53149216 -0.0065919804 0)
(0.52951097 -0.0058818829 0)
(0.52765147 -0.005199305 0)
(0.52591697 -0.004549434 0)
(0.52430936 -0.0039388462 0)
(0.52282897 -0.0033742805 0)
(0.52147446 -0.0028614387 0)
(0.52024299 -0.0024040019 0)
(0.5191304 -0.0020031173 0)
(0.51813171 -0.0016572971 0)
(0.51724129 -0.0013628832 0)
(0.51645362 -0.0011146324 0)
(0.51576255 -0.00090663565 0)
(0.51516309 -0.0007329248 0)
(0.51464773 -0.00058801429 0)
(0.51421371 -0.00046762071 0)
(0.51384727 -0.00036707245 0)
(0.51355634 -0.00028605926 0)
(0.51330221 -0.0002159599 0)
(0.51314066 -0.00016965237 0)
(0.51293409 -0.00011254821 0)
(0.66552895 -0.032234958 0)
(0.57815384 -0.048317237 0)
(0.52633545 -0.05283372 0)
(0.52680594 -0.050537458 0)
(0.54251997 -0.047229712 0)
(0.55082424 -0.044572873 0)
(0.54973088 -0.041908033 0)
(0.54389741 -0.038456715 0)
(0.53691889 -0.034359319 0)
(0.52990643 -0.030200547 0)
(0.52280448 -0.026428332 0)
(0.51549397 -0.023178927 0)
(0.50808661 -0.02040143 0)
(0.50079299 -0.018008669 0)
(0.49377727 -0.015939282 0)
(0.48712109 -0.014154035 0)
(0.48085047 -0.012618706 0)
(0.47496684 -0.011297043 0)
(0.46946312 -0.010152758 0)
(0.46432847 -0.0091532103 0)
(0.45954938 -0.0082709574 0)
(0.45511073 -0.0074833156 0)
(0.4509971 -0.0067713164 0)
(0.44719395 -0.0061189896 0)
(0.44368828 -0.0055131533 0)
(0.44046883 -0.0049435152 0)
(0.43752587 -0.0044028665 0)
(0.43485084 -0.0038872048 0)
(0.4324356 -0.0033956635 0)
(0.4302718 -0.0029300874 0)
(0.42834993 -0.002494248 0)
(0.42665872 -0.002092827 0)
(0.42518468 -0.0017303228 0)
(0.42391216 -0.0014101043 0)
(0.42282364 -0.0011337425 0)
(0.42190046 -0.000900738 0)
(0.42112368 -0.00070860241 0)
(0.42047478 -0.00055331631 0)
(0.41993651 -0.00042984192 0)
(0.41949304 -0.00033288444 0)
(0.41913068 -0.00025720672 0)
(0.4188368 -0.00019840792 0)
(0.41860171 -0.00015244629 0)
(0.41841436 -0.00011679944 0)
(0.41827043 -8.8644036e-05 0)
(0.41815431 -6.6860642e-05 0)
(0.41807796 -5.0651044e-05 0)
(0.41799371 -3.33557e-05 0)
(0.66346644 -0.050439838 0)
(0.56926425 -0.069448288 0)
(0.50177281 -0.067624531 0)
(0.48411805 -0.05646506 0)
(0.4806251 -0.046810015 0)
(0.47075526 -0.040319 0)
(0.45395295 -0.034931801 0)
(0.43516633 -0.029256519 0)
(0.41752723 -0.023524394 0)
(0.40184918 -0.01848865 0)
(0.38794259 -0.01453229 0)
(0.37553356 -0.011584529 0)
(0.36448149 -0.0093993366 0)
(0.35469838 -0.0077567811 0)
(0.34607377 -0.0065082144 0)
(0.3384686 -0.0055527975 0)
(0.33173938 -0.0048141976 0)
(0.32575723 -0.0042320861 0)
(0.3204142 -0.0037607573 0)
(0.31562227 -0.0033677344 0)
(0.31131024 -0.0030307911 0)
(0.30742094 -0.0027345885 0)
(0.30390889 -0.0024681169 0)
(0.3007385 -0.0022232477 0)
(0.29788222 -0.0019940757 0)
(0.29531879 -0.0017766333 0)
(0.29303146 -0.0015687108 0)
(0.29100623 -0.001369645 0)
(0.2892302 -0.0011800106 0)
(0.28769023 -0.0010013132 0)
(0.2863718 -0.00083562251 0)
(0.28525844 -0.0006851217 0)
(0.28433149 -0.00055166138 0)
(0.28357059 -0.00043641065 0)
(0.28295436 -0.00033963729 0)
(0.28246137 -0.00026067741 0)
(0.28207108 -0.00019804122 0)
(0.28176467 -0.00014965375 0)
(0.28152561 -0.00011310432 0)
(0.28133987 -8.5983326e-05 0)
(0.28119607 -6.6001527e-05 0)
(0.28108496 -5.1314743e-05 0)
(0.2809996 -4.0288737e-05 0)
(0.28093404 -3.2026109e-05 0)
(0.28088461 -2.5334677e-05 0)
(0.28084662 -2.0272746e-05 0)
(0.28081997 -1.540159e-05 0)
(0.28079591 -9.9981467e-06 0)
(0.57475574 -0.040437156 0)
(0.39921452 -0.031761488 0)
(0.29479784 -0.021095194 0)
(0.25941899 -0.013073487 0)
(0.23977718 -0.0087067897 0)
(0.21737025 -0.0063774499 0)
(0.19503341 -0.004588916 0)
(0.17678724 -0.0028524088 0)
(0.16312236 -0.0014067582 0)
(0.15299316 -0.00050998541 0)
(0.14532169 -0.00010503022 0)
(0.13934248 2.1092203e-05 0)
(0.13455283 3.5737777e-05 0)
(0.1306235 1.5175546e-05 0)
(0.12733076 -1.6224558e-05 0)
(0.1245156 -4.974521e-05 0)
(0.12206395 -7.9692654e-05 0)
(0.1198957 -0.00010260935 0)
(0.11795587 -0.00011771099 0)
(0.11620663 -0.00012605252 0)
(0.11462129 -0.00012930632 0)
(0.11318037 -0.00012897211 0)
(0.11186942 -0.00012612265 0)
(0.11067773 -0.00012145356 0)
(0.10959756 -0.00011541197 0)
(0.10862337 -0.00010830783 0)
(0.10775123 -0.00010038404 0)
(0.10697806 -9.1843569e-05 0)
(0.10630094 -8.2823062e-05 0)
(0.10571635 -7.3459755e-05 0)
(0.10521968 -6.3960495e-05 0)
(0.10480498 -5.4599534e-05 0)
(0.10446496 -4.5682109e-05 0)
(0.10419121 -3.7498411e-05 0)
(0.10397462 -3.0277052e-05 0)
(0.10380591 -2.4158402e-05 0)
(0.10367612 -1.9175538e-05 0)
(0.10357707 -1.5268825e-05 0)
(0.1035017 -1.2299516e-05 0)
(0.10344416 -1.0097023e-05 0)
(0.10339989 -8.46268e-06 0)
(0.10336541 -7.2431424e-06 0)
(0.10333825 -6.2669838e-06 0)
(0.10331659 -5.4779265e-06 0)
(0.10329931 -4.7076771e-06 0)
(0.10328542 -4.0175985e-06 0)
(0.10327468 -3.0666722e-06 0)
(0.10326666 -2.0843157e-06 0)
)
;

boundaryField
{
    inlet
    {
        type            fixedValue;
        value           uniform (0.5 0 0);
    }
    outlet
    {
        type            zeroGradient;
    }
    top
    {
        type            noSlip;
    }
    bottom
    {
        type            noSlip;
    }
    frontAndBack
    {
        type            empty;
    }
}


// ************************************************************************* //
