/*--------------------------------*- C++ -*----------------------------------*\
| =========                 |                                                 |
| \\      /  F ield         | OpenFOAM: The Open Source CFD Toolbox           |
|  \\    /   O peration     | Version:  2512                                  |
|   \\  /    A nd           | Website:  www.openfoam.com                      |
|    \\/     M anipulation  |                                                 |
\*---------------------------------------------------------------------------*/
FoamFile
{
    version     2.0;
    format      ascii;
    arch        "LSB;label=32;scalar=64";
    class       volVectorField;
    location    "4.3";
    object      cellDisplacement;
}
// * * * * * * * * * * * * * * * * * * * * * * * * * * * * * * * * * * * * * //

dimensions      [0 1 0 0 0 0 0];

internalField   nonuniform List<vector> 
1920
(
(3.5250554e-08 1.7595844e-11 0)
(1.0660326e-07 5.4700469e-11 0)
(1.8052914e-07 9.7833404e-11 0)
(2.5881181e-07 1.5166626e-10 0)
(3.4333966e-07 2.2191111e-10 0)
(4.3615156e-07 3.1586869e-10 0)
(5.3948572e-07 4.4314979e-10 0)
(6.5583399e-07 6.1659396e-10 0)
(7.8800152e-07 8.5352258e-10 0)
(9.3917489e-07 1.1773963e-09 0)
(1.1129982e-06 1.6200889e-09 0)
(1.3136618e-06 2.2249411e-09 0)
(1.5460021e-06 3.0509439e-09 0)
(1.8156195e-06 4.1783946e-09 0)
(2.1290115e-06 5.7166271e-09 0)
(2.4937313e-06 7.8145027e-09 0)
(2.9185676e-06 1.0674716e-08 0)
(3.4137586e-06 1.4573256e-08 0)
(3.9912357e-06 1.9885905e-08 0)
(4.6649139e-06 2.7124338e-08 0)
(5.4510232e-06 3.6985241e-08 0)
(6.3685034e-06 5.0417296e-08 0)
(7.4394544e-06 6.8712278e-08 0)
(8.6896732e-06 9.3629443e-08 0)
(1.0149267e-05 1.2756468e-07 0)
(1.1853383e-05 1.7378178e-07 0)
(1.384304e-05 2.3672721e-07 0)
(1.6166121e-05 3.2246134e-07 0)
(1.88785e-05 4.3924632e-07 0)
(2.2045383e-05 5.983543e-07 0)
(2.5742829e-05 8.1517333e-07 0)
(3.0059556e-05 1.1107359e-06 0)
(3.5098979e-05 1.5138263e-06 0)
(4.0981613e-05 2.0639204e-06 0)
(4.7847787e-05 2.8152947e-06 0)
(5.5860788e-05 3.8428587e-06 0)
(6.5210442e-05 5.2505125e-06 0)
(7.6117202e-05 7.1834022e-06 0)
(8.8837036e-05 9.8463364e-06 0)
(0.00010366745 1.3532581e-05 0)
(0.00012095677 1.8671335e-05 0)
(0.00014112149 2.5912505e-05 0)
(0.00016469662 3.629675e-05 0)
(0.00019247998 5.1653675e-05 0)
(0.00022612123 7.5734415e-05 0)
(0.00027049781 0.00011809042 0)
(0.00034421015 0.00020950041 0)
(0.00052539483 0.00046470039 0)
(1.048861e-07 5.0747509e-11 0)
(3.1719171e-07 1.5793901e-10 0)
(5.371539e-07 2.8263113e-10 0)
(7.7007965e-07 4.3837049e-10 0)
(1.0215883e-06 6.417098e-10 0)
(1.297746e-06 9.1384566e-10 0)
(1.6052136e-06 1.282647e-09 0)
(1.9514051e-06 1.7853864e-09 0)
(2.3446687e-06 2.4723087e-09 0)
(2.7944858e-06 3.4115135e-09 0)
(3.3117018e-06 4.6954815e-09 0)
(3.9087851e-06 6.4500156e-09 0)
(4.6001307e-06 8.8463062e-09 0)
(5.4024032e-06 1.2117432e-08 0)
(6.3349435e-06 1.6580725e-08 0)
(7.4202292e-06 2.2668304e-08 0)
(8.6844233e-06 3.0968555e-08 0)
(1.0157997e-05 4.2282689e-08 0)
(1.1876474e-05 5.7701698e-08 0)
(1.3881276e-05 7.871118e-08 0)
(1.6220733e-05 1.0733413e-07 0)
(1.8951236e-05 1.4632538e-07 0)
(2.2138613e-05 1.9943667e-07 0)
(2.5859696e-05 2.717776e-07 0)
(3.0204194e-05 3.7030828e-07 0)
(3.527683e-05 5.0451034e-07 0)
(4.1199888e-05 6.8730445e-07 0)
(4.8116121e-05 9.3630122e-07 0)
(5.6192212e-05 1.2755162e-06 0)
(6.5622716e-05 1.7377138e-06 0)
(7.663475e-05 2.3676338e-06 0)
(8.9493325e-05 3.226423e-06 0)
(0.00010450765 4.3977767e-06 0)
(0.00012203831 5.9964514e-06 0)
(0.00014250565 8.180201e-06 0)
(0.00016639931 1.1166595e-05 0)
(0.00019428925 1.5257101e-05 0)
(0.0002268383 2.0872043e-05 0)
(0.00026481674 2.8602611e-05 0)
(0.00030911973 3.9290463e-05 0)
(0.00036079028 5.4154503e-05 0)
(0.00042105605 7.5003082e-05 0)
(0.00049139221 0.0001046106 0)
(0.00057368506 0.00014743109 0)
(0.00067055865 0.00021101513 0)
(0.00078600323 0.00030879283 0)
(0.00092553739 0.000464394 0)
(0.0010852574 0.00070808607 0)
(1.7194113e-07 7.82924e-11 0)
(5.1997672e-07 2.4373207e-10 0)
(8.8056373e-07 4.3642168e-10 0)
(1.2624025e-06 6.7741357e-10 0)
(1.6747044e-06 9.9248027e-10 0)
(2.1274152e-06 1.4145925e-09 0)
(2.6314531e-06 1.9871507e-09 0)
(3.1989741e-06 2.7681609e-09 0)
(3.843663e-06 3.8358742e-09 0)
(4.5810653e-06 5.2963069e-09 0)
(5.4289603e-06 7.2934951e-09 0)
(6.407792e-06 1.0023331e-08 0)
(7.541159e-06 1.3752453e-08 0)
(8.8563875e-06 1.8843856e-08 0)
(1.0385186e-05 2.5791835e-08 0)
(1.2164416e-05 3.5269457e-08 0)
(1.4236974e-05 4.8193292e-08 0)
(1.6652834e-05 6.581146e-08 0)
(1.9470248e-05 8.9823614e-08 0)
(2.2757158e-05 1.2254428e-07 0)
(2.659283e-05 1.6712537e-07 0)
(3.1069777e-05 2.2785936e-07 0)
(3.6295985e-05 3.1059218e-07 0)
(4.2397536e-05 4.2328629e-07 0)
(4.9521638e-05 5.7678776e-07 0)
(5.7840207e-05 7.8587334e-07 0)
(6.7553994e-05 1.0706782e-06 0)
(7.8897468e-05 1.4586476e-06 0)
(9.2144441e-05 1.9872032e-06 0)
(0.00010761471 2.7073965e-06 0)
(0.0001256817 3.6889154e-06 0)
(0.00014678149 5.026975e-06 0)
(0.00017142317 6.8518104e-06 0)
(0.00020020101 9.3418376e-06 0)
(0.00023380838 1.2741958e-05 0)
(0.00027305403 1.738925e-05 0)
(0.00031888055 2.3749287e-05 0)
(0.00037238569 3.2468192e-05 0)
(0.00043484634 4.4448283e-05 0)
(0.00050774602 6.0960187e-05 0)
(0.00059280629 8.3812554e-05 0)
(0.00069202187 0.00011561486 0)
(0.00080770652 0.00016019251 0)
(0.00094251421 0.00022324207 0)
(0.0010993953 0.00031332283 0)
(0.0012811691 0.00044310863 0)
(0.0014885077 0.00062996263 0)
(0.0017141553 0.00089252793 0)
(2.347649e-07 9.70638e-11 0)
(7.0996517e-07 3.0236485e-10 0)
(1.202303e-06 5.4193746e-10 0)
(1.7236575e-06 8.4227393e-10 0)
(2.2866064e-06 1.2357833e-09 0)
(2.9047289e-06 1.7639744e-09 0)
(3.592934e-06 2.4814616e-09 0)
(4.3678189e-06 3.4612937e-09 0)
(5.2480708e-06 4.8019886e-09 0)
(6.2549154e-06 6.637084e-09 0)
(7.4126317e-06 9.1479801e-09 0)
(8.7491345e-06 1.2581459e-08 0)
(1.0296651e-05 1.7273402e-08 0)
(1.2092496e-05 2.3681161e-08 0)
(1.4179973e-05 3.2427496e-08 0)
(1.6609421e-05 4.4360517e-08 0)
(1.9439427e-05 6.0635167e-08 0)
(2.2738244e-05 8.2824306e-08 0)
(2.6585442e-05 1.1306987e-07 0)
(3.1073821e-05 1.5428883e-07 0)
(3.6311673e-05 2.104537e-07 0)
(4.2425386e-05 2.8697462e-07 0)
(4.9562518e-05 3.9122005e-07 0)
(5.7895358e-05 5.3322612e-07 0)
(6.7625124e-05 7.2666393e-07 0)
(7.8986821e-05 9.9015789e-07 0)
(9.2254974e-05 1.3490853e-06 0)
(0.00010775026 1.8380311e-06 0)
(0.00012584736 2.504144e-06 0)
(0.00014698398 3.4117224e-06 0)
(0.00017167158 4.6484983e-06 0)
(0.00020050772 6.3342499e-06 0)
(0.00023419062 8.6326482e-06 0)
(0.00027353599 1.176757e-05 0)
(0.00031949677 1.6045676e-05 0)
(0.00037318586 2.1887739e-05 0)
(0.0004359025 2.9872415e-05 0)
(0.0005091624 4.0797713e-05 0)
(0.00059473194 5.5768055e-05 0)
(0.00069466608 7.6318413e-05 0)
(0.00081134903 0.00010459239 0)
(0.00094753514 0.00014359817 0)
(0.0011063744 0.0001975711 0)
(0.0012914066 0.00027246888 0)
(0.0015064118 0.00037658029 0)
(0.0017549212 0.00052108845 0)
(0.0020391991 0.00072015793 0)
(0.0023588251 0.00099006195 0)
(2.9181001e-07 1.0483709e-10 0)
(8.8247842e-07 3.2685754e-10 0)
(1.4944484e-06 5.8677159e-10 0)
(2.1424858e-06 9.1384601e-10 0)
(2.8422246e-06 1.343932e-09 0)
(3.6105444e-06 1.9229327e-09 0)
(4.4659768e-06 2.7113038e-09 0)
(5.4291535e-06 3.7898944e-09 0)
(6.5233025e-06 5.2678109e-09 0)
(7.7748101e-06 7.292931e-09 0)
(9.2138555e-06 1.0066216e-08 0)
(1.0875141e-05 1.3861047e-08 0)
(1.2798729e-05 1.9049609e-08 0)
(1.5031007e-05 2.6138674e-08 0)
(1.762581e-05 3.5818428e-08 0)
(2.0645721e-05 4.9028802e-08 0)
(2.4163579e-05 6.704995e-08 0)
(2.826425e-05 9.1625276e-08 0)
(3.3046664e-05 1.2512918e-07 0)
(3.8626226e-05 1.7079529e-07 0)
(4.5137598e-05 2.3302761e-07 0)
(5.2737975e-05 3.1782405e-07 0)
(6.1610886e-05 4.3335374e-07 0)
(7.1970669e-05 5.9074335e-07 0)
(8.4067662e-05 8.0514889e-07 0)
(9.8194327e-05 1.0972165e-06 0)
(0.00011469235 1.4950745e-06 0)
(0.00013396101 2.03705e-06 0)
(0.00015646693 2.7753771e-06 0)
(0.00018275553 3.781259e-06 0)
(0.00021346436 5.1517852e-06 0)
(0.00024933886 7.0193918e-06 0)
(0.00029125064 9.5648071e-06 0)
(0.00034021905 1.3034798e-05 0)
(0.00039743627 1.776651e-05 0)
(0.00046429678 2.4220913e-05 0)
(0.00054243145 3.3028802e-05 0)
(0.00063374727 4.505415e-05 0)
(0.00074047255 6.1481327e-05 0)
(0.00086520828 8.3934918e-05 0)
(0.001010984 0.00011464321 0)
(0.0011813157 0.00015665735 0)
(0.0013802618 0.00021413644 0)
(0.0016124434 0.00029269343 0)
(0.0018830119 0.00039976242 0)
(0.0021975345 0.00054488481 0)
(0.0025617581 0.00073975568 0)
(0.0029822566 0.00099798278 0)
(3.416718e-07 1.0045102e-10 0)
(1.0332676e-06 3.1367928e-10 0)
(1.7498047e-06 5.6462587e-10 0)
(2.5085718e-06 8.8243571e-10 0)
(3.3278747e-06 1.3028064e-09 0)
(4.2274772e-06 1.8715057e-09 0)
(5.2290785e-06 2.6488129e-09 0)
(6.3568355e-06 3.7154169e-09 0)
(7.6379472e-06 5.180214e-09 0)
(9.1033091e-06 7.1908866e-09 0)
(1.0788261e-05 9.9481379e-09 0)
(1.2733436e-05 1.3725108e-08 0)
(1.4985747e-05 1.8893663e-08 0)
(1.7599514e-05 2.5960281e-08 0)
(2.0637782e-05 3.5614763e-08 0)
(2.4173836e-05 4.8796704e-08 0)
(2.8292984e-05 6.6785822e-08 0)
(3.3094611e-05 9.1325185e-08 0)
(3.8694591e-05 1.2478878e-07 0)
(4.5228091e-05 1.7041e-07 0)
(5.2852855e-05 2.325926e-07 0)
(6.1753022e-05 3.1733449e-07 0)
(7.2143619e-05 4.3280473e-07 0)
(8.4275777e-05 5.9012997e-07 0)
(9.8442876e-05 8.0446532e-07 0)
(0.00011498769 1.0964541e-06 0)
(0.0001343108 1.4942163e-06 0)
(0.00015688039 2.0360594e-06 0)
(0.00018324384 2.7741723e-06 0)
(0.00021404113 3.7796617e-06 0)
(0.00025002079 5.1494177e-06 0)
(0.0002920585 7.0154718e-06 0)
(0.00034117895 9.5577539e-06 0)
(0.00039858164 1.3021467e-05 0)
(0.0004656712 1.7740739e-05 0)
(0.00054409304 2.4170766e-05 0)
(0.00063577543 3.2931386e-05 0)
(0.00074297862 4.486592e-05 0)
(0.0008683526 6.1120139e-05 0)
(0.0010150039 8.3247104e-05 0)
(0.0011865731 0.00011334386 0)
(0.0013873238 0.00015422505 0)
(0.0016222422 0.00020963218 0)
(0.001897155 0.00028446638 0)
(0.0022188527 0.00038501125 0)
(0.0025952529 0.00051908365 0)
(0.0030358294 0.00069604533 0)
(0.0035528583 0.00092666697 0)
(3.8312175e-07 8.4027765e-11 0)
(1.1586185e-06 2.6314e-10 0)
(1.9620817e-06 4.7602934e-10 0)
(2.8128979e-06 7.4877411e-10 0)
(3.7315935e-06 1.1133777e-09 0)
(4.7403305e-06 1.6108889e-09 0)
(5.8634404e-06 2.2954558e-09 0)
(7.128012e-06 3.2395868e-09 0)
(8.5645442e-06 4.5412402e-09 0)
(1.0207683e-05 6.3332966e-09 0)
(1.2097055e-05 8.796466e-09 0)
(1.4278229e-05 1.2176716e-08 0)
(1.6803811e-05 1.6809075e-08 0)
(1.9734718e-05 2.3149889e-08 0)
(2.3141648e-05 3.1820886e-08 0)
(2.7106794e-05 4.3668989e-08 0)
(3.1725823e-05 5.9847982e-08 0)
(3.7110203e-05 8.1929461e-08 0)
(4.3389896e-05 1.1205426e-07 0)
(5.0716513e-05 1.5313831e-07 0)
(5.9266991e-05 2.0915347e-07 0)
(6.9247903e-05 2.8550942e-07 0)
(8.0900474e-05 3.8957465e-07 0)
(9.4506481e-05 5.3138492e-07 0)
(0.00011039512 7.2460953e-07 0)
(0.0001289511 9.878658e-07 0)
(0.00015062407 1.346511e-06 0)
(0.00017593969 1.8350804e-06 0)
(0.00020551266 2.5006089e-06 0)
(0.00024006202 3.4071492e-06 0)
(0.00028042904 4.6419208e-06 0)
(0.00032759846 6.3236635e-06 0)
(0.00038272337 8.6139816e-06 0)
(0.0004471548 1.1732708e-05 0)
(0.00052247654 1.597867e-05 0)
(0.00061054666 2.1757623e-05 0)
(0.00071354664 2.9619647e-05 0)
(0.00083404011 4.0308777e-05 0)
(0.00097504253 5.4828138e-05 0)
(0.0011401051 7.452395e-05 0)
(0.0013334156 0.00010119127 0)
(0.0015599219 0.00013720178 0)
(0.0018254914 0.00018564995 0)
(0.0021371067 0.00025050437 0)
(0.0025031358 0.00033673874 0)
(0.0029337458 0.00045040688 0)
(0.0034415324 0.0005986245 0)
(0.0040431602 0.00078943605 0)
(4.1513899e-07 5.6890558e-11 0)
(1.2554429e-06 1.7937313e-10 0)
(2.12605e-06 3.2827739e-10 0)
(3.0479668e-06 5.2400849e-10 0)
(4.0434352e-06 7.9163971e-10 0)
(5.1364692e-06 1.1634222e-09 0)
(6.3534341e-06 1.6819518e-09 0)
(7.7236827e-06 2.404386e-09 0)
(9.2802638e-06 3.4080094e-09 0)
(1.1060719e-05 4.7978014e-09 0)
(1.3107989e-05 6.7166025e-09 0)
(1.5471452e-05 9.3590113e-09 0)
(1.8208113e-05 1.2990171e-08 0)
(2.1383986e-05 1.7971467e-08 0)
(2.5075683e-05 2.4795348e-08 0)
(2.9372273e-05 3.4132945e-08 0)
(3.4377435e-05 4.689867e-08 0)
(4.0211967e-05 6.4338503e-08 0)
(4.7016721e-05 8.8149856e-08 0)
(5.4956011e-05 1.2064531e-07 0)
(6.4221616e-05 1.6497501e-07 0)
(7.5037439e-05 2.2543034e-07 0)
(8.7664973e-05 3.0785645e-07 0)
(0.00010240968 4.2021537e-07 0)
(0.00011962847 5.7335112e-07 0)
(0.00013973849 7.8203338e-07 0)
(0.00016322735 1.0663755e-06 0)
(0.00019066524 1.4537676e-06 0)
(0.00022271904 1.9815011e-06 0)
(0.00026016904 2.7003415e-06 0)
(0.00030392853 3.6793729e-06 0)
(0.00035506698 5.0125741e-06 0)
(0.00041483747 6.8277047e-06 0)
(0.00048470918 9.298302e-06 0)
(0.00056640613 1.2659779e-05 0)
(0.00066195331 1.7230926e-05 0)
(0.00077373215 2.3442375e-05 0)
(0.00090454711 3.1873878e-05 0)
(0.0010577066 4.3302367e-05 0)
(0.0012371219 5.8762609e-05 0)
(0.0014474296 7.9621237e-05 0)
(0.0016941485 0.00010766364 0)
(0.0019838838 0.00014518837 0)
(0.0023246003 0.00019509966 0)
(0.0027259943 0.00026098191 0)
(0.0032000119 0.00034713289 0)
(0.0037616632 0.00045852662 0)
(0.0044307351 0.00060072122 0)
(4.3693436e-07 2.1497037e-11 0)
(1.321355e-06 6.9954062e-11 0)
(2.2376693e-06 1.3479538e-10 0)
(3.2079864e-06 2.2865363e-10 0)
(4.2557157e-06 3.6715221e-10 0)
(5.4061321e-06 5.7047213e-10 0)
(6.6869852e-06 8.6541124e-10 0)
(8.1291692e-06 1.2880426e-09 0)
(9.7674677e-06 1.8873194e-09 0)
(1.1641394e-05 2.7298698e-09 0)
(1.3796145e-05 3.9065654e-09 0)
(1.6283692e-05 5.5413579e-09 0)
(1.9164036e-05 7.8034017e-09 0)
(2.2506657e-05 1.092343e-08 0)
(2.6392195e-05 1.5216213e-08 0)
(3.0914402e-05 2.1110947e-08 0)
(3.6182408e-05 2.9192903e-08 0)
(4.2323368e-05 4.025984e-08 0)
(4.9485542e-05 5.5399254e-08 0)
(5.7841901e-05 7.6093085e-08 0)
(6.7594325e-05 1.0436101e-07 0)
(7.8978527e-05 1.4295475e-07 0)
(9.2269794e-05 1.9562375e-07 0)
(0.00010778973 2.6747554e-07 0)
(0.00012591413 3.6546821e-07 0)
(0.00014708224 4.9907823e-07 0)
(0.00017180757 6.8121228e-07 0)
(0.00020069064 9.2944331e-07 0)
(0.00023443395 1.2676958e-06 0)
(0.0002738596 1.7285269e-06 0)
(0.00031993007 2.3562293e-06 0)
(0.00037377278 3.2110182e-06 0)
(0.00043670926 4.3746968e-06 0)
(0.00051028976 5.9582548e-06 0)
(0.00059633464 8.1120496e-06 0)
(0.00069698404 1.1039295e-05 0)
(0.00081475771 1.5013821e-05 0)
(0.00095262775 2.0403077e-05 0)
(0.0011141075 2.769747e-05 0)
(0.0013033622 3.7546762e-05 0)
(0.0015253476 5.0803846e-05 0)
(0.0017859906 6.8574407e-05 0)
(0.0020924287 9.226995e-05 0)
(0.0024533309 0.00012365757 0)
(0.0028793237 0.00016489639 0)
(0.0033835992 0.0002185484 0)
(0.0039827571 0.00028755395 0)
(0.0046985943 0.00037516713 0)
(4.4797089e-07 -1.8831077e-11 0)
(1.3547305e-06 -5.4824756e-11 0)
(2.2941887e-06 -8.6192265e-11 0)
(3.2890127e-06 -1.093805e-10 0)
(4.3632032e-06 -1.1985469e-10 0)
(5.5426732e-06 -1.1155773e-10 0)
(6.8558732e-06 -7.6240629e-11 0)
(8.3344773e-06 -2.5378328e-12 0)
(1.0014148e-05 1.2522314e-10 0)
(1.1935397e-05 3.2868484e-10 0)
(1.4144562e-05 6.3765187e-10 0)
(1.6694928e-05 1.0931549e-09 0)
(1.9648011e-05 1.7515275e-09 0)
(2.3075048e-05 2.6900879e-09 0)
(2.7058718e-05 4.0147322e-09 0)
(3.1695141e-05 5.8704887e-09 0)
(3.709621e-05 8.4556535e-09 0)
(4.3392294e-05 1.20414e-08 0)
(5.073541e-05 1.6998075e-08 0)
(5.9302905e-05 2.3831621e-08 0)
(6.930178e-05 3.3232459e-08 0)
(8.0973719e-05 4.6143077e-08 0)
(9.4601004e-05 6.3848806e-08 0)
(0.00011051341 8.8103128e-08 0)
(0.00012909629 1.2129602e-07 0)
(0.00015080009 1.6668602e-07 0)
(0.00017615142 2.28712e-07 0)
(0.0002057662 3.1342215e-07 0)
(0.00024036497 4.2905019e-07 0)
(0.00028079102 5.8680599e-07 0)
(0.00032803177 8.0193599e-07 0)
(0.00038324408 1.0951714e-06 0)
(0.00044778421 1.4946625e-06 0)
(0.00052324364 2.0385964e-06 0)
(0.00061149185 2.7786628e-06 0)
(0.00071472769 3.7846678e-06 0)
(0.00083554174 5.1505438e-06 0)
(0.00097699207 7.0021377e-06 0)
(0.0011426978 9.50704e-06 0)
(0.0013369552 1.2886751e-05 0)
(0.0015648861 1.7430987e-05 0)
(0.00183263 2.3514109e-05 0)
(0.002147603 3.1611871e-05 0)
(0.0025188364 4.2316752e-05 0)
(0.0029574439 5.6349392e-05 0)
(0.0034772458 7.4561983e-05 0)
(0.0040956227 9.792436e-05 0)
(0.0048353685 0.00012750992 0)
(4.4797621e-07 -6.021767e-11 0)
(1.3547461e-06 -1.8295971e-10 0)
(2.2942141e-06 -3.1339433e-10 0)
(3.2890475e-06 -4.5749724e-10 0)
(4.3632469e-06 -6.2234439e-10 0)
(5.5427252e-06 -8.1671071e-10 0)
(6.8559328e-06 -1.0517939e-09 0)
(8.3345441e-06 -1.3421875e-09 0)
(1.0014221e-05 -1.7071411e-09 0)
(1.1935476e-05 -2.1722923e-09 0)
(1.4144646e-05 -2.7719518e-09 0)
(1.6695015e-05 -3.5522585e-09 0)
(1.96481e-05 -4.5753748e-09 0)
(2.3075138e-05 -5.925283e-09 0)
(2.7058806e-05 -7.715522e-09 0)
(3.1695225e-05 -1.0099872e-08 0)
(3.7096286e-05 -1.3286651e-08 0)
(4.3392359e-05 -1.7558442e-08 0)
(5.0735457e-05 -2.3298536e-08 0)
(5.930293e-05 -3.1027407e-08 0)
(6.9301771e-05 -4.1451651e-08 0)
(8.097367e-05 -5.5531492e-08 0)
(9.4600899e-05 -7.4571436e-08 0)
(0.00011051323 -1.0034529e-07 0)
(0.00012909602 -1.3526416e-07 0)
(0.0001507997 -1.8260794e-07 0)
(0.00017615088 -2.4683645e-07 0)
(0.00020576546 -3.3401755e-07 0)
(0.00024036396 -4.5240216e-07 0)
(0.00028078966 -6.1321309e-07 0)
(0.00032802996 -8.317025e-07 0)
(0.00038324168 -1.1285955e-06 0)
(0.00044778106 -1.5320171e-06 0)
(0.00052323955 -2.0801021e-06 0)
(0.00061148659 -2.8244497e-06 0)
(0.00071472107 -3.8347337e-06 0)
(0.00083553357 -5.2047031e-06 0)
(0.00097698224 -7.0599696e-06 0)
(0.0011426862 -9.5678219e-06 0)
(0.001336942 -1.2949388e-05 0)
(0.0015648713 -1.7493973e-05 0)
(0.0018326143 -2.3575466e-05 0)
(0.0021475855 -3.166928e-05 0)
(0.002518821 -4.2367798e-05 0)
(0.002957432 -5.6391721e-05 0)
(0.0034772289 -7.4593646e-05 0)
(0.0040956167 -9.7944068e-05 0)
(0.0048353662 -0.0001275166 0)
(4.3694994e-07 -9.8600471e-11 0)
(1.3214005e-06 -3.0189442e-10 0)
(2.2377435e-06 -5.245608e-10 0)
(3.2080878e-06 -7.8159996e-10 0)
(4.2558429e-06 -1.0911095e-09 0)
(5.4062834e-06 -1.4759264e-09 0)
(6.687159e-06 -1.9657194e-09 0)
(8.1293636e-06 -2.5997155e-09 0)
(9.7676808e-06 -3.430351e-09 0)
(1.1641624e-05 -4.5281562e-09 0)
(1.3796389e-05 -5.988391e-09 0)
(1.6283946e-05 -7.9399951e-09 0)
(1.9164295e-05 -1.0557799e-08 0)
(2.2506918e-05 -1.4079043e-08 0)
(2.6392451e-05 -1.8825937e-08 0)
(3.0914645e-05 -2.5236219e-08 0)
(3.6182629e-05 -3.3904918e-08 0)
(4.2323553e-05 -4.564092e-08 0)
(4.9485678e-05 -6.1544319e-08 0)
(5.7841967e-05 -8.3111216e-08 0)
(6.7594299e-05 -1.1237702e-07 0)
(7.8978377e-05 -1.521107e-07 0)
(9.2269485e-05 -2.0608032e-07 0)
(0.00010778921 -2.7941311e-07 0)
(0.00012591335 -3.7908761e-07 0)
(0.00014708111 -5.1460079e-07 0)
(0.00017180598 -6.9887951e-07 0)
(0.00020068846 -9.4951527e-07 0)
(0.000234431 -1.2904488e-06 0)
(0.00027385564 -1.754249e-06 0)
(0.00031992478 -2.3852133e-06 0)
(0.00037376578 -3.2435492e-06 0)
(0.00043670006 -4.4110348e-06 0)
(0.0005102778 -5.9986062e-06 0)
(0.00059631931 -8.1565327e-06 0)
(0.00069696474 -1.1087896e-05 0)
(0.00081473392 -1.5066348e-05 0)
(0.00095259912 -2.0459103e-05 0)
(0.001114074 -2.7756278e-05 0)
(0.0013033239 -3.7607281e-05 0)
(0.0015253048 -5.0864571e-05 0)
(0.001785944 -6.8633473e-05 0)
(0.0020923813 -9.2325149e-05 0)
(0.0024532826 -0.00012370641 0)
(0.0028792782 -0.00016493683 0)
(0.0033835693 -0.00021857892 0)
(0.0039827332 -0.00028757268 0)
(0.0046985862 -0.00037517347 0)
(4.1516335e-07 -1.3016148e-10 0)
(1.2555141e-06 -3.997688e-10 0)
(2.1261662e-06 -6.9864285e-10 0)
(3.0481256e-06 -1.0494288e-09 0)
(4.0436343e-06 -1.47956e-09 0)
(5.1367059e-06 -2.0238008e-09 0)
(6.3537058e-06 -2.7274853e-09 0)
(7.7239865e-06 -3.6507561e-09 0)
(9.2805963e-06 -4.8742188e-09 0)
(1.1061076e-05 -6.5065467e-09 0)
(1.3108368e-05 -8.6947622e-09 0)
(1.5471846e-05 -1.1638186e-08 0)
(1.8208517e-05 -1.5607369e-08 0)
(2.138439e-05 -2.0969852e-08 0)
(2.5076078e-05 -2.8225172e-08 0)
(2.9372647e-05 -3.8052539e-08 0)
(3.4377772e-05 -5.1375645e-08 0)
(4.0212248e-05 -6.9450997e-08 0)
(4.701692e-05 -9.3987974e-08 0)
(5.4956099e-05 -1.2731253e-07 0)
(6.4221555e-05 -1.7258973e-07 0)
(7.5037183e-05 -2.341272e-07 0)
(8.766446e-05 -3.1778767e-07 0)
(0.00010240883 -4.3155164e-07 0)
(0.0001196272 -5.8628219e-07 0)
(0.00013973666 -7.9676806e-07 0)
(0.00016322481 -1.083141e-06 0)
(0.00019066176 -1.472808e-06 0)
(0.00022271435 -2.0030744e-06 0)
(0.00026016275 -2.7247157e-06 0)
(0.00030392015 -3.7068182e-06 0)
(0.0003550559 -5.0433519e-06 0)
(0.00041482293 -6.8620487e-06 0)
(0.00048469031 -9.3363944e-06 0)
(0.00056638196 -1.2701713e-05 0)
(0.0006619229 -1.7276672e-05 0)
(0.00077369469 -2.3491726e-05 0)
(0.0009045021 -3.1926406e-05 0)
(0.0010576539 -4.3357362e-05 0)
(0.0012370617 -5.8819018e-05 0)
(0.0014473625 -7.9677673e-05 0)
(0.0016940761 -0.00010771827 0)
(0.0019838074 -0.0001452391 0)
(0.002324527 -0.00019514464 0)
(0.0027259289 -0.00026101903 0)
(0.0031999531 -0.00034716017 0)
(0.0037616286 -0.00045854372 0)
(0.004430723 -0.00060072699 0)
(3.8315277e-07 -1.5165019e-10 0)
(1.1587091e-06 -4.6656683e-10 0)
(1.9622295e-06 -8.1788049e-10 0)
(2.8130999e-06 -1.2337473e-09 0)
(3.7318467e-06 -1.7483389e-09 0)
(4.7406313e-06 -2.4050348e-09 0)
(5.8637855e-06 -3.2604982e-09 0)
(7.1283975e-06 -4.390005e-09 0)
(8.5649659e-06 -5.8945641e-09 0)
(1.0208136e-05 -7.9104787e-09 0)
(1.2097534e-05 -1.0622301e-08 0)
(1.4278727e-05 -1.4280371e-08 0)
(1.6804319e-05 -1.9224683e-08 0)
(1.9735226e-05 -2.5917282e-08 0)
(2.3142143e-05 -3.4986403e-08 0)
(2.7107258e-05 -4.7286438e-08 0)
(3.1726238e-05 -6.3979689e-08 0)
(3.7110543e-05 -8.6647467e-08 0)
(4.339013e-05 -1.1744159e-07 0)
(5.0716601e-05 -1.5929028e-07 0)
(5.9266885e-05 -2.1617906e-07 0)
(6.924754e-05 -2.9353251e-07 0)
(8.089978e-05 -3.987351e-07 0)
(9.4505357e-05 -5.4183933e-07 0)
(0.00011039345 -7.3653173e-07 0)
(0.00012894871 -1.0014464e-06 0)
(0.00015062075 -1.361957e-06 0)
(0.00017593517 -1.8526128e-06 0)
(0.00020550658 -2.5204605e-06 0)
(0.00024005389 -3.4295592e-06 0)
(0.00028041824 -4.6671288e-06 0)
(0.0003275842 -6.3518967e-06 0)
(0.0003827047 -8.645441e-06 0)
(0.00044713058 -1.1767541e-05 0)
(0.00052244557 -1.6016943e-05 0)
(0.00061050773 -2.179928e-05 0)
(0.00071349878 -2.9664472e-05 0)
(0.00083398268 -4.0356335e-05 0)
(0.00097497544 -5.4877736e-05 0)
(0.0011400287 -7.457459e-05 0)
(0.0013333306 -0.00010124159 0)
(0.0015598295 -0.00013725015 0)
(0.0018253962 -0.00018569466 0)
(0.0021370113 -0.00025054326 0)
(0.0025030477 -0.00033677045 0)
(0.0029336787 -0.00045043087 0)
(0.003441485 -0.00059863881 0)
(0.0040431439 -0.00078944085 0)
(3.4170661e-07 -1.6077759e-10 0)
(1.0333695e-06 -4.9513529e-10 0)
(1.7499706e-06 -8.6955329e-10 0)
(2.5087986e-06 -1.315025e-09 0)
(3.3281586e-06 -1.8691845e-09 0)
(4.2278146e-06 -2.579873e-09 0)
(5.2294648e-06 -3.5096175e-09 0)
(6.3572668e-06 -4.7415692e-09 0)
(7.6384181e-06 -6.3873496e-09 0)
(9.1038145e-06 -8.5976873e-09 0)
(1.0788793e-05 -1.1576714e-08 0)
(1.2733988e-05 -1.5601463e-08 0)
(1.4986309e-05 -2.1048227e-08 0)
(1.7600074e-05 -2.8428559e-08 0)
(2.0638323e-05 -3.8438048e-08 0)
(2.4174342e-05 -5.2022944e-08 0)
(2.829343e-05 -7.0470524e-08 0)
(3.3094968e-05 -9.5532516e-08 0)
(3.8694822e-05 -1.295926e-07 0)
(4.5228154e-05 -1.7589516e-07 0)
(5.285269e-05 -2.3885591e-07 0)
(6.1752563e-05 -3.2448606e-07 0)
(7.2142774e-05 -4.4096848e-07 0)
(8.4274441e-05 -5.9944473e-07 0)
(9.8440902e-05 -8.1508434e-07 0)
(0.0001149849 -1.1085456e-06 0)
(0.00013430695 -1.507961e-06 0)
(0.00015687518 -2.0516506e-06 0)
(0.00018323684 -2.7918104e-06 0)
(0.00021403182 -3.7995527e-06 0)
(0.00025000846 -5.1717621e-06 0)
(0.00029204226 -7.0404601e-06 0)
(0.00034115771 -9.585544e-06 0)
(0.00039855415 -1.3052173e-05 0)
(0.00046563609 -1.7774393e-05 0)
(0.000544049 -2.4207297e-05 0)
(0.00063572136 -3.2970561e-05 0)
(0.00074291392 -4.490732e-05 0)
(0.00086827715 -6.116309e-05 0)
(0.0010149182 -8.3290644e-05 0)
(0.0011864777 -0.00011338679 0)
(0.0013872205 -0.00015426584 0)
(0.0016221335 -0.00020966912 0)
(0.0018970486 -0.00028449841 0)
(0.002218756 -0.00038503708 0)
(0.0025951702 -0.00051910179 0)
(0.0030357766 -0.00069605662 0)
(0.0035528397 -0.0009266707 0)
(2.9184546e-07 -1.563601e-10 0)
(8.8258194e-07 -4.8186223e-10 0)
(1.494617e-06 -8.4725416e-10 0)
(2.1427159e-06 -1.283389e-09 0)
(2.8425125e-06 -1.8277649e-09 0)
(3.6108859e-06 -2.5280645e-09 0)
(4.4663677e-06 -3.4466542e-09 0)
(5.4295889e-06 -4.6664949e-09 0)
(6.5237773e-06 -6.2990106e-09 0)
(7.7753181e-06 -8.4946888e-09 0)
(9.2143901e-06 -1.1457408e-08 0)
(1.0875694e-05 -1.5463879e-08 0)
(1.2799289e-05 -2.0890057e-08 0)
(1.5031561e-05 -2.8247046e-08 0)
(1.7626342e-05 -3.8229962e-08 0)
(2.0646212e-05 -5.1784405e-08 0)
(2.4164005e-05 -7.0196973e-08 0)
(2.8264579e-05 -9.5218412e-08 0)
(3.3046859e-05 -1.292314e-07 0)
(3.862624e-05 -1.7547881e-07 0)
(4.5137374e-05 -2.3837489e-07 0)
(5.2737437e-05 -3.239286e-07 0)
(6.1609947e-05 -4.4032088e-07 0)
(7.196921e-05 -5.9869049e-07 0)
(8.4065543e-05 -8.1420575e-07 0)
(9.8191356e-05 -1.1075242e-06 0)
(0.00011468829 -1.506785e-06 0)
(0.00013395553 -2.0503232e-06 0)
(0.00015645962 -2.7903791e-06 0)
(0.00018274582 -3.798156e-06 0)
(0.00021345155 -5.1707395e-06 0)
(0.00024932203 -7.0405494e-06 0)
(0.0002912287 -9.5882897e-06 0)
(0.0003401907 -1.3060679e-05 0)
(0.00039740015 -1.77948e-05 0)
(0.00046425156 -2.425152e-05 0)
(0.00054237609 -3.3061504e-05 0)
(0.00063368118 -4.5088537e-05 0)
(0.00074039571 -6.1516769e-05 0)
(0.00086512108 -8.3970546e-05 0)
(0.0010108871 -0.00011467785 0)
(0.0011812101 -0.00015668971 0)
(0.0013801515 -0.0002141653 0)
(0.0016123328 -0.00029271734 0)
(0.0018829088 -0.00039978083 0)
(0.0021974501 -0.00054489829 0)
(0.002561701 -0.00073976318 0)
(0.0029822365 -0.00099798522 0)
(2.3479745e-07 -1.3853661e-10 0)
(7.1006018e-07 -4.2709499e-10 0)
(1.2024577e-06 -7.5155062e-10 0)
(1.7238683e-06 -1.1396409e-09 0)
(2.2868699e-06 -1.6251291e-09 0)
(2.9050409e-06 -2.2509221e-09 0)
(3.5932906e-06 -3.0732063e-09 0)
(4.3682153e-06 -4.1666913e-09 0)
(5.2485021e-06 -5.6318001e-09 0)
(6.2553755e-06 -7.6041232e-09 0)
(7.4131143e-06 -1.0267457e-08 0)
(8.7496308e-06 -1.3871202e-08 0)
(1.0297152e-05 -1.8754336e-08 0)
(1.2092988e-05 -2.5377609e-08 0)
(1.4180442e-05 -3.4367834e-08 0)
(1.6609846e-05 -4.6577556e-08 0)
(1.9439787e-05 -6.3167014e-08 0)
(2.2738508e-05 -8.5714794e-08 0)
(2.6585575e-05 -1.1636963e-07 0)
(3.1073777e-05 -1.5805567e-07 0)
(3.63114e-05 -2.1475383e-07 0)
(4.2424811e-05 -2.9188271e-07 0)
(4.9561559e-05 -3.9682047e-07 0)
(5.7893904e-05 -5.3961223e-07 0)
(6.7623045e-05 -7.3393914e-07 0)
(7.8983935e-05 -9.9843357e-07 0)
(9.225106e-05 -1.3584814e-06 0)
(0.00010774502 -1.8486721e-06 0)
(0.0001258404 -2.5161588e-06 0)
(0.00014697478 -3.425237e-06 0)
(0.00017165949 -4.6636344e-06 0)
(0.00020049189 -6.3511126e-06 0)
(0.00023417003 -8.6513212e-06 0)
(0.00027350946 -1.1788096e-05 0)
(0.00031946305 -1.6068045e-05 0)
(0.00037314375 -2.1911856e-05 0)
(0.0004358511 -2.9898073e-05 0)
(0.00050910119 -4.0824543e-05 0)
(0.00059466096 -5.5795497e-05 0)
(0.00069458562 -7.6345669e-05 0)
(0.00081125955 -0.00010461849 0)
(0.00094743772 -0.00014362196 0)
(0.0011062711 -0.00019759143 0)
(0.0012913022 -0.00027248524 0)
(0.0015063134 -0.00037659245 0)
(0.0017548417 -0.00052109601 0)
(0.0020391448 -0.00072016229 0)
(0.002358806 -0.00099006329 0)
(1.7196744e-07 -1.086488e-10 0)
(5.2005364e-07 -3.3506314e-10 0)
(8.8068857e-07 -5.8989391e-10 0)
(1.2625725e-06 -8.9514807e-10 0)
(1.6749162e-06 -1.2775491e-09 0)
(2.1276655e-06 -1.7711371e-09 0)
(2.631738e-06 -2.4204149e-09 0)
(3.1992897e-06 -3.2846572e-09 0)
(3.8440044e-06 -4.4434505e-09 0)
(4.5814279e-06 -6.0043794e-09 0)
(5.4293373e-06 -8.1131568e-09 0)
(6.4081768e-06 -1.0967677e-08 0)
(7.5415417e-06 -1.4836738e-08 0)
(8.8567583e-06 -2.0085943e-08 0)
(1.038553e-05 -2.7212392e-08 0)
(1.2164718e-05 -3.6892573e-08 0)
(1.4237212e-05 -5.004669e-08 0)
(1.6652984e-05 -6.792731e-08 0)
(1.9470277e-05 -9.2238683e-08 0)
(2.275703e-05 -1.2530097e-07 0)
(2.6592494e-05 -1.7027162e-07 0)
(3.1069178e-05 -2.3144987e-07 0)
(3.6295046e-05 -3.1468777e-07 0)
(4.2396171e-05 -4.2795519e-07 0)
(4.9519726e-05 -5.8210392e-07 0)
(5.7837607e-05 -7.9191772e-07 0)
(6.755051e-05 -1.0775354e-06 0)
(7.8892859e-05 -1.4664071e-06 0)
(9.2138373e-05 -1.9959535e-06 0)
(0.00010760676 -2.7172263e-06 0)
(0.00012567132 -3.699904e-06 0)
(0.000146768 -5.0391929e-06 0)
(0.00017140571 -6.8653046e-06 0)
(0.00020017863 -9.3566305e-06 0)
(0.00023378007 -1.2758025e-05 0)
(0.00027301885 -1.7406507e-05 0)
(0.00031883777 -2.3767555e-05 0)
(0.00037233497 -3.2487169e-05 0)
(0.00043478767 -4.4467499e-05 0)
(0.00050767969 -6.0978998e-05 0)
(0.00059273246 -8.3830156e-05 0)
(0.00069194127 -0.0001156304 0)
(0.00080762011 -0.00016020526 0)
(0.00094242835 -0.0002232516 0)
(0.0010993184 -0.00031332917 0)
(0.0012811017 -0.00044311259 0)
(0.0014884666 -0.00062996441 0)
(0.001714141 -0.00089252845 0)
(1.049032e-07 -6.9224551e-11 0)
(3.1724168e-07 -2.1352545e-10 0)
(5.3723497e-07 -3.7606289e-10 0)
(7.7018966e-07 -5.7093152e-10 0)
(1.0217248e-06 -8.1528776e-10 0)
(1.2979065e-06 -1.1309499e-09 0)
(1.605395e-06 -1.5464896e-09 0)
(1.9516044e-06 -2.0999179e-09 0)
(2.3448823e-06 -2.84233e-09 0)
(2.7947096e-06 -3.8427378e-09 0)
(3.311931e-06 -5.1946893e-09 0)
(3.909014e-06 -7.0251502e-09 0)
(4.6003522e-06 -9.5066852e-09 0)
(5.4026091e-06 -1.2873881e-08 0)
(6.3351231e-06 -1.7445861e-08 0)
(7.4203702e-06 -2.3656706e-08 0)
(8.6845099e-06 -3.2097131e-08 0)
(1.0158011e-05 -4.3570869e-08 0)
(1.1876391e-05 -5.9171878e-08 0)
(1.3881068e-05 -8.0388892e-08 0)
(1.6220365e-05 -1.0924853e-07 0)
(1.8950666e-05 -1.4850926e-07 0)
(2.2137788e-05 -2.0192689e-07 0)
(2.5858551e-05 -2.746148e-07 0)
(3.0202646e-05 -3.73537e-07 0)
(3.5274775e-05 -5.0817825e-07 0)
(4.1197193e-05 -6.914619e-07 0)
(4.8112614e-05 -9.4099982e-07 0)
(5.6187666e-05 -1.2808074e-06 0)
(6.5616841e-05 -1.7436467e-06 0)
(7.6627171e-05 -2.3742521e-06 0)
(8.9483579e-05 -3.233762e-06 0)
(0.00010449518 -4.405858e-06 0)
(0.00012202248 -6.0052784e-06 0)
(0.0001424858 -8.1897481e-06 0)
(0.00016637485 -1.1176798e-05 0)
(0.00019425974 -1.5267831e-05 0)
(0.00022680351 -2.0883088e-05 0)
(0.00026477664 -2.861365e-05 0)
(0.00030907441 -3.9301071e-05 0)
(0.00036073987 -5.4164174e-05 0)
(0.00042100041 -7.5011281e-05 0)
(0.00049133565 -0.000104617 0)
(0.00057362897 -0.00014743553 0)
(0.00067050676 -0.0002110178 0)
(0.00078597221 -0.00030879435 0)
(0.00092551469 -0.00046439461 0)
(0.0010852498 -0.00070808626 0)
(3.525654e-08 -2.3743081e-11 0)
(1.066209e-07 -7.3274103e-11 0)
(1.8055784e-07 -1.2909048e-10 0)
(2.5885077e-07 -1.9604331e-10 0)
(3.43388e-07 -2.8003802e-10 0)
(4.3620824e-07 -3.8859135e-10 0)
(5.395497e-07 -5.3154164e-10 0)
(6.5590402e-07 -7.2198477e-10 0)
(7.8807633e-07 -9.7751753e-10 0)
(9.3925286e-07 -1.3219164e-09 0)
(1.1130776e-06 -1.7874011e-09 0)
(1.3137404e-06 -2.4177138e-09 0)
(1.5460774e-06 -3.2722905e-09 0)
(1.8156882e-06 -4.4319478e-09 0)
(2.1290699e-06 -6.006599e-09 0)
(2.4937745e-06 -8.1457782e-09 0)
(2.9185902e-06 -1.1052932e-08 0)
(3.4137532e-06 -1.5004909e-08 0)
(3.991194e-06 -2.0378447e-08 0)
(4.6648251e-06 -2.7686285e-08 0)
(5.450875e-06 -3.7626265e-08 0)
(6.3682794e-06 -5.1148296e-08 0)
(7.439136e-06 -6.9545441e-08 0)
(8.6892358e-06 -9.4578191e-08 0)
(1.0148682e-05 -1.2864365e-07 0)
(1.1852611e-05 -1.7500656e-07 0)
(1.3842034e-05 -2.3811419e-07 0)
(1.6164818e-05 -3.2402701e-07 0)
(1.8876821e-05 -4.4100714e-07 0)
(2.2043222e-05 -6.0032526e-07 0)
(2.5740057e-05 -8.1736787e-07 0)
(3.0056007e-05 -1.1131635e-06 0)
(3.5094463e-05 -1.5164925e-06 0)
(4.0975913e-05 -2.0668228e-06 0)
(4.7840682e-05 -2.8184231e-06 0)
(5.5852075e-05 -3.846186e-06 0)
(6.5199967e-05 -5.2539922e-06 0)
(7.6104876e-05 -7.1869559e-06 0)
(8.8822804e-05 -9.8498524e-06 0)
(0.00010365131 -1.3535909e-05 0)
(0.00012093875 -1.8674308e-05 0)
(0.0001411023 -2.5914985e-05 0)
(0.00016467569 -3.6298541e-05 0)
(0.00019246266 -5.1654923e-05 0)
(0.00022611039 -7.5735319e-05 0)
(0.00027048533 -0.00011809062 0)
(0.00034420788 -0.00020950068 0)
(0.00052539404 -0.0004647005 0)
(0.00052228075 -0.00047275276 0)
(0.00034787332 -0.00021561333 0)
(0.00027937114 -0.00012475699 0)
(0.00023672291 -8.1290673e-05 0)
(0.00020327312 -5.5981046e-05 0)
(0.00017496375 -3.9583532e-05 0)
(0.00015054078 -2.8378828e-05 0)
(0.00012940848 -2.0508996e-05 0)
(0.0001111441 -1.4895786e-05 0)
(9.5388116e-05 -1.0854645e-05 0)
(8.18195e-05 -7.9277625e-06 0)
(7.0150964e-05 -5.7993181e-06 0)
(6.0127284e-05 -4.2471561e-06 0)
(5.1523615e-05 -3.1129965e-06 0)
(4.4143261e-05 -2.2830868e-06 0)
(3.7815106e-05 -1.6751787e-06 0)
(3.2390911e-05 -1.2295484e-06 0)
(2.7742655e-05 -9.0269332e-07 0)
(2.3760025e-05 -6.6285616e-07 0)
(2.0348124e-05 -4.8681549e-07 0)
(1.7425415e-05 -3.575712e-07 0)
(1.4921898e-05 -2.6266655e-07 0)
(1.2777517e-05 -1.9296807e-07 0)
(1.0940772e-05 -1.4177553e-07 0)
(9.36751e-06 -1.0417204e-07 0)
(8.0198887e-06 -7.6548322e-08 0)
(6.8654769e-06 -5.625446e-08 0)
(5.8764829e-06 -4.1344576e-08 0)
(5.029091e-06 -3.0389628e-08 0)
(4.3028908e-06 -2.234002e-08 0)
(3.6803882e-06 -1.6424808e-08 0)
(3.1465853e-06 -1.2077682e-08 0)
(2.6886201e-06 -8.8826295e-09 0)
(2.2954567e-06 -6.5340286e-09 0)
(1.9576205e-06 -4.8073472e-09 0)
(1.6669696e-06 -3.5376097e-09 0)
(1.416499e-06 -2.6035926e-09 0)
(1.2001719e-06 -1.9162015e-09 0)
(1.0127742e-06 -1.4099403e-09 0)
(8.4978907e-07 -1.0366338e-09 0)
(7.0728789e-07 -7.6081821e-10 0)
(5.818358e-07 -5.5634273e-10 0)
(4.7040885e-07 -4.0387103e-10 0)
(3.7032114e-07 -2.8902752e-10 0)
(2.7915988e-07 -2.0102312e-10 0)
(1.9472795e-07 -1.3163522e-10 0)
(1.1499039e-07 -7.4422693e-11 0)
(3.8024474e-08 -2.4064411e-11 0)
(0.0010714224 -0.0007123423 0)
(0.0009333785 -0.00047381871 0)
(0.00080721386 -0.0003209665 0)
(0.0006975501 -0.00022265399 0)
(0.00060219746 -0.00015731389 0)
(0.0005191622 -0.00011254538 0)
(0.0004469549 -8.1186383e-05 0)
(0.00038432662 -5.8889373e-05 0)
(0.00033015335 -4.2876342e-05 0)
(0.0002834012 -3.1298401e-05 0)
(0.00024312825 -2.2888363e-05 0)
(0.00020848636 -1.6759733e-05 0)
(0.00017872091 -1.2283468e-05 0)
(0.00015316667 -9.0087635e-06 0)
(0.00013124145 -6.6102921e-06 0)
(0.00011243857 -4.852113e-06 0)
(9.6318912e-05 -3.5625046e-06 0)
(8.2503097e-05 -2.6161655e-06 0)
(7.0664092e-05 -1.9214961e-06 0)
(6.0520455e-05 -1.4114447e-06 0)
(5.1830274e-05 -1.0368794e-06 0)
(4.4385801e-05 -7.6177428e-07 0)
(3.8008742e-05 -5.596986e-07 0)
(3.2546157e-05 -4.1125429e-07 0)
(2.7866899e-05 -3.0220045e-07 0)
(2.3858538e-05 -2.2208028e-07 0)
(2.0424699e-05 -1.6321429e-07 0)
(1.7482785e-05 -1.199621e-07 0)
(1.4962e-05 -8.8180644e-08 0)
(1.2801668e-05 -6.4826511e-08 0)
(1.0949772e-05 -4.7663943e-08 0)
(9.3617151e-06 -3.5050474e-08 0)
(7.9992483e-06 -2.5779412e-08 0)
(6.8295509e-06 -1.8964216e-08 0)
(5.8244425e-06 -1.3953504e-08 0)
(4.9597061e-06 -1.0268666e-08 0)
(4.2145051e-06 -7.5579838e-09 0)
(3.5708821e-06 -5.5629629e-09 0)
(3.0133263e-06 -4.0935562e-09 0)
(2.5284007e-06 -3.0099826e-09 0)
(2.104418e-06 -2.2093291e-09 0)
(1.7311594e-06 -1.6157169e-09 0)
(1.3996284e-06 -1.1730274e-09 0)
(1.101834e-06 -8.3954353e-10 0)
(8.3059844e-07 -5.8396404e-10 0)
(5.7938411e-07 -3.8242338e-10 0)
(3.4213606e-07 -2.1619025e-10 0)
(1.1313629e-07 -6.9916375e-11 0)
(0.0017007941 -0.00090179693 0)
(0.0015048017 -0.0006438294 0)
(0.0013141176 -0.00045874205 0)
(0.0011403428 -0.00032830337 0)
(0.00098592257 -0.00023630953 0)
(0.00085034358 -0.00017097758 0)
(0.00073212913 -0.00012421857 0)
(0.00062953478 -9.0527589e-05 0)
(0.00054078913 -6.6124837e-05 0)
(0.00046421212 -4.8380131e-05 0)
(0.00039825562 -3.5439628e-05 0)
(0.00034152529 -2.5982827e-05 0)
(0.00029278149 -1.9061378e-05 0)
(0.00025093291 -1.3989991e-05 0)
(0.0002150255 -1.0271208e-05 0)
(0.00018422951 -7.5427117e-06 0)
(0.0001578262 -5.5399714e-06 0)
(0.00013519472 -4.0695073e-06 0)
(0.00011579993 -2.989625e-06 0)
(9.9181302e-05 -2.1964583e-06 0)
(8.4942947e-05 -1.6138185e-06 0)
(7.2744852e-05 -1.1857924e-06 0)
(6.2295174e-05 -8.713319e-07 0)
(5.3343536e-05 -6.4029481e-07 0)
(4.5675206e-05 -4.7054332e-07 0)
(3.9106075e-05 -3.4581641e-07 0)
(3.3478309e-05 -2.541688e-07 0)
(2.8656617e-05 -1.8682498e-07 0)
(2.4525031e-05 -1.3733789e-07 0)
(2.0984146e-05 -1.0097087e-07 0)
(1.7948741e-05 -7.4243929e-08 0)
(1.5345744e-05 -5.4600203e-08 0)
(1.311248e-05 -4.0161103e-08 0)
(1.1195164e-05 -2.9546317e-08 0)
(9.5476169e-06 -2.174164e-08 0)
(8.1301495e-06 -1.6001801e-08 0)
(6.9086129e-06 -1.1779125e-08 0)
(5.8535753e-06 -8.6710608e-09 0)
(4.9396148e-06 -6.3816566e-09 0)
(4.1447071e-06 -4.6932131e-09 0)
(3.4496958e-06 -3.4454617e-09 0)
(2.8378312e-06 -2.5202146e-09 0)
(2.2943666e-06 -1.8300729e-09 0)
(1.8062036e-06 -1.3100548e-09 0)
(1.3615761e-06 -9.1140148e-10 0)
(9.4976808e-07 -5.9693617e-10 0)
(5.608547e-07 -3.3750871e-10 0)
(1.8546116e-07 -1.0915031e-10 0)
(0.0023491913 -0.0010043297 0)
(0.0020643973 -0.00073716071 0)
(0.0017990801 -0.00053868852 0)
(0.0015597536 -0.00039312641 0)
(0.0013476867 -0.00028699254 0)
(0.0011617663 -0.00020972809 0)
(0.00099986285 -0.00015344565 0)
(0.00085949898 -0.00011238778 0)
(0.00073818991 -8.238872e-05 0)
(0.00063358179 -6.0438685e-05 0)
(0.00054352412 -4.4359437e-05 0)
(0.00046608758 -3.2570207e-05 0)
(0.00039956528 -2.3920599e-05 0)
(0.00034245921 -1.757138e-05 0)
(0.00029346269 -1.2909118e-05 0)
(0.00025144114 -9.4847538e-06 0)
(0.00021541279 -6.9691813e-06 0)
(0.0001845302 -5.1210064e-06 0)
(0.00015806324 -3.7630635e-06 0)
(0.00013538369 -2.7652709e-06 0)
(0.0001159516 -2.0320896e-06 0)
(9.9303246e-05 -1.4933364e-06 0)
(8.5040571e-05 -1.0974478e-06 0)
(7.282207e-05 -8.065373e-07 0)
(6.2354834e-05 -5.9276588e-07 0)
(5.3387704e-05 -4.356773e-07 0)
(4.5705349e-05 -3.2023986e-07 0)
(3.9123178e-05 -2.3540808e-07 0)
(3.3482952e-05 -1.7306557e-07 0)
(2.8649022e-05 -1.2724837e-07 0)
(2.4505087e-05 -9.3574149e-08 0)
(2.095142e-05 -6.8822806e-08 0)
(1.7902478e-05 -5.0628194e-08 0)
(1.5284851e-05 -3.7251676e-08 0)
(1.3035503e-05 -2.7415652e-08 0)
(1.110026e-05 -2.018128e-08 0)
(9.432504e-06 -1.4858577e-08 0)
(7.9920586e-06 -1.0940391e-08 0)
(6.7442186e-06 -8.0538373e-09 0)
(5.6589171e-06 -5.9246308e-09 0)
(4.7100018e-06 -4.3508201e-09 0)
(3.8746054e-06 -3.183487e-09 0)
(3.1325951e-06 -2.3124881e-09 0)
(2.4660879e-06 -1.6559352e-09 0)
(1.8590202e-06 -1.1523802e-09 0)
(1.2967614e-06 -7.5496647e-10 0)
(7.6576021e-07 -4.2692503e-10 0)
(2.5321871e-07 -1.3808528e-10 0)
(0.0029788469 -0.0010156846 0)
(0.002596112 -0.00075831106 0)
(0.0022522001 -0.00056301724 0)
(0.001947442 -0.00041645796 0)
(0.0016798924 -0.00030731814 0)
(0.0014465748 -0.00022645673 0)
(0.0012440653 -0.00016673255 0)
(0.0010688858 -0.00012269989 0)
(0.00091771352 -9.0269261e-05 0)
(0.00078749127 -6.6397512e-05 0)
(0.00067546181 -4.8831869e-05 0)
(0.00057918032 -3.5909281e-05 0)
(0.00049649584 -2.6403965e-05 0)
(0.0004255298 -1.941313e-05 0)
(0.0003646489 -1.4272162e-05 0)
(0.00031243813 -1.0491931e-05 0)
(0.00026767491 -7.7125184e-06 0)
(0.00022930503 -5.669124e-06 0)
(0.00019642081 -4.1669545e-06 0)
(0.00016824161 -3.0627315e-06 0)
(0.00014409665 -2.2510807e-06 0)
(0.0001234099 -1.6545124e-06 0)
(0.00010568696 -1.2160489e-06 0)
(9.0503662e-05 -8.9379884e-07 0)
(7.7496192e-05 -6.5696527e-07 0)
(6.6352579e-05 -4.8290943e-07 0)
(5.6805347e-05 -3.5499086e-07 0)
(4.8625185e-05 -2.6097883e-07 0)
(4.1615511e-05 -1.918843e-07 0)
(3.5607796e-05 -1.4110102e-07 0)
(3.0457542e-05 -1.0377411e-07 0)
(2.6040838e-05 -7.6335813e-08 0)
(2.225139e-05 -5.6164366e-08 0)
(1.8997977e-05 -4.1333117e-08 0)
(1.6202269e-05 -3.0426251e-08 0)
(1.379694e-05 -2.2403278e-08 0)
(1.172406e-05 -1.6499495e-08 0)
(9.9336957e-06 -1.2152783e-08 0)
(8.3827176e-06 -8.9498428e-09 0)
(7.0337572e-06 -6.5866272e-09 0)
(5.8543115e-06 -4.8392759e-09 0)
(4.8159593e-06 -3.5426906e-09 0)
(3.8936783e-06 -2.5747644e-09 0)
(3.0652418e-06 -1.8446962e-09 0)
(2.3106842e-06 -1.2843467e-09 0)
(1.6118207e-06 -8.4175158e-10 0)
(9.5180891e-07 -4.7614651e-10 0)
(3.1474049e-07 -1.5402465e-10 0)
(0.0035572135 -0.00094561596 0)
(0.0030792521 -0.00071444807 0)
(0.0026595355 -0.00053634757 0)
(0.0022929892 -0.00040061855 0)
(0.0019741551 -0.00029806933 0)
(0.0016977581 -0.00022111656 0)
(0.0014587917 -0.00016366991 0)
(0.0012526153 -0.00012094945 0)
(0.0010750149 -8.9269879e-05 0)
(0.00092221399 -6.5826643e-05 0)
(0.0007908745 -4.8505204e-05 0)
(0.00067806267 -3.5721892e-05 0)
(0.00058122101 -2.6296158e-05 0)
(0.00049812622 -1.9350916e-05 0)
(0.0004268522 -1.4236156e-05 0)
(0.00036573459 -1.0471043e-05 0)
(0.00031333794 -7.7003857e-06 0)
(0.00026842598 -5.662081e-06 0)
(0.00022993515 -4.1628811e-06 0)
(0.00019695126 -3.0603966e-06 0)
(0.000168689 -2.2497659e-06 0)
(0.00014447417 -1.6537968e-06 0)
(0.00012372814 -1.2156847e-06 0)
(0.00010595455 -8.9363964e-07 0)
(9.0727648e-05 -6.5692416e-07 0)
(7.7682351e-05 -4.8293481e-07 0)
(6.6505639e-05 -3.5505194e-07 0)
(5.692915e-05 -2.6105735e-07 0)
(4.8722814e-05 -1.9196945e-07 0)
(4.1689383e-05 -1.4118651e-07 0)
(3.5659732e-05 -1.0385634e-07 0)
(3.0488824e-05 -7.6412881e-08 0)
(2.6052237e-05 -5.6235319e-08 0)
(2.2243192e-05 -4.1397622e-08 0)
(1.8969994e-05 -3.0484311e-08 0)
(1.6153831e-05 -2.2455112e-08 0)
(1.3726885e-05 -1.6545417e-08 0)
(1.16307e-05 -1.2193167e-08 0)
(9.814783e-06 -8.9850644e-09 0)
(8.2353865e-06 -6.617061e-09 0)
(6.8544569e-06 -4.865265e-09 0)
(5.6387202e-06 -3.5645533e-09 0)
(4.5588806e-06 -2.5927746e-09 0)
(3.5889154e-06 -1.8590911e-09 0)
(2.7054489e-06 -1.2953242e-09 0)
(1.8871903e-06 -8.4947374e-10 0)
(1.1144196e-06 -4.8071995e-10 0)
(3.6851213e-07 -1.5554218e-10 0)
(0.0040556893 -0.00080725548 0)
(0.0034933724 -0.00061515087 0)
(0.0030064072 -0.00046547646 0)
(0.002585462 -0.00035016314 0)
(0.0022219795 -0.00026214111 0)
(0.0019084922 -0.00019547583 0)
(0.0016384291 -0.00014530863 0)
(0.0014060079 -0.00010775021 0)
(0.0012061493 -7.9745288e-05 0)
(0.0010344118 -5.8929839e-05 0)
(0.00088691949 -4.3496269e-05 0)
(0.00076030988 -3.2075017e-05 0)
(0.00065166872 -2.363563e-05 0)
(0.00055847547 -1.7406874e-05 0)
(0.00047855423 -1.2813881e-05 0)
(0.00041002958 -9.4294988e-06 0)
(0.0003512869 -6.937094e-06 0)
(0.00030093732 -5.1023958e-06 0)
(0.000257787 -3.7523211e-06 0)
(0.00022081035 -2.7591366e-06 0)
(0.00018912669 -2.0286599e-06 0)
(0.0001619801 -1.4914947e-06 0)
(0.00013872196 -1.0965366e-06 0)
(0.00011879585 -8.0616745e-07 0)
(0.00010172457 -5.9270658e-07 0)
(8.709892e-05 -4.3579117e-07 0)
(7.4568027e-05 -3.2044516e-07 0)
(6.383109e-05 -2.3565623e-07 0)
(5.4630217e-05 -1.7332795e-07 0)
(4.6744302e-05 -1.2750836e-07 0)
(3.998376e-05 -9.3822412e-08 0)
(3.4185998e-05 -6.9054371e-08 0)
(2.9211536e-05 -5.0840768e-08 0)
(2.4940666e-05 -3.7444539e-08 0)
(2.1270587e-05 -2.758903e-08 0)
(1.8112942e-05 -2.0335915e-08 0)
(1.5391694e-05 -1.4995497e-08 0)
(1.3041308e-05 -1.1060735e-08 0)
(1.100517e-05 -8.1587717e-09 0)
(9.2342291e-06 -6.0152737e-09 0)
(7.6858204e-06 -4.4282188e-09 0)
(6.3226356e-06 -3.2485824e-09 0)
(5.1118273e-06 -2.3661128e-09 0)
(4.0242175e-06 -1.6987939e-09 0)
(3.0335961e-06 -1.1850588e-09 0)
(2.1160906e-06 -7.7793812e-10 0)
(1.2495899e-06 -4.4055941e-10 0)
(4.1320969e-07 -1.4259936e-10 0)
(0.0044506774 -0.00061522651 0)
(0.0038206044 -0.00047161021 0)
(0.0032794411 -0.00035883791 0)
(0.002814748 -0.00027129883 0)
(0.0024155562 -0.00020400144 0)
(0.0020726026 -0.00015270043 0)
(0.0017779947 -0.00011387313 0)
(0.0015249715 -8.4661197e-05 0)
(0.0013077202 -6.2790038e-05 0)
(0.0011212314 -4.6478914e-05 0)
(0.00096119041 -3.4352218e-05 0)
(0.00082388098 -2.5358775e-05 0)
(0.00070610181 -1.870203e-05 0)
(0.00060509534 -1.3782411e-05 0)
(0.00051848823 -1.0150982e-05 0)
(0.00044423927 -7.4729657e-06 0)
(0.00038059378 -5.4995142e-06 0)
(0.0003260441 -4.0461095e-06 0)
(0.00027929521 -2.9761983e-06 0)
(0.00023923516 -2.1888755e-06 0)
(0.00020490945 -1.6096656e-06 0)
(0.00017549897 -1.1836509e-06 0)
(0.000150301 -8.7036496e-07 0)
(0.00012871274 -6.4000657e-07 0)
(0.00011021724 -4.7063912e-07 0)
(9.4371208e-05 -3.461209e-07 0)
(8.0794581e-05 -2.5457765e-07 0)
(6.9161498e-05 -1.8727644e-07 0)
(5.9192589e-05 -1.3779575e-07 0)
(5.0648329e-05 -1.0141444e-07 0)
(4.3323333e-05 -7.4661831e-08 0)
(3.7041458e-05 -5.4986754e-08 0)
(3.1651594e-05 -4.0514015e-08 0)
(2.7024051e-05 -2.9865354e-08 0)
(2.3047453e-05 -2.202773e-08 0)
(1.962607e-05 -1.6256537e-08 0)
(1.6677524e-05 -1.2004406e-08 0)
(1.4130807e-05 -8.8689068e-09 0)
(1.1924581e-05 -6.5540607e-09 0)
(1.0005701e-05 -4.8420763e-09 0)
(8.3279385e-06 -3.5725297e-09 0)
(6.8508706e-06 -2.627063e-09 0)
(5.5389068e-06 -1.9180752e-09 0)
(4.3604322e-06 -1.3803797e-09 0)
(3.2870477e-06 -9.6501909e-10 0)
(2.292887e-06 -6.3463324e-10 0)
(1.3539914e-06 -3.5986218e-10 0)
(4.4773286e-07 -1.1655718e-10 0)
(0.0047241395 -0.00038461727 0)
(0.0040468495 -0.00029594546 0)
(0.0034677998 -0.00022597149 0)
(0.0029725299 -0.00017139501 0)
(0.0025484429 -0.00012924886 0)
(0.0021850237 -9.6987254e-05 0)
(0.0018734378 -7.2479312e-05 0)
(0.0016062175 -5.3981175e-05 0)
(0.0013770173 -4.0093666e-05 0)
(0.0011804208 -2.9713113e-05 0)
(0.0010117976 -2.1981338e-05 0)
(0.00086718069 -1.6238744e-05 0)
(0.00074316725 -1.1983174e-05 0)
(0.00063683445 -8.8351892e-06 0)
(0.00054567204 -6.5097897e-06 0)
(0.00046752444 -4.793925e-06 0)
(0.00040054073 -3.5289192e-06 0)
(0.00034313181 -2.5969366e-06 0)
(0.00029393346 -1.9106694e-06 0)
(0.00025177479 -1.4055428e-06 0)
(0.00021565093 -1.0338626e-06 0)
(0.00018469974 -7.6044026e-07 0)
(0.00015818159 -5.5933593e-07 0)
(0.00013546214 -4.1144051e-07 0)
(0.00011599736 -3.0268423e-07 0)
(9.9320792e-05 -2.2271209e-07 0)
(8.5032468e-05 -1.6390556e-07 0)
(7.2789487e-05 -1.2066089e-07 0)
(6.2297863e-05 -8.885716e-08 0)
(5.3305537e-05 -6.5464364e-08 0)
(4.5596372e-05 -4.8254907e-08 0)
(3.8985005e-05 -3.5591231e-08 0)
(3.3312411e-05 -2.6269613e-08 0)
(2.8442107e-05 -1.940523e-08 0)
(2.4256882e-05 -1.4347681e-08 0)
(2.0655991e-05 -1.0618833e-08 0)
(1.7552735e-05 -7.8671664e-09 0)
(1.4872387e-05 -5.8341773e-09 0)
(1.2550391e-05 -4.3297034e-09 0)
(1.0530815e-05 -3.2137601e-09 0)
(8.7650065e-06 -2.3831992e-09 0)
(7.2104228e-06 -1.7618702e-09 0)
(5.829606e-06 -1.2933757e-09 0)
(4.5892829e-06 -9.3570046e-10 0)
(3.4595644e-06 -6.5726439e-10 0)
(2.4132267e-06 -4.3394323e-10 0)
(1.4250544e-06 -2.4675303e-10 0)
(4.7123173e-07 -8.0037394e-11 0)
(0.0048639254 -0.00013079032 0)
(0.0041624302 -0.00010082111 0)
(0.0035639194 -7.7114966e-05 0)
(0.0030529382 -5.8582492e-05 0)
(0.0026160725 -4.4239608e-05 0)
(0.0022421683 -3.3238312e-05 0)
(0.0019219024 -2.4865834e-05 0)
(0.0016474401 -1.8536375e-05 0)
(0.0014121548 -1.3778062e-05 0)
(0.0012104199 -1.0217323e-05 0)
(0.0010374372 -7.5626728e-06 0)
(0.00088911252 -5.5894973e-06 0)
(0.00076193786 -4.1263637e-06 0)
(0.00065290545 -3.0434973e-06 0)
(0.00055943506 -2.2432708e-06 0)
(0.00047931272 -1.6526087e-06 0)
(0.00041063849 -1.2170301e-06 0)
(0.00035178182 -8.9604413e-07 0)
(0.00030134337 -6.5963146e-07 0)
(0.00025812228 -4.8557912e-07 0)
(0.00022108817 -3.5747521e-07 0)
(0.00018935706 -2.6320822e-07 0)
(0.00016217066 -1.938484e-07 0)
(0.00013887862 -1.4281662e-07 0)
(0.00011892322 -1.0526835e-07 0)
(0.00010182625 -7.7637896e-08 0)
(8.7177679e-05 -5.7301718e-08 0)
(7.4625981e-05 -4.2330024e-08 0)
(6.3869769e-05 -3.1303589e-08 0)
(5.4650639e-05 -2.3178842e-08 0)
(4.6747013e-05 -1.7188493e-08 0)
(3.9968858e-05 -1.2768433e-08 0)
(3.4153147e-05 -9.5039094e-09 0)
(2.9159957e-05 -7.089981e-09 0)
(2.4869125e-05 -5.302403e-09 0)
(2.1177365e-05 -3.9762494e-09 0)
(1.7995793e-05 -2.9901746e-09 0)
(1.5247798e-05 -2.2548654e-09 0)
(1.2867196e-05 -1.7045324e-09 0)
(1.0796645e-05 -1.2906712e-09 0)
(8.9862659e-06 -9.7745948e-10 0)
(7.3924413e-06 -7.3838312e-10 0)
(5.9767688e-06 -5.5372756e-10 0)
(4.7051357e-06 -4.087364e-10 0)
(3.5468987e-06 -2.9226315e-10 0)
(2.4741472e-06 -1.9576057e-10 0)
(1.4610291e-06 -1.1244468e-10 0)
(4.831277e-07 -3.6659862e-11 0)
(0.0048639262 0.00013078962 0)
(0.0041624332 0.00010081928 0)
(0.0035639244 7.7112219e-05 0)
(0.0030529451 5.8579094e-05 0)
(0.0026160813 4.4235753e-05 0)
(0.002242178 3.3234131e-05 0)
(0.0019219135 2.4861382e-05 0)
(0.0016474502 1.8531691e-05 0)
(0.0014121652 1.3773168e-05 0)
(0.0012104271 1.021225e-05 0)
(0.0010374441 7.557491e-06 0)
(0.00088911803 5.5842712e-06 0)
(0.0007619419 4.1211698e-06 0)
(0.00065290823 3.0383881e-06 0)
(0.00055943685 2.2382786e-06 0)
(0.00047931379 1.6477559e-06 0)
(0.00041063906 1.2123356e-06 0)
(0.00035178206 8.9152599e-07 0)
(0.0003013434 6.5530702e-07 0)
(0.00025812218 4.8146405e-07 0)
(0.00022108801 3.5358239e-07 0)
(0.00018935687 2.5954696e-07 0)
(0.00016217047 1.9042416e-07 0)
(0.00013887844 1.3963107e-07 0)
(0.00011892306 1.0231976e-07 0)
(0.00010182611 7.4921577e-08 0)
(8.7177568e-05 5.4810604e-08 0)
(7.4625893e-05 4.0055159e-08 0)
(6.3869701e-05 2.9234634e-08 0)
(5.4650588e-05 2.1304501e-08 0)
(4.6746976e-05 1.5496904e-08 0)
(3.9968834e-05 1.1247482e-08 0)
(3.4153132e-05 8.1415138e-09 0)
(2.9159949e-05 5.8743031e-09 0)
(2.4869121e-05 4.2220336e-09 0)
(2.1177364e-05 3.0203422e-09 0)
(1.7995795e-05 2.1485523e-09 0)
(1.5247802e-05 1.5180922e-09 0)
(1.2867201e-05 1.0639662e-09 0)
(1.079665e-05 7.384935e-10 0)
(8.9862703e-06 5.0669052e-10 0)
(7.3924452e-06 3.4287939e-10 0)
(5.9767721e-06 2.2818782e-10 0)
(4.7051383e-06 1.4870715e-10 0)
(3.5469007e-06 9.4082458e-11 0)
(2.4741486e-06 5.6480234e-11 0)
(1.4610299e-06 2.9846643e-11 0)
(4.8312801e-07 9.301101e-12 0)
(0.004724142 0.0003846166 0)
(0.0040468579 0.00029594374 0)
(0.0034678143 0.00022596889 0)
(0.00297255 0.0001713918 0)
(0.002548468 0.00012924521 0)
(0.0021850526 9.6983266e-05 0)
(0.0018734677 7.2475066e-05 0)
(0.0016062478 5.3976685e-05 0)
(0.0013770434 4.0088956e-05 0)
(0.0011804443 2.9708247e-05 0)
(0.0010118165 2.1976361e-05 0)
(0.00086719603 1.6233729e-05 0)
(0.00074317878 1.1978182e-05 0)
(0.00063684246 8.8302617e-06 0)
(0.00054567721 6.5049582e-06 0)
(0.00046752751 4.7892143e-06 0)
(0.00040054235 3.5243518e-06 0)
(0.00034313247 2.5925339e-06 0)
(0.00029393353 1.9064512e-06 0)
(0.00025177449 1.4015265e-06 0)
(0.00021565045 1.030062e-06 0)
(0.00018469918 7.5686519e-07 0)
(0.00015818102 5.5599217e-07 0)
(0.00013546161 4.0832993e-07 0)
(0.00011599689 2.9980523e-07 0)
(9.932039e-05 2.2006013e-07 0)
(8.5032137e-05 1.6147371e-07 0)
(7.2789224e-05 1.1844038e-07 0)
(6.229766e-05 8.6837844e-08 0)
(5.3305385e-05 6.3635171e-08 0)
(4.5596263e-05 4.6604205e-08 0)
(3.8984929e-05 3.4107164e-08 0)
(3.3312362e-05 2.4940347e-08 0)
(2.8442078e-05 1.8219188e-08 0)
(2.4256869e-05 1.3293703e-08 0)
(2.0655989e-05 9.6863198e-09 0)
(1.755274e-05 7.0461719e-09 0)
(1.4872396e-05 5.115486e-09 0)
(1.2550402e-05 3.7048741e-09 0)
(1.0530827e-05 2.6751605e-09 0)
(8.7650185e-06 1.9240142e-09 0)
(7.2104337e-06 1.3761047e-09 0)
(5.8296152e-06 9.7585485e-10 0)
(4.5892902e-06 6.8207832e-10 0)
(3.4595698e-06 4.6396856e-10 0)
(2.4132305e-06 2.9809813e-10 0)
(1.4250567e-06 1.6618818e-10 0)
(4.7123241e-07 5.3353728e-11 0)
(0.0044506813 0.00061522592 0)
(0.0038206176 0.00047160863 0)
(0.0032794631 0.00035883559 0)
(0.0028147791 0.00027129593 0)
(0.0024155942 0.00020399812 0)
(0.0020726454 0.0001526968 0)
(0.0017780406 0.00011386923 0)
(0.0015250157 8.4657054e-05 0)
(0.0013077606 6.2785694e-05 0)
(0.0011212655 4.6474407e-05 0)
(0.00096121927 3.4347632e-05 0)
(0.00082390426 2.5354155e-05 0)
(0.00070611918 1.8697411e-05 0)
(0.00060510733 1.3777824e-05 0)
(0.00051849592 1.0146454e-05 0)
(0.00044424379 7.4685269e-06 0)
(0.00038059612 5.4951927e-06 0)
(0.00032604499 4.0419321e-06 0)
(0.00027929519 2.9721889e-06 0)
(0.00023923461 2.185054e-06 0)
(0.00020490862 1.6060473e-06 0)
(0.00017549804 1.1802466e-06 0)
(0.00015030006 8.6718075e-07 0)
(0.00012871187 6.3704463e-07 0)
(0.00011021647 4.678981e-07 0)
(9.4370553e-05 3.435965e-07 0)
(8.0794042e-05 2.5226324e-07 0)
(6.9161068e-05 1.8516358e-07 0)
(5.9192256e-05 1.3587472e-07 0)
(5.0648079e-05 9.9674597e-08 0)
(4.3323152e-05 7.3092032e-08 0)
(3.7041332e-05 5.3575634e-08 0)
(3.1651512e-05 3.9250263e-08 0)
(2.7024001e-05 2.8737896e-08 0)
(2.3047428e-05 2.1025919e-08 0)
(1.9626063e-05 1.5370253e-08 0)
(1.6677529e-05 1.1224172e-08 0)
(1.413082e-05 8.185937e-09 0)
(1.1924597e-05 5.9603199e-09 0)
(1.0005719e-05 4.3302952e-09 0)
(8.3279559e-06 3.1362256e-09 0)
(6.8508865e-06 2.2605289e-09 0)
(5.5389203e-06 1.6163909e-09 0)
(4.360443e-06 1.1394112e-09 0)
(3.2870559e-06 7.8136803e-10 0)
(2.2928927e-06 5.055634e-10 0)
(1.3539948e-06 2.8332315e-10 0)
(4.4773402e-07 9.1203441e-11 0)
(0.0040556936 0.00080725493 0)
(0.0034933881 0.00061514951 0)
(0.0030064351 0.00046547442 0)
(0.0025854991 0.0003501606 0)
(0.0022220257 0.0002621382 0)
(0.0019085449 0.0001954726 0)
(0.0016384833 0.00014530516 0)
(0.0014060609 0.00010774656 0)
(0.0012061979 7.9741448e-05 0)
(0.0010344531 5.8925869e-05 0)
(0.00088695401 4.3492214e-05 0)
(0.0007603373 3.2070919e-05 0)
(0.00065168903 2.3631505e-05 0)
(0.00055848945 1.740274e-05 0)
(0.00047856315 1.2809768e-05 0)
(0.00041003477 9.4254389e-06 0)
(0.00035128948 6.933122e-06 0)
(0.00030093818 5.0985436e-06 0)
(0.00025778678 3.7486161e-06 0)
(0.00022080949 2.755601e-06 0)
(0.00018912551 2.0253101e-06 0)
(0.0001619788 1.4883423e-06 0)
(0.00013872068 1.093588e-06 0)
(0.00011879467 8.0342506e-07 0)
(0.00010172354 5.901693e-07 0)
(8.7098042e-05 4.3345506e-07 0)
(7.4567305e-05 3.18304e-07 0)
(6.3830513e-05 2.3370213e-07 0)
(5.4629768e-05 1.7155176e-07 0)
(4.6743963e-05 1.2590013e-07 0)
(3.9983512e-05 9.2371716e-08 0)
(3.4185823e-05 6.7750607e-08 0)
(2.9211419e-05 4.9673383e-08 0)
(2.4940593e-05 3.6403236e-08 0)
(2.1270547e-05 2.6663904e-08 0)
(1.8112926e-05 1.9517578e-08 0)
(1.5391694e-05 1.4275154e-08 0)
(1.3041319e-05 1.0430247e-08 0)
(1.1005186e-05 7.6106958e-09 0)
(9.2342483e-06 5.5428841e-09 0)
(7.6858398e-06 4.0255153e-09 0)
(6.3226536e-06 2.9102904e-09 0)
(5.1118428e-06 2.0876813e-09 0)
(4.02423e-06 1.4764022e-09 0)
(3.0336056e-06 1.01557e-09 0)
(2.1160974e-06 6.5882662e-10 0)
(1.249594e-06 3.6991416e-10 0)
(4.1321098e-07 1.192026e-10 0)
(0.0035572186 0.00094561549 0)
(0.0030792701 0.00071444685 0)
(0.0026595636 0.0005363458 0)
(0.0022930282 0.00040061636 0)
(0.0019742026 0.00029806681 0)
(0.0016978093 0.00022111383 0)
(0.0014588462 0.000163667 0)
(0.0012526692 0.00012094637 0)
(0.0010750632 8.9266689e-05 0)
(0.00092225632 6.5823321e-05 0)
(0.00079090883 4.8501784e-05 0)
(0.00067808957 3.5718396e-05 0)
(0.00058124085 2.6292597e-05 0)
(0.00049813985 1.934731e-05 0)
(0.00042686085 1.4232536e-05 0)
(0.0003657395 1.0467447e-05 0)
(0.00031334022 7.6968505e-06 0)
(0.0002684265 5.658642e-06 0)
(0.00022993457 4.1595676e-06 0)
(0.00019695004 3.0572312e-06 0)
(0.00016868748 2.2467655e-06 0)
(0.00014447255 1.6509727e-06 0)
(0.00012372658 1.2130436e-06 0)
(0.00010595312 8.9118377e-07 0)
(9.0726398e-05 6.5465272e-07 0)
(7.7681293e-05 4.808442e-07 0)
(6.650477e-05 3.5313654e-07 0)
(5.6928453e-05 2.5930994e-07 0)
(4.872227e-05 1.9038171e-07 0)
(4.1688969e-05 1.3974939e-07 0)
(3.5659427e-05 1.025604e-07 0)
(3.0488605e-05 7.5248509e-08 0)
(2.6052086e-05 5.5192998e-08 0)
(2.2243094e-05 4.0468069e-08 0)
(1.8969936e-05 2.9658618e-08 0)
(1.6153802e-05 2.1724842e-08 0)
(1.3726875e-05 1.5902679e-08 0)
(1.1630704e-05 1.1630665e-08 0)
(9.8147953e-06 8.4961321e-09 0)
(8.2354027e-06 6.195679e-09 0)
(6.8544744e-06 4.5060662e-09 0)
(5.6387369e-06 3.2628215e-09 0)
(4.5588953e-06 2.3444424e-09 0)
(3.5889272e-06 1.6607481e-09 0)
(2.7054581e-06 1.1441619e-09 0)
(1.887197e-06 7.4323653e-10 0)
(1.1144236e-06 4.1772468e-10 0)
(3.6851349e-07 1.3467279e-10 0)
(0.0029788521 0.0010156842 0)
(0.0025961257 0.00075830999 0)
(0.0022522237 0.00056301569 0)
(0.001947471 0.00041645608 0)
(0.0016799267 0.0003073161 0)
(0.001446615 0.00022645452 0)
(0.0012441074 0.00016673023 0)
(0.0010689266 0.00012269747 0)
(0.00091775238 9.0266708e-05 0)
(0.00078752461 6.6394845e-05 0)
(0.00067548957 4.8829079e-05 0)
(0.00057920204 3.590639e-05 0)
(0.00049651188 2.6400988e-05 0)
(0.00042554083 1.9410087e-05 0)
(0.0003646558 1.4269088e-05 0)
(0.00031244185 1.0488863e-05 0)
(0.00026767634 7.7094939e-06 0)
(0.00022930491 5.6661762e-06 0)
(0.00019641972 4.1641108e-06 0)
(0.00016823998 3.0600134e-06 0)
(0.00014409479 2.2485038e-06 0)
(0.000123408 1.6520871e-06 0)
(0.00010568516 1.2137813e-06 0)
(9.0502038e-05 8.9169111e-07 0)
(7.7494779e-05 6.5501663e-07 0)
(6.6351387e-05 4.8111676e-07 0)
(5.6804366e-05 3.5334918e-07 0)
(4.8624396e-05 2.5948181e-07 0)
(4.1614891e-05 1.9052464e-07 0)
(3.5607319e-05 1.3987083e-07 0)
(3.0457184e-05 1.0266515e-07 0)
(2.6040576e-05 7.5339763e-08 0)
(2.2251204e-05 5.5272967e-08 0)
(1.899785e-05 4.053835e-08 0)
(1.6202186e-05 2.9720427e-08 0)
(1.3796891e-05 2.1779135e-08 0)
(1.1724034e-05 1.5950242e-08 0)
(9.933686e-06 1.1672157e-08 0)
(8.3827183e-06 8.5321197e-09 0)
(7.0337641e-06 6.2266467e-09 0)
(5.8543211e-06 4.5324378e-09 0)
(4.8159697e-06 3.2849567e-09 0)
(3.8936879e-06 2.362652e-09 0)
(3.0652498e-06 1.6752842e-09 0)
(2.3106904e-06 1.1552392e-09 0)
(1.6118255e-06 7.5102259e-10 0)
(9.5181188e-07 4.2233077e-10 0)
(3.1474139e-07 1.3620396e-10 0)
(0.0023491945 0.0010043293 0)
(0.0020644042 0.00073715969 0)
(0.0017990871 0.00053868712 0)
(0.0015597636 0.00039312479 0)
(0.0013477001 0.0002869908 0)
(0.0011617827 0.00020972637 0)
(0.00099988167 0.00015344386 0)
(0.00085952076 0.0001123859 0)
(0.00073821061 8.238673e-05 0)
(0.00063360075 6.0436573e-05 0)
(0.00054354034 4.4357217e-05 0)
(0.00046610088 3.2567892e-05 0)
(0.00039957547 2.3918202e-05 0)
(0.0003424663 1.7568924e-05 0)
(0.00029346698 1.2906633e-05 0)
(0.00025144314 9.4822708e-06 0)
(0.00021541308 6.966732e-06 0)
(0.00018452933 5.1186184e-06 0)
(0.00015806164 3.7607596e-06 0)
(0.00013538171 2.763069e-06 0)
(0.0001159495 2.0300027e-06 0)
(9.9301186e-05 1.491373e-06 0)
(8.5038658e-05 1.0956129e-06 0)
(7.2820363e-05 8.0483256e-07 0)
(6.2353358e-05 5.9119068e-07 0)
(5.3386461e-05 4.3422894e-07 0)
(4.5704325e-05 3.189142e-07 0)
(3.9122352e-05 2.3419983e-07 0)
(3.3482297e-05 1.719687e-07 0)
(2.8648513e-05 1.2625635e-07 0)
(2.4504698e-05 9.2680245e-08 0)
(2.0951129e-05 6.8020172e-08 0)
(1.7902265e-05 4.9910108e-08 0)
(1.5284699e-05 3.6611588e-08 0)
(1.3035398e-05 2.6847326e-08 0)
(1.1100189e-05 1.9678809e-08 0)
(9.432459e-06 1.441647e-08 0)
(7.9920319e-06 1.0553568e-08 0)
(6.7442043e-06 7.7176806e-09 0)
(5.658911e-06 5.6349628e-09 0)
(4.7100004e-06 4.1039353e-09 0)
(3.8746065e-06 2.9761195e-09 0)
(3.132597e-06 2.1418363e-09 0)
(2.4660899e-06 1.5196416e-09 0)
(1.859022e-06 1.0485114e-09 0)
(1.2967631e-06 6.8196616e-10 0)
(7.657613e-07 3.8364488e-10 0)
(2.5321909e-07 1.2374504e-10 0)
(0.0017007924 0.00090179652 0)
(0.0015047973 0.00064382841 0)
(0.0013141101 0.00045874066 0)
(0.0011403339 0.00032830181 0)
(0.00098591458 0.00023630799 0)
(0.00085033876 0.00017097609 0)
(0.00073212905 0.00012421712 0)
(0.00062953682 9.0526118e-05 0)
(0.00054079364 6.612331e-05 0)
(0.00046421778 4.8378526e-05 0)
(0.0003982618 3.5437952e-05 0)
(0.00034153111 2.5981087e-05 0)
(0.00029278627 1.9059585e-05 0)
(0.00025093622 1.3988162e-05 0)
(0.00021502725 1.0269362e-05 0)
(0.00018422987 7.5408719e-06 0)
(0.00015782547 5.5381592e-06 0)
(0.00013519324 4.0677423e-06 0)
(0.000115798 2.9879238e-06 0)
(9.9179173e-05 2.1948336e-06 0)
(8.4940799e-05 1.6122798e-06 0)
(7.2742805e-05 1.1843458e-06 0)
(6.2293305e-05 8.6998084e-07 0)
(5.3341882e-05 6.3904051e-07 0)
(4.5673781e-05 4.6938508e-07 0)
(3.9104873e-05 3.4475213e-07 0)
(3.3477315e-05 2.5319524e-07 0)
(2.8655808e-05 1.8593815e-07 0)
(2.4524383e-05 1.3653319e-07 0)
(2.0983634e-05 1.0024344e-07 0)
(1.7948342e-05 7.358868e-08 0)
(1.5345438e-05 5.4012069e-08 0)
(1.3112247e-05 3.9635065e-08 0)
(1.119499e-05 2.9077545e-08 0)
(9.5474883e-06 2.1325501e-08 0)
(8.1300558e-06 1.5633955e-08 0)
(6.9085457e-06 1.1455511e-08 0)
(5.8535277e-06 8.3879541e-09 0)
(4.9395815e-06 6.1356496e-09 0)
(4.1446837e-06 4.4812498e-09 0)
(3.4496794e-06 3.2648115e-09 0)
(2.8378194e-06 2.3684927e-09 0)
(2.294358e-06 1.7052163e-09 0)
(1.806197e-06 1.2103402e-09 0)
(1.3615713e-06 8.3541455e-10 0)
(9.4976501e-07 5.4354476e-10 0)
(5.6085295e-07 3.0583865e-10 0)
(1.8546052e-07 9.8666602e-11 0)
(0.0010714198 0.00071234198 0)
(0.00093336924 0.00047381786 0)
(0.0008072011 0.0003209653 0)
(0.00069753454 0.00022265266 0)
(0.00060218205 0.00015731258 0)
(0.00051914888 0.00011254418 0)
(0.00044694453 8.1185284e-05 0)
(0.00038432029 5.8888315e-05 0)
(0.00033015008 4.2875283e-05 0)
(0.00028340032 3.1297328e-05 0)
(0.00024312888 2.288727e-05 0)
(0.00020848768 1.6758619e-05 0)
(0.00017872222 1.2282335e-05 0)
(0.00015316748 9.0076184e-06 0)
(0.00013124155 6.6091444e-06 0)
(0.00011243797 4.850974e-06 0)
(9.6317745e-05 3.5613863e-06 0)
(8.2501543e-05 2.6150786e-06 0)
(7.0662327e-05 1.9204503e-06 0)
(6.0518626e-05 1.4104472e-06 0)
(5.1828489e-05 1.0359358e-06 0)
(4.4384133e-05 7.6088801e-07 0)
(3.8007234e-05 5.5887165e-07 0)
(3.254483e-05 4.1048719e-07 0)
(2.7865756e-05 3.0149266e-07 0)
(2.3857571e-05 2.2143034e-07 0)
(2.0423895e-05 1.6262013e-07 0)
(1.7482125e-05 1.1942116e-07 0)
(1.4961465e-05 8.7690061e-08 0)
(1.2801238e-05 6.438321e-08 0)
(1.094943e-05 4.7264789e-08 0)
(9.3614465e-06 3.4692308e-08 0)
(7.9990386e-06 2.5459152e-08 0)
(6.8293883e-06 1.8678875e-08 0)
(5.8243172e-06 1.3700252e-08 0)
(4.9596101e-06 1.004483e-08 0)
(4.2144318e-06 7.3610888e-09 0)
(3.5708263e-06 5.3907241e-09 0)
(3.0132837e-06 3.9439011e-09 0)
(2.5283681e-06 2.8810397e-09 0)
(2.1043928e-06 2.0994406e-09 0)
(1.7311399e-06 1.523423e-09 0)
(1.3996132e-06 1.097077e-09 0)
(1.1018222e-06 7.7888579e-10 0)
(8.3058965e-07 5.3773538e-10 0)
(5.7937834e-07 3.4992807e-10 0)
(3.4213295e-07 1.9692562e-10 0)
(1.1313523e-07 6.3530908e-11 0)
(0.0005222791 0.00047275267 0)
(0.00034786965 0.00021561296 0)
(0.0002793647 0.00012475647 0)
(0.00023671549 8.1290086e-05 0)
(0.00020326508 5.5980479e-05 0)
(0.00017495644 3.9583019e-05 0)
(0.00015053497 2.8378365e-05 0)
(0.00012940427 2.050857e-05 0)
(0.00011114148 1.4895381e-05 0)
(9.5386747e-05 1.0854248e-05 0)
(8.1818987e-05 7.9273688e-06 0)
(7.015091e-05 5.7989248e-06 0)
(6.0127365e-05 4.2467619e-06 0)
(5.1523615e-05 3.1126022e-06 0)
(4.4143075e-05 2.2826943e-06 0)
(3.7814718e-05 1.6747912e-06 0)
(3.2390355e-05 1.229169e-06 0)
(2.7741986e-05 9.0232553e-07 0)
(2.37593e-05 6.6250281e-07 0)
(2.0347391e-05 4.8647893e-07 0)
(1.742471e-05 3.5725312e-07 0)
(1.4921246e-05 2.6236809e-07 0)
(1.2776931e-05 1.9268979e-07 0)
(1.0940258e-05 1.4151758e-07 0)
(9.3670679e-06 1.0393418e-07 0)
(8.0195149e-06 7.6330024e-08 0)
(6.8651654e-06 5.6054993e-08 0)
(5.8762267e-06 4.1163056e-08 0)
(5.0288826e-06 3.0225063e-08 0)
(4.3027229e-06 2.2191365e-08 0)
(3.6802542e-06 1.6290992e-08 0)
(3.1464792e-06 1.1957635e-08 0)
(2.6885366e-06 8.775306e-09 0)
(2.2953915e-06 6.4384223e-09 0)
(1.9575698e-06 4.7225004e-09 0)
(1.6669303e-06 3.4626254e-09 0)
(1.4164686e-06 2.537636e-09 0)
(1.2001484e-06 1.8585067e-09 0)
(1.0127561e-06 1.3598096e-09 0)
(8.4977497e-07 9.9344081e-10 0)
(7.072769e-07 7.240052e-10 0)
(5.8182721e-07 5.254217e-10 0)
(4.7040211e-07 3.784214e-10 0)
(3.7031586e-07 2.6869631e-10 0)
(2.7915607e-07 1.855233e-10 0)
(1.9472545e-07 1.2073762e-10 0)
(1.1498884e-07 6.7947246e-11 0)
(3.8024094e-08 2.192084e-11 0)
)
;

boundaryField
{
    inlet
    {
        type            cellMotion;
        value           uniform (0 0 0);
    }
    outlet
    {
        type            cellMotion;
        value           uniform (0 0 0);
    }
    top
    {
        type            cellMotion;
        value           nonuniform List<vector> 
96
(
(0 0 0)
(0 0 0)
(0 0 0)
(0 0 0)
(0 0 0)
(0 0 0)
(0 0 0)
(0 0 0)
(0 0 0)
(0 0 0)
(0 0 0)
(0 0 0)
(0 0 0)
(0 0 0)
(0 0 0)
(0 0 0)
(0 0 0)
(0 0 0)
(0 0 0)
(0 0 0)
(0 0 0)
(0 0 0)
(0 0 0)
(0 0 0)
(0 0 0)
(0 0 0)
(0 0 0)
(0 0 0)
(0 0 0)
(0 0 0)
(0 0 0)
(0 0 0)
(0 0 0)
(0 0 0)
(0 0 0)
(0 0 0)
(0 0 0)
(0 0 0)
(0 0 0)
(0 0 0)
(0 0 0)
(0 0 0)
(0 0 0)
(0 0 0)
(0 0 0)
(0 0 0)
(0 0 0)
(0.00023390159 -0.00028927419 0)
(0.00023371102 0.00029091829 0)
(0 0 0)
(0 0 0)
(0 0 0)
(0 0 0)
(0 0 0)
(0 0 0)
(0 0 0)
(0 0 0)
(0 0 0)
(0 0 0)
(0 0 0)
(0 0 0)
(0 0 0)
(0 0 0)
(0 0 0)
(0 0 0)
(0 0 0)
(0 0 0)
(0 0 0)
(0 0 0)
(0 0 0)
(0 0 0)
(0 0 0)
(0 0 0)
(0 0 0)
(0 0 0)
(0 0 0)
(0 0 0)
(0 0 0)
(0 0 0)
(0 0 0)
(0 0 0)
(0 0 0)
(0 0 0)
(0 0 0)
(0 0 0)
(0 0 0)
(0 0 0)
(0 0 0)
(0 0 0)
(0 0 0)
(0 0 0)
(0 0 0)
(0 0 0)
(0 0 0)
(0 0 0)
(0 0 0)
)
;
    }
    bottom
    {
        type            cellMotion;
        value           nonuniform List<vector> 
96
(
(0 0 0)
(0 0 0)
(0 0 0)
(0 0 0)
(0 0 0)
(0 0 0)
(0 0 0)
(0 0 0)
(0 0 0)
(0 0 0)
(0 0 0)
(0 0 0)
(0 0 0)
(0 0 0)
(0 0 0)
(0 0 0)
(0 0 0)
(0 0 0)
(0 0 0)
(0 0 0)
(0 0 0)
(0 0 0)
(0 0 0)
(0 0 0)
(0 0 0)
(0 0 0)
(0 0 0)
(0 0 0)
(0 0 0)
(0 0 0)
(0 0 0)
(0 0 0)
(0 0 0)
(0 0 0)
(0 0 0)
(0 0 0)
(0 0 0)
(0 0 0)
(0 0 0)
(0 0 0)
(0 0 0)
(0 0 0)
(0 0 0)
(0 0 0)
(0 0 0)
(0 0 0)
(0 0 0)
(0.00023390156 0.00028927416 0)
(0.000233711 -0.00029091827 0)
(0 0 0)
(0 0 0)
(0 0 0)
(0 0 0)
(0 0 0)
(0 0 0)
(0 0 0)
(0 0 0)
(0 0 0)
(0 0 0)
(0 0 0)
(0 0 0)
(0 0 0)
(0 0 0)
(0 0 0)
(0 0 0)
(0 0 0)
(0 0 0)
(0 0 0)
(0 0 0)
(0 0 0)
(0 0 0)
(0 0 0)
(0 0 0)
(0 0 0)
(0 0 0)
(0 0 0)
(0 0 0)
(0 0 0)
(0 0 0)
(0 0 0)
(0 0 0)
(0 0 0)
(0 0 0)
(0 0 0)
(0 0 0)
(0 0 0)
(0 0 0)
(0 0 0)
(0 0 0)
(0 0 0)
(0 0 0)
(0 0 0)
(0 0 0)
(0 0 0)
(0 0 0)
(0 0 0)
)
;
    }
    interface
    {
        type            cellMotion;
        value           nonuniform List<vector> 
40
(
(0.00062595537 0.00065115687 0)
(0.0011172787 0.00085297291 0)
(0.0018054139 0.0010634179 0)
(0.0025157208 0.0011684269 0)
(0.0032075048 0.0011676455 0)
(0.0038436202 0.0010775324 0)
(0.0043915983 0.00091392369 0)
(0.0048254069 0.00069340847 0)
(0.0051254737 0.00043226197 0)
(0.0052787653 0.00014679118 0)
(0.0052787653 -0.00014679113 0)
(0.0051254738 -0.00043226193 0)
(0.004825407 -0.00069340844 0)
(0.0043915985 -0.00091392367 0)
(0.0038436204 -0.0010775324 0)
(0.003207505 -0.0011676455 0)
(0.002515721 -0.0011684269 0)
(0.0018054141 -0.001063418 0)
(0.0011172788 -0.00085297296 0)
(0.00062595545 -0.00065115693 0)
(0.00062515647 -0.00065612755 0)
(0.0011156738 -0.00086210742 0)
(0.0018035178 -0.0010762507 0)
(0.0025140142 -0.0011829356 0)
(0.0032059228 -0.0011824147 0)
(0.003842062 -0.0010913579 0)
(0.0043899947 -0.00092579119 0)
(0.0048237249 -0.00070249362 0)
(0.0051237185 -0.00043796099 0)
(0.0052769668 -0.0001487324 0)
(0.0052769668 0.00014873227 0)
(0.0051237186 0.00043796087 0)
(0.004823725 0.00070249353 0)
(0.0043899948 0.00092579111 0)
(0.0038420622 0.0010913578 0)
(0.0032059229 0.0011824147 0)
(0.0025140144 0.0011829356 0)
(0.001803518 0.0010762507 0)
(0.0011156739 0.00086210746 0)
(0.00062515652 0.00065612758 0)
)
;
    }
    frontAndBack
    {
        type            empty;
    }
}


// ************************************************************************* //
