/*--------------------------------*- C++ -*----------------------------------*\
| =========                 |                                                 |
| \\      /  F ield         | OpenFOAM: The Open Source CFD Toolbox           |
|  \\    /   O peration     | Version:  2512                                  |
|   \\  /    A nd           | Website:  www.openfoam.com                      |
|    \\/     M anipulation  |                                                 |
\*---------------------------------------------------------------------------*/
FoamFile
{
    version     2.0;
    format      ascii;
    arch        "LSB;label=32;scalar=64";
    class       volVectorField;
    location    "1.8";
    object      U;
}
// * * * * * * * * * * * * * * * * * * * * * * * * * * * * * * * * * * * * * //

dimensions      [0 1 -1 0 0 0 0];

internalField   nonuniform List<vector> 
2020
(
(0.46104633 0.018548349 0)
(0.4326921 0.031261486 0)
(0.39172438 0.029517036 0)
(0.34129344 0.023674978 0)
(0.29388302 0.017828621 0)
(0.25492807 0.012644846 0)
(0.22404614 0.0083268768 0)
(0.19969825 0.005088503 0)
(0.18073903 0.0028817751 0)
(0.16620245 0.0014663049 0)
(0.15515599 0.00061763873 0)
(0.14674534 0.00016137041 0)
(0.14026471 -4.0782756e-05 0)
(0.13517139 -9.6194663e-05 0)
(0.13106679 -7.9426869e-05 0)
(0.12767013 -3.6029983e-05 0)
(0.1247869 1.0659406e-05 0)
(0.12228699 4.9939798e-05 0)
(0.12008064 7.928371e-05 0)
(0.11811054 9.8169293e-05 0)
(0.11633297 0.00010935193 0)
(0.11472397 0.00011296389 0)
(0.11325733 0.00011286945 0)
(0.11192759 0.00010675167 0)
(0.11071238 0.00010000049 0)
(0.1096237 8.5822152e-05 0)
(0.10863274 7.3955997e-05 0)
(0.10777775 4.9617529e-05 0)
(0.10700772 3.3778131e-05 0)
(0.10641214 -4.0357165e-06 0)
(0.10588513 -1.8881468e-05 0)
(0.10562674 -7.7436575e-05 0)
(0.10541055 -8.8225121e-05 0)
(0.10565055 -0.00022159239 0)
(0.10579213 -0.00024048391 0)
(0.10683458 -0.00050567284 0)
(0.10740194 -0.00047782722 0)
(0.10995362 -0.0010422774 0)
(0.11086268 -0.00084079038 0)
(0.11663839 -0.0021731738 0)
(0.11700714 -0.0013749218 0)
(0.13098294 -0.0048711956 0)
(0.12602993 -0.0021109875 0)
(0.16574776 -0.011865193 0)
(0.13226664 -0.0040423098 0)
(0.26140075 -0.030082237 0)
(0.12170732 -0.010172282 0)
(0.52952955 -0.083998436 0)
(0.5007652 0.028436018 0)
(0.51614584 0.055967875 0)
(0.52500255 0.063599517 0)
(0.52225415 0.063375353 0)
(0.51086719 0.059785925 0)
(0.49518312 0.05390594 0)
(0.47764342 0.046591686 0)
(0.45933803 0.038897404 0)
(0.44101798 0.031648628 0)
(0.42338761 0.025285295 0)
(0.40700998 0.01997872 0)
(0.3921783 0.015733285 0)
(0.37895936 0.012449094 0)
(0.36728617 0.0099690797 0)
(0.35702135 0.0081221837 0)
(0.3480054 0.006750394 0)
(0.34006944 0.0057247901 0)
(0.33306217 0.0049442426 0)
(0.32683862 0.004337847 0)
(0.32129002 0.003851271 0)
(0.31630551 0.0034524803 0)
(0.31182446 0.0031109131 0)
(0.30775712 0.0028167139 0)
(0.30409197 0.002545746 0)
(0.30073678 0.0023038216 0)
(0.29774206 0.0020597931 0)
(0.294976 0.0018385433 0)
(0.29259208 0.0015859372 0)
(0.29034929 0.001362314 0)
(0.28860351 0.0010629077 0)
(0.2868513 0.00082088925 0)
(0.28588171 0.00041795354 0)
(0.28458224 0.00015128274 0)
(0.28471058 -0.00046522588 0)
(0.28371479 -0.00077925556 0)
(0.28572302 -0.0018506746 0)
(0.2845348 -0.0021764773 0)
(0.29025627 -0.0041581276 0)
(0.28715845 -0.0043135602 0)
(0.30132177 -0.0083047208 0)
(0.29074703 -0.0077834691 0)
(0.32620772 -0.016457815 0)
(0.29118609 -0.013859125 0)
(0.38178674 -0.034142152 0)
(0.27866039 -0.024881155 0)
(0.49707288 -0.079285476 0)
(0.25215581 -0.039911706 0)
(0.71390466 -0.20830077 0)
(0.5000059 0.014905496 0)
(0.51209828 0.036534028 0)
(0.52731655 0.047890696 0)
(0.54000511 0.052682152 0)
(0.54810374 0.053963412 0)
(0.55209541 0.052856507 0)
(0.5528625 0.049894752 0)
(0.55097517 0.045733353 0)
(0.54688764 0.041061191 0)
(0.54112741 0.036386807 0)
(0.53425747 0.03199517 0)
(0.52676796 0.028019129 0)
(0.51902364 0.02450699 0)
(0.51128434 0.021456676 0)
(0.50372015 0.018838564 0)
(0.49644952 0.016605053 0)
(0.48953041 0.014706238 0)
(0.48300676 0.013088004 0)
(0.4768719 0.011707623 0)
(0.47114383 0.010518182 0)
(0.46577622 0.0094922847 0)
(0.46079835 0.0085882228 0)
(0.45612499 0.0077960838 0)
(0.45183391 0.0070709523 0)
(0.44777315 0.0064251374 0)
(0.44412658 0.0057959454 0)
(0.44060301 0.0052308536 0)
(0.43760656 0.0046232698 0)
(0.43454535 0.0040860357 0)
(0.43228732 0.0034178089 0)
(0.42958353 0.0028628761 0)
(0.42830295 0.002021825 0)
(0.42574019 0.001412904 0)
(0.42598659 0.00022760887 0)
(0.42302015 -0.00044931891 0)
(0.42600665 -0.0023044452 0)
(0.42135318 -0.0030232414 0)
(0.42986558 -0.0062382529 0)
(0.42025335 -0.0068501378 0)
(0.44047 -0.012885002 0)
(0.41812077 -0.012770728 0)
(0.46346692 -0.02518533 0)
(0.41127294 -0.022091172 0)
(0.50831505 -0.050293312 0)
(0.3928157 -0.036234117 0)
(0.58810805 -0.10514962 0)
(0.35041389 -0.054335989 0)
(0.7467012 -0.21825685 0)
(0.49997368 0.0086162084 0)
(0.50653263 0.023494515 0)
(0.51722139 0.033721848 0)
(0.52932578 0.039661513 0)
(0.54055905 0.04274236 0)
(0.55010094 0.043875154 0)
(0.55788681 0.04346709 0)
(0.56393693 0.041865422 0)
(0.56825852 0.039486196 0)
(0.5709569 0.036714479 0)
(0.57225158 0.033825487 0)
(0.57241439 0.030986778 0)
(0.57169443 0.02829645 0)
(0.57030903 0.025806268 0)
(0.56842232 0.023540351 0)
(0.56618222 0.021497542 0)
(0.56368204 0.019668816 0)
(0.56102798 0.018030542 0)
(0.55825453 0.016566834 0)
(0.55545546 0.015246773 0)
(0.55260698 0.014060886 0)
(0.54982752 0.01297241 0)
(0.54701458 0.011985914 0)
(0.54436672 0.01105142 0)
(0.54164391 0.010197546 0)
(0.53922502 0.0093447736 0)
(0.5366011 0.0085651578 0)
(0.5345304 0.0077179624 0)
(0.53195642 0.0069581752 0)
(0.53042628 0.006022257 0)
(0.52775085 0.0052288852 0)
(0.52712071 0.0040699303 0)
(0.52398327 0.0031929774 0)
(0.52496556 0.0015963921 0)
(0.5205593 0.00060392791 0)
(0.52461226 -0.0018116555 0)
(0.51718231 -0.0028785651 0)
(0.52722515 -0.0069205646 0)
(0.51309127 -0.0078794945 0)
(0.53496396 -0.015274331 0)
(0.50649491 -0.015315268 0)
(0.55137968 -0.029978521 0)
(0.49337512 -0.026481045 0)
(0.58206442 -0.05738008 0)
(0.46451709 -0.042519782 0)
(0.63703299 -0.10942478 0)
(0.40108839 -0.05941508 0)
(0.76323047 -0.20595618 0)
(0.50002936 0.0056938204 0)
(0.503972 0.016153749 0)
(0.51100977 0.024365155 0)
(0.52005324 0.029865994 0)
(0.52962338 0.033141873 0)
(0.53883135 0.034821455 0)
(0.54736841 0.035292194 0)
(0.55511693 0.034805902 0)
(0.56196619 0.033619426 0)
(0.56784719 0.031996513 0)
(0.57277049 0.030156448 0)
(0.57682234 0.028249298 0)
(0.58010756 0.026370276 0)
(0.58274181 0.024574248 0)
(0.58480959 0.022893595 0)
(0.5864097 0.021338322 0)
(0.58759122 0.019912299 0)
(0.5884479 0.018603402 0)
(0.58898612 0.01740723 0)
(0.58931512 0.016301247 0)
(0.58937995 0.015285157 0)
(0.58934333 0.0143272 0)
(0.58904746 0.013439606 0)
(0.58877839 0.012574097 0)
(0.58818615 0.011766492 0)
(0.5878136 0.010935532 0)
(0.58693601 0.010161273 0)
(0.58661556 0.0092973747 0)
(0.58538594 0.0085089552 0)
(0.5853494 0.0075219217 0)
(0.58356619 0.0066688658 0)
(0.58421391 0.0054220655 0)
(0.58142395 0.0044542442 0)
(0.58350289 0.0027185723 0)
(0.57877251 0.0016065282 0)
(0.58370834 -0.0010349605 0)
(0.5751504 -0.0022704544 0)
(0.58565223 -0.0066160361 0)
(0.56954165 -0.0077610326 0)
(0.59078327 -0.01548902 0)
(0.55975636 -0.015805767 0)
(0.60148917 -0.030336328 0)
(0.54092477 -0.027578323 0)
(0.62191987 -0.055878882 0)
(0.5022006 -0.043520815 0)
(0.66180729 -0.099950742 0)
(0.4233422 -0.05786294 0)
(0.77197329 -0.17681694 0)
(0.50003546 0.0039334932 0)
(0.50272466 0.011358036 0)
(0.50765594 0.017599084 0)
(0.51437235 0.022151086 0)
(0.52199806 0.025077979 0)
(0.52981714 0.026732837 0)
(0.53747067 0.027432947 0)
(0.54480713 0.027394635 0)
(0.55171962 0.026799087 0)
(0.55812056 0.025825516 0)
(0.56395877 0.024635561 0)
(0.56924129 0.023350885 0)
(0.57399653 0.022052933 0)
(0.57828038 0.020789545 0)
(0.58212499 0.019590163 0)
(0.58559237 0.018466251 0)
(0.58869325 0.017424843 0)
(0.59150237 0.016459062 0)
(0.59399433 0.015568424 0)
(0.5962761 0.014735939 0)
(0.59825816 0.013963625 0)
(0.60012019 0.013225299 0)
(0.60165512 0.012533172 0)
(0.60319414 0.01184561 0)
(0.60430621 0.011195161 0)
(0.60562552 0.010510095 0)
(0.60628775 0.009862253 0)
(0.60752308 0.0091205912 0)
(0.60762655 0.0084341796 0)
(0.60899063 0.0075538831 0)
(0.60828214 0.0067841077 0)
(0.61014804 0.005636888 0)
(0.60811109 0.004737208 0)
(0.61117184 0.0031058793 0)
(0.6068015 0.0020394286 0)
(0.61236716 -0.00046694968 0)
(0.60371678 -0.0016936705 0)
(0.6142578 -0.0057876767 0)
(0.59755967 -0.0070088457 0)
(0.61779244 -0.014087533 0)
(0.58572754 -0.01473524 0)
(0.62475123 -0.027444228 0)
(0.56278691 -0.025729883 0)
(0.6388192 -0.049121086 0)
(0.51741389 -0.039692087 0)
(0.67042127 -0.084071392 0)
(0.42996208 -0.050358585 0)
(0.77408706 -0.14166837 0)
(0.50003112 0.002709222 0)
(0.50203722 0.0078840503 0)
(0.50575097 0.012394024 0)
(0.51096661 0.015874267 0)
(0.51716485 0.018248822 0)
(0.52380766 0.019679361 0)
(0.53054105 0.020380954 0)
(0.53718222 0.020524489 0)
(0.5436201 0.02024368 0)
(0.54977261 0.019660866 0)
(0.55557741 0.0188897 0)
(0.56101465 0.018022268 0)
(0.56608069 0.017124513 0)
(0.57080524 0.01623714 0)
(0.5751977 0.015385859 0)
(0.5793043 0.014582291 0)
(0.58311837 0.013834141 0)
(0.58670535 0.013138226 0)
(0.59002403 0.012495355 0)
(0.59317847 0.011893452 0)
(0.59606158 0.011334165 0)
(0.59885748 0.010797572 0)
(0.60133513 0.01029265 0)
(0.60384063 0.0097869437 0)
(0.60590658 0.0093051686 0)
(0.60819807 0.0087904944 0)
(0.60979408 0.008299174 0)
(0.61197935 0.0077257015 0)
(0.61296248 0.0071898978 0)
(0.61522173 0.0064878166 0)
(0.61530027 0.0058689216 0)
(0.61796281 0.0049286938 0)
(0.61657567 0.0041842054 0)
(0.62026631 0.0028210575 0)
(0.61635543 0.0019105478 0)
(0.62227322 -0.00020125646 0)
(0.61384267 -0.0012895873 0)
(0.62428363 -0.004723551 0)
(0.60750454 -0.0058871915 0)
(0.62692347 -0.011694313 0)
(0.59444398 -0.012517335 0)
(0.63168449 -0.0225997 0)
(0.56897347 -0.021694675 0)
(0.64228702 -0.039558896 0)
(0.51983187 -0.032677658 0)
(0.67026019 -0.065499797 0)
(0.42856845 -0.039696475 0)
(0.77313015 -0.10605188 0)
(0.50002692 0.0017763017 0)
(0.50163869 0.0051898412 0)
(0.50463932 0.0082239448 0)
(0.50892939 0.010654176 0)
(0.51418284 0.012388131 0)
(0.51999915 0.013483782 0)
(0.52605627 0.014066219 0)
(0.53215256 0.01425332 0)
(0.53816175 0.014138747 0)
(0.54399879 0.013803323 0)
(0.54959702 0.013321963 0)
(0.55492449 0.012758585 0)
(0.55996132 0.012161849 0)
(0.564723 0.011563544 0)
(0.56920812 0.010984241 0)
(0.5734558 0.010434235 0)
(0.57745319 0.009920398 0)
(0.58126184 0.0094419454 0)
(0.58483595 0.0090000284 0)
(0.58827767 0.0085869228 0)
(0.5914757 0.0082035605 0)
(0.59461353 0.0078362966 0)
(0.59745514 0.0074907529 0)
(0.60034662 0.0071442247 0)
(0.60281423 0.0068132568 0)
(0.60552303 0.0064575047 0)
(0.60754469 0.0061161531 0)
(0.61016184 0.0057132709 0)
(0.61157758 0.005334517 0)
(0.61426024 0.004831418 0)
(0.61475746 0.0043848438 0)
(0.61780147 0.0036986062 0)
(0.61679269 0.0031488972 0)
(0.620771 0.0021407791 0)
(0.6171634 0.0014507595 0)
(0.62319548 -0.00011837337 0)
(0.61495347 -0.00096940804 0)
(0.62522137 -0.0035145492 0)
(0.60847391 -0.0044718686 0)
(0.62729622 -0.0087103048 0)
(0.59466186 -0.009481864 0)
(0.63081063 -0.016677219 0)
(0.56776332 -0.016251632 0)
(0.63973364 -0.028687667 0)
(0.5167818 -0.023949004 0)
(0.66667401 -0.046322584 0)
(0.4244059 -0.028047033 0)
(0.77112198 -0.072746042 0)
(0.50002429 0.0010089474 0)
(0.50141633 0.0029545793 0)
(0.50401774 0.0047030775 0)
(0.50777511 0.0061349375 0)
(0.51245949 0.0071866113 0)
(0.51775754 0.0078724066 0)
(0.5233818 0.0082537886 0)
(0.52912598 0.0083980434 0)
(0.53485146 0.0083609181 0)
(0.5404668 0.0081890993 0)
(0.54590131 0.0079252247 0)
(0.55111591 0.0076067259 0)
(0.55608092 0.0072633139 0)
(0.56080235 0.0069152348 0)
(0.56527199 0.0065758118 0)
(0.56952416 0.0062520988 0)
(0.57354342 0.0059487715 0)
(0.57738886 0.00566601 0)
(0.58101406 0.0054047473 0)
(0.58451944 0.005160805 0)
(0.58779463 0.0049346388 0)
(0.59102089 0.0047184046 0)
(0.59396464 0.0045151077 0)
(0.59696761 0.0043114535 0)
(0.59956089 0.0041168066 0)
(0.60240072 0.0039072668 0)
(0.60456846 0.0037056945 0)
(0.6073294 0.003466698 0)
(0.60890616 0.0032411109 0)
(0.61173367 0.0029396556 0)
(0.61239851 0.0026704545 0)
(0.61556926 0.0022551581 0)
(0.61472258 0.0019187802 0)
(0.6187784 0.0013042385 0)
(0.61530968 0.00087469695 0)
(0.62132121 -8.3921058e-05 0)
(0.61316999 -0.00062504697 0)
(0.6232536 -0.0021773207 0)
(0.60653109 -0.0028037125 0)
(0.62494118 -0.0053640673 0)
(0.59225333 -0.0058993137 0)
(0.62776523 -0.010186296 0)
(0.56460001 -0.010007872 0)
(0.63596498 -0.017303891 0)
(0.51283997 -0.014501599 0)
(0.66293622 -0.027465564 0)
(0.4204281 -0.016552076 0)
(0.76930774 -0.042267126 0)
(0.50002307 0.00032745314 0)
(0.50131644 0.00095995163 0)
(0.50373802 0.0015312557 0)
(0.50725188 0.0020038924 0)
(0.5116693 0.0023559108 0)
(0.51671803 0.0025890193 0)
(0.52213125 0.0027213256 0)
(0.52770353 0.0027745215 0)
(0.53329039 0.00276713 0)
(0.53879617 0.0027144976 0)
(0.5441477 0.0026304804 0)
(0.54930241 0.0025273794 0)
(0.55422588 0.0024151577 0)
(0.5589191 0.0023007513 0)
(0.5633702 0.0021887627 0)
(0.56761077 0.0020816877 0)
(0.57162409 0.0019811722 0)
(0.57546779 0.0018873862 0)
(0.57909552 0.0018006827 0)
(0.58260651 0.0017197534 0)
(0.58589166 0.0016447368 0)
(0.58913052 0.001573086 0)
(0.59209212 0.0015057425 0)
(0.59511489 0.0014383423 0)
(0.5977346 0.0013739091 0)
(0.60060097 0.0013045474 0)
(0.60280377 0.0012377493 0)
(0.60559593 0.0011584537 0)
(0.60721539 0.0010834501 0)
(0.61007429 0.00098305074 0)
(0.61078722 0.00089306751 0)
(0.61398128 0.00075419535 0)
(0.61318398 0.00064095454 0)
(0.61724096 0.00043484543 0)
(0.61381618 0.00028904676 0)
(0.61978384 -3.2751573e-05 0)
(0.6116604 -0.00021833084 0)
(0.62162585 -0.00073883414 0)
(0.6049101 -0.00095630183 0)
(0.62310324 -0.0018109003 0)
(0.5903987 -0.0020009392 0)
(0.62561174 -0.0034224108 0)
(0.56241865 -0.0033739648 0)
(0.63355471 -0.0057749259 0)
(0.51038814 -0.0048446193 0)
(0.66072968 -0.0090874458 0)
(0.41813787 -0.0054583281 0)
(0.76828928 -0.013844476 0)
(0.50002307 -0.00032745335 0)
(0.50131644 -0.00095995213 0)
(0.50373802 -0.0015312564 0)
(0.50725188 -0.0020038934 0)
(0.5116693 -0.002355912 0)
(0.51671803 -0.0025890207 0)
(0.52213125 -0.0027213272 0)
(0.52770353 -0.0027745232 0)
(0.53329039 -0.0027671317 0)
(0.53879617 -0.0027144994 0)
(0.5441477 -0.0026304824 0)
(0.54930241 -0.0025273814 0)
(0.55422588 -0.0024151599 0)
(0.5589191 -0.0023007536 0)
(0.5633702 -0.0021887651 0)
(0.56761077 -0.0020816902 0)
(0.57162409 -0.0019811747 0)
(0.57546779 -0.0018873888 0)
(0.57909552 -0.0018006855 0)
(0.58260652 -0.0017197563 0)
(0.58589166 -0.0016447399 0)
(0.58913052 -0.0015730891 0)
(0.59209213 -0.0015057457 0)
(0.59511489 -0.0014383455 0)
(0.5977346 -0.0013739123 0)
(0.60060097 -0.0013045506 0)
(0.60280377 -0.0012377527 0)
(0.60559593 -0.0011584575 0)
(0.6072154 -0.0010834553 0)
(0.6100743 -0.00098305771 0)
(0.61078722 -0.00089307806 0)
(0.61398128 -0.0007542092 0)
(0.61318397 -0.00064097453 0)
(0.61724096 -0.00043486945 0)
(0.61381617 -0.00028907917 0)
(0.61978383 3.271712e-05 0)
(0.6116604 0.00021828712 0)
(0.62162584 0.00073879584 0)
(0.6049101 0.0009562548 0)
(0.62310323 0.0018108743 0)
(0.5903987 0.0020009054 0)
(0.62561173 0.0034224273 0)
(0.56241866 0.0033739705 0)
(0.6335547 0.0057750279 0)
(0.51038815 0.0048446861 0)
(0.66072968 0.0090876755 0)
(0.41813784 0.0054584279 0)
(0.76828929 0.013844863 0)
(0.50002429 -0.0010089476 0)
(0.50141633 -0.0029545798 0)
(0.50401774 -0.0047030783 0)
(0.50777511 -0.0061349386 0)
(0.51245949 -0.0071866126 0)
(0.51775755 -0.0078724081 0)
(0.5233818 -0.0082537903 0)
(0.52912598 -0.0083980452 0)
(0.53485146 -0.00836092 0)
(0.5404668 -0.0081891014 0)
(0.54590131 -0.0079252269 0)
(0.55111591 -0.0076067283 0)
(0.55608092 -0.0072633164 0)
(0.56080236 -0.0069152376 0)
(0.56527199 -0.0065758147 0)
(0.56952417 -0.0062521019 0)
(0.57354343 -0.0059487747 0)
(0.57738887 -0.0056660134 0)
(0.58101407 -0.0054047508 0)
(0.58451945 -0.0051608086 0)
(0.58779464 -0.0049346425 0)
(0.5910209 -0.0047184084 0)
(0.59396465 -0.0045151115 0)
(0.59696762 -0.004311457 0)
(0.5995609 -0.0041168099 0)
(0.60240074 -0.0039072698 0)
(0.60456848 -0.0037056974 0)
(0.60732941 -0.0034667009 0)
(0.60890617 -0.0032411147 0)
(0.61173367 -0.0029396606 0)
(0.61239851 -0.0026704625 0)
(0.61556926 -0.002255169 0)
(0.61472258 -0.0019187967 0)
(0.61877839 -0.0013042588 0)
(0.61530968 -0.00087472536 0)
(0.62132119 8.3890733e-05 0)
(0.61316998 0.00062500718 0)
(0.62325358 0.0021772851 0)
(0.60653107 0.002803667 0)
(0.62494116 0.00536404 0)
(0.5922533 0.0058992759 0)
(0.62776522 0.010186303 0)
(0.56459999 0.010007865 0)
(0.63596497 0.017303977 0)
(0.51283998 0.014501648 0)
(0.66293621 0.027465787 0)
(0.42042817 0.016552181 0)
(0.7693077 0.042267546 0)
(0.50002692 -0.0017763019 0)
(0.50163869 -0.0051898418 0)
(0.50463932 -0.0082239457 0)
(0.50892939 -0.010654178 0)
(0.51418285 -0.012388133 0)
(0.51999916 -0.013483784 0)
(0.52605627 -0.014066221 0)
(0.53215257 -0.014253322 0)
(0.53816175 -0.014138749 0)
(0.5439988 -0.013803326 0)
(0.54959702 -0.013321965 0)
(0.5549245 -0.012758588 0)
(0.55996132 -0.012161852 0)
(0.564723 -0.011563548 0)
(0.56920812 -0.010984245 0)
(0.5734558 -0.010434239 0)
(0.5774532 -0.0099204026 0)
(0.58126185 -0.0094419501 0)
(0.58483596 -0.0090000334 0)
(0.58827768 -0.0085869279 0)
(0.59147571 -0.0082035657 0)
(0.59461355 -0.0078363018 0)
(0.59745515 -0.007490758 0)
(0.60034664 -0.0071442293 0)
(0.60281425 -0.0068132608 0)
(0.60552305 -0.0064575078 0)
(0.60754471 -0.0061161554 0)
(0.61016186 -0.0057132724 0)
(0.6115776 -0.0053345186 0)
(0.61426026 -0.0048314197 0)
(0.61475747 -0.0043848474 0)
(0.61780148 -0.0036986116 0)
(0.61679269 -0.0031489074 0)
(0.620771 -0.0021407921 0)
(0.61716339 -0.0014507799 0)
(0.62319546 0.00011835133 0)
(0.61495344 0.00096937608 0)
(0.62522134 0.0035145204 0)
(0.60847387 0.0044718276 0)
(0.62729619 0.0087102793 0)
(0.59466182 0.0094818229 0)
(0.6308106 0.016677218 0)
(0.56776328 0.016251607 0)
(0.63973363 0.028687732 0)
(0.51678175 0.02394902 0)
(0.66667406 0.04632279 0)
(0.42440583 0.028047107 0)
(0.77112202 0.072746504 0)
(0.50003112 -0.0027092223 0)
(0.50203723 -0.0078840509 0)
(0.50575097 -0.012394025 0)
(0.51096661 -0.015874268 0)
(0.51716485 -0.018248824 0)
(0.52380766 -0.019679363 0)
(0.53054105 -0.020380957 0)
(0.53718222 -0.020524492 0)
(0.5436201 -0.020243683 0)
(0.54977262 -0.019660869 0)
(0.55557742 -0.018889703 0)
(0.56101465 -0.018022272 0)
(0.5660807 -0.017124517 0)
(0.57080525 -0.016237145 0)
(0.57519771 -0.015385865 0)
(0.57930431 -0.014582297 0)
(0.58311838 -0.013834148 0)
(0.58670536 -0.013138233 0)
(0.59002404 -0.012495362 0)
(0.59317849 -0.011893459 0)
(0.5960616 -0.011334172 0)
(0.5988575 -0.010797579 0)
(0.60133516 -0.010292657 0)
(0.60384066 -0.0097869499 0)
(0.6059066 -0.0093051736 0)
(0.60819809 -0.0087904979 0)
(0.60979411 -0.008299176 0)
(0.61197937 -0.0077257017 0)
(0.6129625 -0.0071898966 0)
(0.61522175 -0.0064878143 0)
(0.61530029 -0.0058689195 0)
(0.61796282 -0.0049286922 0)
(0.61657568 -0.0041842066 0)
(0.62026631 -0.0028210604 0)
(0.61635542 -0.0019105563 0)
(0.6222732 0.00020124619 0)
(0.61384263 0.001289568 0)
(0.62428358 0.0047235331 0)
(0.60750449 0.0058871612 0)
(0.62692341 0.011694293 0)
(0.59444391 0.012517298 0)
(0.63168442 0.022599693 0)
(0.56897339 0.021694641 0)
(0.64228694 0.039558934 0)
(0.51983183 0.032677653 0)
(0.67026012 0.065499954 0)
(0.42856848 0.039696542 0)
(0.77313015 0.1060523 0)
(0.50003546 -0.0039334935 0)
(0.50272466 -0.011358037 0)
(0.50765594 -0.017599085 0)
(0.51437235 -0.022151088 0)
(0.52199806 -0.025077981 0)
(0.52981714 -0.026732839 0)
(0.53747068 -0.02743295 0)
(0.54480713 -0.027394638 0)
(0.55171962 -0.02679909 0)
(0.55812056 -0.02582552 0)
(0.56395877 -0.024635566 0)
(0.56924129 -0.02335089 0)
(0.57399653 -0.022052939 0)
(0.57828038 -0.020789552 0)
(0.582125 -0.019590171 0)
(0.58559238 -0.018466259 0)
(0.58869326 -0.017424852 0)
(0.59150238 -0.016459071 0)
(0.59399435 -0.015568434 0)
(0.59627611 -0.014735949 0)
(0.59825818 -0.013963635 0)
(0.60012021 -0.013225308 0)
(0.60165514 -0.012533181 0)
(0.60319417 -0.011845618 0)
(0.60430624 -0.011195168 0)
(0.60562555 -0.0105101 0)
(0.60628778 -0.0098622553 0)
(0.6075231 -0.0091205906 0)
(0.60762658 -0.0084341764 0)
(0.60899066 -0.0075538771 0)
(0.60828216 -0.0067841 0)
(0.61014805 -0.0056368785 0)
(0.6081111 -0.0047371986 0)
(0.61117185 -0.0031058697 0)
(0.60680148 -0.0020394227 0)
(0.61236714 0.00046695465 0)
(0.60371674 0.0016936681 0)
(0.61425776 0.0057876748 0)
(0.59755959 0.0070088319 0)
(0.61779237 0.014087526 0)
(0.58572744 0.014735215 0)
(0.62475115 0.027444226 0)
(0.56278677 0.025729851 0)
(0.63881913 0.049121111 0)
(0.51741373 0.039692054 0)
(0.67042133 0.08407151 0)
(0.42996194 0.050358573 0)
(0.77408725 0.14166865 0)
(0.50002936 -0.0056938207 0)
(0.503972 -0.01615375 0)
(0.51100977 -0.024365156 0)
(0.52005324 -0.029865996 0)
(0.52962338 -0.033141876 0)
(0.53883135 -0.034821458 0)
(0.54736842 -0.035292198 0)
(0.55511693 -0.034805906 0)
(0.5619662 -0.033619431 0)
(0.56784719 -0.031996518 0)
(0.57277049 -0.030156454 0)
(0.57682235 -0.028249304 0)
(0.58010756 -0.026370284 0)
(0.58274182 -0.024574256 0)
(0.5848096 -0.022893604 0)
(0.58640971 -0.021338331 0)
(0.58759123 -0.01991231 0)
(0.58844791 -0.018603413 0)
(0.58898614 -0.017407242 0)
(0.58931514 -0.016301259 0)
(0.58937996 -0.015285169 0)
(0.58934335 -0.014327212 0)
(0.58904748 -0.013439618 0)
(0.58877841 -0.012574107 0)
(0.58818617 -0.0117665 0)
(0.58781362 -0.010935538 0)
(0.58693603 -0.010161276 0)
(0.58661558 -0.0092973739 0)
(0.58538596 -0.0085089506 0)
(0.58534941 -0.0075219128 0)
(0.5835662 -0.006668853 0)
(0.58421392 -0.0054220484 0)
(0.58142396 -0.0044542246 0)
(0.58350289 -0.0027185501 0)
(0.5787725 -0.0016065067 0)
(0.58370832 0.0010349827 0)
(0.57515036 0.0022704708 0)
(0.58565219 0.0066160531 0)
(0.56954158 0.0077610393 0)
(0.59078321 0.015489032 0)
(0.55975626 0.015805762 0)
(0.60148911 0.03033634 0)
(0.54092462 0.027578304 0)
(0.62191981 0.055878903 0)
(0.50220041 0.043520775 0)
(0.66180733 0.099950772 0)
(0.4233421 0.057862875 0)
(0.77197348 0.17681695 0)
(0.49997368 -0.0086162087 0)
(0.50653263 -0.023494516 0)
(0.51722139 -0.033721849 0)
(0.52932578 -0.039661515 0)
(0.54055905 -0.042742363 0)
(0.55010094 -0.043875157 0)
(0.55788681 -0.043467094 0)
(0.56393693 -0.041865426 0)
(0.56825852 -0.039486201 0)
(0.5709569 -0.036714485 0)
(0.57225158 -0.033825494 0)
(0.5724144 -0.030986786 0)
(0.57169443 -0.028296458 0)
(0.57030904 -0.025806277 0)
(0.56842232 -0.02354036 0)
(0.56618223 -0.021497552 0)
(0.56368204 -0.019668827 0)
(0.56102798 -0.018030554 0)
(0.55825452 -0.016566846 0)
(0.55545546 -0.015246786 0)
(0.55260698 -0.014060898 0)
(0.54982752 -0.012972422 0)
(0.54701458 -0.011985925 0)
(0.54436671 -0.01105143 0)
(0.5416439 -0.010197554 0)
(0.53922501 -0.0093447796 0)
(0.53660109 -0.0085651605 0)
(0.53453039 -0.0077179613 0)
(0.53195642 -0.0069581695 0)
(0.53042628 -0.0060222462 0)
(0.52775084 -0.005228869 0)
(0.52712071 -0.0040699085 0)
(0.52398326 -0.0031929512 0)
(0.52496556 -0.0015963622 0)
(0.52055929 -0.00060389707 0)
(0.52461225 0.0018116879 0)
(0.51718229 0.0028785939 0)
(0.52722514 0.0069205941 0)
(0.51309125 0.0078795149 0)
(0.53496395 0.015274355 0)
(0.50649488 0.015315277 0)
(0.55137969 0.029978539 0)
(0.49337507 0.026481038 0)
(0.58206444 0.057380076 0)
(0.46451707 0.042519738 0)
(0.63703311 0.10942472 0)
(0.40108844 0.059414969 0)
(0.7632307 0.20595593 0)
(0.5000059 -0.014905496 0)
(0.51209828 -0.036534029 0)
(0.52731655 -0.047890698 0)
(0.54000511 -0.052682155 0)
(0.54810374 -0.053963416 0)
(0.55209541 -0.052856511 0)
(0.5528625 -0.049894756 0)
(0.55097517 -0.045733358 0)
(0.54688764 -0.041061196 0)
(0.54112741 -0.036386813 0)
(0.53425746 -0.031995176 0)
(0.52676796 -0.028019135 0)
(0.51902364 -0.024506997 0)
(0.51128433 -0.021456684 0)
(0.50372014 -0.018838572 0)
(0.49644951 -0.016605062 0)
(0.48953039 -0.014706247 0)
(0.48300674 -0.013088014 0)
(0.47687188 -0.011707633 0)
(0.47114381 -0.010518192 0)
(0.4657762 -0.0094922946 0)
(0.46079832 -0.0085882322 0)
(0.45612496 -0.0077960925 0)
(0.45183387 -0.00707096 0)
(0.44777311 -0.0064251435 0)
(0.44412654 -0.0057959494 0)
(0.44060297 -0.0052308548 0)
(0.43760652 -0.0046232675 0)
(0.43454532 -0.0040860293 0)
(0.43228729 -0.0034177977 0)
(0.4295835 -0.0028628599 0)
(0.42830292 -0.0020218037 0)
(0.42574016 -0.0014128787 0)
(0.42598659 -0.0002275801 0)
(0.42302014 0.00044934791 0)
(0.42600667 0.0023044756 0)
(0.42135319 0.0030232681 0)
(0.42986563 0.0062382804 0)
(0.42025337 0.0068501547 0)
(0.44047008 0.012885024 0)
(0.4181208 0.012770727 0)
(0.46346705 0.025185341 0)
(0.41127295 0.022091133 0)
(0.50831529 0.050293287 0)
(0.39281569 0.036233995 0)
(0.58810844 0.10514949 0)
(0.35041393 0.05433578 0)
(0.74670151 0.21825648 0)
(0.5007652 -0.028436018 0)
(0.51614584 -0.055967876 0)
(0.52500255 -0.063599518 0)
(0.52225415 -0.063375355 0)
(0.51086719 -0.059785927 0)
(0.49518312 -0.053905943 0)
(0.47764341 -0.04659169 0)
(0.45933803 -0.038897408 0)
(0.44101797 -0.031648632 0)
(0.4233876 -0.025285299 0)
(0.40700997 -0.019978724 0)
(0.39217829 -0.015733289 0)
(0.37895934 -0.012449098 0)
(0.36728615 -0.0099690843 0)
(0.35702132 -0.0081221886 0)
(0.34800537 -0.006750399 0)
(0.3400694 -0.0057247953 0)
(0.33306213 -0.0049442479 0)
(0.32683858 -0.0043378524 0)
(0.32128998 -0.0038512764 0)
(0.31630546 -0.0034524856 0)
(0.31182441 -0.003110918 0)
(0.30775707 -0.0028167183 0)
(0.30409191 -0.0025457497 0)
(0.30073673 -0.0023038242 0)
(0.29774201 -0.0020597943 0)
(0.29497595 -0.0018385427 0)
(0.29259203 -0.0015859344 0)
(0.29034924 -0.0013623087 0)
(0.28860347 -0.0010628996 0)
(0.28685126 -0.00082087867 0)
(0.28588169 -0.00041794056 0)
(0.28458223 -0.00015126877 0)
(0.28471059 0.00046524221 0)
(0.28371481 0.00077927214 0)
(0.28572306 0.0018506916 0)
(0.28453485 0.0021764905 0)
(0.29025635 0.0041581396 0)
(0.28715852 0.0043135628 0)
(0.30132189 0.0083047222 0)
(0.29074712 0.0077834481 0)
(0.32620787 0.016457793 0)
(0.2911862 0.013859056 0)
(0.38178687 0.034142066 0)
(0.27866053 0.024881031 0)
(0.49707283 0.079285203 0)
(0.2521559 0.039911568 0)
(0.71390448 0.20830034 0)
(0.46104633 -0.018548349 0)
(0.4326921 -0.031261487 0)
(0.39172438 -0.029517037 0)
(0.34129344 -0.023674979 0)
(0.29388302 -0.017828622 0)
(0.25492806 -0.012644847 0)
(0.22404613 -0.0083268775 0)
(0.19969824 -0.0050885037 0)
(0.18073902 -0.0028817758 0)
(0.16620244 -0.0014663057 0)
(0.15515598 -0.00061763955 0)
(0.14674532 -0.00016137128 0)
(0.14026469 4.0781827e-05 0)
(0.13517137 9.6193684e-05 0)
(0.13106678 7.9425828e-05 0)
(0.12767011 3.6028899e-05 0)
(0.12478688 -1.066054e-05 0)
(0.12228697 -4.9940963e-05 0)
(0.12008062 -7.9284905e-05 0)
(0.11811051 -9.8170495e-05 0)
(0.11633294 -0.00010935313 0)
(0.11472395 -0.00011296503 0)
(0.1132573 -0.00011287051 0)
(0.11192757 -0.00010675259 0)
(0.11071236 -0.00010000121 0)
(0.10962367 -8.5822588e-05 0)
(0.10863271 -7.395608e-05 0)
(0.10777773 -4.9617204e-05 0)
(0.1070077 -3.3777444e-05 0)
(0.10641213 4.0367549e-06 0)
(0.10588511 1.8882659e-05 0)
(0.10562673 7.743777e-05 0)
(0.10541055 8.8225963e-05 0)
(0.10565056 0.00022159416 0)
(0.10579216 0.00024048557 0)
(0.10683461 0.00050567414 0)
(0.10740198 0.00047782661 0)
(0.10995367 0.0010422757 0)
(0.11086273 0.00084078444 0)
(0.11663845 0.0021731653 0)
(0.11700719 0.0013749042 0)
(0.13098299 0.0048711725 0)
(0.12602998 0.0021109506 0)
(0.16574771 0.011865138 0)
(0.13226664 0.0040422565 0)
(0.2614005 0.030082106 0)
(0.12170723 0.010172239 0)
(0.52952927 0.083998247 0)
(0.32136712 -0.027398977 0)
(0.48303317 -0.0070106456 0)
(0.44620212 -0.0015667265 0)
(0.5017084 -0.0012321294 0)
(0.33175623 0.0070490318 0)
(0.3573411 -0.051786811 0)
(0.52234216 -0.014881282 0)
(0.47431227 -0.0039129235 0)
(0.53851365 3.8830788e-05 0)
(0.346977 0.0089637956 0)
(0.36270922 -0.043658617 0)
(0.52902946 -0.012351641 0)
(0.47884725 -0.0040094143 0)
(0.54440004 -9.1163727e-05 0)
(0.35063503 0.0029899325 0)
(0.36617319 -0.040007929 0)
(0.53426057 -0.011470405 0)
(0.48283858 -0.0041513846 0)
(0.5483766 -0.00061032906 0)
(0.35325878 0.001466706 0)
(0.36894479 -0.03273218 0)
(0.53776384 -0.0090727573 0)
(0.4857154 -0.0034311762 0)
(0.55118388 -0.00072787431 0)
(0.35500818 0.00081004393 0)
(0.37034206 -0.025114547 0)
(0.53987372 -0.0067308643 0)
(0.48770197 -0.0025980193 0)
(0.55324838 -0.0006502243 0)
(0.35628993 0.00052848695 0)
(0.37088903 -0.018045469 0)
(0.54101237 -0.0046249653 0)
(0.48896472 -0.0017783693 0)
(0.55468082 -0.00046782025 0)
(0.35719987 0.0003651927 0)
(0.3709832 -0.011960127 0)
(0.54155498 -0.0029301606 0)
(0.48971495 -0.0011087364 0)
(0.55561749 -0.00029035517 0)
(0.35781123 0.00024650444 0)
(0.37092233 -0.0067792018 0)
(0.54178062 -0.0015983133 0)
(0.49012174 -0.00059198785 0)
(0.55617147 -0.00014974087 0)
(0.35818127 0.00014471858 0)
(0.37086142 -0.0021920102 0)
(0.54185571 -0.00050551545 0)
(0.49029773 -0.00018449821 0)
(0.5564268 -4.5278345e-05 0)
(0.35835453 4.7928381e-05 0)
(0.37086142 0.0021920492 0)
(0.54185571 0.00050551286 0)
(0.49029773 0.00018449405 0)
(0.5564268 4.527309e-05 0)
(0.35835453 -4.7938032e-05 0)
(0.37092233 0.0067792427 0)
(0.54178063 0.0015983126 0)
(0.49012174 0.00059198441 0)
(0.55617146 0.00014973612 0)
(0.35818126 -0.0001447266 0)
(0.37098322 0.011960168 0)
(0.541555 0.0029301634 0)
(0.48971496 0.0011087364 0)
(0.55561748 0.00029035218 0)
(0.35781123 -0.00024650972 0)
(0.37088905 0.018045503 0)
(0.5410124 0.0046249687 0)
(0.48896472 0.001778369 0)
(0.55468081 0.00046781696 0)
(0.35719987 -0.00036519518 0)
(0.37034212 0.025114563 0)
(0.53987377 0.0067308617 0)
(0.48770198 0.002598014 0)
(0.55324837 0.00065021889 0)
(0.35628993 -0.00052848789 0)
(0.36894486 0.032732176 0)
(0.5377639 0.0090727499 0)
(0.48571542 0.0034311688 0)
(0.55118388 0.00072786778 0)
(0.35500818 -0.00081004445 0)
(0.36617326 0.040007907 0)
(0.53426063 0.01147039 0)
(0.4828386 0.0041513703 0)
(0.5483766 0.00061032036 0)
(0.35325878 -0.0014667081 0)
(0.36270927 0.043658632 0)
(0.52902951 0.012351641 0)
(0.47884727 0.004009407 0)
(0.54440005 9.1157233e-05 0)
(0.35063504 -0.0029899371 0)
(0.35734105 0.051786836 0)
(0.52234214 0.01488129 0)
(0.47431226 0.0039129181 0)
(0.53851365 -3.8838133e-05 0)
(0.346977 -0.0089638024 0)
(0.32136704 0.027398983 0)
(0.48303311 0.0070106437 0)
(0.4462021 0.0015667186 0)
(0.5017084 0.001232123 0)
(0.33175623 -0.0070490361 0)
(0.57456994 0.040433931 0)
(0.39903356 0.031752247 0)
(0.29465687 0.021086398 0)
(0.2592959 0.013067308 0)
(0.23965257 0.0087026766 0)
(0.2172452 0.0063745038 0)
(0.19491335 0.0045867907 0)
(0.17667335 0.002851387 0)
(0.1630122 0.0014071813 0)
(0.15288352 0.0005118043 0)
(0.1452096 0.00010782852 0)
(0.13922517 -1.7747498e-05 0)
(0.1344276 -3.2110941e-05 0)
(0.13048754 -1.138729e-05 0)
(0.12718106 2.0138441e-05 0)
(0.12434884 5.3793597e-05 0)
(0.12187642 8.3920131e-05 0)
(0.11968317 0.00010709842 0)
(0.11771343 0.0001225789 0)
(0.11592856 0.00013144701 0)
(0.11430085 0.00013541755 0)
(0.11280953 0.00013605793 0)
(0.11143848 0.0001345243 0)
(0.11017493 0.00013158155 0)
(0.10900875 0.00012770322 0)
(0.10793197 0.00012316074 0)
(0.10693844 0.00011808772 0)
(0.10602359 0.00011252964 0)
(0.1051841 0.0001064873 0)
(0.10441764 9.9954998e-05 0)
(0.10372253 9.2950594e-05 0)
(0.10309737 8.5533249e-05 0)
(0.10254067 7.7805973e-05 0)
(0.10205051 6.989887e-05 0)
(0.10162422 6.1951703e-05 0)
(0.10125824 5.4137703e-05 0)
(0.10094806 4.6658025e-05 0)
(0.10068833 3.9718085e-05 0)
(0.10047316 3.3492639e-05 0)
(0.10029629 2.811864e-05 0)
(0.10015161 2.3638135e-05 0)
(0.10003311 2.0093815e-05 0)
(0.09993578 1.7313192e-05 0)
(0.099854529 1.539339e-05 0)
(0.099786648 1.3716635e-05 0)
(0.099727139 1.2958905e-05 0)
(0.099678331 1.0809133e-05 0)
(0.099627544 1.2124261e-05 0)
(0.66327019 0.050443146 0)
(0.56905433 0.069450832 0)
(0.50157741 0.067622004 0)
(0.48392765 0.056459406 0)
(0.4804244 0.046803939 0)
(0.47054076 0.040313012 0)
(0.45372797 0.034925777 0)
(0.43493423 0.029251395 0)
(0.41728869 0.023521939 0)
(0.40160279 0.018490488 0)
(0.38768577 0.014539389 0)
(0.37526291 0.011597438 0)
(0.36419262 0.0094185549 0)
(0.35438572 0.0077829712 0)
(0.34573034 0.0065422211 0)
(0.33808591 0.0055956591 0)
(0.33130727 0.0048671809 0)
(0.32526367 0.0042967303 0)
(0.31984503 0.0038389127 0)
(0.31496088 0.0034615973 0)
(0.31053723 0.0031429795 0)
(0.30651371 0.0028682641 0)
(0.30284129 0.0026270454 0)
(0.29948036 0.0024116309 0)
(0.29639921 0.0022160858 0)
(0.29357264 0.0020357068 0)
(0.2909808 0.001866739 0)
(0.28860822 0.0017062379 0)
(0.28644291 0.0015520254 0)
(0.28447547 0.001402695 0)
(0.28269824 0.0012576203 0)
(0.28110437 0.0011169247 0)
(0.27968703 0.00098138207 0)
(0.27843862 0.00085223885 0)
(0.27735029 0.00073099306 0)
(0.27641165 0.00061918019 0)
(0.27561075 0.00051816351 0)
(0.2749342 0.00042893051 0)
(0.27436789 0.00035195985 0)
(0.2738971 0.00028717988 0)
(0.27350799 0.0002339192 0)
(0.27318648 0.00019123342 0)
(0.2729221 0.0001574666 0)
(0.27270126 0.00013171492 0)
(0.27252166 0.00011124274 0)
(0.27236241 9.6623173e-05 0)
(0.2722474 8.3416956e-05 0)
(0.27210394 7.0541584e-05 0)
(0.66535361 0.032235817 0)
(0.57796759 0.048331276 0)
(0.52616149 0.052848859 0)
(0.52663523 0.050548375 0)
(0.54233841 0.047237672 0)
(0.55062738 0.044579913 0)
(0.54952046 0.041915362 0)
(0.54367614 0.038465352 0)
(0.53668761 0.034370647 0)
(0.52966427 0.030216237 0)
(0.52254978 0.02645013 0)
(0.51522466 0.023208652 0)
(0.50779992 0.020441077 0)
(0.50048502 0.018060527 0)
(0.49344264 0.016005971 0)
(0.48675278 0.014238546 0)
(0.48043963 0.012724472 0)
(0.4745026 0.011428017 0)
(0.46893229 0.01031348 0)
(0.46371524 0.0093488584 0)
(0.45883502 0.0085074099 0)
(0.45427331 0.0077672519 0)
(0.45001144 0.0071102905 0)
(0.44603158 0.0065213091 0)
(0.44231754 0.005987385 0)
(0.43885505 0.0054975371 0)
(0.43563179 0.0050425062 0)
(0.43263733 0.0046146367 0)
(0.42986294 0.004207849 0)
(0.42730137 0.0038176885 0)
(0.42494653 0.0034413976 0)
(0.42279304 0.0030779449 0)
(0.42083572 0.0027279434 0)
(0.41906901 0.0023934003 0)
(0.41748639 0.0020773291 0)
(0.41607991 0.0017831632 0)
(0.41484005 0.0015142263 0)
(0.41375535 0.0012730844 0)
(0.4128134 0.0010613267 0)
(0.4119997 0.00087907157 0)
(0.41130169 0.00072540241 0)
(0.41070214 0.00059792317 0)
(0.41019458 0.00049403669 0)
(0.40975345 0.00040972945 0)
(0.40939526 0.00034313846 0)
(0.40905617 0.0002871289 0)
(0.40883627 0.00024924325 0)
(0.40851201 0.00020004513 0)
(0.66482126 0.019551466 0)
(0.56933903 0.031185441 0)
(0.51541691 0.03736214 0)
(0.51962964 0.039708379 0)
(0.54213465 0.040198607 0)
(0.55825868 0.039861696 0)
(0.5652222 0.038913358 0)
(0.56741425 0.037211623 0)
(0.5683981 0.034848478 0)
(0.56916522 0.03215782 0)
(0.5694512 0.029473793 0)
(0.568948 0.026974988 0)
(0.56767373 0.024700384 0)
(0.56583614 0.022631902 0)
(0.56364274 0.020750591 0)
(0.56122809 0.019047582 0)
(0.55866791 0.017515147 0)
(0.55601128 0.016140289 0)
(0.55329847 0.014905462 0)
(0.55056471 0.013792117 0)
(0.54783914 0.0127832 0)
(0.54514434 0.01186381 0)
(0.54249741 0.011020877 0)
(0.53991146 0.010242709 0)
(0.5373969 0.0095187518 0)
(0.53496207 0.0088395139 0)
(0.53261378 0.008196577 0)
(0.53035754 0.0075826572 0)
(0.52819788 0.0069917188 0)
(0.52613858 0.0064191478 0)
(0.5241829 0.0058619653 0)
(0.52233371 0.0053190074 0)
(0.52059356 0.0047910305 0)
(0.51896451 0.0042805588 0)
(0.51744807 0.0037916427 0)
(0.51604466 0.0033290927 0)
(0.51475389 0.0028981374 0)
(0.51357306 0.002502949 0)
(0.51249993 0.0021473123 0)
(0.51152701 0.0018317617 0)
(0.51065374 0.0015577982 0)
(0.50986318 0.0013201917 0)
(0.5091692 0.0011213882 0)
(0.5085262 0.0009469842 0)
(0.50800206 0.0008111049 0)
(0.50745391 0.00067677296 0)
(0.50712692 0.00059912464 0)
(0.5065632 0.00047269935 0)
(0.66603694 0.012587503 0)
(0.56549719 0.021401862 0)
(0.50734566 0.027260005 0)
(0.50967278 0.030677846 0)
(0.53219058 0.032305192 0)
(0.54946893 0.032752084 0)
(0.55833143 0.032461653 0)
(0.5629933 0.031601737 0)
(0.56698261 0.030268549 0)
(0.57122362 0.028625853 0)
(0.57530053 0.026870204 0)
(0.57872674 0.025145087 0)
(0.58138117 0.023514237 0)
(0.58339066 0.02199041 0)
(0.5849223 0.020571397 0)
(0.58608689 0.019255954 0)
(0.58694174 0.018043184 0)
(0.58752203 0.016928669 0)
(0.58786035 0.015903904 0)
(0.58799031 0.014958324 0)
(0.58794361 0.014081368 0)
(0.58774763 0.013263407 0)
(0.58742534 0.012495782 0)
(0.58699621 0.011770579 0)
(0.58647716 0.011080505 0)
(0.58588305 0.010418881 0)
(0.58522695 0.009779709 0)
(0.58452026 0.0091577655 0)
(0.58377292 0.008548725 0)
(0.58299366 0.0079493233 0)
(0.58219027 0.0073575957 0)
(0.58136995 0.0067730714 0)
(0.5805396 0.0061970469 0)
(0.57970587 0.0056324302 0)
(0.57887551 0.005083939 0)
(0.57805457 0.0045568813 0)
(0.57724974 0.0040579568 0)
(0.57646492 0.0035916625 0)
(0.57570746 0.0031646744 0)
(0.57497535 0.0027758529 0)
(0.57428211 0.002432709 0)
(0.5736095 0.0021220038 0)
(0.57299688 0.0018609889 0)
(0.57237755 0.0016116883 0)
(0.57187448 0.0014256712 0)
(0.57127741 0.0012086673 0)
(0.57094977 0.0011007879 0)
(0.57028337 0.00087875378 0)
(0.66750245 0.0085510938 0)
(0.56452788 0.015217999 0)
(0.50349812 0.020006151 0)
(0.50363441 0.023097917 0)
(0.52477341 0.024806974 0)
(0.54127682 0.025485375 0)
(0.54983406 0.02549408 0)
(0.55457507 0.025062011 0)
(0.55901189 0.02429872 0)
(0.56407204 0.02329393 0)
(0.56930341 0.022156588 0)
(0.5741426 0.020987573 0)
(0.5783876 0.019850303 0)
(0.58210608 0.01877111 0)
(0.5854284 0.017756532 0)
(0.58844013 0.016807545 0)
(0.59117651 0.015924015 0)
(0.59365211 0.015103901 0)
(0.5958817 0.014342482 0)
(0.5978847 0.013633095 0)
(0.59968179 0.012968457 0)
(0.60129157 0.012341559 0)
(0.60272967 0.011745941 0)
(0.60400925 0.011175665 0)
(0.60514185 0.010625261 0)
(0.60613775 0.010089742 0)
(0.60700612 0.009564671 0)
(0.60775505 0.009046231 0)
(0.6083916 0.0085313201 0)
(0.60892197 0.0080176369 0)
(0.60935183 0.0075038984 0)
(0.60968654 0.0069899329 0)
(0.60993158 0.0064771374 0)
(0.61009264 0.0059681119 0)
(0.61017626 0.0054675892 0)
(0.61018884 0.0049802434 0)
(0.6101386 0.0045136997 0)
(0.61003133 0.0040711737 0)
(0.60987796 0.0036626005 0)
(0.60967934 0.0032827283 0)
(0.60945439 0.0029474748 0)
(0.60918791 0.002631328 0)
(0.60892486 0.0023716666 0)
(0.60860424 0.0021003384 0)
(0.60834627 0.0019130716 0)
(0.60796776 0.0016537791 0)
(0.60778211 0.0015454349 0)
(0.60730707 0.0012618898 0)
(0.6687029 0.0058441103 0)
(0.56445457 0.010651052 0)
(0.50164472 0.014246072 0)
(0.50026633 0.016700429 0)
(0.52025944 0.01819097 0)
(0.53589168 0.018906118 0)
(0.54381281 0.019074428 0)
(0.54811504 0.018884897 0)
(0.55228846 0.018444294 0)
(0.55726488 0.017818131 0)
(0.56259578 0.017071989 0)
(0.56770053 0.016274071 0)
(0.57234552 0.015477756 0)
(0.57656888 0.014712789 0)
(0.58048154 0.013990548 0)
(0.58415733 0.013313843 0)
(0.5876222 0.01268282 0)
(0.59088121 0.012096275 0)
(0.59393961 0.011551329 0)
(0.59680821 0.011043541 0)
(0.59950022 0.010567623 0)
(0.6020277 0.010118165 0)
(0.60440018 0.0096900221 0)
(0.60662505 0.0092784255 0)
(0.60870832 0.0088789909 0)
(0.61065501 0.0084877491 0)
(0.61246937 0.0081012046 0)
(0.61415484 0.0077163816 0)
(0.61571412 0.0073308876 0)
(0.61714935 0.0069429193 0)
(0.61846229 0.0065514583 0)
(0.61965466 0.0061562194 0)
(0.62072845 0.0057582757 0)
(0.6216862 0.0053593926 0)
(0.62253142 0.0049637141 0)
(0.62326851 0.0045745176 0)
(0.62390325 0.0041995248 0)
(0.62444174 0.0038398766 0)
(0.62489218 0.0035077714 0)
(0.62526047 0.003193795 0)
(0.62555777 0.0029205359 0)
(0.62578576 0.0026527681 0)
(0.62596225 0.0024425507 0)
(0.62607711 0.0022015475 0)
(0.62616471 0.002052219 0)
(0.62618997 0.0018054708 0)
(0.62622019 0.0017210066 0)
(0.62618007 0.0014376799 0)
(0.6695496 0.0038156035 0)
(0.56459263 0.0070291393 0)
(0.50070591 0.0095092061 0)
(0.49837337 0.011277035 0)
(0.5175996 0.012423501 0)
(0.5325951 0.013039155 0)
(0.54000303 0.013251248 0)
(0.54390669 0.013188698 0)
(0.54777574 0.01293877 0)
(0.55253179 0.01255362 0)
(0.55772667 0.012075804 0)
(0.56277705 0.011549178 0)
(0.56743783 0.011012375 0)
(0.57173256 0.010490798 0)
(0.57576149 0.0099963515 0)
(0.57959327 0.0095328113 0)
(0.58325149 0.0091007573 0)
(0.58673917 0.0086995824 0)
(0.59005905 0.0083276313 0)
(0.59321932 0.0079821248 0)
(0.59623089 0.0076594838 0)
(0.59910377 0.0073558335 0)
(0.60184551 0.0070673709 0)
(0.60446143 0.0067905243 0)
(0.60695531 0.0065220032 0)
(0.60932987 0.006258833 0)
(0.61158697 0.0059984041 0)
(0.61372768 0.0057384964 0)
(0.61575235 0.0054773251 0)
(0.61766075 0.0052134957 0)
(0.61945226 0.004946174 0)
(0.62112621 0.0046749356 0)
(0.62268197 0.0044004354 0)
(0.62411979 0.0041235855 0)
(0.62544017 0.0038475587 0)
(0.62664599 0.0035741859 0)
(0.62773936 0.0033101782 0)
(0.62872773 0.0030550432 0)
(0.62961287 0.0028207294 0)
(0.6304098 0.0025963716 0)
(0.63111264 0.0024054863 0)
(0.63175235 0.0022119321 0)
(0.63229706 0.0020686846 0)
(0.63281869 0.0018890254 0)
(0.6332158 0.0017909857 0)
(0.63366771 0.0015977817 0)
(0.63389998 0.0015446555 0)
(0.63436028 0.0013148902 0)
(0.67007445 0.0021615634 0)
(0.56473709 0.0040027907 0)
(0.50024113 0.0054558654 0)
(0.49735004 0.0065227923 0)
(0.51610847 0.0072420125 0)
(0.53069798 0.007651575 0)
(0.5377675 0.0078141298 0)
(0.54140483 0.0078031825 0)
(0.54506716 0.0076749855 0)
(0.54966228 0.0074641638 0)
(0.5547366 0.007195751 0)
(0.55970479 0.0068941615 0)
(0.56431669 0.0065821493 0)
(0.5685879 0.0062761799 0)
(0.57261176 0.0059849065 0)
(0.57645341 0.0057114799 0)
(0.58013554 0.0054565683 0)
(0.58366113 0.0052199611 0)
(0.58703274 0.0050008579 0)
(0.59025828 0.0047977915 0)
(0.5933485 0.0046087429 0)
(0.59631341 0.004431426 0)
(0.59916065 0.0042635382 0)
(0.60189556 0.0041028922 0)
(0.60452176 0.0039474659 0)
(0.6070417 0.0037954282 0)
(0.60945683 0.0036451717 0)
(0.61176777 0.0034953237 0)
(0.61397431 0.003344776 0)
(0.61607566 0.0031926355 0)
(0.61807045 0.0030383443 0)
(0.61995725 0.0028815283 0)
(0.62173432 0.002722515 0)
(0.62340099 0.0025616535 0)
(0.62495596 0.0024009288 0)
(0.62640174 0.0022411381 0)
(0.62773739 0.0020868591 0)
(0.62897269 0.0019370992 0)
(0.63010283 0.0018005635 0)
(0.63115295 0.0016687199 0)
(0.63209932 0.0015591414 0)
(0.63300308 0.0014450641 0)
(0.63378267 0.0013653946 0)
(0.63458992 0.0012576533 0)
(0.63519473 0.0012056766 0)
(0.63597312 0.0010860404 0)
(0.63634563 0.0010594187 0)
(0.63720992 0.00091377689 0)
(0.67032373 0.00070062488 0)
(0.56482088 0.0013004835 0)
(0.50004993 0.0017792927 0)
(0.49689989 0.0021359746 0)
(0.51543527 0.0023805334 0)
(0.52982676 0.0025232104 0)
(0.536729 0.0025828612 0)
(0.54023508 0.0025833155 0)
(0.54379683 0.0025438799 0)
(0.54831355 0.0024766815 0)
(0.55332702 0.0023900508 0)
(0.55825035 0.0022917992 0)
(0.56283123 0.0021893703 0)
(0.56708155 0.0020884014 0)
(0.57109104 0.0019920194 0)
(0.57492274 0.001901437 0)
(0.5785987 0.001816944 0)
(0.58212191 0.0017385021 0)
(0.58549506 0.0016658805 0)
(0.58872609 0.0015986295 0)
(0.59182591 0.0015361051 0)
(0.59480481 0.0014775589 0)
(0.59767079 0.0014222265 0)
(0.60042952 0.001369377 0)
(0.60308492 0.0013183332 0)
(0.60563966 0.0012684806 0)
(0.6080954 0.0012192792 0)
(0.61045288 0.001170266 0)
(0.612712 0.0011210664 0)
(0.61487203 0.0010713734 0)
(0.61693161 0.0010209915 0)
(0.61888927 0.00096977432 0)
(0.62074299 0.00091781935 0)
(0.62249197 0.00086520502 0)
(0.62413415 0.00081260701 0)
(0.62567223 0.00076023171 0)
(0.6271036 0.00070970431 0)
(0.62843985 0.00066056136 0)
(0.62967216 0.0006159834 0)
(0.63083226 0.00057275891 0)
(0.63188542 0.00053736748 0)
(0.63291148 0.00049998512 0)
(0.63379883 0.00047482755 0)
(0.63474722 0.00043926047 0)
(0.63545087 0.00042342621 0)
(0.63639985 0.00038329841 0)
(0.6368407 0.00037554668 0)
(0.63792305 0.00032611193 0)
(0.67032372 -0.0007006484 0)
(0.56482087 -0.0013005135 0)
(0.50004992 -0.0017793246 0)
(0.49689988 -0.0021360064 0)
(0.51543527 -0.0023805651 0)
(0.52982675 -0.0025232424 0)
(0.53672899 -0.0025828936 0)
(0.54023507 -0.0025833488 0)
(0.54379682 -0.0025439148 0)
(0.54831354 -0.0024767189 0)
(0.55332701 -0.0023900911 0)
(0.55825034 -0.0022918423 0)
(0.56283122 -0.0021894151 0)
(0.56708155 -0.0020884465 0)
(0.57109104 -0.0019920631 0)
(0.57492273 -0.0019014778 0)
(0.5785987 -0.0018169807 0)
(0.58212191 -0.001738534 0)
(0.58549506 -0.0016659073 0)
(0.5887261 -0.0015986512 0)
(0.59182592 -0.0015361218 0)
(0.59480482 -0.0014775707 0)
(0.59767079 -0.0014222337 0)
(0.60042952 -0.0013693798 0)
(0.60308492 -0.001318332 0)
(0.60563967 -0.001268476 0)
(0.60809541 -0.0012192717 0)
(0.61045289 -0.0011702566 0)
(0.61271201 -0.0011210562 0)
(0.61487204 -0.0010713634 0)
(0.61693162 -0.0010209831 0)
(0.61888928 -0.00096976883 0)
(0.62074299 -0.000917818 0)
(0.62249198 -0.0008652089 0)
(0.62413416 -0.00081261693 0)
(0.62567223 -0.00076024813 0)
(0.6271036 -0.00070972703 0)
(0.62843985 -0.00066058979 0)
(0.62967216 -0.00061601582 0)
(0.63083226 -0.0005727938 0)
(0.63188542 -0.00053740153 0)
(0.63291148 -0.00050001682 0)
(0.63379883 -0.00047485258 0)
(0.63474722 -0.00043927834 0)
(0.63545086 -0.00042343319 0)
(0.63639985 -0.00038329541 0)
(0.63684069 -0.00037553444 0)
(0.63792304 -0.00032608914 0)
(0.67007444 -0.0021615839 0)
(0.56473709 -0.0040028178 0)
(0.50024112 -0.0054558949 0)
(0.49735003 -0.0065228224 0)
(0.51610846 -0.007242043 0)
(0.53069797 -0.007651606 0)
(0.53776749 -0.0078141614 0)
(0.54140482 -0.0078032151 0)
(0.54506715 -0.0076750197 0)
(0.54966227 -0.0074642007 0)
(0.55473659 -0.0071957911 0)
(0.55970478 -0.0068942045 0)
(0.56431668 -0.0065821944 0)
(0.56858789 -0.0062762257 0)
(0.57261175 -0.0059849513 0)
(0.5764534 -0.0057115222 0)
(0.58013554 -0.0054566067 0)
(0.58366113 -0.005219995 0)
(0.58703274 -0.0050008869 0)
(0.59025829 -0.0047978153 0)
(0.59334851 -0.0046087617 0)
(0.59631342 -0.0044314397 0)
(0.59916067 -0.0042635471 0)
(0.60189558 -0.0041028966 0)
(0.60452178 -0.0039474661 0)
(0.60704172 -0.0037954246 0)
(0.60945685 -0.003645165 0)
(0.61176779 -0.0034953147 0)
(0.61397433 -0.0033447657 0)
(0.61607568 -0.0031926252 0)
(0.61807047 -0.0030383353 0)
(0.61995727 -0.0028815219 0)
(0.62173434 -0.0027225126 0)
(0.62340101 -0.0025616562 0)
(0.62495598 -0.0024009375 0)
(0.62640176 -0.0022411534 0)
(0.6277374 -0.0020868806 0)
(0.6289727 -0.0019371264 0)
(0.63010283 -0.0018005946 0)
(0.63115295 -0.0016687532 0)
(0.63209932 -0.0015591735 0)
(0.63300308 -0.0014450934 0)
(0.63378267 -0.0013654167 0)
(0.63458991 -0.0012576681 0)
(0.63519471 -0.0012056801 0)
(0.63597311 -0.0010860342 0)
(0.6363456 -0.0010594028 0)
(0.63720989 -0.0009137513 0)
(0.66954958 -0.0038156194 0)
(0.56459261 -0.0070291615 0)
(0.5007059 -0.0095092315 0)
(0.49837336 -0.011277062 0)
(0.51759959 -0.012423529 0)
(0.53259509 -0.013039184 0)
(0.54000302 -0.013251279 0)
(0.54390668 -0.013188729 0)
(0.54777573 -0.012938803 0)
(0.55253178 -0.012553656 0)
(0.55772666 -0.012075843 0)
(0.56277704 -0.01154922 0)
(0.56743782 -0.01101242 0)
(0.57173255 -0.010490845 0)
(0.57576148 -0.0099963979 0)
(0.57959327 -0.0095328559 0)
(0.58325149 -0.0091007988 0)
(0.58673917 -0.0086996197 0)
(0.59005906 -0.0083276639 0)
(0.59321933 -0.0079821525 0)
(0.59623091 -0.0076595064 0)
(0.59910378 -0.007355851 0)
(0.60184553 -0.0070673834 0)
(0.60446145 -0.0067905318 0)
(0.60695534 -0.0065220061 0)
(0.6093299 -0.0062588317 0)
(0.611587 -0.0059983991 0)
(0.61372772 -0.0057384885 0)
(0.61575238 -0.0054773153 0)
(0.61766079 -0.0052134852 0)
(0.61945229 -0.0049461641 0)
(0.62112624 -0.0046749278 0)
(0.622682 -0.004400431 0)
(0.62411981 -0.0041235857 0)
(0.6254402 -0.0038475646 0)
(0.62664601 -0.0035741981 0)
(0.62773938 -0.0033101965 0)
(0.62872774 -0.0030550669 0)
(0.62961288 -0.0028207566 0)
(0.63040981 -0.0025964006 0)
(0.63111264 -0.0024055134 0)
(0.63175234 -0.0022119558 0)
(0.63229704 -0.0020687004 0)
(0.63281867 -0.0018890337 0)
(0.63321577 -0.0017909824 0)
(0.63366767 -0.0015977698 0)
(0.63389994 -0.0015446337 0)
(0.63436023 -0.0013148605 0)
(0.66870288 -0.0058441197 0)
(0.56445456 -0.010651067 0)
(0.50164472 -0.014246091 0)
(0.50026633 -0.016700451 0)
(0.52025944 -0.018190995 0)
(0.53589167 -0.018906145 0)
(0.5438128 -0.019074456 0)
(0.54811504 -0.018884926 0)
(0.55228845 -0.018444326 0)
(0.55726487 -0.017818166 0)
(0.56259577 -0.017072028 0)
(0.56770052 -0.016274113 0)
(0.57234551 -0.015477801 0)
(0.57656888 -0.014712837 0)
(0.58048153 -0.013990596 0)
(0.58415733 -0.01331389 0)
(0.5876222 -0.012682865 0)
(0.59088121 -0.012096316 0)
(0.59393962 -0.011551366 0)
(0.59680822 -0.011043574 0)
(0.59950024 -0.010567651 0)
(0.60202772 -0.010118187 0)
(0.60440021 -0.0096900392 0)
(0.60662508 -0.0092784373 0)
(0.60870835 -0.0088789977 0)
(0.61065505 -0.008487751 0)
(0.61246941 -0.0081012023 0)
(0.61415488 -0.0077163756 0)
(0.61571416 -0.0073308788 0)
(0.61714939 -0.0069429089 0)
(0.61846234 -0.0065514476 0)
(0.6196547 -0.0061562096 0)
(0.62072849 -0.0057582683 0)
(0.62168624 -0.0053593889 0)
(0.62253145 -0.0049637153 0)
(0.62326853 -0.0045745243 0)
(0.62390327 -0.004199537 0)
(0.62444175 -0.0038398935 0)
(0.62489219 -0.0035077912 0)
(0.62526046 -0.0031938158 0)
(0.62555776 -0.0029205543 0)
(0.62578573 -0.0026527824 0)
(0.62596221 -0.002442557 0)
(0.62607707 -0.0022015465 0)
(0.62616466 -0.0020522071 0)
(0.62618991 -0.0018054522 0)
(0.62622013 -0.0017209788 0)
(0.62618001 -0.0014376478 0)
(0.66750244 -0.0085510982 0)
(0.56452789 -0.015218007 0)
(0.50349813 -0.020006164 0)
(0.50363442 -0.023097935 0)
(0.52477342 -0.024806995 0)
(0.54127682 -0.025485399 0)
(0.54983406 -0.025494106 0)
(0.55457507 -0.025062039 0)
(0.5590119 -0.024298751 0)
(0.56407204 -0.023293964 0)
(0.56930341 -0.022156625 0)
(0.5741426 -0.020987614 0)
(0.5783876 -0.019850347 0)
(0.58210609 -0.018771157 0)
(0.5854284 -0.01775658 0)
(0.58844013 -0.016807593 0)
(0.59117651 -0.015924062 0)
(0.59365212 -0.015103946 0)
(0.59588171 -0.014342523 0)
(0.59788471 -0.013633132 0)
(0.5996818 -0.01296849 0)
(0.60129159 -0.012341586 0)
(0.60272969 -0.011745962 0)
(0.60400928 -0.011175681 0)
(0.60514187 -0.010625272 0)
(0.60613778 -0.010089748 0)
(0.60700616 -0.0095646722 0)
(0.60775509 -0.0090462278 0)
(0.60839164 -0.0085313132 0)
(0.60892202 -0.0080176272 0)
(0.60935187 -0.0075038869 0)
(0.60968658 -0.0069899209 0)
(0.60993161 -0.0064771262 0)
(0.61009267 -0.0059681028 0)
(0.61017628 -0.0054675834 0)
(0.61018886 -0.0049802417 0)
(0.61013861 -0.0045137022 0)
(0.61003132 -0.0040711797 0)
(0.60987795 -0.0036626087 0)
(0.60967931 -0.0032827367 0)
(0.60945436 -0.0029474807 0)
(0.60918786 -0.0026313298 0)
(0.6089248 -0.0023716614 0)
(0.60860417 -0.0021003272 0)
(0.60834619 -0.0019130517 0)
(0.60796768 -0.0016537555 0)
(0.60778203 -0.001545405 0)
(0.607307 -0.0012618599 0)
(0.66603694 -0.012587502 0)
(0.56549721 -0.021401863 0)
(0.50734568 -0.027260011 0)
(0.5096728 -0.030677857 0)
(0.5321906 -0.032305208 0)
(0.54946895 -0.032752104 0)
(0.55833145 -0.032461675 0)
(0.56299332 -0.031601763 0)
(0.56698262 -0.030268578 0)
(0.57122364 -0.028625884 0)
(0.57530054 -0.026870239 0)
(0.57872675 -0.025145126 0)
(0.58138118 -0.023514279 0)
(0.58339067 -0.021990454 0)
(0.5849223 -0.020571443 0)
(0.58608689 -0.019256002 0)
(0.58694175 -0.018043232 0)
(0.58752203 -0.016928715 0)
(0.58786035 -0.015903947 0)
(0.58799031 -0.014958363 0)
(0.58794361 -0.014081403 0)
(0.58774763 -0.013263437 0)
(0.58742534 -0.012495806 0)
(0.58699622 -0.011770599 0)
(0.58647717 -0.01108052 0)
(0.58588306 -0.010418891 0)
(0.58522696 -0.0097797136 0)
(0.58452027 -0.0091577653 0)
(0.58377294 -0.0085487203 0)
(0.58299367 -0.0079493147 0)
(0.58219028 -0.0073575838 0)
(0.58136996 -0.0067730573 0)
(0.58053961 -0.0061970316 0)
(0.57970588 -0.0056324152 0)
(0.57887551 -0.0050839253 0)
(0.57805457 -0.00455687 0)
(0.57724973 -0.004057948 0)
(0.5764649 -0.003591656 0)
(0.57570743 -0.0031646691 0)
(0.57497531 -0.0027758476 0)
(0.57428206 -0.0024327017 0)
(0.57360945 -0.0021219936 0)
(0.57299681 -0.001860974 0)
(0.57237748 -0.0016116699 0)
(0.57187442 -0.0014256481 0)
(0.57127734 -0.0012086439 0)
(0.57094971 -0.0011007622 0)
(0.57028332 -0.00087873185 0)
(0.66482127 -0.019551465 0)
(0.56933906 -0.03118544 0)
(0.51541694 -0.037362141 0)
(0.51962967 -0.039708386 0)
(0.54213468 -0.040198618 0)
(0.55825871 -0.039861711 0)
(0.56522222 -0.038913376 0)
(0.56741427 -0.037211644 0)
(0.56839812 -0.034848504 0)
(0.56916524 -0.032157848 0)
(0.56945121 -0.029473825 0)
(0.56894801 -0.026975022 0)
(0.56767374 -0.024700422 0)
(0.56583614 -0.022631942 0)
(0.56364274 -0.020750633 0)
(0.56122808 -0.019047625 0)
(0.5586679 -0.01751519 0)
(0.55601126 -0.016140331 0)
(0.55329845 -0.014905502 0)
(0.55056468 -0.013792153 0)
(0.54783911 -0.012783232 0)
(0.5451443 -0.011863839 0)
(0.54249737 -0.011020901 0)
(0.53991142 -0.010242729 0)
(0.53739686 -0.0095187672 0)
(0.53496203 -0.0088395248 0)
(0.53261374 -0.0081965835 0)
(0.5303575 -0.007582659 0)
(0.52819785 -0.006991716 0)
(0.52613855 -0.0064191404 0)
(0.52418288 -0.0058619539 0)
(0.52233369 -0.0053189927 0)
(0.52059354 -0.0047910136 0)
(0.51896448 -0.0042805406 0)
(0.51744805 -0.0037916245 0)
(0.51604464 -0.0033290752 0)
(0.51475387 -0.0028981211 0)
(0.51357304 -0.0025029338 0)
(0.5124999 -0.0021472978 0)
(0.51152697 -0.0018317472 0)
(0.5106537 -0.0015577831 0)
(0.50986315 -0.0013201753 0)
(0.50916917 -0.0011213704 0)
(0.50852616 -0.00094696555 0)
(0.50800203 -0.00081108578 0)
(0.50745389 -0.00067675581 0)
(0.50712691 -0.00059910853 0)
(0.5065632 -0.00047268815 0)
(0.66535362 -0.03223582 0)
(0.57796762 -0.048331276 0)
(0.52616152 -0.052848859 0)
(0.52663526 -0.050548377 0)
(0.54233844 -0.047237677 0)
(0.55062741 -0.044579922 0)
(0.54952048 -0.041915375 0)
(0.54367617 -0.038465369 0)
(0.53668763 -0.034370667 0)
(0.52966429 -0.030216259 0)
(0.52254979 -0.026450155 0)
(0.51522467 -0.023208679 0)
(0.50779992 -0.020441106 0)
(0.50048501 -0.018060558 0)
(0.49344262 -0.016006004 0)
(0.48675275 -0.01423858 0)
(0.48043959 -0.012724506 0)
(0.47450255 -0.011428049 0)
(0.46893223 -0.010313511 0)
(0.46371517 -0.0093488861 0)
(0.45883494 -0.0085074348 0)
(0.45427323 -0.0077672739 0)
(0.45001135 -0.0071103096 0)
(0.44603149 -0.0065213253 0)
(0.44231745 -0.0059873981 0)
(0.43885495 -0.005497547 0)
(0.4356317 -0.0050425127 0)
(0.43263725 -0.0046146393 0)
(0.42986286 -0.0042078478 0)
(0.42730129 -0.0038176834 0)
(0.42494645 -0.003441389 0)
(0.42279297 -0.0030779332 0)
(0.42083567 -0.0027279295 0)
(0.41906896 -0.0023933849 0)
(0.41748635 -0.0020773132 0)
(0.41607988 -0.0017831472 0)
(0.41484003 -0.0015142109 0)
(0.41375533 -0.0012730694 0)
(0.41281339 -0.0010613124 0)
(0.41199969 -0.0008790576 0)
(0.41130168 -0.00072538896 0)
(0.41070214 -0.00059790991 0)
(0.41019459 -0.00049402412 0)
(0.40975346 -0.00040971779 0)
(0.40939528 -0.00034312825 0)
(0.4090562 -0.00028712082 0)
(0.4088363 -0.00024923693 0)
(0.40851205 -0.00020004195 0)
(0.66327018 -0.050443154 0)
(0.56905434 -0.069450835 0)
(0.50157742 -0.067622005 0)
(0.48392766 -0.056459407 0)
(0.48042441 -0.046803941 0)
(0.47054078 -0.040313016 0)
(0.45372799 -0.034925785 0)
(0.43493425 -0.029251405 0)
(0.4172887 -0.023521952 0)
(0.4016028 -0.018490502 0)
(0.38768577 -0.014539405 0)
(0.3752629 -0.011597456 0)
(0.3641926 -0.0094185736 0)
(0.35438569 -0.0077829908 0)
(0.3457303 -0.0065422412 0)
(0.33808586 -0.0055956792 0)
(0.33130721 -0.0048672006 0)
(0.3252636 -0.0042967494 0)
(0.31984494 -0.0038389307 0)
(0.31496078 -0.0034616142 0)
(0.31053713 -0.0031429952 0)
(0.30651361 -0.0028682786 0)
(0.30284117 -0.0026270585 0)
(0.29948025 -0.0024116427 0)
(0.2963991 -0.002216096 0)
(0.29357253 -0.0020357153 0)
(0.29098069 -0.0018667454 0)
(0.28860811 -0.0017062423 0)
(0.2864428 -0.0015520275 0)
(0.28447538 -0.0014026949 0)
(0.28269815 -0.0012576181 0)
(0.2811043 -0.0011169208 0)
(0.27968697 -0.00098137682 0)
(0.27843857 -0.00085223273 0)
(0.27735026 -0.00073098636 0)
(0.27641163 -0.00061917335 0)
(0.27561073 -0.00051815666 0)
(0.2749342 -0.00042892392 0)
(0.27436789 -0.00035195348 0)
(0.27389711 -0.00028717389 0)
(0.27350801 -0.0002339135 0)
(0.27318651 -0.00019122821 0)
(0.27292213 -0.00015746191 0)
(0.2727013 -0.00013171098 0)
(0.2725217 -0.00011123966 0)
(0.27236246 -9.6620658e-05 0)
(0.27224745 -8.3414803e-05 0)
(0.272104 -7.0540633e-05 0)
(0.57456993 -0.040433936 0)
(0.39903355 -0.031752248 0)
(0.29465686 -0.021086396 0)
(0.2592959 -0.013067305 0)
(0.23965256 -0.0087026753 0)
(0.2172452 -0.0063745045 0)
(0.19491335 -0.0045867931 0)
(0.17667335 -0.0028513906 0)
(0.1630122 -0.0014071856 0)
(0.15288352 -0.00051180905 0)
(0.14520959 -0.00010783344 0)
(0.13922516 1.7742511e-05 0)
(0.13442758 3.2105945e-05 0)
(0.13048752 1.138226e-05 0)
(0.12718103 -2.0143511e-05 0)
(0.12434881 -5.3798741e-05 0)
(0.12187638 -8.3925326e-05 0)
(0.11968313 -0.00010710367 0)
(0.11771338 -0.00012258417 0)
(0.11592851 -0.00013145228 0)
(0.1143008 -0.00013542278 0)
(0.11280948 -0.0001360631 0)
(0.11143842 -0.00013452935 0)
(0.11017487 -0.00013158645 0)
(0.1090087 -0.00012770788 0)
(0.10793191 -0.00012316514 0)
(0.10693839 -0.00011809173 0)
(0.10602354 -0.00011253326 0)
(0.10518405 -0.00010649041 0)
(0.1044176 -9.9957641e-05 0)
(0.10372249 -9.2952695e-05 0)
(0.10309734 -8.5534921e-05 0)
(0.10254064 -7.7807184e-05 0)
(0.10205049 -6.9899776e-05 0)
(0.10162421 -6.1952253e-05 0)
(0.10125824 -5.4138061e-05 0)
(0.10094805 -4.6658115e-05 0)
(0.10068833 -3.971806e-05 0)
(0.10047316 -3.3492397e-05 0)
(0.1002963 -2.811833e-05 0)
(0.10015162 -2.3637642e-05 0)
(0.10003313 -2.0093348e-05 0)
(0.099935799 -1.7312694e-05 0)
(0.09985455 -1.5393002e-05 0)
(0.099786671 -1.3716205e-05 0)
(0.099727163 -1.2958227e-05 0)
(0.099678357 -1.0808223e-05 0)
(0.099627569 -1.2123665e-05 0)
)
;

boundaryField
{
    inlet
    {
        type            fixedValue;
        value           uniform (0.5 0 0);
    }
    outlet
    {
        type            zeroGradient;
    }
    top
    {
        type            noSlip;
    }
    bottom
    {
        type            noSlip;
    }
    frontAndBack
    {
        type            empty;
    }
}


// ************************************************************************* //
