/*--------------------------------*- C++ -*----------------------------------*\
| =========                 |                                                 |
| \\      /  F ield         | OpenFOAM: The Open Source CFD Toolbox           |
|  \\    /   O peration     | Version:  2512                                  |
|   \\  /    A nd           | Website:  www.openfoam.com                      |
|    \\/     M anipulation  |                                                 |
\*---------------------------------------------------------------------------*/
FoamFile
{
    version     2.0;
    format      ascii;
    arch        "LSB;label=32;scalar=64";
    class       surfaceScalarField;
    location    "19.8";
    object      phi;
}
// * * * * * * * * * * * * * * * * * * * * * * * * * * * * * * * * * * * * * //

dimensions      [0 3 -1 0 0 0 0];

oriented        oriented;

internalField   nonuniform List<scalar> 
6512
(
3.8668125e-14
-3.8668016e-14
-1.0633706e-19
7.4714822e-14
-3.6046701e-14
1.1282375e-13
-3.8108926e-14
1.5567735e-13
-4.2853605e-14
2.0303916e-13
-4.7361808e-14
2.5284912e-13
-4.9809959e-14
3.0215235e-13
-4.9303229e-14
3.4772933e-13
-4.5576985e-14
3.8664928e-13
-3.8919947e-14
4.1685927e-13
-3.0209992e-14
4.3771544e-13
-2.0856162e-14
4.5024042e-13
-1.2524982e-14
4.563994e-13
-6.1589802e-15
4.5832179e-13
-1.9223909e-15
4.5780596e-13
5.1583439e-16
4.5618001e-13
1.6259482e-15
4.5423533e-13
1.9446839e-15
4.5240498e-13
1.8303413e-15
4.5086407e-13
1.5409184e-15
4.4963598e-13
1.2280955e-15
4.486683e-13
9.6767849e-16
4.4788209e-13
7.8622097e-16
4.4720361e-13
6.7847692e-16
4.4658866e-13
6.149582e-16
4.460489e-13
5.3976291e-16
4.4568621e-13
3.6269537e-16
4.4575338e-13
-6.7161929e-17
4.467573e-13
-1.0039226e-15
4.4957604e-13
-2.8187334e-15
4.5565034e-13
-6.0743054e-15
4.6721054e-13
-1.1560189e-14
4.8748805e-13
-2.0277502e-14
5.2073879e-13
-3.3250747e-14
5.7168195e-13
-5.0943158e-14
6.4325918e-13
-7.157723e-14
7.2880461e-13
-8.554543e-14
7.9337612e-13
-6.4571504e-14
7.7289389e-13
2.0482234e-14
4.4223778e-13
3.3065612e-13
4.4223778e-13
1.3268388e-13
-1.7135151e-13
-3.7913831e-19
2.6140472e-13
-1.6476754e-13
3.9970403e-13
-1.7640823e-13
5.539651e-13
-1.9711468e-13
7.2197618e-13
-2.1537289e-13
8.9658592e-13
-2.244197e-13
1.0682472e-12
-2.2096451e-13
1.2267257e-12
-2.0405542e-13
1.3627411e-12
-1.7493542e-13
-1.3726778e-13
1.4697989e-12
1.8916924e-13
-3.6052021e-13
-5.4342581e-19
3.7741277e-13
-3.5301108e-13
5.8986692e-13
-3.8886238e-13
8.3140242e-13
-4.3865017e-13
1.094056e-12
-4.7802646e-13
1.3652514e-12
-4.9561511e-13
1.6304776e-12
-4.8619069e-13
1.8746372e-12
-4.4821506e-13
2.08391e-12
-3.842082e-13
-3.0180082e-13
2.248443e-12
1.8956444e-13
-5.5008407e-13
-5.8407305e-19
3.9979731e-13
-5.6324395e-13
6.6584157e-13
-6.5490664e-13
9.7819178e-13
-7.5100038e-13
1.3172168e-12
-8.1705151e-13
1.6646556e-12
-8.4305384e-13
2.0025455e-12
-8.2408064e-13
2.3122161e-12
-7.5788565e-13
2.5757458e-12
-6.4773789e-13
-5.0572458e-13
2.7796696e-12
8.1014013e-14
-6.3109758e-13
-5.0806172e-19
2.8906707e-13
-7.7129701e-13
6.1246441e-13
-9.7830399e-13
9.9333614e-13
-1.1318721e-12
1.396648e-12
-1.2203634e-12
1.8033835e-12
-1.2497893e-12
2.1961721e-12
-1.2168692e-12
2.5544107e-12
-1.1161242e-12
2.8556701e-12
-9.4899738e-13
3.0814474e-12
-7.315018e-13
1.5458468e-12
-9.6904001e-14
1.5940328e-12
-6.0710963e-14
1.6205095e-12
-3.2635736e-14
1.6320326e-12
-1.3445425e-14
1.6344606e-12
-1.9122339e-15
1.6320842e-12
4.0023841e-15
1.6277486e-12
6.2802906e-15
1.6230681e-12
6.5108825e-15
1.6188191e-12
5.7898819e-15
1.61526e-12
4.787218e-15
1.6123698e-12
3.8578367e-15
1.6100139e-12
3.142182e-15
1.6080578e-12
2.6345898e-15
1.6064591e-12
2.2136166e-15
1.6053643e-12
1.6346295e-15
1.6052427e-12
4.8429528e-16
1.6070702e-12
-1.8946843e-15
1.6126016e-12
-6.5353652e-15
1.6247785e-12
-1.4995599e-14
-2.9535985e-14
1.6482402e-12
2.3651565e-12
-2.1361748e-13
2.439647e-12
-1.3520142e-13
2.4818619e-12
-7.4850635e-14
2.5021031e-12
-3.3686646e-14
2.5089124e-12
-8.7215039e-15
2.5084576e-12
4.4571818e-15
2.5046996e-12
1.0038299e-14
2.4999342e-12
1.127626e-14
2.495319e-12
1.0405132e-14
2.4913153e-12
8.7909189e-15
2.488007e-12
7.1661139e-15
2.4853174e-12
5.8317774e-15
2.4831597e-12
4.7922736e-15
2.4815577e-12
3.8156739e-15
2.4807697e-12
2.4226001e-15
2.4814485e-12
-1.9453098e-16
2.484861e-12
-5.307177e-15
2.4932086e-12
-1.4882955e-14
2.5100449e-12
-3.1831831e-14
-6.0303914e-14
2.5408128e-12
2.9197e-12
-3.5364796e-13
3.0059146e-12
-2.21416e-13
3.0534992e-12
-1.2243516e-13
3.0763334e-12
-5.652093e-14
3.084807e-12
-1.7195024e-14
3.0857895e-12
3.4746043e-15
3.0833996e-12
1.2428233e-14
3.079893e-12
1.4782903e-14
3.0763718e-12
1.3926246e-14
3.0732803e-12
1.1882507e-14
3.070723e-12
9.7234094e-15
3.0686652e-12
7.8895611e-15
3.0670626e-12
6.3948133e-15
3.0659609e-12
4.917472e-15
3.065594e-12
2.7894685e-15
3.0665064e-12
-1.1069377e-15
3.0697292e-12
-8.5299289e-15
3.0770031e-12
-2.215685e-14
3.0910904e-12
-4.5919125e-14
-8.5363585e-14
3.11615e-12
3.2244874e-12
-4.9668799e-13
3.3041463e-12
-3.0107492e-13
3.3437084e-12
-1.6199719e-13
3.3608596e-12
-7.3672177e-14
3.3667368e-12
-2.3072238e-14
3.367533e-12
2.6784565e-15
3.366382e-12
1.3579226e-14
3.3647219e-12
1.6442964e-14
3.3631385e-12
1.5509679e-14
3.3618166e-12
1.3204465e-14
3.3607718e-12
1.0768164e-14
3.3599657e-12
8.69568e-15
3.3593644e-12
6.9961137e-15
3.358976e-12
5.3058825e-15
3.3588843e-12
2.8811886e-15
3.3592911e-12
-1.5137017e-15
3.3605748e-12
-9.8136919e-15
3.3633663e-12
-2.4948253e-14
3.3686479e-12
-5.1200743e-14
3.3778677e-12
-9.4583424e-14
1.6899607e-12
-5.3280695e-14
1.7599359e-12
-9.0252656e-14
1.8717487e-12
-1.4506356e-13
2.0426751e-12
-2.2186955e-13
2.2929827e-12
-3.218849e-13
2.6457556e-12
-4.3831827e-13
3.1288895e-12
-5.4770536e-13
3.7519022e-12
-6.0253052e-13
-5.393437e-13
4.621902e-12
2.5934524e-12
-1.0592032e-13
2.6789745e-12
-1.7577473e-13
2.8117792e-12
-2.7786825e-13
3.009284e-12
-4.1937433e-13
3.2901714e-12
-6.0277231e-13
3.6702885e-12
-8.1843534e-13
4.1541302e-12
-1.0315471e-12
4.7159777e-12
-1.164378e-12
-1.0854621e-12
5.2620962e-12
3.1581563e-12
-1.479266e-13
3.225304e-12
-2.4292243e-13
3.3283074e-12
-3.8087159e-13
3.4804154e-12
-5.7148229e-13
3.6968942e-12
-8.1925116e-13
3.9942937e-12
-1.1158348e-12
4.3891899e-12
-1.4264434e-12
4.8777551e-12
-1.6529432e-12
-1.5604948e-12
5.3527878e-12
3.3930587e-12
-1.6311754e-13
3.416962e-12
-2.6682572e-13
3.453211e-12
-4.1712061e-13
3.5067604e-12
-6.2503173e-13
3.5850079e-12
-8.9749867e-13
3.7020409e-12
-1.2328677e-12
3.8966948e-12
-1.6210973e-12
4.2710075e-12
-2.027256e-12
4.9182724e-12
-2.2077596e-12
-3.9844816e-13
5.462588e-12
-5.9894059e-13
5.4625886e-12
-7.0874143e-13
5.4625886e-12
5.4625881e-12
-1.2530571e-12
-1.5112158e-19
-1.829749e-20
1.1476297e-19
-1.2495977e-13
-5.061376e-13
-2.0829616e-19
3.6287132e-14
-9.3254391e-13
2.8185725e-13
-1.2238741e-12
5.4835618e-13
-1.398371e-12
8.1427431e-13
-1.4862815e-12
1.0767838e-12
-1.5122989e-12
1.3294564e-12
-1.4695417e-12
1.5597242e-12
-1.346392e-12
1.751091e-12
-1.1403642e-12
-8.6868224e-13
1.8882714e-12
-4.6826397e-13
-3.7873515e-14
-1.116795e-19
-1.4207778e-13
-1.2587301e-12
2.0544305e-13
-1.571395e-12
4.9918981e-13
-1.6921178e-12
7.7370463e-13
-1.7607964e-12
1.0424311e-12
-1.7810254e-12
1.3024795e-12
-1.7295901e-12
1.5405145e-12
-1.584427e-12
1.7367414e-12
-1.3365911e-12
1.8711758e-12
-1.0031167e-12
1.9639983e-12
-5.7241488e-13
1.9982561e-12
-3.3533272e-13
2.0111098e-12
-1.7485084e-13
2.0147701e-12
-7.7332465e-14
2.0152384e-12
-2.3540612e-14
2.0149795e-12
2.9373742e-15
2.0147908e-12
1.3767974e-14
2.0148112e-12
1.6422532e-14
2.0149824e-12
1.533852e-14
2.0152225e-12
1.2964311e-14
2.0154749e-12
1.0515797e-14
2.0157087e-12
8.4619153e-15
2.0159058e-12
6.799037e-15
2.0160446e-12
5.1670834e-15
2.0160824e-12
2.8433695e-15
2.0159345e-12
-1.3658568e-15
2.0154465e-12
-9.325648e-15
2.0143544e-12
-2.3856122e-14
2.0122284e-12
-4.9074788e-14
-9.0746379e-14
2.0083914e-12
1.9325989e-12
-6.3383801e-13
1.9512176e-12
-3.5395133e-13
1.9529997e-12
-1.7663304e-13
1.9505795e-12
-7.4912233e-14
1.9484924e-12
-2.1453489e-14
1.9477091e-12
3.7206844e-15
1.9479778e-12
1.3499266e-14
1.9488178e-12
1.5582565e-14
1.9498531e-12
1.4303237e-14
1.9508672e-12
1.1950212e-14
1.9517653e-12
9.6176669e-15
1.9525198e-12
7.7074633e-15
1.9531207e-12
6.1980927e-15
1.953533e-12
4.7547937e-15
1.9536527e-12
2.7236754e-15
1.9532544e-12
-9.6757986e-16
1.9519202e-12
-7.9913939e-15
1.948941e-12
-2.0876886e-14
1.9431814e-12
-4.3315223e-14
1.9328983e-12
-8.0463283e-14
2.0017974e-12
-1.5652357e-13
1.9908403e-12
-2.5586857e-13
1.9730231e-12
-3.9930344e-13
1.9443921e-12
-5.9640073e-13
1.8984556e-12
-8.5156219e-13
1.8224983e-12
-1.1569104e-12
1.6845757e-12
-1.4831746e-12
1.4099863e-12
-1.7526666e-12
-1.6950606e-12
8.9728725e-13
1.9154998e-12
-1.3912506e-13
1.8872144e-12
-2.2758313e-13
1.8425897e-12
-3.5467875e-13
1.7736463e-12
-5.2745738e-13
1.6683177e-12
-7.4623351e-13
1.5068523e-12
-9.9544501e-13
1.2526747e-12
-1.228997e-12
8.4778075e-13
-1.3477727e-12
2.9650745e-13
-1.1437873e-12
-3.5576985e-13
-5.9262393e-14
-7.3212801e-13
-2.5057455e-12
-1.3621406e-13
-1.8546441e-12
9.0675867e-14
-1.7982849e-12
2.4510846e-13
-1.8465504e-12
3.8803717e-13
-1.9037251e-12
5.2979538e-13
-1.9227836e-12
6.6898224e-13
-1.868777e-12
7.9749518e-13
-1.7129399e-12
9.0297158e-13
-1.4420675e-12
9.7121346e-13
-1.0713586e-12
9.9544412e-13
-6.5806867e-13
9.9661764e-13
-3.5512485e-13
9.9208189e-13
-1.7209728e-13
9.8816241e-13
-7.0992739e-14
9.8610119e-13
-1.9392272e-14
9.8557553e-13
4.2463463e-15
9.8596361e-13
1.3111179e-14
9.8675818e-13
1.478801e-14
9.8764639e-13
1.3415032e-14
9.8847344e-13
1.1123161e-14
9.8918359e-13
8.9075327e-15
9.897694e-13
7.1216483e-15
9.9023318e-13
5.7343059e-15
9.9055555e-13
4.4324187e-15
9.9066425e-13
2.6149825e-15
9.9039601e-13
-6.9933763e-16
9.8944448e-13
-7.0398609e-15
9.8728877e-13
-1.872118e-14
9.8309601e-13
-3.9122462e-14
9.755948e-13
-7.2962078e-14
9.629172e-13
-1.2644745e-13
9.4240595e-13
-2.0707188e-13
9.1037075e-13
-3.2264355e-13
8.6174392e-13
-4.7883056e-13
7.8959843e-13
-6.7408801e-13
6.8450684e-13
-8.9035341e-13
5.3399608e-13
-1.0784862e-12
3.1605271e-13
-1.1298293e-12
7.8660833e-14
-9.0639538e-13
1.9398435e-14
-4.0432928e-13
-2.1014163e-12
3.217617e-20
-1.1485961e-13
-2.1441137e-12
2.3081331e-13
-2.1439578e-12
5.6383109e-13
-2.1795682e-12
9.0200801e-13
-2.241902e-12
1.2529806e-12
-2.2737562e-12
1.6071052e-12
-2.2229016e-12
1.9388976e-12
-2.0447323e-12
2.2094567e-12
-1.7126266e-12
-1.2368644e-12
2.3749626e-12
-3.1797658e-14
-2.0696187e-12
1.4569261e-19
3.8861857e-14
-2.2147732e-12
2.0009133e-13
-2.3051873e-12
4.2916284e-13
-2.4086397e-12
7.0556655e-13
-2.5183057e-12
1.0201895e-12
-2.5883791e-12
1.3565257e-12
-2.5592377e-12
1.6817872e-12
-2.3699939e-12
1.9447851e-12
-1.9756245e-12
-1.3742176e-12
2.0821383e-12
4.2771653e-15
-2.0738962e-12
3.0906201e-19
1.5499241e-14
-2.2259953e-12
8.7131469e-14
-2.3768195e-12
2.2814149e-13
-2.5496497e-12
4.3411794e-13
-2.7242822e-12
6.9858957e-13
-2.8528508e-12
1.0040913e-12
-2.8647394e-12
1.3116209e-12
-2.6775234e-12
1.5555818e-12
-2.2195855e-12
-1.4668647e-12
1.6482289e-12
-4.0247914e-14
-2.0336486e-12
3.2669191e-19
-8.9615406e-14
-2.1766278e-12
-9.5430378e-14
-2.3710045e-12
-4.0127861e-14
-2.6049522e-12
8.6785808e-14
-2.8511958e-12
2.8791701e-13
-3.053982e-12
5.4899696e-13
-3.1258194e-12
8.2400458e-13
-2.952531e-12
1.0242849e-12
-2.4198659e-12
1.0181432e-12
-1.460723e-12
2.3980532e-12
-6.8115927e-13
2.3693369e-12
-3.2640857e-13
2.3401192e-12
-1.4287966e-13
2.3223155e-12
-5.3189017e-14
2.3146125e-12
-1.1689265e-14
2.3132774e-12
5.5814365e-15
2.3151781e-12
1.1210441e-14
2.3183047e-12
1.1661424e-14
2.3215704e-12
1.0149366e-14
2.324499e-12
8.1945761e-15
2.3269553e-12
6.4512303e-15
2.3289555e-12
5.1214487e-15
2.3305371e-12
4.1527236e-15
2.3316583e-12
3.3112181e-15
2.3320988e-12
2.1744599e-15
2.3313391e-12
6.0326417e-17
2.3283871e-12
-4.087806e-15
2.3215506e-12
-1.1884735e-14
2.3081206e-12
-2.5692415e-14
-4.8816005e-14
2.2839745e-12
2.0197353e-12
-6.1875628e-13
1.9339016e-12
-2.4057481e-13
1.8815808e-12
-9.0558866e-14
1.8573039e-12
-2.891211e-14
1.8493042e-12
-3.6895953e-15
1.8494306e-12
5.4550378e-15
1.8529472e-12
7.6938471e-15
1.8573485e-12
7.2600878e-15
1.8615031e-12
5.9948416e-15
1.8650209e-12
4.6767389e-15
1.8678704e-12
3.6017137e-15
1.8701557e-12
2.8361946e-15
1.8719812e-12
2.3272065e-15
1.8733535e-12
1.9389613e-15
1.8740828e-12
1.4451614e-15
1.873655e-12
4.8814914e-16
1.8710591e-12
-1.4919465e-15
1.8645284e-12
-5.3540267e-15
1.8512063e-12
-1.2370283e-14
-2.4336731e-14
1.826727e-12
1.4442807e-12
-4.1480806e-13
1.310297e-12
-1.0659109e-13
1.2523783e-12
-3.2640113e-14
1.2317179e-12
-8.251763e-15
1.2275528e-12
4.7551021e-16
1.2300618e-12
2.9460346e-15
1.2346333e-12
3.122411e-15
1.2392536e-12
2.6397761e-15
1.2432077e-12
2.0407233e-15
1.2463632e-12
1.5212123e-15
1.2488279e-12
1.1370406e-15
1.2507777e-12
8.8637562e-16
1.2523635e-12
7.4146029e-16
1.2536454e-12
6.5705964e-16
1.2545247e-12
5.658367e-16
1.254646e-12
3.668551e-16
1.253259e-12
-1.0488452e-16
1.249013e-12
-1.1080224e-15
1.2396689e-12
-3.0262428e-15
-6.4182883e-15
1.2217505e-12
6.0333517e-13
4.9674408e-13
4.6410398e-13
4.5585221e-13
4.5632772e-13
4.5927376e-13
4.6239618e-13
4.6503596e-13
4.6707668e-13
4.6859789e-13
4.6973493e-13
4.7062131e-13
4.7136277e-13
4.7201983e-13
4.7258567e-13
4.7295253e-13
4.7284765e-13
4.7173963e-13
4.6871339e-13
4.6229511e-13
2.243111e-12
-8.5583858e-14
2.1771584e-12
-1.4111929e-13
2.074946e-12
-2.2043115e-13
1.9223083e-12
-3.261929e-13
1.7024969e-12
-4.542766e-13
1.3980934e-12
-5.8594994e-13
9.9682427e-13
-6.7721704e-13
5.2011538e-13
-6.531204e-13
-4.4254319e-13
5.6263192e-14
1.7847612e-12
-4.3618006e-14
1.7166416e-12
-7.2999749e-14
1.6113202e-12
-1.1510968e-13
1.456131e-12
-1.7100371e-13
1.239203e-12
-2.3734865e-13
9.5495843e-13
-3.0170532e-13
6.1498416e-13
-3.3724277e-13
2.6562773e-13
-3.0376395e-13
-1.7709458e-13
1.7912415e-16
1.1901687e-12
-1.203622e-14
1.137954e-12
-2.0784997e-14
1.0563794e-12
-3.3535118e-14
9.360165e-13
-5.0640819e-14
7.6962494e-13
-7.0957081e-14
5.5810414e-13
-9.0184513e-14
3.1995999e-13
-9.9098609e-14
1.0039575e-13
-8.4199709e-14
-4.154002e-14
-3.515881e-14
4.5025889e-13
4.294739e-13
3.9593877e-13
3.4529797e-13
2.7434089e-13
1.8415637e-13
8.5057768e-14
8.5806134e-16
-4.068195e-14
7.5661628e-14
7.5840753e-14
4.0681949e-14
-1.416522e-13
-1.8919968e-12
4.0720784e-19
-2.8907518e-13
-2.0292049e-12
-4.0416564e-13
-2.2559141e-12
-4.5714284e-13
-2.551975e-12
-4.2285846e-13
-2.8854802e-12
-2.8382868e-13
-3.1930118e-12
-4.7968155e-14
-3.3616799e-12
2.1600572e-13
-3.2165049e-12
3.3223561e-13
-2.5360958e-12
-1.1284874e-12
-2.5469587e-13
-1.6373013e-12
3.7628398e-19
-5.1355917e-13
-1.7703416e-12
-7.544111e-13
-2.0150622e-12
-9.4747177e-13
-2.3589144e-12
-1.0542437e-12
-2.7787083e-12
-1.0292074e-12
-3.2180481e-12
-8.3680783e-13
-3.5540795e-12
-4.9706051e-13
-3.5562522e-12
-1.509666e-13
-2.8821897e-12
-1.279454e-12
-3.5403442e-13
-1.2832672e-12
3.0345012e-19
-7.1784228e-13
-1.4065337e-12
-1.0840304e-12
-1.6488741e-12
-1.4296185e-12
-2.0133262e-12
-1.7084931e-12
-2.4998337e-12
-1.8428166e-12
-3.0837246e-12
-1.7256248e-12
-3.6712713e-12
-1.2674956e-12
-4.0143814e-12
-5.4574787e-13
-3.6039374e-12
-1.8252019e-12
-4.1445999e-13
-8.6880746e-13
2.1211941e-19
-8.5094939e-13
-9.7004434e-13
-1.3206758e-12
-1.1791477e-12
-1.8186424e-12
-1.5153597e-12
-2.3099194e-12
-2.0085567e-12
-2.7053103e-12
-2.6883336e-12
-2.8284226e-12
-3.548159e-12
-2.4070633e-12
-4.4357407e-12
-1.2473237e-12
-4.7636771e-12
-3.0725255e-12
-4.0959055e-13
-4.5921704e-13
1.2824981e-19
-8.5504833e-13
-5.2458657e-13
-1.3688209e-12
-6.653751e-13
-1.9772331e-12
-9.0694753e-13
-2.6900358e-12
-1.295754e-12
-3.473212e-12
-1.9051575e-12
-4.1893568e-12
-2.8320142e-12
-4.4694982e-12
-4.1555993e-12
-3.4640975e-12
-5.7690778e-12
-6.536623e-12
-3.2910599e-13
-1.3011111e-13
6.0567885e-20
-7.0063022e-13
-1.5306234e-13
-1.1618249e-12
-2.0418046e-13
-1.7722357e-12
-2.9653673e-13
-2.6128093e-12
-4.5518036e-13
-3.7954279e-12
-7.2253889e-13
-5.4666256e-12
-1.1608166e-12
-7.7838521e-12
-1.8383728e-12
-1.0800604e-11
-2.752326e-12
-3.4853904e-12
-1.3851836e-11
-1.3011112e-13
8.34785e-21
-2.8317347e-13
-4.8735393e-13
-7.8389066e-13
-1.239071e-12
-1.9616099e-12
-3.1224265e-12
-4.9607992e-12
-7.7131253e-12
-1.1198516e-11
-1.2769183e-11
-1.0826536e-12
-1.2599649e-11
-1.6953433e-13
-1.2553104e-11
-4.654488e-14
-1.253497e-11
-1.8134024e-14
-1.2528632e-11
-6.3378824e-15
-1.2526504e-11
-2.127653e-15
-1.2525703e-11
-8.013453e-16
-1.2525376e-11
-3.2726407e-16
-1.2525236e-11
-1.3979602e-16
-1.2525155e-11
-8.0645064e-17
-1.2525054e-11
-1.0060832e-16
-1.2524838e-11
-2.1608553e-16
-1.2524311e-11
-5.2734264e-16
-1.2522995e-11
-1.3156067e-15
-1.2519659e-11
-3.3360533e-15
-1.2511158e-11
-8.501031e-15
-1.248977e-11
-2.1388729e-14
-1.2433605e-11
-5.6165168e-14
-1.2256877e-11
-1.767276e-13
-6.2072908e-13
-1.1636148e-11
-1.2281169e-11
-1.2450704e-11
-1.2497248e-11
-1.2515382e-11
-1.252172e-11
-1.2523848e-11
-1.2524649e-11
-1.2524977e-11
-1.2525116e-11
-1.2525197e-11
-1.2525298e-11
-1.2525514e-11
-1.2526041e-11
-1.2527357e-11
-1.2530693e-11
-1.2539194e-11
-1.2560583e-11
-1.2616748e-11
-1.2793475e-11
-1.3414204e-11
-1.1045738e-11
-5.9040935e-13
-1.077517e-11
-2.7056834e-13
-1.0608427e-11
-1.6674299e-13
-1.0478295e-11
-1.3013264e-13
-1.0364323e-11
-1.139719e-13
-1.0252032e-11
-1.1229051e-13
-1.0125832e-11
-1.2620029e-13
-9.9099871e-12
-2.1584476e-13
-4.2865308e-13
-9.481334e-12
-1.375666e-11
-2.4795345e-13
-1.3767249e-11
-2.5997918e-13
-1.3647629e-11
-2.8636377e-13
-1.3444974e-11
-3.3278714e-13
-1.3149576e-11
-4.0937014e-13
-1.2721883e-11
-5.3998312e-13
-1.2095503e-11
-7.5258065e-13
-1.1125072e-11
-1.1862755e-12
-9.7798248e-12
-1.7739007e-12
-4.2625105e-12
-8.8235119e-12
-7.586902e-18
-2.4794586e-13
-7.5430484e-18
-2.5997926e-13
-7.2691355e-18
-2.8636409e-13
-7.2231155e-18
-3.3278716e-13
-7.194337e-18
-4.0937023e-13
-7.1797139e-18
-5.3998306e-13
-6.7099476e-18
-7.5258116e-13
-1.0452237e-17
-1.1862717e-12
-1.7738827e-12
-2.8519979e-17
-1.4419197e-14
-2.3352666e-13
-3.1877198e-14
-2.4252126e-13
-5.6559283e-14
-2.6168201e-13
-9.5819455e-14
-2.9352698e-13
-1.6326653e-13
-3.4192315e-13
-2.8965368e-13
-4.1359591e-13
-5.2818355e-13
-5.1405128e-13
-1.053706e-12
-6.6074924e-13
-8.2723684e-13
-2.0003518e-12
-2.1671813e-14
-2.1185485e-13
-4.7243341e-14
-2.1694973e-13
-8.179288e-14
-2.2713247e-13
-1.3362459e-13
-2.4169527e-13
-2.1723804e-13
-2.5830971e-13
-3.6341171e-13
-2.6742224e-13
-6.2370516e-13
-2.5375783e-13
-1.162136e-12
-1.2231838e-13
-2.1026549e-12
1.1328203e-13
-3.9526382e-12
-1.0820889e-12
1.6861584e-12
-2.7096775e-14
-1.8475807e-13
-5.7985412e-14
-1.860611e-13
-9.698492e-14
-1.8813296e-13
-1.4972508e-13
-1.8895511e-13
-2.2371356e-13
-1.8432123e-13
-3.2744765e-13
-1.6368814e-13
-4.6775069e-13
-1.1345479e-13
-6.1371298e-13
2.3643905e-14
2.2625474e-13
-7.2668569e-13
-2.8000481e-14
-1.5675759e-13
-5.9070865e-14
-1.5499071e-13
-9.6136797e-14
-1.5106703e-13
-1.4230504e-13
-1.4278687e-13
-2.0070676e-13
-1.2591951e-13
-2.7243179e-13
-9.1963106e-14
-3.5429869e-13
-3.1587894e-14
-4.1463785e-13
8.398307e-14
2.339514e-13
-4.2233451e-13
-2.6224791e-14
-1.305328e-13
-5.4800713e-14
-1.2641479e-13
-8.7162742e-14
-1.18705e-13
-1.2418944e-13
-1.0576018e-13
-1.6583397e-13
-8.4274978e-14
-2.0894935e-13
-4.8847727e-14
-2.4590692e-13
5.3696764e-15
-2.5176797e-13
8.9844114e-14
1.8852801e-13
-2.0634457e-13
-2.22941e-14
-1.082387e-13
-4.7072193e-14
-1.016367e-13
-7.4222083e-14
-9.1555112e-14
-1.0296684e-13
-7.7015423e-14
-1.3196824e-13
-5.5273572e-14
-1.5752336e-13
-2.3292607e-14
-1.7303257e-13
2.087888e-14
-1.6355204e-13
8.0363591e-14
1.4375231e-13
-1.1877634e-13
-1.7506363e-14
-9.0732336e-14
-3.8109896e-14
-8.1033165e-14
-6.0332868e-14
-6.933214e-14
-8.2190085e-14
-5.5158206e-14
-1.019374e-13
-3.5526258e-14
-1.1634132e-13
-8.8886821e-15
-1.2060134e-13
2.51389e-14
-1.0653351e-13
6.6295756e-14
-6.9643549e-14
1.0686235e-13
9.5947276e-13
5.3713825e-13
3.3079368e-13
2.1201733e-13
1.4237378e-13
2.3133784e-17
-2.3133784e-17
-5.4482713e-26
4.6734942e-17
-2.3601158e-17
7.12843e-17
-2.4549358e-17
9.7290277e-17
-2.6005977e-17
1.2530446e-16
-2.8014187e-17
1.5593952e-16
-3.0635058e-17
1.8989047e-16
-3.3950949e-17
2.2796078e-16
-3.807031e-17
2.7109513e-16
-4.313435e-17
-4.9326287e-17
3.2042142e-16
2.2699025e-17
-4.5832808e-17
-6.7203808e-26
4.5852818e-17
-4.6754951e-17
6.9928945e-17
-4.8625485e-17
9.5421199e-17
-5.1498231e-17
1.2286435e-16
-5.5457338e-17
1.5285101e-16
-6.0621715e-17
1.8605157e-16
-6.7151513e-17
2.2323852e-16
-7.5257263e-17
2.6531672e-16
-8.5212546e-17
-9.7371462e-17
3.1336189e-16
2.1841316e-17
-6.7674125e-17
-6.7034468e-26
4.411281e-17
-6.9026445e-17
6.7256201e-17
-7.1768876e-17
9.1736823e-17
-7.5978853e-17
1.1805679e-16
-8.1777303e-17
1.4676988e-16
-8.9334811e-17
1.78499e-16
-9.8880629e-17
2.1395704e-16
-1.107153e-16
2.5397257e-16
-1.2522808e-16
-1.4292079e-16
2.995219e-16
2.0583649e-17
-8.8257774e-17
-6.1199244e-26
4.1562084e-17
-9.000488e-17
6.3339883e-17
-9.3546674e-17
8.6341589e-17
-9.898056e-17
1.1102268e-16
-1.064584e-16
1.3788178e-16
-1.161939e-16
1.6747459e-16
-1.2847344e-16
2.0043028e-16
-1.4367099e-16
2.3747093e-16
-1.6226872e-16
-1.8488487e-16
2.7943501e-16
1.8959409e-17
-1.0721718e-16
-6.6138366e-26
3.8269082e-17
-1.0931455e-16
5.8286964e-17
-1.1356456e-16
7.9386581e-17
-1.2008018e-16
1.0196539e-16
-1.290372e-16
1.2645379e-16
-1.4068231e-16
1.5332507e-16
-1.5534472e-16
1.8310646e-16
-1.7345239e-16
2.1639161e-16
-1.9555387e-16
2.5385448e-16
-2.2234774e-16
3.7730561e-16
-5.6884189e-17
4.4342459e-16
-6.6118985e-17
5.2086454e-16
-7.7439952e-17
6.1225588e-16
-9.1391336e-17
7.2096165e-16
-1.0870577e-16
8.5134534e-16
-1.3038369e-16
1.0091592e-15
-1.5781384e-16
1.2021198e-15
-1.929606e-16
1.4407833e-15
-2.3866352e-16
1.739912e-15
-2.9912868e-16
2.1206876e-15
-3.8077561e-16
2.614387e-15
-4.9369939e-16
3.2689317e-15
-6.5454471e-16
4.160265e-15
-8.9133326e-16
5.4167735e-15
-1.2565085e-15
7.2570868e-15
-1.8403133e-15
1.0121994e-14
-2.864907e-15
1.4735128e-14
-4.613134e-15
2.3306402e-14
-8.5712741e-15
-1.4269269e-14
3.7575671e-14
3.6867053e-16
-1.1219282e-16
4.3282536e-16
-1.3027382e-16
5.0778283e-16
-1.5239743e-16
5.959914e-16
-1.795999e-16
7.005539e-16
-2.1326828e-16
8.2545379e-16
-2.5528358e-16
9.7587483e-16
-3.0823488e-16
1.1586598e-15
-3.7574553e-16
1.3829784e-15
-4.6298215e-16
1.661313e-15
-5.7746328e-16
2.0109312e-15
-7.3039378e-16
2.4560845e-15
-9.3885276e-16
3.0313147e-15
-1.2297748e-15
3.7861046e-15
-1.6461232e-15
4.7912953e-15
-2.2616992e-15
6.1446441e-15
-3.1936622e-15
7.9680198e-15
-4.6882827e-15
1.0382288e-14
-7.0274023e-15
1.3226633e-14
-1.1415619e-14
-1.7263692e-14
1.6221056e-14
3.5176969e-16
-1.6444061e-16
4.1212118e-16
-1.9062531e-16
4.8228994e-16
-2.2256619e-16
5.6438665e-16
-2.6169661e-16
6.6103626e-16
-3.0991789e-16
7.7553354e-16
-3.6978086e-16
9.1204982e-16
-4.4475116e-16
1.075907e-15
-5.3960276e-16
1.2739365e-15
-6.6101159e-16
1.514934e-15
-8.1846074e-16
1.810198e-15
-1.0256578e-15
2.1740644e-15
-1.3027191e-15
2.6241113e-15
-1.6798218e-15
3.1803133e-15
-2.2023251e-15
3.8602691e-15
-2.941655e-15
4.6681654e-15
-4.0015585e-15
5.547182e-15
-5.5672993e-15
6.3399487e-15
-7.8201691e-15
6.2890248e-15
-1.1364695e-14
-1.567456e-14
4.6998925e-15
3.2730604e-16
-2.1231164e-16
3.8224763e-16
-2.455669e-16
4.4564639e-16
-2.8596495e-16
5.1916421e-16
-3.3521443e-16
6.0480101e-16
-3.9555469e-16
7.0496772e-16
-4.6994758e-16
8.2256628e-16
-5.6234972e-16
9.6106582e-16
-6.7810229e-16
1.1245485e-15
-8.2449424e-16
1.3176653e-15
-1.0115776e-15
1.5453704e-15
-1.2533629e-15
1.8121711e-15
-1.5695199e-15
2.1202883e-15
-1.9879389e-15
2.4657777e-15
-2.5478146e-15
2.829509e-15
-3.3053864e-15
3.1621273e-15
-4.3341767e-15
3.3399588e-15
-5.7451308e-15
3.1401133e-15
-7.6203235e-15
1.9627845e-15
-1.0187366e-14
-1.3021236e-14
-6.9053959e-16
2.9626482e-16
-2.5472198e-16
3.4450474e-16
-2.9380682e-16
3.9958568e-16
-3.4104589e-16
4.6266346e-16
-3.9829221e-16
5.3504746e-16
-4.6793869e-16
6.1819581e-16
-5.5309593e-16
7.1368148e-16
-6.5783539e-16
8.2310157e-16
-7.8752238e-16
9.4787867e-16
-9.4927134e-16
1.0888627e-15
-1.1525616e-15
1.2455645e-15
-1.4100647e-15
1.4147343e-15
-1.7386896e-15
1.587723e-15
-2.1609276e-15
1.7458993e-15
-2.7059909e-15
1.8519942e-15
-3.4114812e-15
1.8377595e-15
-4.3199421e-15
1.5750888e-15
-5.4824601e-15
8.6703803e-16
-6.9122727e-15
-6.7650271e-16
-8.6438253e-15
-3.3449869e-15
-1.0352752e-14
1.8645454e-15
-5.502121e-14
-2.5038617e-14
-5.4130003e-14
-4.5902797e-14
-4.846796e-14
-6.3497099e-14
-3.7563904e-14
-7.7286145e-14
-2.1737212e-14
-8.5366937e-14
-8.0788964e-16
-8.4788673e-14
2.4560637e-14
-7.141318e-14
5.2920262e-14
7.9120625e-14
-4.3671458e-14
-3.5742836e-15
-3.5225871e-14
-2.1149885e-14
-3.6554401e-14
-3.6385037e-14
-3.3232808e-14
-4.9062695e-14
-2.4886246e-14
-5.8272625e-14
-1.2527282e-14
-6.2527896e-14
3.4473813e-15
-6.0003958e-14
2.2036699e-14
-4.87108e-14
4.1627103e-14
5.8806712e-14
-2.8396887e-14
-6.4667227e-15
-2.4059255e-14
-1.8033017e-14
-2.4988106e-14
-2.8885416e-14
-2.238041e-14
-3.7812134e-14
-1.5959528e-14
-4.3858591e-14
-6.4808247e-15
-4.5915218e-14
5.5040085e-15
-4.288468e-14
1.900616e-14
-3.3872868e-14
3.2615292e-14
4.4068723e-14
-1.9134879e-14
-7.848399e-15
-1.6901396e-14
-1.5676683e-14
-1.7159822e-14
-2.3181694e-14
-1.4875399e-14
-2.9274255e-14
-9.8669667e-15
-3.3117313e-14
-2.6377664e-15
-3.3900544e-14
6.2872394e-15
-3.0963802e-14
1.6069418e-14
-2.3944295e-14
2.5595785e-14
3.3360173e-14
-1.3235745e-14
-8.177453e-15
-1.206893e-14
-1.3544418e-14
-1.1792857e-14
-1.8687437e-14
-9.7323806e-15
-2.2771335e-14
-5.7830687e-15
-2.5136414e-14
-2.7268724e-16
-2.5210189e-14
6.3610143e-15
-2.2598825e-14
1.3458054e-14
-1.7187341e-14
2.0184301e-14
-9.3585139e-15
2.5531346e-14
9.8702325e-14
7.0305438e-14
5.117056e-14
3.7934814e-14
2.85763e-14
1.8149736e-17
-1.2536692e-16
-6.156821e-26
3.6617386e-17
-1.277822e-16
5.572652e-17
-1.3267369e-16
7.5812074e-17
-1.4016573e-16
9.722615e-17
-1.5045128e-16
1.2034389e-16
-1.6380005e-16
1.4556944e-16
-1.8057026e-16
1.7334171e-16
-2.0122466e-16
2.0413982e-16
-2.2635199e-16
-2.5669536e-16
2.3848744e-16
1.5571788e-17
-1.4093871e-16
-6.2791302e-26
3.1396095e-17
-1.4360651e-16
4.7728387e-17
-1.4900598e-16
6.4829898e-17
-1.5726724e-16
8.2970171e-17
-1.6859155e-16
1.0242911e-16
-1.8325899e-16
1.2349821e-16
-2.0163936e-16
1.4648048e-16
-2.2420694e-16
1.7168834e-16
-2.5155984e-16
-2.8444524e-16
1.9943822e-16
1.2725957e-17
-1.5366466e-16
-6.9709611e-26
2.5635986e-17
-1.5651654e-16
3.8914537e-17
-1.6228453e-16
5.2746547e-17
-1.7109925e-16
6.731698e-17
-1.8316198e-16
8.2809399e-17
-1.9875141e-16
9.9403067e-17
-2.1823303e-16
1.1726784e-16
-2.4207171e-16
1.3655581e-16
-2.7084782e-16
-3.052777e-16
1.5738828e-16
9.6851844e-18
-1.6334985e-16
-7.7767023e-26
1.9485691e-17
-1.6631704e-16
2.9514949e-17
-1.7231379e-16
3.9882237e-17
-1.8146654e-16
5.0689637e-17
-1.9396938e-16
6.2027714e-17
-2.1008948e-16
7.3969286e-17
-2.301746e-16
8.6560428e-17
-2.5466285e-16
9.9807568e-17
-2.8409496e-16
-3.1912923e-16
1.1365909e-16
6.5231505e-18
-1.69873e-16
-8.0437058e-26
1.3095015e-17
-1.7288891e-16
1.9760553e-17
-1.7897933e-16
2.6556788e-17
-1.8826278e-16
3.3507733e-17
-2.0092033e-16
4.0617873e-17
-2.1719962e-16
4.7863531e-17
-2.3742026e-16
5.5181254e-17
-2.6198057e-16
6.2452082e-17
-2.9136579e-16
-3.2615736e-16
6.9480216e-17
3.311032e-18
-1.7318403e-16
-7.5888719e-26
6.6083022e-18
-1.7618618e-16
9.8728987e-18
-1.8224393e-16
1.3075167e-17
-1.9146504e-16
1.6168197e-17
-2.0401336e-16
1.907985e-17
-2.2011128e-16
2.1702668e-17
-2.4004308e-16
2.3880865e-17
-2.6415877e-16
2.539339e-17
-2.9287831e-16
-3.2669576e-16
2.5931787e-17
1.1526003e-19
-1.7329929e-16
-7.7290638e-26
1.5989439e-19
-1.7623081e-16
5.7212431e-20
-1.8214124e-16
-2.8202911e-19
-1.911258e-16
-9.6698333e-19
-2.033284e-16
-2.1354402e-18
-2.1894282e-16
-3.9645027e-18
-2.3821402e-16
-6.6838988e-18
-2.6143937e-16
-1.0592756e-17
-2.8896945e-16
-1.608083e-17
-3.2120768e-16
2.769551e-16
-2.9318963e-16
3.2015866e-16
-3.3701039e-16
3.6875095e-16
-3.8963818e-16
4.2340152e-16
-4.5294278e-16
4.847563e-16
-5.2929347e-16
5.533634e-16
-6.2170302e-16
6.295425e-16
-7.3401449e-16
7.1316081e-16
-8.7114069e-16
8.0325476e-16
-1.0393653e-15
8.9739976e-16
-1.2467066e-15
9.906684e-16
-1.5033333e-15
1.0739395e-15
-1.8219608e-15
1.1311551e-15
-2.2181432e-15
1.1351257e-15
-2.7099615e-15
1.0407885e-15
-3.317144e-15
7.7705862e-16
-4.0562122e-15
2.3153363e-16
-4.9369351e-15
-7.4764714e-16
-5.933092e-15
-2.3950599e-15
-6.9964125e-15
-7.8927861e-15
-4.8550254e-15
2.3004023e-16
-3.2379165e-16
2.6378009e-16
-3.7075024e-16
3.0088909e-16
-4.2674718e-16
3.4149584e-16
-4.9354953e-16
3.8554979e-16
-5.7334743e-16
4.3270174e-16
-6.6885497e-16
4.8211838e-16
-7.8343113e-16
5.3219665e-16
-9.2121896e-16
5.8012637e-16
-1.087295e-15
6.2122659e-16
-1.2878069e-15
6.4794803e-16
-1.5300548e-15
6.4840503e-16
-1.8224178e-15
6.0424569e-16
-2.1739839e-15
4.8777044e-16
-2.5934862e-15
2.5800463e-16
-3.0873782e-15
-1.4301958e-16
-3.655188e-15
-7.954794e-16
-4.2844753e-15
-1.7949669e-15
-4.9336045e-15
-3.2587083e-15
-5.5326712e-15
-5.9169369e-15
-5.2345575e-15
1.7983576e-16
-3.4623913e-16
2.0388815e-16
-3.9480263e-16
2.2941028e-16
-4.5226931e-16
2.5607663e-16
-5.2021588e-16
2.8327564e-16
-6.0054643e-16
3.0997032e-16
-6.9554965e-16
3.3449629e-16
-8.0795709e-16
3.5427088e-16
-9.4099355e-16
3.6537796e-16
-1.0984021e-15
3.6198303e-16
-1.2844119e-15
3.3552367e-16
-1.5035954e-15
2.7362479e-16
-1.7605189e-15
1.5869716e-16
-2.0590562e-15
-3.3694501e-17
-2.4010946e-15
-3.3659623e-16
-2.7844765e-15
-7.9250797e-16
-3.1992763e-15
-1.4534456e-15
-3.6235376e-15
-2.3732682e-15
-4.0137819e-15
-3.6021428e-15
-4.3037965e-15
-4.3798357e-15
-5.139244e-15
1.2797928e-16
-3.6055932e-16
1.4251157e-16
-4.0933491e-16
1.5682698e-16
-4.6658472e-16
1.7025206e-16
-5.3364096e-16
1.8176867e-16
-6.1206304e-16
1.8987538e-16
-7.0365636e-16
1.9239716e-16
-8.1047888e-16
1.8622693e-16
-9.3482332e-16
1.6697952e-16
-1.0791547e-15
1.2853851e-16
-1.2459709e-15
6.2481378e-17
-1.4375383e-15
-4.2611321e-17
-1.6554262e-15
-2.0192192e-16
-1.8997456e-15
-4.3508338e-16
-2.1679331e-15
-7.6656428e-16
-2.4529956e-15
-1.2249904e-15
-2.7408502e-15
-1.8411296e-15
-3.0073984e-15
-2.6411956e-15
-3.213716e-15
-3.6394908e-15
-3.3055013e-15
-3.2054458e-15
-4.8138807e-15
7.5964118e-17
-3.6704322e-16
8.1457454e-17
-4.1482825e-16
8.531651e-17
-4.7044377e-16
8.6629712e-17
-5.3495416e-16
8.412382e-17
-6.0955715e-16
7.6040124e-17
-6.9557266e-16
5.9973053e-17
-7.9441181e-16
3.2663349e-17
-9.0751362e-16
-1.0260551e-17
-1.0362308e-15
-7.4594097e-17
-1.1816374e-15
-1.6791098e-16
-1.3442214e-15
-2.9992558e-16
-1.5234116e-15
-4.8279101e-16
-1.7168802e-15
-7.3117761e-16
-1.9195465e-15
-1.0619117e-15
-2.1222615e-15
-1.4926835e-15
-2.3100784e-15
-2.039556e-15
-2.4605259e-15
-2.7117929e-15
-2.5414791e-15
-3.5057975e-15
-2.5114967e-15
-2.318802e-15
-4.3924413e-15
2.507126e-17
-3.661827e-16
2.2232931e-17
-4.1198992e-16
1.6634865e-17
-4.6484571e-16
7.2289657e-18
-5.2554826e-16
-7.3795278e-18
-5.9494866e-16
-2.9033314e-17
-6.7391888e-16
-6.014798e-17
-7.6329714e-16
-1.0386191e-16
-8.6379969e-16
-1.6420879e-16
-9.758839e-16
-2.4630306e-16
-1.0995431e-15
-3.5651634e-16
-1.2340081e-15
-5.0260089e-16
-1.377327e-15
-6.9368588e-16
-1.5257952e-15
-9.4001944e-16
-1.673213e-15
-1.2522886e-15
-1.8099923e-15
-1.6402296e-15
-1.9221374e-15
-2.1103684e-15
-1.990387e-15
-2.6623134e-15
-1.9895342e-15
-3.2845163e-15
-1.8892938e-15
-1.655516e-15
-3.9478023e-15
-2.3655352e-17
-3.5860817e-16
-3.3974877e-17
-4.016704e-16
-4.7891616e-17
-4.5092897e-16
-6.6503836e-17
-5.0693604e-16
-9.1219716e-17
-5.7023278e-16
-1.2383348e-16
-6.4130512e-16
-1.6661333e-16
-7.2051729e-16
-2.2239832e-16
-8.0801469e-16
-2.9469691e-16
-9.0358532e-16
-3.8777287e-16
-1.0064671e-15
-5.0669358e-16
-1.1150874e-15
-6.5729917e-16
-1.2267214e-15
-8.4603056e-16
-1.3370638e-15
-1.079525e-15
-1.4397185e-15
-1.3638692e-15
-1.5256481e-15
-1.70336e-15
-1.5826466e-15
-2.0987084e-15
-1.5950385e-15
-2.54452e-15
-1.5437226e-15
-3.0265892e-15
-1.4072246e-15
-3.5186908e-15
-1.1634144e-15
-8.4568398e-15
-8.4671154e-15
-1.2388475e-14
-7.8612211e-15
-1.6082748e-14
-6.0381081e-15
-1.8914625e-14
-2.9511919e-15
-2.0369203e-14
1.1818913e-15
-2.0031269e-14
6.0230803e-15
-1.7656816e-14
1.1083601e-14
-1.3241892e-14
1.5769378e-14
1.9418341e-14
-7.1288874e-15
-7.7707675e-15
-5.9309054e-15
-1.0450417e-14
-5.1815715e-15
-1.2888646e-14
-3.5998787e-15
-1.4664393e-14
-1.175445e-15
-1.5421258e-14
1.9387561e-15
-1.4887599e-14
5.4894214e-15
-1.2926937e-14
9.1229384e-15
-9.5804549e-15
1.2422896e-14
1.4950998e-14
-5.113112e-15
-6.9450325e-15
-4.1251169e-15
-8.7772563e-15
-3.3493478e-15
-1.0375594e-14
-2.0015409e-15
-1.1459403e-14
-9.1635931e-17
-1.1788341e-14
2.2676943e-15
-1.1188082e-14
4.8891624e-15
-9.5849459e-15
7.5198018e-15
-7.0317846e-15
9.8697344e-15
1.164623e-14
-3.7270161e-15
-6.1044413e-15
-2.8345563e-15
-7.3568338e-15
-2.0969553e-15
-8.3941055e-15
-9.6426915e-16
-9.0294754e-15
5.4373398e-16
-9.1033935e-15
2.3416124e-15
-8.5057731e-15
4.291542e-15
-7.1992392e-15
6.2132679e-15
-5.2347332e-15
7.9052284e-15
9.1701303e-15
-2.7586336e-15
-5.3142163e-15
-1.9127813e-15
-6.1666646e-15
-1.244507e-15
-6.8287208e-15
-3.0221287e-16
-7.1758839e-15
8.9089704e-16
-7.1033083e-15
2.2690367e-15
-6.5425664e-15
3.7308002e-15
-5.4769694e-15
5.1476708e-15
-3.9508832e-15
6.3791422e-15
7.291001e-15
-2.0717538e-15
-4.6035653e-15
-1.2570183e-15
-5.1786465e-15
-6.6942576e-16
-5.5896873e-15
1.0882786e-16
-5.753476e-15
1.0546858e-15
-5.6016005e-15
2.1171613e-15
-5.0922794e-15
3.2214791e-15
-4.2203136e-15
4.275705e-15
-3.0225854e-15
5.1814141e-15
5.8464413e-15
-1.5780258e-15
-3.9818765e-15
-7.9383265e-16
-4.3639517e-15
-2.8735048e-16
-4.6071998e-15
3.5207594e-16
-4.655852e-15
1.1033379e-15
-4.4655288e-15
1.9268381e-15
-4.0113027e-15
2.767253e-15
-3.2940922e-15
3.5584944e-15
-2.3438602e-15
4.2311821e-15
-1.2188493e-15
4.7214304e-15
2.1447413e-14
1.6334301e-14
1.2607285e-14
9.8486511e-15
7.7768973e-15
6.1988715e-15
4.9800221e-15
-2.7910123e-18
-1.7050828e-16
-6.9574102e-26
-5.6960929e-18
-1.7332573e-16
-8.8355164e-18
-1.7900182e-16
-1.2342327e-17
-1.8761899e-16
-1.6369637e-17
-1.9930109e-16
-2.1099058e-17
-2.142134e-16
-2.675074e-17
-2.3256233e-16
-3.3595512e-17
-2.545946e-16
-4.1969743e-17
-2.8059522e-16
-3.1088386e-16
-5.2293564e-17
-5.5097338e-18
-1.6499854e-16
-6.4902114e-26
-1.1173107e-17
-1.6766236e-16
-1.7150033e-17
-1.7302489e-16
-2.3613276e-17
-1.8115575e-16
-3.0755628e-17
-1.9215874e-16
-3.8798021e-17
-2.0617101e-16
-4.7998929e-17
-2.2336143e-16
-5.8665421e-17
-2.4392811e-16
-7.1166287e-17
-2.6809436e-16
-2.9610251e-16
-8.5947634e-17
-8.079014e-18
-1.5691953e-16
-7.1181103e-26
-1.6345117e-17
-1.5939626e-16
-2.4991453e-17
-1.6437856e-16
-3.4223505e-17
-1.719237e-16
-4.4265841e-17
-1.8211641e-16
-5.5369572e-17
-1.9506727e-16
-6.7820747e-17
-2.1091025e-16
-8.1949941e-17
-2.2979892e-16
-9.8143264e-17
-2.5190103e-16
-2.7739081e-16
-1.1685497e-16
-1.0466661e-17
-1.4645287e-16
-7.1713497e-26
-2.1147975e-17
-1.4871494e-16
-3.2264204e-17
-1.5326233e-16
-4.4046994e-17
-1.6014091e-16
-5.6745459e-17
-1.6941794e-16
-7.0632746e-17
-1.8117999e-16
-8.6013201e-17
-1.955298e-16
-1.0323028e-16
-2.1258183e-16
-1.2267528e-16
-2.3245604e-16
-2.5526923e-16
-1.4479686e-16
-1.2646383e-17
-1.3380649e-16
-8.0019738e-26
-2.5529544e-17
-1.3583178e-16
-3.8891273e-17
-1.399006e-16
-5.2983485e-17
-1.460487e-16
-6.8073498e-17
-1.5432793e-16
-8.4449569e-17
-1.6480392e-16
-1.0242673e-16
-1.7755264e-16
-1.2235294e-16
-1.9265562e-16
-1.4461554e-16
-2.1019344e-16
-2.3023693e-16
-1.6964784e-16
-1.4597139e-17
-1.1920935e-16
-8.6430778e-26
-2.9448333e-17
-1.2098059e-16
-4.4811971e-17
-1.2453696e-16
-6.0955136e-17
-1.2990553e-16
-7.8158018e-17
-1.3712505e-16
-9.6718373e-17
-1.4624356e-16
-1.1695601e-16
-1.5731499e-16
-1.3921727e-16
-1.7039437e-16
-1.6387925e-16
-1.8553145e-16
-2.0276238e-16
-1.913538e-16
-1.6302466e-17
-1.0290688e-16
-8.9045756e-26
-3.2872102e-17
-1.0441095e-16
-4.9979707e-17
-1.0742936e-16
-6.7903308e-17
-1.1198193e-16
-8.6931699e-17
-1.1809666e-16
-1.0736786e-16
-1.258074e-16
-1.2953216e-16
-1.3515069e-16
-1.5376525e-16
-1.4616127e-16
-1.8043043e-16
-1.5886627e-16
-1.7327766e-16
-2.0991516e-16
-1.7750356e-17
-8.5156523e-17
-9.0931933e-26
-3.5777478e-17
-8.6383831e-17
-5.4361125e-17
-8.884571e-17
-7.3786853e-17
-9.2556202e-17
-9.4348769e-17
-9.753474e-17
-1.1635198e-16
-1.0380419e-16
-1.4011468e-16
-1.11388e-16
-1.6596961e-16
-1.2030634e-16
-1.942648e-16
-1.3057109e-16
-2.2536309e-16
-1.4217937e-16
-6.50932e-17
-3.4580854e-16
-8.1028142e-17
-3.8573546e-16
-1.0092388e-16
-4.3103323e-16
-1.2581064e-16
-4.8204928e-16
-1.5696824e-16
-5.3907518e-16
-1.959761e-16
-6.0229726e-16
-2.4476616e-16
-6.7172723e-16
-3.0567389e-16
-7.4710695e-16
-3.8147871e-16
-8.277805e-16
-4.7541964e-16
-9.125262e-16
-5.9116418e-16
-9.9934289e-16
-7.3269805e-16
-1.0851876e-15
-9.0409179e-16
-1.1656701e-15
-1.1090872e-15
-1.2347231e-15
-1.350443e-15
-1.2842923e-15
-1.6289742e-15
-1.3041154e-15
-1.9422831e-15
-1.2817297e-15
-2.2831792e-15
-1.2028266e-15
-2.6381217e-15
-1.0522821e-15
-8.1576726e-16
-2.9857688e-15
-1.0355135e-16
-3.2820483e-16
-1.2463671e-16
-3.6465009e-16
-1.5000535e-16
-4.056646e-16
-1.8062915e-16
-4.5142548e-16
-2.1768054e-16
-5.0202379e-16
-2.6256311e-16
-5.5741468e-16
-3.1693948e-16
-6.1735086e-16
-3.8275078e-16
-6.8129566e-16
-4.6221922e-16
-7.4831205e-16
-5.5782095e-16
-8.1692447e-16
-6.7221093e-16
-8.8495291e-16
-8.080758e-16
-9.493227e-16
-9.6788457e-16
-1.0058613e-15
-1.1535032e-15
-1.0491045e-15
-1.3656427e-15
-1.0721528e-15
-1.6031207e-15
-1.0666374e-15
-1.8619609e-15
-1.0228895e-15
-2.1343872e-15
-9.3040023e-16
-2.4079368e-15
-7.7873257e-16
-5.5885031e-16
-2.6648537e-15
-1.386218e-16
-3.0643799e-16
-1.6407899e-16
-3.391929e-16
-1.9397766e-16
-3.7576593e-16
-2.2920294e-16
-4.1620019e-16
-2.7079146e-16
-4.6043527e-16
-3.1994599e-16
-5.0826015e-16
-3.7804377e-16
-5.5925308e-16
-4.4663313e-16
-6.127063e-16
-5.2741082e-16
-6.6753436e-16
-6.2216959e-16
-7.221657e-16
-7.3270228e-16
-7.7442022e-16
-8.6064577e-16
-8.2137921e-16
-1.0072463e-15
-8.5926079e-16
-1.1730283e-15
-8.833225e-16
-1.3573562e-15
-8.878249e-16
-1.5578922e-15
-8.6610135e-16
-1.7699861e-15
-8.1079557e-16
-1.9860637e-15
-7.1432264e-16
-2.1951686e-15
-5.6962773e-16
-3.7121853e-16
-2.3828003e-15
-1.7011134e-16
-2.8112351e-16
-1.9921344e-16
-3.100908e-16
-2.3278686e-16
-3.4219252e-16
-2.7161389e-16
-3.7737316e-16
-3.1658246e-16
-4.1546671e-16
-3.6868827e-16
-4.5615434e-16
-4.2902891e-16
-4.9891244e-16
-4.9878499e-16
-5.4295022e-16
-5.7918245e-16
-5.8713689e-16
-6.7142787e-16
-6.2992028e-16
-7.7660733e-16
-6.6924077e-16
-8.9553834e-16
-7.024482e-16
-1.0285649e-15
-7.2623427e-16
-1.1752882e-15
-7.3659915e-16
-1.3342348e-15
-7.2887834e-16
-1.502474e-15
-6.9786208e-16
-1.6752236e-15
-6.38046e-16
-1.8455016e-15
-5.4404465e-16
-2.0039314e-15
-4.1119789e-16
-2.3634549e-16
-2.1388045e-15
-1.9793564e-16
-2.5283572e-16
-2.300232e-16
-2.7800324e-16
-2.6651813e-16
-3.0569759e-16
-3.0809387e-16
-3.3579742e-16
-3.554886e-16
-3.6807199e-16
-4.0949817e-16
-4.0214476e-16
-4.7096044e-16
-4.3745017e-16
-5.4072707e-16
-4.7318359e-16
-6.1961819e-16
-5.0824577e-16
-7.0835443e-16
-5.4118405e-16
-8.0746016e-16
-5.7013504e-16
-9.1713221e-16
-5.9277614e-16
-1.0370698e-15
-6.0629664e-16
-1.1662654e-15
-6.0740363e-16
-1.3027621e-15
-5.9238156e-16
-1.4433966e-15
-5.5722758e-16
-1.5835574e-15
-4.9788529e-16
-1.7170088e-15
-4.1059324e-16
-1.8358511e-15
-2.9235559e-16
-1.4151019e-16
-1.9306864e-15
-2.2209063e-16
-2.2209889e-16
-2.5657931e-16
-2.4351455e-16
-2.9534932e-16
-2.6692758e-16
-3.3896705e-16
-2.9217969e-16
-3.8802856e-16
-3.1901048e-16
-4.4314614e-16
-3.4702718e-16
-5.0492646e-16
-3.7566985e-16
-5.7393744e-16
-4.0417261e-16
-6.5066055e-16
-4.3152266e-16
-7.3542509e-16
-4.5641951e-16
-8.2832097e-16
-4.7723916e-16
-9.2908758e-16
-4.9200953e-16
-1.0369782e-15
-4.9840605e-16
-1.150603e-15
-4.9377885e-16
-1.2677596e-15
-4.7522489e-16
-1.3852681e-15
-4.3971911e-16
-1.4988359e-15
-3.8431747e-16
-1.602991e-15
-3.064382e-16
-1.691128e-15
-2.0421859e-16
-7.692453e-17
-1.7557136e-15
-2.4263144e-16
-1.893826e-16
-2.790145e-16
-2.0713149e-16
-3.1951895e-16
-2.2642313e-16
-3.6461171e-16
-2.4708693e-16
-4.1476035e-16
-2.6886184e-16
-4.7041548e-16
-2.9137205e-16
-5.3198539e-16
-3.1409993e-16
-5.9980105e-16
-3.3635696e-16
-6.7406932e-16
-3.5725439e-16
-7.5481248e-16
-3.7567636e-16
-8.4179254e-16
-3.902591e-16
-9.3442026e-16
-3.9938181e-16
-1.0316504e-15
-4.0117594e-16
-1.131868e-15
-3.9356127e-16
-1.2327752e-15
-3.7431762e-16
-1.3312932e-15
-3.4120118e-16
-1.423499e-15
-2.921116e-16
-1.5046261e-15
-2.2531113e-16
-1.5691555e-15
-1.396892e-16
-3.505269e-17
-1.6110273e-15
-2.5964022e-16
-1.5510547e-16
-2.9748087e-16
-1.6929084e-16
-3.3927195e-16
-1.8463206e-16
-3.8539245e-16
-2.0096642e-16
-4.3619889e-16
-2.180554e-16
-4.9200509e-16
-2.3556585e-16
-5.5305529e-16
-2.5304973e-16
-6.1948918e-16
-2.6992307e-16
-6.9129778e-16
-2.8544579e-16
-7.6826942e-16
-2.9870472e-16
-8.499257e-16
-3.0860282e-16
-9.3544858e-16
-3.1385893e-16
-1.0236015e-15
-3.1302306e-16
-1.1126497e-15
-3.0451298e-16
-1.2002894e-15
-2.8667799e-16
-1.2835955e-15
-2.5789501e-16
-1.3590075e-15
-2.1669959e-16
-1.422368e-15
-1.6195063e-16
-1.4690359e-15
-9.3021355e-17
-1.4940878e-15
-1.0000772e-17
-3.2969612e-15
-4.8264022e-16
-3.5355683e-15
-4.8743406e-17
-3.6629764e-15
4.7948402e-16
-3.6431219e-15
1.0834834e-15
-3.4484261e-15
1.7321423e-15
-3.0649866e-15
2.3838135e-15
-2.4965052e-15
2.990013e-15
-1.7660512e-15
3.5007281e-15
3.8705488e-15
-9.1516953e-16
-2.8824104e-15
-2.6508351e-16
-3.0340577e-15
1.0290389e-16
-3.0924067e-15
5.3783297e-16
-3.0327765e-15
1.0238533e-15
-2.8371778e-15
1.5365436e-15
-2.497811e-15
2.0444467e-15
-2.0196034e-15
2.5118054e-15
-1.4212087e-15
2.9023335e-15
3.1834932e-15
-7.341532e-16
-2.5313751e-15
-1.1650875e-16
-2.6213228e-15
1.9285159e-16
-2.6331662e-15
5.4967637e-16
-2.5500184e-15
9.4070547e-16
-2.3602768e-15
1.346802e-15
-2.0599694e-15
1.7441394e-15
-1.6543828e-15
2.1062187e-15
-1.1586029e-15
2.4065535e-15
2.621659e-15
-5.9676858e-16
-2.2365674e-15
-1.8745873e-17
-2.2827605e-15
2.3904476e-16
-2.2635085e-15
5.3042429e-16
-2.1672813e-15
8.4447836e-16
-1.9867296e-15
1.1662503e-15
-1.7202528e-15
1.4776626e-15
-1.3730372e-15
1.7590031e-15
-9.5732398e-16
1.9908403e-15
2.1561194e-15
-4.9178447e-16
-1.9910772e-15
4.1644955e-17
-2.0063124e-15
2.5427998e-16
-1.9664929e-15
4.9060483e-16
-1.86378e-15
7.4176545e-16
-1.6936519e-15
9.9612219e-16
-1.4559524e-15
1.239963e-15
-1.1555459e-15
1.4585966e-15
-8.0242765e-16
1.6377221e-15
1.7649017e-15
-4.1120987e-16
-1.7886935e-15
7.4624843e-17
-1.7821039e-15
2.4769039e-16
-1.728872e-15
4.3737288e-16
-1.6237054e-15
6.3659891e-16
-1.4639592e-15
8.3637599e-16
-1.2503364e-15
1.0263401e-15
-9.8729709e-16
1.1955574e-15
-6.8307783e-16
1.3335028e-15
1.4310972e-15
-3.4927336e-16
-1.6239911e-15
8.7588656e-17
-1.6020911e-15
2.257904e-16
-1.5402621e-15
3.7554385e-16
-1.434969e-15
5.3130578e-16
-1.284809e-15
6.8621604e-16
-1.0909811e-15
8.3251212e-16
-8.5753634e-16
9.6211264e-16
-5.913475e-16
1.067314e-15
1.1415178e-15
-3.0176809e-16
-1.4926166e-15
8.6117469e-17
-1.4601176e-15
1.9329139e-16
-1.3929388e-15
3.0836505e-16
-1.2887475e-15
4.2711447e-16
-1.1469542e-15
5.4442276e-16
-9.6902886e-16
6.5458676e-16
-7.5865103e-16
7.5173481e-16
-5.2165294e-16
8.3031587e-16
-2.6573936e-16
8.8560422e-16
4.0648526e-15
3.3306994e-15
2.7339308e-15
2.2421464e-15
1.8309365e-15
1.4816631e-15
1.179895e-15
9.1415568e-16
-6.0516059e-18
-7.9104917e-17
-1.2195086e-17
-8.0240351e-17
-1.8523146e-17
-8.251765e-17
-2.513013e-17
-8.5949218e-17
-3.2112749e-17
-9.0552121e-17
-3.9570711e-17
-9.6346229e-17
-4.7607182e-17
-1.0335153e-16
-5.6329031e-17
-1.1158449e-16
-6.5846758e-17
-1.2105336e-16
-7.6274017e-17
-1.3175211e-16
-8.7726585e-17
-1.436529e-16
-1.0032064e-16
-1.5669679e-16
-1.1417009e-16
-1.707826e-16
-1.2938284e-16
-1.8575367e-16
-1.4605557e-16
-2.0138268e-16
-1.6426681e-16
-2.1735461e-16
-1.8406809e-16
-2.3324845e-16
-2.0547269e-16
-2.4851847e-16
-2.2844195e-16
-2.6247654e-16
-2.5286894e-16
-2.7427773e-16
-2.7855981e-16
-2.8291194e-16
-3.0521322e-16
-2.8720552e-16
-3.3239899e-16
-2.8583729e-16
-3.5953782e-16
-2.7737415e-16
-3.8588451e-16
-2.603313e-16
-4.1051841e-16
-2.3326111e-16
-4.3234511e-16
-1.9487288e-16
-4.5011449e-16
-1.4418126e-16
-4.6245938e-16
-8.0676465e-17
-4.6795845e-16
-4.5016989e-18
-4.6522419e-16
8.3383201e-17
-4.5301279e-16
1.8107999e-16
-4.3034866e-16
2.8570092e-16
-3.9665048e-16
3.9341629e-16
-3.5184321e-16
4.9961549e-16
-2.9643898e-16
5.9918254e-16
-2.3157202e-16
6.8686784e-16
-1.5897703e-16
7.5772088e-16
-8.0907737e-17
8.0753493e-16
8.3324794e-16
-1.8853251e-17
-6.0251666e-17
-8.1497648e-26
-3.7986048e-17
-6.1107554e-17
-5.7680029e-17
-6.2823669e-17
-7.822102e-17
-6.5408227e-17
-9.9900776e-17
-6.8872365e-17
-1.2301837e-16
-7.3228636e-17
-1.47881e-16
-7.8488894e-17
-1.7480404e-16
-8.4661445e-17
-2.0411004e-16
-9.1747364e-17
-9.9735833e-17
-2.3612632e-16
-1.9643438e-17
-4.0608228e-17
-9.2447066e-26
-3.9570246e-17
-4.1180746e-17
-6.0065495e-17
-4.232842e-17
-8.1417515e-17
-4.4056208e-17
-1.0391916e-16
-4.6370721e-17
-1.2786861e-16
-4.9279187e-17
-1.5356952e-16
-5.2787983e-17
-1.8133028e-16
-5.6900686e-17
-2.1146209e-16
-6.1615554e-17
-6.6922347e-17
-2.4427557e-16
-2.0171779e-17
-2.043645e-17
-9.4214722e-26
-4.0629269e-17
-2.0723255e-17
-6.165958e-17
-2.1298109e-17
-8.3552457e-17
-2.2163331e-17
-1.066012e-16
-2.3321977e-17
-1.3110307e-16
-2.4777314e-17
-1.5735899e-16
-2.6532067e-17
-1.8567225e-16
-2.8587429e-17
-2.1634602e-16
-3.0941783e-17
-3.3589099e-17
-2.4967927e-16
-2.043645e-17
-8.8494173e-26
-4.1159705e-17
-6.2457814e-17
-8.4621145e-17
-1.0794312e-16
-1.3272044e-16
-1.592525e-16
-1.8783993e-16
-2.1878171e-16
-2.5237081e-16
-2.7118087e-16
-1.0859835e-16
-3.0959597e-16
-1.1828169e-16
-3.5167906e-16
-1.2869951e-16
-3.9771016e-16
-1.3972257e-16
-4.4792523e-16
-1.511676e-16
-5.0249474e-16
-1.627851e-16
-5.6149676e-16
-1.7424644e-16
-6.2488406e-16
-1.8513116e-16
-6.9244509e-16
-1.9491552e-16
-7.6375891e-16
-2.0296391e-16
-8.3814535e-16
-2.085255e-16
-9.1461227e-16
-2.1073859e-16
-9.9180363e-16
-2.0864593e-16
-1.0679535e-15
-2.0122432e-16
-1.1408531e-15
-1.8743166e-16
-1.2078407e-15
-1.6627353e-16
-1.2658235e-15
-1.3689004e-16
-1.3113443e-15
-9.8660462e-17
-1.340701e-15
-5.1319805e-17
4.9231339e-18
-1.3501258e-15
-2.800755e-16
-7.2798424e-17
-3.1915318e-16
-7.9204011e-17
-3.6177607e-16
-8.6076617e-17
-4.0817408e-16
-9.3324567e-17
-4.5852193e-16
-1.0081975e-16
-5.1291727e-16
-1.0838976e-16
-5.7135398e-16
-1.1580972e-16
-6.3369068e-16
-1.2279446e-16
-6.9961448e-16
-1.2899172e-16
-7.6860085e-16
-1.3397753e-16
-8.3987109e-16
-1.3725527e-16
-9.123497e-16
-1.3825998e-16
-9.8462554e-16
-1.3637009e-16
-1.0549215e-15
-1.3092835e-16
-1.1210793e-15
-1.2127383e-16
-1.1805667e-15
-1.0678621e-16
-1.2305147e-15
-8.6941981e-17
-1.2677942e-15
-6.1381011e-17
-1.2891349e-15
-2.9979102e-17
7.0801618e-18
-1.2912919e-15
-2.8596073e-16
-3.651696e-17
-3.2546055e-16
-3.9704194e-17
-3.6841908e-16
-4.3118086e-17
-4.1503248e-16
-4.6711167e-17
-4.6543459e-16
-5.0417636e-17
-5.1967484e-16
-5.4149516e-17
-5.7769184e-16
-5.7792715e-17
-6.3928302e-16
-6.1203285e-17
-7.0407045e-16
-6.4204286e-17
-7.7146417e-16
-6.6583814e-17
-8.4062455e-16
-6.8094887e-17
-9.1042649e-16
-6.8458046e-17
-9.7942899e-16
-6.7367593e-17
-1.0458549e-15
-6.4502414e-17
-1.1075866e-15
-5.9542155e-17
-1.1621836e-15
-5.2189218e-17
-1.2069292e-15
-4.2196399e-17
-1.238911e-15
-2.9399153e-17
-1.2551398e-15
-1.3750372e-17
4.6456832e-18
-1.2527053e-15
-2.8888777e-16
-3.2859197e-16
-3.7171005e-16
-4.1842122e-16
-4.6883886e-16
-5.2298837e-16
-5.8078109e-16
-6.4198437e-16
-7.0618866e-16
-7.7277247e-16
-8.4086736e-16
-9.0932541e-16
-9.76693e-16
-1.0411954e-15
-1.1007376e-15
-1.1529268e-15
-1.1951232e-15
-1.2245223e-15
-1.2382727e-15
-1.233627e-15
-1.3360236e-15
6.9280956e-17
-1.295258e-15
1.403144e-16
-1.2254662e-15
2.1590913e-16
-1.1253691e-15
2.933192e-16
-9.9503953e-16
3.6928592e-16
-8.3608806e-16
4.4023107e-16
-6.5173202e-16
5.025118e-16
-4.4672424e-16
5.527131e-16
5.8794572e-16
-2.2713502e-16
-1.2712544e-15
4.9243501e-17
-1.226487e-15
9.5546984e-17
-1.1551849e-15
1.4460697e-16
-1.0565179e-15
1.9465226e-16
-9.3083411e-16
2.436021e-16
-7.7979193e-16
2.8918889e-16
-6.0639728e-16
3.2911716e-16
-4.1492854e-16
3.6124436e-16
3.8376359e-16
-2.1074641e-16
-1.2289665e-15
2.5504685e-17
-1.1817635e-15
4.8343979e-17
-1.1096363e-15
7.2479809e-17
-1.0120283e-15
9.7044229e-17
-8.8944986e-16
1.2102369e-16
-7.4357954e-16
1.4331856e-16
-5.7728191e-16
1.6281953e-16
-3.9453142e-16
1.7849386e-16
1.8947232e-16
-2.0024015e-16
-1.2081223e-15
-1.1597784e-15
-1.0872986e-15
-9.9025433e-16
-8.6923063e-16
-7.2591207e-16
-5.6309254e-16
-3.8459868e-16
-1.9512636e-16
6.0611292e-16
3.953665e-16
1.9512636e-16
-3.8664925e-13
4.1685925e-13
-3.0210007e-14
-3.4772928e-13
-3.8919968e-14
-3.0215228e-13
-4.5577005e-14
-2.5284902e-13
-4.9303254e-14
-2.0303904e-13
-4.9809986e-14
-1.556772e-13
-4.7361836e-14
-1.1282357e-13
-4.285363e-14
-7.471462e-14
-3.8108944e-14
-3.8667909e-14
-3.6046717e-14
-3.8668017e-14
-4.4957603e-13
4.5565034e-13
-6.0743054e-15
-4.4675729e-13
-2.8187354e-15
-4.4575337e-13
-1.0039235e-15
-4.456862e-13
-6.7164066e-17
-4.4604889e-13
3.6269474e-16
-4.4658865e-13
5.3975935e-16
-4.472036e-13
6.1495426e-16
-4.4788208e-13
6.7847768e-16
-4.486683e-13
7.8622324e-16
-4.4963598e-13
9.6768282e-16
-4.5086407e-13
1.2280991e-15
-4.5240499e-13
1.540922e-15
-4.5423533e-13
1.8303434e-15
-4.5618001e-13
1.9446865e-15
-4.5780596e-13
1.6259533e-15
-4.583218e-13
5.1583836e-16
-4.563994e-13
-1.9223896e-15
-4.5024042e-13
-6.1589842e-15
-4.3771543e-13
-1.2524986e-14
-2.0856171e-14
-7.7289389e-13
4.4223777e-13
3.3065612e-13
-7.9337612e-13
2.0482238e-14
-7.2880462e-13
-6.4571505e-14
-6.4325919e-13
-8.5545424e-14
-5.7168195e-13
-7.1577226e-14
-5.2073879e-13
-5.0943153e-14
-4.8748804e-13
-3.3250748e-14
-4.6721054e-13
-2.0277505e-14
-1.1560188e-14
4.4223778e-13
-1.362741e-12
-1.3726784e-13
1.4697989e-12
-1.2267255e-12
-1.7493551e-13
-1.068247e-12
-2.0405553e-13
-8.9658556e-13
-2.2096463e-13
-7.2197573e-13
-2.2441982e-13
-5.5396455e-13
-2.1537301e-13
-3.997034e-13
-1.9711479e-13
-2.6140402e-13
-1.7640832e-13
-1.3268313e-13
-1.647676e-13
-1.7135153e-13
-2.0839098e-12
-3.0180095e-13
2.2484429e-12
-1.8746369e-12
-3.8420838e-13
-1.6304772e-12
-4.4821528e-13
-1.3652509e-12
-4.8619094e-13
-1.0940553e-12
-4.9561536e-13
-8.3140163e-13
-4.7802671e-13
-5.8986602e-13
-4.386504e-13
-3.7741177e-13
-3.8886256e-13
-1.8916818e-13
-3.530112e-13
-3.6052026e-13
-2.5757456e-12
-5.0572479e-13
2.7796694e-12
-2.3122158e-12
-6.4773817e-13
-2.0025451e-12
-7.5788599e-13
-1.664655e-12
-8.2408102e-13
-1.3172161e-12
-8.4305424e-13
-9.7819094e-13
-8.170519e-13
-6.6584061e-13
-7.5100073e-13
-3.9979625e-13
-6.5490692e-13
-1.8956331e-13
-5.6324413e-13
-5.5008414e-13
-2.85567e-12
3.0814473e-12
-7.3150209e-13
-2.5544104e-12
-9.4899775e-13
-2.1961717e-12
-1.1161247e-12
-1.8033831e-12
-1.2168697e-12
-1.3966474e-12
-1.2497899e-12
-9.9333543e-13
-1.2203639e-12
-6.1246359e-13
-1.1318726e-12
-2.8906615e-13
-9.7830436e-13
-8.1013014e-14
-7.7129726e-13
-6.3109767e-13
-1.6247785e-12
-2.953599e-14
1.6482402e-12
-1.6126016e-12
-1.4995601e-14
-1.6070702e-12
-6.5353621e-15
-1.6052426e-12
-1.8946795e-15
-1.6053642e-12
4.8430125e-16
-1.6064591e-12
1.6346308e-15
-1.6080577e-12
2.2136209e-15
-1.6100139e-12
2.6345897e-15
-1.6123698e-12
3.1421858e-15
-1.61526e-12
3.8578412e-15
-1.6188191e-12
4.7872238e-15
-1.6230681e-12
5.7898833e-15
-1.6277486e-12
6.5108914e-15
-1.6320842e-12
6.2802955e-15
-1.6344606e-12
4.0023851e-15
-1.6320326e-12
-1.9122347e-15
-1.6205095e-12
-1.3445429e-14
-1.5940327e-12
-3.2635755e-14
-1.5458467e-12
-6.0710995e-14
-9.6904041e-14
-2.5100448e-12
-6.0303914e-14
2.5408128e-12
-2.4932086e-12
-3.1831835e-14
-2.484861e-12
-1.4882953e-14
-2.4814485e-12
-5.3071718e-15
-2.4807697e-12
-1.9452217e-16
-2.4815576e-12
2.4226123e-15
-2.4831597e-12
3.8156827e-15
-2.4853174e-12
4.792281e-15
-2.488007e-12
5.8317837e-15
-2.4913153e-12
7.1661172e-15
-2.495319e-12
8.7909263e-15
-2.4999342e-12
1.0405139e-14
-2.5046996e-12
1.1276265e-14
-2.5084576e-12
1.0038309e-14
-2.5089124e-12
4.4571884e-15
-2.5021031e-12
-8.7215075e-15
-2.4818619e-12
-3.3686658e-14
-2.4396469e-12
-7.4850667e-14
-2.3651565e-12
-1.3520148e-13
-2.1361757e-13
-3.0910903e-12
-8.5363592e-14
3.11615e-12
-3.077003e-12
-4.591913e-14
-3.0697291e-12
-2.2156847e-14
-3.0665064e-12
-8.5299182e-15
-3.065594e-12
-1.1069259e-15
-3.0659608e-12
2.789482e-15
-3.0670626e-12
4.9174829e-15
-3.0686652e-12
6.3948249e-15
-3.070723e-12
7.8895752e-15
-3.0732803e-12
9.7234241e-15
-3.0763718e-12
1.1882518e-14
-3.079893e-12
1.3926263e-14
-3.0833996e-12
1.4782923e-14
-3.0857895e-12
1.2428252e-14
-3.084807e-12
3.474615e-15
-3.0763334e-12
-1.7195026e-14
-3.0534991e-12
-5.6520945e-14
-3.0059146e-12
-1.224352e-13
-2.9197e-12
-2.2141609e-13
-3.5364811e-13
-3.3686479e-12
3.3778677e-12
-9.4583435e-14
-3.3633662e-12
-5.1200748e-14
-3.3605748e-12
-2.4948256e-14
-3.359291e-12
-9.8136901e-15
-3.3588843e-12
-1.5136895e-15
-3.358976e-12
2.8811956e-15
-3.3593644e-12
5.3058901e-15
-3.3599657e-12
6.996125e-15
-3.3607718e-12
8.6956869e-15
-3.3618166e-12
1.0768177e-14
-3.3631385e-12
1.3204481e-14
-3.3647219e-12
1.5509694e-14
-3.366382e-12
1.6442988e-14
-3.367533e-12
1.3579241e-14
-3.3667368e-12
2.6784657e-15
-3.3608596e-12
-2.3072241e-14
-3.3437084e-12
-7.3672201e-14
-3.3041463e-12
-1.6199726e-13
-3.2244874e-12
-3.0107503e-13
-4.9668818e-13
-3.7519022e-12
-5.3934369e-13
4.621902e-12
-3.1288895e-12
-6.0253052e-13
-2.6457556e-12
-5.4770536e-13
-2.2929828e-12
-4.3831827e-13
-2.0426751e-12
-3.218849e-13
-1.8717487e-12
-2.2186955e-13
-1.7599358e-12
-1.4506356e-13
-1.6899607e-12
-9.0252659e-14
-5.3280702e-14
-4.7159777e-12
-1.0854621e-12
5.2620962e-12
-4.1541302e-12
-1.164378e-12
-3.6702885e-12
-1.0315471e-12
-3.2901714e-12
-8.1843533e-13
-3.009284e-12
-6.0277232e-13
-2.8117792e-12
-4.1937433e-13
-2.6789745e-12
-2.7786826e-13
-2.5934524e-12
-1.7577474e-13
-1.0592033e-13
-4.8777551e-12
-1.5604948e-12
5.3527878e-12
-4.3891899e-12
-1.6529432e-12
-3.9942937e-12
-1.4264433e-12
-3.6968942e-12
-1.1158348e-12
-3.4804154e-12
-8.1925116e-13
-3.3283074e-12
-5.714823e-13
-3.225304e-12
-3.808716e-13
-3.1581563e-12
-2.4292244e-13
-1.4792662e-13
-4.2710075e-12
4.9182724e-12
-2.2077596e-12
-3.8966948e-12
-2.0272559e-12
-3.7020409e-12
-1.6210973e-12
-3.5850079e-12
-1.2328677e-12
-3.5067604e-12
-8.9749867e-13
-3.453211e-12
-6.2503174e-13
-3.4169619e-12
-4.1712062e-13
-3.3930587e-12
-2.6682574e-13
-1.6311755e-13
-3.9844815e-13
5.462588e-12
-5.9894059e-13
5.4625886e-12
-7.0874141e-13
5.4625886e-12
5.4625881e-12
-1.2530571e-12
-1.5112156e-19
-1.829749e-20
1.1476297e-19
-1.7510909e-12
-8.6868255e-13
1.8882714e-12
-1.5597241e-12
-1.1403646e-12
-1.3294563e-12
-1.3463925e-12
-1.0767836e-12
-1.4695423e-12
-8.1427406e-13
-1.5122994e-12
-5.4835588e-13
-1.4862821e-12
-2.8185691e-13
-1.3983715e-12
-3.6286783e-14
-1.2238745e-12
1.2496014e-13
-9.3254419e-13
-5.0613773e-13
-1.7367413e-12
1.8711758e-12
-1.003117e-12
-1.5405144e-12
-1.3365915e-12
-1.3024794e-12
-1.5844275e-12
-1.042431e-12
-1.7295907e-12
-7.7370448e-13
-1.781026e-12
-4.9918962e-13
-1.760797e-12
-2.0544284e-13
-1.6921183e-12
1.4207802e-13
-1.5713954e-12
4.6826421e-13
-1.2587304e-12
-3.7873636e-14
-2.0122284e-12
-9.0746394e-14
2.0083914e-12
-2.0143544e-12
-4.9074795e-14
-2.0154465e-12
-2.3856115e-14
-2.0159345e-12
-9.3256454e-15
-2.0160824e-12
-1.3658459e-15
-2.0160445e-12
2.8433831e-15
-2.0159057e-12
5.1670909e-15
-2.0157087e-12
6.7990468e-15
-2.0154749e-12
8.4619304e-15
-2.0152225e-12
1.0515806e-14
-2.0149824e-12
1.2964323e-14
-2.0148112e-12
1.533854e-14
-2.0147908e-12
1.6422554e-14
-2.0149795e-12
1.376799e-14
-2.0152384e-12
2.9373901e-15
-2.01477e-12
-2.3540608e-14
-2.0111097e-12
-7.7332493e-14
-1.9982561e-12
-1.7485091e-13
-1.9639983e-12
-3.3533284e-13
-5.7241508e-13
-1.9431814e-12
1.9328983e-12
-8.0463298e-14
-1.948941e-12
-4.3315226e-14
-1.9519202e-12
-2.0876888e-14
-1.9532544e-12
-7.9913877e-15
-1.9536527e-12
-9.6757248e-16
-1.953533e-12
2.7236817e-15
-1.9531207e-12
4.754794e-15
-1.9525197e-12
6.1981026e-15
-1.9517653e-12
7.7074686e-15
-1.9508672e-12
9.6176875e-15
-1.949853e-12
1.1950223e-14
-1.9488178e-12
1.4303249e-14
-1.9479778e-12
1.5582583e-14
-1.9477091e-12
1.3499282e-14
-1.9484924e-12
3.7206914e-15
-1.9505795e-12
-2.1453494e-14
-1.9529997e-12
-7.4912251e-14
-1.9512175e-12
-1.766331e-13
-1.9325989e-12
-3.5395145e-13
-6.3383822e-13
-1.4099863e-12
-1.6950606e-12
8.9728725e-13
-1.6845757e-12
-1.7526666e-12
-1.8224983e-12
-1.4831746e-12
-1.8984556e-12
-1.1569104e-12
-1.9443921e-12
-8.515622e-13
-1.9730231e-12
-5.9640073e-13
-1.9908403e-12
-3.9930345e-13
-2.0017974e-12
-2.558686e-13
-1.5652359e-13
-8.4778074e-13
2.9650745e-13
-1.1437872e-12
-1.2526746e-12
-1.3477727e-12
-1.5068523e-12
-1.228997e-12
-1.6683177e-12
-9.95445e-13
-1.7736463e-12
-7.4623351e-13
-1.8425897e-12
-5.274574e-13
-1.8872144e-12
-3.5467876e-13
-1.9154998e-12
-2.2758314e-13
-1.3912508e-13
-3.5576984e-13
-5.9262392e-14
-9.0297158e-13
9.7121346e-13
-1.0713589e-12
-7.9749518e-13
-1.4420679e-12
-6.6898222e-13
-1.7129404e-12
-5.2979534e-13
-1.8687776e-12
-3.8803713e-13
-1.9227842e-12
-2.4510841e-13
-1.9037257e-12
-9.0675814e-14
-1.8465509e-12
1.3621411e-13
-1.7982853e-12
7.3212806e-13
-1.8546443e-12
-2.5057456e-12
-9.8309602e-13
9.755948e-13
-7.2962084e-14
-9.8728877e-13
-3.9122462e-14
-9.8944448e-13
-1.8721171e-14
-9.9039601e-13
-7.0398562e-15
-9.9066425e-13
-6.9933301e-16
-9.9055555e-13
2.6149874e-15
-9.9023318e-13
4.432432e-15
-9.897694e-13
5.7343134e-15
-9.8918358e-13
7.121663e-15
-9.8847344e-13
8.9075405e-15
-9.8764638e-13
1.112317e-14
-9.8675817e-13
1.3415045e-14
-9.8596361e-13
1.4788014e-14
-9.8557552e-13
1.3111199e-14
-9.8610118e-13
4.2463538e-15
-9.881624e-13
-1.9392274e-14
-9.9208189e-13
-7.0992767e-14
-9.9661764e-13
-1.7209735e-13
-9.9544412e-13
-3.5512498e-13
-6.5806888e-13
-3.1605271e-13
7.8660831e-14
-9.0639537e-13
-5.3399608e-13
-1.1298293e-12
-6.8450683e-13
-1.0784862e-12
-7.8959843e-13
-8.9035341e-13
-8.6174392e-13
-6.7408802e-13
-9.1037075e-13
-4.7883057e-13
-9.4240595e-13
-3.2264355e-13
-9.629172e-13
-2.0707189e-13
-1.2644747e-13
1.9398442e-14
-2.2094568e-12
-1.2368647e-12
2.3749626e-12
-1.9388976e-12
-1.7126271e-12
-1.6071052e-12
-2.0447329e-12
-1.2529807e-12
-2.2229022e-12
-9.0200805e-13
-2.2737568e-12
-5.6383113e-13
-2.2419026e-12
-2.3081335e-13
-2.1795687e-12
1.1485955e-13
-2.1439582e-12
4.0432923e-13
-2.144114e-12
-2.1014163e-12
-1.9447852e-12
-1.3742178e-12
2.0821384e-12
-1.6817873e-12
-1.975625e-12
-1.3565258e-12
-2.3699944e-12
-1.0201897e-12
-2.5592383e-12
-7.0556676e-13
-2.5883797e-12
-4.2916308e-13
-2.5183063e-12
-2.000916e-13
-2.4086402e-12
-3.8862138e-14
-2.3051877e-12
3.1797416e-14
-2.2147736e-12
-2.0696187e-12
-1.555582e-12
-1.4668649e-12
1.6482291e-12
-1.311621e-12
-2.2195859e-12
-1.0040915e-12
-2.6775239e-12
-6.9858985e-13
-2.86474e-12
-4.3411828e-13
-2.8528513e-12
-2.2814189e-13
-2.7242827e-12
-8.7131913e-14
-2.5496502e-12
-1.549972e-14
-2.3768199e-12
-4.2778796e-15
-2.2259954e-12
-2.0738963e-12
-1.0242851e-12
1.0181433e-12
-1.4607232e-12
-8.2400476e-13
-2.4198662e-12
-5.4899722e-13
-2.9525315e-12
-2.8791735e-13
-3.1258198e-12
-8.6786224e-14
-3.0539824e-12
4.012737e-14
-2.8511963e-12
9.5429813e-14
-2.6049526e-12
8.9614765e-14
-2.3710048e-12
4.0247318e-14
-2.176628e-12
-2.0336487e-12
-2.3081206e-12
-4.8816011e-14
2.2839745e-12
-2.3215506e-12
-2.5692418e-14
-2.3283871e-12
-1.188473e-14
-2.3313391e-12
-4.0878016e-15
-2.3320988e-12
6.0333112e-17
-2.3316583e-12
2.1744694e-15
-2.3305371e-12
3.3112263e-15
-2.3289555e-12
4.1527374e-15
-2.3269553e-12
5.1214577e-15
-2.324499e-12
6.451237e-15
-2.3215704e-12
8.1945844e-15
-2.3183047e-12
1.0149372e-14
-2.3151781e-12
1.1661431e-14
-2.3132774e-12
1.1210446e-14
-2.3146125e-12
5.5814479e-15
-2.3223155e-12
-1.168926e-14
-2.3401192e-12
-5.3189032e-14
-2.3693369e-12
-1.428797e-13
-2.3980532e-12
-3.2640866e-13
-6.8115945e-13
-1.8512063e-12
-2.4336731e-14
1.826727e-12
-1.8645284e-12
-1.2370285e-14
-1.8710591e-12
-5.3540246e-15
-1.873655e-12
-1.4919453e-15
-1.8740828e-12
4.8814974e-16
-1.8733535e-12
1.4451697e-15
-1.8719812e-12
1.9389604e-15
-1.8701557e-12
2.3272081e-15
-1.8678704e-12
2.8361964e-15
-1.8650209e-12
3.601713e-15
-1.8615031e-12
4.6767437e-15
-1.8573485e-12
5.9948422e-15
-1.8529472e-12
7.2600918e-15
-1.8494306e-12
7.6938556e-15
-1.8493042e-12
5.4550472e-15
-1.8573038e-12
-3.6895925e-15
-1.8815808e-12
-2.8912115e-14
-1.9339016e-12
-9.0558889e-14
-2.0197354e-12
-2.4057487e-13
-6.1875641e-13
-1.2396689e-12
-6.4182875e-15
1.2217505e-12
-1.249013e-12
-3.0262472e-15
-1.253259e-12
-1.1080208e-15
-1.254646e-12
-1.0488412e-16
-1.2545247e-12
3.6685685e-16
-1.2536454e-12
5.6583545e-16
-1.2523635e-12
6.5705998e-16
-1.2507777e-12
7.4146193e-16
-1.2488279e-12
8.8637442e-16
-1.2463632e-12
1.1370405e-15
-1.2432077e-12
1.5212066e-15
-1.2392536e-12
2.0407255e-15
-1.2346333e-12
2.6397763e-15
-1.2300618e-12
3.1224148e-15
-1.2275528e-12
2.9460349e-15
-1.2317179e-12
4.7550722e-16
-1.2523783e-12
-8.2517607e-15
-1.310297e-12
-3.2640122e-14
-1.4442808e-12
-1.0659111e-13
-4.1480814e-13
-4.6871339e-13
4.6229511e-13
-4.7173962e-13
-4.7284765e-13
-4.7295253e-13
-4.7258567e-13
-4.7201983e-13
-4.7136277e-13
-4.706213e-13
-4.6973493e-13
-4.6859788e-13
-4.6707667e-13
-4.6503594e-13
-4.6239616e-13
-4.5927375e-13
-4.5632771e-13
-4.558522e-13
-4.6410396e-13
-4.9674408e-13
-6.0333519e-13
-5.2011537e-13
-4.4254319e-13
5.6263187e-14
-9.9682426e-13
-6.5312039e-13
-1.3980934e-12
-6.7721704e-13
-1.7024969e-12
-5.8594994e-13
-1.9223083e-12
-4.542766e-13
-2.074946e-12
-3.2619291e-13
-2.1771584e-12
-2.2043115e-13
-2.243111e-12
-1.411193e-13
-8.5583865e-14
-2.6562772e-13
-1.7709458e-13
1.791203e-16
-6.1498415e-13
-3.0376395e-13
-9.5495843e-13
-3.3724277e-13
-1.239203e-12
-3.0170532e-13
-1.456131e-12
-2.3734865e-13
-1.6113202e-12
-1.7100371e-13
-1.7166416e-12
-1.1510969e-13
-1.7847612e-12
-7.2999753e-14
-4.3618006e-14
-1.0039574e-13
-4.1540017e-14
-3.5158812e-14
-3.1995998e-13
-8.4199708e-14
-5.5810414e-13
-9.9098613e-14
-7.6962494e-13
-9.0184515e-14
-9.360165e-13
-7.0957083e-14
-1.0563794e-12
-5.0640817e-14
-1.137954e-12
-3.353512e-14
-1.1901687e-12
-2.0784996e-14
-1.2036219e-14
-8.5805996e-16
-4.0681953e-14
-8.5057766e-14
-1.8415637e-13
-2.7434088e-13
-3.4529797e-13
-3.9593878e-13
-4.294739e-13
-4.5025889e-13
7.5661637e-14
7.584076e-14
4.0681944e-14
-3.3223571e-13
-1.1284875e-12
-2.1600591e-13
-2.536096e-12
4.7967863e-14
-3.2165052e-12
2.8382829e-13
-3.3616803e-12
4.2285796e-13
-3.1930121e-12
4.5714223e-13
-2.8854805e-12
4.0416494e-13
-2.5519753e-12
2.890744e-13
-2.2559143e-12
1.4165141e-13
-2.029205e-12
-1.8919969e-12
1.5096655e-13
-1.2794541e-12
4.9706038e-13
-2.8821898e-12
8.3680759e-13
-3.5562524e-12
1.029207e-12
-3.5540797e-12
1.0542432e-12
-3.2180483e-12
9.4747122e-13
-2.7787085e-12
7.5441047e-13
-2.3589146e-12
5.1355847e-13
-2.0150623e-12
2.5469514e-13
-1.7703417e-12
-1.6373014e-12
5.4574784e-13
-1.8252019e-12
1.2674955e-12
-3.6039375e-12
1.7256246e-12
-4.0143816e-12
1.8428163e-12
-3.6712714e-12
1.7084928e-12
-3.0837247e-12
1.4296181e-12
-2.4998339e-12
1.0840299e-12
-2.0133264e-12
7.1784172e-13
-1.6488742e-12
3.5403383e-13
-1.4065338e-12
-1.2832673e-12
1.2473236e-12
-3.0725256e-12
2.4070632e-12
-4.7636771e-12
2.8284225e-12
-4.4357408e-12
2.7053101e-12
-3.5481591e-12
2.3099192e-12
-2.6883337e-12
1.8186421e-12
-2.0085568e-12
1.3206755e-12
-1.5153597e-12
8.50949e-13
-1.1791477e-12
4.1445957e-13
-9.7004438e-13
-8.6880747e-13
3.4640975e-12
-6.536623e-12
4.4694982e-12
-5.7690778e-12
4.1893567e-12
-4.1555993e-12
3.4732119e-12
-2.8320143e-12
2.6900357e-12
-1.9051575e-12
1.9772329e-12
-1.295754e-12
1.3688207e-12
-9.0694756e-13
8.550481e-13
-6.6537512e-13
4.0959031e-13
-5.2458659e-13
-4.5921704e-13
1.0800604e-11
-3.4853904e-12
-1.3851837e-11
7.7838521e-12
-2.752326e-12
5.4666256e-12
-1.8383728e-12
3.7954279e-12
-1.1608166e-12
2.6128092e-12
-7.225389e-13
1.7722356e-12
-4.5518037e-13
1.1618248e-12
-2.9653674e-13
7.0063012e-13
-2.0418046e-13
3.2910588e-13
-1.5306235e-13
-1.3011112e-13
7.7131253e-12
-1.1198516e-11
4.9607993e-12
3.1224265e-12
1.9616099e-12
1.239071e-12
7.8389066e-13
4.8735393e-13
2.8317346e-13
1.3011111e-13
1.2256877e-11
-6.2072908e-13
-1.1636148e-11
1.2433605e-11
-1.7672758e-13
1.248977e-11
-5.6165133e-14
1.2511159e-11
-2.1388695e-14
1.251966e-11
-8.5010123e-15
1.2522996e-11
-3.3360473e-15
1.2524311e-11
-1.3156123e-15
1.2524838e-11
-5.2735936e-16
1.2525054e-11
-2.161032e-16
1.2525155e-11
-1.0063055e-16
1.2525236e-11
-8.0659136e-17
1.2525375e-11
-1.3980664e-16
1.2525703e-11
-3.2727336e-16
1.2526504e-11
-8.0135043e-16
1.2528632e-11
-2.1276542e-15
1.253497e-11
-6.3378816e-15
1.2553104e-11
-1.8134021e-14
1.2599649e-11
-4.6544876e-14
1.2769183e-11
-1.6953432e-13
-1.0826536e-12
1.2793476e-11
-1.3414205e-11
1.2616748e-11
1.2560583e-11
1.2539194e-11
1.2530693e-11
1.2527357e-11
1.2526041e-11
1.2525514e-11
1.2525298e-11
1.2525197e-11
1.2525116e-11
1.2524977e-11
1.2524649e-11
1.2523848e-11
1.252172e-11
1.2515382e-11
1.2497248e-11
1.2450704e-11
1.2281169e-11
9.9099871e-12
-4.2865304e-13
-9.481334e-12
1.0125832e-11
-2.1584478e-13
1.0252032e-11
-1.2620043e-13
1.0364323e-11
-1.1229059e-13
1.0478295e-11
-1.139718e-13
1.0608427e-11
-1.3013266e-13
1.077517e-11
-1.6674302e-13
1.1045739e-11
-2.7056838e-13
-5.9040936e-13
1.1125072e-11
-9.7798249e-12
-1.7739008e-12
1.2095503e-11
-1.1862755e-12
1.2721884e-11
-7.5258066e-13
1.3149576e-11
-5.3998303e-13
1.3444974e-11
-4.093702e-13
1.3647629e-11
-3.327871e-13
1.376725e-11
-2.8636382e-13
1.375666e-11
-2.5997923e-13
-2.4795344e-13
-4.2625107e-12
-8.8235119e-12
1.0452239e-17
-1.7738827e-12
-2.8519978e-17
6.7099476e-18
-1.1862717e-12
7.1797152e-18
-7.5258116e-13
7.1943359e-18
-5.3998306e-13
7.2231167e-18
-4.0937023e-13
7.2691351e-18
-3.3278716e-13
7.543049e-18
-2.8636409e-13
7.586903e-18
-2.5997926e-13
-2.4794586e-13
1.053706e-12
-8.2723684e-13
-2.0003518e-12
5.2818355e-13
-6.6074924e-13
2.8965368e-13
-5.1405128e-13
1.6326653e-13
-4.1359591e-13
9.5819455e-14
-3.4192315e-13
5.6559283e-14
-2.9352698e-13
3.1877198e-14
-2.6168201e-13
1.4419197e-14
-2.4252126e-13
-2.3352666e-13
1.162136e-12
-2.1026549e-12
1.1328203e-13
6.2370516e-13
-1.2231838e-13
3.6341171e-13
-2.5375783e-13
2.1723804e-13
-2.6742224e-13
1.3362459e-13
-2.5830971e-13
8.179288e-14
-2.4169527e-13
4.7243341e-14
-2.2713247e-13
2.1671813e-14
-2.1694973e-13
-2.1185485e-13
-3.9526382e-12
-1.0820889e-12
1.6861584e-12
6.1371298e-13
2.2625474e-13
-7.2668569e-13
4.6775069e-13
2.3643905e-14
3.2744765e-13
-1.1345479e-13
2.2371356e-13
-1.6368814e-13
1.4972508e-13
-1.8432123e-13
9.698492e-14
-1.8895511e-13
5.7985412e-14
-1.8813296e-13
2.7096775e-14
-1.860611e-13
-1.8475807e-13
4.1463785e-13
2.339514e-13
-4.2233451e-13
3.5429869e-13
8.398307e-14
2.7243179e-13
-3.1587894e-14
2.0070676e-13
-9.1963106e-14
1.4230504e-13
-1.2591951e-13
9.6136797e-14
-1.4278687e-13
5.9070865e-14
-1.5106703e-13
2.8000481e-14
-1.5499071e-13
-1.5675759e-13
2.5176797e-13
1.8852801e-13
-2.0634457e-13
2.4590692e-13
8.9844114e-14
2.0894935e-13
5.3696764e-15
1.6583397e-13
-4.8847727e-14
1.2418944e-13
-8.4274978e-14
8.7162742e-14
-1.0576018e-13
5.4800713e-14
-1.18705e-13
2.6224791e-14
-1.2641479e-13
-1.305328e-13
1.6355204e-13
1.4375231e-13
-1.1877634e-13
1.7303257e-13
8.0363591e-14
1.5752336e-13
2.087888e-14
1.3196824e-13
-2.3292607e-14
1.0296684e-13
-5.5273572e-14
7.4222083e-14
-7.7015423e-14
4.7072193e-14
-9.1555112e-14
2.22941e-14
-1.016367e-13
-1.082387e-13
1.0653351e-13
-6.9643549e-14
1.0686235e-13
1.2060134e-13
6.6295756e-14
1.1634132e-13
2.51389e-14
1.019374e-13
-8.8886821e-15
8.2190085e-14
-3.5526258e-14
6.0332868e-14
-5.5158206e-14
3.8109896e-14
-6.933214e-14
1.7506363e-14
-8.1033165e-14
-9.0732336e-14
9.5947276e-13
5.3713825e-13
3.3079368e-13
2.1201733e-13
1.4237378e-13
-2.7109513e-16
-4.9326287e-17
3.2042142e-16
-2.2796078e-16
-4.313435e-17
-1.8989047e-16
-3.807031e-17
-1.5593952e-16
-3.3950949e-17
-1.2530446e-16
-3.0635058e-17
-9.7290277e-17
-2.8014187e-17
-7.12843e-17
-2.6005977e-17
-4.6734942e-17
-2.4549358e-17
-2.3133784e-17
-2.3601158e-17
-2.3133784e-17
-2.6531672e-16
-9.7371462e-17
3.1336189e-16
-2.2323852e-16
-8.5212545e-17
-1.8605157e-16
-7.5257263e-17
-1.5285101e-16
-6.7151513e-17
-1.2286435e-16
-6.0621715e-17
-9.5421199e-17
-5.5457338e-17
-6.9928945e-17
-5.1498231e-17
-4.5852818e-17
-4.8625485e-17
-2.2699025e-17
-4.6754951e-17
-4.5832808e-17
-2.5397257e-16
-1.4292079e-16
2.995219e-16
-2.1395704e-16
-1.2522808e-16
-1.78499e-16
-1.107153e-16
-1.4676988e-16
-9.8880629e-17
-1.1805679e-16
-8.9334811e-17
-9.1736823e-17
-8.1777303e-17
-6.72562e-17
-7.5978853e-17
-4.411281e-17
-7.1768876e-17
-2.1841316e-17
-6.9026445e-17
-6.7674125e-17
-2.3747092e-16
-1.8488487e-16
2.7943501e-16
-2.0043028e-16
-1.6226872e-16
-1.6747459e-16
-1.4367099e-16
-1.3788178e-16
-1.2847344e-16
-1.1102268e-16
-1.161939e-16
-8.6341589e-17
-1.064584e-16
-6.3339882e-17
-9.898056e-17
-4.1562084e-17
-9.3546674e-17
-2.0583649e-17
-9.000488e-17
-8.8257774e-17
-2.1639161e-16
2.5385448e-16
-2.2234774e-16
-1.8310646e-16
-1.9555387e-16
-1.5332507e-16
-1.7345239e-16
-1.2645379e-16
-1.5534472e-16
-1.0196539e-16
-1.4068231e-16
-7.9386581e-17
-1.290372e-16
-5.8286964e-17
-1.2008018e-16
-3.8269082e-17
-1.1356456e-16
-1.8959409e-17
-1.0931455e-16
-1.0721718e-16
-2.3306402e-14
-1.4269269e-14
3.7575671e-14
-1.4735128e-14
-8.5712741e-15
-1.0121994e-14
-4.613134e-15
-7.2570868e-15
-2.864907e-15
-5.4167735e-15
-1.8403133e-15
-4.160265e-15
-1.2565085e-15
-3.2689317e-15
-8.9133326e-16
-2.614387e-15
-6.5454471e-16
-2.1206876e-15
-4.9369939e-16
-1.739912e-15
-3.8077561e-16
-1.4407833e-15
-2.9912868e-16
-1.2021198e-15
-2.3866352e-16
-1.0091592e-15
-1.929606e-16
-8.5134534e-16
-1.5781384e-16
-7.2096165e-16
-1.3038369e-16
-6.1225588e-16
-1.0870577e-16
-5.2086454e-16
-9.1391336e-17
-4.4342459e-16
-7.7439952e-17
-3.7730561e-16
-6.6118985e-17
-5.6884189e-17
-1.3226633e-14
-1.7263692e-14
1.6221056e-14
-1.0382288e-14
-1.1415619e-14
-7.9680198e-15
-7.0274023e-15
-6.1446441e-15
-4.6882827e-15
-4.7912953e-15
-3.1936622e-15
-3.7861046e-15
-2.2616992e-15
-3.0313147e-15
-1.6461232e-15
-2.4560845e-15
-1.2297748e-15
-2.0109312e-15
-9.3885276e-16
-1.661313e-15
-7.3039378e-16
-1.3829784e-15
-5.7746328e-16
-1.1586598e-15
-4.6298215e-16
-9.7587483e-16
-3.7574553e-16
-8.2545379e-16
-3.0823488e-16
-7.005539e-16
-2.5528358e-16
-5.9599139e-16
-2.1326828e-16
-5.0778283e-16
-1.795999e-16
-4.3282536e-16
-1.5239743e-16
-3.6867053e-16
-1.3027382e-16
-1.1219282e-16
-6.2890248e-15
-1.567456e-14
4.6998925e-15
-6.3399487e-15
-1.1364695e-14
-5.547182e-15
-7.8201691e-15
-4.6681654e-15
-5.5672993e-15
-3.8602691e-15
-4.0015585e-15
-3.1803133e-15
-2.941655e-15
-2.6241113e-15
-2.2023251e-15
-2.1740644e-15
-1.6798218e-15
-1.810198e-15
-1.3027191e-15
-1.514934e-15
-1.0256578e-15
-1.2739365e-15
-8.1846074e-16
-1.075907e-15
-6.6101159e-16
-9.1204982e-16
-5.3960276e-16
-7.7553354e-16
-4.4475116e-16
-6.6103626e-16
-3.6978086e-16
-5.6438665e-16
-3.0991789e-16
-4.8228994e-16
-2.6169661e-16
-4.1212118e-16
-2.2256619e-16
-3.5176969e-16
-1.9062531e-16
-1.6444061e-16
-1.9627845e-15
-1.3021236e-14
-6.9053959e-16
-3.1401133e-15
-1.0187366e-14
-3.3399588e-15
-7.6203235e-15
-3.1621273e-15
-5.7451308e-15
-2.829509e-15
-4.3341767e-15
-2.4657777e-15
-3.3053864e-15
-2.1202883e-15
-2.5478146e-15
-1.8121711e-15
-1.9879389e-15
-1.5453704e-15
-1.5695199e-15
-1.3176653e-15
-1.2533629e-15
-1.1245485e-15
-1.0115776e-15
-9.6106582e-16
-8.2449424e-16
-8.2256628e-16
-6.7810229e-16
-7.0496772e-16
-5.6234972e-16
-6.0480101e-16
-4.6994758e-16
-5.1916421e-16
-3.9555469e-16
-4.4564639e-16
-3.3521443e-16
-3.8224763e-16
-2.8596495e-16
-3.2730604e-16
-2.455669e-16
-2.1231164e-16
6.7650271e-16
-3.3449869e-15
-1.0352752e-14
-8.6703803e-16
-8.6438253e-15
-1.5750888e-15
-6.9122727e-15
-1.8377595e-15
-5.4824601e-15
-1.8519942e-15
-4.3199421e-15
-1.7458993e-15
-3.4114812e-15
-1.587723e-15
-2.7059909e-15
-1.4147343e-15
-2.1609276e-15
-1.2455645e-15
-1.7386896e-15
-1.0888627e-15
-1.4100647e-15
-9.4787867e-16
-1.1525616e-15
-8.2310157e-16
-9.4927134e-16
-7.1368148e-16
-7.8752238e-16
-6.1819581e-16
-6.5783539e-16
-5.3504746e-16
-5.5309593e-16
-4.6266346e-16
-4.6793869e-16
-3.9958568e-16
-3.9829221e-16
-3.4450474e-16
-3.4104589e-16
-2.9626482e-16
-2.9380682e-16
-2.5472198e-16
7.141318e-14
7.9120625e-14
-4.3671458e-14
8.4788673e-14
5.2920262e-14
8.5366937e-14
2.4560637e-14
7.7286145e-14
-8.0788964e-16
6.3497099e-14
-2.1737212e-14
4.5902797e-14
-3.7563904e-14
2.5038617e-14
-4.846796e-14
-1.8645454e-15
-5.4130003e-14
-5.502121e-14
4.87108e-14
5.8806712e-14
-2.8396887e-14
6.0003958e-14
4.1627103e-14
6.2527896e-14
2.2036699e-14
5.8272625e-14
3.4473813e-15
4.9062695e-14
-1.2527282e-14
3.6385037e-14
-2.4886246e-14
2.1149885e-14
-3.3232808e-14
3.5742836e-15
-3.6554401e-14
-3.5225871e-14
3.3872868e-14
4.4068723e-14
-1.9134879e-14
4.288468e-14
3.2615292e-14
4.5915218e-14
1.900616e-14
4.3858591e-14
5.5040085e-15
3.7812134e-14
-6.4808247e-15
2.8885416e-14
-1.5959528e-14
1.8033017e-14
-2.238041e-14
6.4667227e-15
-2.4988106e-14
-2.4059255e-14
2.3944295e-14
3.3360173e-14
-1.3235745e-14
3.0963802e-14
2.5595785e-14
3.3900544e-14
1.6069418e-14
3.3117313e-14
6.2872394e-15
2.9274255e-14
-2.6377664e-15
2.3181694e-14
-9.8669667e-15
1.5676683e-14
-1.4875399e-14
7.848399e-15
-1.7159822e-14
-1.6901396e-14
1.7187341e-14
-9.3585139e-15
2.5531346e-14
2.2598825e-14
2.0184301e-14
2.5210189e-14
1.3458054e-14
2.5136414e-14
6.3610143e-15
2.2771335e-14
-2.7268724e-16
1.8687437e-14
-5.7830687e-15
1.3544418e-14
-9.7323806e-15
8.177453e-15
-1.1792857e-14
-1.206893e-14
9.8702325e-14
7.0305438e-14
5.117056e-14
3.7934814e-14
2.85763e-14
-2.0413982e-16
-2.5669536e-16
2.3848744e-16
-1.7334171e-16
-2.2635199e-16
-1.4556944e-16
-2.0122466e-16
-1.2034389e-16
-1.8057026e-16
-9.7226149e-17
-1.6380005e-16
-7.5812074e-17
-1.5045128e-16
-5.5726519e-17
-1.4016573e-16
-3.6617386e-17
-1.3267369e-16
-1.8149736e-17
-1.277822e-16
-1.2536692e-16
-1.7168834e-16
-2.8444524e-16
1.9943822e-16
-1.4648048e-16
-2.5155984e-16
-1.2349821e-16
-2.2420694e-16
-1.0242911e-16
-2.0163936e-16
-8.2970171e-17
-1.8325899e-16
-6.4829898e-17
-1.6859155e-16
-4.7728387e-17
-1.5726724e-16
-3.1396095e-17
-1.4900598e-16
-1.5571787e-17
-1.4360651e-16
-1.4093871e-16
-1.3655581e-16
-3.052777e-16
1.5738828e-16
-1.1726784e-16
-2.7084782e-16
-9.9403066e-17
-2.4207171e-16
-8.2809399e-17
-2.1823303e-16
-6.7316979e-17
-1.9875141e-16
-5.2746547e-17
-1.8316198e-16
-3.8914537e-17
-1.7109925e-16
-2.5635986e-17
-1.6228453e-16
-1.2725957e-17
-1.5651654e-16
-1.5366466e-16
-9.9807568e-17
-3.1912923e-16
1.1365909e-16
-8.6560428e-17
-2.8409496e-16
-7.3969286e-17
-2.5466285e-16
-6.2027714e-17
-2.301746e-16
-5.0689637e-17
-2.1008948e-16
-3.9882237e-17
-1.9396938e-16
-2.9514949e-17
-1.8146654e-16
-1.948569e-17
-1.7231379e-16
-9.6851843e-18
-1.6631704e-16
-1.6334985e-16
-6.2452082e-17
-3.2615736e-16
6.9480216e-17
-5.5181254e-17
-2.9136579e-16
-4.7863531e-17
-2.6198057e-16
-4.0617872e-17
-2.3742026e-16
-3.3507733e-17
-2.1719962e-16
-2.6556788e-17
-2.0092033e-16
-1.9760552e-17
-1.8826278e-16
-1.3095015e-17
-1.7897933e-16
-6.5231503e-18
-1.7288891e-16
-1.69873e-16
-2.5393389e-17
-3.2669576e-16
2.5931787e-17
-2.3880865e-17
-2.9287831e-16
-2.1702668e-17
-2.6415877e-16
-1.907985e-17
-2.4004308e-16
-1.6168197e-17
-2.2011128e-16
-1.3075167e-17
-2.0401336e-16
-9.8728986e-18
-1.9146504e-16
-6.608302e-18
-1.8224393e-16
-3.3110319e-18
-1.7618618e-16
-1.7318403e-16
1.0592757e-17
-1.608083e-17
-3.2120768e-16
6.6838989e-18
-2.8896945e-16
3.9645028e-18
-2.6143937e-16
2.1354404e-18
-2.3821402e-16
9.6698347e-19
-2.1894282e-16
2.8202925e-19
-2.033284e-16
-5.721228e-20
-1.911258e-16
-1.5989425e-19
-1.8214124e-16
-1.1525988e-19
-1.7623081e-16
-1.7329929e-16
2.3950599e-15
-7.8927861e-15
-4.8550254e-15
7.4764714e-16
-6.9964125e-15
-2.3153363e-16
-5.933092e-15
-7.7705862e-16
-4.9369351e-15
-1.0407885e-15
-4.0562122e-15
-1.1351257e-15
-3.317144e-15
-1.1311551e-15
-2.7099615e-15
-1.0739395e-15
-2.2181432e-15
-9.906684e-16
-1.8219608e-15
-8.9739976e-16
-1.5033333e-15
-8.0325476e-16
-1.2467066e-15
-7.1316081e-16
-1.0393653e-15
-6.295425e-16
-8.7114069e-16
-5.533634e-16
-7.3401449e-16
-4.847563e-16
-6.2170302e-16
-4.2340152e-16
-5.2929347e-16
-3.6875095e-16
-4.5294278e-16
-3.2015866e-16
-3.8963818e-16
-2.769551e-16
-3.3701039e-16
-2.9318963e-16
3.2587083e-15
-5.9169369e-15
-5.2345575e-15
1.7949669e-15
-5.5326712e-15
7.954794e-16
-4.9336045e-15
1.4301958e-16
-4.2844753e-15
-2.5800463e-16
-3.655188e-15
-4.8777044e-16
-3.0873782e-15
-6.0424569e-16
-2.5934862e-15
-6.4840503e-16
-2.1739839e-15
-6.4794803e-16
-1.8224178e-15
-6.2122659e-16
-1.5300548e-15
-5.8012637e-16
-1.2878069e-15
-5.3219665e-16
-1.087295e-15
-4.8211838e-16
-9.2121896e-16
-4.3270174e-16
-7.8343113e-16
-3.8554979e-16
-6.6885497e-16
-3.4149584e-16
-5.7334743e-16
-3.0088909e-16
-4.9354953e-16
-2.6378008e-16
-4.2674718e-16
-2.3004023e-16
-3.7075024e-16
-3.2379165e-16
3.6021428e-15
-4.3798357e-15
-5.139244e-15
2.3732682e-15
-4.3037965e-15
1.4534456e-15
-4.0137819e-15
7.9250797e-16
-3.6235376e-15
3.3659623e-16
-3.1992763e-15
3.3694501e-17
-2.7844765e-15
-1.5869716e-16
-2.4010946e-15
-2.7362479e-16
-2.0590562e-15
-3.3552367e-16
-1.7605189e-15
-3.6198303e-16
-1.5035954e-15
-3.6537796e-16
-1.2844119e-15
-3.5427088e-16
-1.0984021e-15
-3.3449629e-16
-9.4099355e-16
-3.0997032e-16
-8.0795709e-16
-2.8327564e-16
-6.9554965e-16
-2.5607663e-16
-6.0054643e-16
-2.2941028e-16
-5.2021588e-16
-2.0388815e-16
-4.5226931e-16
-1.7983576e-16
-3.9480263e-16
-3.4623913e-16
3.6394908e-15
-3.2054458e-15
-4.8138807e-15
2.6411956e-15
-3.3055013e-15
1.8411296e-15
-3.213716e-15
1.2249904e-15
-3.0073984e-15
7.6656428e-16
-2.7408502e-15
4.3508338e-16
-2.4529956e-15
2.0192192e-16
-2.1679331e-15
4.2611321e-17
-1.8997456e-15
-6.2481378e-17
-1.6554262e-15
-1.285385e-16
-1.4375383e-15
-1.6697952e-16
-1.2459709e-15
-1.8622693e-16
-1.0791547e-15
-1.9239716e-16
-9.3482332e-16
-1.8987538e-16
-8.1047888e-16
-1.8176867e-16
-7.0365636e-16
-1.7025206e-16
-6.1206304e-16
-1.5682698e-16
-5.3364096e-16
-1.4251157e-16
-4.6658472e-16
-1.2797928e-16
-4.0933491e-16
-3.6055932e-16
3.5057975e-15
-2.318802e-15
-4.3924413e-15
2.7117929e-15
-2.5114967e-15
2.039556e-15
-2.5414791e-15
1.4926835e-15
-2.4605259e-15
1.0619117e-15
-2.3100784e-15
7.3117761e-16
-2.1222615e-15
4.8279101e-16
-1.9195465e-15
2.9992558e-16
-1.7168802e-15
1.6791098e-16
-1.5234116e-15
7.4594097e-17
-1.3442214e-15
1.0260551e-17
-1.1816374e-15
-3.2663349e-17
-1.0362308e-15
-5.9973053e-17
-9.0751362e-16
-7.6040124e-17
-7.9441181e-16
-8.412382e-17
-6.9557266e-16
-8.6629712e-17
-6.0955715e-16
-8.531651e-17
-5.3495416e-16
-8.1457454e-17
-4.7044377e-16
-7.5964117e-17
-4.1482825e-16
-3.6704322e-16
3.2845163e-15
-1.655516e-15
-3.9478023e-15
2.6623134e-15
-1.8892938e-15
2.1103684e-15
-1.9895342e-15
1.6402296e-15
-1.990387e-15
1.2522886e-15
-1.9221374e-15
9.4001944e-16
-1.8099923e-15
6.9368588e-16
-1.673213e-15
5.0260089e-16
-1.5257952e-15
3.5651634e-16
-1.377327e-15
2.4630306e-16
-1.2340081e-15
1.6420879e-16
-1.0995431e-15
1.0386191e-16
-9.758839e-16
6.014798e-17
-8.6379969e-16
2.9033314e-17
-7.6329714e-16
7.3795279e-18
-6.7391888e-16
-7.2289656e-18
-5.9494866e-16
-1.6634865e-17
-5.2554826e-16
-2.2232931e-17
-4.6484571e-16
-2.507126e-17
-4.1198992e-16
-3.661827e-16
3.0265892e-15
-3.5186908e-15
-1.1634144e-15
2.54452e-15
-1.4072246e-15
2.0987084e-15
-1.5437226e-15
1.70336e-15
-1.5950385e-15
1.3638692e-15
-1.5826466e-15
1.079525e-15
-1.5256481e-15
8.4603056e-16
-1.4397185e-15
6.5729917e-16
-1.3370638e-15
5.0669358e-16
-1.2267214e-15
3.8777287e-16
-1.1150874e-15
2.9469691e-16
-1.0064671e-15
2.2239832e-16
-9.0358532e-16
1.6661333e-16
-8.0801469e-16
1.2383348e-16
-7.2051729e-16
9.1219716e-17
-6.4130512e-16
6.6503836e-17
-5.7023278e-16
4.7891616e-17
-5.0693604e-16
3.3974877e-17
-4.5092897e-16
2.3655352e-17
-4.016704e-16
-3.5860817e-16
1.3241892e-14
1.9418341e-14
-7.1288874e-15
1.7656816e-14
1.5769378e-14
2.0031269e-14
1.1083601e-14
2.0369203e-14
6.0230803e-15
1.8914625e-14
1.1818913e-15
1.6082748e-14
-2.9511919e-15
1.2388475e-14
-6.0381081e-15
8.4568398e-15
-7.8612211e-15
-8.4671154e-15
9.5804549e-15
1.4950998e-14
-5.113112e-15
1.2926937e-14
1.2422896e-14
1.4887599e-14
9.1229384e-15
1.5421258e-14
5.4894214e-15
1.4664393e-14
1.9387561e-15
1.2888646e-14
-1.175445e-15
1.0450417e-14
-3.5998787e-15
7.7707675e-15
-5.1815715e-15
-5.9309054e-15
7.0317846e-15
1.164623e-14
-3.7270161e-15
9.5849459e-15
9.8697344e-15
1.1188082e-14
7.5198018e-15
1.1788341e-14
4.8891624e-15
1.1459403e-14
2.2676943e-15
1.0375594e-14
-9.1635931e-17
8.7772563e-15
-2.0015409e-15
6.9450325e-15
-3.3493478e-15
-4.1251169e-15
5.2347332e-15
9.1701303e-15
-2.7586336e-15
7.1992392e-15
7.9052284e-15
8.5057731e-15
6.2132679e-15
9.1033935e-15
4.291542e-15
9.0294754e-15
2.3416124e-15
8.3941055e-15
5.4373398e-16
7.3568338e-15
-9.6426915e-16
6.1044413e-15
-2.0969553e-15
-2.8345563e-15
3.9508832e-15
7.291001e-15
-2.0717538e-15
5.4769694e-15
6.3791422e-15
6.5425664e-15
5.1476708e-15
7.1033083e-15
3.7308002e-15
7.1758839e-15
2.2690367e-15
6.8287208e-15
8.9089704e-16
6.1666646e-15
-3.0221287e-16
5.3142163e-15
-1.244507e-15
-1.9127813e-15
3.0225854e-15
5.8464413e-15
-1.5780258e-15
4.2203136e-15
5.1814141e-15
5.0922794e-15
4.275705e-15
5.6016005e-15
3.2214791e-15
5.753476e-15
2.1171613e-15
5.5896873e-15
1.0546858e-15
5.1786465e-15
1.0882786e-16
4.6035653e-15
-6.6942576e-16
-1.2570183e-15
2.3438602e-15
-1.2188493e-15
4.7214304e-15
3.2940922e-15
4.2311821e-15
4.0113027e-15
3.5584944e-15
4.4655288e-15
2.767253e-15
4.655852e-15
1.9268381e-15
4.6071998e-15
1.1033379e-15
4.3639517e-15
3.5207594e-16
3.9818765e-15
-2.8735048e-16
-7.9383265e-16
2.1447413e-14
1.6334301e-14
1.2607285e-14
9.8486511e-15
7.7768973e-15
6.1988715e-15
4.9800221e-15
4.1969743e-17
-3.1088386e-16
-5.2293565e-17
3.3595512e-17
-2.8059522e-16
2.675074e-17
-2.545946e-16
2.1099058e-17
-2.3256233e-16
1.6369637e-17
-2.142134e-16
1.2342328e-17
-1.9930109e-16
8.8355166e-18
-1.8761899e-16
5.6960931e-18
-1.7900182e-16
2.7910124e-18
-1.7332573e-16
-1.7050828e-16
7.1166287e-17
-2.9610251e-16
-8.5947635e-17
5.8665421e-17
-2.6809436e-16
4.7998929e-17
-2.4392811e-16
3.8798021e-17
-2.2336143e-16
3.0755628e-17
-2.0617101e-16
2.3613277e-17
-1.9215874e-16
1.7150034e-17
-1.8115575e-16
1.1173107e-17
-1.7302489e-16
5.5097339e-18
-1.6766236e-16
-1.6499854e-16
9.8143264e-17
-2.7739081e-16
-1.1685497e-16
8.1949941e-17
-2.5190103e-16
6.7820747e-17
-2.2979892e-16
5.5369572e-17
-2.1091025e-16
4.4265841e-17
-1.9506727e-16
3.4223505e-17
-1.8211641e-16
2.4991454e-17
-1.719237e-16
1.6345118e-17
-1.6437856e-16
8.0790141e-18
-1.5939626e-16
-1.5691953e-16
1.2267528e-16
-2.5526923e-16
-1.4479686e-16
1.0323028e-16
-2.3245604e-16
8.6013201e-17
-2.1258183e-16
7.0632746e-17
-1.955298e-16
5.6745459e-17
-1.8117999e-16
4.4046994e-17
-1.6941794e-16
3.2264204e-17
-1.6014091e-16
2.1147975e-17
-1.5326233e-16
1.0466662e-17
-1.4871494e-16
-1.4645287e-16
1.4461554e-16
-2.3023693e-16
-1.6964784e-16
1.2235294e-16
-2.1019344e-16
1.0242673e-16
-1.9265562e-16
8.4449569e-17
-1.7755264e-16
6.8073498e-17
-1.6480392e-16
5.2983485e-17
-1.5432793e-16
3.8891273e-17
-1.460487e-16
2.5529544e-17
-1.399006e-16
1.2646384e-17
-1.3583178e-16
-1.3380649e-16
1.6387925e-16
-2.0276238e-16
-1.913538e-16
1.3921727e-16
-1.8553145e-16
1.1695601e-16
-1.7039437e-16
9.6718373e-17
-1.5731499e-16
7.8158018e-17
-1.4624356e-16
6.0955136e-17
-1.3712505e-16
4.4811971e-17
-1.2990553e-16
2.9448334e-17
-1.2453696e-16
1.459714e-17
-1.2098059e-16
-1.1920935e-16
1.8043043e-16
-1.7327766e-16
-2.0991516e-16
1.5376525e-16
-1.5886627e-16
1.2953216e-16
-1.4616127e-16
1.0736786e-16
-1.3515069e-16
8.69317e-17
-1.258074e-16
6.7903309e-17
-1.1809666e-16
4.9979707e-17
-1.1198193e-16
3.2872102e-17
-1.0742936e-16
1.6302466e-17
-1.0441095e-16
-1.0290688e-16
1.942648e-16
-2.2536309e-16
-1.4217937e-16
1.6596961e-16
-1.3057109e-16
1.4011468e-16
-1.2030634e-16
1.1635198e-16
-1.11388e-16
9.4348769e-17
-1.0380419e-16
7.3786854e-17
-9.753474e-17
5.4361125e-17
-9.2556202e-17
3.5777478e-17
-8.884571e-17
1.7750357e-17
-8.6383831e-17
-8.5156523e-17
2.6381217e-15
-8.1576726e-16
-2.9857688e-15
2.2831792e-15
-1.0522821e-15
1.9422831e-15
-1.2028266e-15
1.6289742e-15
-1.2817297e-15
1.350443e-15
-1.3041154e-15
1.1090872e-15
-1.2842923e-15
9.0409179e-16
-1.2347231e-15
7.3269805e-16
-1.1656701e-15
5.9116418e-16
-1.0851876e-15
4.7541964e-16
-9.9934289e-16
3.8147871e-16
-9.125262e-16
3.0567389e-16
-8.277805e-16
2.4476616e-16
-7.4710695e-16
1.959761e-16
-6.7172723e-16
1.5696824e-16
-6.0229726e-16
1.2581064e-16
-5.3907518e-16
1.0092388e-16
-4.8204928e-16
8.1028142e-17
-4.3103323e-16
6.50932e-17
-3.8573546e-16
-3.4580854e-16
2.4079368e-15
-5.5885031e-16
-2.6648537e-15
2.1343872e-15
-7.7873257e-16
1.8619609e-15
-9.3040023e-16
1.6031207e-15
-1.0228895e-15
1.3656427e-15
-1.0666374e-15
1.1535032e-15
-1.0721528e-15
9.6788457e-16
-1.0491045e-15
8.080758e-16
-1.0058613e-15
6.7221093e-16
-9.493227e-16
5.5782095e-16
-8.8495291e-16
4.6221922e-16
-8.1692447e-16
3.8275078e-16
-7.4831205e-16
3.1693948e-16
-6.8129566e-16
2.6256311e-16
-6.1735086e-16
2.1768054e-16
-5.5741468e-16
1.8062915e-16
-5.0202379e-16
1.5000535e-16
-4.5142548e-16
1.2463671e-16
-4.056646e-16
1.0355135e-16
-3.6465009e-16
-3.2820483e-16
2.1951686e-15
-3.7121853e-16
-2.3828003e-15
1.9860637e-15
-5.6962773e-16
1.7699861e-15
-7.1432264e-16
1.5578922e-15
-8.1079557e-16
1.3573562e-15
-8.6610135e-16
1.1730283e-15
-8.878249e-16
1.0072463e-15
-8.833225e-16
8.6064577e-16
-8.5926079e-16
7.3270228e-16
-8.2137921e-16
6.2216959e-16
-7.7442022e-16
5.2741082e-16
-7.221657e-16
4.4663313e-16
-6.6753436e-16
3.7804377e-16
-6.127063e-16
3.1994599e-16
-5.5925308e-16
2.7079146e-16
-5.0826015e-16
2.2920294e-16
-4.6043527e-16
1.9397766e-16
-4.1620019e-16
1.6407899e-16
-3.7576593e-16
1.386218e-16
-3.391929e-16
-3.0643799e-16
2.0039314e-15
-2.3634549e-16
-2.1388045e-15
1.8455016e-15
-4.1119789e-16
1.6752236e-15
-5.4404465e-16
1.502474e-15
-6.38046e-16
1.3342348e-15
-6.9786208e-16
1.1752882e-15
-7.2887834e-16
1.0285649e-15
-7.3659915e-16
8.9553834e-16
-7.2623427e-16
7.7660733e-16
-7.024482e-16
6.7142787e-16
-6.6924077e-16
5.7918245e-16
-6.2992028e-16
4.9878499e-16
-5.8713689e-16
4.2902891e-16
-5.4295022e-16
3.6868827e-16
-4.9891244e-16
3.1658246e-16
-4.5615434e-16
2.7161389e-16
-4.1546671e-16
2.3278686e-16
-3.7737316e-16
1.9921344e-16
-3.4219252e-16
1.7011134e-16
-3.100908e-16
-2.8112351e-16
1.8358511e-15
-1.4151019e-16
-1.9306864e-15
1.7170088e-15
-2.9235559e-16
1.5835574e-15
-4.1059324e-16
1.4433966e-15
-4.9788529e-16
1.3027621e-15
-5.5722758e-16
1.1662654e-15
-5.9238156e-16
1.0370698e-15
-6.0740363e-16
9.1713221e-16
-6.0629664e-16
8.0746016e-16
-5.9277614e-16
7.0835443e-16
-5.7013504e-16
6.1961819e-16
-5.4118405e-16
5.4072707e-16
-5.0824577e-16
4.7096044e-16
-4.7318359e-16
4.0949817e-16
-4.3745017e-16
3.554886e-16
-4.0214476e-16
3.0809387e-16
-3.6807199e-16
2.6651813e-16
-3.3579742e-16
2.300232e-16
-3.0569759e-16
1.9793564e-16
-2.7800324e-16
-2.5283572e-16
1.691128e-15
-7.692453e-17
-1.7557136e-15
1.602991e-15
-2.0421859e-16
1.4988359e-15
-3.064382e-16
1.3852681e-15
-3.8431747e-16
1.2677596e-15
-4.3971911e-16
1.150603e-15
-4.7522489e-16
1.0369782e-15
-4.9377885e-16
9.2908758e-16
-4.9840605e-16
8.2832097e-16
-4.9200953e-16
7.3542509e-16
-4.7723916e-16
6.5066055e-16
-4.5641951e-16
5.7393744e-16
-4.3152266e-16
5.0492646e-16
-4.0417261e-16
4.4314614e-16
-3.7566985e-16
3.8802856e-16
-3.4702718e-16
3.3896705e-16
-3.1901048e-16
2.9534932e-16
-2.9217969e-16
2.5657931e-16
-2.6692758e-16
2.2209063e-16
-2.4351455e-16
-2.2209889e-16
1.5691555e-15
-3.505269e-17
-1.6110273e-15
1.5046261e-15
-1.396892e-16
1.423499e-15
-2.2531113e-16
1.3312932e-15
-2.921116e-16
1.2327752e-15
-3.4120118e-16
1.131868e-15
-3.7431762e-16
1.0316504e-15
-3.9356127e-16
9.3442026e-16
-4.0117594e-16
8.4179254e-16
-3.9938181e-16
7.5481248e-16
-3.902591e-16
6.7406932e-16
-3.7567636e-16
5.9980105e-16
-3.5725439e-16
5.3198539e-16
-3.3635696e-16
4.7041548e-16
-3.1409993e-16
4.1476035e-16
-2.9137205e-16
3.6461171e-16
-2.6886184e-16
3.1951895e-16
-2.4708693e-16
2.790145e-16
-2.2642313e-16
2.4263144e-16
-2.0713149e-16
-1.893826e-16
1.4690359e-15
-1.4940878e-15
-1.0000772e-17
1.422368e-15
-9.3021355e-17
1.3590075e-15
-1.6195063e-16
1.2835955e-15
-2.1669959e-16
1.2002894e-15
-2.5789501e-16
1.1126497e-15
-2.8667799e-16
1.0236015e-15
-3.0451298e-16
9.3544858e-16
-3.1302306e-16
8.499257e-16
-3.1385893e-16
7.6826942e-16
-3.0860282e-16
6.9129778e-16
-2.9870472e-16
6.1948918e-16
-2.8544579e-16
5.5305529e-16
-2.6992307e-16
4.9200509e-16
-2.5304973e-16
4.3619889e-16
-2.3556585e-16
3.8539245e-16
-2.180554e-16
3.3927195e-16
-2.0096642e-16
2.9748087e-16
-1.8463206e-16
2.5964022e-16
-1.6929084e-16
-1.5510547e-16
1.7660512e-15
3.8705488e-15
-9.1516953e-16
2.4965052e-15
3.5007281e-15
3.0649866e-15
2.990013e-15
3.4484261e-15
2.3838135e-15
3.6431219e-15
1.7321423e-15
3.6629764e-15
1.0834834e-15
3.5355683e-15
4.7948402e-16
3.2969612e-15
-4.8743406e-17
-4.8264022e-16
1.4212087e-15
3.1834932e-15
-7.341532e-16
2.0196034e-15
2.9023335e-15
2.497811e-15
2.5118054e-15
2.8371778e-15
2.0444467e-15
3.0327765e-15
1.5365436e-15
3.0924067e-15
1.0238533e-15
3.0340577e-15
5.3783297e-16
2.8824104e-15
1.0290389e-16
-2.6508351e-16
1.1586029e-15
2.621659e-15
-5.9676858e-16
1.6543828e-15
2.4065535e-15
2.0599694e-15
2.1062187e-15
2.3602768e-15
1.7441394e-15
2.5500184e-15
1.346802e-15
2.6331662e-15
9.4070547e-16
2.6213228e-15
5.4967637e-16
2.5313751e-15
1.9285159e-16
-1.1650875e-16
9.5732398e-16
2.1561194e-15
-4.9178447e-16
1.3730372e-15
1.9908403e-15
1.7202528e-15
1.7590031e-15
1.9867296e-15
1.4776626e-15
2.1672813e-15
1.1662503e-15
2.2635085e-15
8.4447836e-16
2.2827605e-15
5.3042429e-16
2.2365674e-15
2.3904476e-16
-1.8745873e-17
8.0242765e-16
1.7649017e-15
-4.1120987e-16
1.1555459e-15
1.6377221e-15
1.4559524e-15
1.4585966e-15
1.6936519e-15
1.239963e-15
1.86378e-15
9.9612219e-16
1.9664929e-15
7.4176545e-16
2.0063124e-15
4.9060483e-16
1.9910772e-15
2.5427998e-16
4.1644955e-17
6.8307783e-16
1.4310972e-15
-3.4927336e-16
9.8729709e-16
1.3335028e-15
1.2503364e-15
1.1955574e-15
1.4639592e-15
1.0263401e-15
1.6237054e-15
8.3637599e-16
1.728872e-15
6.3659891e-16
1.7821039e-15
4.3737288e-16
1.7886935e-15
2.4769039e-16
7.4624843e-17
5.913475e-16
1.1415178e-15
-3.0176809e-16
8.5753634e-16
1.067314e-15
1.0909811e-15
9.6211264e-16
1.284809e-15
8.3251212e-16
1.434969e-15
6.8621604e-16
1.5402621e-15
5.3130578e-16
1.6020911e-15
3.7554385e-16
1.6239911e-15
2.257904e-16
8.7588656e-17
5.2165294e-16
-2.6573936e-16
8.8560422e-16
7.5865103e-16
8.3031587e-16
9.6902886e-16
7.5173481e-16
1.1469542e-15
6.5458676e-16
1.2887475e-15
5.4442276e-16
1.3929388e-15
4.2711447e-16
1.4601176e-15
3.0836505e-16
1.4926166e-15
1.9329139e-16
8.6117469e-17
4.0648526e-15
3.3306994e-15
2.7339308e-15
2.2421464e-15
1.8309365e-15
1.4816631e-15
1.179895e-15
9.1415568e-16
6.5846758e-17
-7.6274017e-17
-1.3175211e-16
5.6329031e-17
-1.2105336e-16
4.7607182e-17
-1.1158449e-16
3.9570711e-17
-1.0335153e-16
3.2112749e-17
-9.6346229e-17
2.513013e-17
-9.0552121e-17
1.8523146e-17
-8.5949218e-17
1.2195086e-17
-8.251765e-17
6.0516059e-18
-8.0240351e-17
-7.9104917e-17
4.6245938e-16
-4.6795845e-16
-4.5016989e-18
4.5011449e-16
-8.0676465e-17
4.3234511e-16
-1.4418126e-16
4.1051841e-16
-1.9487288e-16
3.8588451e-16
-2.3326111e-16
3.5953782e-16
-2.603313e-16
3.3239899e-16
-2.7737415e-16
3.0521322e-16
-2.8583729e-16
2.7855981e-16
-2.8720552e-16
2.5286894e-16
-2.8291194e-16
2.2844195e-16
-2.7427773e-16
2.0547269e-16
-2.6247654e-16
1.8406809e-16
-2.4851847e-16
1.6426681e-16
-2.3324845e-16
1.4605557e-16
-2.1735461e-16
1.2938284e-16
-2.0138268e-16
1.1417009e-16
-1.8575367e-16
1.0032064e-16
-1.707826e-16
8.7726585e-17
-1.5669679e-16
-1.436529e-16
1.5897703e-16
-8.0907737e-17
8.0753493e-16
2.3157202e-16
7.5772088e-16
2.9643898e-16
6.8686784e-16
3.5184321e-16
5.9918254e-16
3.9665048e-16
4.9961549e-16
4.3034866e-16
3.9341629e-16
4.5301279e-16
2.8570092e-16
4.6522419e-16
1.8107999e-16
8.3383201e-17
8.3324794e-16
2.0411004e-16
-9.9735833e-17
-2.3612632e-16
1.7480404e-16
-9.1747364e-17
1.47881e-16
-8.4661445e-17
1.2301837e-16
-7.8488894e-17
9.9900777e-17
-7.3228636e-17
7.822102e-17
-6.8872365e-17
5.7680029e-17
-6.5408227e-17
3.7986048e-17
-6.2823669e-17
1.8853252e-17
-6.1107554e-17
-6.0251666e-17
2.1146209e-16
-6.6922347e-17
-2.4427557e-16
1.8133028e-16
-6.1615554e-17
1.5356952e-16
-5.6900686e-17
1.2786861e-16
-5.2787983e-17
1.0391916e-16
-4.9279187e-17
8.1417515e-17
-4.6370721e-17
6.0065495e-17
-4.4056208e-17
3.9570246e-17
-4.232842e-17
1.9643438e-17
-4.1180746e-17
-4.0608228e-17
2.1634602e-16
-3.3589099e-17
-2.4967927e-16
1.8567225e-16
-3.0941783e-17
1.5735899e-16
-2.8587429e-17
1.3110307e-16
-2.6532067e-17
1.066012e-16
-2.4777314e-17
8.3552457e-17
-2.3321977e-17
6.165958e-17
-2.2163331e-17
4.0629269e-17
-2.1298109e-17
2.0171779e-17
-2.0723255e-17
-2.043645e-17
2.1878171e-16
-2.5237081e-16
1.8783993e-16
1.592525e-16
1.3272044e-16
1.0794312e-16
8.4621145e-17
6.2457814e-17
4.1159705e-17
2.043645e-17
1.340701e-15
4.9231339e-18
-1.3501258e-15
1.3113443e-15
-5.1319805e-17
1.2658235e-15
-9.8660462e-17
1.2078407e-15
-1.3689004e-16
1.1408531e-15
-1.6627353e-16
1.0679535e-15
-1.8743166e-16
9.9180363e-16
-2.0122432e-16
9.1461227e-16
-2.0864593e-16
8.3814535e-16
-2.1073859e-16
7.6375891e-16
-2.085255e-16
6.9244509e-16
-2.0296391e-16
6.2488406e-16
-1.9491552e-16
5.6149676e-16
-1.8513116e-16
5.0249474e-16
-1.7424644e-16
4.4792523e-16
-1.627851e-16
3.9771016e-16
-1.511676e-16
3.5167906e-16
-1.3972257e-16
3.0959597e-16
-1.2869951e-16
2.7118087e-16
-1.1828169e-16
-1.0859835e-16
1.2891349e-15
7.0801618e-18
-1.2912919e-15
1.2677942e-15
-2.9979102e-17
1.2305147e-15
-6.1381011e-17
1.1805667e-15
-8.6941981e-17
1.1210793e-15
-1.0678621e-16
1.0549215e-15
-1.2127383e-16
9.8462554e-16
-1.3092835e-16
9.123497e-16
-1.3637009e-16
8.3987109e-16
-1.3825998e-16
7.6860085e-16
-1.3725527e-16
6.9961448e-16
-1.3397753e-16
6.3369068e-16
-1.2899172e-16
5.7135398e-16
-1.2279446e-16
5.1291727e-16
-1.1580972e-16
4.5852193e-16
-1.0838976e-16
4.0817408e-16
-1.0081975e-16
3.6177607e-16
-9.3324567e-17
3.1915318e-16
-8.6076617e-17
2.800755e-16
-7.9204011e-17
-7.2798424e-17
1.2551398e-15
4.6456832e-18
-1.2527053e-15
1.238911e-15
-1.3750372e-17
1.2069292e-15
-2.9399153e-17
1.1621836e-15
-4.2196399e-17
1.1075866e-15
-5.2189218e-17
1.0458549e-15
-5.9542155e-17
9.7942899e-16
-6.4502414e-17
9.1042649e-16
-6.7367593e-17
8.4062455e-16
-6.8458046e-17
7.7146417e-16
-6.8094887e-17
7.0407045e-16
-6.6583814e-17
6.3928302e-16
-6.4204286e-17
5.7769184e-16
-6.1203285e-17
5.1967484e-16
-5.7792715e-17
4.654346e-16
-5.4149516e-17
4.1503248e-16
-5.0417636e-17
3.6841908e-16
-4.6711167e-17
3.2546055e-16
-4.3118086e-17
2.8596073e-16
-3.9704194e-17
-3.651696e-17
1.2382727e-15
-1.233627e-15
1.2245223e-15
1.1951232e-15
1.1529268e-15
1.1007376e-15
1.0411954e-15
9.76693e-16
9.0932541e-16
8.4086736e-16
7.7277247e-16
7.0618866e-16
6.4198437e-16
5.8078109e-16
5.2298837e-16
4.6883886e-16
4.1842122e-16
3.7171005e-16
3.2859197e-16
2.8888777e-16
4.4672424e-16
5.8794572e-16
-2.2713502e-16
6.5173202e-16
5.527131e-16
8.3608806e-16
5.025118e-16
9.9503953e-16
4.4023107e-16
1.1253691e-15
3.6928592e-16
1.2254662e-15
2.933192e-16
1.295258e-15
2.1590913e-16
1.3360236e-15
1.403144e-16
6.9280956e-17
4.1492854e-16
3.8376359e-16
-2.1074641e-16
6.0639728e-16
3.6124436e-16
7.7979193e-16
3.2911716e-16
9.3083411e-16
2.8918889e-16
1.0565179e-15
2.436021e-16
1.1551849e-15
1.9465226e-16
1.226487e-15
1.4460697e-16
1.2712544e-15
9.5546984e-17
4.9243501e-17
3.9453142e-16
1.8947232e-16
-2.0024015e-16
5.7728191e-16
1.7849386e-16
7.4357954e-16
1.6281953e-16
8.8944986e-16
1.4331856e-16
1.0120283e-15
1.2102369e-16
1.1096363e-15
9.7044229e-17
1.1817635e-15
7.2479809e-17
1.2289665e-15
4.8343979e-17
2.5504685e-17
3.8459868e-16
-1.9512636e-16
5.6309254e-16
7.2591207e-16
8.6923063e-16
9.9025433e-16
1.0872986e-15
1.1597784e-15
1.2081223e-15
6.0611292e-16
3.953665e-16
1.9512636e-16
)
;

boundaryField
{
    needle_inlet_left
    {
        type            calculated;
        value           uniform 0;
    }
    needle_inlet_right
    {
        type            calculated;
        value           uniform 0;
    }
    needle_outlet_left
    {
        type            calculated;
        value           uniform 0;
    }
    needle_outlet_right
    {
        type            calculated;
        value           uniform 0;
    }
    sclera_left_lower
    {
        type            calculated;
        value           uniform 0;
    }
    sclera_left_upper
    {
        type            calculated;
        value           uniform 0;
    }
    sclera_right
    {
        type            calculated;
        value           uniform 0;
    }
    sclera_right_upper
    {
        type            calculated;
        value           uniform 0;
    }
    sclera_top
    {
        type            calculated;
        value           uniform 0;
    }
    cornea_fsi
    {
        type            calculated;
        value           uniform 0;
    }
    lens_bottom
    {
        type            calculated;
        value           uniform 0;
    }
    lens_bottom_left
    {
        type            calculated;
        value           uniform 0;
    }
    lens_right
    {
        type            calculated;
        value           uniform 0;
    }
    lens_left
    {
        type            calculated;
        value           uniform 0;
    }
    lens_top
    {
        type            calculated;
        value           uniform 0;
    }
    lens_top_left
    {
        type            calculated;
        value           uniform 0;
    }
    iris_bottom
    {
        type            calculated;
        value           uniform 0;
    }
    iris_pupil
    {
        type            calculated;
        value           uniform 0;
    }
    iris_pupil_left
    {
        type            calculated;
        value           uniform 0;
    }
    iris_top
    {
        type            calculated;
        value           uniform 0;
    }
    tm_limbus_wall
    {
        type            calculated;
        value           uniform 0;
    }
    ac_inlet
    {
        type            calculated;
        value           nonuniform List<scalar> 5(-5.2188234e-12 -5.2188234e-12 -4.8709022e-12 -4.8709012e-12 -4.8709022e-12);
    }
    ac_inlet_left
    {
        type            calculated;
        value           nonuniform List<scalar> 5(-5.2188234e-12 -5.2188234e-12 -4.8709022e-12 -4.8709012e-12 -4.8709022e-12);
    }
    outlet_tm
    {
        type            calculated;
        value           nonuniform List<scalar> 4(5.4625881e-12 5.4625885e-12 5.4625885e-12 5.4625882e-12);
    }
    outlet_tm_left
    {
        type            calculated;
        value           nonuniform List<scalar> 4(5.4625881e-12 5.4625885e-12 5.4625885e-12 5.4625882e-12);
    }
    front
    {
        type            empty;
    }
    back
    {
        type            empty;
    }
    defaultFaces
    {
        type            calculated;
        value           uniform 0;
    }
    needle_int_inlet_master
    {
        type            calculated;
        value           uniform 0;
    }
    needle_int_inlet_slave
    {
        type            calculated;
        value           uniform 0;
    }
    needle_int_outlet_master
    {
        type            calculated;
        value           uniform 3.2e-12;
    }
    needle_int_outlet_slave
    {
        type            calculated;
        value           uniform 3.2e-12;
    }
}


// ************************************************************************* //
