/*--------------------------------*- C++ -*----------------------------------*\
| =========                 |                                                 |
| \\      /  F ield         | OpenFOAM: The Open Source CFD Toolbox           |
|  \\    /   O peration     | Version:  2512                                  |
|   \\  /    A nd           | Website:  www.openfoam.com                      |
|    \\/     M anipulation  |                                                 |
\*---------------------------------------------------------------------------*/
FoamFile
{
    version     2.0;
    format      ascii;
    arch        "LSB;label=32;scalar=64";
    class       volVectorField;
    location    "4.4";
    object      cellDisplacement;
}
// * * * * * * * * * * * * * * * * * * * * * * * * * * * * * * * * * * * * * //

dimensions      [0 1 0 0 0 0 0];

internalField   nonuniform List<vector> 
1920
(
(3.4342219e-08 1.6643526e-11 0)
(1.03856e-07 5.1781502e-11 0)
(1.7587622e-07 9.2784561e-11 0)
(2.5214036e-07 1.4420121e-10 0)
(3.3448805e-07 2.1159513e-10 0)
(4.2490545e-07 3.0207788e-10 0)
(5.2557303e-07 4.2501668e-10 0)
(6.3891834e-07 5.9292717e-10 0)
(7.6767427e-07 8.2269995e-10 0)
(9.1494523e-07 1.1372134e-09 0)
(1.0842816e-06 1.567557e-09 0)
(1.2797658e-06 2.1560058e-09 0)
(1.50611e-06 2.9601073e-09 0)
(1.7687704e-06 4.0581945e-09 0)
(2.074078e-06 5.5569346e-09 0)
(2.4293919e-06 7.6015579e-09 0)
(2.8432756e-06 1.0389823e-08 0)
(3.3257045e-06 1.4190999e-08 0)
(3.8883047e-06 1.9371722e-08 0)
(4.5446348e-06 2.6431218e-08 0)
(5.31051e-06 3.6049226e-08 0)
(6.2043854e-06 4.9151349e-08 0)
(7.247797e-06 6.6997941e-08 0)
(8.4658827e-06 9.130546e-08 0)
(9.8879824e-06 1.244115e-07 0)
(1.1548346e-05 1.6950046e-07 0)
(1.3486949e-05 2.3091058e-07 0)
(1.5750454e-05 3.1455473e-07 0)
(1.8393312e-05 4.2849393e-07 0)
(2.1479067e-05 5.8372583e-07 0)
(2.5081842e-05 7.9526363e-07 0)
(2.9288089e-05 1.0836273e-06 0)
(3.4198582e-05 1.4768992e-06 0)
(3.9930744e-05 2.0135922e-06 0)
(4.6621291e-05 2.7466571e-06 0)
(5.4429281e-05 3.7491717e-06 0)
(6.3539583e-05 5.1224908e-06 0)
(7.4166823e-05 7.0081972e-06 0)
(8.6560078e-05 9.6060547e-06 0)
(0.00010100866 1.3202075e-05 0)
(0.00011785094 1.8214778e-05 0)
(0.00013749089 2.5277765e-05 0)
(0.00016044658 3.5405295e-05 0)
(0.00018748873 5.0379841e-05 0)
(0.00022021111 7.3854007e-05 0)
(0.00026332836 0.00011512316 0)
(0.00033485152 0.00020412804 0)
(0.0005105915 0.00045258635 0)
(1.0218302e-07 4.7927214e-11 0)
(3.0901651e-07 1.4933309e-10 0)
(5.2330796e-07 2.6776777e-10 0)
(7.5022717e-07 4.1641958e-10 0)
(9.9524812e-07 6.1140497e-10 0)
(1.2642805e-06 8.7337548e-10 0)
(1.5638129e-06 1.2294875e-09 0)
(1.9010683e-06 1.7160779e-09 0)
(2.2841795e-06 2.3821349e-09 0)
(2.7223838e-06 3.2940734e-09 0)
(3.2262471e-06 4.5420897e-09 0)
(3.807917e-06 6.2488995e-09 0)
(4.4814182e-06 8.5814944e-09 0)
(5.2629871e-06 1.1767258e-08 0)
(6.1714673e-06 1.6115769e-08 0)
(7.2287599e-06 2.2048612e-08 0)
(8.4603559e-06 3.0139829e-08 0)
(9.8959459e-06 4.1171122e-08 0)
(1.1570142e-05 5.620691e-08 0)
(1.3523306e-05 7.669663e-08 0)
(1.580253e-05 1.0461403e-07 0)
(1.8462765e-05 1.4264688e-07 0)
(2.1568152e-05 1.9445557e-07 0)
(2.5193562e-05 2.6502527e-07 0)
(2.9426411e-05 3.6114658e-07 0)
(3.4368751e-05 4.920701e-07 0)
(4.0139743e-05 6.7040156e-07 0)
(4.68785e-05 9.1332215e-07 0)
(5.4747447e-05 1.2442615e-06 0)
(6.3936175e-05 1.6951841e-06 0)
(7.4665993e-05 2.3097368e-06 0)
(8.719513e-05 3.1475712e-06 0)
(0.00010182486 4.2903337e-06 0)
(0.00011890648 5.8499683e-06 0)
(0.00013884947 7.9803553e-06 0)
(0.0001621307 1.0893712e-05 0)
(0.00018930518 1.4884069e-05 0)
(0.00022101812 2.0361345e-05 0)
(0.00025801895 2.7902035e-05 0)
(0.00030117803 3.8326755e-05 0)
(0.00035150844 5.2823713e-05 0)
(0.00041020103 7.3155285e-05 0)
(0.00047868367 0.00010202447 0)
(0.00055877771 0.00014376893 0)
(0.00065300804 0.00020573846 0)
(0.00076520466 0.00030099991 0)
(0.00090063561 0.00045253809 0)
(0.0010553966 0.00068984092 0)
(1.6750961e-07 7.3789811e-11 0)
(5.0657395e-07 2.299949e-10 0)
(8.5786423e-07 4.1271787e-10 0)
(1.2298557e-06 6.424443e-10 0)
(1.6315217e-06 9.4426954e-10 0)
(2.0725509e-06 1.3503074e-09 0)
(2.5635799e-06 1.9028522e-09 0)
(3.1164509e-06 2.6584443e-09 0)
(3.7444958e-06 3.6933817e-09 0)
(4.4628596e-06 5.1110469e-09 0)
(5.2888638e-06 7.0519237e-09 0)
(6.2424259e-06 9.7070836e-09 0)
(7.3465378e-06 1.3336632e-08 0)
(8.6278228e-06 1.8294677e-08 0)
(1.0117175e-05 2.5063444e-08 0)
(1.1850509e-05 3.4299573e-08 0)
(1.386962e-05 4.6897291e-08 0)
(1.6223201e-05 6.40743e-08 0)
(1.8968009e-05 8.7488852e-08 0)
(2.2170247e-05 1.1939909e-07 0)
(2.5907149e-05 1.6288018e-07 0)
(3.0268862e-05 2.2212001e-07 0)
(3.5360608e-05 3.0282209e-07 0)
(4.1305244e-05 4.1275483e-07 0)
(4.8246217e-05 5.6249988e-07 0)
(5.6351046e-05 7.6647356e-07 0)
(6.5815357e-05 1.0443196e-06 0)
(7.6867624e-05 1.4228132e-06 0)
(8.9774662e-05 1.9384614e-06 0)
(0.00010484808 2.641067e-06 0)
(0.00012245175 3.5986118e-06 0)
(0.00014301056 4.9039765e-06 0)
(0.00016702049 6.684199e-06 0)
(0.00019506047 9.1133079e-06 0)
(0.00022780589 1.2430169e-05 0)
(0.00026604438 1.6963533e-05 0)
(0.00031069371 2.3167432e-05 0)
(0.00036282239 3.1671915e-05 0)
(0.00042367273 4.335674e-05 0)
(0.00049468724 5.9460578e-05 0)
(0.00057753844 8.1746263e-05 0)
(0.00067416184 0.00011275659 0)
(0.00078679887 0.00015621816 0)
(0.00091801371 0.00021767873 0)
(0.0010706467 0.00030547144 0)
(0.0012473889 0.00043193304 0)
(0.0014488215 0.0006139686 0)
(0.0016677935 0.00086975963 0)
(2.2871369e-07 9.1157648e-11 0)
(6.9166392e-07 2.8436453e-10 0)
(1.1713073e-06 5.1091407e-10 0)
(1.6792156e-06 7.9658362e-10 0)
(2.2276415e-06 1.1729199e-09 0)
(2.8298134e-06 1.6803523e-09 0)
(3.5002554e-06 2.3720919e-09 0)
(4.2551365e-06 3.3193416e-09 0)
(5.1126618e-06 4.6181478e-09 0)
(6.0935103e-06 6.3987314e-09 0)
(7.2213354e-06 8.8380043e-09 0)
(8.5233336e-06 1.2176677e-08 0)
(1.0030903e-05 1.6742384e-08 0)
(1.1780398e-05 2.2981282e-08 0)
(1.3814011e-05 3.1500905e-08 0)
(1.6180786e-05 4.3128662e-08 0)
(1.8937807e-05 5.8991319e-08 0)
(2.2151576e-05 8.0623395e-08 0)
(2.5899621e-05 1.1011461e-07 0)
(3.0272366e-05 1.5031088e-07 0)
(3.5375326e-05 2.0508789e-07 0)
(4.1331652e-05 2.7972393e-07 0)
(4.8285126e-05 3.8140782e-07 0)
(5.6403629e-05 5.1993094e-07 0)
(6.5883229e-05 7.0863079e-07 0)
(7.6952921e-05 9.6567709e-07 0)
(8.9880208e-05 1.3158271e-06 0)
(0.00010497757 1.7928203e-06 0)
(0.00012261008 2.4426514e-06 0)
(0.00014320425 3.3280435e-06 0)
(0.0001672584 4.5345765e-06 0)
(0.00019535474 6.179086e-06 0)
(0.00022817349 8.4212151e-06 0)
(0.00026650926 1.147932e-05 0)
(0.00031129023 1.565248e-05 0)
(0.00036360017 2.1351039e-05 0)
(0.00042470411 2.9139256e-05 0)
(0.00049607738 3.979521e-05 0)
(0.00057943867 5.4395602e-05 0)
(0.00067678642 7.4436659e-05 0)
(0.00079043769 0.00010200751 0)
(0.00092306681 0.00014003932 0)
(0.0010777283 0.0001926581 0)
(0.0012578489 0.00026566649 0)
(0.0014670778 0.0003671362 0)
(0.0017088099 0.00050795737 0)
(0.0019851889 0.00070192766 0)
(0.0022957292 0.00096491514 0)
(2.8428784e-07 9.7890502e-11 0)
(8.5972839e-07 3.0570044e-10 0)
(1.4559181e-06 5.5036806e-10 0)
(2.087241e-06 8.6035534e-10 0)
(2.7689268e-06 1.2705538e-09 0)
(3.5174191e-06 1.8256577e-09 0)
(4.350771e-06 2.5845644e-09 0)
(5.2890819e-06 3.6260635e-09 0)
(6.3549807e-06 5.0565203e-09 0)
(7.5741738e-06 7.0201215e-09 0)
(8.976063e-06 9.7128521e-09 0)
(1.0594458e-05 1.3401347e-08 0)
(1.2468388e-05 1.844865e-08 0)
(1.464305e-05 2.5349105e-08 0)
(1.7170894e-05 3.4776019e-08 0)
(2.0112896e-05 4.7646354e-08 0)
(2.3540026e-05 6.5209022e-08 0)
(2.7534968e-05 8.9164898e-08 0)
(3.2194118e-05 1.2183049e-07 0)
(3.762992e-05 1.6636058e-07 0)
(4.3973586e-05 2.2705182e-07 0)
(5.1378282e-05 3.0975584e-07 0)
(6.0022838e-05 4.2244251e-07 0)
(7.0116102e-05 5.7596697e-07 0)
(8.1902008e-05 7.8511514e-07 0)
(9.5665527e-05 1.0700287e-06 0)
(0.0001117396 1.4581481e-06 0)
(0.00013051328 1.9868625e-06 0)
(0.00015244124 2.7071258e-06 0)
(0.0001780549 3.6883946e-06 0)
(0.00020797544 5.0253726e-06 0)
(0.0002429291 6.8472366e-06 0)
(0.00028376501 9.3302582e-06 0)
(0.00033147611 1.2715106e-05 0)
(0.00038722355 1.7330569e-05 0)
(0.00045236533 2.3626162e-05 0)
(0.00052848936 3.2216944e-05 0)
(0.00061745193 4.3945249e-05 0)
(0.00072142141 5.9965641e-05 0)
(0.0008429278 8.1861604e-05 0)
(0.00098491641 0.00011180471 0)
(0.001150803 0.00015276798 0)
(0.0013445274 0.0002088033 0)
(0.0015705702 0.00028537814 0)
(0.0018339204 0.00038973326 0)
(0.0021399593 0.00053116226 0)
(0.0024942316 0.00072105912 0)
(0.0029030623 0.00097268994 0)
(3.3286355e-07 9.2868109e-11 0)
(1.0066281e-06 2.9061693e-10 0)
(1.7046873e-06 5.2503218e-10 0)
(2.4438825e-06 8.2444493e-10 0)
(3.2420464e-06 1.223577e-09 0)
(4.1184322e-06 1.7669792e-09 0)
(5.0941788e-06 2.513356e-09 0)
(6.1928198e-06 3.5413298e-09 0)
(7.4408527e-06 4.9570383e-09 0)
(8.8683768e-06 6.904467e-09 0)
(1.0509821e-05 9.579325e-09 0)
(1.2404774e-05 1.3248001e-08 0)
(1.459894e-05 1.82732e-08 0)
(1.7145242e-05 2.514897e-08 0)
(2.0105105e-05 3.4548209e-08 0)
(2.3549931e-05 4.738754e-08 0)
(2.7562836e-05 6.4915416e-08 0)
(3.2240656e-05 8.8832367e-08 0)
(3.769629e-05 1.2145445e-07 0)
(4.406144e-05 1.6593621e-07 0)
(5.1489805e-05 2.2657396e-07 0)
(6.0160805e-05 3.092193e-07 0)
(7.0283958e-05 4.2184192e-07 0)
(8.2103962e-05 5.7529679e-07 0)
(9.5906682e-05 7.8436876e-07 0)
(0.00011202611 1.0691964e-06 0)
(0.00013085257 1.4572116e-06 0)
(0.00015284226 1.9857832e-06 0)
(0.0001785285 2.7058201e-06 0)
(0.00020853485 3.6866827e-06 0)
(0.0002435906 5.0228769e-06 0)
(0.00028454884 6.8431803e-06 0)
(0.00033240782 9.3230784e-06 0)
(0.00038833592 1.2701703e-05 0)
(0.00045370122 1.7304888e-05 0)
(0.00053010608 2.3576491e-05 0)
(0.000619428 3.2120856e-05 0)
(0.0007238673 4.3760143e-05 0)
(0.00084600301 5.9611237e-05 0)
(0.00098885749 8.1187855e-05 0)
(0.0011559711 0.00011053364 0)
(0.0013514884 0.00015039118 0)
(0.0015802534 0.00020440572 0)
(0.0018479226 0.00027735176 0)
(0.0021610834 0.00037535024 0)
(0.0025274114 0.00050601598 0)
(0.0029560817 0.00067847016 0)
(0.0034589701 0.00090321159 0)
(3.7324412e-07 7.6233237e-11 0)
(1.1287448e-06 2.3946979e-10 0)
(1.9114869e-06 4.3551456e-10 0)
(2.7403554e-06 6.8968951e-10 0)
(3.6353461e-06 1.0331026e-09 0)
(4.6180484e-06 1.5056831e-09 0)
(5.7121657e-06 2.1601438e-09 0)
(6.9440876e-06 3.0671071e-09 0)
(8.3435266e-06 4.3220296e-09 0)
(9.9442354e-06 6.0544344e-09 0)
(1.1784821e-05 8.4405146e-09 0)
(1.3909677e-05 1.1720125e-08 0)
(1.6370057e-05 1.6220018e-08 0)
(1.9225311e-05 2.2385305e-08 0)
(2.254432e-05 3.0822457e-08 0)
(2.6407164e-05 4.2357652e-08 0)
(3.0907053e-05 5.8116463e-08 0)
(3.6152595e-05 7.9632086e-08 0)
(4.2270414e-05 1.089931e-07 0)
(4.9408235e-05 1.4904426e-07 0)
(5.7738457e-05 2.0366049e-07 0)
(6.7462356e-05 2.7811947e-07 0)
(7.8814976e-05 3.7960976e-07 0)
(9.2070874e-05 5.1792198e-07 0)
(0.00010755081 7.0639134e-07 0)
(0.00012562964 9.6317971e-07 0)
(0.00014674548 1.3130235e-06 0)
(0.00017141052 1.7896112e-06 0)
(0.00020022369 2.4388234e-06 0)
(0.00023388554 3.323138e-06 0)
(0.00027321571 4.5276265e-06 0)
(0.00031917354 6.1680989e-06 0)
(0.00037288231 8.4021631e-06 0)
(0.00043565802 1.1444202e-05 0)
(0.00050904321 1.5585613e-05 0)
(0.00059484738 2.1222031e-05 0)
(0.00069519465 2.8889768e-05 0)
(0.0008125808 3.931416e-05 0)
(0.00094994088 5.3473017e-05 0)
(0.0011107305 7.2678427e-05 0)
(0.0012990232 9.8679735e-05 0)
(0.0015196306 0.00013378793 0)
(0.0017782557 0.000181018 0)
(0.0020816824 0.00024423625 0)
(0.0024380367 0.00032828802 0)
(0.002857186 0.00043907105 0)
(0.0033513477 0.00058351848 0)
(0.0039366667 0.00076947104 0)
(4.04435e-07 4.9286902e-11 0)
(1.2230701e-06 1.5633511e-10 0)
(2.0712228e-06 2.8900244e-10 0)
(2.9693562e-06 4.670684e-10 0)
(3.9391372e-06 7.1486548e-10 0)
(5.0039594e-06 1.0637322e-09 0)
(6.1895074e-06 1.5550954e-09 0)
(7.5243764e-06 2.244593e-09 0)
(9.040763e-06 3.2074942e-09 0)
(1.0775241e-05 4.5460928e-09 0)
(1.2769646e-05 6.3996149e-09 0)
(1.5072083e-05 8.9577888e-09 0)
(1.7738092e-05 1.2479162e-08 0)
(2.0831986e-05 1.7316186e-08 0)
(2.4428411e-05 2.3949178e-08 0)
(2.8614145e-05 3.3032794e-08 0)
(3.3490205e-05 4.5459033e-08 0)
(3.9174287e-05 6.2443403e-08 0)
(4.5803628e-05 8.5641825e-08 0)
(5.3538327e-05 1.1731041e-07 0)
(6.2565246e-05 1.6052237e-07 0)
(7.3102545e-05 2.1946432e-07 0)
(8.5405014e-05 2.9983865e-07 0)
(9.9770286e-05 4.0941288e-07 0)
(0.00011654613 5.5876587e-07 0)
(0.00013613899 7.623059e-07 0)
(0.00015902399 1.0396537e-06 0)
(0.00018575667 1.4175276e-06 0)
(0.00021698683 1.9323033e-06 0)
(0.00025347466 2.6334976e-06 0)
(0.00029610997 3.5884923e-06 0)
(0.00034593462 4.8889454e-06 0)
(0.0004041693 6.6594546e-06 0)
(0.00047224507 9.0692509e-06 0)
(0.00055184107 1.2347889e-05 0)
(0.00064492936 1.68062e-05 0)
(0.00075382884 2.2864027e-05 0)
(0.00088126989 3.108654e-05 0)
(0.001030473 4.223105e-05 0)
(0.0012052446 5.7306081e-05 0)
(0.0014100957 7.7643461e-05 0)
(0.0016503946 0.00010498293 0)
(0.0019325635 0.00014156405 0)
(0.0022643442 0.00019021633 0)
(0.0026551574 0.00025443183 0)
(0.0031166045 0.00033839775 0)
(0.0036632543 0.00044696061 0)
(0.0043142883 0.00058553745 0)
(4.2566749e-07 1.4441102e-11 0)
(1.28728e-06 4.8637244e-11 0)
(2.1799593e-06 9.8653494e-11 0)
(3.1252427e-06 1.7667573e-10 0)
(4.1459345e-06 2.9781209e-10 0)
(5.2666566e-06 4.8161369e-10 0)
(6.5144419e-06 7.5408949e-10 0)
(7.9193876e-06 1.1502935e-09 0)
(9.5153803e-06 1.7178486e-09 0)
(1.1340915e-05 2.521616e-09 0)
(1.3440024e-05 3.6501132e-09 0)
(1.586334e-05 5.2241239e-09 0)
(1.866932e-05 7.4085378e-09 0)
(2.1925658e-05 1.0428316e-08 0)
(2.571092e-05 1.4590415e-08 0)
(3.0116449e-05 2.0313426e-08 0)
(3.5248572e-05 2.8168221e-08 0)
(4.1231178e-05 3.8932975e-08 0)
(4.8208724e-05 5.3668558e-08 0)
(5.6349743e-05 7.3820658e-08 0)
(6.5850936e-05 1.0135961e-07 0)
(7.6941972e-05 1.3896989e-07 0)
(8.9891083e-05 1.9030937e-07 0)
(0.00010501163 2.6036078e-07 0)
(0.00012266977 3.5591213e-07 0)
(0.0001432935 4.8620799e-07 0)
(0.00016738314 6.6383899e-07 0)
(0.00019552383 9.0594715e-07 0)
(0.00022840002 1.2358694e-06 0)
(0.00026681268 1.6853623e-06 0)
(0.00031169949 2.2976266e-06 0)
(0.0003641588 3.1313905e-06 0)
(0.00042547793 4.2664321e-06 0)
(0.00049716693 5.8109856e-06 0)
(0.00058099877 7.9116655e-06 0)
(0.00067905769 1.076661e-05 0)
(0.00079379729 1.4642784e-05 0)
(0.00092811131 1.9898392e-05 0)
(0.0010854199 2.7011453e-05 0)
(0.001269777 3.6615248e-05 0)
(0.0014860049 4.9540951e-05 0)
(0.0017398693 6.6865985e-05 0)
(0.0020383119 8.9965666e-05 0)
(0.0023897607 0.00012056166 0)
(0.0028045433 0.00016075753 0)
(0.0032954753 0.00021304943 0)
(0.0038786733 0.0002803024 0)
(0.0045752738 0.00036568783 0)
(4.3641853e-07 -2.5057353e-11 0)
(1.3197922e-06 -7.3559337e-11 0)
(2.2350167e-06 -1.1771719e-10 0)
(3.2041732e-06 -1.5420549e-10 0)
(4.2506419e-06 -1.7874164e-10 0)
(5.3996661e-06 -1.855565e-10 0)
(6.678962e-06 -1.6674622e-10 0)
(8.1193862e-06 -1.1136497e-10 0)
(9.7556817e-06 -4.2698989e-12 0)
(1.1627315e-05 1.7550748e-10 0)
(1.3779432e-05 4.5689209e-10 0)
(1.6263944e-05 8.797628e-10 0)
(1.9140785e-05 1.4989205e-09 0)
(2.247936e-05 2.3896436e-09 0)
(2.6360222e-05 3.655084e-09 0)
(3.0877021e-05 5.4365815e-09 0)
(3.6138775e-05 7.9274398e-09 0)
(4.2272507e-05 1.1392081e-08 0)
(4.9426332e-05 1.6191682e-08 0)
(5.7773048e-05 2.2819739e-08 0)
(6.7514346e-05 3.1949726e-08 0)
(7.8885714e-05 4.4501089e-08 0)
(9.2162197e-05 6.1727742e-08 0)
(0.00010766512 8.5340384e-08 0)
(0.00012576995 1.1767065e-07 0)
(0.00014691559 1.6189754e-07 0)
(0.00017161517 2.2235144e-07 0)
(0.00020046877 3.0493264e-07 0)
(0.00023417844 4.1767307e-07 0)
(0.00027356579 5.7150751e-07 0)
(0.00031959282 7.8130728e-07 0)
(0.00037338651 1.0672925e-06 0)
(0.00043626807 1.4569174e-06 0)
(0.00050978767 1.9874225e-06 0)
(0.00059576612 2.7092116e-06 0)
(0.00069634484 3.6903485e-06 0)
(0.00081404647 5.0224125e-06 0)
(0.00095184848 6.8280852e-06 0)
(0.001113274 9.270725e-06 0)
(0.0013025049 1.2566216e-05 0)
(0.0015245251 1.6996899e-05 0)
(0.0017853079 2.292757e-05 0)
(0.0020920662 3.082178e-05 0)
(0.0024535815 4.1256791e-05 0)
(0.0028806563 5.4934684e-05 0)
(0.0033867177 7.2685773e-05 0)
(0.0039886438 9.5455054e-05 0)
(0.0047085396 0.00012428862 0)
(4.3642286e-07 -6.5423377e-11 0)
(1.3198049e-06 -1.9853352e-10 0)
(2.2350375e-06 -3.3931686e-10 0)
(3.2042016e-06 -4.9374713e-10 0)
(4.2506775e-06 -6.6886871e-10 0)
(5.3997086e-06 -8.7338641e-10 0)
(6.6790108e-06 -1.1183688e-09 0)
(8.1194409e-06 -1.4182015e-09 0)
(9.7557418e-06 -1.7918131e-09 0)
(1.162738e-05 -2.2643701e-09 0)
(1.3779501e-05 -2.8695021e-09 0)
(1.6264017e-05 -3.6523858e-09 0)
(1.914086e-05 -4.6738314e-09 0)
(2.2479436e-05 -6.0159446e-09 0)
(2.6360297e-05 -7.7896644e-09 0)
(3.0877094e-05 -1.0145196e-08 0)
(3.6138843e-05 -1.3285942e-08 0)
(4.2272569e-05 -1.748776e-08 0)
(4.9426382e-05 -2.3124733e-08 0)
(5.7773084e-05 -3.0704772e-08 0)
(6.7514359e-05 -4.0917313e-08 0)
(7.8885701e-05 -5.46992e-08 0)
(9.2162147e-05 -7.332305e-08 0)
(0.00010766502 -9.8519239e-08 0)
(0.00012576979 -1.3263968e-07 0)
(0.00014691536 -1.7888365e-07 0)
(0.00017161482 -2.4160116e-07 0)
(0.00020046828 -3.267105e-07 0)
(0.00023417776 -4.4225887e-07 0)
(0.00027356486 -5.9919167e-07 0)
(0.00031959155 -8.1238342e-07 0)
(0.00037338479 -1.1020453e-06 0)
(0.00043626574 -1.4956033e-06 0)
(0.00050978457 -2.0302425e-06 0)
(0.00059576205 -2.7562737e-06 0)
(0.00069633962 -3.7416264e-06 0)
(0.00081403991 -5.0776949e-06 0)
(0.00095184048 -6.8869252e-06 0)
(0.0011132645 -9.3323746e-06 0)
(0.0013024939 -1.2629559e-05 0)
(0.0015245127 -1.706041e-05 0)
(0.0017852946 -2.2989268e-05 0)
(0.0020920511 -3.0879359e-05 0)
(0.0024535682 -4.1307869e-05 0)
(0.002880646 -5.4976968e-05 0)
(0.0033867025 -7.2717379e-05 0)
(0.0039886385 -9.5474758e-05 0)
(0.0047085376 -0.00012429541 0)
(4.256802e-07 -1.026924e-10 0)
(1.2873171e-06 -3.1403558e-10 0)
(2.1800198e-06 -5.4444246e-10 0)
(3.1253254e-06 -8.0868808e-10 0)
(4.1460383e-06 -1.1245686e-09 0)
(5.2667802e-06 -1.5145049e-09 0)
(6.5145841e-06 -2.0075861e-09 0)
(7.9195469e-06 -2.642228e-09 0)
(9.5155553e-06 -3.4697382e-09 0)
(1.1341104e-05 -4.5590801e-09 0)
(1.3440225e-05 -6.0033503e-09 0)
(1.5863551e-05 -7.9285079e-09 0)
(1.8669537e-05 -1.0505292e-08 0)
(2.1925878e-05 -1.396533e-08 0)
(2.571114e-05 -1.862316e-08 0)
(3.0116662e-05 -2.4906024e-08 0)
(3.5248771e-05 -3.3394623e-08 0)
(4.1231356e-05 -4.4878288e-08 0)
(4.820887e-05 -6.0430444e-08 0)
(5.6349843e-05 -8.1510827e-08 0)
(6.5850975e-05 -1.1010529e-07 0)
(7.694193e-05 -1.4891522e-07 0)
(8.9890935e-05 -2.0161667e-07 0)
(0.00010501134 -2.732114e-07 0)
(0.00012266931 -3.7050705e-07 0)
(0.00014329279 -5.0276765e-07 0)
(0.00016738213 -6.8260269e-07 0)
(0.00019552241 -9.2717112e-07 0)
(0.00022839805 -1.2598243e-06 0)
(0.00026680996 -1.7123281e-06 0)
(0.00031169578 -2.3278858e-06 0)
(0.00036415376 -3.165215e-06 0)
(0.00042547114 -4.3040658e-06 0)
(0.00049715788 -5.8526163e-06 0)
(0.00058098692 -7.95739e-06 0)
(0.00067904246 -1.0816391e-05 0)
(0.00079377821 -1.4696406e-05 0)
(0.00092808803 -1.9955404e-05 0)
(0.0010853923 -2.7071113e-05 0)
(0.0012697451 -3.6676466e-05 0)
(0.0014859688 -4.9602209e-05 0)
(0.0017398296 -6.6925415e-05 0)
(0.0020382712 -9.0021073e-05 0)
(0.0023897186 -0.00012061059 0)
(0.0028045034 -0.000160798 0)
(0.0032954491 -0.00021307996 0)
(0.0038786519 -0.00028032119 0)
(0.0045752663 -0.00036569429 0)
(4.0445485e-07 -1.3314772e-10 0)
(1.2231282e-06 -4.0851012e-10 0)
(2.0713176e-06 -7.1258119e-10 0)
(2.9694858e-06 -1.0675879e-09 0)
(3.9392997e-06 -1.5004288e-09 0)
(5.0041528e-06 -2.0451552e-09 0)
(6.1897296e-06 -2.7461342e-09 0)
(7.5246253e-06 -3.6621824e-09 0)
(9.0410361e-06 -4.8720854e-09 0)
(1.0775536e-05 -6.4820161e-09 0)
(1.2769959e-05 -8.6355683e-09 0)
(1.5072411e-05 -1.1527365e-08 0)
(1.773843e-05 -1.5421528e-08 0)
(2.0832329e-05 -2.0676816e-08 0)
(2.4428751e-05 -2.7780765e-08 0)
(2.8614473e-05 -3.7396211e-08 0)
(3.3490511e-05 -5.0424507e-08 0)
(3.9174557e-05 -6.80917e-08 0)
(4.5803846e-05 -9.2065646e-08 0)
(5.3538472e-05 -1.2461571e-07 0)
(6.2565292e-05 -1.6882982e-07 0)
(7.3102461e-05 -2.2891052e-07 0)
(8.540476e-05 -3.1057732e-07 0)
(9.9769812e-05 -4.2161559e-07 0)
(0.00011654537 -5.7262247e-07 0)
(0.00013613786 -7.7802431e-07 0)
(0.00015902237 -1.057459e-06 0)
(0.0001857544 -1.4376601e-06 0)
(0.00021698369 -1.9550156e-06 0)
(0.00025347036 -2.6590501e-06 0)
(0.00029610409 -3.6171451e-06 0)
(0.00034592665 -4.9209476e-06 0)
(0.00040415857 -6.6950247e-06 0)
(0.00047223079 -9.1085537e-06 0)
(0.00055182237 -1.2390998e-05 0)
(0.00064490536 -1.6853064e-05 0)
(0.00075379878 -2.2914417e-05 0)
(0.00088123327 -3.1140006e-05 0)
(0.0010304296 -4.2286863e-05 0)
(0.0012051945 -5.7363174e-05 0)
(0.0014100394 -7.7700436e-05 0)
(0.0016503331 -0.00010503796 0)
(0.0019324978 -0.00014161505 0)
(0.0022642807 -0.00019026149 0)
(0.0026551001 -0.0002544691 0)
(0.0031165524 -0.00033842518 0)
(0.0036632234 -0.00044697786 0)
(0.0043142772 -0.00058554338 0)
(3.7326941e-07 -1.5362205e-10 0)
(1.1288187e-06 -4.7221098e-10 0)
(1.9116075e-06 -8.2645213e-10 0)
(2.7405202e-06 -1.2439398e-09 0)
(3.6355527e-06 -1.7581369e-09 0)
(4.6182942e-06 -2.411491e-09 0)
(5.7124479e-06 -3.2594125e-09 0)
(6.9444035e-06 -4.3754736e-09 0)
(8.343873e-06 -5.8583571e-09 0)
(9.9446087e-06 -7.8411839e-09 0)
(1.1785217e-05 -1.0504155e-08 0)
(1.3910091e-05 -1.4091661e-08 0)
(1.6370484e-05 -1.8935571e-08 0)
(1.9225742e-05 -2.5486833e-08 0)
(2.2544746e-05 -3.4358545e-08 0)
(2.6407573e-05 -4.6384448e-08 0)
(3.0907432e-05 -6.269869e-08 0)
(3.6152926e-05 -8.4844203e-08 0)
(4.2270677e-05 -1.149205e-07 0)
(4.9408401e-05 -1.5578453e-07 0)
(5.7738494e-05 -2.1132468e-07 0)
(6.7462222e-05 -2.8683321e-07 0)
(7.8814622e-05 -3.8951427e-07 0)
(9.2070232e-05 -5.2917463e-07 0)
(0.0001075498 -7.1916597e-07 0)
(0.00012562815 -9.7766606e-07 0)
(0.00014674335 -1.3294264e-06 0)
(0.00017140756 -1.8081483e-06 0)
(0.00020021962 -2.4597223e-06 0)
(0.00023387997 -3.3466307e-06 0)
(0.00027320813 -4.5539437e-06 0)
(0.00031916328 -6.1974562e-06 0)
(0.00037286853 -8.4347477e-06 0)
(0.00043563969 -1.1480145e-05 0)
(0.00050901924 -1.5624964e-05 0)
(0.00059481665 -2.1264715e-05 0)
(0.00069515623 -2.893555e-05 0)
(0.00081253407 -3.9362587e-05 0)
(0.00094988567 -5.3523381e-05 0)
(0.0011106669 -7.2729721e-05 0)
(0.0012989518 -9.8730587e-05 0)
(0.0015195521 -0.00013383674 0)
(0.001778174 -0.00018106306 0)
(0.0020815994 -0.00024427545 0)
(0.0024379594 -0.00032832002 0)
(0.0028571268 -0.00043909532 0)
(0.0033513054 -0.00058353306 0)
(0.0039366518 -0.00076947603 0)
(3.3289192e-07 -1.6190141e-10 0)
(1.0067112e-06 -4.9820099e-10 0)
(1.7048225e-06 -8.7371052e-10 0)
(2.4440675e-06 -1.3187814e-09 0)
(3.2422781e-06 -1.8702392e-09 0)
(4.1187077e-06 -2.5748739e-09 0)
(5.0944947e-06 -3.4938012e-09 0)
(6.1931732e-06 -4.7082667e-09 0)
(7.4412395e-06 -6.3272911e-09 0)
(8.8687934e-06 -8.4980599e-09 0)
(1.0510262e-05 -1.141986e-08 0)
(1.2405234e-05 -1.5363116e-08 0)
(1.4599412e-05 -2.0695095e-08 0)
(1.7145718e-05 -2.7915039e-08 0)
(2.0105572e-05 -3.7701741e-08 0)
(2.3550378e-05 -5.097856e-08 0)
(2.7563246e-05 -6.9001559e-08 0)
(3.2241009e-05 -9.3479936e-08 0)
(3.7696561e-05 -1.267394e-07 0)
(4.4061599e-05 -1.7194539e-07 0)
(5.1489812e-05 -2.3340599e-07 0)
(6.0160616e-05 -3.1698582e-07 0)
(7.0283511e-05 -4.3066799e-07 0)
(8.2103187e-05 -5.8532188e-07 0)
(9.5905479e-05 -7.9574605e-07 0)
(0.00011202436 -1.0820932e-06 0)
(0.0001308501 -1.4718067e-06 0)
(0.00015283884 -2.0022668e-06 0)
(0.0001785238 -2.724388e-06 0)
(0.00020852846 -3.7075342e-06 0)
(0.00024358193 -5.0462046e-06 0)
(0.00028453715 -6.8691643e-06 0)
(0.00033239213 -9.3518648e-06 0)
(0.00038831512 -1.2733392e-05 0)
(0.00045367404 -1.7339496e-05 0)
(0.00053007131 -2.3613931e-05 0)
(0.00061938461 -3.2160881e-05 0)
(0.00072381467 -4.3802319e-05 0)
(0.00084594095 -5.965488e-05 0)
(0.00098878626 -8.1231999e-05 0)
(0.001155891 -0.00011057709 0)
(0.0013514008 -0.00015043242 0)
(0.0015801598 -0.00020444307 0)
(0.0018478301 -0.00027738418 0)
(0.0021609985 -0.0003753765 0)
(0.002527338 -0.00050603456 0)
(0.0029560344 -0.00067848184 0)
(0.003458953 -0.00090321553 0)
(2.843167e-07 -1.5684116e-10 0)
(8.5981269e-07 -4.8300276e-10 0)
(1.4560555e-06 -8.4818934e-10 0)
(2.0874285e-06 -1.2825979e-09 0)
(2.7691616e-06 -1.8229076e-09 0)
(3.5176977e-06 -2.5157358e-09 0)
(4.3510904e-06 -3.4220278e-09 0)
(5.2894383e-06 -4.6228247e-09 0)
(6.3553705e-06 -6.2269404e-09 0)
(7.5745922e-06 -8.3813057e-09 0)
(8.9765053e-06 -1.1284946e-08 0)
(1.0594917e-05 -1.5207952e-08 0)
(1.2468858e-05 -2.0517245e-08 0)
(1.4643521e-05 -2.771161e-08 0)
(1.7171355e-05 -3.7469367e-08 0)
(2.0113332e-05 -5.0713218e-08 0)
(2.3540421e-05 -6.8698556e-08 0)
(2.75353e-05 -9.3133606e-08 0)
(3.2194361e-05 -1.2634311e-07 0)
(3.7630042e-05 -1.7149102e-07 0)
(4.3973548e-05 -2.3288403e-07 0)
(5.1378034e-05 -3.1638461e-07 0)
(6.0022321e-05 -4.2997409e-07 0)
(7.0115237e-05 -5.8451923e-07 0)
(8.1900698e-05 -7.9481771e-07 0)
(9.5663641e-05 -1.0810219e-06 0)
(0.00011173697 -1.4705821e-06 0)
(0.00013050967 -2.0008944e-06 0)
(0.00015243632 -2.7229176e-06 0)
(0.00017804823 -3.706107e-06 0)
(0.00020796643 -5.045161e-06 0)
(0.00024291698 -6.8692382e-06 0)
(0.0002837488 -9.3545845e-06 0)
(0.00033145464 -1.2741819e-05 0)
(0.00038719558 -1.7359667e-05 0)
(0.00045232962 -2.365754e-05 0)
(0.00052844493 -3.2250367e-05 0)
(0.00061739818 -4.3980298e-05 0)
(0.00072135825 -6.0001679e-05 0)
(0.00084285541 -8.1897762e-05 0)
(0.00098483502 -0.00011183982 0)
(0.0011507132 -0.00015280078 0)
(0.0013444324 -0.00020883259 0)
(0.0015704736 -0.00028540251 0)
(0.0018338293 -0.00038975218 0)
(0.0021398839 -0.00053117626 0)
(0.0024941802 -0.00072106708 0)
(0.0029030439 -0.00097269259 0)
(2.2874014e-07 -1.3860404e-10 0)
(6.9174118e-07 -4.2701745e-10 0)
(1.1714331e-06 -7.5054219e-10 0)
(1.6793871e-06 -1.1363115e-09 0)
(2.227856e-06 -1.6173478e-09 0)
(2.8300676e-06 -2.2355842e-09 0)
(3.5005462e-06 -3.045924e-09 0)
(4.2554603e-06 -4.1213318e-09 0)
(5.1130151e-06 -5.5598767e-09 0)
(6.0938885e-06 -7.4939263e-09 0)
(7.221734e-06 -1.0102902e-08 0)
(8.5237462e-06 -1.3630217e-08 0)
(1.0031323e-05 -1.8406705e-08 0)
(1.1780816e-05 -2.488199e-08 0)
(1.3814416e-05 -3.3667743e-08 0)
(1.6181164e-05 -4.5595843e-08 0)
(1.8938144e-05 -6.1798401e-08 0)
(2.2151849e-05 -8.3815641e-08 0)
(2.5899807e-05 -1.1374408e-07 0)
(3.0272432e-05 -1.5443668e-07 0)
(3.5375237e-05 -2.0977745e-07 0)
(4.133136e-05 -2.8505287e-07 0)
(4.8284575e-05 -3.8746125e-07 0)
(5.6402744e-05 -5.2680251e-07 0)
(6.5881922e-05 -7.1642379e-07 0)
(7.6951066e-05 -9.7450213e-07 0)
(8.9877649e-05 -1.3258027e-06 0)
(0.00010497408 -1.8040686e-06 0)
(0.00012260537 -2.4552979e-06 0)
(0.0001431979 -3.3422098e-06 0)
(0.00016724988 -4.5503786e-06 0)
(0.00019534332 -6.196622e-06 0)
(0.00022815826 -8.4405606e-06 0)
(0.00026648916 -1.1500509e-05 0)
(0.0003112641 -1.5675493e-05 0)
(0.00036356691 -2.1375769e-05 0)
(0.00042466286 -2.9165489e-05 0)
(0.00049602762 -3.9822569e-05 0)
(0.00057938036 -5.4423525e-05 0)
(0.00067671965 -7.4464349e-05 0)
(0.00079036257 -0.00010203401 0)
(0.00092298389 -0.0001400635 0)
(0.001077639 -0.00019267883 0)
(0.0012577572 -0.00026568328 0)
(0.0014669902 -0.00036714887 0)
(0.0017087385 -0.00050796546 0)
(0.0019851398 -0.00070193248 0)
(0.0022957117 -0.00096491667 0)
(1.6753096e-07 -1.0851065e-10 0)
(5.0663641e-07 -3.3443023e-10 0)
(8.5796563e-07 -5.8813207e-10 0)
(1.2299938e-06 -8.9114938e-10 0)
(1.6316939e-06 -1.2696055e-09 0)
(2.0727546e-06 -1.756774e-09 0)
(2.563812e-06 -2.3961253e-09 0)
(3.1167085e-06 -3.2455573e-09 0)
(3.7447753e-06 -4.3827721e-09 0)
(4.4631576e-06 -5.9128075e-09 0)
(5.2891752e-06 -7.977886e-09 0)
(6.2427461e-06 -1.0771165e-08 0)
(7.3468596e-06 -1.4554959e-08 0)
(8.6281391e-06 -1.968606e-08 0)
(1.0117475e-05 -2.6649531e-08 0)
(1.1850782e-05 -3.6105487e-08 0)
(1.3869851e-05 -4.895179e-08 0)
(1.6223372e-05 -6.6410608e-08 0)
(1.8968098e-05 -9.0144739e-08 0)
(2.2170229e-05 -1.2241792e-07 0)
(2.5906989e-05 -1.6631073e-07 0)
(3.0268523e-05 -2.2601768e-07 0)
(3.5360037e-05 -3.0724817e-07 0)
(4.1304384e-05 -4.1777777e-07 0)
(4.8244985e-05 -5.6819344e-07 0)
(5.6349347e-05 -7.7291813e-07 0)
(6.5813049e-05 -1.0515986e-06 0)
(7.6864531e-05 -1.4310144e-06 0)
(8.9770527e-05 -1.9476708e-06 0)
(0.00010484258 -2.65137e-06 0)
(0.00012244441 -3.6100834e-06 0)
(0.0001430008 -4.9166822e-06 0)
(0.00016700756 -6.69818e-06 0)
(0.00019504351 -9.1285797e-06 0)
(0.00022778396 -1.24467e-05 0)
(0.00026601662 -1.6981232e-05 0)
(0.00031065942 -2.3186115e-05 0)
(0.00036278122 -3.1691274e-05 0)
(0.00042362461 -4.3376305e-05 0)
(0.00049463227 -5.9479708e-05 0)
(0.00057747646 -8.1764166e-05 0)
(0.00067409314 -0.00011277243 0)
(0.0007867238 -0.00015623123 0)
(0.00091793801 -0.00021768863 0)
(0.0010705782 -0.00030547819 0)
(0.0012473281 -0.00043193743 0)
(0.0014487845 -0.00061397073 0)
(0.0016677805 -0.00086976025 0)
(1.0219691e-07 -6.9053209e-11 0)
(3.0905712e-07 -2.1287146e-10 0)
(5.2337387e-07 -3.7452031e-10 0)
(7.5031665e-07 -5.6778327e-10 0)
(9.9535926e-07 -8.0943437e-10 0)
(1.2644112e-06 -1.1207931e-09 0)
(1.563961e-06 -1.5297721e-09 0)
(1.9012314e-06 -2.0734907e-09 0)
(2.284355e-06 -2.8018398e-09 0)
(2.7225686e-06 -3.7821871e-09 0)
(3.2264376e-06 -5.1058467e-09 0)
(3.8081093e-06 -6.8967325e-09 0)
(4.481607e-06 -9.3232567e-09 0)
(5.2631664e-06 -1.2614338e-08 0)
(6.1716297e-06 -1.7081384e-08 0)
(7.2288964e-06 -2.3147954e-08 0)
(8.4604554e-06 -3.1390437e-08 0)
(9.8959951e-06 -4.2593045e-08 0)
(1.1570125e-05 -5.7823154e-08 0)
(1.3523203e-05 -7.8533287e-08 0)
(1.5802316e-05 -1.0670075e-07 0)
(1.8462411e-05 -1.4501685e-07 0)
(2.1567623e-05 -1.9714593e-07 0)
(2.5192813e-05 -2.6807675e-07 0)
(2.9425387e-05 -3.6460358e-07 0)
(3.4367379e-05 -4.9597988e-07 0)
(4.0137927e-05 -6.7481375e-07 0)
(4.6876114e-05 -9.1828724e-07 0)
(5.4744317e-05 -1.2498294e-06 0)
(6.393207e-05 -1.7014018e-06 0)
(7.46606e-05 -2.3166455e-06 0)
(8.7188053e-05 -3.1552031e-06 0)
(0.0001018156 -4.2987069e-06 0)
(0.00011889447 -5.859082e-06 0)
(0.0001388341 -7.9901801e-06 0)
(0.00016211143 -1.0904179e-05 0)
(0.00018928158 -1.4895046e-05 0)
(0.00022098996 -2.0372619e-05 0)
(0.00025798614 -2.7913284e-05 0)
(0.00030114051 -3.8337557e-05 0)
(0.00035146611 -5.2833569e-05 0)
(0.00041015341 -7.3163672e-05 0)
(0.00047863462 -0.00010203108 0)
(0.00055872819 -0.00014377359 0)
(0.00065296174 -0.00020574137 0)
(0.00076517721 -0.00030100166 0)
(0.00090061539 -0.00045253886 0)
(0.0010553898 -0.0006898411 0)
(3.4347076e-08 -2.3664399e-11 0)
(1.0387034e-07 -7.299743e-11 0)
(1.7589956e-07 -1.2847679e-10 0)
(2.5217207e-07 -1.9484537e-10 0)
(3.3452742e-07 -2.7787566e-10 0)
(4.2495168e-07 -3.8491277e-10 0)
(5.2562531e-07 -5.2556704e-10 0)
(6.3897573e-07 -7.1262753e-10 0)
(7.6773581e-07 -9.6327491e-10 0)
(9.1500974e-07 -1.3007198e-09 0)
(1.0843478e-06 -1.7564111e-09 0)
(1.2798321e-06 -2.3730403e-09 0)
(1.5061745e-06 -3.2086116e-09 0)
(1.7688309e-06 -4.34199e-09 0)
(2.0741317e-06 -5.8804299e-09 0)
(2.4294354e-06 -7.9698428e-09 0)
(2.8433049e-06 -1.080874e-08 0)
(3.3257146e-06 -1.4667251e-08 0)
(3.8882897e-06 -1.9912959e-08 0)
(4.5445872e-06 -2.7046139e-08 0)
(5.3104212e-06 -3.6747663e-08 0)
(6.2042444e-06 -4.9944329e-08 0)
(7.247591e-06 -6.7897729e-08 0)
(8.465595e-06 -9.2325499e-08 0)
(9.887593e-06 -1.2556638e-07 0)
(1.1547828e-05 -1.708056e-07 0)
(1.3486269e-05 -2.3238213e-07 0)
(1.5749564e-05 -3.162088e-07 0)
(1.8392152e-05 -4.3034644e-07 0)
(2.1477553e-05 -5.8579108e-07 0)
(2.5079867e-05 -7.9755421e-07 0)
(2.928551e-05 -1.0861516e-06 0)
(3.419523e-05 -1.4796617e-06 0)
(3.9926421e-05 -2.0165891e-06 0)
(4.6615796e-05 -2.7498767e-06 0)
(5.4422425e-05 -3.7525856e-06 0)
(6.3531217e-05 -5.1260516e-06 0)
(7.4156852e-05 -7.0118256e-06 0)
(8.6548427e-05 -9.6096391e-06 0)
(0.00010099526 -1.3205466e-05 0)
(0.00011783574 -1.821781e-05 0)
(0.00013747449 -2.5280302e-05 0)
(0.00016042823 -3.5407145e-05 0)
(0.00018747363 -5.0381143e-05 0)
(0.00022020162 -7.3854953e-05 0)
(0.00026331735 -0.0001151234 0)
(0.00033484973 -0.00020412831 0)
(0.00051059083 -0.00045258639 0)
(0.00050936854 -0.00046075997 0)
(0.00033911617 -0.00021007106 0)
(0.00027222349 -0.0001214921 0)
(0.0002306103 -7.9140704e-05 0)
(0.00019799544 -5.4491092e-05 0)
(0.00017040613 -3.8525763e-05 0)
(0.00014661216 -2.7618422e-05 0)
(0.00012602855 -1.9958404e-05 0)
(0.00010824079 -1.4495314e-05 0)
(9.2897156e-05 -1.0562474e-05 0)
(7.9683981e-05 -7.7141402e-06 0)
(6.8321067e-05 -5.6428678e-06 0)
(5.8559739e-05 -4.1324226e-06 0)
(5.0181055e-05 -3.0287579e-06 0)
(4.2993525e-05 -2.2211711e-06 0)
(3.6830573e-05 -1.6296222e-06 0)
(3.1547889e-05 -1.1959921e-06 0)
(2.7020833e-05 -8.7794743e-07 0)
(2.3142e-05 -6.4458421e-07 0)
(1.9818987e-05 -4.7330465e-07 0)
(1.6972395e-05 -3.4756489e-07 0)
(1.4534057e-05 -2.5524231e-07 0)
(1.2445489e-05 -1.8744821e-07 0)
(1.0656535e-05 -1.3766191e-07 0)
(9.1241981e-06 -1.0109817e-07 0)
(7.8116224e-06 -7.4244405e-08 0)
(6.6872237e-06 -5.4521702e-08 0)
(5.7239357e-06 -4.0036369e-08 0)
(4.8985637e-06 -2.9397726e-08 0)
(4.1912297e-06 -2.1584412e-08 0)
(3.5848957e-06 -1.584627e-08 0)
(3.0649545e-06 -1.1632305e-08 0)
(2.6188792e-06 -8.5378019e-09 0)
(2.2359212e-06 -6.2654808e-09 0)
(1.9068527e-06 -4.5969741e-09 0)
(1.6237435e-06 -3.371874e-09 0)
(1.379771e-06 -2.4723419e-09 0)
(1.1690553e-06 -1.8118032e-09 0)
(9.8651798e-07 -1.3266381e-09 0)
(8.2775946e-07 -9.700778e-10 0)
(6.8895332e-07 -7.0771409e-10 0)
(5.6675386e-07 -5.1419678e-10 0)
(4.5821567e-07 -3.7079831e-10 0)
(3.6072253e-07 -2.636154e-10 0)
(2.7192429e-07 -1.8223196e-10 0)
(1.8968078e-07 -1.1871725e-10 0)
(1.1201005e-07 -6.6859846e-11 0)
(3.7038924e-08 -2.157918e-11 0)
(0.0010447837 -0.00069416761 0)
(0.00090980073 -0.00046161389 0)
(0.0007865788 -0.00031260736 0)
(0.00067957834 -0.00021680497 0)
(0.0005866031 -0.00015315498 0)
(0.00050567467 -0.00010955614 0)
(0.00043532079 -7.9022546e-05 0)
(0.00037431284 -5.731562e-05 0)
(0.00032154767 -4.1728088e-05 0)
(0.00027601427 -3.0458714e-05 0)
(0.00023679259 -2.2273303e-05 0)
(0.0002030553 -1.6308627e-05 0)
(0.00017406695 -1.1952254e-05 0)
(0.00014917955 -8.7653431e-06 0)
(0.00012782615 -6.4312279e-06 0)
(0.00010951338 -4.7202661e-06 0)
(9.381371e-05 -3.465327e-06 0)
(8.0357718e-05 -2.544462e-06 0)
(6.8826954e-05 -1.8685241e-06 0)
(5.894735e-05 -1.3722563e-06 0)
(5.0483315e-05 -1.0078421e-06 0)
(4.323253e-05 -7.4021956e-07 0)
(3.7021351e-05 -5.4366502e-07 0)
(3.1700831e-05 -3.9929922e-07 0)
(2.7143239e-05 -2.9326222e-07 0)
(2.3239078e-05 -2.1537695e-07 0)
(1.9894486e-05 -1.5816953e-07 0)
(1.7029016e-05 -1.161507e-07 0)
(1.457372e-05 -8.5288583e-08 0)
(1.2469499e-05 -6.2621583e-08 0)
(1.0665694e-05 -4.5974219e-08 0)
(9.1188695e-06 -3.3748434e-08 0)
(7.7917706e-06 -2.4770315e-08 0)
(6.6524314e-06 -1.8177519e-08 0)
(5.673405e-06 -1.3336569e-08 0)
(4.8311044e-06 -9.782103e-09 0)
(4.1052348e-06 -7.172247e-09 0)
(3.4783057e-06 -5.2558182e-09 0)
(2.9352096e-06 -3.8482321e-09 0)
(2.4628586e-06 -2.8137898e-09 0)
(2.049869e-06 -2.0526575e-09 0)
(1.6862874e-06 -1.4912799e-09 0)
(1.3633509e-06 -1.0753197e-09 0)
(1.0732759e-06 -7.6443559e-10 0)
(8.0907064e-07 -5.2840547e-10 0)
(5.6436752e-07 -3.4421614e-10 0)
(3.3326845e-07 -1.9385427e-10 0)
(1.1020401e-07 -6.2564143e-11 0)
(0.0016581511 -0.00087860231 0)
(0.0014666154 -0.00062716944 0)
(0.0012804819 -0.0004467908 0)
(0.0011109736 -0.00031969601 0)
(0.00096042134 -0.00023008063 0)
(0.00082828575 -0.00016645088 0)
(0.00071310414 -0.000120918 0)
(0.00061315834 -8.8115118e-05 0)
(0.00052671468 -6.43583e-05 0)
(0.00045212877 -4.7084853e-05 0)
(0.00038788977 -3.448891e-05 0)
(0.00033263763 -2.5284415e-05 0)
(0.00028516407 -1.8547921e-05 0)
(0.00024440581 -1.3612229e-05 0)
(0.0002094336 -9.9930664e-06 0)
(0.00017943941 -7.33775e-06 0)
(0.00015372331 -5.388796e-06 0)
(0.00013168072 -3.9578861e-06 0)
(0.00011279049 -2.9071094e-06 0)
(9.6604134e-05 -2.1353739e-06 0)
(8.2736082e-05 -1.5685265e-06 0)
(7.0855184e-05 -1.1521474e-06 0)
(6.0677201e-05 -8.4628543e-07 0)
(5.1958273e-05 -6.2160354e-07 0)
(4.4489263e-05 -4.5655552e-07 0)
(3.8090852e-05 -3.3531506e-07 0)
(3.2609318e-05 -2.4625649e-07 0)
(2.7912891e-05 -1.8083935e-07 0)
(2.3888622e-05 -1.3278953e-07 0)
(2.0439695e-05 -9.749775e-08 0)
(1.7483106e-05 -7.1577813e-08 0)
(1.4947686e-05 -5.2542056e-08 0)
(1.277239e-05 -3.8562937e-08 0)
(1.0904833e-05 -2.8297876e-08 0)
(9.3000361e-06 -2.0760568e-08 0)
(7.9193437e-06 -1.5226434e-08 0)
(6.7294941e-06 -1.1163146e-08 0)
(5.7018208e-06 -8.1795867e-09 0)
(4.8115625e-06 -5.9883334e-09 0)
(4.0372672e-06 -4.378085e-09 0)
(3.3602761e-06 -3.1933851e-09 0)
(2.7642743e-06 -2.3197004e-09 0)
(2.2348982e-06 -1.6724208e-09 0)
(1.7593891e-06 -1.1887336e-09 0)
(1.3262862e-06 -8.2158169e-10 0)
(9.251517e-07 -5.3513654e-10 0)
(5.4631835e-07 -3.0134751e-10 0)
(1.8065431e-07 -9.7252769e-11 0)
(0.0022899154 -0.00097837272 0)
(0.0020118286 -0.00071802847 0)
(0.0017529624 -0.00052464162 0)
(0.0015195731 -0.00038282592 0)
(0.001312845 -0.00027943921 0)
(0.0011316575 -0.0002041862 0)
(0.00097390757 -0.00014937679 0)
(0.00083716688 -0.00010939849 0)
(0.00071899964 -8.0191412e-05 0)
(0.00061710738 -5.8822827e-05 0)
(0.00052939074 -4.3170722e-05 0)
(0.00045396867 -3.1695386e-05 0)
(0.00038917739 -2.3276507e-05 0)
(0.00033355727 -1.7096924e-05 0)
(0.00028583543 -1.2559411e-05 0)
(0.00024490685 -9.2268097e-06 0)
(0.00020981539 -6.7787577e-06 0)
(0.00017973576 -4.9802846e-06 0)
(0.00015395685 -3.6589445e-06 0)
(0.00013186686 -2.6881239e-06 0)
(0.00011293987 -1.9748318e-06 0)
(9.6724226e-05 -1.4507573e-06 0)
(8.2832229e-05 -1.065713e-06 0)
(7.0931252e-05 -7.8282336e-07 0)
(6.0736003e-05 -5.7499293e-07 0)
(5.2001855e-05 -4.2231198e-07 0)
(4.4519075e-05 -3.1015088e-07 0)
(3.8107875e-05 -2.2775995e-07 0)
(3.2614132e-05 -1.6724059e-07 0)
(2.7905725e-05 -1.2278925e-07 0)
(2.386938e-05 -9.0141839e-08 0)
(2.0407964e-05 -6.6165478e-08 0)
(1.7438157e-05 -4.8558433e-08 0)
(1.4888461e-05 -3.5629675e-08 0)
(1.2697478e-05 -2.613686e-08 0)
(1.0812442e-05 -1.9167284e-08 0)
(9.1879474e-06 -1.4050396e-08 0)
(7.7848623e-06 -1.0293514e-08 0)
(6.5693832e-06 -7.5345791e-09 0)
(5.5122242e-06 -5.5074212e-09 0)
(4.5879124e-06 -4.0162204e-09 0)
(3.7741742e-06 -2.9167078e-09 0)
(3.0513995e-06 -2.1023124e-09 0)
(2.4021693e-06 -1.4939203e-09 0)
(1.8108369e-06 -1.0322668e-09 0)
(1.2631512e-06 -6.7223054e-10 0)
(7.4591276e-07 -3.7849448e-10 0)
(2.4665564e-07 -1.2213973e-10 0)
(0.0029033273 -0.00098935055 0)
(0.0025298215 -0.00073858877 0)
(0.0021943851 -0.00054832249 0)
(0.0018972482 -0.00040554695 0)
(0.0016364653 -0.00029923596 0)
(0.0014091 -0.00022047962 0)
(0.0012117925 -0.00016231697 0)
(0.0010411337 -0.00011944031 0)
(0.00089387558 -8.786428e-05 0)
(0.00076703074 -6.4623746e-05 0)
(0.00065791063 -4.7523912e-05 0)
(0.00056413108 -3.4944875e-05 0)
(0.00048359593 -2.5692793e-05 0)
(0.00041447468 -1.8888546e-05 0)
(0.00035517623 -1.3885037e-05 0)
(0.00030432233 -1.0206063e-05 0)
(0.00026072228 -7.501247e-06 0)
(0.00022334933 -5.5128213e-06 0)
(0.00019131947 -4.0511718e-06 0)
(0.00016387238 -2.9768339e-06 0)
(0.00014035471 -2.1872395e-06 0)
(0.0001202054 -1.6069639e-06 0)
(0.0001029429 -1.1805483e-06 0)
(8.8154043e-05 -8.6721849e-07 0)
(7.5484474e-05 -6.3699953e-07 0)
(6.4630325e-05 -4.6785739e-07 0)
(5.5331068e-05 -3.4359665e-07 0)
(4.7363351e-05 -2.5231422e-07 0)
(4.0535703e-05 -1.852624e-07 0)
(3.4683976e-05 -1.360128e-07 0)
(2.9667429e-05 -9.9841704e-08 0)
(2.5365372e-05 -7.3278209e-08 0)
(2.1674276e-05 -5.3772083e-08 0)
(1.8505291e-05 -3.944963e-08 0)
(1.5782122e-05 -2.8934262e-08 0)
(1.3439196e-05 -2.1214628e-08 0)
(1.1420085e-05 -1.5547694e-08 0)
(9.6761578e-06 -1.1387528e-08 0)
(8.1654023e-06 -8.3329384e-09 0)
(6.8514218e-06 -6.0889983e-09 0)
(5.7025572e-06 -4.4387372e-09 0)
(4.6911255e-06 -3.2223133e-09 0)
(3.7927539e-06 -2.3216586e-09 0)
(2.9857923e-06 -1.6491333e-09 0)
(2.2507931e-06 -1.1390921e-09 0)
(1.5700438e-06 -7.4156256e-10 0)
(9.2713896e-07 -4.1743212e-10 0)
(3.0658271e-07 -1.3468878e-10 0)
(0.0034667163 -0.00092104376 0)
(0.0030004554 -0.00069583796 0)
(0.0025911796 -0.00052233746 0)
(0.0022338549 -0.00039012069 0)
(0.0019231141 -0.00029023274 0)
(0.001653784 -0.00021528379 0)
(0.0014209615 -0.00015933841 0)
(0.0012201082 -0.00011773838 0)
(0.0010471045 -8.6892591e-05 0)
(0.00089826562 -6.4068354e-05 0)
(0.0007703346 -4.7205701e-05 0)
(0.00066045274 -3.4761859e-05 0)
(0.00056612692 -2.5587018e-05 0)
(0.00048519082 -1.8827041e-05 0)
(0.00041576818 -1.3849006e-05 0)
(0.00035623792 -1.018476e-05 0)
(0.00030520196 -7.4885082e-06 0)
(0.00026145626 -5.5050952e-06 0)
(0.00022396495 -4.0464033e-06 0)
(0.00019183759 -2.9738272e-06 0)
(0.00016430928 -2.1852947e-06 0)
(0.00014072331 -1.6056685e-06 0)
(0.00012051608 -1.1796573e-06 0)
(0.0001032041 -8.6658476e-07 0)
(8.8372654e-05 -6.3653375e-07 0)
(7.566615e-05 -4.6750454e-07 0)
(6.4779689e-05 -3.4332216e-07 0)
(5.5451876e-05 -2.5209594e-07 0)
(4.7458618e-05 -1.8508574e-07 0)
(4.0607793e-05 -1.3586788e-07 0)
(3.4734669e-05 -9.9721612e-08 0)
(2.969798e-05 -7.3177963e-08 0)
(2.5376537e-05 -5.3687973e-08 0)
(2.1666337e-05 -3.9378821e-08 0)
(1.8478068e-05 -2.8874534e-08 0)
(1.5734966e-05 -2.1164208e-08 0)
(1.3370975e-05 -1.5505151e-08 0)
(1.1329159e-05 -1.1351689e-08 0)
(9.5603364e-06 -8.3028399e-09 0)
(8.021896e-06 -6.0638437e-09 0)
(6.6767726e-06 -4.4178703e-09 0)
(5.4925561e-06 -3.2051943e-09 0)
(4.4407111e-06 -2.3078491e-09 0)
(3.4958901e-06 -1.6382817e-09 0)
(2.6353242e-06 -1.1309237e-09 0)
(1.838275e-06 -7.3586999e-10 0)
(1.0855342e-06 -4.1407412e-10 0)
(3.5896042e-07 -1.3357807e-10 0)
(0.0039522491 -0.00078624457 0)
(0.0034038324 -0.00059910862 0)
(0.0029290591 -0.00045330898 0)
(0.0025187499 -0.00034098458 0)
(0.0021645202 -0.00025524901 0)
(0.0018590613 -0.00019032014 0)
(0.0015959478 -0.00014146363 0)
(0.0013695284 -0.00010488961 0)
(0.0011748431 -7.7621044e-05 0)
(0.001007557 -5.7354734e-05 0)
(0.00086389246 -4.2329524e-05 0)
(0.00074057061 -3.1211345e-05 0)
(0.00063475097 -2.2996501e-05 0)
(0.00054397779 -1.6933891e-05 0)
(0.00046613164 -1.2463728e-05 0)
(0.00039938588 -9.1701008e-06 0)
(0.000342168 -6.7447373e-06 0)
(0.00029312531 -4.9595649e-06 0)
(0.00025109503 -3.6460879e-06 0)
(0.00021507823 -2.6799633e-06 0)
(0.00018421708 -1.9695111e-06 0)
(0.00015777528 -1.4471808e-06 0)
(0.00013512102 -1.0632282e-06 0)
(0.00011571231 -7.8103793e-07 0)
(9.9084306e-05 -5.7366772e-07 0)
(8.4838425e-05 -4.2129899e-07 0)
(7.2632906e-05 -3.0935674e-07 0)
(6.2174749e-05 -2.2712436e-07 0)
(5.3212757e-05 -1.6672354e-07 0)
(4.5531568e-05 -1.2236339e-07 0)
(3.8946519e-05 -8.978786e-08 0)
(3.3299242e-05 -6.5869306e-08 0)
(2.8453882e-05 -4.83095e-08 0)
(2.4293841e-05 -3.5419832e-08 0)
(2.0718989e-05 -2.5959682e-08 0)
(1.7643264e-05 -1.9017612e-08 0)
(1.4992608e-05 -1.3924036e-08 0)
(1.2703185e-05 -1.0187025e-08 0)
(1.0719854e-05 -7.4451179e-09 0)
(8.9948378e-06 -5.4326382e-09 0)
(7.4865791e-06 -3.954173e-09 0)
(6.1587384e-06 -2.8657991e-09 0)
(4.9793211e-06 -2.0612411e-09 0)
(3.9199061e-06 -1.461644e-09 0)
(2.9549636e-06 -1.0079701e-09 0)
(2.0612407e-06 -6.5530083e-10 0)
(1.2172001e-06 -3.6850206e-10 0)
(4.0249914e-07 -1.1883686e-10 0)
(0.0043369621 -0.00059919517 0)
(0.003722562 -0.00045930046 0)
(0.0031950057 -0.00034945203 0)
(0.0027420891 -0.00026418438 0)
(0.0023530794 -0.00019863611 0)
(0.0020189198 -0.00014867148 0)
(0.0017318979 -0.00011085831 0)
(0.0014854101 -8.241158e-05 0)
(0.0012737816 -6.1115128e-05 0)
(0.0010921276 -4.5233911e-05 0)
(0.00093624007 -3.3427898e-05 0)
(0.00080249606 -2.4673025e-05 0)
(0.00068777526 -1.8193421e-05 0)
(0.00058939115 -1.3405135e-05 0)
(0.00050503206 -9.870973e-06 0)
(0.00043270999 -7.2649501e-06 0)
(0.00037071604 -5.3447726e-06 0)
(0.00031758182 -3.9307946e-06 0)
(0.00027204602 -2.8900756e-06 0)
(0.00023302556 -2.1243845e-06 0)
(0.00019959073 -1.5612223e-06 0)
(0.00017094365 -1.1471307e-06 0)
(0.00014639979 -8.4271989e-07 0)
(0.00012537198 -6.1898286e-07 0)
(0.00010735666 -4.5456868e-07 0)
(9.1922044e-05 -3.3376755e-07 0)
(7.8697908e-05 -2.4502391e-07 0)
(6.736685e-05 -1.7984006e-07 0)
(5.7656748e-05 -1.3196832e-07 0)
(4.9334295e-05 -9.6816048e-08 0)
(4.219944e-05 -7.1007791e-08 0)
(3.6080614e-05 -5.2062984e-08 0)
(3.0830632e-05 -3.8158929e-08 0)
(2.6323174e-05 -2.7956461e-08 0)
(2.2449757e-05 -2.0471765e-08 0)
(1.911714e-05 -1.4982131e-08 0)
(1.6245083e-05 -1.0956684e-08 0)
(1.3764425e-05 -8.0054576e-09 0)
(1.1615419e-05 -5.8419657e-09 0)
(9.7463009e-06 -4.2556798e-09 0)
(8.1120441e-06 -3.0917939e-09 0)
(6.6732744e-06 -2.2363266e-09 0)
(5.3953252e-06 -1.6051465e-09 0)
(4.2474021e-06 -1.1358586e-09 0)
(3.2018429e-06 -7.8177514e-10 0)
(2.2334526e-06 -5.0739601e-10 0)
(1.3188944e-06 -2.8497722e-10 0)
(4.3612711e-07 -9.1840255e-11 0)
(0.0046033014 -0.00037458725 0)
(0.0039429223 -0.00028821546 0)
(0.0033784707 -0.0002200569 0)
(0.0028957757 -0.00016689698 0)
(0.0024825198 -0.0001258462 0)
(0.0021284268 -9.4424665e-05 0)
(0.0018248674 -7.0556436e-05 0)
(0.0015645501 -5.254246e-05 0)
(0.0013412831 -3.9019517e-05 0)
(0.0011497834 -2.891241e-05 0)
(0.00098553675 -2.1385002e-05 0)
(0.00084467496 -1.5794805e-05 0)
(0.00072388149 -1.1652652e-05 0)
(0.00062030893 -8.5889486e-06 0)
(0.00053151237 -6.3261223e-06 0)
(0.00045539244 -4.6566941e-06 0)
(0.00039014655 -3.4261516e-06 0)
(0.00033422699 -2.5197604e-06 0)
(0.00028630506 -1.8525151e-06 0)
(0.00024524025 -1.3615484e-06 0)
(0.00021005379 -1.0004292e-06 0)
(0.00017990585 -7.3490272e-07 0)
(0.000154076 -5.3971919e-07 0)
(0.0001319463 -3.9627901e-07 0)
(0.00011298683 -2.9088872e-07 0)
(9.6743195e-05 -2.1347136e-07 0)
(8.2825818e-05 -1.5661396e-07 0)
(7.0900681e-05 -1.1486493e-07 0)
(6.0681427e-05 -8.4216107e-08 0)
(5.1922535e-05 -6.1721231e-08 0)
(4.4413482e-05 -4.5214996e-08 0)
(3.7973716e-05 -3.3106334e-08 0)
(3.2448343e-05 -2.4226298e-08 0)
(2.7704426e-05 -1.77162e-08 0)
(2.3627799e-05 -1.2945338e-08 0)
(2.0120333e-05 -9.4505277e-09 0)
(1.7097583e-05 -6.8916341e-09 0)
(1.4486762e-05 -5.0189021e-09 0)
(1.2224991e-05 -3.6489304e-09 0)
(1.0257791e-05 -2.6470194e-09 0)
(8.5377731e-06 -1.9141836e-09 0)
(7.0234991e-06 -1.3776006e-09 0)
(5.6784835e-06 -9.835691e-10 0)
(4.4703165e-06 -6.9231048e-10 0)
(3.3698846e-06 -4.7409979e-10 0)
(2.3506708e-06 -3.0637015e-10 0)
(1.3881141e-06 -1.715166e-10 0)
(4.5901648e-07 -5.5179656e-11 0)
(0.0047394437 -0.00012737755 0)
(0.0040554947 -9.818481e-05 0)
(0.0034720916 -7.5092661e-05 0)
(0.0029740958 -5.7040137e-05 0)
(0.0025483942 -4.3068959e-05 0)
(0.0021840892 -3.2353197e-05 0)
(0.0018720752 -2.4198458e-05 0)
(0.001604704 -1.8034075e-05 0)
(0.0013755094 -1.3400313e-05 0)
(0.0011790053 -9.9331617e-06 0)
(0.0010105128 -7.3487221e-06 0)
(0.0008660393 -5.4281352e-06 0)
(0.00074216635 -4.004371e-06 0)
(0.00063596395 -2.9509701e-06 0)
(0.00054491904 -2.1728062e-06 0)
(0.00046687542 -1.5986833e-06 0)
(0.00039998272 -1.1755279e-06 0)
(0.00034265286 -8.6389929e-07 0)
(0.0002935229 -6.3456021e-07 0)
(0.00025142317 -4.6587849e-07 0)
(0.00021535001 -3.4187345e-07 0)
(0.00018444236 -2.5075327e-07 0)
(0.00015796156 -1.8382544e-07 0)
(0.0001352741 -1.3468681e-07 0)
(0.00011583672 -9.8623695e-08 0)
(9.9183593e-05 -7.2167775e-08 0)
(8.4915317e-05 -5.2768256e-08 0)
(7.2689475e-05 -3.8549805e-08 0)
(6.22125e-05 -2.8134194e-08 0)
(5.3232694e-05 -2.0508818e-08 0)
(4.5534229e-05 -1.4929954e-08 0)
(3.8932009e-05 -1.0851501e-08 0)
(3.3267238e-05 -7.8726028e-09 0)
(2.8403628e-05 -5.6990983e-09 0)
(2.4224138e-05 -4.1151969e-09 0)
(2.0628164e-05 -2.962647e-09 0)
(1.7529133e-05 -2.1254392e-09 0)
(1.4852422e-05 -1.5185576e-09 0)
(1.2533568e-05 -1.0797233e-09 0)
(1.0516718e-05 -7.6332284e-10 0)
(8.7532871e-06 -5.3595194e-10 0)
(7.2007915e-06 -3.7313487e-10 0)
(5.8218255e-06 -2.5691493e-10 0)
(4.5831615e-06 -1.7407271e-10 0)
(3.4549517e-06 -1.1480185e-10 0)
(2.4100099e-06 -7.1718798e-11 0)
(1.423155e-06 -3.912122e-11 0)
(4.7060364e-07 -1.2408059e-11 0)
(0.0047394443 0.00012737926 0)
(0.0040554972 9.8189585e-05 0)
(0.0034720958 7.510061e-05 0)
(0.0029741017 5.705128e-05 0)
(0.0025484018 4.3083132e-05 0)
(0.0021840971 3.2370045e-05 0)
(0.0018720845 2.421746e-05 0)
(0.001604712 1.8054612e-05 0)
(0.0013755191 1.3421749e-05 0)
(0.0011790129 9.9548888e-06 0)
(0.0010105197 7.370185e-06 0)
(0.00086604461 5.448833e-06 0)
(0.00074216997 4.0239426e-06 0)
(0.00063596616 2.9691839e-06 0)
(0.00054492024 2.1895345e-06 0)
(0.00046687596 1.613879e-06 0)
(0.00039998285 1.1892048e-06 0)
(0.00034265276 8.7611436e-07 0)
(0.00029352266 6.4539885e-07 0)
(0.00025142286 4.7544297e-07 0)
(0.00021534969 3.5027395e-07 0)
(0.00018444203 2.5810155e-07 0)
(0.00015796125 1.9023057e-07 0)
(0.00013527382 1.4025248e-07 0)
(0.00011583647 1.0344663e-07 0)
(9.9183371e-05 7.6336908e-08 0)
(8.4915126e-05 5.6364419e-08 0)
(7.2689314e-05 4.1645774e-08 0)
(6.2212367e-05 3.0794962e-08 0)
(5.3232584e-05 2.2792019e-08 0)
(4.5534141e-05 1.6886377e-08 0)
(3.8931939e-05 1.2525654e-08 0)
(3.3267183e-05 9.3033e-09 0)
(2.8403585e-05 6.9200305e-09 0)
(2.4224105e-05 5.1554897e-09 0)
(2.0628139e-05 3.8473794e-09 0)
(1.7529114e-05 2.8761219e-09 0)
(1.4852409e-05 2.1535652e-09 0)
(1.2533558e-05 1.6146804e-09 0)
(1.0516711e-05 1.2114442e-09 0)
(8.7532819e-06 9.083387e-10 0)
(7.2007877e-06 6.7902922e-10 0)
(5.8218227e-06 5.0391356e-10 0)
(4.5831595e-06 3.6830394e-10 0)
(3.4549503e-06 2.6108146e-10 0)
(2.410009e-06 1.73681e-10 0)
(1.4231544e-06 9.9304486e-11 0)
(4.7060352e-07 3.2305934e-11 0)
(0.0046033033 0.00037458886 0)
(0.0039429293 0.00028822007 0)
(0.0033784831 0.00022006459 0)
(0.0028957929 0.00016690782 0)
(0.0024825407 0.00012586001 0)
(0.0021284504 9.4441135e-05 0)
(0.0018248915 7.0575052e-05 0)
(0.0015645758 5.2562609e-05 0)
(0.0013413065 3.9040513e-05 0)
(0.0011498055 2.8933647e-05 0)
(0.0009855551 2.1405939e-05 0)
(0.00084468892 1.5814969e-05 0)
(0.000723891 1.1671697e-05 0)
(0.00062031474 8.6066578e-06 0)
(0.00053151549 6.3423788e-06 0)
(0.00045539379 4.6714585e-06 0)
(0.0003901468 3.439441e-06 0)
(0.0003342266 2.5316317e-06 0)
(0.00028630431 1.8630518e-06 0)
(0.00024523933 1.3708494e-06 0)
(0.0002100528 1.0086008e-06 0)
(0.00017990488 7.4205294e-07 0)
(0.00015407508 5.4595336e-07 0)
(0.00013194545 4.0169743e-07 0)
(0.00011298607 2.9558505e-07 0)
(9.6742536e-05 2.1753182e-07 0)
(8.2825253e-05 1.6011696e-07 0)
(7.0900206e-05 1.1788114e-07 0)
(6.0681032e-05 8.6808681e-08 0)
(5.1922212e-05 6.3946184e-08 0)
(4.4413221e-05 4.7121714e-08 0)
(3.7973508e-05 3.4738114e-08 0)
(3.244818e-05 2.5620906e-08 0)
(2.7704299e-05 1.8906427e-08 0)
(2.3627702e-05 1.3959539e-08 0)
(2.0120259e-05 1.0313122e-08 0)
(1.7097528e-05 7.623572e-09 0)
(1.4486721e-05 5.6380819e-09 0)
(1.222496e-05 4.1705743e-09 0)
(1.0257769e-05 3.0840032e-09 0)
(8.5377572e-06 2.2773255e-09 0)
(7.0234876e-06 1.6759078e-09 0)
(5.6784751e-06 1.224446e-09 0)
(4.4703102e-06 8.8173074e-10 0)
(3.3698801e-06 6.1675791e-10 0)
(2.3506679e-06 4.0580855e-10 0)
(1.3881125e-06 2.302114e-10 0)
(4.5901587e-07 7.4585087e-11 0)
(0.004336965 0.00059919665 0)
(0.0037225728 0.00045930471 0)
(0.0031950241 0.00034945924 0)
(0.0027421153 0.00026419457 0)
(0.0023531104 0.00019864919 0)
(0.0020189538 0.00014868716 0)
(0.0017319335 0.00011087613 0)
(0.0014854448 8.2430873e-05 0)
(0.0012738151 6.1135196e-05 0)
(0.0010921575 4.5254159e-05 0)
(0.00093626446 3.344777e-05 0)
(0.00080251427 2.4692109e-05 0)
(0.00068778745 1.8211408e-05 0)
(0.00058939842 1.3421838e-05 0)
(0.00050503578 9.8862958e-06 0)
(0.00043271137 7.2788651e-06 0)
(0.00037071599 5.3573011e-06 0)
(0.00031758093 3.9419923e-06 0)
(0.00027204467 2.900021e-06 0)
(0.000233024 2.1331696e-06 0)
(0.0001995891 1.568946e-06 0)
(0.00017094205 1.153893e-06 0)
(0.00014639829 8.4861901e-07 0)
(0.00012537061 6.2411248e-07 0)
(0.00010735545 4.5901654e-07 0)
(9.1920985e-05 3.3761458e-07 0)
(7.8697002e-05 2.4834386e-07 0)
(6.7366087e-05 1.8269948e-07 0)
(5.7656115e-05 1.3442675e-07 0)
(4.9333778e-05 9.8926366e-08 0)
(4.2199022e-05 7.2816648e-08 0)
(3.6080281e-05 5.3611304e-08 0)
(3.0830369e-05 3.9482429e-08 0)
(2.6322969e-05 2.908617e-08 0)
(2.24496e-05 2.1434525e-08 0)
(1.911702e-05 1.580107e-08 0)
(1.6244993e-05 1.165165e-08 0)
(1.3764358e-05 8.5934134e-09 0)
(1.1615369e-05 6.3373415e-09 0)
(9.746265e-06 4.6706858e-09 0)
(8.1120179e-06 3.4366903e-09 0)
(6.6732554e-06 2.5196586e-09 0)
(5.3953112e-06 1.8339395e-09 0)
(4.2473918e-06 1.3157817e-09 0)
(3.2018356e-06 9.1728389e-10 0)
(2.2334478e-06 6.018537e-10 0)
(1.3188916e-06 3.4073128e-10 0)
(4.3612629e-07 1.1027432e-10 0)
(0.003952252 0.00078624582 0)
(0.0034038446 0.00059911238 0)
(0.0029290822 0.0004533154 0)
(0.0025187799 0.0003409938 0)
(0.0021645568 0.00025526096 0)
(0.0018591005 0.00019033458 0)
(0.0015959867 0.00014148008 0)
(0.0013695659 0.00010490747 0)
(0.0011748777 7.7639632e-05 0)
(0.0010075856 5.7373324e-05 0)
(0.00086391586 4.2347731e-05 0)
(0.00074058751 3.1228773e-05 0)
(0.00063476186 2.3012893e-05 0)
(0.00054398392 1.6949099e-05 0)
(0.00046613437 1.2477678e-05 0)
(0.0003993864 9.1827768e-06 0)
(0.00034216715 6.7561612e-06 0)
(0.00029312367 4.9697871e-06 0)
(0.00025109299 3.6551776e-06 0)
(0.00021507601 2.6880017e-06 0)
(0.00018421485 1.9765854e-06 0)
(0.00015777313 1.4533803e-06 0)
(0.00013511902 1.0686407e-06 0)
(0.00011571049 7.857477e-07 0)
(9.9082699e-05 5.7775396e-07 0)
(8.4837029e-05 4.248351e-07 0)
(7.2631714e-05 3.1240977e-07 0)
(6.2173746e-05 2.2975497e-07 0)
(5.3211926e-05 1.6898607e-07 0)
(4.5530888e-05 1.2430619e-07 0)
(3.8945969e-05 9.1453621e-08 0)
(3.3298804e-05 6.7295521e-08 0)
(2.8453536e-05 4.9528913e-08 0)
(2.429357e-05 3.6460916e-08 0)
(2.071878e-05 2.684708e-08 0)
(1.7643105e-05 1.9772572e-08 0)
(1.4992488e-05 1.45648e-08 0)
(1.2703096e-05 1.0729192e-08 0)
(1.0719788e-05 7.9019639e-09 0)
(8.994789e-06 5.8154003e-09 0)
(7.4865432e-06 4.272297e-09 0)
(6.1587122e-06 3.1271543e-09 0)
(4.9793017e-06 2.2722986e-09 0)
(3.9198918e-06 1.6276269e-09 0)
(2.9549534e-06 1.1329839e-09 0)
(2.0612341e-06 7.4244407e-10 0)
(1.2171965e-06 4.1994191e-10 0)
(4.0249791e-07 1.3584356e-10 0)
(0.0034667197 0.00092104477 0)
(0.0030004695 0.00069584107 0)
(0.0025912014 0.0005223429 0)
(0.002233885 0.00039012861 0)
(0.0019231484 0.00029024312 0)
(0.0016538178 0.00021529638 0)
(0.0014209945 0.00015935283 0)
(0.0012201369 0.00011775404 0)
(0.0010471278 8.6908808e-05 0)
(0.00089828584 6.4084676e-05 0)
(0.00077034886 4.7221573e-05 0)
(0.00066046239 3.4777034e-05 0)
(0.00056613257 2.5601296e-05 0)
(0.00048519334 1.8840304e-05 0)
(0.00041576848 1.3861193e-05 0)
(0.00035623676 1.0195856e-05 0)
(0.00030519992 7.4985296e-06 0)
(0.00026145373 5.5140806e-06 0)
(0.00022396218 4.0544084e-06 0)
(0.00019183477 2.9809181e-06 0)
(0.00016430653 2.1915444e-06 0)
(0.00014072071 1.6111521e-06 0)
(0.00012051369 1.1844498e-06 0)
(0.00010320195 8.7075862e-07 0)
(8.8370761e-05 6.4015781e-07 0)
(7.566451e-05 4.706427e-07 0)
(6.4778292e-05 3.4603317e-07 0)
(5.5450703e-05 2.5443301e-07 0)
(4.7457646e-05 1.8709673e-07 0)
(4.0606997e-05 1.3759537e-07 0)
(3.4734027e-05 1.0120331e-07 0)
(2.9697466e-05 7.4446985e-08 0)
(2.537613e-05 5.4773304e-08 0)
(2.1666019e-05 4.0305665e-08 0)
(1.8477821e-05 2.9664738e-08 0)
(1.5734777e-05 2.1836611e-08 0)
(1.3370831e-05 1.6075947e-08 0)
(1.1329051e-05 1.1834726e-08 0)
(9.5602562e-06 8.7099144e-09 0)
(8.0218365e-06 6.4049422e-09 0)
(6.6767287e-06 4.7013931e-09 0)
(5.4925236e-06 3.4381403e-09 0)
(4.4406871e-06 2.4959769e-09 0)
(3.4958723e-06 1.786239e-09 0)
(2.6353116e-06 1.2423661e-09 0)
(1.8382669e-06 8.135571e-10 0)
(1.0855297e-06 4.5993042e-10 0)
(3.5895902e-07 1.4874032e-10 0)
(0.002903331 0.00098935129 0)
(0.0025298305 0.00073859111 0)
(0.0021944013 0.00054832671 0)
(0.0018972659 0.00040555319 0)
(0.0016364834 0.00029924425 0)
(0.0014091186 0.00022048978 0)
(0.0012118058 0.0001623286 0)
(0.001041143 0.00011945294 0)
(0.00089388198 8.7877466e-05 0)
(0.0007670322 6.4636918e-05 0)
(0.0006579112 4.7536863e-05 0)
(0.0005641303 3.4957308e-05 0)
(0.00048359416 2.5704541e-05 0)
(0.00041447222 1.8899508e-05 0)
(0.00035517328 1.3895154e-05 0)
(0.00030431908 1.0215312e-05 0)
(0.00026071886 7.5096296e-06 0)
(0.00022334587 5.5203607e-06 0)
(0.00019131605 4.0579063e-06 0)
(0.00016386908 2.9828127e-06 0)
(0.00014035159 2.1925186e-06 0)
(0.00012020251 1.6116029e-06 0)
(0.00010294027 1.1846078e-06 0)
(8.8151696e-05 8.7075773e-07 0)
(7.5482416e-05 6.4007526e-07 0)
(6.462855e-05 4.7052281e-07 0)
(5.5329559e-05 3.4590077e-07 0)
(4.7362085e-05 2.5430169e-07 0)
(4.0534655e-05 1.8697344e-07 0)
(3.4683118e-05 1.3748331e-07 0)
(2.9666735e-05 1.0110349e-07 0)
(2.5364816e-05 7.4359286e-08 0)
(2.1673834e-05 5.4696972e-08 0)
(1.8504944e-05 4.0239692e-08 0)
(1.5781852e-05 2.960802e-08 0)
(1.3438987e-05 2.1788074e-08 0)
(1.1419926e-05 1.6034581e-08 0)
(9.6760371e-06 1.1799627e-08 0)
(8.1653114e-06 8.680281e-09 0)
(6.8513536e-06 6.3800822e-09 0)
(5.7025061e-06 4.6807124e-09 0)
(4.6910873e-06 3.4211405e-09 0)
(3.7927252e-06 2.4822432e-09 0)
(2.985771e-06 1.7754363e-09 0)
(2.250778e-06 1.2342287e-09 0)
(1.570034e-06 8.0788369e-10 0)
(9.271336e-07 4.5658366e-10 0)
(3.0658089e-07 1.4763267e-10 0)
(0.0022899173 0.00097837313 0)
(0.0020118311 0.0007180299 0)
(0.0017529616 0.00052464435 0)
(0.0015195712 0.00038283015 0)
(0.0013128419 0.00027944504 0)
(0.0011316504 0.00020419341 0)
(0.00097389846 0.0001493851 0)
(0.00083715441 0.0001094076 0)
(0.00071898383 8.0200876e-05 0)
(0.00061709323 5.8832542e-05 0)
(0.00052937737 4.3180337e-05 0)
(0.00045395756 3.1704747e-05 0)
(0.00038916857 2.3285463e-05 0)
(0.00033355022 1.7105364e-05 0)
(0.0002858296 1.2567263e-05 0)
(0.00024490183 9.2340337e-06 0)
(0.00020981091 6.7853391e-06 0)
(0.00017973165 4.9862289e-06 0)
(0.00015395305 3.6642721e-06 0)
(0.00013186333 2.6928666e-06 0)
(0.00011293662 1.9790285e-06 0)
(9.6721268e-05 1.4544517e-06 0)
(8.2829573e-05 1.0689504e-06 0)
(7.0928903e-05 7.856492e-07 0)
(6.0733955e-05 5.7745107e-07 0)
(5.2000095e-05 4.2444395e-07 0)
(4.4517583e-05 3.1199516e-07 0)
(3.8106626e-05 2.2935177e-07 0)
(3.2613097e-05 1.6861175e-07 0)
(2.7904878e-05 1.2396823e-07 0)
(2.3868693e-05 9.1153915e-08 0)
(2.0407412e-05 6.7032944e-08 0)
(1.7437718e-05 4.9300823e-08 0)
(1.4888114e-05 3.6264036e-08 0)
(1.2697206e-05 2.667798e-08 0)
(1.0812231e-05 1.9627949e-08 0)
(9.1877846e-06 1.4441603e-08 0)
(7.7847377e-06 1.062469e-08 0)
(6.5692881e-06 7.8137552e-09 0)
(5.5121521e-06 5.7414099e-09 0)
(4.5878576e-06 4.2107532e-09 0)
(3.7741327e-06 3.0765672e-09 0)
(3.051368e-06 2.2314333e-09 0)
(2.4021458e-06 1.5954828e-09 0)
(1.81082e-06 1.1087718e-09 0)
(1.2631403e-06 7.2556738e-10 0)
(7.4590662e-07 4.0997803e-10 0)
(2.4665368e-07 1.3255026e-10 0)
(0.0016581481 0.00087860232 0)
(0.0014666075 0.00062716991 0)
(0.0012804678 0.00044679198 0)
(0.0011109559 0.00031969816 0)
(0.0009604003 0.00023008379 0)
(0.0008282634 0.00016645505 0)
(0.00071307941 0.00012092296 0)
(0.00061313145 8.8120592e-05 0)
(0.00052668881 6.4364249e-05 0)
(0.00045210391 4.7091e-05 0)
(0.00038786895 3.4495208e-05 0)
(0.00033262124 2.5290698e-05 0)
(0.00028515162 1.8554047e-05 0)
(0.00024439639 1.3618084e-05 0)
(0.0002094263 9.9985733e-06 0)
(0.00017943351 7.3428582e-06 0)
(0.00015371835 5.3934796e-06 0)
(0.00013167639 3.9621374e-06 0)
(0.00011278663 2.9109348e-06 0)
(9.6600654e-05 2.1387899e-06 0)
(8.2732945e-05 1.5715568e-06 0)
(7.0852371e-05 1.1548204e-06 0)
(6.0674704e-05 8.4863169e-07 0)
(5.1956081e-05 6.2365427e-07 0)
(4.4487363e-05 4.5834146e-07 0)
(3.8089224e-05 3.3686551e-07 0)
(3.2607939e-05 2.4759886e-07 0)
(2.7911735e-05 1.819988e-07 0)
(2.3887664e-05 1.3378891e-07 0)
(2.0438907e-05 9.8357541e-08 0)
(1.7482464e-05 7.2316265e-08 0)
(1.4947167e-05 5.3175274e-08 0)
(1.2771973e-05 3.9105075e-08 0)
(1.0904501e-05 2.8761285e-08 0)
(9.2997732e-06 2.1155989e-08 0)
(7.9191365e-06 1.5563151e-08 0)
(6.729332e-06 1.1449164e-08 0)
(5.7016942e-06 8.4217623e-09 0)
(4.8114642e-06 6.1925209e-09 0)
(4.0371907e-06 4.5492472e-09 0)
(3.3602169e-06 3.3357042e-09 0)
(2.7642284e-06 2.4366638e-09 0)
(2.2348628e-06 1.7669027e-09 0)
(1.759362e-06 1.2630548e-09 0)
(1.3262665e-06 8.7756927e-10 0)
(9.251385e-07 5.7416817e-10 0)
(5.4631074e-07 3.2439013e-10 0)
(1.8065175e-07 1.0487021e-10 0)
(0.0010447802 0.00069416742 0)
(0.00090978864 0.00046161371 0)
(0.00078656209 0.00031260744 0)
(0.00067955739 0.0002168055 0)
(0.0005865808 0.00015315611 0)
(0.00050565109 0.00010955782 0)
(0.000435296 7.9024719e-05 0)
(0.00037428821 5.7318216e-05 0)
(0.00032152348 4.1730974e-05 0)
(0.00027599275 3.0461895e-05 0)
(0.00023677462 2.2276684e-05 0)
(0.00020304114 1.6312101e-05 0)
(0.00017405613 1.1955716e-05 0)
(0.00014917131 8.7687052e-06 0)
(0.00012781974 6.4344275e-06 0)
(0.00010950825 4.723261e-06 0)
(9.3809438e-05 3.4680919e-06 0)
(8.0354053e-05 2.5469853e-06 0)
(6.8823741e-05 1.8708043e-06 0)
(5.8944501e-05 1.3742994e-06 0)
(5.0480782e-05 1.0096597e-06 0)
(4.3230284e-05 7.4182641e-07 0)
(3.7019375e-05 5.4507807e-07 0)
(3.1699106e-05 4.0053623e-07 0)
(2.7141749e-05 2.9434093e-07 0)
(2.3237804e-05 2.1631449e-07 0)
(1.9893406e-05 1.5898203e-07 0)
(1.702811e-05 1.168531e-07 0)
(1.4572966e-05 8.5894468e-08 0)
(1.2468877e-05 6.3143197e-08 0)
(1.0665184e-05 4.6422484e-08 0)
(9.1184536e-06 3.4133025e-08 0)
(7.7914336e-06 2.5099741e-08 0)
(6.6521598e-06 1.8459224e-08 0)
(5.6731871e-06 1.357703e-08 0)
(4.8309303e-06 9.9869329e-09 0)
(4.1050962e-06 7.346283e-09 0)
(3.4781957e-06 5.4032137e-09 0)
(2.9351224e-06 3.9725321e-09 0)
(2.4627896e-06 2.9180048e-09 0)
(2.0498145e-06 2.1393235e-09 0)
(1.6862445e-06 1.5625152e-09 0)
(1.3633173e-06 1.1328687e-09 0)
(1.07325e-06 8.0970906e-10 0)
(8.090516e-07 5.6251356e-10 0)
(5.6435479e-07 3.6799827e-10 0)
(3.3326137e-07 2.078927e-10 0)
(1.1020164e-07 6.7206466e-11 0)
(0.00050936644 0.00046075987 0)
(0.0003391116 0.00021007088 0)
(0.00027221569 0.00012149196 0)
(0.00023060131 7.914067e-05 0)
(0.00019798543 5.4491226e-05 0)
(0.00017039593 3.8526087e-05 0)
(0.00014660203 2.7618916e-05 0)
(0.00012601854 1.9959054e-05 0)
(0.00010823146 1.4496106e-05 0)
(9.2888869e-05 1.0563393e-05 0)
(7.9677055e-05 7.7151557e-06 0)
(6.8315555e-05 5.6439401e-06 0)
(5.8555479e-05 4.1335119e-06 0)
(5.017778e-05 3.0298313e-06 0)
(4.2990969e-05 2.2222032e-06 0)
(3.6828522e-05 1.6305959e-06 0)
(3.1546189e-05 1.1968963e-06 0)
(2.7019384e-05 8.7877646e-07 0)
(2.3140739e-05 6.4533605e-07 0)
(1.9817877e-05 4.7398024e-07 0)
(1.6971414e-05 3.4816724e-07 0)
(1.4533193e-05 2.5577581e-07 0)
(1.2444732e-05 1.8791807e-07 0)
(1.0655877e-05 1.3807375e-07 0)
(9.1236314e-06 1.0145768e-07 0)
(7.8111387e-06 7.4557148e-08 0)
(6.6868147e-06 5.479295e-08 0)
(5.7235927e-06 4.0271017e-08 0)
(4.8982784e-06 2.9600253e-08 0)
(4.1909941e-06 2.1758863e-08 0)
(3.5847024e-06 1.5996261e-08 0)
(3.0647968e-06 1.1761045e-08 0)
(2.6187512e-06 8.6481166e-09 0)
(2.2358179e-06 6.3598463e-09 0)
(1.9067696e-06 4.6775475e-09 0)
(1.623677e-06 3.4405256e-09 0)
(1.3797179e-06 2.530686e-09 0)
(1.169013e-06 1.8612259e-09 0)
(9.8648432e-07 1.3683242e-09 0)
(8.2773275e-07 1.0050333e-09 0)
(6.8893216e-07 7.3678747e-10 0)
(5.6673717e-07 5.3809659e-10 0)
(4.5820258e-07 3.9010867e-10 0)
(3.6071241e-07 2.7880864e-10 0)
(2.7191692e-07 1.9367997e-10 0)
(1.8967591e-07 1.266999e-10 0)
(1.1200707e-07 7.1574441e-11 0)
(3.7038105e-08 2.3137884e-11 0)
)
;

boundaryField
{
    inlet
    {
        type            cellMotion;
        value           uniform (0 0 0);
    }
    outlet
    {
        type            cellMotion;
        value           uniform (0 0 0);
    }
    top
    {
        type            cellMotion;
        value           nonuniform List<vector> 
96
(
(0 0 0)
(0 0 0)
(0 0 0)
(0 0 0)
(0 0 0)
(0 0 0)
(0 0 0)
(0 0 0)
(0 0 0)
(0 0 0)
(0 0 0)
(0 0 0)
(0 0 0)
(0 0 0)
(0 0 0)
(0 0 0)
(0 0 0)
(0 0 0)
(0 0 0)
(0 0 0)
(0 0 0)
(0 0 0)
(0 0 0)
(0 0 0)
(0 0 0)
(0 0 0)
(0 0 0)
(0 0 0)
(0 0 0)
(0 0 0)
(0 0 0)
(0 0 0)
(0 0 0)
(0 0 0)
(0 0 0)
(0 0 0)
(0 0 0)
(0 0 0)
(0 0 0)
(0 0 0)
(0 0 0)
(0 0 0)
(0 0 0)
(0 0 0)
(0 0 0)
(0 0 0)
(0 0 0)
(0.00022705736 -0.00028155621 0)
(0.00022798093 0.00028364958 0)
(0 0 0)
(0 0 0)
(0 0 0)
(0 0 0)
(0 0 0)
(0 0 0)
(0 0 0)
(0 0 0)
(0 0 0)
(0 0 0)
(0 0 0)
(0 0 0)
(0 0 0)
(0 0 0)
(0 0 0)
(0 0 0)
(0 0 0)
(0 0 0)
(0 0 0)
(0 0 0)
(0 0 0)
(0 0 0)
(0 0 0)
(0 0 0)
(0 0 0)
(0 0 0)
(0 0 0)
(0 0 0)
(0 0 0)
(0 0 0)
(0 0 0)
(0 0 0)
(0 0 0)
(0 0 0)
(0 0 0)
(0 0 0)
(0 0 0)
(0 0 0)
(0 0 0)
(0 0 0)
(0 0 0)
(0 0 0)
(0 0 0)
(0 0 0)
(0 0 0)
(0 0 0)
(0 0 0)
)
;
    }
    bottom
    {
        type            cellMotion;
        value           nonuniform List<vector> 
96
(
(0 0 0)
(0 0 0)
(0 0 0)
(0 0 0)
(0 0 0)
(0 0 0)
(0 0 0)
(0 0 0)
(0 0 0)
(0 0 0)
(0 0 0)
(0 0 0)
(0 0 0)
(0 0 0)
(0 0 0)
(0 0 0)
(0 0 0)
(0 0 0)
(0 0 0)
(0 0 0)
(0 0 0)
(0 0 0)
(0 0 0)
(0 0 0)
(0 0 0)
(0 0 0)
(0 0 0)
(0 0 0)
(0 0 0)
(0 0 0)
(0 0 0)
(0 0 0)
(0 0 0)
(0 0 0)
(0 0 0)
(0 0 0)
(0 0 0)
(0 0 0)
(0 0 0)
(0 0 0)
(0 0 0)
(0 0 0)
(0 0 0)
(0 0 0)
(0 0 0)
(0 0 0)
(0 0 0)
(0.00022705741 0.00028155625 0)
(0.00022798095 -0.00028364962 0)
(0 0 0)
(0 0 0)
(0 0 0)
(0 0 0)
(0 0 0)
(0 0 0)
(0 0 0)
(0 0 0)
(0 0 0)
(0 0 0)
(0 0 0)
(0 0 0)
(0 0 0)
(0 0 0)
(0 0 0)
(0 0 0)
(0 0 0)
(0 0 0)
(0 0 0)
(0 0 0)
(0 0 0)
(0 0 0)
(0 0 0)
(0 0 0)
(0 0 0)
(0 0 0)
(0 0 0)
(0 0 0)
(0 0 0)
(0 0 0)
(0 0 0)
(0 0 0)
(0 0 0)
(0 0 0)
(0 0 0)
(0 0 0)
(0 0 0)
(0 0 0)
(0 0 0)
(0 0 0)
(0 0 0)
(0 0 0)
(0 0 0)
(0 0 0)
(0 0 0)
(0 0 0)
(0 0 0)
)
;
    }
    interface
    {
        type            cellMotion;
        value           nonuniform List<vector> 
40
(
(0.00060804668 0.00063402516 0)
(0.0010863782 0.0008310409 0)
(0.0017565378 0.001036359 0)
(0.0024484528 0.001138751 0)
(0.0031223474 0.0011379944 0)
(0.0037420041 0.0010501609 0)
(0.0042757912 0.00089069965 0)
(0.0046983558 0.00067578209 0)
(0.0049906399 0.00042127133 0)
(0.005139954 0.00014305835 0)
(0.0051399539 -0.00014305849 0)
(0.0049906398 -0.00042127145 0)
(0.0046983555 -0.00067578218 0)
(0.0042757909 -0.00089069972 0)
(0.0037420038 -0.001050161 0)
(0.003122347 -0.0011379944 0)
(0.0024484525 -0.001138751 0)
(0.0017565375 -0.0010363589 0)
(0.001086378 -0.00083104081 0)
(0.00060804656 -0.00063402507 0)
(0.00060974294 -0.00063959665 0)
(0.0010878935 -0.00084007818 0)
(0.0017582438 -0.0010485351 0)
(0.0024505255 -0.0011523787 0)
(0.0031246338 -0.0011518199 0)
(0.0037443784 -0.0010630894 0)
(0.0042781734 -0.00090179305 0)
(0.004700704 -0.00068427405 0)
(0.0049929471 -0.00042659814 0)
(0.0051422349 -0.00014487279 0)
(0.0051422349 0.00014487298 0)
(0.004992947 0.00042659831 0)
(0.0047007038 0.00068427419 0)
(0.0042781732 0.00090179315 0)
(0.0037443781 0.0010630895 0)
(0.0031246335 0.0011518199 0)
(0.0024505253 0.0011523787 0)
(0.0017582436 0.0010485351 0)
(0.0010878933 0.00084007811 0)
(0.00060974286 0.00063959658 0)
)
;
    }
    frontAndBack
    {
        type            empty;
    }
}


// ************************************************************************* //
