/*--------------------------------*- C++ -*----------------------------------*\
| =========                 |                                                 |
| \\      /  F ield         | OpenFOAM: The Open Source CFD Toolbox           |
|  \\    /   O peration     | Version:  2512                                  |
|   \\  /    A nd           | Website:  www.openfoam.com                      |
|    \\/     M anipulation  |                                                 |
\*---------------------------------------------------------------------------*/
FoamFile
{
    version     2.0;
    format      ascii;
    arch        "LSB;label=32;scalar=64";
    class       volVectorField;
    location    "12.3";
    object      Force;
}
// * * * * * * * * * * * * * * * * * * * * * * * * * * * * * * * * * * * * * //

dimensions      [1 1 -2 0 0 0 0];

internalField   uniform (0 0 0);

boundaryField
{
    needle_inlet_left
    {
        type            calculated;
        value           uniform (0 0 0);
    }
    needle_inlet_right
    {
        type            calculated;
        value           uniform (0 0 0);
    }
    needle_outlet_left
    {
        type            calculated;
        value           uniform (0 0 0);
    }
    needle_outlet_right
    {
        type            calculated;
        value           uniform (0 0 0);
    }
    sclera_left_lower
    {
        type            calculated;
        value           nonuniform List<vector> 7((-0.00040050497 -5.5922752e-12 0) (-0.00030037873 3.3643312e-12 0) (-0.00030037872 1.1922421e-12 0) (-0.00041051758 4.1624036e-13 0) (-0.00041051758 2.3723979e-13 0) (-0.00041051758 1.4963104e-13 0) (-0.00041051758 -8.5731785e-15 0));
    }
    sclera_left_upper
    {
        type            calculated;
        value           nonuniform List<vector> 
29
(
(-0.00050161949 3.3877552e-12 0)
(-0.00049804195 1.3667889e-12 0)
(-0.00049493128 1.0120414e-12 0)
(-0.0004932724 6.1734492e-13 0)
(-0.00049213101 4.2688522e-13 0)
(-0.0004913772 2.9389874e-13 0)
(-0.00049084781 2.0985824e-13 0)
(-0.00049047055 1.5225372e-13 0)
(-0.00049019499 1.1260667e-13 0)
(-0.00048999029 8.4502685e-14 0)
(-0.00052481873 6.8345099e-14 0)
(-0.00052468475 5.1819336e-14 0)
(-0.00052458432 3.9849295e-14 0)
(-0.00052450592 3.1017415e-14 0)
(-0.00052444461 2.441497e-14 0)
(-0.00052439512 1.9406574e-14 0)
(-0.00052435748 1.5559742e-14 0)
(-0.00049956695 1.202321e-14 0)
(-0.00049954388 9.8477074e-15 0)
(-0.00049952497 8.0859717e-15 0)
(-0.00049950944 6.6425109e-15 0)
(-0.0004994967 5.4424738e-15 0)
(-0.00049948629 4.430388e-15 0)
(-0.00049947786 3.5610924e-15 0)
(-0.00049947115 2.80759e-15 0)
(-0.00048927143 1.8921391e-15 0)
(-0.00048926813 1.3144472e-15 0)
(-0.00048926596 7.7575972e-16 0)
(-0.0004892649 1.1488835e-16 0)
)
;
    }
    sclera_right
    {
        type            calculated;
        value           nonuniform List<vector> 7((0.00040050497 -5.5922752e-12 0) (0.00030037873 3.3643311e-12 0) (0.00030037872 1.1922421e-12 0) (0.00041051758 4.1624043e-13 0) (0.00041051758 2.3723986e-13 0) (0.00041051758 1.4963108e-13 0) (0.00041051758 -8.5731687e-15 0));
    }
    sclera_right_upper
    {
        type            calculated;
        value           nonuniform List<vector> 
29
(
(0.00050161949 3.3877552e-12 0)
(0.00049804195 1.3667889e-12 0)
(0.00049493128 1.0120414e-12 0)
(0.0004932724 6.1734492e-13 0)
(0.00049213101 4.2688522e-13 0)
(0.0004913772 2.9389874e-13 0)
(0.00049084781 2.0985824e-13 0)
(0.00049047055 1.5225372e-13 0)
(0.00049019499 1.1260667e-13 0)
(0.00048999029 8.4502685e-14 0)
(0.00052481873 6.8345099e-14 0)
(0.00052468475 5.1819336e-14 0)
(0.00052458432 3.9849295e-14 0)
(0.00052450592 3.1017415e-14 0)
(0.00052444461 2.441497e-14 0)
(0.00052439512 1.9406574e-14 0)
(0.00052435748 1.5559742e-14 0)
(0.00049956695 1.202321e-14 0)
(0.00049954388 9.8477074e-15 0)
(0.00049952497 8.0859717e-15 0)
(0.00049950944 6.6425109e-15 0)
(0.0004994967 5.4424738e-15 0)
(0.00049948629 4.430388e-15 0)
(0.00049947786 3.5610924e-15 0)
(0.00049947115 2.80759e-15 0)
(0.00048927143 1.8921391e-15 0)
(0.00048926813 1.3144472e-15 0)
(0.00048926596 7.7575972e-16 0)
(0.0004892649 1.1488835e-16 0)
)
;
    }
    sclera_top
    {
        type            calculated;
        value           nonuniform List<vector> 
80
(
(-3.0524459e-17 0.00050949902 0)
(-9.2003421e-17 0.00050949915 0)
(-1.5477448e-16 0.0005094994 0)
(-2.1970533e-16 0.00050949979 0)
(-2.8767228e-16 0.00050950031 0)
(-3.5956189e-16 0.00050950098 0)
(-4.3627074e-16 0.0005095018 0)
(-5.1870268e-16 0.00050950279 0)
(-6.0776261e-16 0.00050950395 0)
(-7.0434612e-16 0.0005095053 0)
(-8.0932363e-16 0.00050950686 0)
(-9.2351823e-16 0.00050950865 0)
(-1.0476756e-15 0.00050951069 0)
(-1.1824251e-15 0.00050951299 0)
(-1.3282304e-15 0.00050951558 0)
(-1.4853286e-15 0.00050951848 0)
(-1.6536581e-15 0.00050952172 0)
(-1.8327739e-15 0.00050952532 0)
(-2.0217516e-15 0.00050952929 0)
(-2.2190845e-15 0.00050953367 0)
(-2.4225749e-15 0.00050953846 0)
(-2.629229e-15 0.00050954367 0)
(-2.8351642e-15 0.00050954931 0)
(-3.03554e-15 0.00050955537 0)
(-3.22453e-15 0.00050956183 0)
(-3.3953497e-15 0.00050956866 0)
(-3.5403608e-15 0.00050957582 0)
(-3.6512668e-15 0.00050958325 0)
(-3.7194122e-15 0.00050959085 0)
(-3.7361902e-15 0.00050959855 0)
(-3.6935497e-15 0.00050960622 0)
(-3.5845792e-15 0.00050961374 0)
(-3.4041275e-15 0.00050962095 0)
(-3.1494072e-15 0.00050962772 0)
(-2.8205153e-15 0.00050963388 0)
(-2.4208039e-15 0.0005096393 0)
(-1.9570395e-15 0.00050964382 0)
(-1.4393093e-15 0.00050964732 0)
(-8.8065487e-16 0.00050964972 0)
(-1.620134e-16 0.00050965094 0)
(7.0434612e-16 0.0005095053 0)
(6.0776261e-16 0.00050950395 0)
(5.1870267e-16 0.00050950279 0)
(4.3627074e-16 0.0005095018 0)
(3.5956189e-16 0.00050950098 0)
(2.8767228e-16 0.00050950031 0)
(2.1970533e-16 0.00050949979 0)
(1.5477448e-16 0.0005094994 0)
(9.2003421e-17 0.00050949915 0)
(3.0524459e-17 0.00050949902 0)
(3.7361902e-15 0.00050959855 0)
(3.7194122e-15 0.00050959085 0)
(3.6512668e-15 0.00050958325 0)
(3.5403608e-15 0.00050957582 0)
(3.3953497e-15 0.00050956866 0)
(3.22453e-15 0.00050956183 0)
(3.03554e-15 0.00050955537 0)
(2.8351642e-15 0.00050954931 0)
(2.629229e-15 0.00050954367 0)
(2.4225749e-15 0.00050953846 0)
(2.2190845e-15 0.00050953367 0)
(2.0217516e-15 0.00050952929 0)
(1.8327739e-15 0.00050952532 0)
(1.6536581e-15 0.00050952172 0)
(1.4853286e-15 0.00050951848 0)
(1.3282304e-15 0.00050951558 0)
(1.1824251e-15 0.00050951299 0)
(1.0476756e-15 0.00050951069 0)
(9.2351823e-16 0.00050950865 0)
(8.0932363e-16 0.00050950686 0)
(8.8065487e-16 0.00050964972 0)
(1.4393093e-15 0.00050964732 0)
(1.9570395e-15 0.00050964382 0)
(2.4208039e-15 0.0005096393 0)
(2.8205153e-15 0.00050963388 0)
(3.1494072e-15 0.00050962772 0)
(3.4041275e-15 0.00050962095 0)
(3.5845792e-15 0.00050961374 0)
(3.6935497e-15 0.00050960622 0)
(1.620134e-16 0.00050965094 0)
)
;
    }
    cornea_fsi
    {
        type            calculated;
        value           nonuniform List<vector> 
80
(
(8.7276873e-14 -0.00050063121 0)
(2.6839119e-13 -0.00050063121 0)
(4.6640657e-13 -0.00050063121 0)
(6.8465297e-13 -0.00050063121 0)
(9.1942758e-13 -0.00050063121 0)
(1.1631704e-12 -0.00050063121 0)
(1.4055571e-12 -0.00050063121 0)
(1.6342948e-12 -0.00050063121 0)
(1.8365498e-12 -0.00050063121 0)
(2.0013028e-12 -0.00050063121 0)
(2.1222262e-12 -0.00050063121 0)
(2.2003956e-12 -0.00050063121 0)
(2.2434403e-12 -0.0005006312 0)
(2.261481e-12 -0.0005006312 0)
(2.2640182e-12 -0.0005006312 0)
(2.2584579e-12 -0.0005006312 0)
(2.2497554e-12 -0.0005006312 0)
(2.2407529e-12 -0.0005006312 0)
(2.2328127e-12 -0.0005006312 0)
(2.2263438e-12 -0.0005006312 0)
(2.2212296e-12 -0.0005006312 0)
(2.217119e-12 -0.0005006312 0)
(2.2136125e-12 -0.0005006312 0)
(2.2103906e-12 -0.0005006312 0)
(2.2073308e-12 -0.0005006312 0)
(2.2046574e-12 -0.0005006312 0)
(2.2031713e-12 -0.0005006312 0)
(2.2046398e-12 -0.0005006312 0)
(2.2123513e-12 -0.0005006312 0)
(2.2318981e-12 -0.0005006312 0)
(2.2722462e-12 -0.0005006312 0)
(2.3469732e-12 -0.0005006312 0)
(2.4752288e-12 -0.0005006312 0)
(2.681017e-12 -0.00050063119 0)
(2.9881949e-12 -0.00050063119 0)
(3.4108382e-12 -0.00050063119 0)
(3.9190984e-12 -0.00050063119 0)
(4.4475247e-12 -0.00050063119 0)
(2.2689025e-12 -0.00050063119 0)
(3.4085196e-12 -0.0005006312 0)
(-2.0013029e-12 -0.00050063121 0)
(-1.8365501e-12 -0.00050063121 0)
(-1.6342953e-12 -0.00050063121 0)
(-1.4055578e-12 -0.00050063121 0)
(-1.1631712e-12 -0.00050063121 0)
(-9.1942846e-13 -0.00050063121 0)
(-6.846538e-13 -0.00050063121 0)
(-4.664073e-13 -0.00050063121 0)
(-2.683918e-13 -0.00050063121 0)
(-8.727738e-14 -0.00050063121 0)
(-2.2318978e-12 -0.0005006312 0)
(-2.2123509e-12 -0.0005006312 0)
(-2.2046394e-12 -0.0005006312 0)
(-2.2031709e-12 -0.0005006312 0)
(-2.2046571e-12 -0.0005006312 0)
(-2.2073306e-12 -0.0005006312 0)
(-2.2103905e-12 -0.0005006312 0)
(-2.2136124e-12 -0.0005006312 0)
(-2.2171188e-12 -0.0005006312 0)
(-2.2212295e-12 -0.0005006312 0)
(-2.2263437e-12 -0.0005006312 0)
(-2.2328126e-12 -0.0005006312 0)
(-2.2407529e-12 -0.0005006312 0)
(-2.2497553e-12 -0.0005006312 0)
(-2.2584578e-12 -0.0005006312 0)
(-2.2640182e-12 -0.0005006312 0)
(-2.261481e-12 -0.0005006312 0)
(-2.2434402e-12 -0.0005006312 0)
(-2.2003955e-12 -0.00050063121 0)
(-2.1222261e-12 -0.00050063121 0)
(-2.2689025e-12 -0.00050063119 0)
(-4.4475248e-12 -0.00050063119 0)
(-3.9190986e-12 -0.00050063119 0)
(-3.4108385e-12 -0.00050063119 0)
(-2.9881952e-12 -0.00050063119 0)
(-2.6810173e-12 -0.00050063119 0)
(-2.475229e-12 -0.0005006312 0)
(-2.3469732e-12 -0.0005006312 0)
(-2.272246e-12 -0.0005006312 0)
(-3.4085196e-12 -0.0005006312 0)
)
;
    }
    lens_bottom
    {
        type            calculated;
        value           nonuniform List<vector> 
30
(
(-1.7290073e-13 0.00050063121 0)
(-5.4736466e-13 0.00050063121 0)
(-1.0145846e-12 0.00050063121 0)
(-1.6616632e-12 0.00050063121 0)
(-2.6238067e-12 0.00050063121 0)
(-4.1245335e-12 0.00050063121 0)
(-6.5323965e-12 0.00050063121 0)
(-1.0448675e-11 0.00050063121 0)
(-1.684407e-11 0.00050063122 0)
(-2.7279371e-11 0.00050063123 0)
(-3.3662814e-11 0.00050063127 0)
(-3.4691467e-11 0.00050063131 0)
(-3.4630352e-11 0.00050063134 0)
(-3.4646336e-11 0.00050063137 0)
(-3.4666021e-11 0.00050063141 0)
(-3.4672768e-11 0.00050063144 0)
(-3.4674538e-11 0.00050063148 0)
(-3.4675224e-11 0.00050063151 0)
(-3.4675556e-11 0.00050063155 0)
(-3.4675721e-11 0.00050063158 0)
(-3.4675853e-11 0.00050063162 0)
(-3.4676082e-11 0.00050063165 0)
(-3.4676623e-11 0.00050063169 0)
(-3.4677915e-11 0.00050063172 0)
(-3.4680744e-11 0.00050063176 0)
(-3.4686702e-11 0.00050063179 0)
(-3.4700236e-11 0.00050063183 0)
(-3.4709815e-11 0.00050063186 0)
(-3.4561955e-11 0.00050063189 0)
(-3.4473433e-11 0.00050063193 0)
)
;
    }
    lens_bottom_left
    {
        type            calculated;
        value           nonuniform List<vector> 
30
(
(2.7279371e-11 0.00050063123 0)
(1.684407e-11 0.00050063122 0)
(1.0448675e-11 0.00050063121 0)
(6.5323965e-12 0.00050063121 0)
(4.1245335e-12 0.00050063121 0)
(2.6238066e-12 0.00050063121 0)
(1.6616631e-12 0.00050063121 0)
(1.0145844e-12 0.00050063121 0)
(5.4736446e-13 0.00050063121 0)
(1.7290049e-13 0.00050063121 0)
(3.4473433e-11 0.00050063193 0)
(3.4561955e-11 0.00050063189 0)
(3.4709814e-11 0.00050063186 0)
(3.4700236e-11 0.00050063183 0)
(3.4686702e-11 0.00050063179 0)
(3.4680743e-11 0.00050063176 0)
(3.4677915e-11 0.00050063172 0)
(3.4676623e-11 0.00050063169 0)
(3.4676082e-11 0.00050063165 0)
(3.4675853e-11 0.00050063162 0)
(3.4675721e-11 0.00050063158 0)
(3.4675556e-11 0.00050063155 0)
(3.4675223e-11 0.00050063151 0)
(3.4674538e-11 0.00050063148 0)
(3.4672767e-11 0.00050063144 0)
(3.4666021e-11 0.00050063141 0)
(3.4646336e-11 0.00050063137 0)
(3.4630352e-11 0.00050063134 0)
(3.4691467e-11 0.00050063131 0)
(3.3662813e-11 0.00050063127 0)
)
;
    }
    lens_right
    {
        type            calculated;
        value           uniform (0 0 0);
    }
    lens_left
    {
        type            calculated;
        value           uniform (0 0 0);
    }
    lens_top
    {
        type            calculated;
        value           nonuniform List<vector> 
30
(
(3.4467996e-17 -0.00050948322 0)
(1.0409795e-16 -0.00050948308 0)
(1.7582959e-16 -0.00050948279 0)
(2.51131e-16 -0.00050948235 0)
(3.3157433e-16 -0.00050948175 0)
(4.1888488e-16 -0.00050948098 0)
(5.1499846e-16 -0.00050948001 0)
(6.2213064e-16 -0.00050947884 0)
(7.4286245e-16 -0.00050947743 0)
(8.8024898e-16 -0.00050947576 0)
(1.0379596e-15 -0.00050947378 0)
(1.2204623e-15 -0.00050947145 0)
(1.4332695e-15 -0.00050946871 0)
(1.6832717e-15 -0.00050946549 0)
(1.9791978e-15 -0.00050946172 0)
(2.3322592e-15 -0.00050945727 0)
(2.7570698e-15 -0.00050945202 0)
(3.2729885e-15 -0.0005094458 0)
(3.9060976e-15 -0.00050943839 0)
(4.6922905e-15 -0.00050942952 0)
(5.6818203e-15 -0.00050941881 0)
(6.9477531e-15 -0.00050940578 0)
(8.5956813e-15 -0.00050938973 0)
(1.0797932e-14 -0.0005093697 0)
(1.3786113e-14 -0.00050934424 0)
(1.8113618e-14 -0.00050931133 0)
(2.4060601e-14 -0.00050926693 0)
(3.4904873e-14 -0.00050920749 0)
(4.5672223e-14 -0.00050911308 0)
(5.9030141e-14 -0.00050900199 0)
)
;
    }
    lens_top_left
    {
        type            calculated;
        value           nonuniform List<vector> 
30
(
(-8.8024898e-16 -0.00050947576 0)
(-7.4286245e-16 -0.00050947743 0)
(-6.2213064e-16 -0.00050947884 0)
(-5.1499846e-16 -0.00050948001 0)
(-4.1888488e-16 -0.00050948098 0)
(-3.3157433e-16 -0.00050948175 0)
(-2.51131e-16 -0.00050948235 0)
(-1.7582959e-16 -0.00050948279 0)
(-1.0409795e-16 -0.00050948308 0)
(-3.4467996e-17 -0.00050948322 0)
(-5.9030141e-14 -0.00050900199 0)
(-4.5672223e-14 -0.00050911308 0)
(-3.4904873e-14 -0.00050920749 0)
(-2.4060601e-14 -0.00050926693 0)
(-1.8113618e-14 -0.00050931133 0)
(-1.3786113e-14 -0.00050934424 0)
(-1.0797932e-14 -0.0005093697 0)
(-8.5956813e-15 -0.00050938973 0)
(-6.9477531e-15 -0.00050940578 0)
(-5.6818203e-15 -0.00050941881 0)
(-4.6922905e-15 -0.00050942952 0)
(-3.9060976e-15 -0.00050943839 0)
(-3.2729885e-15 -0.0005094458 0)
(-2.7570698e-15 -0.00050945202 0)
(-2.3322592e-15 -0.00050945727 0)
(-1.9791978e-15 -0.00050946172 0)
(-1.6832717e-15 -0.00050946549 0)
(-1.4332695e-15 -0.00050946871 0)
(-1.2204623e-15 -0.00050947145 0)
(-1.0379596e-15 -0.00050947378 0)
)
;
    }
    iris_bottom
    {
        type            calculated;
        value           nonuniform List<vector> 
60
(
(2.3494021e-12 0.0005006312 0)
(2.2995541e-12 0.0005006312 0)
(2.1863725e-12 0.0005006312 0)
(2.1528173e-12 0.0005006312 0)
(2.1496454e-12 0.0005006312 0)
(2.1600359e-12 0.0005006312 0)
(2.1739354e-12 0.0005006312 0)
(2.186654e-12 0.0005006312 0)
(2.196852e-12 0.0005006312 0)
(2.2045775e-12 0.0005006312 0)
(2.210351e-12 0.0005006312 0)
(2.2147911e-12 0.0005006312 0)
(2.2184531e-12 0.0005006312 0)
(2.2217385e-12 0.0005006312 0)
(2.2248058e-12 0.0005006312 0)
(2.2274374e-12 0.0005006312 0)
(2.2288144e-12 0.0005006312 0)
(2.2271496e-12 0.0005006312 0)
(2.2191586e-12 0.0005006312 0)
(2.1993318e-12 0.0005006312 0)
(2.1590291e-12 0.0005006312 0)
(2.0855729e-12 0.0005006312 0)
(1.9617723e-12 0.00050063119 0)
(1.7668086e-12 0.00050063119 0)
(1.4802473e-12 0.00050063119 0)
(1.0925948e-12 0.00050063119 0)
(6.2631691e-13 0.00050063119 0)
(1.651548e-13 0.00050063119 0)
(-2.0808645e-13 0.00050063119 0)
(-1.2069338e-13 0.0005006312 0)
(-2.1993317e-12 0.0005006312 0)
(-2.2191585e-12 0.0005006312 0)
(-2.2271496e-12 0.0005006312 0)
(-2.2288145e-12 0.0005006312 0)
(-2.2274375e-12 0.0005006312 0)
(-2.2248058e-12 0.0005006312 0)
(-2.2217385e-12 0.0005006312 0)
(-2.2184531e-12 0.0005006312 0)
(-2.2147911e-12 0.0005006312 0)
(-2.210351e-12 0.0005006312 0)
(-2.2045775e-12 0.0005006312 0)
(-2.196852e-12 0.0005006312 0)
(-2.1866539e-12 0.0005006312 0)
(-2.1739353e-12 0.0005006312 0)
(-2.1600358e-12 0.0005006312 0)
(-2.1496453e-12 0.0005006312 0)
(-2.1528171e-12 0.0005006312 0)
(-2.1863724e-12 0.0005006312 0)
(-2.2995538e-12 0.0005006312 0)
(-2.3494016e-12 0.0005006312 0)
(2.0808639e-13 0.00050063119 0)
(-1.6515485e-13 0.00050063119 0)
(-6.2631694e-13 0.00050063119 0)
(-1.0925947e-12 0.00050063119 0)
(-1.4802471e-12 0.00050063119 0)
(-1.7668083e-12 0.00050063119 0)
(-1.961772e-12 0.00050063119 0)
(-2.0855726e-12 0.0005006312 0)
(-2.1590288e-12 0.0005006312 0)
(1.2069339e-13 0.0005006312 0)
)
;
    }
    iris_pupil
    {
        type            calculated;
        value           nonuniform List<vector> 5((0.00048060596 -2.139034e-12 0) (0.00048060596 -2.5938842e-12 0) (0.00048060596 -3.2162187e-12 0) (0.00048060596 -4.002306e-12 0) (0.00048060595 -3.9310755e-12 0));
    }
    iris_pupil_left
    {
        type            calculated;
        value           nonuniform List<vector> 5((-0.00048060596 -2.1390328e-12 0) (-0.00048060596 -2.5938835e-12 0) (-0.00048060596 -3.2162183e-12 0) (-0.00048060596 -4.0023057e-12 0) (-0.00048060595 -3.9310754e-12 0));
    }
    iris_top
    {
        type            calculated;
        value           nonuniform List<vector> 
40
(
(-3.1284124e-11 -0.00050063128 0)
(-3.3977681e-11 -0.00050063131 0)
(-3.4545518e-11 -0.00050063134 0)
(-3.4659661e-11 -0.00050063137 0)
(-3.4678137e-11 -0.00050063141 0)
(-3.4678497e-11 -0.00050063144 0)
(-3.4677005e-11 -0.00050063148 0)
(-3.4676238e-11 -0.00050063151 0)
(-3.4675928e-11 -0.00050063155 0)
(-3.4675777e-11 -0.00050063158 0)
(-3.4675645e-11 -0.00050063162 0)
(-3.4675415e-11 -0.00050063165 0)
(-3.4674891e-11 -0.00050063169 0)
(-3.4673574e-11 -0.00050063172 0)
(-3.4670003e-11 -0.00050063176 0)
(-3.4660784e-11 -0.00050063179 0)
(-3.4641568e-11 -0.00050063183 0)
(-3.4597234e-11 -0.00050063186 0)
(-3.4391995e-11 -0.0005006319 0)
(-3.3017343e-11 -0.00050063193 0)
(-3.1495015e-11 -0.00050063196 0)
(-2.9985971e-11 -0.00050063199 0)
(-2.9421822e-11 -0.00050063201 0)
(-2.9051743e-11 -0.00050063203 0)
(-2.8701423e-11 -0.00050063206 0)
(-2.8321874e-11 -0.00050063208 0)
(-2.7917117e-11 -0.00050063211 0)
(-2.7641028e-11 -0.00050063213 0)
(-2.9420124e-11 -0.00050063216 0)
(-1.8295296e-11 -0.0005006322 0)
(2.9420124e-11 -0.00050063216 0)
(2.7641028e-11 -0.00050063213 0)
(2.7917117e-11 -0.00050063211 0)
(2.8321874e-11 -0.00050063208 0)
(2.8701423e-11 -0.00050063206 0)
(2.9051743e-11 -0.00050063203 0)
(2.9421822e-11 -0.00050063201 0)
(2.9985971e-11 -0.00050063199 0)
(3.1495015e-11 -0.00050063196 0)
(1.8295296e-11 -0.0005006322 0)
)
;
    }
    tm_limbus_wall
    {
        type            calculated;
        value           nonuniform List<vector> 4((1.2854775e-11 -0.00050063113 0) (1.2025492e-11 0.00050063113 0) (-1.2854775e-11 -0.00050063113 0) (-1.2025493e-11 0.00050063113 0));
    }
    ac_inlet
    {
        type            calculated;
        value           uniform (0 0 0);
    }
    ac_inlet_left
    {
        type            calculated;
        value           uniform (0 0 0);
    }
    outlet_tm
    {
        type            calculated;
        value           uniform (0 0 0);
    }
    outlet_tm_left
    {
        type            calculated;
        value           uniform (0 0 0);
    }
    front
    {
        type            empty;
    }
    back
    {
        type            empty;
    }
    defaultFaces
    {
        type            calculated;
        value           uniform (0 0 0);
    }
    needle_int_inlet_master
    {
        type            calculated;
        value           uniform (0 0 0);
    }
    needle_int_inlet_slave
    {
        type            calculated;
        value           uniform (0 0 0);
    }
    needle_int_outlet_master
    {
        type            calculated;
        value           uniform (0 0 0);
    }
    needle_int_outlet_slave
    {
        type            calculated;
        value           uniform (0 0 0);
    }
}


// ************************************************************************* //
