/*--------------------------------*- C++ -*----------------------------------*\
| =========                 |                                                 |
| \\      /  F ield         | OpenFOAM: The Open Source CFD Toolbox           |
|  \\    /   O peration     | Version:  2512                                  |
|   \\  /    A nd           | Website:  www.openfoam.com                      |
|    \\/     M anipulation  |                                                 |
\*---------------------------------------------------------------------------*/
FoamFile
{
    version     2.0;
    format      ascii;
    arch        "LSB;label=32;scalar=64";
    class       surfaceScalarField;
    location    "1";
    object      phi;
}
// * * * * * * * * * * * * * * * * * * * * * * * * * * * * * * * * * * * * * //

dimensions      [0 3 -1 0 0 0 0];

oriented        oriented;

internalField   nonuniform List<scalar> 
6512
(
4.0748583e-14
-4.0748177e-14
-4.0292816e-19
8.3326415e-14
-4.2577829e-14
1.2903992e-13
-4.5713506e-14
1.7815886e-13
-4.9118949e-14
2.3033151e-13
-5.2172633e-14
2.846325e-13
-5.4301003e-14
3.3941667e-13
-5.4784161e-14
3.9224501e-13
-5.2828347e-14
4.4011963e-13
-4.7874626e-14
4.8017315e-13
-4.0053507e-14
5.1068829e-13
-3.0515158e-14
5.3197295e-13
-2.1284653e-14
5.4565535e-13
-1.3682389e-14
5.5376413e-13
-8.1087645e-15
5.5813811e-13
-4.3739895e-15
5.6019116e-13
-2.0530432e-15
5.6090166e-13
-7.1050744e-16
5.6089766e-13
3.9980309e-18
5.6055974e-13
3.3794205e-16
5.6010716e-13
4.5257579e-16
5.5965626e-13
4.5091297e-16
5.5927582e-13
3.8044716e-16
5.5901592e-13
2.5990398e-16
5.5893203e-13
8.3878473e-17
5.5911544e-13
-1.834159e-16
5.5972068e-13
-6.0524605e-16
5.6101056e-13
-1.2898529e-15
5.6342461e-13
-2.4140516e-15
5.6768573e-13
-4.2611391e-15
5.7496435e-13
-7.2786014e-15
5.8711928e-13
-1.2154903e-14
6.070056e-13
-1.9886303e-14
6.3873159e-13
-3.1725985e-14
6.8747252e-13
-4.8740929e-14
7.5750693e-13
-7.003441e-14
8.4367834e-13
-8.6171414e-14
9.0981183e-13
-6.6133495e-14
8.8296242e-13
2.6849422e-14
5.0474833e-13
3.782141e-13
5.0474833e-13
1.440481e-13
-1.8479451e-13
-1.7427503e-18
2.9384814e-13
-1.9237786e-13
4.5333025e-13
-2.051956e-13
6.2331233e-13
-2.1910105e-13
8.0272108e-13
-2.3158138e-13
9.8864945e-13
-2.4022936e-13
1.1758563e-12
-2.4199096e-13
1.3565363e-12
-2.3350836e-13
1.5210758e-12
-2.1241411e-13
-1.7922125e-13
1.6602435e-12
2.0859545e-13
-3.9338747e-13
-2.5070035e-18
4.269057e-13
-4.1068811e-13
6.6060555e-13
-4.3889546e-13
9.1028329e-13
-4.687788e-13
1.1745004e-12
-4.9579848e-13
1.449528e-12
-5.1525698e-13
1.7280534e-12
-5.2051645e-13
1.9983781e-12
-5.03833e-13
2.2452939e-12
-4.5932992e-13
-3.8752806e-13
2.4536007e-12
2.3415813e-13
-6.2754332e-13
-2.2860684e-18
4.8535322e-13
-6.6188319e-13
7.592275e-13
-7.1276976e-13
1.0548052e-12
-7.6435645e-13
1.3708702e-12
-8.1186346e-13
1.7042599e-12
-8.4864679e-13
2.0467354e-12
-8.6299185e-13
2.3828318e-12
-8.399294e-13
2.6903698e-12
-7.6686795e-13
-6.4282672e-13
2.9456685e-12
2.2441778e-13
-8.5195984e-13
-1.2783799e-18
4.8343809e-13
-9.2090349e-13
7.7460274e-13
-1.0039344e-12
1.0921445e-12
-1.0818982e-12
1.4375162e-12
-1.1572352e-12
1.8104596e-12
-1.2215902e-12
2.202984e-12
-1.2555163e-12
2.5951131e-12
-1.2320585e-12
2.9543528e-12
-1.1261077e-12
3.2435094e-12
-9.3198333e-13
1.7684212e-12
-1.3869284e-13
1.8462914e-12
-9.9154868e-14
1.8987627e-12
-6.6153663e-14
1.9321299e-12
-4.1475989e-14
1.952219e-12
-2.4463103e-14
1.9636218e-12
-1.345584e-14
1.9696229e-12
-6.7115956e-15
1.9724257e-12
-2.798766e-15
1.9734428e-12
-6.7917837e-16
1.973553e-12
3.4243194e-16
1.9733048e-12
6.9903892e-16
1.9730579e-12
6.272988e-16
1.9730927e-12
2.2513075e-16
1.9737014e-12
-5.2478173e-16
1.9752734e-12
-1.7555018e-15
1.9784036e-12
-3.7353911e-15
1.9840361e-12
-6.9223362e-15
1.9936789e-12
-1.2056877e-14
2.0097295e-12
-2.0311779e-14
-3.3520122e-14
2.0359711e-12
2.6138461e-12
-2.9893822e-13
2.7279283e-12
-2.132371e-13
2.8043938e-12
-1.4261914e-13
2.8532896e-12
-9.0371841e-14
2.8833693e-12
-5.454276e-14
2.9012239e-12
-3.1310383e-14
2.911422e-12
-1.6909743e-14
2.9169788e-12
-8.3555748e-15
2.9198268e-12
-3.5272089e-15
2.9211893e-12
-1.0200358e-15
2.9218501e-12
3.8211272e-17
2.922339e-12
1.3842545e-16
2.9230759e-12
-5.1181701e-16
2.9244856e-12
-1.934472e-15
2.9271036e-12
-4.3734692e-15
2.9317052e-12
-8.3369959e-15
2.9394768e-12
-1.4693931e-14
2.952262e-12
-2.4842036e-14
2.9729265e-12
-4.0976325e-14
-6.6494388e-14
3.0059008e-12
3.1335787e-12
-4.8684839e-13
3.2599541e-12
-3.3961251e-13
3.3399194e-12
-2.2258445e-13
3.3885317e-12
-1.3898415e-13
3.4173315e-12
-8.3342536e-14
3.434077e-12
-4.8055963e-14
3.4436366e-12
-2.6469303e-14
3.4489739e-12
-1.3692838e-14
3.4518791e-12
-6.4324867e-15
3.4534422e-12
-2.5830773e-15
3.4543456e-12
-8.6518353e-16
3.4550499e-12
-5.6589873e-16
3.4559169e-12
-1.3788199e-15
3.4573046e-12
-3.3221548e-15
3.4596556e-12
-6.7245321e-15
3.4635971e-12
-1.2278475e-14
3.4700717e-12
-2.1168485e-14
3.4805252e-12
-3.5295514e-14
3.497183e-12
-5.7634185e-14
-9.2774992e-14
3.5234636e-12
3.4368233e-12
-6.8016217e-13
3.5509749e-12
-4.5376414e-13
3.6131004e-12
-2.8470998e-13
3.6452173e-12
-1.7110107e-13
3.6614097e-12
-9.9534967e-14
3.6695223e-12
-5.6168596e-14
3.6735933e-12
-3.0540235e-14
3.6756342e-12
-1.5733815e-14
3.6766499e-12
-7.4481893e-15
3.6771575e-12
-3.0906651e-15
3.67744e-12
-1.1475885e-15
3.6776714e-12
-7.9737382e-16
3.6779833e-12
-1.690669e-15
3.6785053e-12
-3.8442157e-15
3.6794006e-12
-7.6197731e-15
3.6809019e-12
-1.3779744e-14
3.6833594e-12
-2.3626055e-14
3.6873082e-12
-3.9244372e-14
3.6935686e-12
-6.389458e-14
3.7034002e-12
-1.0260652e-13
2.0783167e-12
-5.4500558e-14
2.1458862e-12
-8.7455798e-14
2.2524219e-12
-1.3826174e-13
2.4177748e-12
-2.1409373e-13
2.6687511e-12
-3.2101077e-13
3.03958e-12
-4.5700033e-13
3.5715031e-12
-5.980566e-13
4.2827519e-12
-6.8439931e-13
-6.2832103e-13
5.289287e-12
3.0579719e-12
-1.0657167e-13
3.1393906e-12
-1.6887455e-13
3.2652615e-12
-2.641326e-13
3.4567984e-12
-4.0563069e-13
3.7411771e-12
-6.0538944e-13
4.1472903e-12
-8.6311354e-13
4.6926703e-12
-1.1434366e-12
5.3532298e-12
-1.3449588e-12
-1.2861924e-12
6.0111012e-12
3.5645963e-12
-1.4770431e-13
3.6285346e-12
-2.3281292e-13
3.7272372e-12
-3.6283521e-13
3.8781533e-12
-5.5654675e-13
4.105136e-12
-8.3237212e-13
4.437661e-12
-1.1956386e-12
4.9056103e-12
-1.6113858e-12
5.5075033e-12
-1.9468519e-12
-1.884835e-12
6.1061459e-12
3.7187458e-12
-1.6304997e-13
3.7426385e-12
-2.567056e-13
3.7799163e-12
-4.0011303e-13
3.8384633e-12
-6.1509374e-13
3.9311954e-12
-9.2510423e-13
4.0805903e-12
-1.3450334e-12
4.3364662e-12
-1.8672617e-12
4.8146921e-12
-2.4250778e-12
5.6110522e-12
-2.681195e-12
-4.6855236e-13
6.2625877e-12
-7.2003956e-13
6.2625884e-12
-8.7648207e-13
6.2625884e-12
6.2625878e-12
-1.5280177e-12
-1.7280687e-19
-2.1249511e-20
1.2968912e-19
1.1092035e-13
-9.6288003e-13
-1.4270502e-19
2.6893775e-13
-1.0789209e-12
4.4540627e-13
-1.1804029e-12
6.373893e-13
-1.2738812e-12
8.5050356e-13
-1.3703495e-12
1.0875436e-12
-1.4586302e-12
1.3443202e-12
-1.5122928e-12
1.6059636e-12
-1.4937019e-12
1.8455983e-12
-1.3657424e-12
-1.1168763e-12
2.0304913e-12
7.6103671e-14
-1.038984e-12
2.7659766e-19
2.5279813e-13
-1.2556154e-12
4.2520512e-13
-1.3528099e-12
6.1216717e-13
-1.4608432e-12
8.25438e-13
-1.5836203e-12
1.0698204e-12
-1.7030126e-12
1.3413332e-12
-1.7838056e-12
1.6224594e-12
-1.7748281e-12
1.8795111e-12
-1.6227941e-12
2.0695473e-12
-1.3069126e-12
2.137027e-12
-7.8669784e-13
2.1864122e-12
-5.0314931e-13
2.2049076e-12
-3.032054e-13
2.2096463e-12
-1.7583974e-13
2.2093988e-12
-9.9287483e-14
2.2079075e-12
-5.4677243e-14
2.206478e-12
-2.911078e-14
2.2054236e-12
-1.4679374e-14
2.2047233e-12
-6.7479379e-15
2.2042765e-12
-2.6438818e-15
2.2039845e-12
-8.555651e-16
2.2037673e-12
-5.8022669e-16
2.2035596e-12
-1.483011e-15
2.2033002e-12
-3.5848434e-15
2.2029198e-12
-7.2393384e-15
2.202326e-12
-1.3185901e-14
2.2013834e-12
-2.2683498e-14
2.1998852e-12
-3.7746125e-14
2.1975083e-12
-6.151766e-14
-9.8841542e-14
2.1937433e-12
2.1602594e-12
-8.774099e-13
2.1874979e-12
-5.3038783e-13
2.187511e-12
-3.0321851e-13
2.1795404e-12
-1.6786918e-13
2.1713104e-12
-9.1057465e-14
2.1650512e-12
-4.8418056e-14
2.1608669e-12
-2.492653e-14
2.1582616e-12
-1.2074076e-14
2.1567066e-12
-5.1929064e-15
2.1557904e-12
-1.7276537e-15
2.1552209e-12
-2.8615284e-16
2.1547902e-12
-1.4952183e-16
2.1543342e-12
-1.0270639e-15
2.1536965e-12
-2.9471327e-15
2.152692e-12
-6.2348969e-15
2.1510664e-12
-1.1560279e-14
2.148442e-12
-2.0059142e-14
2.144241e-12
-3.3545068e-14
2.1375684e-12
-5.4845121e-14
2.1270312e-12
-8.8304309e-14
2.1877777e-12
-1.5708439e-13
2.1782903e-12
-2.4721817e-13
2.1630687e-12
-3.8489137e-13
2.1383238e-12
-5.9034884e-13
2.0973558e-12
-8.8413626e-13
2.0261101e-12
-1.2737878e-12
1.8877781e-12
-1.7289297e-12
1.5947474e-12
-2.1320471e-12
-2.1138207e-12
1.0273731e-12
2.1104479e-12
-1.405011e-13
2.0843697e-12
-2.2113999e-13
2.0432649e-12
-3.4378653e-13
1.9781347e-12
-5.2521865e-13
1.8742168e-12
-7.8021839e-13
1.7065557e-12
-1.1061266e-12
1.4298959e-12
-1.4522699e-12
9.7445032e-13
-1.6766016e-12
3.4203899e-13
-1.4814093e-12
-5.0064464e-13
-1.5860566e-13
6.1452259e-14
-1.1004362e-12
1.3627066e-13
-1.3304337e-12
2.1764849e-13
-1.4341877e-12
3.1182333e-13
-1.5550181e-12
4.236278e-13
-1.6954248e-12
5.5560269e-13
-1.8349875e-12
7.0543095e-13
-1.9336338e-12
8.6247893e-13
-1.9318761e-12
1.005727e-12
-1.7660421e-12
1.1059267e-12
-1.4071124e-12
1.1438025e-12
-9.152857e-13
1.1456352e-12
-5.3222047e-13
1.1366168e-12
-2.9420008e-13
1.1270298e-12
-1.5828228e-13
1.1196759e-12
-8.3703557e-14
1.1147455e-12
-4.3487587e-14
1.1116828e-12
-2.1863894e-14
1.1098734e-12
-1.026467e-14
1.1088418e-12
-4.1612743e-15
1.1082612e-12
-1.1471086e-15
1.1079148e-12
6.0326144e-17
1.107653e-12
1.1232181e-16
1.1073594e-12
-7.3346846e-16
1.106922e-12
-2.509707e-15
1.1062061e-12
-5.5189728e-15
1.105024e-12
-1.0378198e-14
1.1030951e-12
-1.8130214e-14
1.0999886e-12
-3.0438599e-14
1.0950383e-12
-4.9894837e-14
1.0872119e-12
-8.0477877e-14
1.0749083e-12
-1.2819746e-13
1.0556416e-12
-2.0187331e-13
1.0255462e-12
-3.1369112e-13
9.7862445e-13
-4.782969e-13
9.0577742e-13
-7.0737139e-13
7.9389018e-13
-9.9423933e-13
6.2576806e-13
-1.2841478e-12
3.7436754e-13
-1.4252011e-12
9.551306e-14
-1.2025549e-12
-6.3092584e-14
2.290979e-13
-1.3295352e-12
1.1152369e-18
3.5346407e-13
-1.4547999e-12
5.2357722e-13
-1.6043009e-12
7.4428491e-13
-1.7757258e-12
1.022277e-12
-1.9734169e-12
1.3631959e-12
-2.1759064e-12
1.760355e-12
-2.3307928e-12
2.1821517e-12
-2.3536728e-12
2.5639265e-12
-2.1478168e-12
-1.6609111e-12
2.8177252e-12
1.5173186e-13
-1.4812685e-12
1.3797093e-18
2.7835689e-13
-1.581425e-12
4.2289348e-13
-1.7488375e-12
6.1429951e-13
-1.9671318e-12
8.6977503e-13
-2.2288924e-12
1.1993658e-12
-2.5054971e-12
1.5973138e-12
-2.7287409e-12
2.0270166e-12
-2.7833755e-12
2.4093851e-12
-2.5301853e-12
-1.8802249e-12
2.6286989e-12
8.7725043e-14
-1.568995e-12
1.4688758e-18
1.7386102e-13
-1.667561e-12
2.7909677e-13
-1.8540732e-12
4.2871906e-13
-2.1167541e-12
6.4397898e-13
-2.4441523e-12
9.3847843e-13
-2.7999966e-12
1.3073215e-12
-3.097584e-12
1.70949e-12
-3.185544e-12
2.0538528e-12
-2.874548e-12
-2.0252494e-12
2.1988772e-12
2.2392625e-14
-1.5913891e-12
1.4906671e-18
5.0435418e-14
-1.6956038e-12
9.8579286e-14
-1.9022171e-12
1.880978e-13
-2.2062726e-12
3.4040136e-13
-2.5964558e-12
5.7034865e-13
-3.0299439e-12
8.7203425e-13
-3.3992696e-12
1.1966539e-12
-3.5101637e-12
1.4363899e-12
-3.1142841e-12
1.4158904e-12
-2.0047498e-12
2.8624972e-12
-9.600577e-13
2.820553e-12
-4.902763e-13
2.768594e-12
-2.42241e-13
2.7284407e-12
-1.1812902e-13
2.7017525e-12
-5.7015357e-14
2.6853343e-12
-2.7069396e-14
2.6757394e-12
-1.2268974e-14
2.6703611e-12
-4.8864269e-15
2.6674611e-12
-1.2612002e-15
2.6659368e-12
3.7709855e-16
2.6650903e-12
9.0684161e-16
2.6644553e-12
7.4726679e-16
2.6636718e-12
5.0082112e-17
2.6623889e-12
-1.2268417e-15
2.6601767e-12
-3.3067055e-15
2.6564255e-12
-6.6269822e-15
2.6502149e-12
-1.1919649e-14
2.6401257e-12
-2.0349407e-14
2.6239604e-12
-3.3729587e-14
-5.4840604e-14
2.5983232e-12
2.5498829e-12
-8.8124163e-13
2.4216547e-12
-3.6204819e-13
2.3321636e-12
-1.5274992e-13
2.2791863e-12
-6.5151759e-14
2.2494181e-12
-2.724712e-14
2.2332564e-12
-1.0907708e-14
2.2247852e-12
-3.7977078e-15
2.2205615e-12
-6.6272966e-16
2.2186277e-12
6.725017e-16
2.2178624e-12
1.1424015e-15
2.2176035e-12
1.16581e-15
2.2174256e-12
9.2515103e-16
2.2170023e-12
4.7333471e-16
2.2160044e-12
-2.2884264e-16
2.2140077e-12
-1.3100654e-15
2.2103885e-12
-3.0078002e-15
2.2041832e-12
-5.7143605e-15
2.1938868e-12
-1.0052951e-14
2.1771534e-12
-1.6996237e-14
-2.8040607e-14
2.1503534e-12
1.9101523e-12
-5.9251666e-13
1.708554e-12
-1.6045e-13
1.6105389e-12
-5.4734794e-14
1.564633e-12
-1.9245853e-14
1.5432672e-12
-5.8812525e-15
1.5335851e-12
-1.2256381e-15
1.5294739e-12
3.1341495e-16
1.5280298e-12
7.8134386e-16
1.5278489e-12
8.5336877e-16
1.5282045e-12
7.8679317e-16
1.5287029e-12
6.6744586e-16
1.5291057e-12
5.2233662e-16
1.5292267e-12
3.5236928e-16
1.5288595e-12
1.3825475e-16
1.5277136e-12
-1.6413789e-16
1.5253322e-12
-6.2638702e-16
1.5209834e-12
-1.3655568e-15
1.5134981e-12
-2.5676017e-15
1.5010272e-12
-4.5254088e-15
-7.6950776e-15
1.4806817e-12
8.2337375e-13
6.6292376e-13
6.0818896e-13
5.889431e-13
5.8306185e-13
5.818362e-13
5.8214962e-13
5.8293094e-13
5.8378433e-13
5.8457114e-13
5.852386e-13
5.8576094e-13
5.861133e-13
5.8625156e-13
5.8608742e-13
5.8546101e-13
5.8409548e-13
5.8152787e-13
5.7700244e-13
5.6930737e-13
2.5579888e-12
-8.7863055e-14
2.4949745e-12
-1.3885905e-13
2.3972513e-12
-2.159679e-13
2.2472311e-12
-3.282767e-13
2.0208126e-12
-4.8095281e-13
1.6892265e-12
-6.6265333e-13
1.228432e-12
-8.2335322e-13
6.5856338e-13
-8.5533243e-13
-6.3339439e-13
8.9402901e-14
2.1079309e-12
-4.5440547e-14
2.0415297e-12
-7.2457871e-14
1.938976e-12
-1.1341416e-13
1.7836096e-12
-1.7291028e-13
1.5554315e-12
-2.5277475e-13
1.2373216e-12
-3.4454345e-13
8.3143609e-13
-4.1746766e-13
3.8781959e-13
-4.1171598e-13
-2.7140617e-13
2.5831406e-14
1.4480146e-12
-1.2773474e-14
1.3963406e-12
-2.0783795e-14
1.3160264e-12
-3.3099951e-14
1.1943102e-12
-5.1194098e-14
1.0171475e-12
-7.5612067e-14
7.7600774e-13
-1.0340367e-13
4.8257749e-13
-1.2403739e-13
1.8822579e-13
-1.1736425e-13
-6.9854118e-14
-1.3326259e-14
5.5653391e-13
5.357501e-13
5.0265017e-13
4.5145607e-13
3.7584401e-13
2.7244033e-13
1.4840291e-13
3.103867e-14
-3.8815438e-14
2.6310295e-14
5.2141694e-14
3.8815457e-14
-6.2577206e-14
-1.5288137e-12
1.7771375e-18
-1.1784949e-13
-1.6403315e-12
-1.5308702e-13
-1.8669795e-12
-1.4764022e-13
-2.2117194e-12
-7.7210656e-14
-2.6668854e-12
7.7110915e-14
-3.1842654e-12
3.0659867e-13
-3.6287573e-12
5.3223541e-13
-3.7358005e-12
5.4641664e-13
-3.1284653e-12
-1.4583332e-12
-1.6339702e-13
-1.3654184e-12
1.7423251e-18
-3.2417834e-13
-1.4795502e-12
-4.7492148e-13
-1.7162364e-12
-5.9878236e-13
-2.0878585e-12
-6.6784374e-13
-2.597824e-12
-6.4552988e-13
-3.2065793e-12
-5.0285855e-13
-3.7714286e-12
-2.617295e-13
-3.9769295e-12
-4.9344892e-14
-3.3408499e-12
-1.5076781e-12
-2.5924988e-13
-1.1061699e-12
1.3758918e-18
-5.2481577e-13
-1.2139843e-12
-7.9812923e-13
-1.442923e-12
-1.06908e-12
-1.8169077e-12
-1.307094e-12
-2.35981e-12
-1.4499491e-12
-3.0637242e-12
-1.3999823e-12
-3.8213954e-12
-1.0600432e-12
-4.3168687e-12
-4.7042901e-13
-3.9304641e-12
-1.9781071e-12
-3.313479e-13
-7.7482258e-13
5.6314044e-19
-6.8152893e-13
-8.6380326e-13
-1.0661482e-12
-1.0583037e-12
-1.4909902e-12
-1.3920657e-12
-1.9378621e-12
-1.9129381e-12
-2.3368835e-12
-2.6647028e-12
-2.5242277e-12
-3.6340513e-12
-2.2184781e-12
-4.6226183e-12
-1.1825585e-12
-4.9663837e-12
-3.1606656e-12
-3.5135613e-13
-4.2346597e-13
-4.4670664e-19
-7.3424316e-13
-4.8091624e-13
-1.1818713e-12
-6.1067552e-13
-1.7279449e-12
-8.4599213e-13
-2.3970557e-12
-1.2438273e-12
-3.1749755e-12
-1.886783e-12
-3.9394658e-12
-2.869561e-12
-4.3158878e-12
-4.2461963e-12
-3.4156562e-12
-5.8666153e-12
-6.5763217e-12
-2.9929205e-13
-1.2417279e-13
-1.1280772e-18
-6.3597748e-13
-1.4423077e-13
-1.0556787e-12
-1.9097433e-13
-1.6217694e-12
-2.7990139e-13
-2.4260592e-12
-4.3953747e-13
-3.597141e-12
-7.1570119e-13
-5.2962575e-12
-1.1704445e-12
-7.6783906e-12
-1.8640631e-12
-1.0765721e-11
-2.7792851e-12
-3.4947803e-12
-1.3847262e-11
-1.2417204e-13
-7.5382205e-19
-2.6840282e-13
-4.5937713e-13
-7.3927853e-13
-1.178816e-12
-1.8945172e-12
-3.0649617e-12
-4.9290249e-12
-7.70831e-12
-1.120309e-11
-1.2766458e-11
-1.0808043e-12
-1.2598428e-11
-1.6802992e-13
-1.2552605e-11
-4.5822805e-14
-1.2534755e-11
-1.7850599e-14
-1.2528539e-11
-6.2155504e-15
-1.2526465e-11
-2.0737225e-15
-1.2525687e-11
-7.7850379e-16
-1.2525369e-11
-3.1777822e-16
-1.2525233e-11
-1.3580317e-16
-1.2525154e-11
-7.8921895e-17
-1.2525054e-11
-9.9788248e-17
-1.2524839e-11
-2.1550277e-16
-1.2524312e-11
-5.2661874e-16
-1.2522998e-11
-1.3143382e-15
-1.2519664e-11
-3.3337103e-15
-1.2511167e-11
-8.4969239e-15
-1.2489785e-11
-2.1382003e-14
-1.2433631e-11
-5.6154112e-14
-1.2256922e-11
-1.7670921e-13
-6.2070291e-13
-1.1636219e-11
-1.2283895e-11
-1.2451925e-11
-1.2497747e-11
-1.2515598e-11
-1.2521814e-11
-1.2523887e-11
-1.2524666e-11
-1.2524983e-11
-1.2525119e-11
-1.2525198e-11
-1.2525298e-11
-1.2525513e-11
-1.252604e-11
-1.2527354e-11
-1.2530688e-11
-1.2539185e-11
-1.2560567e-11
-1.2616721e-11
-1.279343e-11
-1.3414133e-11
-1.1045825e-11
-5.9039438e-13
-1.0775271e-11
-2.7055415e-13
-1.0608529e-11
-1.6674167e-13
-1.0478391e-11
-1.3013824e-13
-1.0364384e-11
-1.1400647e-13
-1.025234e-11
-1.1204468e-13
-1.0125548e-11
-1.2679164e-13
-9.9101524e-12
-2.1539552e-13
-4.2879358e-13
-9.4813589e-12
-1.3756574e-11
-2.4795344e-13
-1.3767149e-11
-2.5997922e-13
-1.3647527e-11
-2.8636382e-13
-1.3444878e-11
-3.3278711e-13
-1.3149514e-11
-4.093702e-13
-1.2721576e-11
-5.3998303e-13
-1.2095787e-11
-7.5258069e-13
-1.1124907e-11
-1.1862754e-12
-9.7797999e-12
-1.7739007e-12
-4.2625354e-12
-8.8235119e-12
-7.5868656e-18
-2.4794586e-13
-7.5430211e-18
-2.5997926e-13
-7.2691099e-18
-2.8636409e-13
-7.2230828e-18
-3.3278716e-13
-7.1946234e-18
-4.0937023e-13
-7.1781936e-18
-5.3998306e-13
-6.7120264e-18
-7.5258116e-13
-1.0451319e-17
-1.1862717e-12
-1.7738827e-12
-2.8519993e-17
-1.4419197e-14
-2.3352666e-13
-3.1877198e-14
-2.4252126e-13
-5.6559283e-14
-2.6168201e-13
-9.5819455e-14
-2.9352698e-13
-1.6326653e-13
-3.4192315e-13
-2.8965368e-13
-4.1359591e-13
-5.2818355e-13
-5.1405128e-13
-1.053706e-12
-6.6074924e-13
-8.2723684e-13
-2.0003518e-12
-2.1671813e-14
-2.1185485e-13
-4.7243341e-14
-2.1694973e-13
-8.179288e-14
-2.2713247e-13
-1.3362459e-13
-2.4169527e-13
-2.1723804e-13
-2.5830971e-13
-3.6341171e-13
-2.6742224e-13
-6.2370516e-13
-2.5375783e-13
-1.162136e-12
-1.2231838e-13
-2.1026549e-12
1.1328203e-13
-3.9526382e-12
-1.0820889e-12
1.6861584e-12
-2.7096775e-14
-1.8475807e-13
-5.7985412e-14
-1.860611e-13
-9.698492e-14
-1.8813296e-13
-1.4972508e-13
-1.8895511e-13
-2.2371356e-13
-1.8432123e-13
-3.2744765e-13
-1.6368814e-13
-4.6775069e-13
-1.1345479e-13
-6.1371298e-13
2.3643904e-14
2.2625474e-13
-7.2668569e-13
-2.8000481e-14
-1.5675759e-13
-5.9070865e-14
-1.5499071e-13
-9.6136797e-14
-1.5106703e-13
-1.4230504e-13
-1.4278687e-13
-2.0070676e-13
-1.2591951e-13
-2.7243179e-13
-9.1963106e-14
-3.5429869e-13
-3.1587894e-14
-4.1463785e-13
8.398307e-14
2.339514e-13
-4.2233451e-13
-2.6224791e-14
-1.305328e-13
-5.4800713e-14
-1.2641479e-13
-8.7162742e-14
-1.18705e-13
-1.2418944e-13
-1.0576018e-13
-1.6583397e-13
-8.4274978e-14
-2.0894935e-13
-4.8847727e-14
-2.4590692e-13
5.3696763e-15
-2.5176797e-13
8.9844114e-14
1.8852801e-13
-2.0634457e-13
-2.22941e-14
-1.082387e-13
-4.7072193e-14
-1.016367e-13
-7.4222083e-14
-9.1555112e-14
-1.0296684e-13
-7.7015423e-14
-1.3196824e-13
-5.5273572e-14
-1.5752336e-13
-2.3292607e-14
-1.7303257e-13
2.087888e-14
-1.6355204e-13
8.0363591e-14
1.4375231e-13
-1.1877634e-13
-1.7506363e-14
-9.0732336e-14
-3.8109896e-14
-8.1033165e-14
-6.0332868e-14
-6.933214e-14
-8.2190085e-14
-5.5158206e-14
-1.019374e-13
-3.5526258e-14
-1.1634132e-13
-8.8886822e-15
-1.2060134e-13
2.51389e-14
-1.0653351e-13
6.6295756e-14
-6.9643549e-14
1.0686235e-13
9.5947276e-13
5.3713825e-13
3.3079368e-13
2.1201733e-13
1.4237378e-13
2.3133786e-17
-2.3133784e-17
-1.3622693e-24
4.6734945e-17
-2.3601158e-17
7.1284304e-17
-2.4549359e-17
9.7290282e-17
-2.6005977e-17
1.2530447e-16
-2.8014188e-17
1.5593953e-16
-3.0635059e-17
1.8989048e-16
-3.395095e-17
2.2796079e-16
-3.807031e-17
2.7109514e-16
-4.3134351e-17
-4.9326287e-17
3.2042143e-16
2.2699027e-17
-4.5832809e-17
-1.1266734e-24
4.5852821e-17
-4.6754952e-17
6.9928949e-17
-4.8625486e-17
9.5421204e-17
-5.1498231e-17
1.2286436e-16
-5.5457339e-17
1.5285101e-16
-6.0621715e-17
1.8605158e-16
-6.7151513e-17
2.2323853e-16
-7.5257264e-17
2.6531673e-16
-8.5212546e-17
-9.7371463e-17
3.133619e-16
2.1841318e-17
-6.7674125e-17
-1.1615756e-24
4.4112813e-17
-6.9026445e-17
6.7256205e-17
-7.1768877e-17
9.1736828e-17
-7.5978854e-17
1.1805679e-16
-8.1777303e-17
1.4676989e-16
-8.9334812e-17
1.7849901e-16
-9.888063e-17
2.1395705e-16
-1.107153e-16
2.5397258e-16
-1.2522808e-16
-1.4292079e-16
2.9952191e-16
2.0583651e-17
-8.8257775e-17
-1.1025764e-24
4.1562087e-17
-9.000488e-17
6.3339887e-17
-9.3546675e-17
8.6341594e-17
-9.8980561e-17
1.1102269e-16
-1.064584e-16
1.3788178e-16
-1.1619391e-16
1.674746e-16
-1.2847344e-16
2.0043029e-16
-1.4367099e-16
2.3747093e-16
-1.6226872e-16
-1.8488487e-16
2.7943502e-16
1.8959411e-17
-1.0721718e-16
-1.1266909e-24
3.8269085e-17
-1.0931455e-16
5.8286968e-17
-1.1356456e-16
7.9386586e-17
-1.2008018e-16
1.0196539e-16
-1.290372e-16
1.264538e-16
-1.4068231e-16
1.5332507e-16
-1.5534472e-16
1.8310647e-16
-1.7345239e-16
2.1639162e-16
-1.9555388e-16
2.5385449e-16
-2.2234774e-16
3.7730562e-16
-5.688419e-17
4.434246e-16
-6.6118985e-17
5.2086456e-16
-7.7439952e-17
6.1225589e-16
-9.1391337e-17
7.2096167e-16
-1.0870577e-16
8.5134536e-16
-1.3038369e-16
1.0091592e-15
-1.5781384e-16
1.2021198e-15
-1.929606e-16
1.4407833e-15
-2.3866352e-16
1.739912e-15
-2.9912869e-16
2.1206876e-15
-3.8077561e-16
2.614387e-15
-4.9369939e-16
3.2689317e-15
-6.5454472e-16
4.160265e-15
-8.9133327e-16
5.4167735e-15
-1.2565085e-15
7.2570868e-15
-1.8403133e-15
1.0121994e-14
-2.864907e-15
1.4735128e-14
-4.6131341e-15
2.3306402e-14
-8.5712741e-15
-1.4269269e-14
3.7575671e-14
3.6867054e-16
-1.1219282e-16
4.3282537e-16
-1.3027382e-16
5.0778285e-16
-1.5239743e-16
5.9599141e-16
-1.795999e-16
7.0055391e-16
-2.1326828e-16
8.2545381e-16
-2.5528358e-16
9.7587485e-16
-3.0823488e-16
1.1586598e-15
-3.7574553e-16
1.3829784e-15
-4.6298215e-16
1.661313e-15
-5.7746328e-16
2.0109312e-15
-7.3039379e-16
2.4560845e-15
-9.3885276e-16
3.0313147e-15
-1.2297748e-15
3.7861046e-15
-1.6461232e-15
4.7912953e-15
-2.2616992e-15
6.1446441e-15
-3.1936622e-15
7.9680199e-15
-4.6882827e-15
1.0382288e-14
-7.0274024e-15
1.3226633e-14
-1.1415619e-14
-1.7263692e-14
1.6221056e-14
3.517697e-16
-1.6444061e-16
4.1212119e-16
-1.9062531e-16
4.8228996e-16
-2.2256619e-16
5.6438666e-16
-2.6169661e-16
6.6103628e-16
-3.0991789e-16
7.7553356e-16
-3.6978086e-16
9.1204984e-16
-4.4475116e-16
1.0759071e-15
-5.3960276e-16
1.2739365e-15
-6.6101159e-16
1.514934e-15
-8.1846074e-16
1.810198e-15
-1.0256578e-15
2.1740644e-15
-1.3027191e-15
2.6241113e-15
-1.6798218e-15
3.1803133e-15
-2.2023251e-15
3.8602691e-15
-2.9416551e-15
4.6681654e-15
-4.0015585e-15
5.5471821e-15
-5.5672993e-15
6.3399488e-15
-7.8201691e-15
6.2890248e-15
-1.1364695e-14
-1.567456e-14
4.6998926e-15
3.2730605e-16
-2.1231165e-16
3.8224764e-16
-2.455669e-16
4.456464e-16
-2.8596495e-16
5.1916422e-16
-3.3521443e-16
6.0480102e-16
-3.9555469e-16
7.0496774e-16
-4.6994758e-16
8.225663e-16
-5.6234972e-16
9.6106584e-16
-6.781023e-16
1.1245485e-15
-8.2449424e-16
1.3176653e-15
-1.0115776e-15
1.5453704e-15
-1.2533629e-15
1.8121712e-15
-1.5695199e-15
2.1202883e-15
-1.9879389e-15
2.4657777e-15
-2.5478146e-15
2.8295091e-15
-3.3053864e-15
3.1621273e-15
-4.3341768e-15
3.3399588e-15
-5.7451308e-15
3.1401133e-15
-7.6203235e-15
1.9627845e-15
-1.0187366e-14
-1.3021236e-14
-6.9053955e-16
2.9626483e-16
-2.5472198e-16
3.4450475e-16
-2.9380682e-16
3.9958569e-16
-3.4104589e-16
4.6266347e-16
-3.9829221e-16
5.3504748e-16
-4.6793869e-16
6.1819583e-16
-5.5309593e-16
7.136815e-16
-6.5783539e-16
8.2310159e-16
-7.8752238e-16
9.4787869e-16
-9.4927134e-16
1.0888628e-15
-1.1525616e-15
1.2455645e-15
-1.4100647e-15
1.4147343e-15
-1.7386897e-15
1.587723e-15
-2.1609276e-15
1.7458993e-15
-2.7059909e-15
1.8519942e-15
-3.4114812e-15
1.8377595e-15
-4.3199421e-15
1.5750888e-15
-5.4824601e-15
8.6703806e-16
-6.9122728e-15
-6.7650268e-16
-8.6438253e-15
-3.3449868e-15
-1.0352752e-14
1.8645454e-15
-5.502121e-14
-2.5038617e-14
-5.4130003e-14
-4.5902797e-14
-4.846796e-14
-6.3497099e-14
-3.7563904e-14
-7.7286145e-14
-2.1737212e-14
-8.5366937e-14
-8.0788969e-16
-8.4788673e-14
2.4560637e-14
-7.141318e-14
5.2920262e-14
7.9120625e-14
-4.3671458e-14
-3.5742835e-15
-3.5225871e-14
-2.1149885e-14
-3.6554401e-14
-3.6385037e-14
-3.3232808e-14
-4.9062695e-14
-2.4886246e-14
-5.8272625e-14
-1.2527282e-14
-6.2527896e-14
3.4473812e-15
-6.0003958e-14
2.2036699e-14
-4.87108e-14
4.1627103e-14
5.8806712e-14
-2.8396887e-14
-6.4667226e-15
-2.4059255e-14
-1.8033017e-14
-2.4988106e-14
-2.8885416e-14
-2.238041e-14
-3.7812134e-14
-1.5959528e-14
-4.3858591e-14
-6.4808247e-15
-4.5915218e-14
5.5040085e-15
-4.288468e-14
1.900616e-14
-3.3872868e-14
3.2615292e-14
4.4068723e-14
-1.9134879e-14
-7.848399e-15
-1.6901396e-14
-1.5676683e-14
-1.7159822e-14
-2.3181694e-14
-1.4875399e-14
-2.9274255e-14
-9.8669667e-15
-3.3117313e-14
-2.6377665e-15
-3.3900544e-14
6.2872394e-15
-3.0963802e-14
1.6069418e-14
-2.3944295e-14
2.5595785e-14
3.3360173e-14
-1.3235745e-14
-8.177453e-15
-1.206893e-14
-1.3544418e-14
-1.1792857e-14
-1.8687437e-14
-9.7323806e-15
-2.2771335e-14
-5.7830687e-15
-2.5136414e-14
-2.7268728e-16
-2.5210189e-14
6.3610143e-15
-2.2598825e-14
1.3458054e-14
-1.7187341e-14
2.0184301e-14
-9.3585139e-15
2.5531346e-14
9.8702325e-14
7.0305438e-14
5.117056e-14
3.7934814e-14
2.85763e-14
1.8149738e-17
-1.2536692e-16
-1.2486879e-24
3.6617389e-17
-1.277822e-16
5.5726524e-17
-1.3267369e-16
7.581208e-17
-1.4016573e-16
9.7226156e-17
-1.5045128e-16
1.203439e-16
-1.6380005e-16
1.4556945e-16
-1.8057026e-16
1.7334172e-16
-2.0122466e-16
2.0413983e-16
-2.2635199e-16
-2.5669536e-16
2.3848745e-16
1.557179e-17
-1.4093871e-16
-1.2166018e-24
3.1396098e-17
-1.4360651e-16
4.7728392e-17
-1.4900598e-16
6.4829904e-17
-1.5726724e-16
8.2970177e-17
-1.6859155e-16
1.0242911e-16
-1.8325899e-16
1.2349821e-16
-2.0163936e-16
1.4648049e-16
-2.2420694e-16
1.7168835e-16
-2.5155985e-16
-2.8444524e-16
1.9943823e-16
1.2725959e-17
-1.5366467e-16
-1.2332086e-24
2.563599e-17
-1.5651654e-16
3.8914541e-17
-1.6228453e-16
5.2746552e-17
-1.7109925e-16
6.7316986e-17
-1.8316198e-16
8.2809406e-17
-1.9875141e-16
9.9403075e-17
-2.1823303e-16
1.1726785e-16
-2.4207171e-16
1.3655582e-16
-2.7084782e-16
-3.052777e-16
1.5738829e-16
9.6851864e-18
-1.6334985e-16
-1.2695969e-24
1.9485694e-17
-1.6631705e-16
2.9514953e-17
-1.7231379e-16
3.9882242e-17
-1.8146654e-16
5.0689643e-17
-1.9396938e-16
6.2027721e-17
-2.1008949e-16
7.3969294e-17
-2.301746e-16
8.6560437e-17
-2.5466285e-16
9.9807578e-17
-2.8409496e-16
-3.1912923e-16
1.136591e-16
6.5231525e-18
-1.69873e-16
-1.2416844e-24
1.3095018e-17
-1.7288891e-16
1.9760557e-17
-1.7897933e-16
2.6556793e-17
-1.8826278e-16
3.3507739e-17
-2.0092033e-16
4.0617879e-17
-2.1719963e-16
4.7863539e-17
-2.3742026e-16
5.5181263e-17
-2.6198058e-16
6.2452092e-17
-2.9136579e-16
-3.2615736e-16
6.9480226e-17
3.311034e-18
-1.7318403e-16
-1.2532916e-24
6.6083055e-18
-1.7618618e-16
9.8729029e-18
-1.8224393e-16
1.3075172e-17
-1.9146505e-16
1.6168203e-17
-2.0401336e-16
1.9079857e-17
-2.2011128e-16
2.1702676e-17
-2.4004308e-16
2.3880874e-17
-2.6415877e-16
2.5393399e-17
-2.9287831e-16
-3.2669576e-16
2.5931797e-17
1.1526207e-19
-1.7329929e-16
-1.2648216e-24
1.5989764e-19
-1.7623081e-16
5.7216606e-20
-1.8214125e-16
-2.8202409e-19
-1.911258e-16
-9.6697745e-19
-2.0332841e-16
-2.1354335e-18
-2.1894282e-16
-3.9644951e-18
-2.3821402e-16
-6.6838904e-18
-2.6143938e-16
-1.0592747e-17
-2.8896946e-16
-1.608082e-17
-3.2120769e-16
2.7695511e-16
-2.9318964e-16
3.2015868e-16
-3.3701039e-16
3.6875097e-16
-3.8963818e-16
4.2340154e-16
-4.5294278e-16
4.8475632e-16
-5.2929347e-16
5.5336341e-16
-6.2170302e-16
6.2954251e-16
-7.3401449e-16
7.1316082e-16
-8.7114069e-16
8.0325478e-16
-1.0393653e-15
8.9739978e-16
-1.2467066e-15
9.9066842e-16
-1.5033334e-15
1.0739395e-15
-1.8219608e-15
1.1311552e-15
-2.2181432e-15
1.1351257e-15
-2.7099615e-15
1.0407885e-15
-3.317144e-15
7.7705864e-16
-4.0562122e-15
2.3153366e-16
-4.9369351e-15
-7.4764711e-16
-5.933092e-15
-2.3950598e-15
-6.9964126e-15
-7.8927862e-15
-4.8550254e-15
2.3004024e-16
-3.2379165e-16
2.637801e-16
-3.7075024e-16
3.008891e-16
-4.2674718e-16
3.4149585e-16
-4.9354953e-16
3.8554981e-16
-5.7334743e-16
4.3270176e-16
-6.6885497e-16
4.821184e-16
-7.8343113e-16
5.3219667e-16
-9.2121896e-16
5.8012639e-16
-1.087295e-15
6.2122661e-16
-1.2878069e-15
6.4794805e-16
-1.5300548e-15
6.4840505e-16
-1.8224178e-15
6.0424571e-16
-2.1739839e-15
4.8777047e-16
-2.5934862e-15
2.5800466e-16
-3.0873782e-15
-1.4301956e-16
-3.655188e-15
-7.9547937e-16
-4.2844753e-15
-1.7949669e-15
-4.9336045e-15
-3.2587082e-15
-5.5326712e-15
-5.9169369e-15
-5.2345575e-15
1.7983577e-16
-3.4623913e-16
2.0388816e-16
-3.9480263e-16
2.2941029e-16
-4.5226931e-16
2.5607664e-16
-5.2021588e-16
2.8327565e-16
-6.0054644e-16
3.0997034e-16
-6.9554965e-16
3.344963e-16
-8.079571e-16
3.5427089e-16
-9.4099355e-16
3.6537798e-16
-1.0984021e-15
3.6198305e-16
-1.2844119e-15
3.3552369e-16
-1.5035954e-15
2.7362481e-16
-1.7605189e-15
1.5869718e-16
-2.0590562e-15
-3.3694478e-17
-2.4010946e-15
-3.3659621e-16
-2.7844765e-15
-7.9250794e-16
-3.1992763e-15
-1.4534456e-15
-3.6235376e-15
-2.3732682e-15
-4.013782e-15
-3.6021428e-15
-4.3037966e-15
-4.3798357e-15
-5.139244e-15
1.2797929e-16
-3.6055932e-16
1.4251158e-16
-4.0933492e-16
1.5682699e-16
-4.6658472e-16
1.7025207e-16
-5.3364096e-16
1.8176869e-16
-6.1206305e-16
1.8987539e-16
-7.0365636e-16
1.9239717e-16
-8.1047888e-16
1.8622695e-16
-9.3482332e-16
1.6697953e-16
-1.0791547e-15
1.2853852e-16
-1.2459709e-15
6.2481397e-17
-1.4375383e-15
-4.2611301e-17
-1.6554262e-15
-2.0192189e-16
-1.8997456e-15
-4.3508336e-16
-2.1679331e-15
-7.6656426e-16
-2.4529956e-15
-1.2249904e-15
-2.7408502e-15
-1.8411296e-15
-3.0073984e-15
-2.6411956e-15
-3.213716e-15
-3.6394908e-15
-3.3055013e-15
-3.2054458e-15
-4.8138807e-15
7.5964129e-17
-3.6704323e-16
8.1457466e-17
-4.1482825e-16
8.5316522e-17
-4.7044378e-16
8.6629725e-17
-5.3495416e-16
8.4123834e-17
-6.0955716e-16
7.6040139e-17
-6.9557266e-16
5.9973069e-17
-7.9441181e-16
3.2663365e-17
-9.0751362e-16
-1.0260534e-17
-1.0362308e-15
-7.4594079e-17
-1.1816374e-15
-1.6791096e-16
-1.3442214e-15
-2.9992556e-16
-1.5234116e-15
-4.82791e-16
-1.7168802e-15
-7.3117759e-16
-1.9195465e-15
-1.0619117e-15
-2.1222615e-15
-1.4926835e-15
-2.3100784e-15
-2.039556e-15
-2.4605259e-15
-2.7117928e-15
-2.5414791e-15
-3.5057975e-15
-2.5114967e-15
-2.318802e-15
-4.3924413e-15
2.5071271e-17
-3.661827e-16
2.2232943e-17
-4.1198992e-16
1.6634877e-17
-4.6484571e-16
7.2289789e-18
-5.2554826e-16
-7.3795139e-18
-5.9494866e-16
-2.9033299e-17
-6.7391888e-16
-6.0147965e-17
-7.6329714e-16
-1.038619e-16
-8.6379969e-16
-1.6420877e-16
-9.7588391e-16
-2.4630304e-16
-1.0995431e-15
-3.5651633e-16
-1.2340081e-15
-5.0260088e-16
-1.377327e-15
-6.9368587e-16
-1.5257952e-15
-9.4001942e-16
-1.673213e-15
-1.2522886e-15
-1.8099923e-15
-1.6402295e-15
-1.9221375e-15
-2.1103684e-15
-1.990387e-15
-2.6623134e-15
-1.9895342e-15
-3.2845163e-15
-1.8892938e-15
-1.655516e-15
-3.9478022e-15
-2.3655341e-17
-3.5860818e-16
-3.3974866e-17
-4.016704e-16
-4.7891604e-17
-4.5092897e-16
-6.6503823e-17
-5.0693604e-16
-9.1219703e-17
-5.7023278e-16
-1.2383346e-16
-6.4130512e-16
-1.6661331e-16
-7.2051729e-16
-2.2239831e-16
-8.0801469e-16
-2.9469689e-16
-9.0358532e-16
-3.8777286e-16
-1.0064671e-15
-5.0669357e-16
-1.1150874e-15
-6.5729916e-16
-1.2267214e-15
-8.4603055e-16
-1.3370638e-15
-1.079525e-15
-1.4397185e-15
-1.3638692e-15
-1.5256481e-15
-1.70336e-15
-1.5826466e-15
-2.0987084e-15
-1.5950386e-15
-2.54452e-15
-1.5437226e-15
-3.0265891e-15
-1.4072246e-15
-3.5186908e-15
-1.1634144e-15
-8.4568398e-15
-8.4671155e-15
-1.2388475e-14
-7.8612211e-15
-1.6082748e-14
-6.0381081e-15
-1.8914624e-14
-2.9511919e-15
-2.0369203e-14
1.1818913e-15
-2.0031269e-14
6.0230802e-15
-1.7656816e-14
1.1083601e-14
-1.3241892e-14
1.5769378e-14
1.9418341e-14
-7.1288874e-15
-7.7707675e-15
-5.9309055e-15
-1.0450417e-14
-5.1815716e-15
-1.2888646e-14
-3.5998787e-15
-1.4664393e-14
-1.1754451e-15
-1.5421258e-14
1.9387561e-15
-1.4887599e-14
5.4894214e-15
-1.2926937e-14
9.1229384e-15
-9.5804549e-15
1.2422896e-14
1.4950998e-14
-5.113112e-15
-6.9450325e-15
-4.1251169e-15
-8.7772563e-15
-3.3493478e-15
-1.0375594e-14
-2.0015409e-15
-1.1459403e-14
-9.1635957e-17
-1.1788341e-14
2.2676943e-15
-1.1188082e-14
4.8891624e-15
-9.5849459e-15
7.5198018e-15
-7.0317846e-15
9.8697343e-15
1.164623e-14
-3.7270161e-15
-6.1044413e-15
-2.8345564e-15
-7.3568338e-15
-2.0969553e-15
-8.3941055e-15
-9.6426917e-16
-9.0294754e-15
5.4373395e-16
-9.1033934e-15
2.3416123e-15
-8.5057731e-15
4.291542e-15
-7.1992391e-15
6.2132678e-15
-5.2347332e-15
7.9052284e-15
9.1701303e-15
-2.7586336e-15
-5.3142163e-15
-1.9127813e-15
-6.1666646e-15
-1.2445071e-15
-6.8287208e-15
-3.0221289e-16
-7.1758839e-15
8.9089702e-16
-7.1033083e-15
2.2690367e-15
-6.5425664e-15
3.7308002e-15
-5.4769694e-15
5.1476708e-15
-3.9508832e-15
6.3791422e-15
7.2910009e-15
-2.0717538e-15
-4.6035652e-15
-1.2570183e-15
-5.1786465e-15
-6.6942578e-16
-5.5896873e-15
1.0882784e-16
-5.753476e-15
1.0546857e-15
-5.6016005e-15
2.1171612e-15
-5.0922794e-15
3.2214791e-15
-4.2203136e-15
4.275705e-15
-3.0225854e-15
5.181414e-15
5.8464413e-15
-1.5780258e-15
-3.9818764e-15
-7.9383267e-16
-4.3639517e-15
-2.8735049e-16
-4.6071998e-15
3.5207592e-16
-4.655852e-15
1.1033379e-15
-4.4655288e-15
1.9268381e-15
-4.0113027e-15
2.767253e-15
-3.2940922e-15
3.5584944e-15
-2.3438602e-15
4.231182e-15
-1.2188493e-15
4.7214304e-15
2.1447413e-14
1.6334301e-14
1.2607285e-14
9.8486511e-15
7.7768972e-15
6.1988715e-15
4.9800221e-15
-2.7910103e-18
-1.7050828e-16
-1.2089155e-24
-5.6960898e-18
-1.7332573e-16
-8.8355125e-18
-1.7900182e-16
-1.2342323e-17
-1.8761899e-16
-1.6369631e-17
-1.993011e-16
-2.1099052e-17
-2.142134e-16
-2.6750733e-17
-2.3256234e-16
-3.3595504e-17
-2.545946e-16
-4.1969734e-17
-2.8059522e-16
-3.1088386e-16
-5.2293555e-17
-5.5097319e-18
-1.6499855e-16
-1.2476435e-24
-1.1173104e-17
-1.6766236e-16
-1.7150029e-17
-1.730249e-16
-2.3613272e-17
-1.8115575e-16
-3.0755622e-17
-1.9215874e-16
-3.8798015e-17
-2.0617101e-16
-4.7998922e-17
-2.2336143e-16
-5.8665413e-17
-2.4392811e-16
-7.1166279e-17
-2.6809436e-16
-2.9610252e-16
-8.5947625e-17
-8.0790121e-18
-1.5691953e-16
-1.2537869e-24
-1.6345114e-17
-1.5939626e-16
-2.499145e-17
-1.6437856e-16
-3.42235e-17
-1.719237e-16
-4.4265836e-17
-1.8211641e-16
-5.5369566e-17
-1.9506728e-16
-6.782074e-17
-2.1091025e-16
-8.1949933e-17
-2.2979892e-16
-9.8143255e-17
-2.5190104e-16
-2.7739081e-16
-1.1685496e-16
-1.046666e-17
-1.4645287e-16
-1.2144024e-24
-2.1147972e-17
-1.4871494e-16
-3.22642e-17
-1.5326233e-16
-4.4046989e-17
-1.6014091e-16
-5.6745454e-17
-1.6941794e-16
-7.0632739e-17
-1.8117999e-16
-8.6013194e-17
-1.955298e-16
-1.0323028e-16
-2.1258184e-16
-1.2267527e-16
-2.3245604e-16
-2.5526923e-16
-1.4479685e-16
-1.2646382e-17
-1.3380649e-16
-1.214727e-24
-2.5529541e-17
-1.3583178e-16
-3.8891269e-17
-1.399006e-16
-5.2983481e-17
-1.460487e-16
-6.8073493e-17
-1.5432793e-16
-8.4449563e-17
-1.6480392e-16
-1.0242672e-16
-1.7755264e-16
-1.2235293e-16
-1.9265562e-16
-1.4461554e-16
-2.1019344e-16
-2.3023693e-16
-1.6964784e-16
-1.4597138e-17
-1.1920935e-16
-1.2406356e-24
-2.944833e-17
-1.2098059e-16
-4.4811967e-17
-1.2453696e-16
-6.0955132e-17
-1.2990553e-16
-7.8158013e-17
-1.3712505e-16
-9.6718367e-17
-1.4624356e-16
-1.1695601e-16
-1.57315e-16
-1.3921726e-16
-1.7039437e-16
-1.6387925e-16
-1.8553145e-16
-2.0276238e-16
-1.9135379e-16
-1.6302464e-17
-1.0290688e-16
-1.297032e-24
-3.2872099e-17
-1.0441095e-16
-4.9979703e-17
-1.0742936e-16
-6.7903304e-17
-1.1198193e-16
-8.6931694e-17
-1.1809666e-16
-1.0736785e-16
-1.2580741e-16
-1.2953215e-16
-1.351507e-16
-1.5376525e-16
-1.4616127e-16
-1.8043042e-16
-1.5886627e-16
-1.7327766e-16
-2.0991515e-16
-1.7750355e-17
-8.5156524e-17
-1.3121799e-24
-3.5777475e-17
-8.6383831e-17
-5.4361121e-17
-8.8845711e-17
-7.3786849e-17
-9.2556203e-17
-9.4348764e-17
-9.7534741e-17
-1.1635198e-16
-1.0380419e-16
-1.4011467e-16
-1.11388e-16
-1.6596961e-16
-1.2030634e-16
-1.9426479e-16
-1.3057109e-16
-2.2536308e-16
-1.4217937e-16
-6.509319e-17
-3.4580854e-16
-8.1028131e-17
-3.8573546e-16
-1.0092387e-16
-4.3103324e-16
-1.2581063e-16
-4.8204928e-16
-1.5696823e-16
-5.3907518e-16
-1.9597608e-16
-6.0229726e-16
-2.4476615e-16
-6.7172723e-16
-3.0567388e-16
-7.4710696e-16
-3.814787e-16
-8.277805e-16
-4.7541963e-16
-9.125262e-16
-5.9116417e-16
-9.993429e-16
-7.3269803e-16
-1.0851876e-15
-9.0409177e-16
-1.1656701e-15
-1.1090872e-15
-1.2347231e-15
-1.350443e-15
-1.2842924e-15
-1.6289742e-15
-1.3041154e-15
-1.9422831e-15
-1.2817297e-15
-2.2831792e-15
-1.2028266e-15
-2.6381217e-15
-1.0522821e-15
-8.1576727e-16
-2.9857688e-15
-1.0355134e-16
-3.2820483e-16
-1.246367e-16
-3.6465009e-16
-1.5000534e-16
-4.0566461e-16
-1.8062914e-16
-4.5142548e-16
-2.1768053e-16
-5.0202379e-16
-2.625631e-16
-5.5741469e-16
-3.1693947e-16
-6.1735086e-16
-3.8275077e-16
-6.8129566e-16
-4.6221921e-16
-7.4831206e-16
-5.5782093e-16
-8.1692448e-16
-6.7221092e-16
-8.8495292e-16
-8.0807578e-16
-9.4932271e-16
-9.6788456e-16
-1.0058613e-15
-1.1535032e-15
-1.0491045e-15
-1.3656427e-15
-1.0721528e-15
-1.6031207e-15
-1.0666374e-15
-1.8619609e-15
-1.0228895e-15
-2.1343872e-15
-9.3040024e-16
-2.4079368e-15
-7.7873258e-16
-5.5885032e-16
-2.6648537e-15
-1.3862179e-16
-3.06438e-16
-1.6407898e-16
-3.391929e-16
-1.9397765e-16
-3.7576593e-16
-2.2920293e-16
-4.162002e-16
-2.7079145e-16
-4.6043528e-16
-3.1994598e-16
-5.0826016e-16
-3.7804376e-16
-5.5925308e-16
-4.4663311e-16
-6.1270631e-16
-5.2741081e-16
-6.6753436e-16
-6.2216958e-16
-7.2216571e-16
-7.3270226e-16
-7.7442023e-16
-8.6064575e-16
-8.2137922e-16
-1.0072463e-15
-8.592608e-16
-1.1730283e-15
-8.833225e-16
-1.3573562e-15
-8.8782491e-16
-1.5578922e-15
-8.6610135e-16
-1.7699861e-15
-8.1079558e-16
-1.9860637e-15
-7.1432265e-16
-2.1951685e-15
-5.6962774e-16
-3.7121854e-16
-2.3828003e-15
-1.7011133e-16
-2.8112351e-16
-1.9921343e-16
-3.1009081e-16
-2.3278685e-16
-3.4219252e-16
-2.7161388e-16
-3.7737316e-16
-3.1658244e-16
-4.1546671e-16
-3.6868826e-16
-4.5615434e-16
-4.290289e-16
-4.9891245e-16
-4.9878498e-16
-5.4295023e-16
-5.7918244e-16
-5.871369e-16
-6.7142786e-16
-6.2992029e-16
-7.7660731e-16
-6.6924078e-16
-8.9553833e-16
-7.024482e-16
-1.0285649e-15
-7.2623427e-16
-1.1752882e-15
-7.3659916e-16
-1.3342348e-15
-7.2887834e-16
-1.502474e-15
-6.9786209e-16
-1.6752236e-15
-6.3804601e-16
-1.8455016e-15
-5.4404466e-16
-2.0039314e-15
-4.111979e-16
-2.363455e-16
-2.1388045e-15
-1.9793563e-16
-2.5283572e-16
-2.3002319e-16
-2.7800324e-16
-2.6651812e-16
-3.0569759e-16
-3.0809386e-16
-3.3579742e-16
-3.5548858e-16
-3.6807199e-16
-4.0949816e-16
-4.0214477e-16
-4.7096043e-16
-4.3745017e-16
-5.4072706e-16
-4.731836e-16
-6.1961818e-16
-5.0824578e-16
-7.0835442e-16
-5.4118405e-16
-8.0746014e-16
-5.7013505e-16
-9.171322e-16
-5.9277614e-16
-1.0370698e-15
-6.0629665e-16
-1.1662654e-15
-6.0740363e-16
-1.3027621e-15
-5.9238157e-16
-1.4433966e-15
-5.5722758e-16
-1.5835573e-15
-4.9788529e-16
-1.7170088e-15
-4.1059324e-16
-1.8358511e-15
-2.923556e-16
-1.415102e-16
-1.9306864e-15
-2.2209062e-16
-2.2209889e-16
-2.565793e-16
-2.4351455e-16
-2.9534931e-16
-2.6692758e-16
-3.3896704e-16
-2.9217969e-16
-3.8802855e-16
-3.1901048e-16
-4.4314613e-16
-3.4702719e-16
-5.0492645e-16
-3.7566985e-16
-5.7393743e-16
-4.0417262e-16
-6.5066054e-16
-4.3152267e-16
-7.3542507e-16
-4.5641951e-16
-8.2832096e-16
-4.7723916e-16
-9.2908757e-16
-4.9200953e-16
-1.0369782e-15
-4.9840605e-16
-1.1506029e-15
-4.9377886e-16
-1.2677596e-15
-4.7522489e-16
-1.3852681e-15
-4.3971911e-16
-1.4988359e-15
-3.8431748e-16
-1.6029909e-15
-3.064382e-16
-1.6911279e-15
-2.042186e-16
-7.6924536e-17
-1.7557136e-15
-2.4263143e-16
-1.8938261e-16
-2.7901449e-16
-2.0713149e-16
-3.1951894e-16
-2.2642313e-16
-3.646117e-16
-2.4708693e-16
-4.1476034e-16
-2.6886184e-16
-4.7041547e-16
-2.9137205e-16
-5.3198538e-16
-3.1409994e-16
-5.9980104e-16
-3.3635696e-16
-6.7406931e-16
-3.5725439e-16
-7.5481246e-16
-3.7567636e-16
-8.4179252e-16
-3.902591e-16
-9.3442024e-16
-3.9938181e-16
-1.0316503e-15
-4.0117595e-16
-1.1318679e-15
-3.9356127e-16
-1.2327752e-15
-3.7431762e-16
-1.3312931e-15
-3.4120118e-16
-1.423499e-15
-2.921116e-16
-1.5046261e-15
-2.2531114e-16
-1.5691555e-15
-1.3968921e-16
-3.5052695e-17
-1.6110273e-15
-2.5964021e-16
-1.5510547e-16
-2.9748086e-16
-1.6929084e-16
-3.3927194e-16
-1.8463206e-16
-3.8539244e-16
-2.0096642e-16
-4.3619888e-16
-2.180554e-16
-4.9200508e-16
-2.3556585e-16
-5.5305528e-16
-2.5304973e-16
-6.1948917e-16
-2.6992307e-16
-6.9129776e-16
-2.854458e-16
-7.682694e-16
-2.9870472e-16
-8.4992569e-16
-3.0860282e-16
-9.3544857e-16
-3.1385893e-16
-1.0236014e-15
-3.1302306e-16
-1.1126497e-15
-3.0451298e-16
-1.2002894e-15
-2.86678e-16
-1.2835955e-15
-2.5789501e-16
-1.3590075e-15
-2.1669959e-16
-1.422368e-15
-1.6195064e-16
-1.4690359e-15
-9.3021359e-17
-1.4940878e-15
-1.0000776e-17
-3.2969612e-15
-4.8264023e-16
-3.5355683e-15
-4.874342e-17
-3.6629764e-15
4.7948401e-16
-3.6431219e-15
1.0834834e-15
-3.4484261e-15
1.7321423e-15
-3.0649866e-15
2.3838135e-15
-2.4965052e-15
2.990013e-15
-1.7660512e-15
3.5007281e-15
3.8705487e-15
-9.1516953e-16
-2.8824104e-15
-2.6508353e-16
-3.0340577e-15
1.0290387e-16
-3.0924067e-15
5.3783295e-16
-3.0327765e-15
1.0238533e-15
-2.8371778e-15
1.5365436e-15
-2.497811e-15
2.0444467e-15
-2.0196034e-15
2.5118054e-15
-1.4212087e-15
2.9023334e-15
3.1834932e-15
-7.341532e-16
-2.5313751e-15
-1.1650876e-16
-2.6213228e-15
1.9285157e-16
-2.6331662e-15
5.4967636e-16
-2.5500184e-15
9.4070545e-16
-2.3602768e-15
1.346802e-15
-2.0599694e-15
1.7441393e-15
-1.6543828e-15
2.1062187e-15
-1.1586029e-15
2.4065535e-15
2.6216589e-15
-5.9676858e-16
-2.2365673e-15
-1.8745883e-17
-2.2827605e-15
2.3904475e-16
-2.2635084e-15
5.3042428e-16
-2.1672813e-15
8.4447835e-16
-1.9867296e-15
1.1662503e-15
-1.7202528e-15
1.4776626e-15
-1.3730372e-15
1.7590031e-15
-9.5732397e-16
1.9908403e-15
2.1561194e-15
-4.9178446e-16
-1.9910772e-15
4.1644947e-17
-2.0063124e-15
2.5427997e-16
-1.9664929e-15
4.9060482e-16
-1.86378e-15
7.4176544e-16
-1.6936519e-15
9.9612218e-16
-1.4559523e-15
1.239963e-15
-1.1555459e-15
1.4585966e-15
-8.0242764e-16
1.637722e-15
1.7649017e-15
-4.1120987e-16
-1.7886935e-15
7.4624836e-17
-1.7821039e-15
2.4769038e-16
-1.728872e-15
4.3737287e-16
-1.6237054e-15
6.365989e-16
-1.4639592e-15
8.3637598e-16
-1.2503363e-15
1.0263401e-15
-9.8729708e-16
1.1955574e-15
-6.8307782e-16
1.3335028e-15
1.4310972e-15
-3.4927336e-16
-1.6239911e-15
8.7588651e-17
-1.6020911e-15
2.257904e-16
-1.5402621e-15
3.7554385e-16
-1.434969e-15
5.3130577e-16
-1.284809e-15
6.8621603e-16
-1.0909811e-15
8.3251211e-16
-8.5753634e-16
9.6211264e-16
-5.913475e-16
1.0673139e-15
1.1415178e-15
-3.0176809e-16
-1.4926166e-15
8.6117464e-17
-1.4601176e-15
1.9329138e-16
-1.3929388e-15
3.0836505e-16
-1.2887475e-15
4.2711447e-16
-1.1469542e-15
5.4442275e-16
-9.6902886e-16
6.5458676e-16
-7.5865102e-16
7.517348e-16
-5.2165293e-16
8.3031586e-16
-2.6573936e-16
8.8560422e-16
4.0648526e-15
3.3306994e-15
2.7339308e-15
2.2421464e-15
1.8309365e-15
1.4816631e-15
1.179895e-15
9.1415567e-16
-6.0516054e-18
-7.9104917e-17
-1.2195085e-17
-8.0240351e-17
-1.8523145e-17
-8.251765e-17
-2.5130129e-17
-8.5949218e-17
-3.2112747e-17
-9.0552121e-17
-3.9570709e-17
-9.6346229e-17
-4.760718e-17
-1.0335153e-16
-5.6329028e-17
-1.1158449e-16
-6.5846755e-17
-1.2105336e-16
-7.6274014e-17
-1.3175211e-16
-8.7726582e-17
-1.436529e-16
-1.0032063e-16
-1.5669679e-16
-1.1417009e-16
-1.707826e-16
-1.2938284e-16
-1.8575367e-16
-1.4605556e-16
-2.0138268e-16
-1.6426681e-16
-2.1735461e-16
-1.8406809e-16
-2.3324845e-16
-2.0547269e-16
-2.4851847e-16
-2.2844194e-16
-2.6247654e-16
-2.5286893e-16
-2.7427773e-16
-2.7855981e-16
-2.8291194e-16
-3.0521321e-16
-2.8720552e-16
-3.3239899e-16
-2.8583729e-16
-3.5953781e-16
-2.7737416e-16
-3.8588451e-16
-2.603313e-16
-4.105184e-16
-2.3326112e-16
-4.3234511e-16
-1.9487288e-16
-4.5011449e-16
-1.4418126e-16
-4.6245938e-16
-8.0676469e-17
-4.6795845e-16
-4.5017026e-18
-4.6522418e-16
8.3383197e-17
-4.5301279e-16
1.8107999e-16
-4.3034866e-16
2.8570092e-16
-3.9665048e-16
3.9341629e-16
-3.5184321e-16
4.9961548e-16
-2.9643898e-16
5.9918253e-16
-2.3157201e-16
6.8686784e-16
-1.5897703e-16
7.5772088e-16
-8.0907736e-17
8.0753492e-16
8.3324794e-16
-1.885325e-17
-6.0251666e-17
-1.3181521e-24
-3.7986045e-17
-6.1107554e-17
-5.7680025e-17
-6.2823669e-17
-7.8221016e-17
-6.5408227e-17
-9.9900771e-17
-6.8872365e-17
-1.2301836e-16
-7.3228637e-17
-1.4788099e-16
-7.8488894e-17
-1.7480404e-16
-8.4661445e-17
-2.0411003e-16
-9.1747365e-17
-9.9735833e-17
-2.3612631e-16
-1.9643436e-17
-4.0608228e-17
-1.2447167e-24
-3.9570243e-17
-4.1180746e-17
-6.0065492e-17
-4.232842e-17
-8.141751e-17
-4.4056208e-17
-1.0391915e-16
-4.6370721e-17
-1.278686e-16
-4.9279187e-17
-1.5356951e-16
-5.2787983e-17
-1.8133027e-16
-5.6900686e-17
-2.1146208e-16
-6.1615554e-17
-6.6922347e-17
-2.4427557e-16
-2.0171777e-17
-2.043645e-17
-1.1602025e-24
-4.0629266e-17
-2.0723255e-17
-6.1659576e-17
-2.1298109e-17
-8.3552453e-17
-2.216333e-17
-1.066012e-16
-2.3321977e-17
-1.3110307e-16
-2.4777314e-17
-1.5735898e-16
-2.6532066e-17
-1.8567224e-16
-2.8587429e-17
-2.1634601e-16
-3.0941783e-17
-3.3589099e-17
-2.4967926e-16
-2.0436448e-17
-1.0024432e-24
-4.1159702e-17
-6.245781e-17
-8.462114e-17
-1.0794312e-16
-1.3272043e-16
-1.592525e-16
-1.8783992e-16
-2.1878171e-16
-2.5237081e-16
-2.7118086e-16
-1.0859835e-16
-3.0959596e-16
-1.1828169e-16
-3.5167905e-16
-1.2869951e-16
-3.9771015e-16
-1.3972257e-16
-4.4792522e-16
-1.511676e-16
-5.0249473e-16
-1.627851e-16
-5.6149675e-16
-1.7424644e-16
-6.2488405e-16
-1.8513116e-16
-6.9244507e-16
-1.9491552e-16
-7.637589e-16
-2.0296391e-16
-8.3814534e-16
-2.085255e-16
-9.1461226e-16
-2.107386e-16
-9.9180362e-16
-2.0864593e-16
-1.0679535e-15
-2.0122432e-16
-1.1408531e-15
-1.8743166e-16
-1.2078407e-15
-1.6627353e-16
-1.2658235e-15
-1.3689005e-16
-1.3113443e-15
-9.8660465e-17
-1.340701e-15
-5.1319807e-17
4.923131e-18
-1.3501258e-15
-2.8007549e-16
-7.2798424e-17
-3.1915317e-16
-7.9204011e-17
-3.6177606e-16
-8.6076617e-17
-4.0817407e-16
-9.3324567e-17
-4.5852192e-16
-1.0081975e-16
-5.1291725e-16
-1.0838976e-16
-5.7135397e-16
-1.1580972e-16
-6.3369067e-16
-1.2279446e-16
-6.9961447e-16
-1.2899172e-16
-7.6860084e-16
-1.3397753e-16
-8.3987108e-16
-1.3725527e-16
-9.1234969e-16
-1.3825998e-16
-9.8462553e-16
-1.363701e-16
-1.0549215e-15
-1.3092835e-16
-1.1210793e-15
-1.2127383e-16
-1.1805666e-15
-1.0678621e-16
-1.2305147e-15
-8.6941982e-17
-1.2677942e-15
-6.1381013e-17
-1.2891349e-15
-2.9979104e-17
7.0801599e-18
-1.2912919e-15
-2.8596072e-16
-3.6516959e-17
-3.2546054e-16
-3.9704194e-17
-3.6841907e-16
-4.3118086e-17
-4.1503247e-16
-4.6711167e-17
-4.6543458e-16
-5.0417636e-17
-5.1967483e-16
-5.4149516e-17
-5.7769183e-16
-5.7792715e-17
-6.3928301e-16
-6.1203285e-17
-7.0407044e-16
-6.4204286e-17
-7.7146416e-16
-6.6583814e-17
-8.4062454e-16
-6.8094887e-17
-9.1042648e-16
-6.8458046e-17
-9.7942898e-16
-6.7367594e-17
-1.0458549e-15
-6.4502414e-17
-1.1075866e-15
-5.9542156e-17
-1.1621836e-15
-5.2189218e-17
-1.2069292e-15
-4.2196399e-17
-1.238911e-15
-2.9399154e-17
-1.2551397e-15
-1.3750372e-17
4.6456824e-18
-1.2527053e-15
-2.8888776e-16
-3.2859196e-16
-3.7171004e-16
-4.1842121e-16
-4.6883885e-16
-5.2298836e-16
-5.8078108e-16
-6.4198436e-16
-7.0618865e-16
-7.7277246e-16
-8.4086735e-16
-9.0932539e-16
-9.7669299e-16
-1.0411954e-15
-1.1007376e-15
-1.1529268e-15
-1.1951232e-15
-1.2245223e-15
-1.2382727e-15
-1.233627e-15
-1.3360236e-15
6.9280953e-17
-1.295258e-15
1.403144e-16
-1.2254662e-15
2.1590912e-16
-1.1253691e-15
2.933192e-16
-9.9503952e-16
3.6928591e-16
-8.3608806e-16
4.4023107e-16
-6.5173202e-16
5.025118e-16
-4.4672423e-16
5.5271309e-16
5.8794571e-16
-2.2713502e-16
-1.2712544e-15
4.9243499e-17
-1.226487e-15
9.5546982e-17
-1.1551849e-15
1.4460697e-16
-1.0565179e-15
1.9465225e-16
-9.308341e-16
2.436021e-16
-7.7979192e-16
2.8918888e-16
-6.0639728e-16
3.2911716e-16
-4.1492854e-16
3.6124435e-16
3.8376359e-16
-2.1074641e-16
-1.2289665e-15
2.5504684e-17
-1.1817635e-15
4.8343978e-17
-1.1096363e-15
7.2479808e-17
-1.0120283e-15
9.7044228e-17
-8.8944986e-16
1.2102369e-16
-7.4357953e-16
1.4331856e-16
-5.7728191e-16
1.6281953e-16
-3.9453141e-16
1.7849386e-16
1.8947232e-16
-2.0024015e-16
-1.2081223e-15
-1.1597784e-15
-1.0872985e-15
-9.9025432e-16
-8.6923063e-16
-7.2591207e-16
-5.6309254e-16
-3.8459868e-16
-1.9512636e-16
6.0611292e-16
3.953665e-16
1.9512636e-16
-4.4012018e-13
4.8017387e-13
-4.0053676e-14
-3.9224506e-13
-4.787513e-14
-3.3941611e-13
-5.2828946e-14
-2.8463142e-13
-5.4784703e-14
-2.3033005e-13
-5.4301364e-14
-1.7815727e-13
-5.2172805e-14
-1.2903838e-13
-4.9118877e-14
-8.3325135e-14
-4.5713237e-14
-4.0747631e-14
-4.2577527e-14
-4.0748035e-14
-5.67687e-13
5.7496528e-13
-7.2782801e-15
-5.6342592e-13
-4.261111e-15
-5.6101166e-13
-2.4142394e-15
-5.5972152e-13
-1.2901542e-15
-5.5911599e-13
-6.0553199e-16
-5.5893235e-13
-1.8362347e-16
-5.5901611e-13
8.3734342e-17
-5.5927591e-13
2.5981012e-16
-5.5965628e-13
3.803731e-16
-5.6010713e-13
4.5085742e-16
-5.6055966e-13
4.5250688e-16
-5.6089751e-13
3.3784913e-16
-5.6090139e-13
3.9026189e-18
-5.6019078e-13
-7.1063356e-16
-5.5813763e-13
-2.0531486e-15
-5.5376363e-13
-4.3739906e-15
-5.4565503e-13
-8.108602e-15
-5.3197302e-13
-1.3682029e-14
-5.106888e-13
-2.1284217e-14
-3.0514922e-14
-8.8296117e-13
5.0474789e-13
3.7821328e-13
-9.0980957e-13
2.6848386e-14
-8.4367571e-13
-6.6133838e-14
-7.5750435e-13
-8.6171379e-14
-6.8747039e-13
-7.0033942e-14
-6.3873021e-13
-4.8740185e-14
-6.0700507e-13
-3.172514e-14
-5.8711957e-13
-1.9885497e-14
-1.2154291e-14
5.0474789e-13
-1.5210761e-12
-1.7922208e-13
1.6602445e-12
-1.3565351e-12
-2.1241609e-13
-1.1758534e-12
-2.3351072e-13
-9.8864505e-13
-2.4199303e-13
-8.027157e-13
-2.4023073e-13
-6.2330657e-13
-2.3158191e-13
-4.5332474e-13
-2.1910073e-13
-2.938434e-13
-2.0519459e-13
-1.4404421e-13
-1.9237669e-13
-1.8479399e-13
-2.2452914e-12
-3.8753016e-13
2.4535995e-12
-1.9983737e-12
-4.5933388e-13
-1.7280471e-12
-5.0383734e-13
-1.4495202e-12
-5.2051989e-13
-1.174492e-12
-5.15259e-13
-9.1027489e-13
-4.9579895e-13
-6.6059781e-13
-4.6877781e-13
-4.2689908e-13
-4.3889332e-13
-2.0858996e-13
-4.106858e-13
-3.9338644e-13
-2.6903632e-12
-6.4283082e-13
2.9456639e-12
-2.382823e-12
-7.6687411e-13
-2.0467251e-12
-8.3993527e-13
-1.7042492e-12
-8.6299579e-13
-1.3708598e-12
-8.4864838e-13
-1.0547959e-12
-8.1186291e-13
-7.5921955e-13
-7.6435409e-13
-4.853468e-13
-7.1276609e-13
-2.3415302e-13
-6.6187957e-13
-6.2754176e-13
-2.9543425e-12
3.243502e-12
-9.3199035e-13
-2.5951004e-12
-1.1261162e-12
-2.2029704e-12
-1.2320653e-12
-1.8104468e-12
-1.2555194e-12
-1.4375053e-12
-1.2215898e-12
-1.0921359e-12
-1.1572324e-12
-7.7459635e-13
-1.0818936e-12
-4.834336e-13
-1.0039288e-12
-2.244147e-13
-9.2089848e-13
-8.519577e-13
-2.009733e-12
-3.3518679e-14
2.0359734e-12
-1.9936826e-12
-2.0311477e-14
-1.9840394e-12
-1.2057434e-14
-1.9784062e-12
-6.9233459e-15
-1.9752753e-12
-3.7364376e-15
-1.9737026e-12
-1.7563553e-15
-1.9730934e-12
-5.2539819e-16
-1.9730583e-12
2.247082e-16
-1.973305e-12
6.270003e-16
-1.9735529e-12
6.987496e-16
-1.9734425e-12
3.4214529e-16
-1.9724251e-12
-6.7952365e-16
-1.969622e-12
-2.7992154e-15
-1.9636205e-12
-6.7121e-15
-1.9522174e-12
-1.3456269e-14
-1.9321282e-12
-2.4463172e-14
-1.8987614e-12
-4.147541e-14
-1.8462911e-12
-6.6152388e-14
-1.7684218e-12
-9.9153486e-14
-1.3869227e-13
-2.9729296e-12
-6.6491577e-14
3.0059025e-12
-2.9522656e-12
-4.0975471e-14
-2.9394803e-12
-2.4842797e-14
-2.931708e-12
-1.4695566e-14
-2.9271057e-12
-8.3387897e-15
-2.9244871e-12
-4.3750118e-15
-2.9230768e-12
-1.9356064e-15
-2.9223395e-12
-5.126301e-16
-2.9218503e-12
1.3780604e-16
-2.9211892e-12
3.7689241e-17
-2.9198265e-12
-1.0205956e-15
-2.9169782e-12
-3.5278805e-15
-2.9114209e-12
-8.3564204e-15
-2.9012224e-12
-1.6910723e-14
-2.8833673e-12
-3.1311262e-14
-2.8532874e-12
-5.4543097e-14
-2.8043917e-12
-9.0371128e-14
-2.7279268e-12
-1.4261736e-13
-2.6138451e-12
-2.1323517e-13
-2.9893783e-13
-3.497184e-12
-9.2771001e-14
3.5234635e-12
-3.4805269e-12
-5.7632596e-14
-3.4700736e-12
-3.5296057e-14
-3.4635989e-12
-2.1170277e-14
-3.4596571e-12
-1.2280597e-14
-3.4573057e-12
-6.7264223e-15
-3.4559176e-12
-3.3236339e-15
-3.4550504e-12
-1.3799031e-15
-3.4543458e-12
-5.6672515e-16
-3.4534423e-12
-8.6588083e-16
-3.4518791e-12
-2.5838228e-15
-3.4489736e-12
-6.4333732e-15
-3.443636e-12
-1.369397e-14
-3.4340761e-12
-2.6470666e-14
-3.41733e-12
-4.8057334e-14
-3.3885297e-12
-8.3343415e-14
-3.3399169e-12
-1.3898391e-13
-3.2599512e-12
-2.2258304e-13
-3.1335753e-12
-3.3961116e-13
-4.868492e-13
-3.6935671e-12
3.7033981e-12
-1.0260195e-13
-3.6873074e-12
-6.3892323e-14
-3.6833592e-12
-3.9244341e-14
-3.680902e-12
-2.3627462e-14
-3.6794009e-12
-1.3781696e-14
-3.6785057e-12
-7.621612e-15
-3.6779837e-12
-3.8456825e-15
-3.6776718e-12
-1.6917804e-15
-3.6774403e-12
-7.982315e-16
-3.6771578e-12
-1.1483182e-15
-3.6766502e-12
-3.0914052e-15
-3.6756345e-12
-7.4491029e-15
-3.6735935e-12
-1.5734987e-14
-3.6695224e-12
-3.0541734e-14
-3.6614095e-12
-5.6170305e-14
-3.6452164e-12
-9.9536477e-14
-3.6130985e-12
-1.7110181e-13
-3.5509716e-12
-2.8470991e-13
-3.4368182e-12
-4.5376456e-13
-6.801654e-13
-4.2827479e-12
-6.2832442e-13
5.2892855e-12
-3.571497e-12
-6.8440253e-13
-3.0395723e-12
-5.9805849e-13
-2.6687434e-12
-4.570003e-13
-2.4177683e-12
-3.2100906e-13
-2.2524175e-12
-2.1409093e-13
-2.1458842e-12
-1.3825843e-13
-2.0783171e-12
-8.7452616e-14
-5.4498064e-14
-5.3532263e-12
-1.2861981e-12
6.0110999e-12
-4.6926644e-12
-1.3449644e-12
-4.1472828e-12
-1.1434401e-12
-3.7411693e-12
-8.6311385e-13
-3.4567915e-12
-6.0538681e-13
-3.2652564e-12
-4.0562606e-13
-3.1393878e-12
-2.64127e-13
-3.0579715e-12
-1.6886897e-13
-1.0656709e-13
-5.5075025e-12
-1.8848413e-12
6.1061457e-12
-4.9056084e-12
-1.9468585e-12
-4.4376581e-12
-1.6113904e-12
-4.1051323e-12
-1.1956396e-12
-3.8781494e-12
-8.3236969e-13
-3.7272337e-12
-5.5654177e-13
-3.628532e-12
-3.6282879e-13
-3.5645948e-12
-2.3280615e-13
-1.476984e-13
-4.8146947e-12
5.6110532e-12
-2.6811997e-12
-4.3364696e-12
-2.4250836e-12
-4.0805935e-12
-1.8672665e-12
-3.9311977e-12
-1.3450355e-12
-3.8384641e-12
-9.2510322e-13
-3.7799157e-12
-6.150902e-13
-3.7426368e-12
-4.0010771e-13
-3.7187436e-12
-2.5669936e-13
-1.6304393e-13
-4.6855428e-13
6.2625877e-12
-7.2004273e-13
6.2625884e-12
-8.7648548e-13
6.2625884e-12
6.2625878e-12
-1.5280201e-12
-1.7280688e-19
-2.1249614e-20
1.2968898e-19
-1.8455918e-12
-1.1168854e-12
2.0304868e-12
-1.6059554e-12
-1.3657525e-12
-1.3443117e-12
-1.493709e-12
-1.087536e-12
-1.5122951e-12
-8.5049758e-13
-1.4586283e-12
-6.3738516e-13
-1.3703448e-12
-4.4540373e-13
-1.273875e-12
-2.689364e-13
-1.1803962e-12
-1.1091976e-13
-1.0789151e-12
-9.628776e-13
-1.8795052e-12
2.0695437e-12
-1.3069239e-12
-1.6224519e-12
-1.6228059e-12
-1.3413253e-12
-1.7748357e-12
-1.0698135e-12
-1.7838069e-12
-8.2543289e-13
-1.7030089e-12
-6.1216403e-13
-1.5836136e-12
-4.2520362e-13
-1.4608354e-12
-2.5279776e-13
-1.352802e-12
-7.61039e-14
-1.255609e-12
-1.0389813e-12
-2.1975065e-12
-9.8837007e-14
2.1937416e-12
-2.1998837e-12
-6.1515136e-14
-2.2013824e-12
-3.7745691e-14
-2.2023253e-12
-2.2684529e-14
-2.2029194e-12
-1.3187535e-14
-2.2033001e-12
-7.240965e-15
-2.2035596e-12
-3.5861783e-15
-2.2037673e-12
-1.4840125e-15
-2.2039846e-12
-5.8096698e-16
-2.2042767e-12
-8.5620883e-16
-2.2047236e-12
-2.6445315e-15
-2.205424e-12
-6.7487077e-15
-2.2064785e-12
-1.4680439e-14
-2.207908e-12
-2.9112198e-14
-2.2093993e-12
-5.4679036e-14
-2.2096465e-12
-9.9289286e-14
-2.2049072e-12
-1.7584107e-13
-2.1864109e-12
-3.0320627e-13
-2.1370243e-12
-5.0315111e-13
-7.8670288e-13
-2.1375665e-12
2.1270296e-12
-8.8300159e-14
-2.1442391e-12
-5.4842544e-14
-2.1484405e-12
-3.3544329e-14
-2.1510652e-12
-2.0059749e-14
-2.1526913e-12
-1.1561475e-14
-2.1536961e-12
-6.2361608e-15
-2.154334e-12
-2.9482284e-15
-2.1547901e-12
-1.0279151e-15
-2.155221e-12
-1.5016413e-16
-2.1557905e-12
-2.8667066e-16
-2.1567069e-12
-1.7281407e-15
-2.1582621e-12
-5.1935374e-15
-2.1608676e-12
-1.2074928e-14
-2.165052e-12
-2.4927782e-14
-2.1713113e-12
-4.8419699e-14
-2.1795412e-12
-9.1059347e-14
-2.1875114e-12
-1.6787096e-13
-2.1874974e-12
-3.032203e-13
-2.1602576e-12
-5.3039097e-13
-8.7741673e-13
-1.59475e-12
-2.1138239e-12
1.0273741e-12
-1.8877817e-12
-2.1320518e-12
-2.0261141e-12
-1.7289341e-12
-2.0973593e-12
-1.2737903e-12
-2.1383262e-12
-8.8413633e-13
-2.1630697e-12
-5.9034665e-13
-2.1782901e-12
-3.8488736e-13
-2.1877766e-12
-2.4721292e-13
-1.5707889e-13
-9.7445294e-13
3.4203994e-13
-1.4814109e-12
-1.4298999e-12
-1.6766048e-12
-1.7065603e-12
-1.4522737e-12
-1.8742212e-12
-1.1061295e-12
-1.978138e-12
-7.8021948e-13
-2.0432668e-12
-5.2521784e-13
-2.0843702e-12
-3.4378401e-13
-2.1104471e-12
-2.2113601e-13
-1.404964e-13
-5.0064594e-13
-1.5860601e-13
-1.0057246e-12
1.1059255e-12
-1.4071248e-12
-8.6247563e-13
-1.7660549e-12
-7.0542736e-13
-1.931884e-12
-5.5559954e-13
-1.9336347e-12
-4.2362557e-13
-1.8349828e-12
-3.1182212e-13
-1.6954171e-12
-2.1764812e-13
-1.5550095e-12
-1.3627082e-13
-1.4341793e-12
-6.1452635e-14
-1.3304272e-12
-1.1004339e-12
-1.0950374e-12
1.0872112e-12
-8.0474004e-14
-1.0999876e-12
-4.9892297e-14
-1.1030942e-12
-3.0437703e-14
-1.1050233e-12
-1.8130605e-14
-1.1062056e-12
-1.0379217e-14
-1.1069217e-12
-5.520105e-15
-1.1073592e-12
-2.5106743e-15
-1.1076529e-12
-7.3421677e-16
-1.1079148e-12
1.1174742e-16
-1.1082613e-12
5.9877188e-17
-1.1088419e-12
-1.1475535e-15
-1.1098737e-12
-4.1617637e-15
-1.1116832e-12
-1.026541e-14
-1.114746e-12
-2.1865006e-14
-1.1196766e-12
-4.3489133e-14
-1.1270305e-12
-8.3705427e-14
-1.1366173e-12
-1.5828416e-13
-1.1456354e-12
-2.9420216e-13
-1.1438022e-12
-5.3222415e-13
-9.1529331e-13
-3.743687e-13
9.5513476e-14
-1.2025557e-12
-6.2576994e-13
-1.4252036e-12
-7.9389248e-13
-1.2841512e-12
-9.057797e-13
-9.9424224e-13
-9.7862635e-13
-7.0737284e-13
-1.0255475e-12
-4.7829673e-13
-1.0556422e-12
-3.1368931e-13
-1.0749081e-12
-2.0187004e-13
-1.2819332e-13
-6.3092542e-14
-2.5639236e-12
-1.6609262e-12
2.8177251e-12
-2.1821463e-12
-2.1478322e-12
-1.7603485e-12
-2.3536818e-12
-1.3631901e-12
-2.330793e-12
-1.0222732e-12
-2.1758998e-12
-7.4428336e-13
-1.973407e-12
-5.2357752e-13
-1.7757153e-12
-3.5346554e-13
-1.6042913e-12
-2.2909982e-13
-1.4547929e-12
-1.3295326e-12
-2.4093879e-12
-1.8802419e-12
2.6287037e-12
-2.0270168e-12
-2.5302033e-12
-1.5973124e-12
-2.7833863e-12
-1.1993641e-12
-2.7287413e-12
-8.6977439e-13
-2.5054895e-12
-6.1430023e-13
-2.2288811e-12
-4.2289534e-13
-1.9671202e-12
-2.7835939e-13
-1.7488273e-12
-1.5173459e-13
-1.5814177e-12
-1.4812658e-12
-2.0538603e-12
-2.0252671e-12
2.1988855e-12
-1.7094953e-12
-2.8745683e-12
-1.3073249e-12
-3.1855567e-12
-9.3848095e-13
-3.0975853e-12
-6.4398151e-13
-2.799989e-12
-4.2872197e-13
-2.4441407e-12
-2.7909994e-13
-2.1167422e-12
-1.738642e-13
-1.854063e-12
-8.7728061e-14
-1.6675538e-12
-1.5689924e-12
-1.4363988e-12
1.4158985e-12
-2.0047669e-12
-1.1966618e-12
-3.1143052e-12
-8.7204097e-13
-3.5101775e-12
-5.7035451e-13
-3.3992717e-12
-3.4040665e-13
-3.0299368e-12
-1.8810266e-13
-2.5964447e-12
-9.8583642e-14
-2.2062612e-12
-5.0439151e-14
-1.9022075e-12
-2.2395811e-14
-1.6955972e-12
-1.5913867e-12
-2.6239586e-12
-5.4837789e-14
2.5983224e-12
-2.6401234e-12
-3.3727514e-14
-2.6502126e-12
-2.0348473e-14
-2.6564236e-12
-1.1919645e-14
-2.6601753e-12
-6.627515e-15
-2.662388e-12
-3.3073983e-15
-2.6636712e-12
-1.2274471e-15
-2.664455e-12
4.958908e-17
-2.6650902e-12
7.4691143e-16
-2.6659369e-12
9.0658795e-16
-2.6674614e-12
3.7688553e-16
-2.6703616e-12
-1.2614767e-15
-2.6757402e-12
-4.8868337e-15
-2.6853355e-12
-1.2269674e-14
-2.7017542e-12
-2.7070494e-14
-2.7284428e-12
-5.7016824e-14
-2.7685961e-12
-1.1813082e-13
-2.8205549e-12
-2.422434e-13
-2.8624984e-12
-4.9028065e-13
-9.6006668e-13
-2.1771528e-12
-2.8039027e-14
2.150354e-12
-2.1938853e-12
-1.6994986e-14
-2.2041815e-12
-1.0052302e-14
-2.2103869e-12
-5.7142545e-15
-2.2140064e-12
-3.0080112e-15
-2.2160034e-12
-1.3103891e-15
-2.2170017e-12
-2.2917326e-16
-2.2174252e-12
4.7311462e-16
-2.2176032e-12
9.2500459e-16
-2.2178624e-12
1.1657046e-15
-2.2186278e-12
1.1423334e-15
-2.2205617e-12
6.7241747e-16
-2.2247856e-12
-6.6289405e-16
-2.2332573e-12
-3.7980542e-15
-2.2494195e-12
-1.0908266e-14
-2.2791884e-12
-2.7247952e-14
-2.3321663e-12
-6.5152874e-14
-2.4216581e-12
-1.5275161e-13
-2.549887e-12
-3.6205172e-13
-8.8125006e-13
-1.5010275e-12
-7.6945643e-15
1.480683e-12
-1.5134975e-12
-4.5250101e-15
-1.5209824e-12
-2.5673861e-15
-1.5253311e-12
-1.3654999e-15
-1.5277127e-12
-6.2646483e-16
-1.5288588e-12
-1.6423837e-16
-1.5292262e-12
1.3816696e-16
-1.5291054e-12
3.5229426e-16
-1.5287027e-12
5.2230049e-16
-1.5282044e-12
6.6744544e-16
-1.5278489e-12
7.8681282e-16
-1.5280298e-12
8.5338095e-16
-1.529474e-12
7.8131549e-16
-1.5335854e-12
3.1335998e-16
-1.5432679e-12
-1.2257866e-15
-1.5646344e-12
-5.881483e-15
-1.610541e-12
-1.9246196e-14
-1.7085572e-12
-5.4735394e-14
-1.9101574e-12
-1.6045151e-13
-5.9252198e-13
-5.7700269e-13
5.6930811e-13
-5.8152769e-13
-5.8409507e-13
-5.8546058e-13
-5.8608703e-13
-5.8625126e-13
-5.8611309e-13
-5.8576079e-13
-5.8523848e-13
-5.8457104e-13
-5.8378425e-13
-5.8293086e-13
-5.8214954e-13
-5.8183619e-13
-5.8306195e-13
-5.8894344e-13
-6.0818964e-13
-6.6292505e-13
-8.2337657e-13
-6.5856533e-13
-6.3339384e-13
8.9403486e-14
-1.2284355e-12
-8.5533344e-13
-1.6892313e-12
-8.2335542e-13
-2.0208177e-12
-6.6265575e-13
-2.2472359e-12
-4.809547e-13
-2.397255e-12
-3.2827757e-13
-2.4949768e-12
-2.1596757e-13
-2.5579894e-12
-1.3885737e-13
-8.7860371e-14
-3.8781985e-13
-2.7140543e-13
2.5831439e-14
-8.3143714e-13
-4.1171613e-13
-1.2373238e-12
-4.1746878e-13
-1.5554346e-12
-3.44545e-13
-1.7836132e-12
-2.5277613e-13
-1.9389796e-12
-1.729112e-13
-2.0415327e-12
-1.1341438e-13
-2.1079329e-12
-7.2457243e-14
-4.5439214e-14
-1.8822502e-13
-6.9853768e-14
-1.3326671e-14
-4.8257692e-13
-1.1736423e-13
-7.7600798e-13
-1.2403774e-13
-1.0171487e-12
-1.0340419e-13
-1.1943123e-12
-7.5612584e-14
-1.316029e-12
-5.1194479e-14
-1.3963433e-12
-3.3100101e-14
-1.4480169e-12
-2.0783678e-14
-1.2773058e-14
-3.1038068e-14
-3.8815674e-14
-1.4840228e-13
-2.7244002e-13
-3.7584421e-13
-4.5145678e-13
-5.0265126e-13
-5.3575137e-13
-5.5653504e-13
2.6310953e-14
5.2142368e-14
3.8815689e-14
-5.4642249e-13
-1.4583444e-12
-5.3224408e-13
-3.1284836e-12
-3.0660832e-13
-3.7358133e-12
-7.7120488e-14
-3.6287596e-12
7.7201794e-14
-3.1842592e-12
1.4763251e-13
-2.6668754e-12
1.5308064e-13
-2.2117094e-12
1.1784444e-13
-1.8669713e-12
6.2573255e-14
-1.640326e-12
-1.5288117e-12
4.9341523e-14
-1.5076859e-12
2.6172199e-13
-3.3408641e-12
5.0284833e-13
-3.9769396e-12
6.4551874e-13
-3.77143e-12
6.678332e-13
-3.2065736e-12
5.9877333e-13
-2.5978155e-12
4.749143e-13
-2.0878503e-12
3.2417298e-13
-1.71623e-12
1.6339301e-13
-1.479546e-12
-1.3654169e-12
4.7042636e-13
-1.9781123e-12
1.0600362e-12
-3.9304739e-12
1.399972e-12
-4.3168754e-12
1.4499376e-12
-3.8213956e-12
1.3070832e-12
-3.0637193e-12
1.069071e-12
-2.3598033e-12
7.9812246e-13
-1.8169018e-12
5.2481102e-13
-1.4429186e-12
2.592466e-13
-1.2139815e-12
-1.106169e-12
1.1825561e-12
-3.1606684e-12
2.2184717e-12
-4.9663894e-12
2.5242181e-12
-4.6226219e-12
2.3368732e-12
-3.6340506e-12
1.9378529e-12
-2.664699e-12
1.4909831e-12
-1.9129336e-12
1.0661434e-12
-1.392062e-12
6.8152606e-13
-1.0583012e-12
3.3134633e-13
-8.6380183e-13
-7.748221e-13
3.4156545e-12
-6.5763229e-12
4.3158828e-12
-5.8666177e-12
3.9394586e-12
-4.2461977e-12
3.1749682e-12
-2.8695602e-12
2.3970499e-12
-1.8867807e-12
1.7279412e-12
-1.2438249e-12
1.1818696e-12
-8.4599038e-13
7.3424283e-13
-6.106745e-13
3.5135673e-13
-4.8091571e-13
-4.2346581e-13
1.076572e-11
-3.4947806e-12
-1.3847262e-11
7.6783876e-12
-2.7792857e-12
5.2962534e-12
-1.8640634e-12
3.5971374e-12
-1.1704442e-12
2.4260571e-12
-7.1570047e-13
1.621769e-12
-4.3953677e-13
1.0556796e-12
-2.7990095e-13
6.3597918e-13
-1.9097413e-13
2.9929416e-13
-1.4423071e-13
-1.2417279e-13
7.7083099e-12
-1.120309e-11
4.9290241e-12
3.0649607e-12
1.8945165e-12
1.1788161e-12
7.3927929e-13
4.5937834e-13
2.6840423e-13
1.2417352e-13
1.2256922e-11
-6.2070289e-13
-1.1636219e-11
1.2433631e-11
-1.7670922e-13
1.2489785e-11
-5.6154115e-14
1.2511167e-11
-2.1381995e-14
1.2519664e-11
-8.4969189e-15
1.2522998e-11
-3.3337075e-15
1.2524312e-11
-1.314343e-15
1.2524839e-11
-5.2660885e-16
1.2525054e-11
-2.1550967e-16
1.2525154e-11
-9.9785619e-17
1.2525233e-11
-7.8928448e-17
1.2525369e-11
-1.3580001e-16
1.2525687e-11
-3.177774e-16
1.2526465e-11
-7.7849684e-16
1.2528539e-11
-2.0737215e-15
1.2534755e-11
-6.2155607e-15
1.2552605e-11
-1.7850565e-14
1.2598428e-11
-4.5822775e-14
1.2766458e-11
-1.6802986e-13
-1.0808042e-12
1.279343e-11
-1.3414133e-11
1.2616721e-11
1.2560567e-11
1.2539185e-11
1.2530688e-11
1.2527354e-11
1.252604e-11
1.2525513e-11
1.2525298e-11
1.2525198e-11
1.2525119e-11
1.2524983e-11
1.2524666e-11
1.2523887e-11
1.2521813e-11
1.2515598e-11
1.2497747e-11
1.2451924e-11
1.2283895e-11
9.9101524e-12
-4.2879354e-13
-9.4813588e-12
1.0125548e-11
-2.1539568e-13
1.025234e-11
-1.2679145e-13
1.0364384e-11
-1.1204475e-13
1.0478391e-11
-1.1400648e-13
1.0608529e-11
-1.3013824e-13
1.0775271e-11
-1.6674165e-13
1.1045825e-11
-2.7055417e-13
-5.9039438e-13
1.1124907e-11
-9.7797999e-12
-1.7739007e-12
1.2095787e-11
-1.1862754e-12
1.2721576e-11
-7.5258069e-13
1.3149514e-11
-5.3998304e-13
1.3444878e-11
-4.093702e-13
1.3647527e-11
-3.3278711e-13
1.3767149e-11
-2.8636383e-13
1.3756574e-11
-2.5997922e-13
-2.4795345e-13
-4.2625354e-12
-8.8235119e-12
1.0451319e-17
-1.7738827e-12
-2.8519993e-17
6.7120257e-18
-1.1862717e-12
7.178194e-18
-7.5258116e-13
7.1946233e-18
-5.3998306e-13
7.2230828e-18
-4.0937023e-13
7.2691099e-18
-3.3278716e-13
7.5430211e-18
-2.8636409e-13
7.5868656e-18
-2.5997926e-13
-2.4794586e-13
1.053706e-12
-8.2723684e-13
-2.0003518e-12
5.2818355e-13
-6.6074924e-13
2.8965368e-13
-5.1405128e-13
1.6326653e-13
-4.1359591e-13
9.5819455e-14
-3.4192315e-13
5.6559283e-14
-2.9352698e-13
3.1877198e-14
-2.6168201e-13
1.4419197e-14
-2.4252126e-13
-2.3352666e-13
1.162136e-12
-2.1026549e-12
1.1328203e-13
6.2370516e-13
-1.2231838e-13
3.6341171e-13
-2.5375783e-13
2.1723804e-13
-2.6742224e-13
1.3362459e-13
-2.5830971e-13
8.179288e-14
-2.4169527e-13
4.7243341e-14
-2.2713247e-13
2.1671813e-14
-2.1694973e-13
-2.1185485e-13
-3.9526382e-12
-1.0820889e-12
1.6861584e-12
6.1371298e-13
2.2625474e-13
-7.2668569e-13
4.6775069e-13
2.3643904e-14
3.2744765e-13
-1.1345479e-13
2.2371356e-13
-1.6368814e-13
1.4972508e-13
-1.8432123e-13
9.698492e-14
-1.8895511e-13
5.7985412e-14
-1.8813296e-13
2.7096775e-14
-1.860611e-13
-1.8475807e-13
4.1463785e-13
2.339514e-13
-4.2233451e-13
3.5429869e-13
8.398307e-14
2.7243179e-13
-3.1587894e-14
2.0070676e-13
-9.1963106e-14
1.4230504e-13
-1.2591951e-13
9.6136797e-14
-1.4278687e-13
5.9070865e-14
-1.5106703e-13
2.8000481e-14
-1.5499071e-13
-1.5675759e-13
2.5176797e-13
1.8852801e-13
-2.0634457e-13
2.4590692e-13
8.9844114e-14
2.0894935e-13
5.3696763e-15
1.6583397e-13
-4.8847727e-14
1.2418944e-13
-8.4274978e-14
8.7162742e-14
-1.0576018e-13
5.4800713e-14
-1.18705e-13
2.6224791e-14
-1.2641479e-13
-1.305328e-13
1.6355204e-13
1.4375231e-13
-1.1877634e-13
1.7303257e-13
8.0363591e-14
1.5752336e-13
2.087888e-14
1.3196824e-13
-2.3292607e-14
1.0296684e-13
-5.5273572e-14
7.4222083e-14
-7.7015423e-14
4.7072193e-14
-9.1555112e-14
2.22941e-14
-1.016367e-13
-1.082387e-13
1.0653351e-13
-6.9643549e-14
1.0686235e-13
1.2060134e-13
6.6295756e-14
1.1634132e-13
2.51389e-14
1.019374e-13
-8.8886822e-15
8.2190085e-14
-3.5526258e-14
6.0332868e-14
-5.5158206e-14
3.8109896e-14
-6.933214e-14
1.7506363e-14
-8.1033165e-14
-9.0732336e-14
9.5947276e-13
5.3713825e-13
3.3079368e-13
2.1201733e-13
1.4237378e-13
-2.7109514e-16
-4.9326287e-17
3.2042143e-16
-2.2796079e-16
-4.3134351e-17
-1.8989048e-16
-3.807031e-17
-1.5593953e-16
-3.395095e-17
-1.2530447e-16
-3.0635059e-17
-9.729028e-17
-2.8014188e-17
-7.1284302e-17
-2.6005977e-17
-4.6734943e-17
-2.4549359e-17
-2.3133784e-17
-2.3601159e-17
-2.3133784e-17
-2.6531673e-16
-9.7371463e-17
3.133619e-16
-2.2323853e-16
-8.5212546e-17
-1.8605158e-16
-7.5257264e-17
-1.5285101e-16
-6.7151513e-17
-1.2286435e-16
-6.0621715e-17
-9.5421202e-17
-5.5457339e-17
-6.9928947e-17
-5.1498231e-17
-4.5852819e-17
-4.8625486e-17
-2.2699025e-17
-4.6754952e-17
-4.5832809e-17
-2.5397258e-16
-1.4292079e-16
2.9952191e-16
-2.1395705e-16
-1.2522808e-16
-1.7849901e-16
-1.107153e-16
-1.4676989e-16
-9.888063e-17
-1.1805679e-16
-8.9334812e-17
-9.1736826e-17
-8.1777303e-17
-6.7256202e-17
-7.5978854e-17
-4.4112811e-17
-7.1768877e-17
-2.1841316e-17
-6.9026445e-17
-6.7674125e-17
-2.3747093e-16
-1.8488487e-16
2.7943501e-16
-2.0043029e-16
-1.6226872e-16
-1.6747459e-16
-1.4367099e-16
-1.3788178e-16
-1.2847344e-16
-1.1102269e-16
-1.1619391e-16
-8.6341592e-17
-1.064584e-16
-6.3339885e-17
-9.8980561e-17
-4.1562085e-17
-9.3546675e-17
-2.0583649e-17
-9.000488e-17
-8.8257775e-17
-2.1639162e-16
2.5385449e-16
-2.2234774e-16
-1.8310647e-16
-1.9555388e-16
-1.5332507e-16
-1.7345239e-16
-1.2645379e-16
-1.5534472e-16
-1.0196539e-16
-1.4068231e-16
-7.9386584e-17
-1.290372e-16
-5.8286966e-17
-1.2008018e-16
-3.8269083e-17
-1.1356456e-16
-1.8959409e-17
-1.0931455e-16
-1.0721718e-16
-2.3306402e-14
-1.4269269e-14
3.7575671e-14
-1.4735128e-14
-8.5712741e-15
-1.0121994e-14
-4.6131341e-15
-7.2570868e-15
-2.864907e-15
-5.4167735e-15
-1.8403133e-15
-4.160265e-15
-1.2565085e-15
-3.2689317e-15
-8.9133327e-16
-2.614387e-15
-6.5454472e-16
-2.1206876e-15
-4.9369939e-16
-1.739912e-15
-3.8077561e-16
-1.4407833e-15
-2.9912869e-16
-1.2021198e-15
-2.3866352e-16
-1.0091592e-15
-1.929606e-16
-8.5134536e-16
-1.5781384e-16
-7.2096167e-16
-1.3038369e-16
-6.1225589e-16
-1.0870577e-16
-5.2086456e-16
-9.1391337e-17
-4.434246e-16
-7.7439953e-17
-3.7730562e-16
-6.6118985e-17
-5.688419e-17
-1.3226633e-14
-1.7263692e-14
1.6221056e-14
-1.0382288e-14
-1.1415619e-14
-7.9680199e-15
-7.0274024e-15
-6.1446441e-15
-4.6882827e-15
-4.7912953e-15
-3.1936622e-15
-3.7861046e-15
-2.2616992e-15
-3.0313147e-15
-1.6461232e-15
-2.4560845e-15
-1.2297748e-15
-2.0109312e-15
-9.3885276e-16
-1.661313e-15
-7.3039379e-16
-1.3829784e-15
-5.7746328e-16
-1.1586598e-15
-4.6298215e-16
-9.7587485e-16
-3.7574553e-16
-8.2545381e-16
-3.0823488e-16
-7.0055391e-16
-2.5528358e-16
-5.9599141e-16
-2.1326828e-16
-5.0778284e-16
-1.795999e-16
-4.3282537e-16
-1.5239743e-16
-3.6867054e-16
-1.3027382e-16
-1.1219282e-16
-6.2890248e-15
-1.567456e-14
4.6998926e-15
-6.3399488e-15
-1.1364695e-14
-5.5471821e-15
-7.8201691e-15
-4.6681654e-15
-5.5672993e-15
-3.8602691e-15
-4.0015585e-15
-3.1803133e-15
-2.9416551e-15
-2.6241113e-15
-2.2023251e-15
-2.1740644e-15
-1.6798218e-15
-1.810198e-15
-1.3027191e-15
-1.514934e-15
-1.0256578e-15
-1.2739365e-15
-8.1846074e-16
-1.0759071e-15
-6.6101159e-16
-9.1204984e-16
-5.3960276e-16
-7.7553356e-16
-4.4475116e-16
-6.6103628e-16
-3.6978086e-16
-5.6438666e-16
-3.0991789e-16
-4.8228995e-16
-2.6169661e-16
-4.1212119e-16
-2.2256619e-16
-3.517697e-16
-1.9062531e-16
-1.6444061e-16
-1.9627845e-15
-1.3021236e-14
-6.9053955e-16
-3.1401133e-15
-1.0187366e-14
-3.3399588e-15
-7.6203235e-15
-3.1621273e-15
-5.7451308e-15
-2.8295091e-15
-4.3341768e-15
-2.4657777e-15
-3.3053864e-15
-2.1202883e-15
-2.5478146e-15
-1.8121712e-15
-1.9879389e-15
-1.5453704e-15
-1.5695199e-15
-1.3176653e-15
-1.2533629e-15
-1.1245485e-15
-1.0115776e-15
-9.6106584e-16
-8.2449424e-16
-8.225663e-16
-6.781023e-16
-7.0496774e-16
-5.6234972e-16
-6.0480102e-16
-4.6994758e-16
-5.1916422e-16
-3.9555469e-16
-4.456464e-16
-3.3521443e-16
-3.8224764e-16
-2.8596495e-16
-3.2730605e-16
-2.455669e-16
-2.1231165e-16
6.7650268e-16
-3.3449868e-15
-1.0352752e-14
-8.6703806e-16
-8.6438253e-15
-1.5750888e-15
-6.9122728e-15
-1.8377595e-15
-5.4824601e-15
-1.8519942e-15
-4.3199421e-15
-1.7458993e-15
-3.4114812e-15
-1.587723e-15
-2.7059909e-15
-1.4147343e-15
-2.1609276e-15
-1.2455645e-15
-1.7386897e-15
-1.0888628e-15
-1.4100647e-15
-9.4787869e-16
-1.1525616e-15
-8.2310159e-16
-9.4927134e-16
-7.136815e-16
-7.8752238e-16
-6.1819583e-16
-6.5783539e-16
-5.3504748e-16
-5.5309593e-16
-4.6266347e-16
-4.679387e-16
-3.9958569e-16
-3.9829221e-16
-3.4450475e-16
-3.4104589e-16
-2.9626483e-16
-2.9380682e-16
-2.5472198e-16
7.141318e-14
7.9120625e-14
-4.3671458e-14
8.4788673e-14
5.2920262e-14
8.5366937e-14
2.4560637e-14
7.7286145e-14
-8.078897e-16
6.3497099e-14
-2.1737212e-14
4.5902797e-14
-3.7563904e-14
2.5038617e-14
-4.846796e-14
-1.8645454e-15
-5.4130003e-14
-5.502121e-14
4.87108e-14
5.8806712e-14
-2.8396887e-14
6.0003958e-14
4.1627103e-14
6.2527896e-14
2.2036699e-14
5.8272625e-14
3.4473812e-15
4.9062695e-14
-1.2527282e-14
3.6385037e-14
-2.4886246e-14
2.1149885e-14
-3.3232808e-14
3.5742835e-15
-3.6554401e-14
-3.5225871e-14
3.3872868e-14
4.4068723e-14
-1.9134879e-14
4.288468e-14
3.2615292e-14
4.5915218e-14
1.900616e-14
4.3858591e-14
5.5040085e-15
3.7812134e-14
-6.4808247e-15
2.8885416e-14
-1.5959528e-14
1.8033017e-14
-2.238041e-14
6.4667226e-15
-2.4988106e-14
-2.4059255e-14
2.3944295e-14
3.3360173e-14
-1.3235745e-14
3.0963802e-14
2.5595785e-14
3.3900544e-14
1.6069418e-14
3.3117313e-14
6.2872394e-15
2.9274255e-14
-2.6377665e-15
2.3181694e-14
-9.8669668e-15
1.5676683e-14
-1.4875399e-14
7.848399e-15
-1.7159822e-14
-1.6901396e-14
1.7187341e-14
-9.3585139e-15
2.5531346e-14
2.2598825e-14
2.0184301e-14
2.5210189e-14
1.3458054e-14
2.5136414e-14
6.3610143e-15
2.2771335e-14
-2.7268728e-16
1.8687437e-14
-5.7830687e-15
1.3544418e-14
-9.7323806e-15
8.177453e-15
-1.1792857e-14
-1.206893e-14
9.8702325e-14
7.0305438e-14
5.117056e-14
3.7934814e-14
2.85763e-14
-2.0413983e-16
-2.5669536e-16
2.3848745e-16
-1.7334172e-16
-2.2635199e-16
-1.4556945e-16
-2.0122466e-16
-1.203439e-16
-1.8057027e-16
-9.7226153e-17
-1.6380005e-16
-7.5812077e-17
-1.5045128e-16
-5.5726522e-17
-1.4016573e-16
-3.6617387e-17
-1.3267369e-16
-1.8149736e-17
-1.277822e-16
-1.2536692e-16
-1.7168835e-16
-2.8444524e-16
1.9943823e-16
-1.4648049e-16
-2.5155985e-16
-1.2349821e-16
-2.2420694e-16
-1.0242911e-16
-2.0163936e-16
-8.2970175e-17
-1.8325899e-16
-6.4829901e-17
-1.6859155e-16
-4.7728389e-17
-1.5726724e-16
-3.1396096e-17
-1.4900598e-16
-1.5571788e-17
-1.4360651e-16
-1.4093871e-16
-1.3655582e-16
-3.052777e-16
1.5738828e-16
-1.1726784e-16
-2.7084782e-16
-9.9403072e-17
-2.4207171e-16
-8.2809404e-17
-2.1823303e-16
-6.7316983e-17
-1.9875141e-16
-5.274655e-17
-1.8316198e-16
-3.8914539e-17
-1.7109925e-16
-2.5635987e-17
-1.6228453e-16
-1.2725957e-17
-1.5651654e-16
-1.5366467e-16
-9.9807576e-17
-3.1912923e-16
1.136591e-16
-8.6560435e-17
-2.8409496e-16
-7.3969292e-17
-2.5466285e-16
-6.2027719e-17
-2.301746e-16
-5.0689641e-17
-2.1008949e-16
-3.988224e-17
-1.9396938e-16
-2.9514951e-17
-1.8146654e-16
-1.9485692e-17
-1.7231379e-16
-9.6851844e-18
-1.6631705e-16
-1.6334985e-16
-6.245209e-17
-3.2615736e-16
6.9480225e-17
-5.5181261e-17
-2.9136579e-16
-4.7863536e-17
-2.6198058e-16
-4.0617877e-17
-2.3742026e-16
-3.3507736e-17
-2.1719963e-16
-2.655679e-17
-2.0092033e-16
-1.9760554e-17
-1.8826278e-16
-1.3095016e-17
-1.7897933e-16
-6.5231505e-18
-1.7288891e-16
-1.69873e-16
-2.5393397e-17
-3.2669576e-16
2.5931795e-17
-2.3880872e-17
-2.9287831e-16
-2.1702674e-17
-2.6415877e-16
-1.9079855e-17
-2.4004308e-16
-1.6168201e-17
-2.2011128e-16
-1.307517e-17
-2.0401336e-16
-9.8729005e-18
-1.9146505e-16
-6.6083031e-18
-1.8224393e-16
-3.311032e-18
-1.7618618e-16
-1.7318403e-16
1.0592749e-17
-1.6080822e-17
-3.2120769e-16
6.6838926e-18
-2.8896946e-16
3.9644973e-18
-2.6143938e-16
2.1354358e-18
-2.3821402e-16
9.6697981e-19
-2.1894282e-16
2.8202644e-19
-2.0332841e-16
-5.7214202e-20
-1.911258e-16
-1.5989524e-19
-1.8214125e-16
-1.1525996e-19
-1.7623081e-16
-1.7329929e-16
2.3950598e-15
-7.8927862e-15
-4.8550254e-15
7.4764711e-16
-6.9964126e-15
-2.3153366e-16
-5.933092e-15
-7.7705864e-16
-4.9369351e-15
-1.0407885e-15
-4.0562123e-15
-1.1351257e-15
-3.317144e-15
-1.1311552e-15
-2.7099615e-15
-1.0739395e-15
-2.2181432e-15
-9.9066842e-16
-1.8219608e-15
-8.9739978e-16
-1.5033334e-15
-8.0325478e-16
-1.2467066e-15
-7.1316082e-16
-1.0393653e-15
-6.2954251e-16
-8.7114069e-16
-5.5336341e-16
-7.3401449e-16
-4.8475632e-16
-6.2170302e-16
-4.2340154e-16
-5.2929347e-16
-3.6875097e-16
-4.5294278e-16
-3.2015867e-16
-3.8963818e-16
-2.7695511e-16
-3.3701039e-16
-2.9318964e-16
3.2587082e-15
-5.9169369e-15
-5.2345575e-15
1.7949669e-15
-5.5326712e-15
7.9547937e-16
-4.9336045e-15
1.4301956e-16
-4.2844753e-15
-2.5800466e-16
-3.655188e-15
-4.8777047e-16
-3.0873782e-15
-6.0424571e-16
-2.5934862e-15
-6.4840505e-16
-2.1739839e-15
-6.4794805e-16
-1.8224178e-15
-6.212266e-16
-1.5300548e-15
-5.8012638e-16
-1.2878069e-15
-5.3219667e-16
-1.087295e-15
-4.821184e-16
-9.2121896e-16
-4.3270175e-16
-7.8343113e-16
-3.8554981e-16
-6.6885497e-16
-3.4149585e-16
-5.7334743e-16
-3.008891e-16
-4.9354953e-16
-2.637801e-16
-4.2674718e-16
-2.3004024e-16
-3.7075024e-16
-3.2379165e-16
3.6021428e-15
-4.3798357e-15
-5.139244e-15
2.3732682e-15
-4.3037966e-15
1.4534456e-15
-4.013782e-15
7.9250794e-16
-3.6235376e-15
3.3659621e-16
-3.1992763e-15
3.3694479e-17
-2.7844765e-15
-1.5869718e-16
-2.4010946e-15
-2.7362481e-16
-2.0590562e-15
-3.3552369e-16
-1.7605189e-15
-3.6198305e-16
-1.5035954e-15
-3.6537798e-16
-1.2844119e-15
-3.5427089e-16
-1.0984021e-15
-3.344963e-16
-9.4099355e-16
-3.0997033e-16
-8.079571e-16
-2.8327565e-16
-6.9554966e-16
-2.5607664e-16
-6.0054644e-16
-2.2941029e-16
-5.2021588e-16
-2.0388816e-16
-4.5226931e-16
-1.7983577e-16
-3.9480263e-16
-3.4623913e-16
3.6394908e-15
-3.2054458e-15
-4.8138807e-15
2.6411956e-15
-3.3055013e-15
1.8411296e-15
-3.213716e-15
1.2249904e-15
-3.0073984e-15
7.6656426e-16
-2.7408502e-15
4.3508336e-16
-2.4529956e-15
2.019219e-16
-2.1679331e-15
4.2611302e-17
-1.8997457e-15
-6.2481397e-17
-1.6554262e-15
-1.2853852e-16
-1.4375383e-15
-1.6697953e-16
-1.2459709e-15
-1.8622695e-16
-1.0791547e-15
-1.9239717e-16
-9.3482332e-16
-1.8987539e-16
-8.1047888e-16
-1.8176869e-16
-7.0365636e-16
-1.7025207e-16
-6.1206305e-16
-1.5682699e-16
-5.3364096e-16
-1.4251158e-16
-4.6658472e-16
-1.2797929e-16
-4.0933492e-16
-3.6055932e-16
3.5057975e-15
-2.318802e-15
-4.3924413e-15
2.7117928e-15
-2.5114967e-15
2.039556e-15
-2.5414791e-15
1.4926835e-15
-2.4605259e-15
1.0619117e-15
-2.3100784e-15
7.3117759e-16
-2.1222615e-15
4.82791e-16
-1.9195465e-15
2.9992556e-16
-1.7168802e-15
1.6791096e-16
-1.5234116e-15
7.459408e-17
-1.3442214e-15
1.0260535e-17
-1.1816374e-15
-3.2663365e-17
-1.0362308e-15
-5.9973068e-17
-9.0751362e-16
-7.6040138e-17
-7.9441181e-16
-8.4123833e-17
-6.9557266e-16
-8.6629724e-17
-6.0955716e-16
-8.5316521e-17
-5.3495416e-16
-8.1457465e-17
-4.7044378e-16
-7.5964127e-17
-4.1482825e-16
-3.6704323e-16
3.2845163e-15
-1.655516e-15
-3.9478022e-15
2.6623134e-15
-1.8892938e-15
2.1103684e-15
-1.9895342e-15
1.6402295e-15
-1.990387e-15
1.2522886e-15
-1.9221375e-15
9.4001942e-16
-1.8099923e-15
6.9368587e-16
-1.673213e-15
5.0260088e-16
-1.5257952e-15
3.5651633e-16
-1.377327e-15
2.4630304e-16
-1.2340081e-15
1.6420877e-16
-1.0995431e-15
1.038619e-16
-9.7588391e-16
6.0147966e-17
-8.6379969e-16
2.90333e-17
-7.6329714e-16
7.3795151e-18
-6.7391888e-16
-7.2289777e-18
-5.9494866e-16
-1.6634876e-17
-5.2554826e-16
-2.2232941e-17
-4.6484571e-16
-2.507127e-17
-4.1198993e-16
-3.661827e-16
3.0265891e-15
-3.5186908e-15
-1.1634144e-15
2.54452e-15
-1.4072246e-15
2.0987084e-15
-1.5437226e-15
1.70336e-15
-1.5950386e-15
1.3638692e-15
-1.5826466e-15
1.079525e-15
-1.5256481e-15
8.4603055e-16
-1.4397185e-15
6.5729916e-16
-1.3370638e-15
5.0669357e-16
-1.2267214e-15
3.8777286e-16
-1.1150874e-15
2.946969e-16
-1.0064671e-15
2.2239831e-16
-9.0358532e-16
1.6661331e-16
-8.0801469e-16
1.2383346e-16
-7.2051729e-16
9.1219704e-17
-6.4130512e-16
6.6503825e-17
-5.7023278e-16
4.7891605e-17
-5.0693604e-16
3.3974867e-17
-4.5092897e-16
2.3655343e-17
-4.016704e-16
-3.5860818e-16
1.3241892e-14
1.9418341e-14
-7.1288874e-15
1.7656816e-14
1.5769378e-14
2.0031269e-14
1.1083601e-14
2.0369203e-14
6.0230802e-15
1.8914624e-14
1.1818913e-15
1.6082748e-14
-2.9511919e-15
1.2388475e-14
-6.0381081e-15
8.4568398e-15
-7.8612211e-15
-8.4671155e-15
9.5804549e-15
1.4950998e-14
-5.113112e-15
1.2926937e-14
1.2422896e-14
1.4887599e-14
9.1229384e-15
1.5421258e-14
5.4894213e-15
1.4664393e-14
1.9387561e-15
1.2888646e-14
-1.1754451e-15
1.0450417e-14
-3.5998787e-15
7.7707675e-15
-5.1815716e-15
-5.9309055e-15
7.0317846e-15
1.164623e-14
-3.7270161e-15
9.5849459e-15
9.8697343e-15
1.1188082e-14
7.5198018e-15
1.1788341e-14
4.8891624e-15
1.1459403e-14
2.2676943e-15
1.0375594e-14
-9.1635958e-17
8.7772563e-15
-2.0015409e-15
6.9450325e-15
-3.3493478e-15
-4.1251169e-15
5.2347332e-15
9.1701303e-15
-2.7586336e-15
7.1992391e-15
7.9052284e-15
8.5057731e-15
6.2132678e-15
9.1033934e-15
4.291542e-15
9.0294754e-15
2.3416123e-15
8.3941055e-15
5.4373395e-16
7.3568338e-15
-9.6426917e-16
6.1044413e-15
-2.0969553e-15
-2.8345564e-15
3.9508832e-15
7.2910009e-15
-2.0717538e-15
5.4769694e-15
6.3791422e-15
6.5425664e-15
5.1476708e-15
7.1033083e-15
3.7308002e-15
7.1758839e-15
2.2690367e-15
6.8287208e-15
8.9089701e-16
6.1666646e-15
-3.0221289e-16
5.3142163e-15
-1.2445071e-15
-1.9127813e-15
3.0225854e-15
5.8464413e-15
-1.5780258e-15
4.2203136e-15
5.181414e-15
5.0922794e-15
4.275705e-15
5.6016005e-15
3.2214791e-15
5.753476e-15
2.1171612e-15
5.5896873e-15
1.0546857e-15
5.1786465e-15
1.0882784e-16
4.6035652e-15
-6.6942578e-16
-1.2570183e-15
2.3438602e-15
-1.2188493e-15
4.7214304e-15
3.2940922e-15
4.231182e-15
4.0113027e-15
3.5584944e-15
4.4655288e-15
2.767253e-15
4.655852e-15
1.9268381e-15
4.6071998e-15
1.1033379e-15
4.3639517e-15
3.5207592e-16
3.9818764e-15
-2.8735049e-16
-7.9383267e-16
2.1447413e-14
1.6334301e-14
1.2607285e-14
9.8486511e-15
7.7768972e-15
6.1988715e-15
4.9800221e-15
4.1969736e-17
-3.1088386e-16
-5.2293557e-17
3.3595506e-17
-2.8059522e-16
2.6750735e-17
-2.545946e-16
2.1099054e-17
-2.3256234e-16
1.6369634e-17
-2.142134e-16
1.2342325e-17
-1.993011e-16
8.8355148e-18
-1.8761899e-16
5.6960922e-18
-1.7900182e-16
2.7910123e-18
-1.7332573e-16
-1.7050828e-16
7.1166281e-17
-2.9610252e-16
-8.5947627e-17
5.8665415e-17
-2.6809436e-16
4.7998924e-17
-2.4392811e-16
3.8798017e-17
-2.2336143e-16
3.0755624e-17
-2.0617101e-16
2.3613274e-17
-1.9215874e-16
1.7150032e-17
-1.8115575e-16
1.1173106e-17
-1.730249e-16
5.5097339e-18
-1.6766236e-16
-1.6499855e-16
9.8143257e-17
-2.7739081e-16
-1.1685496e-16
8.1949935e-17
-2.5190104e-16
6.7820742e-17
-2.2979892e-16
5.5369568e-17
-2.1091025e-16
4.4265838e-17
-1.9506728e-16
3.4223502e-17
-1.8211641e-16
2.4991452e-17
-1.719237e-16
1.6345117e-17
-1.6437856e-16
8.0790141e-18
-1.5939626e-16
-1.5691953e-16
1.2267527e-16
-2.5526923e-16
-1.4479685e-16
1.0323028e-16
-2.3245604e-16
8.6013197e-17
-2.1258184e-16
7.0632742e-17
-1.955298e-16
5.6745456e-17
-1.8117999e-16
4.4046991e-17
-1.6941794e-16
3.2264203e-17
-1.6014091e-16
2.1147974e-17
-1.5326233e-16
1.0466662e-17
-1.4871494e-16
-1.4645287e-16
1.4461554e-16
-2.3023693e-16
-1.6964784e-16
1.2235294e-16
-2.1019344e-16
1.0242672e-16
-1.9265562e-16
8.4449565e-17
-1.7755264e-16
6.8073495e-17
-1.6480392e-16
5.2983483e-17
-1.5432793e-16
3.8891272e-17
-1.460487e-16
2.5529543e-17
-1.399006e-16
1.2646384e-17
-1.3583178e-16
-1.3380649e-16
1.6387925e-16
-2.0276238e-16
-1.9135379e-16
1.3921726e-16
-1.8553145e-16
1.1695601e-16
-1.7039437e-16
9.6718369e-17
-1.57315e-16
7.8158015e-17
-1.4624356e-16
6.0955134e-17
-1.3712505e-16
4.481197e-17
-1.2990553e-16
2.9448333e-17
-1.2453696e-16
1.459714e-17
-1.2098059e-16
-1.1920935e-16
1.8043042e-16
-1.7327766e-16
-2.0991515e-16
1.5376525e-16
-1.5886627e-16
1.2953215e-16
-1.4616127e-16
1.0736785e-16
-1.351507e-16
8.6931696e-17
-1.2580741e-16
6.7903306e-17
-1.1809666e-16
4.9979706e-17
-1.1198193e-16
3.2872102e-17
-1.0742936e-16
1.6302466e-17
-1.0441095e-16
-1.0290688e-16
1.9426479e-16
-2.2536308e-16
-1.4217937e-16
1.6596961e-16
-1.3057109e-16
1.4011468e-16
-1.2030634e-16
1.1635198e-16
-1.11388e-16
9.4348766e-17
-1.0380419e-16
7.3786851e-17
-9.7534741e-17
5.4361124e-17
-9.2556203e-17
3.5777478e-17
-8.8845711e-17
1.7750357e-17
-8.6383831e-17
-8.5156524e-17
2.6381217e-15
-8.1576728e-16
-2.9857688e-15
2.2831792e-15
-1.0522821e-15
1.9422831e-15
-1.2028266e-15
1.6289742e-15
-1.2817297e-15
1.350443e-15
-1.3041154e-15
1.1090872e-15
-1.2842924e-15
9.0409177e-16
-1.2347231e-15
7.3269803e-16
-1.1656701e-15
5.9116417e-16
-1.0851876e-15
4.7541963e-16
-9.993429e-16
3.814787e-16
-9.125262e-16
3.0567388e-16
-8.277805e-16
2.4476615e-16
-7.4710696e-16
1.9597608e-16
-6.7172723e-16
1.5696823e-16
-6.0229726e-16
1.2581063e-16
-5.3907518e-16
1.0092387e-16
-4.8204928e-16
8.1028132e-17
-4.3103324e-16
6.5093191e-17
-3.8573546e-16
-3.4580854e-16
2.4079368e-15
-5.5885032e-16
-2.6648537e-15
2.1343872e-15
-7.7873258e-16
1.8619609e-15
-9.3040024e-16
1.6031207e-15
-1.0228895e-15
1.3656427e-15
-1.0666374e-15
1.1535032e-15
-1.0721528e-15
9.6788456e-16
-1.0491045e-15
8.0807578e-16
-1.0058613e-15
6.7221092e-16
-9.4932271e-16
5.5782093e-16
-8.8495292e-16
4.6221921e-16
-8.1692448e-16
3.8275077e-16
-7.4831206e-16
3.1693947e-16
-6.8129566e-16
2.625631e-16
-6.1735086e-16
2.1768053e-16
-5.5741469e-16
1.8062914e-16
-5.0202379e-16
1.5000534e-16
-4.5142548e-16
1.2463671e-16
-4.0566461e-16
1.0355134e-16
-3.6465009e-16
-3.2820483e-16
2.1951685e-15
-3.7121854e-16
-2.3828003e-15
1.9860637e-15
-5.6962774e-16
1.7699861e-15
-7.1432265e-16
1.5578922e-15
-8.1079558e-16
1.3573562e-15
-8.6610135e-16
1.1730283e-15
-8.8782491e-16
1.0072463e-15
-8.833225e-16
8.6064575e-16
-8.592608e-16
7.3270226e-16
-8.2137922e-16
6.2216958e-16
-7.7442023e-16
5.2741081e-16
-7.2216571e-16
4.4663311e-16
-6.6753436e-16
3.7804376e-16
-6.1270631e-16
3.1994598e-16
-5.5925308e-16
2.7079145e-16
-5.0826016e-16
2.2920293e-16
-4.6043528e-16
1.9397765e-16
-4.162002e-16
1.6407898e-16
-3.7576593e-16
1.386218e-16
-3.391929e-16
-3.06438e-16
2.0039314e-15
-2.363455e-16
-2.1388045e-15
1.8455016e-15
-4.111979e-16
1.6752236e-15
-5.4404466e-16
1.502474e-15
-6.3804601e-16
1.3342348e-15
-6.9786209e-16
1.1752882e-15
-7.2887834e-16
1.0285649e-15
-7.3659916e-16
8.9553833e-16
-7.2623427e-16
7.7660731e-16
-7.024482e-16
6.7142786e-16
-6.6924078e-16
5.7918244e-16
-6.2992029e-16
4.9878498e-16
-5.871369e-16
4.290289e-16
-5.4295023e-16
3.6868826e-16
-4.9891245e-16
3.1658244e-16
-4.5615434e-16
2.7161388e-16
-4.1546671e-16
2.3278685e-16
-3.7737316e-16
1.9921343e-16
-3.4219252e-16
1.7011134e-16
-3.1009081e-16
-2.8112351e-16
1.8358511e-15
-1.415102e-16
-1.9306864e-15
1.7170088e-15
-2.923556e-16
1.5835573e-15
-4.1059325e-16
1.4433966e-15
-4.9788529e-16
1.3027621e-15
-5.5722758e-16
1.1662654e-15
-5.9238157e-16
1.0370698e-15
-6.0740363e-16
9.171322e-16
-6.0629665e-16
8.0746014e-16
-5.9277614e-16
7.0835442e-16
-5.7013505e-16
6.1961818e-16
-5.4118405e-16
5.4072706e-16
-5.0824578e-16
4.7096043e-16
-4.731836e-16
4.0949816e-16
-4.3745017e-16
3.5548859e-16
-4.0214477e-16
3.0809386e-16
-3.6807199e-16
2.6651812e-16
-3.3579742e-16
2.300232e-16
-3.0569759e-16
1.9793563e-16
-2.7800324e-16
-2.5283572e-16
1.6911279e-15
-7.6924537e-17
-1.7557136e-15
1.6029909e-15
-2.042186e-16
1.4988359e-15
-3.064382e-16
1.3852681e-15
-3.8431748e-16
1.2677596e-15
-4.3971911e-16
1.1506029e-15
-4.752249e-16
1.0369782e-15
-4.9377886e-16
9.2908757e-16
-4.9840605e-16
8.2832096e-16
-4.9200953e-16
7.3542507e-16
-4.7723916e-16
6.5066054e-16
-4.5641951e-16
5.7393743e-16
-4.3152267e-16
5.0492645e-16
-4.0417262e-16
4.4314613e-16
-3.7566985e-16
3.8802855e-16
-3.4702719e-16
3.3896704e-16
-3.1901048e-16
2.9534931e-16
-2.9217969e-16
2.5657931e-16
-2.6692758e-16
2.2209062e-16
-2.4351455e-16
-2.2209889e-16
1.5691555e-15
-3.5052696e-17
-1.6110273e-15
1.5046261e-15
-1.3968921e-16
1.423499e-15
-2.2531114e-16
1.3312931e-15
-2.921116e-16
1.2327752e-15
-3.4120118e-16
1.1318679e-15
-3.7431762e-16
1.0316503e-15
-3.9356127e-16
9.3442024e-16
-4.0117595e-16
8.4179252e-16
-3.9938181e-16
7.5481246e-16
-3.902591e-16
6.7406931e-16
-3.7567636e-16
5.9980104e-16
-3.5725439e-16
5.3198538e-16
-3.3635696e-16
4.7041547e-16
-3.1409994e-16
4.1476034e-16
-2.9137205e-16
3.646117e-16
-2.6886184e-16
3.1951894e-16
-2.4708693e-16
2.7901449e-16
-2.2642313e-16
2.4263144e-16
-2.0713149e-16
-1.8938261e-16
1.4690359e-15
-1.4940878e-15
-1.0000776e-17
1.422368e-15
-9.3021359e-17
1.3590075e-15
-1.6195064e-16
1.2835955e-15
-2.1669959e-16
1.2002894e-15
-2.5789501e-16
1.1126497e-15
-2.86678e-16
1.0236014e-15
-3.0451298e-16
9.3544857e-16
-3.1302307e-16
8.4992569e-16
-3.1385893e-16
7.6826941e-16
-3.0860282e-16
6.9129777e-16
-2.9870472e-16
6.1948917e-16
-2.854458e-16
5.5305528e-16
-2.6992307e-16
4.9200508e-16
-2.5304973e-16
4.3619888e-16
-2.3556585e-16
3.8539244e-16
-2.180554e-16
3.3927194e-16
-2.0096642e-16
2.9748086e-16
-1.8463206e-16
2.5964022e-16
-1.6929084e-16
-1.5510547e-16
1.7660512e-15
3.8705487e-15
-9.1516953e-16
2.4965052e-15
3.5007281e-15
3.0649866e-15
2.990013e-15
3.4484261e-15
2.3838135e-15
3.6431219e-15
1.7321423e-15
3.6629764e-15
1.0834834e-15
3.5355683e-15
4.7948401e-16
3.2969612e-15
-4.8743421e-17
-4.8264023e-16
1.4212087e-15
3.1834932e-15
-7.341532e-16
2.0196034e-15
2.9023334e-15
2.497811e-15
2.5118054e-15
2.8371778e-15
2.0444467e-15
3.0327765e-15
1.5365436e-15
3.0924067e-15
1.0238533e-15
3.0340577e-15
5.3783295e-16
2.8824104e-15
1.0290387e-16
-2.6508353e-16
1.1586029e-15
2.6216589e-15
-5.9676858e-16
1.6543828e-15
2.4065535e-15
2.0599694e-15
2.1062187e-15
2.3602768e-15
1.7441393e-15
2.5500184e-15
1.346802e-15
2.6331662e-15
9.4070545e-16
2.6213228e-15
5.4967636e-16
2.5313751e-15
1.9285157e-16
-1.1650876e-16
9.5732398e-16
2.1561194e-15
-4.9178446e-16
1.3730372e-15
1.9908403e-15
1.7202528e-15
1.7590031e-15
1.9867296e-15
1.4776626e-15
2.1672813e-15
1.1662503e-15
2.2635084e-15
8.4447835e-16
2.2827605e-15
5.3042428e-16
2.2365673e-15
2.3904475e-16
-1.8745884e-17
8.0242764e-16
1.7649017e-15
-4.1120987e-16
1.1555459e-15
1.637722e-15
1.4559523e-15
1.4585966e-15
1.6936519e-15
1.239963e-15
1.86378e-15
9.9612218e-16
1.9664929e-15
7.4176544e-16
2.0063124e-15
4.9060482e-16
1.9910772e-15
2.5427997e-16
4.1644946e-17
6.8307782e-16
1.4310972e-15
-3.4927336e-16
9.8729708e-16
1.3335028e-15
1.2503363e-15
1.1955574e-15
1.4639592e-15
1.0263401e-15
1.6237054e-15
8.3637598e-16
1.728872e-15
6.365989e-16
1.7821039e-15
4.3737287e-16
1.7886935e-15
2.4769038e-16
7.4624836e-17
5.913475e-16
1.1415178e-15
-3.0176809e-16
8.5753634e-16
1.0673139e-15
1.0909811e-15
9.6211264e-16
1.284809e-15
8.3251211e-16
1.434969e-15
6.8621603e-16
1.5402621e-15
5.3130577e-16
1.6020911e-15
3.7554385e-16
1.6239911e-15
2.257904e-16
8.758865e-17
5.2165293e-16
-2.6573936e-16
8.8560422e-16
7.5865102e-16
8.3031586e-16
9.6902886e-16
7.517348e-16
1.1469542e-15
6.5458676e-16
1.2887475e-15
5.4442275e-16
1.3929388e-15
4.2711447e-16
1.4601176e-15
3.0836504e-16
1.4926166e-15
1.9329138e-16
8.6117464e-17
4.0648526e-15
3.3306994e-15
2.7339308e-15
2.2421464e-15
1.8309365e-15
1.4816631e-15
1.179895e-15
9.1415567e-16
6.5846756e-17
-7.6274014e-17
-1.3175211e-16
5.6329029e-17
-1.2105336e-16
4.760718e-17
-1.1158449e-16
3.9570709e-17
-1.0335153e-16
3.2112748e-17
-9.6346229e-17
2.5130129e-17
-9.0552121e-17
1.8523146e-17
-8.5949218e-17
1.2195085e-17
-8.251765e-17
6.051606e-18
-8.0240351e-17
-7.9104918e-17
4.6245938e-16
-4.6795845e-16
-4.5017029e-18
4.5011449e-16
-8.0676469e-17
4.3234511e-16
-1.4418126e-16
4.105184e-16
-1.9487288e-16
3.8588451e-16
-2.3326112e-16
3.5953781e-16
-2.603313e-16
3.3239899e-16
-2.7737416e-16
3.0521321e-16
-2.8583729e-16
2.7855981e-16
-2.8720552e-16
2.5286893e-16
-2.8291194e-16
2.2844194e-16
-2.7427773e-16
2.0547269e-16
-2.6247654e-16
1.8406809e-16
-2.4851847e-16
1.6426681e-16
-2.3324845e-16
1.4605556e-16
-2.1735461e-16
1.2938284e-16
-2.0138268e-16
1.1417009e-16
-1.8575367e-16
1.0032063e-16
-1.707826e-16
8.7726583e-17
-1.5669679e-16
-1.436529e-16
1.5897703e-16
-8.0907736e-17
8.0753492e-16
2.3157202e-16
7.5772087e-16
2.9643898e-16
6.8686784e-16
3.5184321e-16
5.9918253e-16
3.9665048e-16
4.9961548e-16
4.3034866e-16
3.9341629e-16
4.5301279e-16
2.8570092e-16
4.6522418e-16
1.8107999e-16
8.3383197e-17
8.3324794e-16
2.0411004e-16
-9.9735833e-17
-2.3612631e-16
1.7480404e-16
-9.1747365e-17
1.47881e-16
-8.4661445e-17
1.2301837e-16
-7.8488894e-17
9.9900774e-17
-7.3228637e-17
7.8221018e-17
-6.8872365e-17
5.7680028e-17
-6.5408227e-17
3.7986048e-17
-6.2823669e-17
1.8853252e-17
-6.1107554e-17
-6.0251666e-17
2.1146208e-16
-6.6922347e-17
-2.4427557e-16
1.8133027e-16
-6.1615554e-17
1.5356951e-16
-5.6900687e-17
1.278686e-16
-5.2787983e-17
1.0391916e-16
-4.9279187e-17
8.1417513e-17
-4.6370721e-17
6.0065494e-17
-4.4056208e-17
3.9570245e-17
-4.232842e-17
1.9643438e-17
-4.1180746e-17
-4.0608228e-17
2.1634601e-16
-3.3589099e-17
-2.4967926e-16
1.8567224e-16
-3.0941783e-17
1.5735899e-16
-2.8587429e-17
1.3110307e-16
-2.6532066e-17
1.066012e-16
-2.4777314e-17
8.3552455e-17
-2.3321977e-17
6.1659579e-17
-2.216333e-17
4.0629269e-17
-2.1298109e-17
2.0171779e-17
-2.0723255e-17
-2.0436449e-17
2.1878171e-16
-2.5237081e-16
1.8783993e-16
1.592525e-16
1.3272043e-16
1.0794312e-16
8.4621143e-17
6.2457813e-17
4.1159704e-17
2.043645e-17
1.340701e-15
4.9231306e-18
-1.3501258e-15
1.3113443e-15
-5.1319808e-17
1.2658235e-15
-9.8660465e-17
1.2078407e-15
-1.3689005e-16
1.1408531e-15
-1.6627353e-16
1.0679535e-15
-1.8743166e-16
9.9180362e-16
-2.0122432e-16
9.1461226e-16
-2.0864593e-16
8.3814534e-16
-2.107386e-16
7.637589e-16
-2.085255e-16
6.9244508e-16
-2.0296391e-16
6.2488405e-16
-1.9491552e-16
5.6149675e-16
-1.8513116e-16
5.0249474e-16
-1.7424644e-16
4.4792522e-16
-1.627851e-16
3.9771015e-16
-1.511676e-16
3.5167905e-16
-1.3972257e-16
3.0959597e-16
-1.2869951e-16
2.7118086e-16
-1.1828169e-16
-1.0859835e-16
1.2891349e-15
7.0801597e-18
-1.2912919e-15
1.2677942e-15
-2.9979104e-17
1.2305147e-15
-6.1381013e-17
1.1805667e-15
-8.6941982e-17
1.1210793e-15
-1.0678621e-16
1.0549215e-15
-1.2127383e-16
9.8462553e-16
-1.3092835e-16
9.1234969e-16
-1.363701e-16
8.3987108e-16
-1.3825998e-16
7.6860084e-16
-1.3725527e-16
6.9961447e-16
-1.3397753e-16
6.3369067e-16
-1.2899172e-16
5.7135397e-16
-1.2279446e-16
5.1291726e-16
-1.1580972e-16
4.5852192e-16
-1.0838976e-16
4.0817407e-16
-1.0081975e-16
3.6177606e-16
-9.3324567e-17
3.1915317e-16
-8.6076617e-17
2.8007549e-16
-7.9204011e-17
-7.2798424e-17
1.2551397e-15
4.6456822e-18
-1.2527053e-15
1.238911e-15
-1.3750373e-17
1.2069292e-15
-2.9399154e-17
1.1621836e-15
-4.2196399e-17
1.1075866e-15
-5.2189218e-17
1.0458549e-15
-5.9542156e-17
9.7942898e-16
-6.4502415e-17
9.1042648e-16
-6.7367594e-17
8.4062454e-16
-6.8458046e-17
7.7146416e-16
-6.8094888e-17
7.0407044e-16
-6.6583814e-17
6.3928301e-16
-6.4204286e-17
5.7769183e-16
-6.1203285e-17
5.1967483e-16
-5.7792715e-17
4.6543459e-16
-5.4149516e-17
4.1503247e-16
-5.0417636e-17
3.6841907e-16
-4.6711167e-17
3.2546054e-16
-4.3118086e-17
2.8596072e-16
-3.9704194e-17
-3.6516959e-17
1.2382727e-15
-1.233627e-15
1.2245223e-15
1.1951232e-15
1.1529268e-15
1.1007376e-15
1.0411954e-15
9.7669299e-16
9.093254e-16
8.4086735e-16
7.7277246e-16
7.0618865e-16
6.4198436e-16
5.8078108e-16
5.2298836e-16
4.6883885e-16
4.1842121e-16
3.7171005e-16
3.2859196e-16
2.8888777e-16
4.4672423e-16
5.8794571e-16
-2.2713502e-16
6.5173202e-16
5.5271309e-16
8.3608806e-16
5.025118e-16
9.9503952e-16
4.4023107e-16
1.1253691e-15
3.6928591e-16
1.2254662e-15
2.933192e-16
1.295258e-15
2.1590912e-16
1.3360236e-15
1.403144e-16
6.9280953e-17
4.1492854e-16
3.8376359e-16
-2.1074641e-16
6.0639728e-16
3.6124435e-16
7.7979192e-16
3.2911716e-16
9.308341e-16
2.8918889e-16
1.0565179e-15
2.436021e-16
1.1551849e-15
1.9465225e-16
1.226487e-15
1.4460697e-16
1.2712544e-15
9.5546982e-17
4.9243499e-17
3.9453141e-16
1.8947232e-16
-2.0024014e-16
5.7728191e-16
1.7849386e-16
7.4357953e-16
1.6281953e-16
8.8944986e-16
1.4331856e-16
1.0120283e-15
1.2102369e-16
1.1096363e-15
9.7044228e-17
1.1817635e-15
7.2479808e-17
1.2289665e-15
4.8343978e-17
2.5504684e-17
3.8459867e-16
-1.9512635e-16
5.6309254e-16
7.2591207e-16
8.6923063e-16
9.9025432e-16
1.0872985e-15
1.1597784e-15
1.2081223e-15
6.0611292e-16
3.953665e-16
1.9512636e-16
)
;

boundaryField
{
    needle_inlet_left
    {
        type            calculated;
        value           uniform 0;
    }
    needle_inlet_right
    {
        type            calculated;
        value           uniform 0;
    }
    needle_outlet_left
    {
        type            calculated;
        value           uniform 0;
    }
    needle_outlet_right
    {
        type            calculated;
        value           uniform 0;
    }
    sclera_left_lower
    {
        type            calculated;
        value           uniform 0;
    }
    sclera_left_upper
    {
        type            calculated;
        value           uniform 0;
    }
    sclera_right
    {
        type            calculated;
        value           uniform 0;
    }
    sclera_right_upper
    {
        type            calculated;
        value           uniform 0;
    }
    sclera_top
    {
        type            calculated;
        value           uniform 0;
    }
    cornea_fsi
    {
        type            calculated;
        value           uniform 0;
    }
    lens_bottom
    {
        type            calculated;
        value           uniform 0;
    }
    lens_bottom_left
    {
        type            calculated;
        value           uniform 0;
    }
    lens_right
    {
        type            calculated;
        value           uniform 0;
    }
    lens_left
    {
        type            calculated;
        value           uniform 0;
    }
    lens_top
    {
        type            calculated;
        value           uniform 0;
    }
    lens_top_left
    {
        type            calculated;
        value           uniform 0;
    }
    iris_bottom
    {
        type            calculated;
        value           uniform 0;
    }
    iris_pupil
    {
        type            calculated;
        value           uniform 0;
    }
    iris_pupil_left
    {
        type            calculated;
        value           uniform 0;
    }
    iris_top
    {
        type            calculated;
        value           uniform 0;
    }
    tm_limbus_wall
    {
        type            calculated;
        value           uniform 0;
    }
    ac_inlet
    {
        type            calculated;
        value           nonuniform List<scalar> 5(-5.2188234e-12 -5.2188234e-12 -4.8709022e-12 -4.8709012e-12 -4.8709022e-12);
    }
    ac_inlet_left
    {
        type            calculated;
        value           nonuniform List<scalar> 5(-5.2188234e-12 -5.2188234e-12 -4.8709022e-12 -4.8709012e-12 -4.8709022e-12);
    }
    outlet_tm
    {
        type            calculated;
        value           nonuniform List<scalar> 4(6.2625879e-12 6.2625883e-12 6.2625883e-12 6.2625879e-12);
    }
    outlet_tm_left
    {
        type            calculated;
        value           nonuniform List<scalar> 4(6.2625879e-12 6.2625883e-12 6.2625883e-12 6.2625879e-12);
    }
    front
    {
        type            empty;
    }
    back
    {
        type            empty;
    }
    defaultFaces
    {
        type            calculated;
        value           uniform 0;
    }
    needle_int_inlet_master
    {
        type            calculated;
        value           uniform 0;
    }
    needle_int_inlet_slave
    {
        type            calculated;
        value           uniform 0;
    }
    needle_int_outlet_master
    {
        type            calculated;
        value           uniform 0;
    }
    needle_int_outlet_slave
    {
        type            calculated;
        value           uniform 0;
    }
}


// ************************************************************************* //
