/*--------------------------------*- C++ -*----------------------------------*\
| =========                 |                                                 |
| \\      /  F ield         | OpenFOAM: The Open Source CFD Toolbox           |
|  \\    /   O peration     | Version:  2512                                  |
|   \\  /    A nd           | Website:  www.openfoam.com                      |
|    \\/     M anipulation  |                                                 |
\*---------------------------------------------------------------------------*/
FoamFile
{
    version     2.0;
    format      ascii;
    arch        "LSB;label=32;scalar=64";
    class       volScalarField;
    location    "2.3";
    object      p;
}
// * * * * * * * * * * * * * * * * * * * * * * * * * * * * * * * * * * * * * //

dimensions      [0 2 -2 0 0 0 0];

internalField   nonuniform List<scalar> 
1920
(
0.39951039
0.39853117
0.39755194
0.39657272
0.3955935
0.39461428
0.39363505
0.39265583
0.39167661
0.39069739
0.38971817
0.38873895
0.38775973
0.38678051
0.3858013
0.38482209
0.38384289
0.38286369
0.3818845
0.38090534
0.37992619
0.37894708
0.37796801
0.376989
0.37601007
0.37503125
0.37405259
0.37307415
0.372096
0.37111825
0.37014106
0.36916464
0.36818926
0.36721534
0.3662434
0.36527421
0.36430878
0.36334853
0.36239543
0.36145217
0.3605225
0.35961167
0.358727
0.35787889
0.35708247
0.35636078
0.35574262
0.35521478
0.39951038
0.39853115
0.39755192
0.39657269
0.39559345
0.39461422
0.39363498
0.39265574
0.3916765
0.39069726
0.38971801
0.38873877
0.38775952
0.38678027
0.38580101
0.38482176
0.3838425
0.38286324
0.38188398
0.38090473
0.37992549
0.37894626
0.37796706
0.37698789
0.37600878
0.37502974
0.37405082
0.37307207
0.37209355
0.37111536
0.37013763
0.36916055
0.36818439
0.36720948
0.36623632
0.36526559
0.36429822
0.36333551
0.36237923
0.36143184
0.36049676
0.3595787
0.35868425
0.35782265
0.35700716
0.35625861
0.35560146
0.35498898
0.39951038
0.39853115
0.39755191
0.39657267
0.39559343
0.39461419
0.39363495
0.3926557
0.39167645
0.3906972
0.38971794
0.38873868
0.38775942
0.38678015
0.38580087
0.38482158
0.38384229
0.38286299
0.38188368
0.38090437
0.37992505
0.37894573
0.37796641
0.37698711
0.37600783
0.37502858
0.3740494
0.37307033
0.3720914
0.3711127
0.37013433
0.36915643
0.3681792
0.36720293
0.36622799
0.36525493
0.3642845
0.36331772
0.36235602
0.36140134
0.36045638
0.35952484
0.35861177
0.35772407
0.35687109
0.35606834
0.35533312
0.35454994
0.39951038
0.39853114
0.39755189
0.39657265
0.3955934
0.39461415
0.3936349
0.39265564
0.39167638
0.39069712
0.38971785
0.38873857
0.38775928
0.38677999
0.38580068
0.38482137
0.38384203
0.38286269
0.38188333
0.38090395
0.37992455
0.37894513
0.37796569
0.37698624
0.37600677
0.37502729
0.37404782
0.37306837
0.37208897
0.37110965
0.37013049
0.36915156
0.36817299
0.36719494
0.36621767
0.3652415
0.36426691
0.36329455
0.36232531
0.36136042
0.36040156
0.35945096
0.3585116
0.35758725
0.35668246
0.35580644
0.35497125
0.35399139
0.39951038
0.39853113
0.39755188
0.39657263
0.39559338
0.39461412
0.39363486
0.3926556
0.39167633
0.39069705
0.38971777
0.38873847
0.38775917
0.38677985
0.38580052
0.38482117
0.3838418
0.38286241
0.381883
0.38090355
0.37992407
0.37894455
0.37796499
0.37698537
0.37600571
0.37502598
0.3740462
0.37306634
0.37208642
0.37110643
0.37012638
0.36914628
0.36816618
0.3671861
0.36620611
0.36522632
0.36424687
0.36326796
0.36228987
0.36131296
0.3603377
0.35936469
0.35839462
0.35742792
0.35646432
0.35550735
0.3545654
0.35338747
0.39951037
0.39853112
0.39755187
0.39657261
0.39559336
0.39461409
0.39363483
0.39265556
0.39167628
0.39069699
0.38971769
0.38873839
0.38775907
0.38677973
0.38580037
0.384821
0.38384159
0.38286216
0.3818827
0.38090319
0.37992363
0.37894401
0.37796433
0.37698457
0.37600471
0.37502475
0.37404464
0.37306438
0.37208393
0.37110325
0.3701223
0.36914102
0.36815932
0.36717714
0.36619434
0.36521077
0.36422622
0.36324043
0.36225302
0.36126348
0.36027106
0.35927471
0.35827286
0.35726288
0.35624015
0.35520328
0.3541586
0.35279621
0.39951037
0.39853112
0.39755186
0.3965726
0.39559334
0.39461407
0.3936348
0.39265552
0.39167623
0.39069694
0.38971763
0.38873831
0.38775898
0.38677963
0.38580025
0.38482085
0.38384142
0.38286195
0.38188244
0.38090287
0.37992325
0.37894355
0.37796376
0.37698386
0.37600383
0.37502364
0.37404326
0.37306262
0.37208169
0.37110037
0.37011857
0.36913617
0.36815299
0.36716882
0.36618335
0.36519619
0.36420681
0.36321449
0.36221824
0.36121675
0.36020817
0.35918994
0.35815851
0.35710851
0.35603172
0.35492314
0.35378767
0.35226539
0.39951037
0.39853111
0.39755185
0.39657259
0.39559332
0.39461405
0.39363478
0.39265549
0.3916762
0.3906969
0.38971759
0.38873826
0.38775891
0.38677954
0.38580015
0.38482073
0.38384128
0.38286178
0.38188223
0.38090263
0.37992295
0.37894318
0.3779633
0.37698329
0.37600312
0.37502275
0.37404212
0.37306118
0.37207984
0.37109799
0.37011548
0.36913214
0.3681477
0.36716184
0.36617411
0.3651839
0.36419041
0.36319255
0.36218884
0.36117726
0.36015508
0.3591185
0.35806235
0.35697919
0.35585803
0.35469117
0.35348261
0.3518333
0.39951037
0.39853111
0.39755185
0.39657258
0.39559331
0.39461404
0.39363476
0.39265548
0.39167618
0.39069687
0.38971755
0.38873822
0.38775887
0.38677949
0.38580009
0.38482065
0.38384118
0.38286166
0.38188209
0.38090245
0.37992274
0.37894292
0.37796298
0.37698289
0.37600262
0.37502212
0.37404132
0.37306016
0.37207852
0.37109629
0.37011327
0.36912924
0.36814389
0.36715681
0.36616743
0.36517501
0.36417855
0.36317669
0.36216758
0.36114873
0.36011675
0.35906701
0.35799317
0.35688637
0.3557338
0.35452591
0.35326627
0.35152894
0.39951037
0.39853111
0.39755184
0.39657258
0.39559331
0.39461403
0.39363475
0.39265547
0.39167617
0.39069686
0.38971754
0.3887382
0.38775884
0.38677946
0.38580005
0.38482061
0.38384113
0.3828616
0.38188202
0.38090237
0.37992263
0.37894279
0.37796282
0.37698269
0.37600236
0.37502179
0.37404091
0.37305963
0.37207784
0.3710954
0.37011212
0.36912773
0.3681419
0.36715417
0.36616393
0.36517036
0.36417234
0.36316838
0.36215644
0.36113379
0.36009669
0.35904007
0.35795704
0.35683796
0.35566912
0.35444006
0.35315418
0.35137184
0.39951037
0.39853111
0.39755184
0.39657258
0.39559331
0.39461403
0.39363475
0.39265547
0.39167617
0.39069686
0.38971754
0.3887382
0.38775884
0.38677946
0.38580005
0.38482061
0.38384113
0.38286161
0.38188202
0.38090237
0.37992263
0.37894279
0.37796282
0.37698269
0.37600236
0.37502179
0.37404091
0.37305963
0.37207784
0.3710954
0.37011212
0.36912773
0.3681419
0.36715418
0.36616394
0.36517036
0.36417234
0.36316838
0.36215644
0.36113379
0.36009669
0.35904008
0.35795704
0.35683796
0.35566913
0.35444007
0.35315419
0.35137185
0.39951037
0.39853111
0.39755185
0.39657258
0.39559331
0.39461404
0.39363476
0.39265548
0.39167618
0.39069687
0.38971755
0.38873822
0.38775887
0.38677949
0.38580009
0.38482065
0.38384118
0.38286166
0.38188209
0.38090245
0.37992274
0.37894292
0.37796298
0.37698289
0.37600262
0.37502212
0.37404132
0.37306016
0.37207853
0.37109629
0.37011328
0.36912925
0.3681439
0.36715681
0.36616743
0.36517502
0.36417856
0.3631767
0.36216759
0.36114874
0.36011676
0.35906702
0.35799319
0.35688639
0.35573382
0.35452594
0.3532663
0.35152897
0.39951037
0.39853111
0.39755185
0.39657259
0.39559332
0.39461405
0.39363478
0.39265549
0.3916762
0.3906969
0.38971759
0.38873826
0.38775891
0.38677955
0.38580015
0.38482073
0.38384128
0.38286178
0.38188223
0.38090263
0.37992295
0.37894318
0.3779633
0.37698329
0.37600312
0.37502275
0.37404212
0.37306118
0.37207984
0.37109799
0.37011549
0.36913214
0.36814771
0.36716185
0.36617411
0.36518391
0.36419042
0.36319256
0.36218885
0.36117728
0.36015509
0.35911852
0.35806237
0.35697921
0.35585807
0.35469122
0.35348266
0.35183336
0.39951037
0.39853112
0.39755186
0.3965726
0.39559334
0.39461407
0.3936348
0.39265552
0.39167624
0.39069694
0.38971763
0.38873831
0.38775898
0.38677963
0.38580025
0.38482085
0.38384142
0.38286195
0.38188244
0.38090287
0.37992325
0.37894355
0.37796376
0.37698386
0.37600384
0.37502365
0.37404326
0.37306263
0.37208169
0.37110037
0.37011858
0.36913618
0.368153
0.36716883
0.36618336
0.36519621
0.36420683
0.36321451
0.36221826
0.36121677
0.36020819
0.35918997
0.35815854
0.35710855
0.35603176
0.3549232
0.35378773
0.35226546
0.39951037
0.39853112
0.39755187
0.39657261
0.39559336
0.39461409
0.39363483
0.39265556
0.39167628
0.39069699
0.3897177
0.38873839
0.38775907
0.38677973
0.38580037
0.384821
0.3838416
0.38286216
0.3818827
0.38090319
0.37992363
0.37894401
0.37796433
0.37698457
0.37600472
0.37502475
0.37404465
0.37306439
0.37208394
0.37110326
0.37012231
0.36914102
0.36815933
0.36717715
0.36619435
0.36521078
0.36422624
0.36324046
0.36225305
0.36126351
0.36027109
0.35927475
0.35827291
0.35726293
0.35624021
0.35520335
0.35415868
0.3527963
0.39951038
0.39853113
0.39755188
0.39657263
0.39559338
0.39461412
0.39363486
0.3926556
0.39167633
0.39069705
0.38971777
0.38873847
0.38775917
0.38677985
0.38580052
0.38482117
0.3838418
0.38286241
0.381883
0.38090355
0.37992407
0.37894455
0.37796499
0.37698538
0.37600571
0.37502599
0.3740462
0.37306634
0.37208642
0.37110643
0.37012639
0.36914629
0.36816619
0.36718611
0.36620613
0.36522634
0.3642469
0.36326799
0.3622899
0.36131299
0.36033774
0.35936473
0.35839467
0.35742798
0.35646438
0.35550743
0.35456549
0.35338757
0.39951038
0.39853114
0.39755189
0.39657265
0.3955934
0.39461415
0.3936349
0.39265565
0.39167639
0.39069712
0.38971785
0.38873857
0.38775929
0.38677999
0.38580068
0.38482137
0.38384204
0.38286269
0.38188333
0.38090395
0.37992455
0.37894513
0.37796569
0.37698624
0.37600677
0.37502729
0.37404782
0.37306837
0.37208897
0.37110966
0.3701305
0.36915157
0.368173
0.36719496
0.36621769
0.36524152
0.36426694
0.36329458
0.36232534
0.36136046
0.3604016
0.35945101
0.35851166
0.35758732
0.35668253
0.35580653
0.35497135
0.3539915
0.39951038
0.39853115
0.39755191
0.39657267
0.39559343
0.39461419
0.39363495
0.3926557
0.39167645
0.3906972
0.38971794
0.38873868
0.38775942
0.38678015
0.38580087
0.38482158
0.38384229
0.38286299
0.38188368
0.38090437
0.37992505
0.37894573
0.37796642
0.37698711
0.37600783
0.37502859
0.37404941
0.37307033
0.37209141
0.37111271
0.37013434
0.36915644
0.36817922
0.36720295
0.36622801
0.36525496
0.36428453
0.36331775
0.36235605
0.36140138
0.36045643
0.3595249
0.35861184
0.35772414
0.35687117
0.35606843
0.35533322
0.35455006
0.39951038
0.39853115
0.39755192
0.39657269
0.39559345
0.39461422
0.39363498
0.39265574
0.3916765
0.39069726
0.38971802
0.38873877
0.38775952
0.38678027
0.38580101
0.38482176
0.3838425
0.38286324
0.38188399
0.38090473
0.37992549
0.37894627
0.37796706
0.37698789
0.37600878
0.37502975
0.37405083
0.37307207
0.37209355
0.37111536
0.37013764
0.36916057
0.3681844
0.3672095
0.36623634
0.36526561
0.36429825
0.36333554
0.36237927
0.36143189
0.36049681
0.35957876
0.35868432
0.35782272
0.35700724
0.3562587
0.35560157
0.3549891
0.39951039
0.39853117
0.39755194
0.39657272
0.3955935
0.39461428
0.39363505
0.39265583
0.39167661
0.39069739
0.38971817
0.38873895
0.38775973
0.38678051
0.3858013
0.38482209
0.38384289
0.38286369
0.38188451
0.38090534
0.37992619
0.37894708
0.37796801
0.376989
0.37601007
0.37503126
0.3740526
0.37307415
0.372096
0.37111826
0.37014107
0.36916465
0.36818928
0.36721536
0.36624343
0.36527423
0.36430881
0.36334857
0.36239547
0.36145222
0.36052256
0.35961173
0.35872707
0.35787897
0.35708255
0.35636088
0.35574273
0.3552149
0.043815519
0.043332662
0.042746604
0.042056402
0.041289601
0.040468988
0.039609942
0.038723172
0.03781628
0.036894737
0.035962517
0.035022508
0.034076812
0.033126967
0.032174093
0.031219009
0.03026231
0.029304432
0.028345691
0.027386321
0.02642649
0.025466321
0.024505907
0.023545312
0.022584585
0.021623762
0.020662868
0.019701923
0.018740941
0.017779934
0.016818902
0.015857855
0.014896796
0.013935729
0.012974657
0.01201358
0.0110525
0.010091417
0.009130333
0.0081692477
0.0072081614
0.0062470744
0.0052859868
0.0043248989
0.0033638105
0.0024027219
0.0014416332
0.00048054444
0.04398144
0.043432271
0.042812743
0.042099523
0.041316573
0.040485092
0.039618794
0.038727213
0.037817199
0.0368937
0.035960313
0.03501967
0.034073692
0.033123792
0.032171007
0.031216096
0.030259615
0.029301976
0.028343477
0.027384342
0.026424731
0.025464767
0.024504538
0.023544111
0.022583534
0.021622843
0.020662068
0.019701225
0.018740333
0.017779399
0.016818438
0.015857454
0.014896451
0.013935432
0.012974402
0.012013362
0.011052313
0.010091258
0.0091301987
0.0081691348
0.0072080673
0.0062469969
0.0052859242
0.0043248495
0.0033637733
0.002402696
0.0014416179
0.00048053931
0.04435505
0.043657398
0.042966364
0.042204897
0.041388731
0.040534516
0.039652445
0.038749876
0.037832209
0.036903389
0.035966326
0.035023169
0.034075501
0.033124488
0.032170992
0.031215644
0.030258914
0.029301149
0.028342607
0.027383482
0.026423915
0.025464012
0.024503853
0.023543499
0.022582993
0.021622371
0.020661657
0.019700871
0.018740029
0.017779141
0.016818218
0.015857266
0.01489629
0.013935296
0.012974287
0.012013265
0.011052232
0.010091191
0.0091301422
0.0081690876
0.0072080281
0.0062469648
0.0052858982
0.0043248291
0.003363758
0.0024026853
0.0014416116
0.0004805373
0.04484905
0.04397524
0.043191783
0.042363917
0.041500731
0.040613458
0.039707961
0.038788728
0.037859203
0.036921955
0.035978923
0.035031557
0.034080938
0.033127874
0.032172965
0.031216659
0.030259291
0.029301114
0.028342316
0.027383042
0.026423398
0.025463468
0.024503313
0.023542982
0.02258251
0.021621927
0.020661254
0.019700509
0.018739706
0.017778855
0.016817966
0.015857044
0.014896096
0.013935127
0.012974139
0.012013137
0.011052121
0.010091095
0.0091300606
0.0081690184
0.0072079701
0.0062469166
0.005285859
0.004324798
0.0033637344
0.0024026688
0.0014416018
0.00048053405
0.045393789
0.044339123
0.043456153
0.042554077
0.041636931
0.040710949
0.039777561
0.038838188
0.037894146
0.036946488
0.035996014
0.035043334
0.034088932
0.033133188
0.032176393
0.031218774
0.030260504
0.029301716
0.028342514
0.027382979
0.026423175
0.025463152
0.024502952
0.023542606
0.02258214
0.021621574
0.020660927
0.01970021
0.018739437
0.017778615
0.016817753
0.015856858
0.014895934
0.013934985
0.012974017
0.012013031
0.011052031
0.010091018
0.0091299949
0.0081689631
0.007207924
0.0062468787
0.0052858284
0.004324774
0.0033637163
0.0024026562
0.0014415944
0.00048053158
0.045934609
0.044708857
0.043729265
0.042753163
0.041781245
0.040815346
0.039852807
0.038892187
0.037932705
0.03697386
0.03601531
0.035056832
0.034098282
0.033139574
0.032180673
0.031221566
0.030262256
0.029302749
0.028343057
0.027383194
0.026423177
0.025463022
0.024502743
0.023542356
0.022581874
0.021621309
0.020660672
0.019699973
0.018739219
0.017778418
0.016817577
0.015856702
0.014895796
0.013934865
0.012973912
0.01201294
0.011051953
0.010090951
0.0091299379
0.0081689149
0.0072078836
0.0062468453
0.0052858012
0.0043247525
0.0033637
0.0024026448
0.0014415877
0.00048052936
0.046425173
0.045049363
0.043983668
0.042940472
0.041918113
0.04091505
0.039925173
0.038944491
0.037970333
0.037000779
0.036034443
0.035070327
0.034107722
0.033146111
0.032185138
0.031224557
0.030264206
0.02930397
0.028343774
0.027383568
0.026423321
0.025463017
0.024502646
0.023542204
0.022581694
0.021621119
0.020660483
0.019699791
0.018739049
0.017778263
0.016817437
0.015856576
0.014895685
0.013934767
0.012973827
0.012012866
0.011051888
0.010090896
0.0091298908
0.0081688749
0.00720785
0.0062468175
0.0052857786
0.0043247346
0.0033636865
0.0024026354
0.0014415821
0.00048052751
0.04682724
0.045331286
0.044195898
0.04309777
0.042033746
0.040999714
0.039986907
0.038989327
0.038002756
0.037024107
0.036051124
0.035082169
0.034116056
0.033151923
0.032189144
0.031227279
0.030266016
0.029305138
0.028344493
0.027383978
0.026423522
0.025463078
0.024502617
0.023542121
0.02258158
0.02162099
0.02066035
0.01969966
0.018738925
0.017778148
0.016817332
0.015856482
0.014895601
0.013934693
0.012973762
0.01201281
0.011051839
0.010090854
0.0091298547
0.0081688443
0.0072078243
0.0062467962
0.0052857613
0.0043247209
0.0033636762
0.0024026281
0.0014415778
0.00048052608
0.047111626
0.04553203
0.044347762
0.043210815
0.04211717
0.041061004
0.040031738
0.039021987
0.038026455
0.037041222
0.036063413
0.035090933
0.034122253
0.033156262
0.03219215
0.031229335
0.030267398
0.029306044
0.028345065
0.027384318
0.026423703
0.025463152
0.024502622
0.023542082
0.022581515
0.021620911
0.020660265
0.019699576
0.018738844
0.017778072
0.016817263
0.015856419
0.014895545
0.013934644
0.012973718
0.012012771
0.011051806
0.010090825
0.0091298303
0.0081688236
0.0072078068
0.0062467817
0.0052857495
0.0043247116
0.0033636691
0.0024026232
0.0014415749
0.00048052512
0.047258738
0.045636271
0.044426843
0.043269826
0.042160815
0.041093136
0.040055285
0.03903917
0.038038948
0.037050261
0.036069919
0.035095584
0.034125552
0.033158577
0.032193759
0.031230438
0.030268143
0.029306536
0.028345379
0.027384508
0.026423808
0.0254632
0.024502631
0.023542067
0.022581486
0.021620874
0.020660225
0.019699535
0.018738805
0.017778035
0.016817228
0.015856388
0.014895517
0.013934619
0.012973696
0.012012752
0.01105179
0.010090811
0.0091298179
0.0081688131
0.007207798
0.0062467744
0.0052857435
0.0043247068
0.0033636655
0.0024026207
0.0014415734
0.00048052463
0.04725873
0.045636263
0.044426837
0.043269822
0.042160812
0.041093134
0.040055283
0.039039168
0.038038946
0.03705026
0.036069918
0.035095583
0.03412555
0.033158576
0.032193758
0.031230437
0.030268142
0.029306535
0.028345379
0.027384508
0.026423808
0.0254632
0.024502631
0.023542067
0.022581486
0.021620874
0.020660225
0.019699535
0.018738804
0.017778035
0.016817228
0.015856388
0.014895517
0.013934619
0.012973696
0.012012752
0.011051789
0.010090811
0.0091298179
0.008168813
0.007207798
0.0062467743
0.0052857435
0.0043247068
0.0033636655
0.0024026207
0.0014415734
0.00048052462
0.047111601
0.045532008
0.044347745
0.043210801
0.04211716
0.041060996
0.040031731
0.039021981
0.03802645
0.037041217
0.036063409
0.03509093
0.03412225
0.033156258
0.032192147
0.031229332
0.030267395
0.029306041
0.028345063
0.027384316
0.026423701
0.025463151
0.024502621
0.023542081
0.022581514
0.021620911
0.020660265
0.019699576
0.018738844
0.017778072
0.016817262
0.015856419
0.014895545
0.013934643
0.012973718
0.012012771
0.011051806
0.010090825
0.0091298301
0.0081688234
0.0072078067
0.0062467816
0.0052857494
0.0043247115
0.003363669
0.0024026231
0.0014415748
0.00048052511
0.0468272
0.04533125
0.044195869
0.043097748
0.042033727
0.040999699
0.039986895
0.038989317
0.038002747
0.037024099
0.036051117
0.035082163
0.03411605
0.033151917
0.032189139
0.031227275
0.030266012
0.029305134
0.02834449
0.027383975
0.026423519
0.025463076
0.024502615
0.02354212
0.022581579
0.021620989
0.020660348
0.019699659
0.018738924
0.017778147
0.016817332
0.015856481
0.014895601
0.013934693
0.012973761
0.012012809
0.011051839
0.010090853
0.0091298545
0.0081688441
0.0072078241
0.006246796
0.0052857611
0.0043247208
0.0033636761
0.002402628
0.0014415777
0.00048052607
0.046425118
0.045049314
0.043983628
0.04294044
0.041918086
0.040915029
0.039925155
0.038944476
0.03797032
0.037000767
0.036034431
0.035070317
0.034107713
0.033146103
0.03218513
0.031224551
0.0302642
0.029303965
0.028343769
0.027383564
0.026423318
0.025463014
0.024502643
0.023542202
0.022581692
0.021621117
0.020660481
0.01969979
0.018739048
0.017778262
0.016817436
0.015856575
0.014895684
0.013934767
0.012973826
0.012012866
0.011051888
0.010090896
0.0091298905
0.0081688746
0.0072078498
0.0062468172
0.0052857784
0.0043247344
0.0033636864
0.0024026353
0.001441582
0.00048052749
0.045934543
0.044708797
0.043729216
0.042753122
0.041781212
0.040815316
0.039852781
0.038892165
0.037932685
0.036973842
0.036015293
0.035056818
0.034098269
0.033139563
0.032180663
0.031221558
0.030262248
0.029302742
0.028343051
0.027383189
0.026423173
0.025463018
0.02450274
0.023542354
0.022581872
0.021621307
0.02066067
0.019699971
0.018739217
0.017778417
0.016817576
0.015856701
0.014895795
0.013934864
0.012973911
0.01201294
0.011051952
0.010090951
0.0091299375
0.0081689145
0.0072078832
0.006246845
0.0052858009
0.0043247523
0.0033636999
0.0024026447
0.0014415876
0.00048052933
0.045393713
0.044339055
0.043456094
0.042554027
0.041636887
0.040710911
0.039777527
0.038838157
0.037894118
0.036946463
0.035995993
0.035043315
0.034088916
0.033133174
0.032176381
0.031218764
0.030260495
0.029301709
0.028342508
0.027382973
0.02642317
0.025463148
0.024502948
0.023542603
0.022582137
0.021621572
0.020660925
0.019700208
0.018739435
0.017778614
0.016817752
0.015856857
0.014895932
0.013934984
0.012974016
0.01201303
0.01105203
0.010091017
0.0091299945
0.0081689627
0.0072079236
0.0062468784
0.0052858281
0.0043247737
0.0033637161
0.002402656
0.0014415943
0.00048053155
0.044848967
0.043975163
0.043191715
0.042363857
0.041500678
0.040613409
0.039707916
0.038788688
0.037859167
0.036921923
0.035978896
0.035031534
0.034080918
0.033127857
0.032172951
0.031216647
0.030259281
0.029301105
0.028342309
0.027383035
0.026423393
0.025463463
0.024503309
0.023542978
0.022582507
0.021621924
0.020661252
0.019700507
0.018739704
0.017778854
0.016817964
0.015857043
0.014896095
0.013935126
0.012974138
0.012013136
0.01105212
0.010091095
0.00913006
0.0081690179
0.0072079696
0.0062469162
0.0052858586
0.0043247977
0.0033637342
0.0024026686
0.0014416017
0.00048053401
0.044354963
0.043657315
0.042966289
0.042204828
0.041388667
0.040534456
0.03965239
0.038749827
0.037832166
0.036903351
0.035966294
0.035023142
0.034075478
0.033124469
0.032170976
0.03121563
0.030258902
0.029301139
0.028342599
0.027383475
0.026423908
0.025464006
0.024503849
0.023543495
0.02258299
0.021622367
0.020661654
0.019700869
0.018740027
0.017779139
0.016818216
0.015857264
0.014896289
0.013935295
0.012974286
0.012013264
0.011052231
0.01009119
0.0091301416
0.008169087
0.0072080276
0.0062469643
0.0052858978
0.0043248288
0.0033637577
0.0024026851
0.0014416115
0.00048053726
0.043981348
0.043432184
0.042812662
0.042099447
0.041316501
0.040485025
0.039618732
0.038727158
0.037817151
0.036893659
0.035960279
0.035019641
0.034073667
0.033123772
0.03217099
0.031216081
0.030259603
0.029301965
0.028343468
0.027384334
0.026424725
0.025464762
0.024504533
0.023544106
0.02258353
0.02162284
0.020662065
0.019701223
0.01874033
0.017779397
0.016818436
0.015857452
0.014896449
0.013935431
0.012974401
0.012013361
0.011052312
0.010091258
0.009130198
0.0081691342
0.0072080668
0.0062469964
0.0052859237
0.0043248491
0.003363773
0.0024026957
0.0014416177
0.00048053926
0.043815427
0.043332573
0.04274652
0.042056323
0.041289527
0.040468918
0.039609879
0.038723117
0.037816231
0.036894695
0.035962481
0.035022478
0.034076787
0.033126946
0.032174075
0.031218994
0.030262297
0.029304421
0.028345682
0.027386313
0.026426483
0.025466316
0.024505902
0.023545307
0.022584581
0.021623759
0.020662865
0.019701921
0.018740938
0.017779932
0.0168189
0.015857853
0.014896794
0.013935728
0.012974655
0.012013579
0.011052499
0.010091416
0.0091303323
0.008169247
0.0072081608
0.0062470739
0.0052859863
0.0043248984
0.0033638102
0.0024027217
0.001441633
0.00048054438
)
;

boundaryField
{
    inlet
    {
        type            fixedValue;
        value           uniform 0.4;
    }
    outlet
    {
        type            fixedValue;
        value           uniform 0;
    }
    top
    {
        type            zeroGradient;
    }
    bottom
    {
        type            zeroGradient;
    }
    interface
    {
        type            zeroGradient;
    }
    frontAndBack
    {
        type            empty;
    }
}


// ************************************************************************* //
