/*--------------------------------*- C++ -*----------------------------------*\
| =========                 |                                                 |
| \\      /  F ield         | OpenFOAM: The Open Source CFD Toolbox           |
|  \\    /   O peration     | Version:  2512                                  |
|   \\  /    A nd           | Website:  www.openfoam.com                      |
|    \\/     M anipulation  |                                                 |
\*---------------------------------------------------------------------------*/
FoamFile
{
    version     2.0;
    format      ascii;
    arch        "LSB;label=32;scalar=64";
    class       volVectorField;
    location    "1.4";
    object      U;
}
// * * * * * * * * * * * * * * * * * * * * * * * * * * * * * * * * * * * * * //

dimensions      [0 1 -1 0 0 0 0];

internalField   nonuniform List<vector> 
2020
(
(0.46104637 0.018548091 0)
(0.43269316 0.031260668 0)
(0.39172777 0.02951557 0)
(0.34130099 0.023672782 0)
(0.29389684 0.017825651 0)
(0.25495028 0.012641093 0)
(0.22407923 0.0083222763 0)
(0.19974422 0.0050827642 0)
(0.18080041 0.0028750182 0)
(0.16628221 0.0014588237 0)
(0.15525768 0.00060962994 0)
(0.14687303 0.00015289384 0)
(0.14042327 -4.9752755e-05 0)
(0.13536655 -0.00010567361 0)
(0.13130545 -8.9455336e-05 0)
(0.12796037 -4.6713445e-05 0)
(0.12513849 -9.773629e-07 0)
(0.12271139 3.6902277e-05 0)
(0.12059153 6.4229186e-05 0)
(0.11872397 8.0467868e-05 0)
(0.11706815 8.8408521e-05 0)
(0.11560402 8.8414855e-05 0)
(0.11431017 8.4662975e-05 0)
(0.11318731 7.5112015e-05 0)
(0.11221786 6.523732e-05 0)
(0.11141927 4.8148481e-05 0)
(0.11076209 3.4346842e-05 0)
(0.11028744 9.1029544e-06 0)
(0.10993417 -5.7088e-06 0)
(0.10979841 -4.3941277e-05 0)
(0.10974543 -6.874205e-05 0)
(0.10997101 -0.00014893418 0)
(0.11019441 -0.00017358046 0)
(0.11088638 -0.00030908376 0)
(0.11140534 -0.00031835906 0)
(0.11285033 -0.00058267269 0)
(0.11367152 -0.00053980735 0)
(0.11655286 -0.0011071813 0)
(0.11753214 -0.00088652622 0)
(0.12357437 -0.0022174966 0)
(0.12377939 -0.0014101242 0)
(0.13791538 -0.0048463824 0)
(0.13261819 -0.0021635446 0)
(0.17193917 -0.011612957 0)
(0.13851276 -0.004162683 0)
(0.26564188 -0.029226764 0)
(0.12664508 -0.010788055 0)
(0.53171084 -0.081735257 0)
(0.50076519 0.02843532 0)
(0.5161464 0.055965492 0)
(0.52500456 0.063594985 0)
(0.52225892 0.063368012 0)
(0.51087678 0.059775082 0)
(0.49520006 0.053890885 0)
(0.47767142 0.046571765 0)
(0.45938145 0.038871739 0)
(0.44108292 0.031616324 0)
(0.4234815 0.025245396 0)
(0.40714194 0.019929977 0)
(0.39235918 0.01567409 0)
(0.37920243 0.012377328 0)
(0.36760717 0.0098821217 0)
(0.35743949 0.0080167765 0)
(0.3485432 0.0066227903 0)
(0.3407541 0.0055705772 0)
(0.33392556 0.0047584426 0)
(0.3279187 0.0041145373 0)
(0.32263114 0.0035837579 0)
(0.31795995 0.0031327136 0)
(0.31385356 0.0027301174 0)
(0.31023081 0.0023657155 0)
(0.30709077 0.0020169268 0)
(0.30434567 0.001691994 0)
(0.30205664 0.0013642313 0)
(0.3000836 0.001064395 0)
(0.29858962 0.00074460804 0)
(0.29729885 0.00047338707 0)
(0.29658101 0.00014968873 0)
(0.29585044 -9.4493206e-05 0)
(0.29595846 -0.00048798696 0)
(0.29563641 -0.00072292637 0)
(0.29681572 -0.0012878494 0)
(0.29661515 -0.0015145756 0)
(0.29956894 -0.0024772639 0)
(0.29883805 -0.0026691965 0)
(0.30540066 -0.0045120309 0)
(0.30226077 -0.0045296156 0)
(0.31721348 -0.0083214793 0)
(0.30595274 -0.0077022189 0)
(0.34207861 -0.015953834 0)
(0.30587121 -0.013458949 0)
(0.39615726 -0.032594678 0)
(0.29239797 -0.024251579 0)
(0.50749276 -0.075181395 0)
(0.26321351 -0.039754305 0)
(0.71883656 -0.19929273 0)
(0.5000059 0.014904574 0)
(0.5120985 0.036530808 0)
(0.52731732 0.047884503 0)
(0.54000684 0.052672052 0)
(0.54810729 0.053948216 0)
(0.55210196 0.052834876 0)
(0.55287404 0.04986518 0)
(0.55099431 0.045694128 0)
(0.5469183 0.041010083 0)
(0.54117459 0.036321103 0)
(0.53432798 0.031911526 0)
(0.52687011 0.027913642 0)
(0.51916829 0.024374879 0)
(0.51148443 0.021292254 0)
(0.50399245 0.018634785 0)
(0.49681391 0.01635387 0)
(0.49001203 0.014398123 0)
(0.48363491 0.01271243 0)
(0.47768244 0.011251989 0)
(0.47217836 0.0099688524 0)
(0.46708413 0.0088329072 0)
(0.46243625 0.0078017082 0)
(0.45815603 0.0068625378 0)
(0.45432986 0.0059726329 0)
(0.45080734 0.0051450906 0)
(0.4477842 0.0043267845 0)
(0.44495768 0.0035714788 0)
(0.44275168 0.0027900845 0)
(0.44053336 0.0021037892 0)
(0.43921447 0.0013319933 0)
(0.43744727 0.00072482401 0)
(0.43720113 -9.9230755e-05 0)
(0.43556749 -0.00063718775 0)
(0.43688296 -0.0016776647 0)
(0.4347376 -0.002187267 0)
(0.43878177 -0.0038004272 0)
(0.43466508 -0.0042937928 0)
(0.44413488 -0.0071401784 0)
(0.43465289 -0.0075192396 0)
(0.45564042 -0.013013709 0)
(0.43300806 -0.012767379 0)
(0.47862395 -0.024216401 0)
(0.42598707 -0.021356611 0)
(0.52205353 -0.047387627 0)
(0.40643476 -0.034815035 0)
(0.59859326 -0.098275195 0)
(0.36111552 -0.052586266 0)
(0.75198744 -0.20438532 0)
(0.49997369 0.0086152365 0)
(0.50653267 0.023491124 0)
(0.51722149 0.033715303 0)
(0.52932588 0.039650826 0)
(0.54055923 0.042726172 0)
(0.5501012 0.043851799 0)
(0.55788753 0.043434529 0)
(0.56393849 0.041821257 0)
(0.56826197 0.039427343 0)
(0.57096338 0.036637162 0)
(0.57226346 0.033724967 0)
(0.57243428 0.030857551 0)
(0.57172679 0.02813184 0)
(0.57035857 0.025598587 0)
(0.56849649 0.023279973 0)
(0.5662891 0.021173573 0)
(0.56383372 0.019267983 0)
(0.56123737 0.017538678 0)
(0.55853973 0.01596658 0)
(0.55583519 0.014520111 0)
(0.55310609 0.013184986 0)
(0.55047042 0.011925001 0)
(0.54783272 0.010739422 0)
(0.54539043 0.0095845391 0)
(0.54291096 0.008486202 0)
(0.54077029 0.0073822837 0)
(0.53846411 0.0063439414 0)
(0.53674639 0.0052621159 0)
(0.53455915 0.0042853537 0)
(0.53344967 0.0031976199 0)
(0.53121388 0.0022903612 0)
(0.53105643 0.0011252129 0)
(0.52839615 0.00027483947 0)
(0.52987644 -0.0011430653 0)
(0.52594033 -0.0019697411 0)
(0.53047507 -0.0040469235 0)
(0.52351598 -0.0048922642 0)
(0.53395531 -0.0083958565 0)
(0.52024336 -0.009134917 0)
(0.54224453 -0.015685992 0)
(0.51419457 -0.015663922 0)
(0.55868068 -0.028853702 0)
(0.50117271 -0.02577625 0)
(0.58860487 -0.053734687 0)
(0.47163745 -0.040597277 0)
(0.64185713 -0.10120766 0)
(0.40626058 -0.056287707 0)
(0.76556723 -0.18918362 0)
(0.50002937 0.0056928696 0)
(0.50397186 0.016150454 0)
(0.51100936 0.024358822 0)
(0.52005224 0.029855694 0)
(0.5296215 0.033126296 0)
(0.53882797 0.034798932 0)
(0.54736304 0.035260584 0)
(0.55510852 0.034762644 0)
(0.56195406 0.033561227 0)
(0.56782981 0.031919376 0)
(0.572747 0.030055288 0)
(0.57679079 0.02811824 0)
(0.58006718 0.026202122 0)
(0.58269012 0.024360849 0)
(0.58474587 0.022624529 0)
(0.5863308 0.021001859 0)
(0.58749695 0.019493652 0)
(0.58833417 0.018087231 0)
(0.58885357 0.016774366 0)
(0.58915791 0.015533039 0)
(0.58919958 0.014357147 0)
(0.58912952 0.013217489 0)
(0.58880271 0.012118742 0)
(0.58848598 0.011022124 0)
(0.58785368 0.0099564726 0)
(0.58741582 0.0088643516 0)
(0.58649081 0.0078177389 0)
(0.58608233 0.0067134319 0)
(0.58480073 0.0056957969 0)
(0.58464455 0.0045572262 0)
(0.5828139 0.0035745787 0)
(0.58330331 0.0023245993 0)
(0.58050122 0.0013541365 0)
(0.58237909 -0.00021524651 0)
(0.57769547 -0.0012089267 0)
(0.58236535 -0.003465198 0)
(0.57401277 -0.0045296412 0)
(0.5841756 -0.0082700674 0)
(0.56847776 -0.0092792553 0)
(0.58921545 -0.016025898 0)
(0.55884411 -0.01637402 0)
(0.59983595 -0.029216676 0)
(0.54012593 -0.026930397 0)
(0.62017536 -0.052120149 0)
(0.50128729 -0.041284417 0)
(0.66011152 -0.091650127 0)
(0.42202733 -0.053801434 0)
(0.77109415 -0.15992095 0)
(0.50003546 0.0039326233 0)
(0.50272438 0.01135503 0)
(0.5076551 0.01759334 0)
(0.51437045 0.022141791 0)
(0.5219946 0.025063986 0)
(0.52981116 0.026712672 0)
(0.53746127 0.02740469 0)
(0.54479256 0.027355986 0)
(0.55169838 0.026747073 0)
(0.55808977 0.02575652 0)
(0.56391596 0.024544925 0)
(0.56918196 0.023233258 0)
(0.57391705 0.021901707 0)
(0.57817391 0.020597327 0)
(0.58198615 0.019347361 0)
(0.58541093 0.01816212 0)
(0.58846165 0.017045494 0)
(0.59120521 0.015990373 0)
(0.59362144 0.01499264 0)
(0.59580488 0.014036787 0)
(0.59767629 0.013119356 0)
(0.59939351 0.012217674 0)
(0.6007696 0.011335646 0)
(0.60209933 0.010441502 0)
(0.60299301 0.0095587566 0)
(0.60402364 0.008640538 0)
(0.60440592 0.0077477309 0)
(0.60526344 0.006795373 0)
(0.60503527 0.0059067129 0)
(0.60592685 0.0049040282 0)
(0.60485976 0.0040267198 0)
(0.60615756 0.002895973 0)
(0.60377933 0.001999108 0)
(0.60618886 0.000538948 0)
(0.60158313 -0.00044290439 0)
(0.60639821 -0.0025814768 0)
(0.5976878 -0.0036909086 0)
(0.6074262 -0.007208346 0)
(0.59096839 -0.0083689607 0)
(0.61036308 -0.014514223 0)
(0.5788724 -0.015247885 0)
(0.61710444 -0.026373055 0)
(0.55597843 -0.025079565 0)
(0.63154563 -0.045667536 0)
(0.51096239 -0.037435242 0)
(0.66452083 -0.076616541 0)
(0.42446864 -0.046231416 0)
(0.77130105 -0.12691108 0)
(0.50003113 0.0027084871 0)
(0.50203683 0.007881517 0)
(0.5057498 0.012389201 0)
(0.51096399 0.015866494 0)
(0.51716014 0.018237172 0)
(0.52379967 0.019662641 0)
(0.53052863 0.020357612 0)
(0.53716325 0.020492667 0)
(0.54359271 0.020200985 0)
(0.54973328 0.019604375 0)
(0.55552295 0.018815624 0)
(0.56093936 0.01792625 0)
(0.56597968 0.017001155 0)
(0.57066957 0.016080459 0)
(0.57501993 0.015188056 0)
(0.57907085 0.014334663 0)
(0.58281846 0.013525308 0)
(0.58631805 0.012756765 0)
(0.58953437 0.012026971 0)
(0.59255564 0.011325565 0)
(0.59528735 0.010649835 0)
(0.59788636 0.0099831014 0)
(0.60014656 0.0093269862 0)
(0.60236815 0.0086572255 0)
(0.60413445 0.0079900068 0)
(0.60603397 0.007289864 0)
(0.60724281 0.0066030432 0)
(0.60891616 0.0058650117 0)
(0.60943879 0.0051725721 0)
(0.61106772 0.0043858375 0)
(0.61065038 0.003694279 0)
(0.61257667 0.0027930559 0)
(0.61072008 0.0020673432 0)
(0.61358964 0.00088284608 0)
(0.60932347 3.8773997e-05 0)
(0.61434414 -0.0017594293 0)
(0.60574134 -0.0027623356 0)
(0.61525147 -0.0057116458 0)
(0.59860576 -0.0068515549 0)
(0.61713564 -0.011893898 0)
(0.58513056 -0.012812153 0)
(0.62168049 -0.021612052 0)
(0.55972241 -0.021038623 0)
(0.63294028 -0.036674878 0)
(0.51125562 -0.030677692 0)
(0.66297221 -0.05949278 0)
(0.42174471 -0.03621409 0)
(0.76979859 -0.094731389 0)
(0.50002693 0.0017757457 0)
(0.50163822 0.0051879278 0)
(0.50463789 0.00822031 0)
(0.50892624 0.010648334 0)
(0.5141772 0.012379406 0)
(0.51998966 0.013471301 0)
(0.52604162 0.014048851 0)
(0.53213041 0.014229712 0)
(0.53812998 0.014107165 0)
(0.54395353 0.013761648 0)
(0.54953474 0.013267442 0)
(0.55483895 0.01268805 0)
(0.55984701 0.01207138 0)
(0.56457013 0.011448822 0)
(0.56900845 0.010839652 0)
(0.5731945 0.01025353 0)
(0.57711834 0.0096953872 0)
(0.58083059 0.0091644437 0)
(0.58429165 0.0086598841 0)
(0.58758678 0.008175391 0)
(0.59061829 0.0077089098 0)
(0.59354106 0.0072492256 0)
(0.59614578 0.0067965356 0)
(0.59873019 0.0063339167 0)
(0.6008735 0.0058713607 0)
(0.60316028 0.0053842232 0)
(0.60476295 0.004904328 0)
(0.60683097 0.0043869743 0)
(0.6077499 0.0039009019 0)
(0.60976585 0.0033470091 0)
(0.60973781 0.0028600328 0)
(0.61202585 0.0022206236 0)
(0.61053859 0.0017012868 0)
(0.61370395 0.00084282569 0)
(0.60975268 0.00021860022 0)
(0.61494605 -0.0011105533 0)
(0.60655509 -0.001896471 0)
(0.61597398 -0.0040827236 0)
(0.5993655 -0.0050274498 0)
(0.61741656 -0.0087180801 0)
(0.58523335 -0.0095678387 0)
(0.62085716 -0.015854458 0)
(0.55851133 -0.01566716 0)
(0.6306149 -0.026537241 0)
(0.50838862 -0.022419898 0)
(0.65978351 -0.042044511 0)
(0.41796659 -0.025584658 0)
(0.76806709 -0.065155287 0)
(0.5000243 0.0010086015 0)
(0.5014158 0.0029533902 0)
(0.50401615 0.0047008222 0)
(0.5077716 0.0061313181 0)
(0.51245322 0.007181217 0)
(0.51774706 0.0078647066 0)
(0.52336567 0.0082430967 0)
(0.52910173 0.0083835366 0)
(0.53481679 0.008341547 0)
(0.54041767 0.0081635812 0)
(0.54583397 0.0078918974 0)
(0.55102383 0.0075636739 0)
(0.55595832 0.0072081771 0)
(0.56063908 0.0068454193 0)
(0.56505944 0.0064879646 0)
(0.56924716 0.0061424867 0)
(0.57318966 0.0058125076 0)
(0.57693503 0.0054982088 0)
(0.58044305 0.0051994035 0)
(0.58379738 0.0049128066 0)
(0.58690144 0.0046372007 0)
(0.58990846 0.0043662188 0)
(0.59261164 0.0040996302 0)
(0.59530516 0.0038274842 0)
(0.5975721 0.0035551179 0)
(0.59998957 0.0032680501 0)
(0.6017373 0.0029848109 0)
(0.6039516 0.0026792792 0)
(0.60503351 0.0023923339 0)
(0.60720631 0.0020653094 0)
(0.60735935 0.0017781858 0)
(0.60980937 0.0013996311 0)
(0.60851976 0.0010911978 0)
(0.61183582 0.00057654795 0)
(0.60808103 0.00019987157 0)
(0.61336633 -0.00060872121 0)
(0.60514351 -0.0011072465 0)
(0.61452479 -0.0024411843 0)
(0.59800102 -0.0030589542 0)
(0.61580118 -0.0052953311 0)
(0.58358967 -0.0058802937 0)
(0.61873823 -0.0096346397 0)
(0.55625689 -0.0096014775 0)
(0.62787981 -0.015984089 0)
(0.50543716 -0.013562649 0)
(0.65700546 -0.024954634 0)
(0.41491037 -0.015147817 0)
(0.76677078 -0.038031059 0)
(0.50002308 0.00032733589 0)
(0.50131589 0.00095954864 0)
(0.50373634 0.0015304919 0)
(0.5072482 0.0020026673 0)
(0.51166272 0.0023540868 0)
(0.51670706 0.0025864181 0)
(0.52211438 0.0027177174 0)
(0.52767823 0.0027696297 0)
(0.53325428 0.002760603 0)
(0.53874511 0.0027059059 0)
(0.54407783 0.0026192687 0)
(0.54920709 0.0025129074 0)
(0.55409919 0.002396639 0)
(0.55875075 0.0022773219 0)
(0.56315146 0.002159309 0)
(0.56732635 0.0020449685 0)
(0.57126155 0.0019355647 0)
(0.5750038 0.0018312666 0)
(0.57851286 0.001732068 0)
(0.58187154 0.0016369674 0)
(0.5849844 0.0015455735 0)
(0.58800374 0.0014558325 0)
(0.59072502 0.001367616 0)
(0.5934402 0.0012776432 0)
(0.59573589 0.0011875861 0)
(0.59818448 0.0010926733 0)
(0.59997168 0.00099898576 0)
(0.60222534 0.00089795052 0)
(0.60335765 0.00080311437 0)
(0.60557732 0.00069510062 0)
(0.60579399 0.00060036918 0)
(0.60829802 0.00047530865 0)
(0.60708711 0.00037330253 0)
(0.61045846 0.00020235858 0)
(0.60679126 7.6135254e-05 0)
(0.61211152 -0.00019422718 0)
(0.6039731 -0.00036443552 0)
(0.61333658 -0.00081177716 0)
(0.59686718 -0.0010258999 0)
(0.6145571 -0.0017737794 0)
(0.58235517 -0.0019807433 0)
(0.61730306 -0.0032277006 0)
(0.55478982 -0.0032284146 0)
(0.62623916 -0.0053312541 0)
(0.50372791 -0.0045308104 0)
(0.65547832 -0.0082655363 0)
(0.41327451 -0.00500871 0)
(0.76610616 -0.012496811 0)
(0.50002308 -0.00032733596 0)
(0.50131589 -0.00095954864 0)
(0.50373634 -0.0015304919 0)
(0.5072482 -0.0020026675 0)
(0.51166272 -0.002354087 0)
(0.51670706 -0.0025864182 0)
(0.52211438 -0.0027177173 0)
(0.52767823 -0.0027696294 0)
(0.53325428 -0.0027606028 0)
(0.53874511 -0.002705906 0)
(0.54407783 -0.0026192692 0)
(0.5492071 -0.0025129084 0)
(0.5540992 -0.0023966403 0)
(0.55875076 -0.0022773233 0)
(0.56315146 -0.0021593104 0)
(0.56732635 -0.0020449696 0)
(0.57126155 -0.0019355655 0)
(0.57500381 -0.0018312671 0)
(0.57851287 -0.0017320688 0)
(0.58187154 -0.0016369691 0)
(0.58498441 -0.0015455768 0)
(0.58800375 -0.0014558382 0)
(0.59072502 -0.001367625 0)
(0.5934402 -0.0012776563 0)
(0.59573589 -0.0011876041 0)
(0.59818448 -0.001092697 0)
(0.59997168 -0.00099901602 0)
(0.60222534 -0.0008979874 0)
(0.60335765 -0.00080315799 0)
(0.60557732 -0.00069514901 0)
(0.60579399 -0.00060041992 0)
(0.60829801 -0.0004753568 0)
(0.60708711 -0.00037334498 0)
(0.61045846 -0.000202389 0)
(0.60679126 -7.6151532e-05 0)
(0.61211151 0.0001942334 0)
(0.60397309 0.00036446109 0)
(0.61333657 0.00081183164 0)
(0.59686717 0.0010259735 0)
(0.61455709 0.0017738905 0)
(0.58235517 0.00198087 0)
(0.61730306 0.0032278832 0)
(0.55478984 0.0032286024 0)
(0.62623917 0.0053315387 0)
(0.50372793 0.0045310619 0)
(0.65547839 0.0082659559 0)
(0.41327444 0.0050089514 0)
(0.76610623 0.012497358 0)
(0.5000243 -0.0010086017 0)
(0.5014158 -0.0029533903 0)
(0.50401615 -0.0047008225 0)
(0.5077716 -0.0061313186 0)
(0.51245322 -0.0071812177 0)
(0.51774706 -0.0078647072 0)
(0.52336567 -0.0082430972 0)
(0.52910173 -0.008383537 0)
(0.5348168 -0.0083415476 0)
(0.54041768 -0.0081635821 0)
(0.54583397 -0.0078918988 0)
(0.55102383 -0.0075636758 0)
(0.55595833 -0.0072081794 0)
(0.56063908 -0.0068454218 0)
(0.56505945 -0.006487967 0)
(0.56924717 -0.0061424887 0)
(0.57318967 -0.005812509 0)
(0.57693505 -0.0054982099 0)
(0.58044306 -0.0051994045 0)
(0.58379739 -0.0049128082 0)
(0.58690145 -0.0046372035 0)
(0.58990847 -0.0043662237 0)
(0.59261165 -0.0040996381 0)
(0.59530517 -0.0038274959 0)
(0.59757211 -0.0035551343 0)
(0.59998958 -0.003268072 0)
(0.6017373 -0.0029848394 0)
(0.6039516 -0.0026793144 0)
(0.60503351 -0.0023923757 0)
(0.60720631 -0.0020653555 0)
(0.60735935 -0.0017782341 0)
(0.60980936 -0.0013996766 0)
(0.60851974 -0.0010912367 0)
(0.61183581 -0.0005765732 0)
(0.60808101 -0.00019988181 0)
(0.6133663 0.00060873372 0)
(0.60514348 0.0011072778 0)
(0.61452476 0.0024412432 0)
(0.59800099 0.0030590291 0)
(0.61580115 0.005295439 0)
(0.58358964 0.0058804106 0)
(0.61873824 0.0096348046 0)
(0.55625688 0.009601639 0)
(0.62787986 0.015984342 0)
(0.5054372 0.013562867 0)
(0.65700552 0.02495503 0)
(0.41491055 0.015148062 0)
(0.76677079 0.038031625 0)
(0.50002693 -0.0017757459 0)
(0.50163822 -0.0051879282 0)
(0.50463789 -0.0082203107 0)
(0.50892624 -0.010648336 0)
(0.5141772 -0.012379407 0)
(0.51998967 -0.013471303 0)
(0.52604162 -0.014048853 0)
(0.53213042 -0.014229714 0)
(0.53812998 -0.014107167 0)
(0.54395354 -0.013761651 0)
(0.54953475 -0.013267445 0)
(0.55483896 -0.012688053 0)
(0.55984703 -0.012071384 0)
(0.56457015 -0.011448826 0)
(0.56900846 -0.010839656 0)
(0.57319452 -0.010253533 0)
(0.57711836 -0.0096953902 0)
(0.58083061 -0.009164446 0)
(0.58429167 -0.0086598859 0)
(0.5875868 -0.0081753927 0)
(0.59061831 -0.0077089123 0)
(0.59354108 -0.0072492295 0)
(0.59614579 -0.0067965417 0)
(0.59873021 -0.006333926 0)
(0.60087351 -0.0058713742 0)
(0.60316029 -0.0053842419 0)
(0.60476295 -0.0049043529 0)
(0.60683097 -0.0043870056 0)
(0.60774989 -0.0039009395 0)
(0.60976584 -0.0033470505 0)
(0.6097378 -0.0028600757 0)
(0.61202583 -0.0022206622 0)
(0.61053856 -0.0017013169 0)
(0.61370391 -0.00084283981 0)
(0.60975264 -0.00021859588 0)
(0.614946 0.0011105799 0)
(0.60655503 0.0018965145 0)
(0.61597392 0.004082792 0)
(0.59936542 0.0050275281 0)
(0.61741651 0.0087181844 0)
(0.58523329 0.0095679395 0)
(0.62085714 0.015854596 0)
(0.55851131 0.015667277 0)
(0.63061496 0.026537442 0)
(0.50838862 0.022420047 0)
(0.65978372 0.042044859 0)
(0.41796657 0.025584841 0)
(0.76806731 0.065155883 0)
(0.50003113 -0.0027084875 0)
(0.50203683 -0.0078815177 0)
(0.5057498 -0.012389202 0)
(0.51096399 -0.015866496 0)
(0.51716014 -0.018237175 0)
(0.52379967 -0.019662644 0)
(0.53052863 -0.020357615 0)
(0.53716326 -0.020492671 0)
(0.54359272 -0.020200989 0)
(0.54973328 -0.01960438 0)
(0.55552296 -0.01881563 0)
(0.56093938 -0.017926256 0)
(0.56597969 -0.017001162 0)
(0.57066959 -0.016080466 0)
(0.57501995 -0.015188063 0)
(0.57907088 -0.014334669 0)
(0.58281848 -0.013525313 0)
(0.58631808 -0.012756769 0)
(0.58953439 -0.012026974 0)
(0.59255566 -0.011325568 0)
(0.59528737 -0.010649838 0)
(0.59788639 -0.0099831045 0)
(0.60014658 -0.0093269904 0)
(0.60236817 -0.0086572319 0)
(0.60413446 -0.0079900163 0)
(0.60603398 -0.0072898778 0)
(0.60724282 -0.0066030623 0)
(0.60891616 -0.0058650366 0)
(0.60943878 -0.0051726022 0)
(0.61106771 -0.0043858705 0)
(0.61065035 -0.0036943117 0)
(0.61257663 -0.0027930823 0)
(0.61072004 -0.0020673589 0)
(0.61358958 -0.00088284348 0)
(0.6093234 -3.8751726e-05 0)
(0.61434405 0.0017594731 0)
(0.60574125 0.0027623949 0)
(0.61525137 0.0057117251 0)
(0.59860567 0.0068516372 0)
(0.61713556 0.011893996 0)
(0.58513049 0.012812236 0)
(0.62168047 0.021612158 0)
(0.55972236 0.021038693 0)
(0.63294031 0.036675013 0)
(0.51125566 0.030677772 0)
(0.66297233 0.059493029 0)
(0.4217449 0.036214243 0)
(0.76979878 0.0947319 0)
(0.50003546 -0.0039326238 0)
(0.50272438 -0.011355032 0)
(0.50765511 -0.017593342 0)
(0.51437045 -0.022141795 0)
(0.5219946 -0.02506399 0)
(0.52981116 -0.026712676 0)
(0.53746128 -0.027404695 0)
(0.54479256 -0.027355992 0)
(0.55169839 -0.02674708 0)
(0.55808978 -0.025756528 0)
(0.56391598 -0.024544933 0)
(0.56918197 -0.023233268 0)
(0.57391707 -0.021901717 0)
(0.57817393 -0.020597337 0)
(0.58198617 -0.019347371 0)
(0.58541095 -0.01816213 0)
(0.58846168 -0.017045502 0)
(0.59120523 -0.01599038 0)
(0.59362147 -0.014992647 0)
(0.59580491 -0.014036791 0)
(0.59767632 -0.01311936 0)
(0.59939354 -0.012217677 0)
(0.60076963 -0.011335649 0)
(0.60209935 -0.010441505 0)
(0.60299303 -0.0095587612 0)
(0.60402365 -0.008640545 0)
(0.60440592 -0.0077477414 0)
(0.60526344 -0.0067953876 0)
(0.60503525 -0.0059067309 0)
(0.60592682 -0.0049040471 0)
(0.60485971 -0.0040267358 0)
(0.6061575 -0.0028959803 0)
(0.60377925 -0.0019991027 0)
(0.60618877 -0.00053892439 0)
(0.60158302 0.00044294406 0)
(0.6063981 0.0025815373 0)
(0.59768767 0.0036909811 0)
(0.60742609 0.0072084324 0)
(0.59096827 0.0083690424 0)
(0.61036301 0.014514311 0)
(0.57887231 0.015247949 0)
(0.61710444 0.026373129 0)
(0.55597836 0.025079594 0)
(0.63154571 0.045667612 0)
(0.51096235 0.037435237 0)
(0.66452115 0.076616698 0)
(0.42446865 0.046231429 0)
(0.77130153 0.12691137 0)
(0.50002937 -0.0056928702 0)
(0.50397186 -0.016150455 0)
(0.51100936 -0.024358825 0)
(0.52005224 -0.029855699 0)
(0.5296215 -0.033126302 0)
(0.53882798 -0.034798939 0)
(0.54736305 -0.035260591 0)
(0.55510853 -0.034762652 0)
(0.56195408 -0.033561236 0)
(0.56782983 -0.031919387 0)
(0.57274701 -0.0300553 0)
(0.5767908 -0.028118253 0)
(0.5800672 -0.026202136 0)
(0.58269014 -0.024360862 0)
(0.58474589 -0.022624543 0)
(0.58633082 -0.021001872 0)
(0.58749697 -0.019493664 0)
(0.58833419 -0.018087242 0)
(0.5888536 -0.016774375 0)
(0.58915794 -0.015533047 0)
(0.58919961 -0.014357153 0)
(0.58912954 -0.013217493 0)
(0.58880274 -0.012118744 0)
(0.588486 -0.011022124 0)
(0.58785369 -0.0099564713 0)
(0.58741582 -0.0088643498 0)
(0.58649081 -0.0078177384 0)
(0.58608231 -0.0067134328 0)
(0.5848007 -0.0056957991 0)
(0.5846445 -0.0045572263 0)
(0.58281383 -0.0035745742 0)
(0.58330324 -0.0023245838 0)
(0.58050113 -0.0013541071 0)
(0.58237898 0.00021529195 0)
(0.57769536 0.0012089852 0)
(0.58236524 0.0034652726 0)
(0.57401266 0.0045297216 0)
(0.58417551 0.0082701536 0)
(0.56847767 0.009279331 0)
(0.58921541 0.016025971 0)
(0.55884404 0.016374064 0)
(0.59983598 0.029216724 0)
(0.54012586 0.02693039 0)
(0.62017551 0.052120178 0)
(0.50128721 0.041284338 0)
(0.66011188 0.091650136 0)
(0.42202738 0.053801312 0)
(0.77109466 0.15992087 0)
(0.49997369 -0.0086152374 0)
(0.50653267 -0.023491126 0)
(0.51722149 -0.033715308 0)
(0.52932588 -0.039650831 0)
(0.54055923 -0.042726179 0)
(0.55010121 -0.043851808 0)
(0.55788754 -0.043434539 0)
(0.56393849 -0.041821268 0)
(0.56826198 -0.039427355 0)
(0.5709634 -0.036637176 0)
(0.57226347 -0.033724981 0)
(0.5724343 -0.030857566 0)
(0.5717268 -0.028131856 0)
(0.57035859 -0.025598603 0)
(0.5684965 -0.023279989 0)
(0.56628911 -0.021173588 0)
(0.56383373 -0.019267998 0)
(0.56123738 -0.017538691 0)
(0.55853974 -0.015966591 0)
(0.55583521 -0.01452012 0)
(0.5531061 -0.013184993 0)
(0.55047044 -0.011925005 0)
(0.54783273 -0.010739421 0)
(0.54539044 -0.009584535 0)
(0.54291095 -0.0084861944 0)
(0.54077028 -0.0073822739 0)
(0.53846409 -0.0063439305 0)
(0.53674637 -0.0052621046 0)
(0.53455911 -0.0042853414 0)
(0.53344962 -0.0031976045 0)
(0.53121383 -0.002290339 0)
(0.53105636 -0.0011251818 0)
(0.52839608 -0.00027479683 0)
(0.52987636 0.0011431214 0)
(0.52594026 0.0019698079 0)
(0.53047501 0.0040469993 0)
(0.52351593 0.0048923395 0)
(0.53395529 0.0083959309 0)
(0.52024336 0.009134976 0)
(0.54224458 0.015686043 0)
(0.51419461 0.015663945 0)
(0.55868082 0.028853716 0)
(0.50117277 0.025776218 0)
(0.58860509 0.053734642 0)
(0.47163758 0.040597151 0)
(0.64185751 0.10120751 0)
(0.40626083 0.056287484 0)
(0.76556771 0.18918322 0)
(0.5000059 -0.014904575 0)
(0.5120985 -0.036530811 0)
(0.52731732 -0.047884509 0)
(0.54000684 -0.052672059 0)
(0.54810729 -0.053948225 0)
(0.55210197 -0.052834886 0)
(0.55287404 -0.049865191 0)
(0.55099431 -0.04569414 0)
(0.54691831 -0.041010096 0)
(0.54117459 -0.036321116 0)
(0.53432798 -0.031911541 0)
(0.5268701 -0.027913657 0)
(0.51916829 -0.024374894 0)
(0.51148442 -0.021292268 0)
(0.50399244 -0.0186348 0)
(0.49681389 -0.016353884 0)
(0.49001201 -0.014398137 0)
(0.48363489 -0.012712442 0)
(0.47768241 -0.011251999 0)
(0.47217833 -0.0099688607 0)
(0.46708411 -0.0088329123 0)
(0.46243622 -0.0078017094 0)
(0.458156 -0.0068625346 0)
(0.45432983 -0.0059726254 0)
(0.45080731 -0.0051450792 0)
(0.44778417 -0.0043267706 0)
(0.44495765 -0.003571463 0)
(0.44275165 -0.0027900675 0)
(0.44053333 -0.00210377 0)
(0.43921444 -0.0013319705 0)
(0.43744723 -0.00072479593 0)
(0.4372011 9.9265849e-05 0)
(0.43556746 0.00063723076 0)
(0.43688295 0.0016777175 0)
(0.43473759 0.0021873247 0)
(0.43878179 0.0038004879 0)
(0.4346651 0.0042938471 0)
(0.44413496 0.007140228 0)
(0.43465296 0.00751927 0)
(0.45564057 0.01301373 0)
(0.43300817 0.012767367 0)
(0.47862419 0.024216379 0)
(0.42598718 0.021356517 0)
(0.52205395 0.047387528 0)
(0.40643479 0.034814782 0)
(0.59859392 0.098274936 0)
(0.36111556 0.052585883 0)
(0.75198791 0.20438483 0)
(0.50076519 -0.028435322 0)
(0.5161464 -0.055965497 0)
(0.52500456 -0.063594992 0)
(0.52225892 -0.06336802 0)
(0.51087678 -0.059775091 0)
(0.49520006 -0.053890894 0)
(0.47767142 -0.046571775 0)
(0.45938144 -0.038871748 0)
(0.44108291 -0.031616333 0)
(0.42348148 -0.025245406 0)
(0.40714192 -0.019929986 0)
(0.39235916 -0.015674099 0)
(0.3792024 -0.012377338 0)
(0.36760714 -0.0098821315 0)
(0.35743945 -0.0080167863 0)
(0.34854316 -0.0066227998 0)
(0.34075405 -0.0055705864 0)
(0.33392551 -0.0047584508 0)
(0.32791865 -0.0041145442 0)
(0.32263108 -0.0035837628 0)
(0.3179599 -0.003132716 0)
(0.3138535 -0.0027301167 0)
(0.31023077 -0.0023657117 0)
(0.30709073 -0.00201692 0)
(0.30434563 -0.0016919847 0)
(0.30205661 -0.0013642197 0)
(0.30008358 -0.0010643814 0)
(0.2985896 -0.00074459232 0)
(0.29729884 -0.00047336908 0)
(0.296581 -0.00014966792 0)
(0.29585044 9.4519e-05 0)
(0.29595847 0.00048801913 0)
(0.29563643 0.00072296242 0)
(0.29681576 0.0012878883 0)
(0.2966152 0.0015146141 0)
(0.29956902 0.0024773006 0)
(0.29883814 0.0026692257 0)
(0.30540079 0.0045120524 0)
(0.3022609 0.0045296211 0)
(0.31721364 0.0083214702 0)
(0.30595288 0.0077021758 0)
(0.34207879 0.01595377 0)
(0.30587137 0.013458812 0)
(0.39615738 0.032594503 0)
(0.2923981 0.024251334 0)
(0.50749258 0.075180956 0)
(0.26321351 0.039754047 0)
(0.71883621 0.19929222 0)
(0.46104637 -0.018548093 0)
(0.43269316 -0.03126067 0)
(0.39172777 -0.029515573 0)
(0.34130098 -0.023672785 0)
(0.29389683 -0.017825654 0)
(0.25495027 -0.012641096 0)
(0.22407921 -0.0083222785 0)
(0.1997442 -0.0050827663 0)
(0.18080039 -0.0028750205 0)
(0.16628219 -0.0014588263 0)
(0.15525766 -0.00060963283 0)
(0.146873 -0.000152897 0)
(0.14042324 4.9749316e-05 0)
(0.13536652 0.00010567002 0)
(0.13130542 8.9451626e-05 0)
(0.12796034 4.6709796e-05 0)
(0.12513846 9.7382791e-07 0)
(0.12271136 -3.6905473e-05 0)
(0.1205915 -6.4231976e-05 0)
(0.11872394 -8.0469979e-05 0)
(0.11706813 -8.8409889e-05 0)
(0.115604 -8.8415191e-05 0)
(0.11431015 -8.4662247e-05 0)
(0.11318729 -7.5109948e-05 0)
(0.11221786 -6.5233999e-05 0)
(0.11141926 -4.8143753e-05 0)
(0.11076209 -3.4340991e-05 0)
(0.11028745 -9.0959413e-06 0)
(0.10993418 5.7167247e-06 0)
(0.10979842 4.3950237e-05 0)
(0.10974545 6.8753792e-05 0)
(0.10997103 0.00014894662 0)
(0.11019444 0.00017359266 0)
(0.11088642 0.00030909555 0)
(0.11140539 0.0003183698 0)
(0.11285039 0.00058268163 0)
(0.11367159 0.00053981308 0)
(0.11655293 0.0011071827 0)
(0.11753222 0.00088652077 0)
(0.12357444 0.0022174823 0)
(0.12377944 0.0014100953 0)
(0.13791541 0.0048463382 0)
(0.13261821 0.0021634773 0)
(0.17193901 0.011612859 0)
(0.13851267 0.0041625818 0)
(0.26564136 0.029226555 0)
(0.12664485 0.010787971 0)
(0.53171029 0.081734996 0)
(0.32146869 -0.027545198 0)
(0.48331656 -0.0071196142 0)
(0.44654919 -0.0016041855 0)
(0.5021023 -0.0012406742 0)
(0.33201225 0.0070457788 0)
(0.3581841 -0.051122191 0)
(0.52309802 -0.014871104 0)
(0.47483191 -0.0039046415 0)
(0.53897681 6.2453402e-05 0)
(0.34725265 0.0089703189 0)
(0.36386557 -0.041450707 0)
(0.5299755 -0.011812649 0)
(0.47940294 -0.0037750229 0)
(0.54483994 4.0065925e-05 0)
(0.35088757 0.0030231482 0)
(0.36690087 -0.036553816 0)
(0.53485303 -0.010457097 0)
(0.48320249 -0.0037040451 0)
(0.54867015 -0.00037579648 0)
(0.35342738 0.0015241069 0)
(0.36903118 -0.029085106 0)
(0.53783036 -0.0079463621 0)
(0.48579398 -0.0029174333 0)
(0.55126772 -0.00045714497 0)
(0.35506024 0.00087550939 0)
(0.36997266 -0.022045551 0)
(0.53952584 -0.0057748052 0)
(0.48752716 -0.0021460214 0)
(0.55312744 -0.00040464026 0)
(0.35622465 0.00058742881 0)
(0.37032784 -0.015862115 0)
(0.54044697 -0.0039569812 0)
(0.48862395 -0.0014504743 0)
(0.55440182 -0.00028183731 0)
(0.35703893 0.00040940533 0)
(0.37041963 -0.010621324 0)
(0.54092785 -0.0025355145 0)
(0.48929176 -0.00090713378 0)
(0.55523671 -0.00017005019 0)
(0.35758416 0.0002747405 0)
(0.37042905 -0.0060927792 0)
(0.5411674 -0.0014055793 0)
(0.48966942 -0.00048973549 0)
(0.5557355 -8.5559711e-05 0)
(0.35791532 0.00015957077 0)
(0.37042391 -0.0019852144 0)
(0.54126656 -0.00044963325 0)
(0.4898395 -0.00015408916 0)
(0.55596795 -2.552534e-05 0)
(0.35807124 5.2451179e-05 0)
(0.37042392 0.0019852215 0)
(0.54126658 0.00044960533 0)
(0.48983951 0.00015407098 0)
(0.55596795 2.5509722e-05 0)
(0.35807124 -5.247021e-05 0)
(0.37042908 0.0060927923 0)
(0.54116743 0.0014055567 0)
(0.48966943 0.00048971997 0)
(0.5557355 8.5545694e-05 0)
(0.35791532 -0.00015958676 0)
(0.3704197 0.01062134 0)
(0.54092792 0.0025354997 0)
(0.48929179 0.00090712401 0)
(0.55523671 0.00017003961 0)
(0.35758416 -0.00027475156 0)
(0.37032794 0.015862133 0)
(0.54044706 0.003956974 0)
(0.48862399 0.0014504676 0)
(0.55440182 0.00028182796 0)
(0.35703893 -0.00040941133 0)
(0.36997281 0.022045556 0)
(0.53952597 0.0057747946 0)
(0.48752721 0.0021460084 0)
(0.55312744 0.00040462861 0)
(0.35622465 -0.00058743202 0)
(0.36903134 0.029085104 0)
(0.5378305 0.0079463515 0)
(0.48579404 0.002917419 0)
(0.55126773 0.00045713174 0)
(0.35506025 -0.00087551202 0)
(0.366901 0.036553813 0)
(0.53485316 0.010457083 0)
(0.48320254 0.0037040222 0)
(0.54867017 0.00037578022 0)
(0.35342739 -0.0015241122 0)
(0.36386565 0.041450768 0)
(0.52997558 0.011812659 0)
(0.47940298 0.0037750098 0)
(0.54483997 -4.0079629e-05 0)
(0.35088759 -0.0030231573 0)
(0.35818402 0.051122254 0)
(0.52309798 0.014871116 0)
(0.47483191 0.0039046274 0)
(0.53897682 -6.2470776e-05 0)
(0.34725266 -0.0089703335 0)
(0.32146856 0.027545207 0)
(0.48331645 0.007119607 0)
(0.44654917 0.0016041682 0)
(0.50210231 0.0012406605 0)
(0.33201227 -0.0070457884 0)
(0.57500123 0.040441529 0)
(0.39945227 0.031773616 0)
(0.29498238 0.021106364 0)
(0.25958042 0.013080964 0)
(0.23994099 0.0087112554 0)
(0.21753581 0.0063799515 0)
(0.19519509 0.0045898088 0)
(0.17694497 0.0028514443 0)
(0.16328073 0.0014037528 0)
(0.15315772 0.00050511786 0)
(0.14549782 9.8813843e-05 0)
(0.13953546 -2.8151378e-05 0)
(0.13476817 -4.3331749e-05 0)
(0.13086719 -2.3183071e-05 0)
(0.1276095 7.7550777e-06 0)
(0.1248371 4.0591205e-05 0)
(0.12243708 6.9450538e-05 0)
(0.12033085 9.0750827e-05 0)
(0.11846532 0.00010368592 0)
(0.11680518 0.00010937042 0)
(0.11532696 0.00010960782 0)
(0.11401517 0.00010611045 0)
(0.11285953 0.00010017938 0)
(0.11185275 9.2547641e-05 0)
(0.11098848 8.3580297e-05 0)
(0.11025984 7.3624756e-05 0)
(0.10965849 6.3107307e-05 0)
(0.10917408 5.2523396e-05 0)
(0.1087943 4.2381859e-05 0)
(0.10850525 3.3130454e-05 0)
(0.10829228 2.5097536e-05 0)
(0.10814082 1.8455834e-05 0)
(0.10803725 1.3218445e-05 0)
(0.10796954 9.2650157e-06 0)
(0.10792762 6.4017088e-06 0)
(0.10790354 4.3895141e-06 0)
(0.10789128 2.9740777e-06 0)
(0.1078866 1.9162812e-06 0)
(0.10788624 9.3580686e-07 0)
(0.10788826 3.8776265e-07 0)
(0.10789172 1.3871966e-07 0)
(0.10789571 5.9957369e-08 0)
(0.10789974 -6.233028e-08 0)
(0.10790361 -1.6413838e-07 0)
(0.10790716 -2.4171583e-07 0)
(0.10791033 -2.8194306e-07 0)
(0.10791296 -3.0914913e-07 0)
(0.10791573 -5.0504063e-07 0)
(0.66372712 0.050436183 0)
(0.56954107 0.069446664 0)
(0.50202787 0.067629312 0)
(0.48436463 0.05647299 0)
(0.48088333 0.046817144 0)
(0.47102996 0.040324067 0)
(0.45424128 0.0349342 0)
(0.43546659 0.029254496 0)
(0.41784194 0.023515478 0)
(0.40218395 0.018470611 0)
(0.38830514 0.014503536 0)
(0.37593335 0.011543775 0)
(0.36493015 0.0093451537 0)
(0.35520996 0.007687271 0)
(0.34666518 0.0064209533 0)
(0.33916004 0.0054448703 0)
(0.3325547 0.0046821736 0)
(0.32672439 0.0040718419 0)
(0.32156601 0.0035672133 0)
(0.31699724 0.0031347513 0)
(0.31295314 0.0027515751 0)
(0.30938295 0.0024028104 0)
(0.30624683 0.0020794944 0)
(0.30351286 0.0017769723 0)
(0.30115403 0.0014938641 0)
(0.29914531 0.0012312745 0)
(0.29746106 0.00099179209 0)
(0.29607345 0.00077839921 0)
(0.29495198 0.00059353333 0)
(0.29406393 0.00043840833 0)
(0.29337548 0.00031266909 0)
(0.29285329 0.00021443334 0)
(0.29246588 0.00014060042 0)
(0.29218491 8.7293676e-05 0)
(0.29198589 5.037033e-05 0)
(0.29184858 2.5881936e-05 0)
(0.29175663 1.0354041e-05 0)
(0.29169739 9.4924969e-07 0)
(0.29166146 -4.5254659e-06 0)
(0.29164183 -7.2715002e-06 0)
(0.29163295 -8.4735048e-06 0)
(0.29163072 -8.8270761e-06 0)
(0.29163259 -8.449456e-06 0)
(0.29163695 -7.6197244e-06 0)
(0.29164235 -6.6548447e-06 0)
(0.29164815 -5.4877692e-06 0)
(0.29165288 -4.7285665e-06 0)
(0.29165908 -3.7361526e-06 0)
(0.66576502 0.032235298 0)
(0.57840171 0.048302629 0)
(0.5265635 0.052818366 0)
(0.52702687 0.050527006 0)
(0.54275214 0.047221586 0)
(0.55107293 0.044563365 0)
(0.54999413 0.041894269 0)
(0.54417313 0.038436065 0)
(0.53720824 0.034328831 0)
(0.53021329 0.030156996 0)
(0.52313436 0.026368302 0)
(0.51585363 0.023098648 0)
(0.50848467 0.020296574 0)
(0.50124049 0.017874175 0)
(0.49428828 0.015769275 0)
(0.48771303 0.01394172 0)
(0.48154435 0.012356298 0)
(0.47578777 0.010975702 0)
(0.47044089 0.0097624213 0)
(0.46549793 0.0086824037 0)
(0.46095009 0.0077069295 0)
(0.45678635 0.0068129083 0)
(0.45299472 0.0059828414 0)
(0.44956336 0.0052050877 0)
(0.44648077 0.0044739957 0)
(0.4437352 0.0037893677 0)
(0.44131368 0.003155156 0)
(0.43920113 0.0025775126 0)
(0.43737965 0.0020626789 0)
(0.43582839 0.0016151794 0)
(0.43452386 0.0012366136 0)
(0.4334408 0.00092523981 0)
(0.43255317 0.00067623658 0)
(0.43183528 0.0004824995 0)
(0.43126254 0.0003356032 0)
(0.43081235 0.00022687183 0)
(0.43046406 0.00014814053 0)
(0.43019953 9.2302989e-05 0)
(0.43000281 5.3568185e-05 0)
(0.42986003 2.7175349e-05 0)
(0.4297593 9.5848358e-06 0)
(0.42969108 -1.6378815e-06 0)
(0.42964699 -8.145096e-06 0)
(0.42962012 -1.1178427e-05 0)
(0.42960497 -1.2372595e-05 0)
(0.42959801 -1.1622987e-05 0)
(0.42959492 -1.1157226e-05 0)
(0.42959642 -8.6447699e-06 0)
(0.66509814 0.019554679 0)
(0.56963561 0.031136386 0)
(0.51569321 0.037303925 0)
(0.51990009 0.039664645 0)
(0.54242228 0.040165747 0)
(0.55856986 0.039829307 0)
(0.56555317 0.038873627 0)
(0.56776007 0.037160167 0)
(0.56875722 0.034781554 0)
(0.56953898 0.032070513 0)
(0.569842 0.029359665 0)
(0.56935856 0.026826291 0)
(0.56810762 0.024508152 0)
(0.56629864 0.022385882 0)
(0.56414157 0.020439036 0)
(0.56177371 0.018657028 0)
(0.5592737 0.017030196 0)
(0.55669362 0.015543356 0)
(0.554077 0.014176441 0)
(0.55146259 0.012908206 0)
(0.54888306 0.011719362 0)
(0.54636436 0.010594143 0)
(0.54392659 0.0095208619 0)
(0.54158543 0.0084922526 0)
(0.5393531 0.0075057745 0)
(0.53723912 0.0065635604 0)
(0.53525071 0.0056716322 0)
(0.53339334 0.0048383731 0)
(0.53167096 0.0040726136 0)
(0.53008631 0.0033817793 0)
(0.52864096 0.0027704961 0)
(0.52733542 0.002239874 0)
(0.52616904 0.0017875065 0)
(0.52513987 0.0014081126 0)
(0.52424432 0.0010944549 0)
(0.5234772 0.00083841922 0)
(0.5228313 0.00063183424 0)
(0.52229772 0.00046711606 0)
(0.52186584 0.00033744959 0)
(0.52152395 0.00023695397 0)
(0.52125961 0.00016052844 0)
(0.52106042 0.00010395282 0)
(0.52091441 6.2826083e-05 0)
(0.52081031 3.4456367e-05 0)
(0.52073879 1.5034987e-05 0)
(0.52069053 3.6820328e-06 0)
(0.52066191 -3.6924401e-06 0)
(0.52063883 -6.4342147e-06 0)
(0.6661257 0.012586721 0)
(0.56559863 0.021336837 0)
(0.50744599 0.027183203 0)
(0.50977662 0.030619434 0)
(0.53230629 0.032261389 0)
(0.54959835 0.032710033 0)
(0.55847173 0.032411656 0)
(0.56314064 0.031539151 0)
(0.56713438 0.030190289 0)
(0.57137812 0.028527527 0)
(0.57545592 0.026745295 0)
(0.57888057 0.024985292 0)
(0.58153056 0.023309796 0)
(0.58353266 0.021730111 0)
(0.58505411 0.020242372 0)
(0.58620591 0.018843459 0)
(0.58704542 0.017530438 0)
(0.58760758 0.016296697 0)
(0.58792443 0.015131301 0)
(0.5880289 0.014021164 0)
(0.58795191 0.012953722 0)
(0.58772007 0.011918749 0)
(0.58735554 0.010909279 0)
(0.58687715 0.0099221372 0)
(0.58630131 0.0089582959 0)
(0.58564257 0.0080227444 0)
(0.58491395 0.0071235914 0)
(0.58412752 0.0062704694 0)
(0.58329507 0.0054726567 0)
(0.58242891 0.0047374208 0)
(0.58154236 0.0040689615 0)
(0.58065013 0.0034681124 0)
(0.57976809 0.0029327608 0)
(0.57891275 0.0024587866 0)
(0.57810024 0.0020411646 0)
(0.57734515 0.0016748928 0)
(0.57665933 0.0013555449 0)
(0.5760511 0.0010795015 0)
(0.57552472 0.00084367544 0)
(0.57508042 0.00064540786 0)
(0.57471486 0.00048179729 0)
(0.57442157 0.00035001096 0)
(0.57419276 0.000246278 0)
(0.57401788 0.000167281 0)
(0.57389009 0.00010889735 0)
(0.57379407 6.6953718e-05 0)
(0.57373534 4.0209223e-05 0)
(0.57367641 1.7425194e-05 0)
(0.66739949 0.0085443582 0)
(0.56442587 0.015146668 0)
(0.50341252 0.019921458 0)
(0.50356045 0.023030959 0)
(0.52470396 0.024755206 0)
(0.5412094 0.025436507 0)
(0.54976813 0.025438623 0)
(0.55450974 0.024995749 0)
(0.55894502 0.024219269 0)
(0.56400028 0.023197637 0)
(0.56922235 0.022037582 0)
(0.57404681 0.020838151 0)
(0.57827063 0.019661366 0)
(0.58196031 0.018532191 0)
(0.58524476 0.017455589 0)
(0.5882079 0.016430803 0)
(0.59088304 0.015455941 0)
(0.59328236 0.014527223 0)
(0.59541774 0.013638102 0)
(0.59730527 0.012779983 0)
(0.598962 0.011943877 0)
(0.60040272 0.011122072 0)
(0.60163933 0.010309402 0)
(0.60268196 0.0095041484 0)
(0.60354003 0.0087085424 0)
(0.60422282 0.0079285982 0)
(0.60473956 0.0071730777 0)
(0.60509968 0.0064517036 0)
(0.60531329 0.0057731009 0)
(0.60539166 0.0051430774 0)
(0.60534781 0.0045636903 0)
(0.60519687 0.0040333066 0)
(0.60495621 0.0035475503 0)
(0.60464521 0.0031008089 0)
(0.6042845 0.0026877971 0)
(0.60389495 0.0023047476 0)
(0.60349639 0.001949935 0)
(0.60310638 0.0016236237 0)
(0.60273939 0.0013273374 0)
(0.60240592 0.0010631553 0)
(0.60211287 0.00083267597 0)
(0.60186272 0.00063657482 0)
(0.60165634 0.0004743551 0)
(0.60148879 0.00034332105 0)
(0.60136073 0.00024253579 0)
(0.60125674 0.0001628291 0)
(0.60119255 0.00011267939 0)
(0.60111974 6.0469881e-05 0)
(0.66844099 0.0058324414 0)
(0.56418119 0.010583681 0)
(0.5014008 0.014165348 0)
(0.50003889 0.016633816 0)
(0.5200271 0.018137601 0)
(0.53564802 0.018856097 0)
(0.54355996 0.019019799 0)
(0.54785578 0.018822232 0)
(0.55202213 0.018371858 0)
(0.55698768 0.017733106 0)
(0.5623021 0.016969583 0)
(0.56738376 0.016147885 0)
(0.57199793 0.015320239 0)
(0.57618108 0.014515289 0)
(0.58004186 0.013743132 0)
(0.58365147 0.013005193 0)
(0.58703286 0.012300295 0)
(0.59018771 0.011626039 0)
(0.59311734 0.010978358 0)
(0.59582812 0.010351464 0)
(0.59832842 0.0097387001 0)
(0.60062509 0.009133879 0)
(0.60272252 0.0085326355 0)
(0.60462364 0.0079334975 0)
(0.60633138 0.0073385162 0)
(0.60784949 0.0067532003 0)
(0.60918286 0.0061855567 0)
(0.61033766 0.005644335 0)
(0.61132148 0.0051369366 0)
(0.61214337 0.0046676292 0)
(0.6128138 0.0042365935 0)
(0.61334453 0.0038400705 0)
(0.61374861 0.0034715163 0)
(0.61404025 0.0031234069 0)
(0.61423465 0.0027891237 0)
(0.61434758 0.0024644433 0)
(0.61439494 0.0021482203 0)
(0.6143921 0.0018423309 0)
(0.61435349 0.0015508359 0)
(0.61429168 0.0012788773 0)
(0.61421767 0.0010315942 0)
(0.61413936 0.00081265877 0)
(0.61406413 0.00062524154 0)
(0.61399389 0.00046765763 0)
(0.61393539 0.00034355939 0)
(0.61388107 0.00023955956 0)
(0.61384711 0.00017475455 0)
(0.61380178 9.9833787e-05 0)
(0.6691754 0.0038027449 0)
(0.56419656 0.0069747679 0)
(0.50034828 0.0094434422 0)
(0.49803449 0.011220757 0)
(0.51724652 0.012377053 0)
(0.53221798 0.012995706 0)
(0.5396062 0.013204988 0)
(0.54349623 0.013137108 0)
(0.54735265 0.012880655 0)
(0.55209234 0.012486991 0)
(0.55726483 0.011997163 0)
(0.5622859 0.011453807 0)
(0.56690946 0.010894722 0)
(0.57115729 0.010344541 0)
(0.57512703 0.0098142585 0)
(0.57888422 0.0093066662 0)
(0.58244906 0.0088214437 0)
(0.58582083 0.0083572378 0)
(0.58899811 0.0079116913 0)
(0.5919845 0.0074811893 0)
(0.59478597 0.0070612062 0)
(0.59740717 0.0066472233 0)
(0.59985013 0.0062358441 0)
(0.60211522 0.0058257826 0)
(0.60420274 0.0054185022 0)
(0.60611414 0.0050182638 0)
(0.60785272 0.0046313956 0)
(0.60942391 0.0042648389 0)
(0.61083521 0.003924342 0)
(0.61209583 0.0036128625 0)
(0.61321585 0.0033296757 0)
(0.61420542 0.0030704649 0)
(0.61507414 0.0028283473 0)
(0.61583072 0.0025955366 0)
(0.61648309 0.0023651353 0)
(0.61703859 0.0021326124 0)
(0.61750448 0.0018965675 0)
(0.61788819 0.0016587622 0)
(0.6181978 0.0014234663 0)
(0.61844176 0.0011963004 0)
(0.61862924 0.00098341922 0)
(0.61876896 0.00078948397 0)
(0.61887022 0.00061951049 0)
(0.61894048 0.00047256815 0)
(0.61898791 0.00035510312 0)
(0.61901784 0.0002528579 0)
(0.61903551 0.00018956534 0)
(0.61904733 0.00011165571 0)
(0.6696328 0.002151754 0)
(0.56426638 0.0039678736 0)
(0.49981415 0.0054132776 0)
(0.49694269 0.0064853646 0)
(0.51567978 0.007210468 0)
(0.53023555 0.007622059 0)
(0.53727708 0.0077831628 0)
(0.54089487 0.0077692232 0)
(0.54453995 0.0076373216 0)
(0.54911434 0.0074216136 0)
(0.55416176 0.0071461981 0)
(0.55909611 0.0068347349 0)
(0.56366644 0.0065094782 0)
(0.56788653 0.0061864386 0)
(0.571847 0.0058737285 0)
(0.57560972 0.0055739135 0)
(0.57919386 0.0052871451 0)
(0.58259859 0.0050128159 0)
(0.58582241 0.0047497783 0)
(0.58886887 0.0044961412 0)
(0.59174405 0.0042493604 0)
(0.59445292 0.0040067417 0)
(0.59699775 0.0037661577 0)
(0.59937889 0.0035267395 0)
(0.60159646 0.0032893543 0)
(0.60365186 0.0030566888 0)
(0.60554875 0.0028328012 0)
(0.60729347 0.0026221698 0)
(0.60889502 0.0024284747 0)
(0.61036429 0.0022534928 0)
(0.61171275 0.002096456 0)
(0.6129509 0.0019540791 0)
(0.61408712 0.0018212428 0)
(0.61512694 0.0016921421 0)
(0.61607317 0.0015615546 0)
(0.61692646 0.0014259169 0)
(0.61768645 0.001283929 0)
(0.61835288 0.0011366256 0)
(0.61892682 0.00098699787 0)
(0.61941115 0.00083913492 0)
(0.61981105 0.00069777132 0)
(0.62013377 0.00056655761 0)
(0.6203876 0.00044982158 0)
(0.62058356 0.00034709624 0)
(0.62072798 0.00026423331 0)
(0.62083869 0.00019040101 0)
(0.62090593 0.00014488692 0)
(0.62097664 8.6757989e-05 0)
(0.66985142 0.0006969749 0)
(0.56431588 0.0012884806 0)
(0.49959105 0.0017645819 0)
(0.49646088 0.0021228608 0)
(0.51497111 0.0023693601 0)
(0.52932368 0.0025127507 0)
(0.53619341 0.0025719629 0)
(0.53967665 0.0025714591 0)
(0.54321858 0.0025308274 0)
(0.54771214 0.0024620409 0)
(0.55269626 0.0023731154 0)
(0.55758334 0.0022716076 0)
(0.56212035 0.0021647932 0)
(0.5663174 0.0020581579 0)
(0.57026145 0.0019546478 0)
(0.57401221 0.001855282 0)
(0.57758819 0.0017601838 0)
(0.58098861 0.0016691942 0)
(0.58421218 0.0015819828 0)
(0.58726268 0.001497975 0)
(0.59014658 0.0014163611 0)
(0.59286937 0.0013362529 0)
(0.59543385 0.0012569305 0)
(0.59784083 0.0011780905 0)
(0.60009081 0.0011000232 0)
(0.60218563 0.0010236495 0)
(0.60412957 0.00095037082 0)
(0.60592994 0.00088173809 0)
(0.60759697 0.0008190227 0)
(0.60914298 0.00076282284 0)
(0.6105807 0.0007128303 0)
(0.61192141 0.00066783352 0)
(0.61317338 0.00062595507 0)
(0.61434096 0.00058505832 0)
(0.61542459 0.00054320322 0)
(0.61642152 0.00049903829 0)
(0.61732732 0.00045202954 0)
(0.61813736 0.00040249594 0)
(0.61884854 0.00035148979 0)
(0.61946022 0.00030048225 0)
(0.61997476 0.00025122533 0)
(0.62039805 0.00020507789 0)
(0.62073706 0.00016372109 0)
(0.6210045 0.00012701088 0)
(0.62120471 9.7272079e-05 0)
(0.62136304 7.0475556e-05 0)
(0.62145947 5.3989562e-05 0)
(0.62156611 3.2568481e-05 0)
(0.66985141 -0.00069702034 0)
(0.56431587 -0.0012885457 0)
(0.49959105 -0.001764658 0)
(0.49646088 -0.0021229378 0)
(0.51497111 -0.0023694325 0)
(0.52932367 -0.0025128165 0)
(0.53619341 -0.0025720218 0)
(0.53967665 -0.0025715122 0)
(0.54321859 -0.0025308759 0)
(0.54771214 -0.0024620858 0)
(0.55269626 -0.0023731572 0)
(0.55758335 -0.0022716463 0)
(0.56212035 -0.0021648287 0)
(0.56631741 -0.0020581899 0)
(0.57026145 -0.0019546762 0)
(0.57401222 -0.0018553071 0)
(0.5775882 -0.001760206 0)
(0.58098862 -0.0016692142 0)
(0.58421219 -0.0015820013 0)
(0.58726269 -0.001497993 0)
(0.59014659 -0.0014163797 0)
(0.59286938 -0.0013362732 0)
(0.59543386 -0.0012569536 0)
(0.59784084 -0.0011781178 0)
(0.60009082 -0.0011000557 0)
(0.60218564 -0.001023688 0)
(0.60412958 -0.00095041534 0)
(0.60592994 -0.00088178766 0)
(0.60759698 -0.00081907506 0)
(0.60914299 -0.00076287456 0)
(0.6105807 -0.00071287719 0)
(0.61192142 -0.00066787124 0)
(0.61317339 -0.00062597994 0)
(0.61434097 -0.00058506803 0)
(0.61542459 -0.00054319727 0)
(0.61642152 -0.00049901806 0)
(0.61732731 -0.00045199811 0)
(0.61813736 -0.00040245741 0)
(0.61884854 -0.00035144878 0)
(0.61946022 -0.00030044298 0)
(0.61997475 -0.00025119152 0)
(0.62039804 -0.00020505174 0)
(0.62073705 -0.00016370411 0)
(0.62100449 -0.00012700235 0)
(0.62120471 -9.7271009e-05 0)
(0.62136303 -7.047959e-05 0)
(0.62145946 -5.3997488e-05 0)
(0.62156611 -3.2579457e-05 0)
(0.66963278 -0.0021517937 0)
(0.56426638 -0.0039679332 0)
(0.49981415 -0.0054133502 0)
(0.49694269 -0.0064854403 0)
(0.51567977 -0.0072105403 0)
(0.53023555 -0.0076221252 0)
(0.53727708 -0.0077832226 0)
(0.54089487 -0.0077692774 0)
(0.54453996 -0.0076373714 0)
(0.54911435 -0.0074216599 0)
(0.55416177 -0.0071462414 0)
(0.55909613 -0.0068347752 0)
(0.56366645 -0.0065095152 0)
(0.56788654 -0.0061864721 0)
(0.57184702 -0.0058737584 0)
(0.57560974 -0.0055739399 0)
(0.57919388 -0.0052871684 0)
(0.58259861 -0.0050128367 0)
(0.58582243 -0.0047497973 0)
(0.58886889 -0.0044961594 0)
(0.59174408 -0.0042493789 0)
(0.59445295 -0.0040067616 0)
(0.59699778 -0.0037661803 0)
(0.59937892 -0.0035267661 0)
(0.60159648 -0.0032893861 0)
(0.60365189 -0.0030567267 0)
(0.60554877 -0.0028328453 0)
(0.60729349 -0.002622219 0)
(0.60889504 -0.0024285265 0)
(0.61036431 -0.0022535435 0)
(0.61171277 -0.0020965011 0)
(0.61295092 -0.001954114 0)
(0.61408713 -0.0018212638 0)
(0.61512695 -0.0016921469 0)
(0.61607317 -0.001561543 0)
(0.61692645 -0.0014258909 0)
(0.61768644 -0.001283892 0)
(0.61835286 -0.0011365822 0)
(0.6189268 -0.00098695303 0)
(0.61941112 -0.00083909304 0)
(0.61981102 -0.00069773615 0)
(0.62013374 -0.00056653119 0)
(0.62038758 -0.00044980526 0)
(0.62058354 -0.00034708905 0)
(0.62072796 -0.00026423418 0)
(0.62083867 -0.00019040716 0)
(0.62090591 -0.00014489701 0)
(0.62097663 -8.6770431e-05 0)
(0.66917538 -0.003802776 0)
(0.56419656 -0.0069748187 0)
(0.50034827 -0.0094435082 0)
(0.49803449 -0.01122083 0)
(0.51724652 -0.012377124 0)
(0.53221798 -0.012995773 0)
(0.5396062 -0.013205049 0)
(0.54349623 -0.013137164 0)
(0.54735265 -0.012880707 0)
(0.55209235 -0.01248704 0)
(0.55726485 -0.01199721 0)
(0.56228591 -0.01145385 0)
(0.56690948 -0.010894762 0)
(0.57115731 -0.010344577 0)
(0.57512706 -0.0098142913 0)
(0.57888426 -0.0093066952 0)
(0.5824491 -0.0088214692 0)
(0.58582087 -0.0083572604 0)
(0.58899815 -0.0079117117 0)
(0.59198454 -0.0074812083 0)
(0.59478602 -0.0070612249 0)
(0.59740721 -0.0066472428 0)
(0.59985017 -0.0062358658 0)
(0.60211526 -0.005825808 0)
(0.60420278 -0.0054185327 0)
(0.60611418 -0.0050183005 0)
(0.60785276 -0.0046314386 0)
(0.60942394 -0.0042648868 0)
(0.61083524 -0.003924392 0)
(0.61209586 -0.0036129103 0)
(0.61321587 -0.0033297163 0)
(0.61420544 -0.0030704934 0)
(0.61507415 -0.0028283601 0)
(0.61583072 -0.0025955317 0)
(0.61648308 -0.0023651132 0)
(0.61703858 -0.0021325758 0)
(0.61750445 -0.0018965209 0)
(0.61788816 -0.0016587109 0)
(0.61819777 -0.0014234157 0)
(0.61844172 -0.0011962551 0)
(0.61862919 -0.00098338285 0)
(0.61876892 -0.00078945812 0)
(0.61887019 -0.00061949613 0)
(0.61894045 -0.00047256378 0)
(0.61898789 -0.00035510758 0)
(0.61901782 -0.00025286794 0)
(0.61903549 -0.00018957934 0)
(0.61904732 -0.00011167066 0)
(0.66844097 -0.0058324607 0)
(0.56418119 -0.010583718 0)
(0.50140081 -0.014165402 0)
(0.5000389 -0.016633881 0)
(0.52002711 -0.018137668 0)
(0.53564801 -0.018856162 0)
(0.54355996 -0.01901986 0)
(0.54785578 -0.018822289 0)
(0.55202214 -0.018371913 0)
(0.55698769 -0.017733158 0)
(0.56230212 -0.016969633 0)
(0.56738379 -0.016147932 0)
(0.57199796 -0.015320283 0)
(0.57618111 -0.01451533 0)
(0.58004189 -0.013743169 0)
(0.5836515 -0.013005226 0)
(0.5870329 -0.012300323 0)
(0.59018775 -0.011626064 0)
(0.59311739 -0.010978381 0)
(0.59582817 -0.010351485 0)
(0.59832847 -0.0097387196 0)
(0.60062514 -0.0091338985 0)
(0.60272257 -0.0085326564 0)
(0.60462368 -0.0079335214 0)
(0.60633142 -0.0073385448 0)
(0.60784953 -0.0067532346 0)
(0.6091829 -0.0061855969 0)
(0.61033769 -0.0056443793 0)
(0.61132151 -0.0051369819 0)
(0.6121434 -0.0046676706 0)
(0.61281382 -0.0042366256 0)
(0.61334454 -0.0038400884 0)
(0.61374861 -0.0034715167 0)
(0.61404024 -0.0031233886 0)
(0.61423462 -0.0027890882 0)
(0.61434754 -0.0024643944 0)
(0.6143949 -0.0021481635 0)
(0.61439206 -0.0018422721 0)
(0.61435345 -0.0015507809 0)
(0.61429163 -0.0012788305 0)
(0.61421762 -0.0010315588 0)
(0.61413932 -0.00081263572 0)
(0.6140641 -0.00062523103 0)
(0.61399386 -0.00046765753 0)
(0.61393537 -0.00034356845 0)
(0.61388106 -0.00023957388 0)
(0.61384709 -0.00017477281 0)
(0.61380177 -9.9851452e-05 0)
(0.66739949 -0.0085443695 0)
(0.56442589 -0.015146693 0)
(0.50341254 -0.019921499 0)
(0.50356047 -0.023031012 0)
(0.52470397 -0.024755265 0)
(0.5412094 -0.025436567 0)
(0.54976813 -0.025438683 0)
(0.55450974 -0.024995807 0)
(0.55894503 -0.024219327 0)
(0.5640003 -0.023197694 0)
(0.56922236 -0.022037637 0)
(0.57404683 -0.020838204 0)
(0.57827066 -0.019661415 0)
(0.58196035 -0.018532236 0)
(0.5852448 -0.01745563 0)
(0.58820795 -0.01643084 0)
(0.59088308 -0.015455974 0)
(0.59328241 -0.014527252 0)
(0.59541779 -0.013638128 0)
(0.59730533 -0.012780006 0)
(0.59896206 -0.011943898 0)
(0.60040277 -0.011122092 0)
(0.60163938 -0.010309422 0)
(0.60268201 -0.0095041701 0)
(0.60354007 -0.0087085672 0)
(0.60422286 -0.0079286274 0)
(0.60473959 -0.0071731112 0)
(0.60509971 -0.0064517396 0)
(0.6053133 -0.0057731361 0)
(0.60539166 -0.0051431069 0)
(0.6053478 -0.0045637088 0)
(0.60519685 -0.0040333098 0)
(0.60495618 -0.0035475356 0)
(0.60464516 -0.0031007764 0)
(0.60428445 -0.0026877493 0)
(0.60389489 -0.0023046894 0)
(0.60349633 -0.0019498722 0)
(0.60310632 -0.0016235623 0)
(0.60273934 -0.001327283 0)
(0.60240587 -0.0010631118 0)
(0.60211284 -0.00083264553 0)
(0.60186269 -0.00063655749 0)
(0.60165632 -0.00047435011 0)
(0.60148878 -0.0003433257 0)
(0.60136073 -0.0002425486 0)
(0.60125674 -0.00016284648 0)
(0.60119255 -0.00011270062 0)
(0.60111974 -6.0489167e-05 0)
(0.66612571 -0.012586725 0)
(0.56559866 -0.021336848 0)
(0.50744603 -0.027183226 0)
(0.50977665 -0.03061947 0)
(0.53230632 -0.032261433 0)
(0.54959836 -0.032710084 0)
(0.55847174 -0.03241171 0)
(0.56314065 -0.031539208 0)
(0.56713439 -0.030190349 0)
(0.57137814 -0.028527587 0)
(0.57545594 -0.026745354 0)
(0.57888059 -0.024985348 0)
(0.58153058 -0.023309849 0)
(0.58353269 -0.02173016 0)
(0.58505414 -0.020242418 0)
(0.58620594 -0.0188435 0)
(0.58704546 -0.017530475 0)
(0.58760762 -0.01629673 0)
(0.58792447 -0.01513133 0)
(0.58802894 -0.01402119 0)
(0.58795195 -0.012953745 0)
(0.58772011 -0.011918769 0)
(0.58735558 -0.010909297 0)
(0.58687718 -0.009922155 0)
(0.58630134 -0.0089583146 0)
(0.58564259 -0.0080227653 0)
(0.58491396 -0.007123614 0)
(0.58412752 -0.0062704925 0)
(0.58329506 -0.0054726769 0)
(0.58242888 -0.004737434 0)
(0.58154232 -0.0040689633 0)
(0.58065007 -0.0034680998 0)
(0.57976802 -0.0029327324 0)
(0.57891268 -0.0024587438 0)
(0.57810017 -0.0020411105 0)
(0.57734508 -0.0016748326 0)
(0.57665927 -0.0013554843 0)
(0.57605105 -0.0010794459 0)
(0.57552469 -0.00084362896 0)
(0.5750804 -0.00064537335 0)
(0.57471485 -0.00048177566 0)
(0.57442157 -0.0003500015 0)
(0.57419277 -0.00024627895 0)
(0.57401789 -0.00016728938 0)
(0.5738901 -0.00010891184 0)
(0.57379408 -6.6970935e-05 0)
(0.57373536 -4.0230153e-05 0)
(0.57367642 -1.7443352e-05 0)
(0.66509817 -0.019554684 0)
(0.56963566 -0.031136391 0)
(0.51569326 -0.037303933 0)
(0.51990014 -0.039664663 0)
(0.54242232 -0.040165775 0)
(0.55856988 -0.039829346 0)
(0.56555319 -0.038873675 0)
(0.56776008 -0.037160221 0)
(0.56875723 -0.034781613 0)
(0.569539 -0.032070574 0)
(0.56984202 -0.029359725 0)
(0.56935858 -0.026826348 0)
(0.56810763 -0.024508206 0)
(0.56629865 -0.022385932 0)
(0.56414158 -0.020439082 0)
(0.56177372 -0.018657069 0)
(0.55927371 -0.017030233 0)
(0.55669363 -0.015543389 0)
(0.55407701 -0.014176471 0)
(0.5514626 -0.012908232 0)
(0.54888307 -0.011719383 0)
(0.54636436 -0.010594161 0)
(0.54392659 -0.0095208764 0)
(0.54158542 -0.0084922648 0)
(0.53935309 -0.0075057859 0)
(0.5372391 -0.0065635716 0)
(0.53525069 -0.0056716434 0)
(0.53339331 -0.0048383827 0)
(0.53167092 -0.0040726191 0)
(0.53008625 -0.0033817775 0)
(0.5286409 -0.0027704843 0)
(0.52733536 -0.0022398504 0)
(0.52616898 -0.0017874712 0)
(0.5251398 -0.0014080677 0)
(0.52424426 -0.001094404 0)
(0.52347716 -0.00083836671 0)
(0.52283127 -0.00063178476 0)
(0.52229771 -0.00046707353 0)
(0.52186584 -0.00033741664 0)
(0.52152396 -0.00023693188 0)
(0.52125963 -0.00016051727 0)
(0.52106045 -0.00010395093 0)
(0.52091445 -6.2831931e-05 0)
(0.52081035 -3.4467809e-05 0)
(0.52073883 -1.5050674e-05 0)
(0.52069056 -3.6976003e-06 0)
(0.52066193 3.6750371e-06 0)
(0.52063885 6.4199393e-06 0)
(0.66576505 -0.032235312 0)
(0.57840176 -0.048302635 0)
(0.52656356 -0.052818365 0)
(0.52702692 -0.050527009 0)
(0.54275219 -0.047221599 0)
(0.55107297 -0.04456339 0)
(0.54999417 -0.041894306 0)
(0.54417316 -0.038436111 0)
(0.53720826 -0.034328882 0)
(0.53021331 -0.030157049 0)
(0.52313436 -0.026368354 0)
(0.51585363 -0.023098697 0)
(0.50848466 -0.02029662 0)
(0.50124047 -0.017874218 0)
(0.49428825 -0.015769314 0)
(0.487713 -0.013941755 0)
(0.48154432 -0.01235633 0)
(0.47578774 -0.010975731 0)
(0.47044085 -0.0097624469 0)
(0.46549788 -0.0086824254 0)
(0.46095004 -0.007706947 0)
(0.45678631 -0.0068129216 0)
(0.45299467 -0.0059828512 0)
(0.44956331 -0.0052050948 0)
(0.44648072 -0.0044740013 0)
(0.44373515 -0.0037893723 0)
(0.44131363 -0.0031551595 0)
(0.43920107 -0.0025775134 0)
(0.43737959 -0.0020626757 0)
(0.43582833 -0.0016151699 0)
(0.4345238 -0.0012365967 0)
(0.43344075 -0.00092521503 0)
(0.43255312 -0.00067620529 0)
(0.43183524 -0.00048246358 0)
(0.43126252 -0.0003355658 0)
(0.43081234 -0.00022683574 0)
(0.43046407 -0.00014810864 0)
(0.43019956 -9.2277594e-05 0)
(0.43000285 -5.3550025e-05 0)
(0.42986007 -2.7164142e-05 0)
(0.42975936 -9.5800937e-06 0)
(0.42969113 1.6368138e-06 0)
(0.42964705 8.1395348e-06 0)
(0.42962017 1.1169703e-05 0)
(0.42960502 1.2361753e-05 0)
(0.42959805 1.1612484e-05 0)
(0.42959496 1.1146692e-05 0)
(0.42959644 8.6364179e-06 0)
(0.66372713 -0.050436208 0)
(0.5695411 -0.069446677 0)
(0.5020279 -0.067629313 0)
(0.48436467 -0.05647299 0)
(0.48088338 -0.046817151 0)
(0.47103 -0.040324083 0)
(0.45424132 -0.034934225 0)
(0.43546662 -0.029254528 0)
(0.41784196 -0.023515513 0)
(0.40218396 -0.018470647 0)
(0.38830513 -0.014503571 0)
(0.37593332 -0.011543808 0)
(0.3649301 -0.0093451851 0)
(0.3552099 -0.0076873003 0)
(0.34666512 -0.0064209806 0)
(0.33915998 -0.0054448958 0)
(0.33255463 -0.0046821972 0)
(0.32672431 -0.0040718634 0)
(0.32156593 -0.0035672323 0)
(0.31699716 -0.0031347676 0)
(0.31295306 -0.0027515883 0)
(0.30938287 -0.002402821 0)
(0.30624676 -0.0020795026 0)
(0.30351279 -0.0017769787 0)
(0.30115396 -0.0014938689 0)
(0.29914525 -0.0012312779 0)
(0.297461 -0.0009917935 0)
(0.2960734 -0.00077839829 0)
(0.29495193 -0.00059352926 0)
(0.29406388 -0.00043840061 0)
(0.29337545 -0.00031265743 0)
(0.29285327 -0.00021441826 0)
(0.29246587 -0.00014058267 0)
(0.29218491 -8.7274438e-05 0)
(0.2919859 -5.0350998e-05 0)
(0.2918486 -2.5863991e-05 0)
(0.29175667 -1.0338078e-05 0)
(0.29169743 -9.3545995e-07 0)
(0.29166152 4.5362671e-06 0)
(0.29164189 7.2788216e-06 0)
(0.29163301 8.4780204e-06 0)
(0.29163078 8.8288622e-06 0)
(0.29163264 8.4495366e-06 0)
(0.29163699 7.61855e-06 0)
(0.29164239 6.6526234e-06 0)
(0.29164818 5.4848121e-06 0)
(0.29165291 4.7256834e-06 0)
(0.2916591 3.7337206e-06 0)
(0.57500122 -0.040441542 0)
(0.39945227 -0.031773621 0)
(0.29498238 -0.021106362 0)
(0.25958043 -0.013080963 0)
(0.239941 -0.008711258 0)
(0.21753582 -0.0063799577 0)
(0.19519511 -0.0045898174 0)
(0.17694498 -0.0028514543 0)
(0.16328073 -0.0014037634 0)
(0.15315771 -0.00050512871 0)
(0.1454978 -9.8824611e-05 0)
(0.13953543 2.8140767e-05 0)
(0.13476814 4.3321355e-05 0)
(0.13086715 2.3172858e-05 0)
(0.12760946 -7.7650179e-06 0)
(0.12483705 -4.0600868e-05 0)
(0.12243703 -6.9459742e-05 0)
(0.1203308 -9.0759536e-05 0)
(0.11846528 -0.00010369389 0)
(0.11680513 -0.00010937762 0)
(0.11532692 -0.00010961402 0)
(0.11401513 -0.00010611574 0)
(0.1128595 -0.00010018359 0)
(0.11185272 -9.2550932e-05 0)
(0.11098845 -8.3582518e-05 0)
(0.11025982 -7.3626172e-05 0)
(0.10965847 -6.3107795e-05 0)
(0.10917406 -5.2523229e-05 0)
(0.10879428 -4.2380847e-05 0)
(0.10850523 -3.3128792e-05 0)
(0.10829227 -2.5095048e-05 0)
(0.10814081 -1.8452727e-05 0)
(0.10803725 -1.3214626e-05 0)
(0.10796954 -9.2608437e-06 0)
(0.10792763 -6.3973704e-06 0)
(0.10790356 -4.3853102e-06 0)
(0.10789131 -2.9696201e-06 0)
(0.10788663 -1.9111758e-06 0)
(0.10788627 -9.3099881e-07 0)
(0.10788829 -3.8405803e-07 0)
(0.10789175 -1.3585375e-07 0)
(0.10789574 -5.7615212e-08 0)
(0.10789977 6.4118415e-08 0)
(0.10790363 1.653267e-07 0)
(0.10790718 2.4240241e-07 0)
(0.10791034 2.8237441e-07 0)
(0.10791298 3.0951714e-07 0)
(0.10791575 5.0505809e-07 0)
)
;

boundaryField
{
    inlet
    {
        type            fixedValue;
        value           uniform (0.5 0 0);
    }
    outlet
    {
        type            zeroGradient;
    }
    top
    {
        type            noSlip;
    }
    bottom
    {
        type            noSlip;
    }
    frontAndBack
    {
        type            empty;
    }
}


// ************************************************************************* //
