/*--------------------------------*- C++ -*----------------------------------*\
| =========                 |                                                 |
| \\      /  F ield         | OpenFOAM: The Open Source CFD Toolbox           |
|  \\    /   O peration     | Version:  2512                                  |
|   \\  /    A nd           | Website:  www.openfoam.com                      |
|    \\/     M anipulation  |                                                 |
\*---------------------------------------------------------------------------*/
FoamFile
{
    version     2.0;
    format      ascii;
    arch        "LSB;label=32;scalar=64";
    class       volScalarField;
    location    "20";
    object      sigmaEq;
}
// * * * * * * * * * * * * * * * * * * * * * * * * * * * * * * * * * * * * * //

dimensions      [1 -1 -2 0 0 0 0];

internalField   nonuniform List<scalar> 
1196
(
179198.13
140890.48
115674.17
90966.749
67904.269
46914.454
29211.406
19570.717
24836.293
37343.455
50686.482
63300.74
74752.12
84881.849
93619.543
100929.7
106792.77
111197.41
114136.94
115607.56
115607.57
114136.95
111197.44
106792.8
100929.73
93619.577
84881.882
74752.151
63300.77
50686.511
37343.485
24836.32
19570.719
29211.382
46914.422
67904.236
90966.721
115674.15
140890.48
179198.22
194982.35
164249.96
141467.68
117346.57
94122.167
72321.983
52272.925
34505.048
20843.636
17449.718
25571.596
36730.371
47643.373
57526.849
66135.825
73372.797
79192.226
83570.576
86495.042
87958.779
87958.781
86495.046
83570.582
79192.234
73372.806
66135.837
57526.863
47643.391
36730.394
25571.621
17449.729
20843.614
34505.014
52272.887
72321.941
94122.12
117346.53
141467.67
164250
194982.54
27948.318
6741.8909
2999.8009
2236.4861
1919.8612
1623.5871
1286.094
912.55407
568.8167
549.3819
981.53119
1589.0704
2285.905
3053.5237
3886.2198
4781.7094
5738.9068
6757.2156
7836.2078
8975.3048
10173.107
11425.939
12727.288
14097.729
15909.007
23026.426
12340.069
2260.7031
1768.7232
1776.9869
1682.9627
1504.9983
1288.9572
1069.5979
901.82012
880.41088
1071.2622
1435.8939
1913.6016
2470.8536
3092.2322
3770.3689
4501.4473
5283.3374
6114.7915
6995.1004
7923.9494
8900.9064
9920.9405
10944.954
11825.067
11829.748
6164.483
1252.6645
1030.4652
1407.125
1495.2114
1444.3843
1354.0647
1269.6146
1220.4866
1234.0406
1331.0933
1517.6048
1786.1401
2124.5129
2521.8682
2970.3011
3464.4602
4000.8085
4577.0925
5192.146
5845.9577
6538.8501
7262.9659
7959.357
8411.0782
8317.1498
3203.9418
1503.673
885.50358
1180.6877
1356.7432
1407.8762
1421.5537
1437.1914
1469.6203
1525.696
1609.7352
1724.5403
1871.4793
2050.6728
2261.3673
2502.3375
2772.2071
3069.6808
3393.7612
3744.0805
4121.2671
4525.64
4945.5762
5309.1206
5378.9768
5085.6487
1915.7943
1707.1728
1029.3228
1083.9637
1255.8377
1368.0293
1456.4535
1544.9986
1640.5757
1743.9588
1854.569
1971.7857
2095.1509
2224.3433
2359.1355
2499.3674
2644.9392
2795.8391
2952.2712
3114.9885
3285.7263
3465.8621
3644.1444
3747.1635
3527.2121
2704.2918
1214.1393
1780.4537
1164.1597
1053.0613
1169.3264
1303.7354
1440.6117
1584.1403
1735.0523
1892.4877
2055.4996
2223.4052
2395.7604
2572.284
2752.8017
2937.2128
3125.4785
3317.6484
3513.9849
3715.2756
3923.1702
4138.5901
4349.3874
4484.311
4328.541
3762.1736
1511.0966
1673.6181
1201.7351
1016.621
1065.892
1197.5451
1365.0645
1554.255
1760.496
1982.6001
2220.5151
2474.5199
2744.9738
3032.2422
3336.6723
3658.5859
3998.2854
4356.0928
4732.476
5128.3411
5545.3144
5984.0884
6431.9829
6815.1377
6917.2831
6787.3685
4246.5306
1146.9075
1122.3085
921.8385
915.37416
1037.0304
1228.019
1462.2836
1731.4912
2033.8014
2369.058
2737.3767
3138.8561
3573.5565
4041.5152
4542.7585
5077.3146
5645.245
6246.7388
6882.3421
7553.26
8260.4524
8995.2445
9693.9608
10129.731
10086.174
10464.05
769.25514
1045.8386
758.07237
711.78643
824.27908
1039.2691
1326.9434
1674.4825
2076.4532
2530.1406
3033.9543
3586.8805
4188.2476
4837.6007
5534.6265
6279.109
7070.9099
7909.9769
8796.389
9730.3953
10711.884
11735.394
12757.881
13615.616
13330.856
26228.329
5225.1413
1387.0626
674.07077
538.51023
604.28031
836.69764
1191.1267
1635.1401
2153.6846
2740.0101
3390.878
4104.602
4880.2345
5717.2075
6615.1645
7573.8748
8593.1815
9672.931
10812.768
12011.501
13265.535
14567.618
15933.565
17694.288
24635.734
8060.2093
17401.066
19690.222
19787.24
10869.818
14891.427
15888.581
15002.281
9374.0733
10956.952
11562.125
10187.62
5784.3256
7027.828
7495.5556
6246.4077
2961.3676
4249.8869
4688.7242
3339.868
4089.939
5145.177
5385.6908
3697.0255
7540.8239
8631.6309
8822.1307
6906.2323
11182.809
12698.504
13086.657
11073.062
12430.591
16598.373
17467.472
16225.274
8573.6163
18922.107
21140.427
21732.462
23026.426
15909.007
14097.729
12727.288
11425.939
10173.107
8975.3047
7836.2077
6757.2155
5738.9067
4781.7092
3886.2197
3053.5236
2285.9048
1589.0702
981.53099
549.38178
568.81687
912.55436
1286.0944
1623.5875
1919.8617
2236.4867
2999.8013
6741.8912
27948.318
11829.748
11825.067
10944.954
9920.9404
8900.9064
7923.9493
6995.1003
6114.7915
5283.3374
4501.4472
3770.3688
3092.2321
2470.8535
1913.6015
1435.8938
1071.2621
880.4109
901.82026
1069.5981
1288.9575
1504.9987
1682.9631
1776.9873
1768.7234
2260.7034
12340.07
8317.1498
8411.0782
7959.357
7262.9659
6538.85
5845.9577
5192.1459
4577.0925
4000.8085
3464.4602
2970.3011
2521.8681
2124.5129
1786.1401
1517.6048
1331.0933
1234.0407
1220.4868
1269.6148
1354.0649
1444.3846
1495.2116
1407.1253
1030.4654
1252.6647
6164.4833
5085.6487
5378.9768
5309.1206
4945.5762
4525.64
4121.2671
3744.0805
3393.7612
3069.6808
2772.2071
2502.3375
2261.3674
2050.6728
1871.4793
1724.5404
1609.7353
1525.6961
1469.6205
1437.1914
1421.5538
1407.8763
1356.7433
1180.6879
885.50377
1503.6731
3203.9418
2704.2918
3527.2122
3747.1636
3644.1444
3465.8621
3285.7263
3114.9885
2952.2712
2795.8391
2644.9392
2499.3674
2359.1355
2224.3434
2095.1509
1971.7857
1854.5691
1743.9588
1640.5758
1544.9987
1456.4535
1368.0294
1255.8378
1083.9638
1029.323
1707.1728
1915.7941
3762.1736
4328.5411
4484.311
4349.3874
4138.5902
3923.1703
3715.2756
3513.985
3317.6484
3125.4785
2937.2128
2752.8017
2572.284
2395.7604
2223.4053
2055.4997
1892.4877
1735.0524
1584.1403
1440.6117
1303.7355
1169.3264
1053.0613
1164.1597
1780.4537
1214.1389
6787.3685
6917.2831
6815.1377
6431.9829
5984.0884
5545.3144
5128.3411
4732.476
4356.0928
3998.2854
3658.5859
3336.6723
3032.2422
2744.9738
2474.5199
2220.5151
1982.6001
1760.496
1554.2549
1365.0645
1197.545
1065.892
1016.6209
1201.735
1673.618
1511.0964
10086.174
10129.731
9693.9607
8995.2445
8260.4524
7553.26
6882.3421
6246.7387
5645.2449
5077.3145
4542.7584
4041.5151
3573.5564
3138.856
2737.3766
2369.058
2033.8013
1731.4911
1462.2835
1228.0189
1037.0302
915.37403
921.83833
1122.3082
1146.9074
4246.5307
13330.856
13615.616
12757.881
11735.394
10711.884
9730.3952
8796.3889
7909.9768
7070.9098
6279.1089
5534.6264
4837.6006
4188.2474
3586.8803
3033.9542
2530.1405
2076.453
1674.4823
1326.9431
1039.2689
824.27887
711.7863
758.07229
1045.8384
769.2554
10464.05
24635.734
17694.288
15933.564
14567.618
13265.535
12011.501
10812.768
9672.9309
8593.1814
7573.8747
6615.1644
5717.2073
4880.2343
4104.6019
3390.8778
2740.0099
2153.6844
1635.1398
1191.1264
836.69732
604.28007
538.51026
674.07105
1387.0629
5225.1417
26228.329
19787.24
19690.222
17401.066
8060.2093
15002.281
15888.581
14891.427
10869.818
10187.62
11562.125
10956.952
9374.0733
6246.4078
7495.5556
7027.828
5784.3256
3339.868
4688.7243
4249.887
2961.3677
3697.0255
5385.6909
5145.177
4089.939
6906.2323
8822.1308
8631.6309
7540.8239
11073.062
13086.657
12698.504
11182.809
16225.274
17467.472
16598.373
12430.591
21732.462
21140.427
18922.107
8573.6163
25489.93
21159.173
16572.877
12029.091
7816.0818
4125.2757
1966.7677
3655.0762
6166.7788
8445.8045
10375.722
11930.02
13099.639
13880.772
14271.685
14271.685
13880.772
13099.639
11930.02
10375.722
8445.8045
6166.7788
3655.0762
1966.7677
4125.2757
7816.0818
12029.091
16572.877
21159.173
25489.93
18971.999
17082.923
13796.763
10657.345
7940.5039
5814.4084
4588.4502
4529.2678
5327.8169
6429.1198
7516.4385
8455.1828
9187.2169
9685.5578
9937.3599
9937.3599
9685.5578
9187.2169
8455.1828
7516.4385
6429.1198
5327.8169
4529.2678
4588.4502
5814.4084
7940.5039
10657.345
13796.763
17082.923
18971.999
13494.074
13862.036
12019.151
10170.373
8601.2512
7326.073
6354.2404
5696.9627
5340.9655
5233.4245
5292.9305
5435.6939
5594.3463
5722.7289
5793.2693
5793.2693
5722.7289
5594.3463
5435.6939
5292.9305
5233.4245
5340.9655
5696.9627
6354.2404
7326.073
8601.2512
10170.373
12019.151
13862.036
13494.074
10546.13
11938.716
11110.74
10040.11
9047.5516
8120.5897
7234.8392
6381.0364
5557.1708
4764.3695
4006.8354
3294.4788
2649.4414
2120.2174
1800.7659
1800.7659
2120.2174
2649.4414
3294.4788
4006.8354
4764.3695
5557.1708
6381.0364
7234.8392
8120.5897
9047.5516
10040.11
11110.74
11938.716
10546.13
10475.591
11812.963
10992.525
9945.7639
8979.9268
8082.3828
7230.0279
6414.4754
5634.7092
4893.4411
4197.2957
3559.3499
3004.0793
2574.2245
2331.7888
2331.7888
2574.2245
3004.0793
3559.3499
4197.2957
4893.4411
5634.7092
6414.4754
7230.0279
8082.3828
8979.9268
9945.7639
10992.525
11812.963
10475.591
13302.355
13536.615
11695.285
9891.4009
8387.2122
7200.0658
6340.8261
5812.3942
5583.583
5583.5275
5722.765
5919.4592
6112.166
6260.2339
6339.7458
6339.7458
6260.2339
6112.166
5919.4592
5722.765
5583.5275
5583.583
5812.3942
6340.8261
7200.0658
8387.2122
9891.4009
11695.285
13536.615
13302.355
18666.795
16667.859
13351.03
10221.606
7555.4412
5555.4564
4572.3866
4783.4197
5741.1287
6913.9851
8034.0337
8989.0129
9729.5786
10232.372
10486.102
10486.102
10232.372
9729.5786
8989.0129
8034.0337
6913.9851
5741.1287
4783.4197
4572.3866
5555.4564
7555.4412
10221.606
13351.03
16667.859
18666.795
24908.646
20763.985
16106.957
11511.071
7280.2258
3628.8662
1992.9845
4123.175
6690.7005
8984.4258
10920.336
12477.644
13648.92
14430.957
14822.276
14822.276
14430.957
13648.92
12477.644
10920.336
8984.4258
6690.7005
4123.175
1992.9845
3628.8662
7280.2258
11511.071
16106.957
20763.985
24908.646
112913.99
67372.664
142267.15
74821.468
195594.87
136436.24
93683.406
20090.837
49244.24
141481.37
638341.33
173915.18
60339.422
12311.55
24302.549
41535.035
53706.555
62965.451
70408.493
76553.204
81638.264
85772.713
89005.84
91359.633
92843.776
93462.568
93218.133
92111.937
90145.572
87321.248
83642.276
79113.704
73743.37
67543.846
60536.276
52758.712
44286.2
35286.736
26208.327
18513.047
16539.123
23335.233
35000.615
48864.91
64085.622
80335.965
97396.204
114986.36
132596.29
149188
162559.29
168215.37
156103.59
269022.84
49146.696
15814.941
45138.418
65341.977
79597.043
90458.239
99192.928
106442.82
112526.37
117599.94
121739.47
124981.41
127343
128832.34
129453.2
129207.48
128096.35
126120.81
123282.09
119581.83
115022.38
109607.11
103340.93
96231.221
88289.348
79533.705
69995.821
59734.232
48869.615
37689.582
27025.769
19689.11
21586.013
32274.133
46805.449
63103.507
80374.271
98011.418
115133.12
130054.61
139643.68
136244.56
112912.7
67373.473
142265.55
74823.14
195596.33
136435.26
93682.74
20090.864
49245.278
141485.21
638354.24
173919.05
60341.241
12312.099
24302.115
41534.806
53706.462
62965.452
70408.567
76553.339
81638.454
85772.954
89006.13
91359.971
92844.159
93462.994
93218.599
92112.444
90146.118
87321.833
83642.899
79114.363
73744.064
67544.572
60537.034
52759.501
44287.014
35287.558
26209.098
18513.563
16538.932
23334.455
34999.595
48863.765
64084.391
80334.668
97394.853
114984.97
132594.86
149186.55
162557.86
168214.03
156102.5
269029.74
49148.649
15813.848
45137.71
65341.56
79596.8
90458.114
99192.89
106442.85
112526.47
117600.1
121739.68
124981.67
127343.31
128832.69
129453.6
129207.92
128096.82
126121.33
123282.64
119582.43
115023.03
109607.8
103341.67
96231.999
88290.17
79534.571
69996.728
59735.174
48870.577
37690.529
27026.588
19689.432
21585.463
32273.122
46804.252
63102.203
80372.894
98009.993
115131.68
130053.17
139642.33
136243.45
277703.07
248935.69
217672.58
181008.44
144584.71
110017.71
78160.516
50295.032
30982.885
31827.373
48257.338
67651.875
86350.582
103427.29
118569.39
131645.58
142592.09
151374.73
157974.06
162378.78
164582.56
164582.56
162378.78
157974.07
151374.73
142592.09
131645.59
118569.4
103427.31
86350.604
67651.896
48257.354
31827.377
30982.88
50295.031
78160.516
110017.7
144584.71
181008.45
217672.6
248935.73
277703.1
277616.7
248754.4
217456.3
180782.24
144357.25
109793.69
77946.384
50110.09
30906.199
31953.136
48461.3
67875.953
86581.574
103661.29
118804.9
131881.94
142828.95
151611.91
158211.44
162616.27
164820.1
164820.09
162616.26
158211.43
151611.9
142828.95
131881.93
118804.89
103661.27
86581.546
67875.924
48461.277
31953.127
30906.198
50110.084
77946.378
109793.69
144357.26
180782.23
217456.28
248754.37
277616.68
)
;

boundaryField
{
    cornea_bottom
    {
        type            calculated;
        value           nonuniform List<scalar> 
40
(
317687.09
290126.01
237708.23
187809.9
140303.2
95614.705
53856.621
15066.164
20744.88
53572.793
83416.436
110275.5
134149.94
155039.83
172945.27
187866.36
199803.18
208755.76
214724.14
217708.34
217708.35
214724.17
208755.8
199803.23
187866.42
172945.33
155039.89
134150
110275.56
83416.505
53572.871
20744.963
15066.081
53856.543
95614.627
140303.12
187809.83
237708.19
290126.03
317687.26
)
;
    }
    cornea_top
    {
        type            calculated;
        value           nonuniform List<scalar> 
40
(
333645.77
314202.69
264186.5
215081.34
167830.49
123224.88
81493.639
42711.918
6904.2882
25923.631
55766.88
82625.82
106500.22
127390.11
145295.55
160216.63
172153.44
181106.02
187074.4
190058.59
190058.6
187074.42
181106.04
172153.47
160216.66
145295.58
127390.14
106500.27
82625.875
55766.947
25923.709
6904.2046
42711.835
81493.56
123224.8
167830.4
215081.26
264186.46
314202.73
333645.98
)
;
    }
    iris_pupil
    {
        type            calculated;
        value           nonuniform List<scalar> 10(47603.294 20723.478 10360.649 4716.9202 2049.882 41.259117 2733.8948 8433.4162 18975.806 46059.276);
    }
    iris_bottom
    {
        type            calculated;
        value           nonuniform List<scalar> 
26
(
19910.89
8496.6209
3461.4887
2447.8644
2053.4565
1715.036
1330.9115
896.70313
476.65122
508.23112
1067.4591
1771.5622
2559.1766
3419.5385
4349.4474
5347.6331
6413.4914
7546.6774
8746.8732
10013.405
11344.193
12733.224
14169.629
15674.073
18109.787
20933.676
)
;
    }
    iris_top
    {
        type            calculated;
        value           nonuniform List<scalar> 
26
(
18361.413
6760.4742
1701.1738
773.70443
537.62119
533.56189
758.91044
1147.7925
1643.0526
2222.0466
2876.0343
3601.252
4395.8884
5258.9821
6189.9805
7188.5474
8254.4717
9387.6113
10587.799
11854.532
13185.944
14576.129
16013.317
17511.318
19887.948
22490.131
)
;
    }
    sclera_stub_bottom
    {
        type            calculated;
        value           nonuniform List<scalar> 4(7137.5704 18402.918 21695.202 19041.137);
    }
    sclera_stub_top
    {
        type            calculated;
        value           nonuniform List<scalar> 4(8578.0006 19833.523 22992.698 20844.281);
    }
    iris_base
    {
        type            calculated;
        value           nonuniform List<scalar> 10(24266.193 13407.444 8434.6763 4870.7499 2014.8047 2006.7043 5006.6603 8922.8582 14598.023 27204.187);
    }
    iris_pupil_left
    {
        type            calculated;
        value           nonuniform List<scalar> 10(47603.293 20723.479 10360.65 4716.9204 2049.882 41.259295 2733.8952 8433.4166 18975.806 46059.275);
    }
    iris_bottom_left
    {
        type            calculated;
        value           nonuniform List<scalar> 
26
(
20933.676
18109.787
15674.073
14169.629
12733.224
11344.193
10013.404
8746.8731
7546.6773
6413.4913
5347.6329
4349.4472
3419.5383
2559.1763
1771.562
1067.4589
508.23091
476.65143
896.70349
1330.912
1715.0365
2053.4571
2447.8651
3461.4893
8496.6216
19910.89
)
;
    }
    iris_top_left
    {
        type            calculated;
        value           nonuniform List<scalar> 
26
(
22490.131
19887.948
17511.318
16013.317
14576.129
13185.944
11854.532
10587.799
9387.6112
8254.4716
7188.5472
6189.9803
5258.9819
4395.8881
3601.2517
2876.034
2222.0463
1643.0523
1147.7922
758.91008
533.56172
537.62138
773.70487
1701.1744
6760.4747
18361.412
)
;
    }
    sclera_stub_bottom_left
    {
        type            calculated;
        value           nonuniform List<scalar> 4(19041.137 21695.202 18402.918 7137.5704);
    }
    sclera_stub_top_left
    {
        type            calculated;
        value           nonuniform List<scalar> 4(20844.281 22992.698 19833.523 8578.0005);
    }
    iris_base_left
    {
        type            calculated;
        value           nonuniform List<scalar> 10(24266.193 13407.444 8434.6763 4870.7499 2014.8047 2006.7043 5006.6603 8922.8583 14598.023 27204.187);
    }
    lens_bottom
    {
        type            calculated;
        value           nonuniform List<scalar> 
30
(
25719.319
23653.287
18386.131
13201.725
8301.5821
3820.5444
574.96887
3914.1682
7057.8987
9760.0478
12013.529
13816.871
15169.588
16071.474
16522.436
16522.436
16071.474
15169.588
13816.871
12013.529
9760.0478
7057.8987
3914.1682
574.96887
3820.5444
8301.5821
13201.725
18386.131
23653.287
25719.319
)
;
    }
    lens_top
    {
        type            calculated;
        value           nonuniform List<scalar> 
30
(
25126.907
23315.828
17943.355
12679.881
7740.4292
3229.5924
831.9651
4441.7251
7599.9805
10307.002
12562.865
14367.569
15721.105
16623.464
17074.644
17074.644
16623.464
15721.105
14367.569
12562.865
10307.002
7599.9805
4441.7251
831.9651
3229.5924
7740.4292
12679.881
17943.355
23315.828
25126.907
)
;
    }
    lens_left
    {
        type            calculated;
        value           nonuniform List<scalar> 8(33769.172 18450.579 11829.03 8562.4523 8536.0308 11709.778 18118.064 32863.004);
    }
    lens_right
    {
        type            calculated;
        value           nonuniform List<scalar> 8(33769.172 18450.579 11829.03 8562.4523 8536.0308 11709.778 18118.064 32863.004);
    }
    sclera_R_bottom
    {
        type            calculated;
        value           nonuniform List<scalar> 2(130367.85 198884.28);
    }
    sclera_R_top
    {
        type            calculated;
        value           nonuniform List<scalar> 2(167451.53 150938.56);
    }
    sclera_R_inner
    {
        type            calculated;
        value           nonuniform List<scalar> 
44
(
287623.78
879259.43
313143.66
72669.248
12617.194
66887.683
100570.46
124681.02
143233.61
158281.25
170752.53
181087.29
189490.99
196060.34
200840.82
203853.87
205109.62
204612.84
202365.8
198369.57
192624.68
185131.39
175889.82
164900.05
152162.13
137676.07
121441.97
103459.93
83730.221
62253.391
39030.57
14064.391
12642.932
41076.704
71218.29
103022.04
136392.51
171128.15
206803.83
242515.1
276379.91
304197.13
318429.96
294971.1
)
;
    }
    sclera_R_outer
    {
        type            calculated;
        value           nonuniform List<scalar> 
50
(
220422.23
118828.55
432536.87
397594.13
316709.31
258088.53
270257.14
156700.42
37834.752
8653.4173
68698.382
109687.98
139640.04
161909.89
179745.66
194487.38
206832.8
217115.01
225496.89
232057.16
236833.87
239845.37
241100.48
240603.45
238356.31
234360.06
228615.17
221121.86
211880.26
200890.44
188152.44
173666.32
157432.15
139450.04
119720.25
98243.292
75020.227
50053.266
23346.999
5088.9303
35234.411
67047.392
100440.03
135228.93
171032.76
207051.13
241660.49
271231.11
289845.23
274373.77
)
;
    }
    sclera_tm_gap
    {
        type            calculated;
        value           nonuniform List<scalar> 6(4850.6769 1281732.7 588256.01 327440.79 181800.71 272584.68);
    }
    sclera_L_bottom
    {
        type            calculated;
        value           nonuniform List<scalar> 2(130365.55 198881.97);
    }
    sclera_L_top
    {
        type            calculated;
        value           nonuniform List<scalar> 2(167450.43 150937.45);
    }
    sclera_L_inner
    {
        type            calculated;
        value           nonuniform List<scalar> 
44
(
287619.56
879278.24
313151.29
72672.373
12615.47
66886.772
100569.98
124680.8
143233.58
158281.37
170752.77
181087.64
189491.45
196060.9
200841.48
203854.62
205110.46
204613.76
202366.8
198370.66
192625.85
185132.63
175891.14
164901.45
152163.6
137677.63
121443.61
103461.67
83732.05
62255.316
39032.593
14066.517
12640.699
41074.362
71215.838
103019.49
136389.85
171125.4
206801
242512.2
276376.98
304194.22
318427.22
294968.86
)
;
    }
    sclera_L_outer
    {
        type            calculated;
        value           nonuniform List<scalar> 
50
(
220418.77
118832.02
432540.28
397596.66
316713.29
258093.13
270263.74
156705.7
37837.841
8656.145
68696.964
109687.13
139639.56
161909.65
179745.59
194487.46
206833.01
217115.33
225497.32
232057.7
236834.5
239846.09
241101.28
240604.34
238357.28
234361.12
228616.3
221123.08
211881.56
200891.83
188153.92
173667.89
157433.81
139451.8
119722.11
98245.247
75022.282
50055.419
23349.249
5086.581
35231.961
67044.84
100437.38
135226.17
171029.91
207048.21
241657.54
271228.19
289842.47
274371.52
)
;
    }
    sclera_tm_gap_left
    {
        type            calculated;
        value           nonuniform List<scalar> 6(4842.0583 1281758.6 588258.66 327444.78 181802.23 272590.29);
    }
    sclera_top_bottom
    {
        type            calculated;
        value           nonuniform List<scalar> 
42
(
498991.28
495141.17
426916.8
352315.72
278104.86
207088.38
140135.4
77527.217
19354.437
34355.708
83591.601
128351.7
168635.21
204442.08
235772.5
262626.7
285004.87
302907.2
316333.81
325284.82
329760.3
329760.3
325284.81
316333.81
302907.2
285004.88
262626.71
235772.52
204442.1
168635.23
128351.72
83591.619
34355.727
19354.418
77527.202
140135.39
207088.37
278104.86
352315.73
426916.82
495141.2
498991.31
)
;
    }
    sclera_top_top
    {
        type            calculated;
        value           nonuniform List<scalar> 
42
(
498846.32
494954.81
426694.68
352083.1
277868.75
206851.14
139897.78
77289.405
19116.147
34593.112
83829.207
128589.36
168872.89
204679.77
236010.19
262864.39
285242.56
303144.88
316571.5
325522.5
329997.98
329997.98
325522.49
316571.48
303144.87
285242.55
262864.37
236010.17
204679.74
168872.85
128589.33
83829.177
34593.095
19116.149
77289.4
139897.77
206851.14
277868.76
352083.09
426694.66
494954.78
498846.3
)
;
    }
    sclera_top_left
    {
        type            calculated;
        value           nonuniform List<scalar> 2(379371.28 379405.11);
    }
    sclera_top_right
    {
        type            calculated;
        value           nonuniform List<scalar> 2(379371.31 379405.09);
    }
    front
    {
        type            empty;
    }
    back
    {
        type            empty;
    }
}


// ************************************************************************* //
