/*--------------------------------*- C++ -*----------------------------------*\
| =========                 |                                                 |
| \\      /  F ield         | OpenFOAM: The Open Source CFD Toolbox           |
|  \\    /   O peration     | Version:  2512                                  |
|   \\  /    A nd           | Website:  www.openfoam.com                      |
|    \\/     M anipulation  |                                                 |
\*---------------------------------------------------------------------------*/
FoamFile
{
    version     2.0;
    format      ascii;
    arch        "LSB;label=32;scalar=64";
    class       volVectorField;
    location    "25";
    object      D;
}
// * * * * * * * * * * * * * * * * * * * * * * * * * * * * * * * * * * * * * //

dimensions      [0 1 0 0 0 0 0];

internalField   nonuniform List<vector> 
1196
(
(-3.8470871e-06 -2.9308342e-06 0)
(-5.2318968e-06 -1.230127e-05 0)
(-6.3923777e-06 -2.7201036e-05 0)
(-7.3101841e-06 -4.668607e-05 0)
(-8.0014076e-06 -6.9845288e-05 0)
(-8.4798706e-06 -9.5807243e-05 0)
(-8.7593639e-06 -0.0001237509 0)
(-8.8536299e-06 -0.00015290863 0)
(-8.7763965e-06 -0.00018256724 0)
(-8.5413869e-06 -0.00021206826 0)
(-8.1623226e-06 -0.00024080806 0)
(-7.6529242e-06 -0.00026823785 0)
(-7.0269119e-06 -0.00029386376 0)
(-6.2980056e-06 -0.00031724677 0)
(-5.479925e-06 -0.00033800274 0)
(-4.5863893e-06 -0.00035580241 0)
(-3.6311179e-06 -0.00037037141 0)
(-2.6278299e-06 -0.00038149022 0)
(-1.5902443e-06 -0.00038899422 0)
(-5.3208017e-07 -0.00039277366 0)
(5.3294351e-07 -0.00039277366 0)
(1.5911078e-06 -0.00038899422 0)
(2.6286936e-06 -0.00038149023 0)
(3.6319819e-06 -0.00037037141 0)
(4.5872535e-06 -0.00035580242 0)
(5.4807894e-06 -0.00033800275 0)
(6.2988702e-06 -0.00031724677 0)
(7.0277766e-06 -0.00029386376 0)
(7.6537889e-06 -0.00026823785 0)
(8.1631873e-06 -0.00024080805 0)
(8.5422515e-06 -0.00021206825 0)
(8.7772609e-06 -0.00018256723 0)
(8.854494e-06 -0.00015290862 0)
(8.7602278e-06 -0.00012375089 0)
(8.4807342e-06 -9.580724e-05 0)
(8.0022711e-06 -6.9845288e-05 0)
(7.3110479e-06 -4.6686073e-05 0)
(6.3932418e-06 -2.7201041e-05 0)
(5.2327615e-06 -1.2301273e-05 0)
(3.8479527e-06 -2.9308341e-06 0)
(-1.0202641e-06 -2.9665769e-06 0)
(5.7568875e-07 -1.2348053e-05 0)
(1.9756351e-06 -2.7251613e-05 0)
(3.1419164e-06 -4.6737857e-05 0)
(4.0845405e-06 -6.9897468e-05 0)
(4.8153508e-06 -9.585955e-05 0)
(5.3474978e-06 -0.00012380324 0)
(5.6945165e-06 -0.00015296099 0)
(5.8700678e-06 -0.00018261961 0)
(5.8878532e-06 -0.00021212063 0)
(5.7615873e-06 -0.00024086042 0)
(5.5049883e-06 -0.00026829022 0)
(5.1317759e-06 -0.00029391613 0)
(4.6556696e-06 -0.00031729914 0)
(4.090389e-06 -0.00033805511 0)
(3.4496532e-06 -0.00035585478 0)
(2.7471817e-06 -0.00037042377 0)
(1.9966936e-06 -0.00038154259 0)
(1.2119081e-06 -0.00038904659 0)
(4.0654415e-07 -0.00039282603 0)
(-4.0567931e-07 -0.00039282603 0)
(-1.2110434e-06 -0.00038904659 0)
(-1.9958291e-06 -0.00038154259 0)
(-2.7463175e-06 -0.00037042378 0)
(-3.4487894e-06 -0.00035585479 0)
(-4.0895255e-06 -0.00033805511 0)
(-4.6548065e-06 -0.00031729914 0)
(-5.130913e-06 -0.00029391613 0)
(-5.5041253e-06 -0.00026829022 0)
(-5.7607239e-06 -0.00024086042 0)
(-5.8869894e-06 -0.00021212062 0)
(-5.8692034e-06 -0.0001826196 0)
(-5.6936516e-06 -0.00015296098 0)
(-5.3466327e-06 -0.00012380324 0)
(-4.8144856e-06 -9.5859547e-05 0)
(-4.0836756e-06 -6.9897468e-05 0)
(-3.1410519e-06 -4.673786e-05 0)
(-1.9747713e-06 -2.7251617e-05 0)
(-5.7482561e-07 -1.2348057e-05 0)
(1.0211266e-06 -2.9665768e-06 0)
(0.00010135384 -0.0012221268 0)
(0.00010371477 -0.0011741284 0)
(0.00010512122 -0.0011227266 0)
(0.00010612803 -0.0010707529 0)
(0.0001069512 -0.0010184492 0)
(0.00010762206 -0.00096585448 0)
(0.00010812282 -0.00091302168 0)
(0.00010842432 -0.00086002908 0)
(0.00010849554 -0.00080697424 0)
(0.00010830546 -0.00075397062 0)
(0.00010782321 -0.0007011463 0)
(0.00010701799 -0.0006486437 0)
(0.00010585903 -0.00059661946 0)
(0.00010431558 -0.00054524448 0)
(0.00010235687 -0.00049470389 0)
(9.9952151e-05 -0.00044519706 0)
(9.7070655e-05 -0.0003969376 0)
(9.3681628e-05 -0.00035015337 0)
(8.9754341e-05 -0.00030508653 0)
(8.5258158e-05 -0.0002619935 0)
(8.0162789e-05 -0.00022114493 0)
(7.4438961e-05 -0.00018282495 0)
(6.8059866e-05 -0.00014732734 0)
(6.1002437e-05 -0.00011494039 0)
(5.3231267e-05 -8.589379e-05 0)
(4.4728333e-05 -6.0616017e-05 0)
(7.9545229e-05 -0.0012234698 0)
(8.0007801e-05 -0.0011743728 0)
(8.0544117e-05 -0.0011230414 0)
(8.1223005e-05 -0.0010710833 0)
(8.1872146e-05 -0.0010187655 0)
(8.2424656e-05 -0.00096614453 0)
(8.284726e-05 -0.00091327837 0)
(8.3114417e-05 -0.00086024646 0)
(8.3202045e-05 -0.00080714663 0)
(8.3086261e-05 -0.00075409238 0)
(8.2743175e-05 -0.00070121181 0)
(8.2148879e-05 -0.00064864734 0)
(8.1279453e-05 -0.0005965556 0)
(8.0110976e-05 -0.00054510751 0)
(7.8619523e-05 -0.00049448817 0)
(7.6781171e-05 -0.00044489697 0)
(7.4571996e-05 -0.00039654751 0)
(7.1968076e-05 -0.00034966767 0)
(6.8945482e-05 -0.00030449958 0)
(6.5480254e-05 -0.00026129966 0)
(6.1548297e-05 -0.00022033854 0)
(5.7125043e-05 -0.00018190031 0)
(5.2184573e-05 -0.00014627921 0)
(4.6698605e-05 -0.00011376828 0)
(4.0647505e-05 -8.4643559e-05 0)
(3.4029221e-05 -5.9322951e-05 0)
(5.5670744e-05 -0.001224296 0)
(5.5745806e-05 -0.0011744638 0)
(5.5933496e-05 -0.001123244 0)
(5.6368131e-05 -0.0010713598 0)
(5.6858296e-05 -0.0010190537 0)
(5.7302776e-05 -0.00096641895 0)
(5.7659235e-05 -0.00091352883 0)
(5.7905025e-05 -0.00086046749 0)
(5.8022351e-05 -0.00080733385 0)
(5.7994233e-05 -0.0007542416 0)
(5.7803701e-05 -0.00070131883 0)
(5.7433716e-05 -0.00064870794 0)
(5.6867208e-05 -0.00059656559 0)
(5.6087091e-05 -0.00054506265 0)
(5.5076278e-05 -0.00049438426 0)
(5.3817681e-05 -0.00044472978 0)
(5.229421e-05 -0.00039631282 0)
(5.048877e-05 -0.00034936126 0)
(4.8384229e-05 -0.00030411719 0)
(4.596332e-05 -0.00026083694 0)
(4.3208366e-05 -0.00021979092 0)
(4.0100755e-05 -0.00018126298 0)
(3.662105e-05 -0.00014554849 0)
(3.2755968e-05 -0.00011295136 0)
(2.8536995e-05 -8.3799836e-05 0)
(2.4146025e-05 -5.8679903e-05 0)
(3.0993365e-05 -0.0012248614 0)
(3.1089968e-05 -0.0011745798 0)
(3.1218827e-05 -0.001123423 0)
(3.1520911e-05 -0.0010716074 0)
(3.1885379e-05 -0.0010193219 0)
(3.2234585e-05 -0.0009666822 0)
(3.2534101e-05 -0.00091377713 0)
(3.2767635e-05 -0.00086069629 0)
(3.2924019e-05 -0.00080754008 0)
(3.2993064e-05 -0.00075442247 0)
(3.2964629e-05 -0.00070147155 0)
(3.2828515e-05 -0.00064882973 0)
(3.2574485e-05 -0.00059665362 0)
(3.219229e-05 -0.00054511413 0)
(3.1671678e-05 -0.00049439636 0)
(3.1002396e-05 -0.0004446997 0)
(3.0174187e-05 -0.00039623774 0)
(2.9176787e-05 -0.00034923835 0)
(2.7999886e-05 -0.00030394358 0)
(2.6633026e-05 -0.00026060965 0)
(2.5065359e-05 -0.00021950675 0)
(2.3285346e-05 -0.00018091875 0)
(2.1281855e-05 -0.00014514349 0)
(1.9053185e-05 -0.0001124986 0)
(1.6639581e-05 -8.33561e-05 0)
(1.4146566e-05 -5.8301255e-05 0)
(6.057473e-06 -0.00122525 0)
(6.2373885e-06 -0.0011747622 0)
(6.422105e-06 -0.0011236288 0)
(6.6654525e-06 -0.0010718504 0)
(6.933389e-06 -0.0010195788 0)
(7.1981297e-06 -0.00096693827 0)
(7.4468061e-06 -0.00091402613 0)
(7.6735423e-06 -0.00086093559 0)
(7.8745433e-06 -0.00080776809 0)
(8.0464199e-06 -0.00075463778 0)
(8.1858012e-06 -0.0007016728 0)
(8.2892903e-06 -0.0006490155 0)
(8.3534754e-06 -0.00059682252 0)
(8.3749397e-06 -0.00054526474 0)
(8.3502653e-06 -0.00049452729 0)
(8.2760335e-06 -0.00044480953 0)
(8.1488233e-06 -0.00039632507 0)
(7.9652061e-06 -0.00034930176 0)
(7.7217286e-06 -0.00030398161 0)
(7.4148694e-06 -0.00026062078 0)
(7.0409485e-06 -0.00021948936 0)
(6.596083e-06 -0.00018087136 0)
(6.0768904e-06 -0.00014506671 0)
(5.4845896e-06 -0.00011240189 0)
(4.8365341e-06 -8.3268248e-05 0)
(4.1659418e-06 -5.8231539e-05 0)
(-1.8943712e-05 -0.0012254991 0)
(-1.8672922e-05 -0.0011750141 0)
(-1.8403694e-05 -0.0011238811 0)
(-1.819471e-05 -0.0010721023 0)
(-1.8012296e-05 -0.0010198303 0)
(-1.782786e-05 -0.00096718957 0)
(-1.762787e-05 -0.00091427733 0)
(-1.7406108e-05 -0.00086118675 0)
(-1.7158644e-05 -0.00080801925 0)
(-1.6882049e-05 -0.00075488894 0)
(-1.6572946e-05 -0.00070192395 0)
(-1.6227943e-05 -0.00064926666 0)
(-1.584363e-05 -0.00059707368 0)
(-1.5416594e-05 -0.0005455159 0)
(-1.4943419e-05 -0.00049477845 0)
(-1.4420688e-05 -0.00044506069 0)
(-1.3844987e-05 -0.00039657623 0)
(-1.3212902e-05 -0.0003495529 0)
(-1.2521012e-05 -0.00030423273 0)
(-1.1765849e-05 -0.00026087188 0)
(-1.094379e-05 -0.00021974044 0)
(-1.0050925e-05 -0.00018112253 0)
(-9.0834868e-06 -0.00014531824 0)
(-8.0413402e-06 -0.00011265449 0)
(-6.9384881e-06 -8.3523203e-05 0)
(-5.8020967e-06 -5.8489978e-05 0)
(-4.3878885e-05 -0.0012256083 0)
(-4.3524132e-05 -0.0011753357 0)
(-4.3199149e-05 -0.0011241799 0)
(-4.3049506e-05 -0.001072363 0)
(-4.296406e-05 -0.0010200764 0)
(-4.2864281e-05 -0.00096743607 0)
(-4.2715184e-05 -0.00091453072 0)
(-4.2500224e-05 -0.00086144978 0)
(-4.2208135e-05 -0.00080829355 0)
(-4.18287e-05 -0.00075517593 0)
(-4.1351777e-05 -0.00070222503 0)
(-4.0767168e-05 -0.0006495832 0)
(-4.006464e-05 -0.0005974071 0)
(-3.9233945e-05 -0.00054586761 0)
(-3.8264833e-05 -0.00049514984 0)
(-3.7147051e-05 -0.00044545317 0)
(-3.5870349e-05 -0.0003969912 0)
(-3.4424471e-05 -0.00034999178 0)
(-3.2799132e-05 -0.00030469696 0)
(-3.0983915e-05 -0.00026136295 0)
(-2.8968013e-05 -0.00022026003 0)
(-2.6739878e-05 -0.00018167225 0)
(-2.4288113e-05 -0.00014589801 0)
(-2.1610058e-05 -0.00011325609 0)
(-1.8743821e-05 -8.4120098e-05 0)
(-1.5792097e-05 -5.9074863e-05 0)
(-6.8552581e-05 -0.0012255395 0)
(-6.8176209e-05 -0.001175724 0)
(-6.7911202e-05 -0.0011245053 0)
(-6.7895568e-05 -0.0010726189 0)
(-6.7936642e-05 -0.0010203111 0)
(-6.7932449e-05 -0.00096767532 0)
(-6.7840369e-05 -0.00091478479 0)
(-6.763766e-05 -0.00086172331 0)
(-6.7306494e-05 -0.00080858963 0)
(-6.6829883e-05 -0.00075549738 0)
(-6.6190855e-05 -0.00070257462 0)
(-6.5372372e-05 -0.00064996374 0)
(-6.4357364e-05 -0.00059782139 0)
(-6.3128747e-05 -0.00054631845 0)
(-6.1669434e-05 -0.00049564005 0)
(-5.9962337e-05 -0.00044598557 0)
(-5.7990369e-05 -0.0003975686 0)
(-5.5736436e-05 -0.00035061699 0)
(-5.3183416e-05 -0.00030537284 0)
(-5.0314052e-05 -0.00026209249 0)
(-4.7110684e-05 -0.00022104642 0)
(-4.3554693e-05 -0.0001825188 0)
(-3.962654e-05 -0.0001468058 0)
(-3.5312549e-05 -0.00011421301 0)
(-3.0643619e-05 -8.507069e-05 0)
(-2.5805136e-05 -5.9963408e-05 0)
(-9.2414937e-05 -0.0012252068 0)
(-9.2430045e-05 -0.0011761377 0)
(-9.2518055e-05 -0.0011248066 0)
(-9.2749216e-05 -0.0010728454 0)
(-9.2950266e-05 -0.0010205253 0)
(-9.3054388e-05 -0.0009679033 0)
(-9.3028488e-05 -0.00091503668 0)
(-9.2847117e-05 -0.0008620046 0)
(-9.2486222e-05 -0.00080890473 0)
(-9.1921926e-05 -0.00075585048 0)
(-9.1130334e-05 -0.00070296992 0)
(-9.0087536e-05 -0.00065040545 0)
(-8.876961e-05 -0.00059831372 0)
(-8.7152633e-05 -0.00054686562 0)
(-8.5212682e-05 -0.00049624629 0)
(-8.2925831e-05 -0.00044665508 0)
(-8.0268156e-05 -0.0003983056 0)
(-7.7215729e-05 -0.00035142572 0)
(-7.3744611e-05 -0.00030625754 0)
(-6.9830816e-05 -0.00026305751 0)
(-6.5450207e-05 -0.00022209634 0)
(-6.0578169e-05 -0.00018365848 0)
(-5.5188772e-05 -0.00014803916 0)
(-4.9253804e-05 -0.00011553343 0)
(-4.2753706e-05 -8.6419446e-05 0)
(-3.5691691e-05 -6.1106995e-05 0)
(-0.00011418162 -0.0012243523 0)
(-0.00011612232 -0.0011763958 0)
(-0.00011709151 -0.001124994 0)
(-0.00011765369 -0.0010730172 0)
(-0.00011802946 -0.0010207113 0)
(-0.000118252 -0.00096811558 0)
(-0.00011830418 -0.00091528232 0)
(-0.00011815709 -0.00086228955 0)
(-0.00011777975 -0.00080923467 0)
(-0.00011714114 -0.00075623104 0)
(-0.00011621037 -0.00070340673 0)
(-0.00011495664 -0.00065090413 0)
(-0.00011334919 -0.0005988799 0)
(-0.00011135724 -0.00054750492 0)
(-0.00010895003 -0.00049696433 0)
(-0.00010609682 -0.00044745749 0)
(-0.00010276682 -0.00039919801 0)
(-9.8929283e-05 -0.00035241374 0)
(-9.4553443e-05 -0.00030734683 0)
(-8.9608602e-05 -0.0002642537 0)
(-8.4064345e-05 -0.00022340512 0)
(-7.789123e-05 -0.00018508558 0)
(-7.1062355e-05 -0.00014958988 0)
(-6.3555193e-05 -0.00011720846 0)
(-5.5337454e-05 -8.8173383e-05 0)
(-4.6401081e-05 -6.2890425e-05 0)
(3.6119518e-05 -4.1691309e-05 0)
(2.7147435e-05 -2.5124023e-05 0)
(1.7074739e-05 -1.2356906e-05 0)
(6.3017393e-06 -4.1540149e-06 0)
(2.8153567e-05 -4.0292509e-05 0)
(2.0601241e-05 -2.3403531e-05 0)
(1.2552405e-05 -1.0566809e-05 0)
(3.8786229e-06 -2.2930001e-06 0)
(1.9636326e-05 -3.9056681e-05 0)
(1.431443e-05 -2.2099962e-05 0)
(8.5677713e-06 -9.2522733e-06 0)
(2.5212765e-06 -1.2424305e-06 0)
(1.145179e-05 -3.8298371e-05 0)
(8.3374878e-06 -2.1307661e-05 0)
(4.9711733e-06 -8.4638035e-06 0)
(1.4677659e-06 -6.8462392e-07 0)
(3.419983e-06 -3.8045534e-05 0)
(2.5448923e-06 -2.1033015e-05 0)
(1.5755048e-06 -8.1782053e-06 0)
(5.0824708e-07 -4.7674324e-07 0)
(-4.5724698e-06 -3.8304842e-05 0)
(-3.1989106e-06 -2.1280457e-05 0)
(-1.7689275e-06 -8.3794478e-06 0)
(-4.3105315e-07 -5.6513181e-07 0)
(-1.262851e-05 -3.9074795e-05 0)
(-9.0281736e-06 -2.2051272e-05 0)
(-5.2002293e-06 -9.074267e-06 0)
(-1.3998435e-06 -9.5784659e-07 0)
(-2.0860202e-05 -4.0345023e-05 0)
(-1.5079425e-05 -2.3342359e-05 0)
(-8.8790806e-06 -1.0291477e-05 0)
(-2.4840772e-06 -1.7277915e-06 0)
(-2.944743e-05 -4.2081892e-05 0)
(-2.1474737e-05 -2.5145038e-05 0)
(-1.3015621e-05 -1.2062292e-05 0)
(-3.9415213e-06 -3.0492262e-06 0)
(-3.7464939e-05 -4.3966822e-05 0)
(-2.8139822e-05 -2.7354451e-05 0)
(-1.7778625e-05 -1.4321537e-05 0)
(-6.7206011e-06 -5.3047448e-06 0)
(-4.4728333e-05 -6.0616017e-05 0)
(-5.3231267e-05 -8.589379e-05 0)
(-6.1002436e-05 -0.00011494039 0)
(-6.8059865e-05 -0.00014732734 0)
(-7.443896e-05 -0.00018282495 0)
(-8.0162788e-05 -0.00022114493 0)
(-8.5258158e-05 -0.00026199351 0)
(-8.975434e-05 -0.00030508654 0)
(-9.3681627e-05 -0.00035015338 0)
(-9.7070654e-05 -0.0003969376 0)
(-9.995215e-05 -0.00044519706 0)
(-0.00010235687 -0.00049470389 0)
(-0.00010431558 -0.00054524448 0)
(-0.00010585903 -0.00059661946 0)
(-0.00010701799 -0.0006486437 0)
(-0.00010782321 -0.0007011463 0)
(-0.00010830546 -0.00075397062 0)
(-0.00010849554 -0.00080697425 0)
(-0.00010842432 -0.00086002908 0)
(-0.00010812282 -0.00091302169 0)
(-0.00010762206 -0.00096585448 0)
(-0.0001069512 -0.0010184492 0)
(-0.00010612803 -0.0010707529 0)
(-0.00010512122 -0.0011227266 0)
(-0.00010371476 -0.0011741284 0)
(-0.00010135383 -0.0012221268 0)
(-3.4029221e-05 -5.9322951e-05 0)
(-4.0647504e-05 -8.4643559e-05 0)
(-4.6698605e-05 -0.00011376828 0)
(-5.2184572e-05 -0.00014627921 0)
(-5.7125042e-05 -0.00018190031 0)
(-6.1548296e-05 -0.00022033854 0)
(-6.5480253e-05 -0.00026129967 0)
(-6.8945481e-05 -0.00030449958 0)
(-7.1968075e-05 -0.00034966767 0)
(-7.4571995e-05 -0.00039654751 0)
(-7.678117e-05 -0.00044489697 0)
(-7.8619522e-05 -0.00049448817 0)
(-8.0110975e-05 -0.00054510751 0)
(-8.1279452e-05 -0.00059655561 0)
(-8.2148878e-05 -0.00064864734 0)
(-8.2743174e-05 -0.00070121182 0)
(-8.3086259e-05 -0.00075409238 0)
(-8.3202043e-05 -0.00080714663 0)
(-8.3114415e-05 -0.00086024646 0)
(-8.2847258e-05 -0.00091327838 0)
(-8.2424654e-05 -0.00096614453 0)
(-8.1872145e-05 -0.0010187655 0)
(-8.1223004e-05 -0.0010710833 0)
(-8.0544115e-05 -0.0011230414 0)
(-8.00078e-05 -0.0011743728 0)
(-7.9545228e-05 -0.0012234698 0)
(-2.4146024e-05 -5.8679903e-05 0)
(-2.8536995e-05 -8.3799837e-05 0)
(-3.2755967e-05 -0.00011295136 0)
(-3.6621049e-05 -0.00014554849 0)
(-4.0100755e-05 -0.00018126298 0)
(-4.3208366e-05 -0.00021979092 0)
(-4.5963319e-05 -0.00026083694 0)
(-4.8384228e-05 -0.00030411719 0)
(-5.0488769e-05 -0.00034936126 0)
(-5.2294209e-05 -0.00039631283 0)
(-5.3817679e-05 -0.00044472978 0)
(-5.5076277e-05 -0.00049438426 0)
(-5.608709e-05 -0.00054506265 0)
(-5.6867206e-05 -0.00059656559 0)
(-5.7433715e-05 -0.00064870795 0)
(-5.7803699e-05 -0.00070131883 0)
(-5.7994232e-05 -0.0007542416 0)
(-5.8022349e-05 -0.00080733385 0)
(-5.7905023e-05 -0.00086046749 0)
(-5.7659233e-05 -0.00091352884 0)
(-5.7302775e-05 -0.00096641895 0)
(-5.6858295e-05 -0.0010190538 0)
(-5.6368129e-05 -0.0010713598 0)
(-5.5933494e-05 -0.001123244 0)
(-5.5745804e-05 -0.0011744638 0)
(-5.5670742e-05 -0.001224296 0)
(-1.4146566e-05 -5.8301255e-05 0)
(-1.663958e-05 -8.3356101e-05 0)
(-1.9053184e-05 -0.0001124986 0)
(-2.1281855e-05 -0.00014514349 0)
(-2.3285345e-05 -0.00018091875 0)
(-2.5065358e-05 -0.00021950675 0)
(-2.6633025e-05 -0.00026060965 0)
(-2.7999884e-05 -0.00030394358 0)
(-2.9176786e-05 -0.00034923835 0)
(-3.0174186e-05 -0.00039623774 0)
(-3.1002394e-05 -0.0004446997 0)
(-3.1671677e-05 -0.00049439636 0)
(-3.2192289e-05 -0.00054511413 0)
(-3.2574483e-05 -0.00059665363 0)
(-3.2828513e-05 -0.00064882973 0)
(-3.2964627e-05 -0.00070147156 0)
(-3.2993062e-05 -0.00075442247 0)
(-3.2924017e-05 -0.00080754009 0)
(-3.2767633e-05 -0.00086069629 0)
(-3.2534099e-05 -0.00091377713 0)
(-3.2234583e-05 -0.0009666822 0)
(-3.1885377e-05 -0.0010193219 0)
(-3.1520909e-05 -0.0010716074 0)
(-3.1218825e-05 -0.001123423 0)
(-3.1089966e-05 -0.0011745798 0)
(-3.0993363e-05 -0.0012248615 0)
(-4.1659413e-06 -5.8231539e-05 0)
(-4.8365335e-06 -8.3268248e-05 0)
(-5.4845889e-06 -0.00011240189 0)
(-6.0768896e-06 -0.00014506671 0)
(-6.5960821e-06 -0.00018087136 0)
(-7.0409476e-06 -0.00021948936 0)
(-7.4148683e-06 -0.00026062078 0)
(-7.7217275e-06 -0.00030398161 0)
(-7.9652048e-06 -0.00034930176 0)
(-8.148822e-06 -0.00039632508 0)
(-8.2760321e-06 -0.00044480953 0)
(-8.3502638e-06 -0.00049452729 0)
(-8.3749381e-06 -0.00054526475 0)
(-8.3534737e-06 -0.00059682252 0)
(-8.2892886e-06 -0.0006490155 0)
(-8.1857994e-06 -0.0007016728 0)
(-8.046418e-06 -0.00075463779 0)
(-7.8745415e-06 -0.00080776809 0)
(-7.6735404e-06 -0.00086093559 0)
(-7.4468042e-06 -0.00091402613 0)
(-7.1981277e-06 -0.00096693828 0)
(-6.933387e-06 -0.0010195788 0)
(-6.6654505e-06 -0.0010718504 0)
(-6.422103e-06 -0.0011236288 0)
(-6.2373865e-06 -0.0011747622 0)
(-6.0574709e-06 -0.00122525 0)
(5.8020972e-06 -5.8489979e-05 0)
(6.9384887e-06 -8.3523203e-05 0)
(8.0413409e-06 -0.00011265449 0)
(9.0834876e-06 -0.00014531824 0)
(1.0050926e-05 -0.00018112253 0)
(1.0943791e-05 -0.00021974044 0)
(1.176585e-05 -0.00026087188 0)
(1.2521013e-05 -0.00030423274 0)
(1.3212903e-05 -0.0003495529 0)
(1.3844988e-05 -0.00039657623 0)
(1.442069e-05 -0.00044506069 0)
(1.4943421e-05 -0.00049477845 0)
(1.5416596e-05 -0.00054551591 0)
(1.5843632e-05 -0.00059707368 0)
(1.6227944e-05 -0.00064926666 0)
(1.6572948e-05 -0.00070192396 0)
(1.6882051e-05 -0.00075488894 0)
(1.7158646e-05 -0.00080801925 0)
(1.740611e-05 -0.00086118676 0)
(1.7627872e-05 -0.00091427733 0)
(1.7827862e-05 -0.00096718958 0)
(1.8012298e-05 -0.0010198304 0)
(1.8194712e-05 -0.0010721023 0)
(1.8403696e-05 -0.0011238811 0)
(1.8672924e-05 -0.0011750141 0)
(1.8943714e-05 -0.0012254991 0)
(1.5792097e-05 -5.9074863e-05 0)
(1.8743822e-05 -8.4120098e-05 0)
(2.1610059e-05 -0.00011325609 0)
(2.4288113e-05 -0.00014589801 0)
(2.6739879e-05 -0.00018167225 0)
(2.8968014e-05 -0.00022026003 0)
(3.0983916e-05 -0.00026136296 0)
(3.2799134e-05 -0.00030469696 0)
(3.4424473e-05 -0.00034999178 0)
(3.587035e-05 -0.00039699121 0)
(3.7147052e-05 -0.00044545317 0)
(3.8264834e-05 -0.00049514984 0)
(3.9233947e-05 -0.00054586761 0)
(4.0064642e-05 -0.00059740711 0)
(4.076717e-05 -0.00064958321 0)
(4.1351779e-05 -0.00070222503 0)
(4.1828702e-05 -0.00075517594 0)
(4.2208137e-05 -0.00080829355 0)
(4.2500226e-05 -0.00086144978 0)
(4.2715187e-05 -0.00091453072 0)
(4.2864283e-05 -0.00096743608 0)
(4.2964062e-05 -0.0010200764 0)
(4.3049508e-05 -0.001072363 0)
(4.3199152e-05 -0.0011241799 0)
(4.3524134e-05 -0.0011753357 0)
(4.3878887e-05 -0.0012256083 0)
(2.5805136e-05 -5.9963408e-05 0)
(3.0643619e-05 -8.5070691e-05 0)
(3.531255e-05 -0.00011421301 0)
(3.962654e-05 -0.0001468058 0)
(4.3554694e-05 -0.0001825188 0)
(4.7110685e-05 -0.00022104642 0)
(5.0314054e-05 -0.00026209249 0)
(5.3183417e-05 -0.00030537284 0)
(5.5736438e-05 -0.00035061699 0)
(5.799037e-05 -0.0003975686 0)
(5.9962339e-05 -0.00044598557 0)
(6.1669436e-05 -0.00049564006 0)
(6.3128749e-05 -0.00054631845 0)
(6.4357366e-05 -0.00059782139 0)
(6.5372374e-05 -0.00064996374 0)
(6.6190857e-05 -0.00070257462 0)
(6.6829885e-05 -0.00075549738 0)
(6.7306496e-05 -0.00080858964 0)
(6.7637662e-05 -0.00086172331 0)
(6.7840372e-05 -0.0009147848 0)
(6.7932451e-05 -0.00096767532 0)
(6.7936645e-05 -0.0010203111 0)
(6.789557e-05 -0.0010726189 0)
(6.7911204e-05 -0.0011245053 0)
(6.8176212e-05 -0.001175724 0)
(6.8552583e-05 -0.0012255395 0)
(3.5691692e-05 -6.1106996e-05 0)
(4.2753707e-05 -8.6419446e-05 0)
(4.9253805e-05 -0.00011553343 0)
(5.5188773e-05 -0.00014803916 0)
(6.057817e-05 -0.00018365848 0)
(6.5450208e-05 -0.00022209634 0)
(6.9830817e-05 -0.00026305751 0)
(7.3744612e-05 -0.00030625755 0)
(7.7215731e-05 -0.00035142572 0)
(8.0268158e-05 -0.0003983056 0)
(8.2925833e-05 -0.00044665508 0)
(8.5212684e-05 -0.00049624629 0)
(8.7152635e-05 -0.00054686563 0)
(8.8769612e-05 -0.00059831372 0)
(9.0087538e-05 -0.00065040545 0)
(9.1130336e-05 -0.00070296992 0)
(9.1921928e-05 -0.00075585048 0)
(9.2486225e-05 -0.00080890473 0)
(9.2847119e-05 -0.0008620046 0)
(9.302849e-05 -0.00091503668 0)
(9.305439e-05 -0.0009679033 0)
(9.2950268e-05 -0.0010205253 0)
(9.2749218e-05 -0.0010728454 0)
(9.2518058e-05 -0.0011248066 0)
(9.2430048e-05 -0.0011761377 0)
(9.2414939e-05 -0.0012252068 0)
(4.6401081e-05 -6.2890425e-05 0)
(5.5337455e-05 -8.8173384e-05 0)
(6.3555194e-05 -0.00011720846 0)
(7.1062356e-05 -0.00014958988 0)
(7.7891232e-05 -0.00018508558 0)
(8.4064347e-05 -0.00022340512 0)
(8.9608603e-05 -0.0002642537 0)
(9.4553445e-05 -0.00030734683 0)
(9.8929285e-05 -0.00035241374 0)
(0.00010276682 -0.00039919801 0)
(0.00010609682 -0.00044745749 0)
(0.00010895004 -0.00049696433 0)
(0.00011135724 -0.00054750492 0)
(0.00011334919 -0.0005988799 0)
(0.00011495665 -0.00065090413 0)
(0.00011621037 -0.00070340673 0)
(0.00011714114 -0.00075623105 0)
(0.00011777975 -0.00080923467 0)
(0.00011815709 -0.00086228955 0)
(0.00011830419 -0.00091528233 0)
(0.000118252 -0.00096811558 0)
(0.00011802947 -0.0010207113 0)
(0.00011765369 -0.0010730172 0)
(0.00011709152 -0.001124994 0)
(0.00011612233 -0.0011763958 0)
(0.00011418162 -0.0012243523 0)
(-6.3017393e-06 -4.1540149e-06 0)
(-1.7074739e-05 -1.2356906e-05 0)
(-2.7147435e-05 -2.5124023e-05 0)
(-3.6119518e-05 -4.1691309e-05 0)
(-3.8786228e-06 -2.293e-06 0)
(-1.2552405e-05 -1.0566809e-05 0)
(-2.0601241e-05 -2.3403531e-05 0)
(-2.8153567e-05 -4.0292509e-05 0)
(-2.5212765e-06 -1.2424304e-06 0)
(-8.5677712e-06 -9.2522733e-06 0)
(-1.431443e-05 -2.2099962e-05 0)
(-1.9636326e-05 -3.9056682e-05 0)
(-1.4677659e-06 -6.8462391e-07 0)
(-4.9711731e-06 -8.4638035e-06 0)
(-8.3374875e-06 -2.1307661e-05 0)
(-1.1451789e-05 -3.8298371e-05 0)
(-5.0824704e-07 -4.7674323e-07 0)
(-1.5755047e-06 -8.1782053e-06 0)
(-2.544892e-06 -2.1033015e-05 0)
(-3.4199827e-06 -3.8045534e-05 0)
(4.3105319e-07 -5.6513181e-07 0)
(1.7689276e-06 -8.3794478e-06 0)
(3.1989109e-06 -2.1280457e-05 0)
(4.5724702e-06 -3.8304843e-05 0)
(1.3998436e-06 -9.5784661e-07 0)
(5.2002295e-06 -9.074267e-06 0)
(9.0281739e-06 -2.2051272e-05 0)
(1.262851e-05 -3.9074795e-05 0)
(2.4840773e-06 -1.7277916e-06 0)
(8.8790808e-06 -1.0291477e-05 0)
(1.5079425e-05 -2.3342359e-05 0)
(2.0860203e-05 -4.0345023e-05 0)
(3.9415214e-06 -3.0492263e-06 0)
(1.3015621e-05 -1.2062292e-05 0)
(2.1474737e-05 -2.5145038e-05 0)
(2.944743e-05 -4.2081892e-05 0)
(6.7206012e-06 -5.3047449e-06 0)
(1.7778626e-05 -1.4321537e-05 0)
(2.8139822e-05 -2.7354451e-05 0)
(3.746494e-05 -4.3966822e-05 0)
(1.6454026e-05 1.4596056e-05 0)
(4.0220604e-05 4.5803471e-05 0)
(5.8928514e-05 8.7658177e-05 0)
(7.2738988e-05 0.00013818242 0)
(8.1957323e-05 0.00019472103 0)
(8.6947493e-05 0.00025463304 0)
(8.8101564e-05 0.00031548679 0)
(8.582062e-05 0.00037509153 0)
(8.0508221e-05 0.00043150091 0)
(7.2568498e-05 0.00048301257 0)
(6.2405677e-05 0.0005281676 0)
(5.0423977e-05 0.00056575037 0)
(3.7027604e-05 0.00059478836 0)
(2.2620753e-05 0.00061455223 0)
(7.607616e-06 0.00062455573 0)
(-7.607616e-06 0.00062455573 0)
(-2.2620753e-05 0.00061455223 0)
(-3.7027604e-05 0.00059478836 0)
(-5.0423977e-05 0.00056575037 0)
(-6.2405677e-05 0.0005281676 0)
(-7.2568498e-05 0.00048301257 0)
(-8.0508221e-05 0.00043150091 0)
(-8.582062e-05 0.00037509153 0)
(-8.8101564e-05 0.00031548679 0)
(-8.6947493e-05 0.00025463304 0)
(-8.1957323e-05 0.00019472103 0)
(-7.2738988e-05 0.00013818242 0)
(-5.8928514e-05 8.7658177e-05 0)
(-4.0220604e-05 4.5803471e-05 0)
(-1.6454026e-05 1.4596056e-05 0)
(8.5093173e-06 9.7584567e-06 0)
(2.6142601e-05 4.1598774e-05 0)
(3.9954357e-05 8.4330297e-05 0)
(5.0078791e-05 0.00013570714 0)
(5.684908e-05 0.00019302487 0)
(6.0579037e-05 0.00025364317 0)
(6.1564549e-05 0.00031513191 0)
(6.0095821e-05 0.00037530092 0)
(5.6461778e-05 0.00043220401 0)
(5.0951136e-05 0.00048413884 0)
(4.38526e-05 0.00052964651 0)
(3.545488e-05 0.00056751139 0)
(2.6046683e-05 0.00059676097 0)
(1.5916717e-05 0.00061666589 0)
(5.3536902e-06 0.00062673991 0)
(-5.3536902e-06 0.00062673991 0)
(-1.5916717e-05 0.00061666589 0)
(-2.6046683e-05 0.00059676097 0)
(-3.545488e-05 0.00056751139 0)
(-4.38526e-05 0.00052964651 0)
(-5.0951136e-05 0.00048413884 0)
(-5.6461778e-05 0.00043220401 0)
(-6.0095821e-05 0.00037530092 0)
(-6.1564549e-05 0.00031513191 0)
(-6.0579037e-05 0.00025364317 0)
(-5.684908e-05 0.00019302487 0)
(-5.0078791e-05 0.00013570714 0)
(-3.9954357e-05 8.4330297e-05 0)
(-2.6142601e-05 4.1598774e-05 0)
(-8.5093173e-06 9.7584567e-06 0)
(4.3441112e-06 7.3255181e-06 0)
(1.4615055e-05 3.8708088e-05 0)
(2.304977e-05 8.1961883e-05 0)
(2.9251401e-05 0.00013392414 0)
(3.3402031e-05 0.00019177309 0)
(3.5712589e-05 0.00025286644 0)
(3.6371798e-05 0.00031477969 0)
(3.5557373e-05 0.00037532516 0)
(3.3443586e-05 0.00043255742 0)
(3.0203853e-05 0.00048477436 0)
(2.601141e-05 0.00053051712 0)
(2.1039471e-05 0.00056857006 0)
(1.5461253e-05 0.00059796069 0)
(9.4499758e-06 0.00061795965 0)
(3.1788626e-06 0.00062808069 0)
(-3.1788626e-06 0.00062808069 0)
(-9.4499758e-06 0.00061795965 0)
(-1.5461253e-05 0.00059796069 0)
(-2.1039471e-05 0.00056857006 0)
(-2.601141e-05 0.00053051712 0)
(-3.0203853e-05 0.00048477436 0)
(-3.3443586e-05 0.00043255742 0)
(-3.5557373e-05 0.00037532516 0)
(-3.6371798e-05 0.00031477969 0)
(-3.5712589e-05 0.00025286644 0)
(-3.3402031e-05 0.00019177309 0)
(-2.9251401e-05 0.00013392414 0)
(-2.304977e-05 8.1961883e-05 0)
(-1.4615055e-05 3.8708088e-05 0)
(-4.3441112e-06 7.3255181e-06 0)
(1.2758371e-06 6.2554591e-06 0)
(4.5924812e-06 3.7196803e-05 0)
(7.4363416e-06 8.064229e-05 0)
(9.5451935e-06 0.00013289601 0)
(1.0957527e-05 0.00019101592 0)
(1.1748456e-05 0.00025234963 0)
(1.1985685e-05 0.00031447616 0)
(1.1730673e-05 0.00037521016 0)
(1.1042303e-05 0.00043260709 0)
(9.9785983e-06 0.00048496509 0)
(8.597344e-06 0.00053082539 0)
(6.9562735e-06 0.00056897236 0)
(5.1131174e-06 0.00059843352 0)
(3.1256113e-06 0.00061847949 0)
(1.0514939e-06 0.00062862404 0)
(-1.0514939e-06 0.00062862404 0)
(-3.1256113e-06 0.00061847949 0)
(-5.1131174e-06 0.00059843352 0)
(-6.9562735e-06 0.00056897236 0)
(-8.597344e-06 0.00053082539 0)
(-9.9785983e-06 0.00048496509 0)
(-1.1042303e-05 0.00043260709 0)
(-1.1730673e-05 0.00037521016 0)
(-1.1985685e-05 0.00031447616 0)
(-1.1748456e-05 0.00025234963 0)
(-1.0957527e-05 0.00019101592 0)
(-9.5451935e-06 0.00013289601 0)
(-7.4363416e-06 8.064229e-05 0)
(-4.5924812e-06 3.7196803e-05 0)
(-1.2758371e-06 6.2554591e-06 0)
(-1.5394018e-06 6.155237e-06 0)
(-4.9424226e-06 3.699122e-05 0)
(-7.7304245e-06 8.0406528e-05 0)
(-9.7781427e-06 0.00013265784 0)
(-1.1149666e-05 0.0001907808 0)
(-1.1914141e-05 0.00025211688 0)
(-1.2131462e-05 0.00031424455 0)
(-1.1858816e-05 0.00037497896 0)
(-1.1153381e-05 0.000432376 0)
(-1.0072665e-05 0.00048473401 0)
(-8.674354e-06 0.0005305943 0)
(-7.0161892e-06 0.00056874126 0)
(-5.1559203e-06 0.00059820242 0)
(-3.1512943e-06 0.00061824839 0)
(-1.0600551e-06 0.00062839294 0)
(1.0600551e-06 0.00062839294 0)
(3.1512943e-06 0.00061824839 0)
(5.1559203e-06 0.00059820242 0)
(7.0161892e-06 0.00056874126 0)
(8.674354e-06 0.0005305943 0)
(1.0072665e-05 0.00048473401 0)
(1.1153381e-05 0.000432376 0)
(1.1858816e-05 0.00037497896 0)
(1.2131462e-05 0.00031424455 0)
(1.1914141e-05 0.00025211688 0)
(1.1149666e-05 0.0001907808 0)
(9.7781427e-06 0.00013265784 0)
(7.7304245e-06 8.0406528e-05 0)
(4.9424226e-06 3.699122e-05 0)
(1.5394018e-06 6.155237e-06 0)
(-4.5873871e-06 7.0131888e-06 0)
(-1.4920047e-05 3.808548e-05 0)
(-2.3311638e-05 8.1255337e-05 0)
(-2.9469205e-05 0.00013321157 0)
(-3.3588853e-05 0.00019106895 0)
(-3.5876951e-05 0.00025216872 0)
(-3.6517465e-05 0.00031408501 0)
(-3.5685632e-05 0.00037463157 0)
(-3.3554757e-05 0.00043186413 0)
(-3.0297964e-05 0.00048408111 0)
(-2.6088436e-05 0.00052982385 0)
(-2.1099391e-05 0.00056787677 0)
(-1.5504056e-05 0.0005972674 0)
(-9.4756587e-06 0.00061726635 0)
(-3.1874237e-06 0.00062738739 0)
(3.1874237e-06 0.00062738739 0)
(9.4756587e-06 0.00061726635 0)
(1.5504056e-05 0.0005972674 0)
(2.1099391e-05 0.00056787677 0)
(2.6088436e-05 0.00052982385 0)
(3.0297964e-05 0.00048408111 0)
(3.3554757e-05 0.00043186413 0)
(3.5685632e-05 0.00037463157 0)
(3.6517465e-05 0.00031408501 0)
(3.5876951e-05 0.00025216872 0)
(3.3588853e-05 0.00019106895 0)
(2.9469205e-05 0.00013321157 0)
(2.3311638e-05 8.1255337e-05 0)
(1.4920047e-05 3.808548e-05 0)
(4.5873871e-06 7.0131888e-06 0)
(-8.6778743e-06 9.1931958e-06 0)
(-2.6345179e-05 4.0544821e-05 0)
(-4.015664e-05 8.3157065e-05 0)
(-5.0271915e-05 0.00013452591 0)
(-5.7028144e-05 0.00019185497 0)
(-6.0741795e-05 0.0002524818 0)
(-6.171026e-05 0.00031397457 0)
(-6.0224338e-05 0.00037414504 0)
(-5.6573113e-05 0.00043104852 0)
(-5.104532e-05 0.0004829834 0)
(-4.3929652e-05 0.00052849105 0)
(-3.5514806e-05 0.0005663559 0)
(-2.6089487e-05 0.00059560547 0)
(-1.5942399e-05 0.00061551039 0)
(-5.362251e-06 0.00062558441 0)
(5.362251e-06 0.00062558441 0)
(1.5942399e-05 0.00061551039 0)
(2.6089487e-05 0.00059560547 0)
(3.5514806e-05 0.0005663559 0)
(4.3929652e-05 0.00052849105 0)
(5.104532e-05 0.0004829834 0)
(5.6573113e-05 0.00043104852 0)
(6.0224338e-05 0.00037414504 0)
(6.171026e-05 0.00031397457 0)
(6.0741795e-05 0.0002524818 0)
(5.7028144e-05 0.00019185497 0)
(5.0271915e-05 0.00013452591 0)
(4.015664e-05 8.3157065e-05 0)
(2.6345179e-05 4.0544821e-05 0)
(8.6778743e-06 9.1931958e-06 0)
(-1.6351414e-05 1.3683975e-05 0)
(-4.0252386e-05 4.4312663e-05 0)
(-5.9060271e-05 8.6030247e-05 0)
(-7.2909488e-05 0.00013654122 0)
(-8.2131222e-05 0.00019308939 0)
(-8.7109989e-05 0.00025300946 0)
(-8.8247825e-05 0.00031386717 0)
(-8.5949537e-05 0.00037347339 0)
(-8.0619743e-05 0.00042988319 0)
(-7.2662749e-05 0.00048139492 0)
(-6.2482746e-05 0.00052654994 0)
(-5.0483906e-05 0.00056413268 0)
(-3.7070407e-05 0.00059317067 0)
(-2.2646434e-05 0.00061293453 0)
(-7.6161765e-06 0.00062293803 0)
(7.6161765e-06 0.00062293803 0)
(2.2646434e-05 0.00061293453 0)
(3.7070407e-05 0.00059317067 0)
(5.0483906e-05 0.00056413268 0)
(6.2482746e-05 0.00052654994 0)
(7.2662749e-05 0.00048139492 0)
(8.0619743e-05 0.00042988319 0)
(8.5949537e-05 0.00037347339 0)
(8.8247825e-05 0.00031386717 0)
(8.7109989e-05 0.00025300946 0)
(8.2131222e-05 0.00019308939 0)
(7.2909488e-05 0.00013654122 0)
(5.9060271e-05 8.6030247e-05 0)
(4.0252386e-05 4.4312663e-05 0)
(1.6351414e-05 1.3683975e-05 0)
(2.7383304e-06 -1.0646398e-06 0)
(2.2152952e-06 -1.0647608e-06 0)
(2.7165478e-06 -7.2217044e-07 0)
(2.2263093e-06 -7.1475444e-07 0)
(2.0134007e-06 -1.0264876e-06 0)
(1.9661282e-06 -7.5021668e-07 0)
(1.9549586e-06 -7.7978578e-07 0)
(2.3934458e-06 -7.58777e-07 0)
(3.1257536e-06 -7.5830435e-07 0)
(4.0579911e-06 -7.5847775e-07 0)
(5.1226231e-06 1.4773442e-07 0)
(6.2179312e-06 2.0453758e-07 0)
(7.3347135e-06 2.3047974e-07 0)
(8.4642472e-06 2.3320067e-07 0)
(9.5750679e-06 2.2404391e-07 0)
(1.0644043e-05 2.0698143e-07 0)
(1.1656312e-05 1.8427713e-07 0)
(1.260101e-05 1.5714758e-07 0)
(1.3469661e-05 1.2637682e-07 0)
(1.425534e-05 9.2542881e-08 0)
(1.4952282e-05 5.613033e-08 0)
(1.5555703e-05 1.7580358e-08 0)
(1.6061707e-05 -2.2685895e-08 0)
(1.6467248e-05 -6.4256612e-08 0)
(1.6770109e-05 -1.0672431e-07 0)
(1.6968892e-05 -1.4968353e-07 0)
(1.7063015e-05 -1.9272978e-07 0)
(1.7052708e-05 -2.3545898e-07 0)
(1.6939013e-05 -2.7746729e-07 0)
(1.6723785e-05 -3.1835096e-07 0)
(1.6409689e-05 -3.5770627e-07 0)
(1.6000201e-05 -3.9512954e-07 0)
(1.5499608e-05 -4.3021711e-07 0)
(1.491301e-05 -4.6256531e-07 0)
(1.4246316e-05 -4.9177048e-07 0)
(1.3506247e-05 -5.1742898e-07 0)
(1.2700334e-05 -5.3913717e-07 0)
(1.1836922e-05 -5.5649143e-07 0)
(1.0925162e-05 -5.690882e-07 0)
(9.9750199e-06 -5.7652401e-07 0)
(8.9972695e-06 -5.783956e-07 0)
(8.0034944e-06 -5.7430015e-07 0)
(7.0060847e-06 -5.6383575e-07 0)
(6.018233e-06 -5.4660244e-07 0)
(5.0539243e-06 -5.2220436e-07 0)
(4.1279158e-06 -4.9025438e-07 0)
(3.255694e-06 -4.5038391e-07 0)
(2.4533842e-06 -4.022637e-07 0)
(1.7375617e-06 -3.4564869e-07 0)
(1.1248507e-06 -2.8047128e-07 0)
(6.3109712e-07 -2.0705781e-07 0)
(2.695243e-07 -1.2648689e-07 0)
(4.7385151e-08 -4.2040854e-08 0)
(5.2402249e-06 -8.9559331e-07 0)
(6.2116917e-06 -9.1570254e-07 0)
(7.3222224e-06 -9.0237869e-07 0)
(8.4554324e-06 -8.8171804e-07 0)
(9.5673301e-06 -8.527729e-07 0)
(1.0636852e-05 -8.179044e-07 0)
(1.1649333e-05 -7.7813672e-07 0)
(1.2594122e-05 -7.3426589e-07 0)
(1.3462811e-05 -6.8688548e-07 0)
(1.4248505e-05 -6.3649698e-07 0)
(1.4945453e-05 -5.8355269e-07 0)
(1.5548877e-05 -5.2848049e-07 0)
(1.6054882e-05 -4.7169594e-07 0)
(1.6460424e-05 -4.1360857e-07 0)
(1.6763285e-05 -3.546249e-07 0)
(1.6962068e-05 -2.9514998e-07 0)
(1.7056191e-05 -2.3558815e-07 0)
(1.7045884e-05 -1.7634342e-07 0)
(1.693219e-05 -1.1781959e-07 0)
(1.6716961e-05 -6.0420414e-08 0)
(1.6402865e-05 -4.5495878e-09 0)
(1.5993377e-05 4.9389208e-08 0)
(1.5492784e-05 1.009923e-07 0)
(1.4906186e-05 1.4985604e-07 0)
(1.4239492e-05 1.9557675e-07 0)
(1.3499423e-05 2.3775079e-07 0)
(1.269351e-05 2.7597452e-07 0)
(1.1830098e-05 3.0984432e-07 0)
(1.0918338e-05 3.3895662e-07 0)
(9.968196e-06 3.6290794e-07 0)
(8.9904457e-06 3.8129499e-07 0)
(7.9966706e-06 3.9371487e-07 0)
(6.9992611e-06 3.9976549e-07 0)
(6.0114099e-06 3.9904651e-07 0)
(5.0471023e-06 3.9116108e-07 0)
(4.1210966e-06 3.7571975e-07 0)
(3.2488813e-06 3.5234828e-07 0)
(2.4465873e-06 3.207039e-07 0)
(1.7308027e-06 2.8050902e-07 0)
(1.1181827e-06 2.3161744e-07 0)
(6.2465043e-07 1.7416841e-07 0)
(2.6360817e-07 1.0877877e-07 0)
(4.3042694e-08 3.7693259e-08 0)
(-2.7374641e-06 -1.0646434e-06 0)
(-2.2144321e-06 -1.0647641e-06 0)
(-2.7156814e-06 -7.2217763e-07 0)
(-2.2254461e-06 -7.1476219e-07 0)
(-2.0125424e-06 -1.0264905e-06 0)
(-1.9652681e-06 -7.5022473e-07 0)
(-1.9541056e-06 -7.7979325e-07 0)
(-2.3926032e-06 -7.5878445e-07 0)
(-3.124925e-06 -7.5831199e-07 0)
(-4.0571793e-06 -7.5848563e-07 0)
(-5.1218312e-06 1.4774431e-07 0)
(-6.2171611e-06 2.045487e-07 0)
(-7.3339665e-06 2.3049161e-07 0)
(-8.4635245e-06 2.3321292e-07 0)
(-9.5743702e-06 2.240564e-07 0)
(-1.064337e-05 2.0699406e-07 0)
(-1.1655665e-05 1.8428986e-07 0)
(-1.2600389e-05 1.5716037e-07 0)
(-1.3469066e-05 1.2638963e-07 0)
(-1.4254771e-05 9.2555694e-08 0)
(-1.4951739e-05 5.6143121e-08 0)
(-1.5555186e-05 1.7593102e-08 0)
(-1.6061215e-05 -2.2673222e-08 0)
(-1.6466782e-05 -6.4244032e-08 0)
(-1.6769669e-05 -1.0671185e-07 0)
(-1.6968477e-05 -1.4967121e-07 0)
(-1.7062624e-05 -1.9271762e-07 0)
(-1.7052342e-05 -2.3544701e-07 0)
(-1.6938671e-05 -2.7745553e-07 0)
(-1.6723466e-05 -3.1833942e-07 0)
(-1.6409393e-05 -3.5769499e-07 0)
(-1.5999927e-05 -3.9511854e-07 0)
(-1.5499357e-05 -4.3020641e-07 0)
(-1.491278e-05 -4.6255494e-07 0)
(-1.4246107e-05 -4.9176046e-07 0)
(-1.3506057e-05 -5.1741933e-07 0)
(-1.2700164e-05 -5.3912791e-07 0)
(-1.183677e-05 -5.5648259e-07 0)
(-1.0925028e-05 -5.6907979e-07 0)
(-9.9749026e-06 -5.7651606e-07 0)
(-8.9971681e-06 -5.7838813e-07 0)
(-8.0034077e-06 -5.7429318e-07 0)
(-7.0060118e-06 -5.638293e-07 0)
(-6.0181728e-06 -5.4659653e-07 0)
(-5.0538758e-06 -5.2219901e-07 0)
(-4.1278778e-06 -4.9024961e-07 0)
(-3.2556652e-06 -4.5037974e-07 0)
(-2.4533635e-06 -4.0226015e-07 0)
(-1.7375477e-06 -3.4564578e-07 0)
(-1.1248421e-06 -2.8046902e-07 0)
(-6.3109261e-07 -2.0705622e-07 0)
(-2.6952255e-07 -1.2648596e-07 0)
(-4.738491e-08 -4.2040567e-08 0)
(-5.2394355e-06 -8.9560432e-07 0)
(-6.2109217e-06 -9.1571449e-07 0)
(-7.3214753e-06 -9.0239097e-07 0)
(-8.4547096e-06 -8.8173059e-07 0)
(-9.5666323e-06 -8.5278562e-07 0)
(-1.063618e-05 -8.1791722e-07 0)
(-1.1648687e-05 -7.7814961e-07 0)
(-1.2593501e-05 -7.3427882e-07 0)
(-1.3462216e-05 -6.8689842e-07 0)
(-1.4247936e-05 -6.365099e-07 0)
(-1.4944911e-05 -5.8356557e-07 0)
(-1.554836e-05 -5.2849331e-07 0)
(-1.6054391e-05 -4.7170868e-07 0)
(-1.6459958e-05 -4.1362121e-07 0)
(-1.6762845e-05 -3.5463742e-07 0)
(-1.6961653e-05 -2.9516236e-07 0)
(-1.7055801e-05 -2.3560037e-07 0)
(-1.7045518e-05 -1.7635544e-07 0)
(-1.6931847e-05 -1.1783141e-07 0)
(-1.6716643e-05 -6.0432001e-08 0)
(-1.6402569e-05 -4.5609252e-09 0)
(-1.5993103e-05 4.937814e-08 0)
(-1.5492533e-05 1.0098153e-07 0)
(-1.4905956e-05 1.4984557e-07 0)
(-1.4239283e-05 1.9556661e-07 0)
(-1.3499234e-05 2.3774101e-07 0)
(-1.269334e-05 2.7596511e-07 0)
(-1.1829946e-05 3.0983531e-07 0)
(-1.0918204e-05 3.3894803e-07 0)
(-9.9680787e-06 3.6289979e-07 0)
(-8.9903442e-06 3.8128731e-07 0)
(-7.9965839e-06 3.9370768e-07 0)
(-6.9991882e-06 3.9975882e-07 0)
(-6.0113497e-06 3.9904038e-07 0)
(-5.0470538e-06 3.9115552e-07 0)
(-4.1210585e-06 3.7571478e-07 0)
(-3.2488525e-06 3.5234394e-07 0)
(-2.4465665e-06 3.207002e-07 0)
(-1.7307887e-06 2.8050598e-07 0)
(-1.1181741e-06 2.3161509e-07 0)
(-6.246459e-07 1.7416675e-07 0)
(-2.636064e-07 1.0877781e-07 0)
(-4.3042444e-08 3.7692963e-08 0)
(1.762308e-07 2.1698684e-07 0)
(4.2353557e-07 1.5637427e-06 0)
(6.4064135e-07 3.8162237e-06 0)
(8.2127922e-07 6.8489629e-06 0)
(9.6650319e-07 1.0524783e-05 0)
(1.0779601e-06 1.4707226e-05 0)
(1.1575804e-06 1.926571e-05 0)
(1.2073809e-06 2.4077122e-05 0)
(1.2294066e-06 2.9026338e-05 0)
(1.2257111e-06 3.4006387e-05 0)
(1.1983514e-06 3.8918504e-05 0)
(1.1493849e-06 4.3672149e-05 0)
(1.0808696e-06 4.8185013e-05 0)
(9.9486328e-07 5.2383017e-05 0)
(8.934238e-07 5.6200311e-05 0)
(7.7860897e-07 5.9579279e-05 0)
(6.5247661e-07 6.2470536e-05 0)
(5.1708449e-07 6.4832926e-05 0)
(3.7449036e-07 6.6633527e-05 0)
(2.2675198e-07 6.7847645e-05 0)
(7.5927038e-08 6.845882e-05 0)
(-7.5926763e-08 6.845882e-05 0)
(-2.2675174e-07 6.7847645e-05 0)
(-3.7449019e-07 6.6633527e-05 0)
(-5.1708437e-07 6.4832926e-05 0)
(-6.5247655e-07 6.2470536e-05 0)
(-7.7860893e-07 5.9579279e-05 0)
(-8.9342374e-07 5.6200311e-05 0)
(-9.9486319e-07 5.2383017e-05 0)
(-1.0808695e-06 4.8185013e-05 0)
(-1.1493848e-06 4.3672149e-05 0)
(-1.1983512e-06 3.8918504e-05 0)
(-1.225711e-06 3.4006387e-05 0)
(-1.2294064e-06 2.9026338e-05 0)
(-1.2073808e-06 2.4077122e-05 0)
(-1.1575803e-06 1.926571e-05 0)
(-1.0779601e-06 1.4707226e-05 0)
(-9.6650319e-07 1.0524783e-05 0)
(-8.2127923e-07 6.8489629e-06 0)
(-6.4064136e-07 3.8162236e-06 0)
(-4.2353557e-07 1.5637427e-06 0)
(-1.7623081e-07 2.1698685e-07 0)
(-1.7633556e-07 2.1691637e-07 0)
(-4.2368414e-07 1.5636492e-06 0)
(-6.4079912e-07 3.8161254e-06 0)
(-8.2143382e-07 6.848863e-06 0)
(-9.6665067e-07 1.0524682e-05 0)
(-1.0780992e-06 1.4707125e-05 0)
(-1.1577106e-06 1.9265609e-05 0)
(-1.2075022e-06 2.4077022e-05 0)
(-1.2295188e-06 2.9026238e-05 0)
(-1.2258144e-06 3.4006286e-05 0)
(-1.1984457e-06 3.8918403e-05 0)
(-1.1494702e-06 4.3672049e-05 0)
(-1.0809459e-06 4.8184913e-05 0)
(-9.9493064e-07 5.2382916e-05 0)
(-8.934822e-07 5.620021e-05 0)
(-7.7865839e-07 5.9579179e-05 0)
(-6.5251702e-07 6.2470435e-05 0)
(-5.1711585e-07 6.4832826e-05 0)
(-3.7451267e-07 6.6633426e-05 0)
(-2.2676523e-07 6.7847545e-05 0)
(-7.593126e-08 6.8458719e-05 0)
(7.593153e-08 6.8458719e-05 0)
(2.2676546e-07 6.7847545e-05 0)
(3.7451283e-07 6.6633426e-05 0)
(5.1711595e-07 6.4832826e-05 0)
(6.5251707e-07 6.2470435e-05 0)
(7.7865844e-07 5.9579179e-05 0)
(8.9348226e-07 5.620021e-05 0)
(9.9493074e-07 5.2382916e-05 0)
(1.0809461e-06 4.8184913e-05 0)
(1.1494704e-06 4.3672049e-05 0)
(1.1984458e-06 3.8918403e-05 0)
(1.2258145e-06 3.4006286e-05 0)
(1.2295189e-06 2.9026238e-05 0)
(1.2075023e-06 2.4077022e-05 0)
(1.1577107e-06 1.9265609e-05 0)
(1.0780992e-06 1.4707125e-05 0)
(9.6665068e-07 1.0524682e-05 0)
(8.2143382e-07 6.848863e-06 0)
(6.4079912e-07 3.8161254e-06 0)
(4.2368413e-07 1.5636492e-06 0)
(1.7633556e-07 2.1691637e-07 0)
)
;

boundaryField
{
    cornea_bottom
    {
        type            solidTraction;
        nonOrthogonalCorrections true;
        useUndeformedArea false;
        traction        uniform (0 0 0);
        pressure        uniform 0;
        secondOrder     false;
        extrapolateValue false;
        setEffectiveTraction false;
        relaxationFactor 1;
        value           nonuniform List<vector> 
40
(
(-5.3316714e-06 -3.528261e-06 0)
(-8.2468723e-06 -1.284687e-05 0)
(-1.0666427e-05 -2.7648065e-05 0)
(-1.2617819e-05 -4.7039264e-05 0)
(-1.4119882e-05 -7.0109144e-05 0)
(-1.519775e-05 -9.5987061e-05 0)
(-1.5878102e-05 -0.00012385219 0)
(-1.6188136e-05 -0.00015293697 0)
(-1.6155215e-05 -0.00018252824 0)
(-1.5806755e-05 -0.00021196752 0)
(-1.5170191e-05 -0.00024065119 0)
(-1.4272961e-05 -0.00026803048 0)
(-1.3142503e-05 -0.00029361149 -4.7573918e-21)
(-1.1806257e-05 -0.00031695521 7.5859459e-22)
(-1.0291663e-05 -0.0003376775 1.7525112e-21)
(-8.6261584e-06 -0.00035544911 -2.6919388e-37)
(-6.8371826e-06 -0.00036999566 1.3990648e-53)
(-4.9521737e-06 -0.00038109763 -7.6682435e-71)
(-2.9985697e-06 -0.00038859041 -2.0041248e-85)
(-1.0038087e-06 -0.00039236424 0)
(1.0046713e-06 -0.00039236424 3.4872598e-70)
(2.9994325e-06 -0.00038859041 7.5870426e-54)
(4.953037e-06 -0.00038109764 6.0692939e-39)
(6.8380465e-06 -0.00036999567 -2.2415518e-21)
(8.6270228e-06 -0.00035544912 -1.7519972e-21)
(1.0292528e-05 -0.00033767751 2.9715562e-21)
(1.1807122e-05 -0.00031695521 3.0791802e-21)
(1.3143368e-05 -0.00029361149 0)
(1.4273826e-05 -0.00026803047 0)
(1.5171057e-05 -0.00024065118 0)
(1.580762e-05 -0.00021196751 0)
(1.6156079e-05 -0.00018252823 0)
(1.6189e-05 -0.00015293696 0)
(1.5878965e-05 -0.00012385218 0)
(1.5198613e-05 -9.5987058e-05 0)
(1.4120745e-05 -7.0109145e-05 0)
(1.2618682e-05 -4.7039267e-05 -6.6814555e-22)
(1.0667291e-05 -2.7648069e-05 -7.7399556e-22)
(8.2477376e-06 -1.2846873e-05 -1.0437714e-22)
(5.3325377e-06 -3.5282608e-06 0)
)
;
        gradient        nonuniform List<vector> 
40
(
(-0.0059383373 -0.0023897068 0)
(-0.012059902 -0.0021823999 0)
(-0.017096197 -0.0017881146 0)
(-0.021230539 -0.0014127773 0)
(-0.024473897 -0.0010554267 0)
(-0.026871519 -0.00071927211 0)
(-0.028474953 -0.00040515772 0)
(-0.029338024 -0.00011336409 0)
(-0.029515273 0.00015601939 0)
(-0.029061474 0.00040296422 0)
(-0.028031475 0.00062746154 0)
(-0.026480145 0.0008295089 0)
(-0.024462363 0.0010091059 -1.9029567e-17)
(-0.022033005 0.0011662526 3.0343784e-18)
(-0.019246951 0.0013009494 7.010045e-18)
(-0.016159076 0.0014131965 -2.7488428e-33)
(-0.012824259 0.0015029938 -5.2514616e-50)
(-0.0092973753 0.0015703417 -5.6585892e-66)
(-0.0056333017 0.0016152401 -5.3550067e-82)
(-0.0018869143 0.0016376894 0)
(0.0018869112 0.0016376894 -2.0732451e-67)
(0.0056332991 0.0016152404 6.8755425e-51)
(0.0092973735 0.001570342 -1.0450528e-33)
(0.012824258 0.0015029943 -8.9662072e-18)
(0.016159077 0.001413197 -7.0079889e-18)
(0.019246953 0.00130095 1.1886225e-17)
(0.022033009 0.001166253 1.2316721e-17)
(0.024462366 0.001009106 0)
(0.026480149 0.00082950876 0)
(0.028031477 0.00062746114 0)
(0.029061476 0.00040296364 0)
(0.029515273 0.00015601876 0)
(0.029338023 -0.00011336463 0)
(0.028474951 -0.00040515804 0)
(0.026871516 -0.00071927212 0)
(0.024473894 -0.0010554264 0)
(0.021230537 -0.0014127766 -2.6725822e-18)
(0.017096197 -0.0017881137 -3.0959822e-18)
(0.012059904 -0.0021823991 -4.1750857e-19)
(0.0059383401 -0.0023897067 0)
)
;
    }
    cornea_top
    {
        type            solidTraction;
        nonOrthogonalCorrections true;
        useUndeformedArea false;
        traction        uniform (0 0 0);
        pressure        uniform 1000;
        secondOrder     false;
        extrapolateValue false;
        setEffectiveTraction false;
        relaxationFactor 1;
        value           nonuniform List<vector> 
40
(
(4.7640106e-07 -3.5943873e-06 0)
(3.5949913e-06 -1.2939303e-05 0)
(6.2510607e-06 -2.7748807e-05 0)
(8.4499981e-06 -4.7142708e-05 0)
(1.0203159e-05 -7.0213462e-05 0)
(1.1533277e-05 -9.6091662e-05 0)
(1.2466251e-05 -0.00012395688 0)
(1.3029027e-05 -0.00015304169 0)
(1.3248888e-05 -0.00018263297 0)
(1.3153222e-05 -0.00021207226 0)
(1.2769456e-05 -0.00024075593 0)
(1.2125025e-05 -0.00026813521 0)
(1.1247367e-05 -0.00029371622 0)
(1.0163921e-05 -0.00031705994 0)
(8.9021267e-06 -0.00033778224 0)
(7.4894223e-06 -0.00035555385 0)
(5.9532464e-06 -0.00037010039 0)
(4.3210375e-06 -0.00038120237 0)
(2.6202335e-06 -0.00038869515 0)
(8.7827273e-07 -0.00039246897 0)
(-8.774071e-07 -0.00039246898 0)
(-2.6193681e-06 -0.00038869515 0)
(-4.3201725e-06 -0.00038120238 0)
(-5.9523821e-06 -0.0003701004 0)
(-7.4885587e-06 -0.00035555386 0)
(-8.9012638e-06 -0.00033778224 0)
(-1.0163059e-05 -0.00031705995 0)
(-1.1246505e-05 -0.00029371622 0)
(-1.2124163e-05 -0.00026813521 0)
(-1.2768593e-05 -0.00024075592 0)
(-1.3152359e-05 -0.00021207225 0)
(-1.3248023e-05 -0.00018263296 0)
(-1.3028162e-05 -0.00015304168 0)
(-1.2465386e-05 -0.00012395687 0)
(-1.1532411e-05 -9.6091659e-05 0)
(-1.0202294e-05 -7.0213462e-05 0)
(-8.4491331e-06 -4.7142711e-05 0)
(-6.2501968e-06 -2.7748811e-05 0)
(-3.5941286e-06 -1.2939306e-05 0)
(-4.7553916e-07 -3.5943873e-06 0)
)
;
        gradient        nonuniform List<vector> 
40
(
(0.0059866608 -0.0025112419 0)
(0.01207721 -0.0023649971 0)
(0.017101702 -0.0019887754 0)
(0.021232327 -0.0016194038 0)
(0.024474476 -0.0012639777 0)
(0.026871706 -0.00092844652 0)
(0.028475014 -0.00061453404 0)
(0.029338044 -0.00032280582 0)
(0.029515279 -5.3443467e-05 0)
(0.029061476 0.00019349464 0)
(0.028031475 0.00041798992 0)
(0.026480146 0.00062003669 0)
(0.024462363 0.00079963345 0)
(0.022033005 0.00095678006 0)
(0.019246951 0.0010914767 0)
(0.016159076 0.0012037236 0)
(0.012824259 0.001293521 0)
(0.0092973753 0.0013608689 0)
(0.0056333017 0.0014057674 0)
(0.0018869143 0.0014282168 0)
(-0.0018869112 0.0014282169 0)
(-0.0056332991 0.0014057678 0)
(-0.0092973735 0.0013608694 0)
(-0.012824258 0.0012935215 0)
(-0.016159077 0.0012037241 0)
(-0.019246953 0.0010914771 0)
(-0.022033009 0.00095678023 0)
(-0.024462366 0.00079963343 0)
(-0.026480149 0.00062003649 0)
(-0.028031478 0.00041798956 0)
(-0.029061478 0.00019349416 0)
(-0.029515279 -5.3444033e-05 0)
(-0.029338042 -0.00032280638 0)
(-0.028475011 -0.00061453445 0)
(-0.026871703 -0.00092844664 0)
(-0.024474473 -0.0012639774 0)
(-0.021232325 -0.0016194032 0)
(-0.017101702 -0.0019887745 0)
(-0.012077212 -0.0023649963 0)
(-0.005986663 -0.002511242 0)
)
;
    }
    iris_pupil
    {
        type            solidTraction;
        nonOrthogonalCorrections true;
        useUndeformedArea false;
        traction        uniform (0 0 0);
        pressure        uniform 0;
        secondOrder     false;
        extrapolateValue false;
        setEffectiveTraction false;
        relaxationFactor 1;
        value           nonuniform List<vector> 10((9.6131942e-05 -0.0012384846 0) (7.7271945e-05 -0.0012451353 0) (5.4534222e-05 -0.001248669 0) (3.0475938e-05 -0.0012502269 0) (5.832609e-06 -0.001250987 0) (-1.8939186e-05 -0.0012512343 0) (-4.3578987e-05 -0.0012509668 0) (-6.7627468e-05 -0.0012498907 0) (-9.0333365e-05 -0.0012468223 0) (-0.00010912909 -0.0012405653 0));
        gradient        nonuniform List<vector> 10((-0.020887577 -0.065431399 0) (-0.0090931366 -0.086661917 0) (-0.0045460903 -0.097491682 0) (-0.0020697105 -0.10146169 0) (-0.00089945603 -0.10294817 0) (1.8103927e-05 -0.10294083 0) (0.0011995902 -0.10143392 0) (0.0037004506 -0.097404955 0) (0.0083262852 -0.08646172 0) (0.020210086 -0.064851818 0));
    }
    iris_bottom
    {
        type            solidTraction;
        nonOrthogonalCorrections true;
        useUndeformedArea false;
        traction        uniform (0 0 0);
        pressure        uniform 1000;
        secondOrder     false;
        extrapolateValue false;
        setEffectiveTraction false;
        relaxationFactor 1;
        value           nonuniform List<vector> 
26
(
(0.00010922583 -0.0012210115 0)
(0.00011553874 -0.0011736144 0)
(0.00011748792 -0.0011224784 0)
(0.00011863233 -0.0010705586 0)
(0.0001195343 -0.0010182759 0)
(0.00012026866 -0.0009656994 0)
(0.00012081642 -0.00091288754 4.1644614e-21)
(0.0001211437 -0.00085991942 5.3104412e-21)
(0.00012121539 -0.00080689266 -9.3698731e-22)
(0.0001209968 -0.00075392066 3.7694426e-36)
(0.00012045358 -0.00070113149 -2.7846548e-21)
(0.00011955151 -0.00064866755 -5.386149e-22)
(0.00011825639 -0.0005966855 9.1644494e-37)
(0.00011653406 -0.00054535622 1.5705391e-36)
(0.00011435033 -0.00049486485 -5.7089957e-22)
(0.00011167103 -0.00044541074 -3.2069993e-21)
(0.00010846198 -0.00039720753 -2.1813608e-23)
(0.00010468899 -0.00035048307 1.3413934e-37)
(0.00010031792 -0.0003054795 -1.6453693e-52)
(9.5314727e-05 -0.00026245321 1.1556591e-67)
(8.964582e-05 -0.00022167476 3.2835673e-83)
(8.327921e-05 -0.00018342795 0)
(7.6187424e-05 -0.00014800601 0)
(6.834956e-05 -0.0001156983 0)
(5.9716952e-05 -8.6779985e-05 0)
(4.9384663e-05 -6.1650931e-05 -4.5431005e-22)
)
;
        gradient        nonuniform List<vector> 
26
(
(0.06559996 0.0092944051 0)
(0.098533115 0.0042837534 0)
(0.10305583 0.0020686826 0)
(0.10420248 0.0016198769 0)
(0.10485916 0.0014441406 0)
(0.10538833 0.0012923358 0)
(0.10577998 0.0011178763 3.4703845e-17)
(0.10599488 0.00091384514 4.4253677e-17)
(0.10599876 0.00067989803 -7.8082276e-18)
(0.10576117 0.00041636658 1.2715067e-32)
(0.1052531 0.00012344498 -2.3205457e-17)
(0.10444599 -0.00019879532 -4.4884575e-18)
(0.10331133 -0.00055033442 1.3087404e-32)
(0.10182065 -0.00093116859 1.8864885e-32)
(0.099945478 -0.001341298 -4.7574964e-18)
(0.097657317 -0.0017807236 -2.6724994e-17)
(0.094927674 -0.0022494446 -1.8178006e-19)
(0.091728032 -0.0027474509 1.3385646e-33)
(0.088029856 -0.0032746849 -2.6213099e-48)
(0.083804738 -0.0038309015 -2.7697269e-64)
(0.079025259 -0.0044152214 -8.6419615e-79)
(0.073668748 -0.005025027 0)
(0.06772965 -0.0056555646 0)
(0.061226026 -0.0063159166 0)
(0.054047372 -0.0073849559 1.6274522e-320)
(0.038802747 -0.0086242821 -3.7859171e-18)
)
;
    }
    iris_top
    {
        type            solidTraction;
        nonOrthogonalCorrections true;
        useUndeformedArea false;
        traction        uniform (0 0 0);
        pressure        uniform 1300;
        secondOrder     false;
        extrapolateValue false;
        setEffectiveTraction false;
        relaxationFactor 1;
        value           nonuniform List<vector> 
26
(
(-0.00012199973 -0.0012234732 0)
(-0.00012793961 -0.0011761281 0)
(-0.00012945804 -0.0011249958 0)
(-0.00013015849 -0.0010730737 0)
(-0.00013061291 -0.0010207892 0)
(-0.00013089877 -0.00096821167 0)
(-0.00013099786 -0.00091539935 0)
(-0.0001308765 -0.00086243106 0)
(-0.00013049961 -0.00080940425 0)
(-0.00012983248 -0.00075643224 0)
(-0.00012884074 -0.00070364308 0)
(-0.00012749016 -0.00065117915 0)
(-0.00012574655 -0.0005991971 0)
(-0.00012357572 -0.00054786782 0)
(-0.00012094349 -0.00049737644 0)
(-0.0001178157 -0.00044792233 0)
(-0.00011415815 -0.0003997191 0)
(-0.00010993666 -0.0003529946 0)
(-0.00010511704 -0.00030799096 0)
(-9.9665175e-05 -0.0002649646 0)
(-9.354731e-05 -0.00022418618 0)
(-8.6731183e-05 -0.00018593989 0)
(-7.9189054e-05 -0.00015051991 0)
(-7.0900681e-05 -0.0001182174 0)
(-6.182415e-05 -8.9307507e-05 0)
(-5.1101615e-05 -6.4161603e-05 0)
)
;
        gradient        nonuniform List<vector> 
26
(
(-0.065150951 0.0073262893 0)
(-0.098477385 0.0022307058 0)
(-0.1030544 -1.4768312e-05 0)
(-0.10420664 -0.00047077095 0)
(-0.10486205 -0.0006484485 0)
(-0.1053898 -0.00080073717 0)
(-0.10578061 -0.00097525898 0)
(-0.1059951 -0.0011792508 0)
(-0.10599882 -0.0014131535 0)
(-0.10576117 -0.0016766564 0)
(-0.1052531 -0.0019695634 0)
(-0.10444598 -0.0022917972 0)
(-0.10331133 -0.0026433335 0)
(-0.10182065 -0.003024166 0)
(-0.099945487 -0.0034342939 0)
(-0.097657344 -0.0038737188 0)
(-0.094927734 -0.0043424446 0)
(-0.09172814 -0.0048404741 0)
(-0.088029998 -0.0053677792 0)
(-0.083804778 -0.005924171 0)
(-0.079024708 -0.0065088536 0)
(-0.073666275 -0.0071192527 0)
(-0.067722491 -0.0077502153 0)
(-0.061212399 -0.0084078159 0)
(-0.054055799 -0.0094510284 0)
(-0.039171117 -0.010593153 0)
)
;
    }
    sclera_stub_bottom
    {
        type            solidTraction;
        nonOrthogonalCorrections true;
        useUndeformedArea false;
        traction        uniform (0 0 0);
        pressure        uniform 1000;
        secondOrder     false;
        extrapolateValue false;
        setEffectiveTraction false;
        relaxationFactor 1;
        value           nonuniform List<vector> 4((3.8852188e-05 -4.1999431e-05 9.9778692e-38) (3.0575536e-05 -2.6025656e-05 8.2066382e-53) (1.9587107e-05 -1.3431924e-05 0) (7.9390741e-06 -5.0892598e-06 0));
        gradient        nonuniform List<vector> 4((0.022772249 -0.0025676876 1.1619557e-33) (0.028567507 -0.0075136064 -1.0144485e-48) (0.020936396 -0.0089584837 0) (0.013644457 -0.0077937075 0));
    }
    sclera_stub_top
    {
        type            solidTraction;
        nonOrthogonalCorrections true;
        useUndeformedArea false;
        traction        uniform (0 0 0);
        pressure        uniform 1300;
        secondOrder     false;
        extrapolateValue false;
        setEffectiveTraction false;
        relaxationFactor 1;
        value           nonuniform List<vector> 4((-4.0161527e-05 -4.4504981e-05 0) (-3.1606117e-05 -2.8485707e-05 0) (-2.0418202e-05 -1.5619184e-05 0) (-8.6274229e-06 -6.4892387e-06 0));
        gradient        nonuniform List<vector> 4((-0.022471564 -0.0044846621 0) (-0.028885797 -0.0094271395 0) (-0.021996469 -0.010813726 0) (-0.015890181 -0.0098707821 0));
    }
    iris_base
    {
        type            fixedValue;
        value           uniform (0 0 0);
    }
    iris_pupil_left
    {
        type            solidTraction;
        nonOrthogonalCorrections true;
        useUndeformedArea false;
        traction        uniform (0 0 0);
        pressure        uniform 0;
        secondOrder     false;
        extrapolateValue false;
        setEffectiveTraction false;
        relaxationFactor 1;
        value           nonuniform List<vector> 10((-9.613194e-05 -0.0012384847 0) (-7.7271944e-05 -0.0012451353 0) (-5.453422e-05 -0.001248669 0) (-3.0475936e-05 -0.0012502269 0) (-5.8326069e-06 -0.001250987 0) (1.8939188e-05 -0.0012512343 0) (4.357899e-05 -0.0012509668 0) (6.7627471e-05 -0.0012498907 0) (9.0333368e-05 -0.0012468223 0) (0.0001091291 -0.0012405653 0));
        gradient        nonuniform List<vector> 10((0.020887577 -0.065431399 0) (0.0090931367 -0.086661917 0) (0.0045460903 -0.097491683 0) (0.0020697105 -0.10146169 0) (0.00089945602 -0.10294817 0) (-1.810393e-05 -0.10294083 0) (-0.0011995902 -0.10143392 0) (-0.0037004506 -0.097404955 0) (-0.0083262852 -0.086461721 0) (-0.020210086 -0.064851819 0));
    }
    iris_bottom_left
    {
        type            solidTraction;
        nonOrthogonalCorrections true;
        useUndeformedArea false;
        traction        uniform (0 0 0);
        pressure        uniform 1000;
        secondOrder     false;
        extrapolateValue false;
        setEffectiveTraction false;
        relaxationFactor 1;
        value           nonuniform List<vector> 
26
(
(-4.9384662e-05 -6.1650931e-05 0)
(-5.9716951e-05 -8.6779985e-05 0)
(-6.8349559e-05 -0.0001156983 0)
(-7.6187423e-05 -0.00014800601 0)
(-8.327921e-05 -0.00018342795 0)
(-8.9645819e-05 -0.00022167476 9.5372671e-22)
(-9.5314726e-05 -0.00026245321 1.9545713e-21)
(-0.00010031792 -0.0003054795 2.3412084e-21)
(-0.00010468899 -0.00035048307 5.1051966e-38)
(-0.00010846197 -0.00039720753 0)
(-0.00011167103 -0.00044541075 -1.0912802e-99)
(-0.00011435033 -0.00049486485 -1.9985549e-66)
(-0.00011653406 -0.00054535622 -4.3946707e-52)
(-0.00011825639 -0.0005966855 1.0763223e-36)
(-0.0001195515 -0.00064866755 -2.3647254e-22)
(-0.00012045358 -0.00070113149 -2.7842374e-21)
(-0.0001209968 -0.00075392066 0)
(-0.00012121539 -0.00080689266 0)
(-0.0001211437 -0.00085991942 0)
(-0.00012081642 -0.00091288754 0)
(-0.00012026866 -0.0009656994 0)
(-0.0001195343 -0.0010182759 0)
(-0.00011863233 -0.0010705586 0)
(-0.00011748792 -0.0011224784 0)
(-0.00011553874 -0.0011736144 0)
(-0.00010922583 -0.0012210115 0)
)
;
        gradient        nonuniform List<vector> 
26
(
(-0.038802747 -0.0086242821 0)
(-0.054047372 -0.0073849558 0)
(-0.061226026 -0.0063159165 0)
(-0.06772965 -0.0056555645 0)
(-0.073668748 -0.0050250269 0)
(-0.07902526 -0.0044152214 7.9477226e-18)
(-0.083804739 -0.0038309015 1.6288094e-17)
(-0.088029857 -0.0032746849 1.951007e-17)
(-0.091728032 -0.0027474509 -2.3265771e-32)
(-0.094927675 -0.0022494446 0)
(-0.097657318 -0.0017807235 5.6905814e-96)
(-0.099945478 -0.001341298 -1.326006e-62)
(-0.10182065 -0.00093116854 -1.3391474e-47)
(-0.10331133 -0.00055033437 1.136227e-32)
(-0.10444599 -0.00019879527 -1.9706045e-18)
(-0.10525311 0.00012344502 -2.3201978e-17)
(-0.10576117 0.00041636662 0)
(-0.10599876 0.00067989807 0)
(-0.10599488 0.00091384517 0)
(-0.10577998 0.0011178763 0)
(-0.10538833 0.0012923359 0)
(-0.10485916 0.0014441406 0)
(-0.10420248 0.0016198769 0)
(-0.10305583 0.0020686826 0)
(-0.098533116 0.0042837534 0)
(-0.06559996 0.0092944051 0)
)
;
    }
    iris_top_left
    {
        type            solidTraction;
        nonOrthogonalCorrections true;
        useUndeformedArea false;
        traction        uniform (0 0 0);
        pressure        uniform 1300;
        secondOrder     false;
        extrapolateValue false;
        setEffectiveTraction false;
        relaxationFactor 1;
        value           nonuniform List<vector> 
26
(
(5.1101615e-05 -6.4161604e-05 0)
(6.1824151e-05 -8.9307507e-05 0)
(7.0900682e-05 -0.0001182174 0)
(7.9189055e-05 -0.00015051991 0)
(8.6731185e-05 -0.00018593989 0)
(9.3547312e-05 -0.00022418618 0)
(9.9665177e-05 -0.0002649646 0)
(0.00010511704 -0.00030799096 0)
(0.00010993666 -0.0003529946 0)
(0.00011415815 -0.0003997191 0)
(0.0001178157 -0.00044792233 0)
(0.00012094349 -0.00049737644 0)
(0.00012357572 -0.00054786782 0)
(0.00012574655 -0.0005991971 0)
(0.00012749016 -0.00065117915 0)
(0.00012884074 -0.00070364308 0)
(0.00012983248 -0.00075643224 0)
(0.00013049961 -0.00080940425 0)
(0.0001308765 -0.00086243106 0)
(0.00013099786 -0.00091539936 0)
(0.00013089877 -0.00096821167 0)
(0.00013061291 -0.0010207892 0)
(0.00013015849 -0.0010730737 0)
(0.00012945805 -0.0011249958 0)
(0.00012793961 -0.0011761281 0)
(0.00012199973 -0.0012234732 0)
)
;
        gradient        nonuniform List<vector> 
26
(
(0.039171117 -0.010593153 0)
(0.054055799 -0.0094510285 0)
(0.061212399 -0.008407816 0)
(0.067722491 -0.0077502154 0)
(0.073666276 -0.0071192528 0)
(0.079024709 -0.0065088538 0)
(0.083804779 -0.0059241711 0)
(0.088029998 -0.0053677793 0)
(0.09172814 -0.0048404742 0)
(0.094927734 -0.0043424447 0)
(0.097657345 -0.0038737189 0)
(0.099945488 -0.003434294 0)
(0.10182065 -0.0030241661 0)
(0.10331133 -0.0026433336 0)
(0.10444598 -0.0022917973 0)
(0.1052531 -0.0019695635 0)
(0.10576117 -0.0016766565 0)
(0.10599882 -0.0014131536 0)
(0.10599511 -0.0011792508 0)
(0.10578061 -0.00097525903 0)
(0.1053898 -0.00080073721 0)
(0.10486205 -0.00064844855 0)
(0.10420664 -0.00047077099 0)
(0.1030544 -1.4768347e-05 0)
(0.098477386 0.0022307057 0)
(0.065150952 0.0073262894 0)
)
;
    }
    sclera_stub_bottom_left
    {
        type            solidTraction;
        nonOrthogonalCorrections true;
        useUndeformedArea false;
        traction        uniform (0 0 0);
        pressure        uniform 1000;
        secondOrder     false;
        extrapolateValue false;
        setEffectiveTraction false;
        relaxationFactor 1;
        value           nonuniform List<vector> 4((-7.9390741e-06 -5.0892597e-06 0) (-1.9587107e-05 -1.3431924e-05 0) (-3.0575536e-05 -2.6025656e-05 0) (-3.8852188e-05 -4.1999431e-05 0));
        gradient        nonuniform List<vector> 4((-0.013644457 -0.0077937074 0) (-0.020936396 -0.0089584836 0) (-0.028567507 -0.0075136063 0) (-0.022772249 -0.0025676875 0));
    }
    sclera_stub_top_left
    {
        type            solidTraction;
        nonOrthogonalCorrections true;
        useUndeformedArea false;
        traction        uniform (0 0 0);
        pressure        uniform 1300;
        secondOrder     false;
        extrapolateValue false;
        setEffectiveTraction false;
        relaxationFactor 1;
        value           nonuniform List<vector> 4((8.627423e-06 -6.4892388e-06 0) (2.0418202e-05 -1.5619184e-05 0) (3.1606118e-05 -2.8485708e-05 0) (4.0161528e-05 -4.4504981e-05 0));
        gradient        nonuniform List<vector> 4((0.015890182 -0.0098707823 0) (0.021996469 -0.010813726 0) (0.028885797 -0.0094271396 0) (0.022471564 -0.0044846622 0));
    }
    iris_base_left
    {
        type            fixedValue;
        value           uniform (0 0 0);
    }
    lens_bottom
    {
        type            solidTraction;
        nonOrthogonalCorrections true;
        useUndeformedArea false;
        traction        uniform (0 0 0);
        pressure        uniform 1300;
        secondOrder     false;
        extrapolateValue false;
        setEffectiveTraction false;
        relaxationFactor 1;
        value           nonuniform List<vector> 
30
(
(2.245875e-05 1.7448522e-05 -5.3651457e-22)
(4.8805958e-05 4.8440588e-05 5.4630008e-38)
(6.9769121e-05 8.9746235e-05 2.0912709e-71)
(8.5327799e-05 0.00013972992 1.7504733e-82)
(9.5669443e-05 0.00019575728 5.2152853e-69)
(0.00010118252 0.00025520041 3.7838301e-52)
(0.00010231112 0.00031563121 6.0274063e-37)
(9.9513544e-05 0.0003748598 9.0579132e-21)
(9.3251257e-05 0.00043094004 2.1276686e-21)
(8.3986249e-05 0.00048216957 -2.9519651e-21)
(7.2180539e-05 0.00052708951 3.1869952e-37)
(5.8296109e-05 0.0005644842 5.7797352e-53)
(4.2794908e-05 0.00059338115 0)
(2.6138877e-05 0.00061305098 0)
(8.7899475e-06 0.00062300745 0)
(-8.7899475e-06 0.00062300745 0)
(-2.6138877e-05 0.00061305098 0)
(-4.2794908e-05 0.00059338115 2.7937697e-37)
(-5.8296109e-05 0.0005644842 1.8473872e-21)
(-7.2180539e-05 0.00052708951 1.5608833e-20)
(-8.3986249e-05 0.00048216957 -5.5263482e-22)
(-9.3251257e-05 0.00043094004 -4.2359395e-21)
(-9.9513544e-05 0.0003748598 3.9907226e-37)
(-0.00010231112 0.00031563121 1.0549828e-52)
(-0.00010118252 0.00025520041 0)
(-9.5669443e-05 0.00019575728 0)
(-8.5327799e-05 0.00013972992 0)
(-6.9769121e-05 8.9746235e-05 0)
(-4.8805958e-05 4.8440588e-05 0)
(-2.245875e-05 1.7448522e-05 0)
)
;
        gradient        nonuniform List<vector> 
30
(
(0.02528305 0.012010385 -2.2590087e-18)
(0.036148856 0.011103651 1.8252062e-33)
(0.045644665 0.0087918231 8.8053511e-68)
(0.053005521 0.0065157833 3.0748395e-79)
(0.057735246 0.0043631549 4.290812e-64)
(0.059936966 0.0023889299 9.5159512e-49)
(0.059829696 0.00060807609 -1.1434558e-32)
(0.057654415 -0.0009756842 3.8138582e-17)
(0.053654886 -0.0023615632 8.9586047e-18)
(0.048074739 -0.0035494394 -1.2429327e-17)
(0.041157315 -0.0045393157 8.8883984e-33)
(0.033145816 -0.0053312067 -1.1147629e-50)
(0.024283387 -0.0059251211 0)
(0.014813153 -0.006321063 0)
(0.004978238 -0.0065190337 0)
(-0.004978238 -0.0065190337 0)
(-0.014813153 -0.006321063 0)
(-0.024283387 -0.0059251211 2.3570052e-33)
(-0.033145816 -0.0053312067 7.7784726e-18)
(-0.041157315 -0.0045393157 6.5721402e-17)
(-0.048074739 -0.0035494394 -2.3268834e-18)
(-0.053654886 -0.0023615632 -1.7835535e-17)
(-0.057654415 -0.0009756842 2.5029806e-33)
(-0.059829696 0.00060807609 -3.762026e-49)
(-0.059936966 0.0023889299 0)
(-0.057735246 0.0043631549 0)
(-0.053005521 0.0065157833 0)
(-0.045644665 0.0087918231 0)
(-0.036148856 0.011103651 0)
(-0.02528305 0.012010385 0)
)
;
    }
    lens_top
    {
        type            solidTraction;
        nonOrthogonalCorrections true;
        useUndeformedArea false;
        traction        uniform (0 0 0);
        pressure        uniform 0;
        secondOrder     false;
        extrapolateValue false;
        setEffectiveTraction false;
        relaxationFactor 1;
        value           nonuniform List<vector> 
30
(
(-2.2137904e-05 1.6302482e-05 0)
(-4.8754609e-05 4.6742435e-05 0)
(-6.9880792e-05 8.7900147e-05 0)
(-8.54965e-05 0.00013786261 0)
(-9.5844877e-05 0.00019389603 0)
(-0.00010134627 0.00025334602 0)
(-0.00010245798 0.00031378047 0)
(-9.9642685e-05 0.00037301051 0)
(-9.3362841e-05 0.00042909119 0)
(-8.4080509e-05 0.00048032081 0)
(-7.2257606e-05 0.00052524075 0)
(-5.8356034e-05 0.00056263542 0)
(-4.283771e-05 0.00059153235 0)
(-2.6164557e-05 0.00061120218 0)
(-8.7985078e-06 0.00062115866 0)
(8.7985078e-06 0.00062115866 0)
(2.6164557e-05 0.00061120218 0)
(4.283771e-05 0.00059153235 0)
(5.8356034e-05 0.00056263542 0)
(7.2257606e-05 0.00052524075 0)
(8.4080509e-05 0.00048032081 0)
(9.3362841e-05 0.00042909119 0)
(9.9642685e-05 0.00037301051 0)
(0.00010245798 0.00031378047 0)
(0.00010134627 0.00025334602 0)
(9.5844877e-05 0.00019389603 0)
(8.54965e-05 0.00013786261 0)
(6.9880792e-05 8.7900147e-05 0)
(4.8754609e-05 4.6742435e-05 0)
(2.2137904e-05 1.6302482e-05 0)
)
;
        gradient        nonuniform List<vector> 
30
(
(-0.02436417 0.011025292 0)
(-0.035798833 0.010230619 0)
(-0.045560088 0.0078732622 0)
(-0.052997942 0.0055637325 0)
(-0.057741703 0.0033963786 0)
(-0.05994222 0.0014170944 0)
(-0.059832248 -0.00036505321 0)
(-0.057655358 -0.0019489592 0)
(-0.053655149 -0.003334752 0)
(-0.048074779 -0.0045225504 0)
(-0.041157305 -0.0055123875 0)
(-0.033145804 -0.0063042635 0)
(-0.02428338 -0.0068981736 0)
(-0.014813151 -0.0072941147 0)
(-0.0049782373 -0.0074920854 0)
(0.0049782373 -0.0074920854 0)
(0.014813151 -0.0072941147 0)
(0.02428338 -0.0068981736 0)
(0.033145804 -0.0063042635 0)
(0.041157305 -0.0055123875 0)
(0.048074779 -0.0045225504 0)
(0.053655149 -0.003334752 0)
(0.057655358 -0.0019489592 0)
(0.059832248 -0.00036505321 0)
(0.05994222 0.0014170944 0)
(0.057741703 0.0033963786 0)
(0.052997942 0.0055637325 0)
(0.045560088 0.0078732622 0)
(0.035798833 0.010230619 0)
(0.02436417 0.011025292 0)
)
;
    }
    lens_left
    {
        type            fixedValue;
        value           uniform (0 0 0);
    }
    lens_right
    {
        type            fixedValue;
        value           uniform (0 0 0);
    }
    sclera_R_bottom
    {
        type            solidTraction;
        nonOrthogonalCorrections true;
        useUndeformedArea false;
        traction        uniform (0 0 0);
        pressure        uniform 0;
        secondOrder     false;
        extrapolateValue false;
        setEffectiveTraction false;
        relaxationFactor 1;
        value           nonuniform List<vector> 2((2.8579525e-06 -1.0401216e-06 1.3244336e-109) (2.8325277e-06 -7.5957336e-07 7.2737799e-77));
        gradient        nonuniform List<vector> 2((0.00047848835 9.8072881e-05 3.3149675e-106) (0.00046391967 -0.00014961171 -4.8118244e-73));
    }
    sclera_R_top
    {
        type            fixedValue;
        value           uniform (0 0 0);
    }
    sclera_R_inner
    {
        type            solidTraction;
        nonOrthogonalCorrections true;
        useUndeformedArea false;
        traction        uniform (0 0 0);
        pressure        uniform 1500;
        secondOrder     false;
        extrapolateValue false;
        setEffectiveTraction false;
        relaxationFactor 1;
        value           nonuniform List<vector> 
44
(
(2.067549e-06 -1.119789e-06 0)
(5.2880194e-06 4.8520261e-07 0)
(6.2768726e-06 7.1725679e-07 0)
(7.348435e-06 7.7421544e-07 0)
(8.4619312e-06 7.8416594e-07 0)
(9.5625464e-06 7.6235416e-07 -4.9900325e-23)
(1.0625187e-05 7.2217923e-07 -6.219393e-23)
(1.1632923e-05 6.6925762e-07 1.1138492e-22)
(1.2574132e-05 6.0681388e-07 0)
(1.3439954e-05 5.3675684e-07 -7.3794134e-68)
(1.4223287e-05 4.6041489e-07 -3.6129818e-53)
(1.4918286e-05 3.7883918e-07 -2.5877217e-38)
(1.5520126e-05 2.9295185e-07 1.9516184e-22)
(1.6024895e-05 2.0361431e-07 1.5302745e-22)
(1.6429537e-05 1.1165936e-07 1.2711932e-22)
(1.6731832e-05 1.7906395e-08 2.6096768e-22)
(1.6930379e-05 -7.683157e-08 3.8793932e-22)
(1.7024595e-05 -1.7174451e-07 2.9847933e-22)
(1.701471e-05 -2.6602381e-07 2.0014844e-23)
(1.6901767e-05 -3.5886153e-07 3.6274916e-38)
(1.6687619e-05 -4.4945006e-07 7.0617737e-54)
(1.6374932e-05 -5.3698194e-07 -1.8806248e-85)
(1.5967181e-05 -6.2064977e-07 0)
(1.5468655e-05 -6.9964621e-07 -2.6735891e-54)
(1.4884452e-05 -7.7316392e-07 -9.2036965e-39)
(1.4220482e-05 -8.4039559e-07 -2.4444104e-22)
(1.3483466e-05 -9.0053394e-07 -4.0227077e-22)
(1.2680935e-05 -9.5277172e-07 -1.6705032e-22)
(1.1821232e-05 -9.9630175e-07 -6.8609218e-38)
(1.0913511e-05 -1.030317e-06 2.843326e-72)
(9.9677363e-06 -1.0540108e-06 -8.4168425e-87)
(8.9946808e-06 -1.0665772e-06 1.6349395e-100)
(8.0059275e-06 -1.0672116e-06 -1.2634321e-133)
(7.0138647e-06 -1.0551124e-06 -2.3014625e-148)
(6.031681e-06 -1.0294844e-06 -1.0425073e-179)
(5.073353e-06 -9.8954603e-07 -2.2096096e-212)
(4.1536197e-06 -9.3454373e-07 -3.064603e-226)
(3.2879298e-06 -8.6378388e-07 0)
(2.4923287e-06 -7.766992e-07 0)
(1.7832216e-06 -6.7298867e-07 1.9680526e-23)
(1.1768787e-06 -5.5292042e-07 -1.1139036e-23)
(6.8835615e-07 -4.1793173e-07 -3.0096894e-23)
(3.2945981e-07 -2.7217097e-07 -3.8651239e-39)
(1.0290937e-07 -1.240364e-07 0)
)
;
        gradient        nonuniform List<vector> 
44
(
(0.00021659331 -0.00037320545 0)
(0.00066158522 0.0013498728 0)
(0.00023576572 0.0020508768 0)
(5.4885863e-05 0.0021749428 0)
(-9.2642979e-06 0.0022038611 0)
(-5.0086146e-05 0.002153241 -1.996013e-19)
(-7.5421807e-05 0.0020607912 -2.4877572e-19)
(-9.3557389e-05 0.0019399219 4.4553969e-19)
(-0.00010751238 0.0017986652 0)
(-0.000118831 0.0016415201 -2.8240007e-65)
(-0.00012821174 0.001471488 5.9390241e-50)
(-0.00013598543 0.0012908354 1.0085398e-33)
(-0.00014230662 0.001101486 7.8064736e-19)
(-0.00014724805 0.00090520081 6.1210979e-19)
(-0.00015084394 0.00070366389 5.0847728e-19)
(-0.00015311042 0.00049852282 1.0438707e-18)
(-0.00015405509 0.00029140786 1.5517573e-18)
(-0.00015368156 8.3941091e-05 1.1939173e-18)
(-0.00015199151 -0.00012225929 8.0059374e-20)
(-0.00014898578 -0.00032557695 2.2113052e-34)
(-0.00014466473 -0.00052439642 -1.0233077e-49)
(-0.00013902855 -0.00071710269 -1.9750344e-81)
(-0.00013207734 -0.00090208092 0)
(-0.00012381114 -0.0010777164 -8.6800742e-50)
(-0.00011422999 -0.0012423944 7.4958165e-34)
(-0.00010333392 -0.0013945004 -9.7776416e-19)
(-9.1122979e-05 -0.0015324198 -1.6090831e-18)
(-7.7597269e-05 -0.0016545382 -6.6820128e-19)
(-6.2756967e-05 -0.0017592413 9.9471897e-34)
(-4.6602481e-05 -0.0018449153 1.1373304e-68)
(-2.9134629e-05 -0.0019099473 9.536663e-84)
(-1.0355139e-05 -0.0019527265 -1.45006e-97)
(9.7323615e-06 -0.0019716457 -5.0537285e-130)
(3.1120205e-05 -0.0019651065 -1.2009925e-144)
(5.379228e-05 -0.001931528 -6.6721337e-176)
(7.7714592e-05 -0.0018693667 -6.6355226e-209)
(0.00010281539 -0.0017771574 -1.2951041e-224)
(0.00012894309 -0.0016535999 0)
(0.00015577792 -0.001497742 0)
(0.00018263954 -0.0013093599 7.8722104e-20)
(0.00020811228 -0.0010897966 -4.4556144e-20)
(0.00022903611 -0.00084349565 -1.2038758e-19)
(0.00023974203 -0.00058273631 1.9542812e-34)
(0.00022209689 -0.00032798219 0)
)
;
    }
    sclera_R_outer
    {
        type            solidTraction;
        nonOrthogonalCorrections true;
        useUndeformedArea false;
        traction        uniform (0 0 0);
        pressure        uniform 0;
        secondOrder     false;
        extrapolateValue false;
        setEffectiveTraction false;
        relaxationFactor 1;
        value           nonuniform List<vector> 
50
(
(2.6750935e-06 -5.7620177e-07 1.2020171e-58)
(2.2486528e-06 -5.5690829e-07 4.4769813e-43)
(2.0474665e-06 -6.8308038e-07 -2.1618801e-27)
(2.0297271e-06 -8.8108721e-07 -5.2805899e-25)
(2.4530033e-06 -1.0449172e-06 0)
(3.1742875e-06 -1.1722569e-06 -7.0722768e-40)
(4.1088131e-06 -1.282194e-06 7.5470289e-24)
(5.2696928e-06 -1.4207843e-06 5.2900989e-24)
(6.218807e-06 -1.4268644e-06 9.931554e-40)
(7.32385e-06 -1.4557319e-06 -2.9750684e-55)
(8.4425144e-06 -1.4348589e-06 0)
(9.5467041e-06 -1.3922834e-06 0)
(1.0610594e-05 -1.3335518e-06 -5.7986744e-313)
(1.1618887e-05 -1.2633122e-06 1.3970525e-281)
(1.2560322e-05 -1.1840119e-06 4.9377602e-246)
(1.3426239e-05 -1.0972989e-06 1.997392e-214)
(1.4209611e-05 -1.0043828e-06 2.5010949e-199)
(1.4904626e-05 -9.0626729e-07 -4.8873179e-184)
(1.5506473e-05 -8.0385437e-07 -1.0276062e-168)
(1.6011245e-05 -6.9799713e-07 3.5125042e-154)
(1.6415888e-05 -5.8952496e-07 4.0353715e-120)
(1.6718183e-05 -4.7925577e-07 -2.5059174e-89)
(1.6916731e-05 -3.6800202e-07 -7.8036953e-56)
(1.7010947e-05 -2.5657346e-07 -8.6515027e-23)
(1.7001062e-05 -1.4577861e-07 -4.9460104e-23)
(1.6888119e-05 -3.6425359e-08 -5.0148279e-38)
(1.6673971e-05 7.0678691e-08 0)
(1.6361284e-05 1.7472609e-07 0)
(1.5953533e-05 2.7490944e-07 0)
(1.5455007e-05 3.7042141e-07 5.1140086e-23)
(1.4870804e-05 4.6045465e-07 2.3921177e-22)
(1.4206834e-05 5.4420186e-07 2.3837529e-22)
(1.3469818e-05 6.2085575e-07 2.0054495e-22)
(1.2667287e-05 6.8960907e-07 2.1063897e-22)
(1.1807585e-05 7.4965464e-07 2.0828698e-22)
(1.0899864e-05 8.0018543e-07 1.9276892e-22)
(9.9540884e-06 8.4039475e-07 -2.6516812e-22)
(8.981033e-06 8.6947653e-07 -9.9240655e-23)
(7.9922799e-06 8.8662611e-07 7.8236094e-23)
(7.0002177e-06 8.9104169e-07 2.6666171e-24)
(6.0180352e-06 8.819275e-07 7.6167333e-24)
(5.05971e-06 8.5850033e-07 6.5974503e-23)
(4.1399836e-06 8.2000327e-07 3.4667172e-23)
(3.2743103e-06 7.6573422e-07 -2.4156843e-23)
(2.478749e-06 6.9510567e-07 -1.4561833e-23)
(1.7697376e-06 6.0776769e-07 -1.6405127e-23)
(1.1636258e-06 5.0387198e-07 -7.403204e-24)
(6.756542e-07 3.8456816e-07 4.4364372e-24)
(3.1811231e-07 2.5336044e-07 3.6844305e-24)
(9.4637577e-08 1.1686411e-07 -1.328077e-24)
)
;
        gradient        nonuniform List<vector> 
50
(
(-0.00016581704 0.00058387465 6.9124836e-55)
(8.9374079e-05 0.0006313846 2.0534391e-39)
(0.00032535343 0.00026854518 -8.6475205e-24)
(0.00029907424 -0.00040520574 -2.112236e-21)
(0.00023822981 -0.0011445607 -9.1253925e-321)
(0.0001941357 -0.0016558102 1.8185135e-35)
(0.00020328794 -0.002094865 3.0188116e-20)
(0.0001178714 -0.0021007639 2.1160396e-20)
(2.8461122e-05 -0.0020446475 8.9965269e-36)
(6.5106237e-06 -0.0022134127 4.5777853e-52)
(-5.1672059e-05 -0.0022125633 0)
(-8.250383e-05 -0.002158042 0)
(-0.00010503335 -0.0020625898 1.9843518e-310)
(-0.00012178443 -0.001940702 -3.5267133e-277)
(-0.00013520028 -0.001798984 -6.6676715e-244)
(-0.00014628884 -0.0016416535 1.7535471e-211)
(-0.00015557495 -0.0014715433 2.8156373e-196)
(-0.00016330914 -0.0012908584 4.3229428e-181)
(-0.00016961395 -0.0011014955 -9.3762562e-166)
(-0.00017454858 -0.00090520478 2.2346772e-150)
(-0.00017814164 -0.00070366555 9.7401093e-118)
(-0.00018040694 -0.00049852351 -4.1986674e-86)
(-0.00018135113 -0.00029140815 -8.530925e-53)
(-0.0001809774 -8.3941215e-05 -3.4606011e-19)
(-0.00017928728 0.00012225924 -1.9784042e-19)
(-0.00017628151 0.00032557693 -3.8847836e-34)
(-0.00017196046 0.00052439642 0)
(-0.00016632429 0.0007171027 0)
(-0.00015937308 0.00090208094 0)
(-0.00015110689 0.0010777164 2.0456034e-19)
(-0.00014152575 0.0012423945 9.568471e-19)
(-0.00013062968 0.0013945005 9.5350115e-19)
(-0.00011841875 0.0015324198 8.021798e-19)
(-0.00010489304 0.0016545382 8.4255589e-19)
(-9.0052721e-05 0.0017592413 8.3314793e-19)
(-7.3898196e-05 0.0018449152 7.7107567e-19)
(-5.6430251e-05 0.0019099472 -1.0606725e-18)
(-3.7650545e-05 0.0019527262 -3.9696262e-19)
(-1.7562533e-05 0.001971645 3.1294438e-19)
(3.8265207e-06 0.0019651048 1.0666468e-20)
(2.6501484e-05 0.001931524 3.0466933e-20)
(5.0430721e-05 0.001869357 2.6389801e-19)
(7.5548157e-05 0.0017771341 1.3866869e-19)
(0.00010171585 0.0016535438 -9.6627372e-20)
(0.00012864699 0.0014976071 -5.8247331e-20)
(0.00015573957 0.0013090347 -6.5620509e-20)
(0.00018177235 0.0010890181 -2.9612816e-20)
(0.00020401508 0.00084159899 1.7745749e-20)
(0.00021801656 0.00057832667 1.4737722e-20)
(0.00020637953 0.00031668339 -5.312308e-21)
)
;
    }
    sclera_tm_gap
    {
        type            solidTraction;
        nonOrthogonalCorrections true;
        useUndeformedArea false;
        traction        uniform (0 0 0);
        pressure        uniform 1500;
        secondOrder     false;
        extrapolateValue false;
        setEffectiveTraction false;
        relaxationFactor 1;
        value           nonuniform List<vector> 6((1.9182053e-06 -1.0257974e-06 0) (4.9208925e-06 -9.4352825e-08 -9.7372844e-25) (2.0656369e-06 -6.4556792e-07 0) (2.4550763e-06 -4.8518669e-07 0) (3.1599977e-06 -3.4474662e-07 -4.7164283e-23) (4.1093068e-06 -3.1825397e-07 3.6503054e-23));
        gradient        nonuniform List<vector> 6((-0.00047597661 3.4511402e-06 0) (-0.00080318672 -0.00096386588 -3.8768818e-21) (0.00044271335 0.00053687143 0) (0.0002465219 0.0010943613 0) (0.00013697663 0.0016542309 -1.8865713e-19) (0.00020526296 0.0017608951 1.4601222e-19));
    }
    sclera_L_bottom
    {
        type            solidTraction;
        nonOrthogonalCorrections true;
        useUndeformedArea false;
        traction        uniform (0 0 0);
        pressure        uniform 0;
        secondOrder     false;
        extrapolateValue false;
        setEffectiveTraction false;
        relaxationFactor 1;
        value           nonuniform List<vector> 2((-2.8570851e-06 -1.0401255e-06 0) (-2.8316602e-06 -7.5958022e-07 0));
        gradient        nonuniform List<vector> 2((-0.00047848388 9.8071557e-05 0) (-0.00046391517 -0.00014961035 0));
    }
    sclera_L_top
    {
        type            fixedValue;
        value           uniform (0 0 0);
    }
    sclera_L_inner
    {
        type            solidTraction;
        nonOrthogonalCorrections true;
        useUndeformedArea false;
        traction        uniform (0 0 0);
        pressure        uniform 1500;
        secondOrder     false;
        extrapolateValue false;
        setEffectiveTraction false;
        relaxationFactor 1;
        value           nonuniform List<vector> 
44
(
(-2.0666901e-06 -1.1197904e-06 1.608041e-40)
(-5.2872308e-06 4.8521931e-07 0)
(-6.2761039e-06 7.1727842e-07 0)
(-7.3476886e-06 7.7423884e-07 0)
(-8.4612088e-06 7.8419037e-07 0)
(-9.5618489e-06 7.6237915e-07 0)
(-1.0624515e-05 7.2220457e-07 0)
(-1.1632276e-05 6.6928316e-07 0)
(-1.2573511e-05 6.0683954e-07 0)
(-1.3439359e-05 5.3678255e-07 0)
(-1.4222718e-05 4.6044059e-07 0)
(-1.4917743e-05 3.7886483e-07 0)
(-1.5519609e-05 2.9297741e-07 0)
(-1.6024403e-05 2.0363972e-07 0)
(-1.6429071e-05 1.1168458e-07 6.2208053e-87)
(-1.6731391e-05 1.7931379e-08 6.6027852e-72)
(-1.6929963e-05 -7.6806867e-08 7.0527413e-38)
(-1.7024204e-05 -1.7172013e-07 1.3156775e-22)
(-1.7014344e-05 -2.659998e-07 2.1459878e-22)
(-1.6901424e-05 -3.5883794e-07 -3.1494678e-38)
(-1.66873e-05 -4.4942694e-07 7.3893391e-53)
(-1.6374636e-05 -5.3695932e-07 -2.1955924e-67)
(-1.5966908e-05 -6.2062771e-07 0)
(-1.5468404e-05 -6.9962474e-07 -1.0457726e-22)
(-1.4884222e-05 -7.7314309e-07 -2.6993141e-22)
(-1.4220273e-05 -8.4037546e-07 -3.569375e-22)
(-1.3483276e-05 -9.0051454e-07 -3.3546935e-22)
(-1.2680765e-05 -9.527531e-07 -2.2185631e-22)
(-1.182108e-05 -9.9628395e-07 -2.0544265e-22)
(-1.0913377e-05 -1.0303001e-06 -1.5969737e-22)
(-9.9676186e-06 -1.0539948e-06 2.23112e-22)
(-8.9945789e-06 -1.0665621e-06 1.2154615e-22)
(-8.0058404e-06 -1.0671975e-06 -1.5050543e-22)
(-7.0137914e-06 -1.0550993e-06 -2.1201074e-25)
(-6.0316205e-06 -1.0294725e-06 3.8170598e-24)
(-5.073304e-06 -9.8953519e-07 -5.5291547e-23)
(-4.1535812e-06 -9.3453406e-07 -2.8036487e-23)
(-3.2879005e-06 -8.6377541e-07 1.5721425e-23)
(-2.4923074e-06 -7.7669198e-07 4.5772465e-24)
(-1.783207e-06 -6.7298274e-07 2.7746073e-23)
(-1.1768696e-06 -5.529158e-07 1.2713644e-23)
(-6.883511e-07 -4.1792843e-07 -1.951139e-24)
(-3.2945755e-07 -2.7216895e-07 1.0096903e-24)
(-1.0290872e-07 -1.2403555e-07 5.2225756e-24)
)
;
        gradient        nonuniform List<vector> 
44
(
(-0.00021659091 -0.00037319929 -2.1841422e-36)
(-0.00066159845 0.0013499 0)
(-0.00023577114 0.0020509188 0)
(-5.4888151e-05 0.0021749889 0)
(9.2629868e-06 0.0022039098 0)
(5.0085403e-05 0.002153291 0)
(7.5421362e-05 0.002060842 0)
(9.3557127e-05 0.0019399732 0)
(0.00010751224 0.0017987167 0)
(0.00011883097 0.0016415717 0)
(0.00012821179 0.0014715396 0)
(0.00013598555 0.0012908868 0)
(0.00014230682 0.0011015372 0)
(0.00014724833 0.00090525175 0)
(0.00015084429 0.00070371446 -2.5281085e-83)
(0.00015311084 0.00049857291 2.6411141e-68)
(0.00015405559 0.00029145738 4.9756433e-34)
(0.00015368213 8.3989963e-05 5.2627102e-19)
(0.00015199216 -0.00012221116 8.583951e-19)
(0.0001489865 -0.00032552966 4.0488784e-34)
(0.00014466552 -0.00052435006 1.2551863e-49)
(0.00013902941 -0.00071705734 -1.7920357e-64)
(0.00013207828 -0.00090203667 0)
(0.00012381215 -0.0010776733 -4.1830903e-19)
(0.00011423108 -0.0012423526 -1.0797256e-18)
(0.00010333508 -0.00139446 -1.42775e-18)
(9.1124213e-05 -0.0015323808 -1.3418774e-18)
(7.7598575e-05 -0.0016545007 -8.8742524e-19)
(6.2758344e-05 -0.0017592055 -8.2177062e-19)
(4.6603928e-05 -0.0018448812 -6.3878947e-19)
(2.9136145e-05 -0.001909915 8.9244801e-19)
(1.0356724e-05 -0.001952696 4.8618459e-19)
(-9.730708e-06 -0.0019716173 -6.0202172e-19)
(-3.1118483e-05 -0.0019650801 -8.4804296e-22)
(-5.3790488e-05 -0.0019315038 1.5268239e-20)
(-7.771273e-05 -0.0018693447 -2.2116619e-19)
(-0.00010281346 -0.0017771378 -1.1214595e-19)
(-0.00012894109 -0.0016535827 6.28857e-20)
(-0.00015577586 -0.0014977273 1.8308986e-20)
(-0.00018263742 -0.0013093478 1.1098429e-19)
(-0.00020811014 -0.0010897871 5.0854578e-20)
(-0.00022903399 -0.00084348881 -7.8045559e-21)
(-0.00023974003 -0.00058273194 4.0387613e-21)
(-0.00022209524 -0.00032797994 2.0890302e-20)
)
;
    }
    sclera_L_outer
    {
        type            solidTraction;
        nonOrthogonalCorrections true;
        useUndeformedArea false;
        traction        uniform (0 0 0);
        pressure        uniform 0;
        secondOrder     false;
        extrapolateValue false;
        setEffectiveTraction false;
        relaxationFactor 1;
        value           nonuniform List<vector> 
50
(
(-2.6742277e-06 -5.7621017e-07 6.4897712e-91)
(-2.2477901e-06 -5.5691766e-07 -6.1210885e-76)
(-2.046607e-06 -6.8309157e-07 1.375317e-40)
(-2.0288746e-06 -8.8109914e-07 -7.5889186e-41)
(-2.4521614e-06 -1.0449308e-06 0)
(-3.1734598e-06 -1.1722724e-06 2.5774482e-23)
(-4.1080025e-06 -1.2822117e-06 6.211918e-23)
(-5.2689043e-06 -1.4208056e-06 4.7009973e-23)
(-6.2180375e-06 -1.4268868e-06 -5.0341527e-40)
(-7.3231034e-06 -1.4557558e-06 -2.0034257e-55)
(-8.4417919e-06 -1.4348836e-06 0)
(-9.5460065e-06 -1.3923086e-06 1.1123282e-22)
(-1.0609921e-05 -1.3335774e-06 6.6247732e-24)
(-1.1618241e-05 -1.2633379e-06 -6.3063563e-23)
(-1.2559701e-05 -1.1840377e-06 6.3234466e-55)
(-1.3425644e-05 -1.0973247e-06 0)
(-1.4209042e-05 -1.0044086e-06 -4.559968e-54)
(-1.4904083e-05 -9.0629304e-07 3.9929845e-38)
(-1.5505956e-05 -8.0388e-07 -1.908269e-22)
(-1.6010753e-05 -6.9802261e-07 -1.7427568e-22)
(-1.6415422e-05 -5.8955024e-07 -1.2650728e-22)
(-1.6717743e-05 -4.7928081e-07 -3.6145356e-22)
(-1.6916315e-05 -3.6802677e-07 -2.4726038e-22)
(-1.7010556e-05 -2.5659789e-07 -3.4611497e-22)
(-1.7000696e-05 -1.4580266e-07 -7.1507912e-23)
(-1.6887777e-05 -3.6448996e-08 -7.5074477e-38)
(-1.6673652e-05 7.0655512e-08 -7.9489465e-53)
(-1.6360988e-05 1.7470341e-07 8.2014964e-68)
(-1.595326e-05 2.7488731e-07 0)
(-1.5454756e-05 3.7039986e-07 4.9511295e-53)
(-1.4870574e-05 4.6043373e-07 3.8981437e-38)
(-1.4206625e-05 5.4418161e-07 2.6652344e-22)
(-1.3469629e-05 6.2083621e-07 3.6765872e-22)
(-1.2667117e-05 6.895903e-07 9.0176365e-23)
(-1.1807433e-05 7.4963667e-07 2.5124285e-38)
(-1.0899729e-05 8.0016831e-07 0)
(-9.9539708e-06 8.4037852e-07 0)
(-8.9809311e-06 8.6946125e-07 0)
(-7.9921929e-06 8.8661181e-07 0)
(-7.0001444e-06 8.9102842e-07 0)
(-6.0179746e-06 8.8191532e-07 0)
(-5.059661e-06 8.5848928e-07 0)
(-4.1399451e-06 8.199934e-07 0)
(-3.274281e-06 7.6572558e-07 0)
(-2.4787277e-06 6.950983e-07 0)
(-1.769723e-06 6.0776163e-07 -1.4889919e-23)
(-1.1636166e-06 5.0386726e-07 -1.3658744e-24)
(-6.7564913e-07 3.8456479e-07 2.1660834e-23)
(-3.1811003e-07 2.5335838e-07 0)
(-9.4636908e-08 1.1686325e-07 0)
)
;
        gradient        nonuniform List<vector> 
50
(
(0.00016581509 0.00058386983 2.3039026e-87)
(-8.9376208e-05 0.0006313781 -2.4484354e-72)
(-0.00032535578 0.00026853262 -2.4116987e-36)
(-0.0002990762 -0.00040522355 -7.4204121e-37)
(-0.00023823276 -0.0011445856 0)
(-0.00019413912 -0.0016558415 1.0309793e-19)
(-0.00020329277 -0.0020949043 2.4847672e-19)
(-0.00011787526 -0.002100805 1.8803989e-19)
(-2.8463368e-05 -0.0020446892 4.2630807e-35)
(-6.5125756e-06 -0.0022134595 -2.339404e-51)
(5.1671033e-05 -0.0022126122 0)
(8.2503203e-05 -0.0021580921 4.4493127e-19)
(0.00010503297 -0.0020626406 2.6499093e-20)
(0.00012178422 -0.0019407533 -2.5225425e-19)
(0.00013520018 -0.0017990355 7.0661499e-51)
(0.00014628883 -0.0016417051 0)
(0.00015557502 -0.0014715949 7.3050736e-51)
(0.00016330929 -0.0012909098 -2.027299e-34)
(0.00016961417 -0.0011015468 -7.6330759e-19)
(0.00017454886 -0.00090525573 -6.971027e-19)
(0.000178142 -0.00070371611 -5.0602912e-19)
(0.00018040737 -0.00049857359 -1.4458143e-18)
(0.00018135163 -0.00029145766 -9.8904151e-19)
(0.00018097797 -8.3990075e-05 -1.3844599e-18)
(0.00017928792 0.00012221112 -2.8603165e-19)
(0.00017628223 0.00032552964 -8.4357543e-34)
(0.00017196124 0.00052435005 -8.4364725e-50)
(0.00016632514 0.00071705734 5.7815131e-65)
(0.000159374 0.00090203667 0)
(0.00015110788 0.0010776733 6.6151981e-51)
(0.00014152681 0.0012423526 -7.1435562e-34)
(0.00013063081 0.00139446 1.0660938e-18)
(0.00011841995 0.0015323808 1.4706349e-18)
(0.00010489431 0.0016545007 3.6070546e-19)
(9.0054067e-05 0.0017592054 -5.8461296e-34)
(7.3899615e-05 0.0018448811 0)
(5.6431744e-05 0.0019099149 0)
(3.7652113e-05 0.0019526957 0)
(1.756418e-05 0.0019716166 0)
(-3.8247949e-06 0.0019650784 0)
(-2.6499679e-05 0.0019314998 0)
(-5.0428838e-05 0.001869335 0)
(-7.5546198e-05 0.0017771145 0)
(-0.00010171381 0.0016535266 0)
(-0.00012864488 0.0014975924 0)
(-0.00015573741 0.0013090226 -5.9559675e-20)
(-0.00018177016 0.0010890087 -5.4634976e-21)
(-0.00020401291 0.00084159215 8.6643335e-20)
(-0.00021801451 0.00057832229 0)
(-0.00020637786 0.00031668113 0)
)
;
    }
    sclera_tm_gap_left
    {
        type            solidTraction;
        nonOrthogonalCorrections true;
        useUndeformedArea false;
        traction        uniform (0 0 0);
        pressure        uniform 1500;
        secondOrder     false;
        extrapolateValue false;
        setEffectiveTraction false;
        relaxationFactor 1;
        value           nonuniform List<vector> 6((-1.9173474e-06 -1.0258014e-06 1.8383206e-24) (-4.9200964e-06 -9.4347483e-08 -7.2685343e-25) (-2.0647845e-06 -6.4557134e-07 -5.0973401e-23) (-2.4542344e-06 -4.8518807e-07 0) (-3.1591695e-06 -3.4474645e-07 -2.3726568e-39) (-4.1084961e-06 -3.1825377e-07 5.8627945e-23));
        gradient        nonuniform List<vector> 6((0.00047597456 3.4457482e-06 9.1916032e-21) (0.00080320319 -0.000963884 -2.8939535e-21) (-0.00044271556 0.00053688762 -2.038936e-19) (-0.0002465248 0.0010943855 8.9623508e-321) (-0.00013697784 0.0016542622 8.7777332e-35) (-0.00020526709 0.0017609274 2.3451178e-19));
    }
    sclera_top_bottom
    {
        type            solidTraction;
        nonOrthogonalCorrections true;
        useUndeformedArea false;
        traction        uniform (0 0 0);
        pressure        uniform 1500;
        secondOrder     false;
        extrapolateValue false;
        setEffectiveTraction false;
        relaxationFactor 1;
        value           nonuniform List<vector> 
42
(
(3.8789035e-07 3.1088156e-07 0)
(8.7174614e-07 1.6569145e-06 0)
(1.2979366e-06 3.8965662e-06 0)
(1.656351e-06 6.9152768e-06 0)
(1.9453722e-06 1.0577141e-05 0)
(2.1673327e-06 1.4746229e-05 -1.6003939e-144)
(2.3257717e-06 1.9292122e-05 4.7485332e-129)
(2.4246201e-06 2.4091761e-05 5.852252e-114)
(2.4679343e-06 2.9030036e-05 -1.4141846e-98)
(2.4598116e-06 3.3999984e-05 -1.2631031e-83)
(2.4043618e-06 3.8902841e-05 2.2670148e-68)
(2.3056992e-06 4.3648069e-05 -2.7246967e-54)
(2.167939e-06 4.8153356e-05 5.8601467e-38)
(1.9951969e-06 5.2344625e-05 9.1557066e-22)
(1.7915886e-06 5.6156027e-05 5.1545578e-22)
(1.5612295e-06 5.9529944e-05 -4.2558002e-22)
(1.3082354e-06 6.2416992e-05 3.6888872e-55)
(1.0367217e-06 6.4776015e-05 -1.5763973e-71)
(7.5080406e-07 6.657409e-05 0)
(4.5459788e-07 6.7786525e-05 -8.2890153e-103)
(1.5221862e-07 6.8396858e-05 4.300607e-87)
(-1.5221834e-07 6.8396858e-05 1.3556546e-70)
(-4.5459764e-07 6.7786525e-05 -1.7321382e-54)
(-7.5080388e-07 6.657409e-05 -3.7960563e-38)
(-1.0367216e-06 6.4776015e-05 8.3348861e-22)
(-1.3082353e-06 6.2416992e-05 7.3305434e-22)
(-1.5612295e-06 5.9529944e-05 -2.8034904e-22)
(-1.7915885e-06 5.6156027e-05 -3.262546e-22)
(-1.9951968e-06 5.2344625e-05 1.863059e-38)
(-2.1679389e-06 4.8153356e-05 7.1009092e-54)
(-2.305699e-06 4.3648069e-05 0)
(-2.4043617e-06 3.8902841e-05 0)
(-2.4598114e-06 3.3999984e-05 -3.0131073e-114)
(-2.4679342e-06 2.9030036e-05 -3.8233835e-99)
(-2.42462e-06 2.4091761e-05 1.5507351e-84)
(-2.3257717e-06 1.9292122e-05 -1.8852347e-69)
(-2.1673327e-06 1.4746229e-05 7.1594426e-54)
(-1.9453722e-06 1.0577141e-05 1.43413e-38)
(-1.656351e-06 6.9152768e-06 2.3399172e-23)
(-1.2979366e-06 3.8965662e-06 5.5460516e-23)
(-8.7174615e-07 1.6569145e-06 0)
(-3.8789035e-07 3.1088157e-07 0)
)
;
        gradient        nonuniform List<vector> 
42
(
(0.00084663817 0.00037557887 0)
(0.0017928423 0.0003726871 0)
(0.002629181 0.00032137016 0)
(0.0033402871 0.00026525545 0)
(0.0039154759 0.00020943341 0)
(0.0043574903 0.00015601344 -1.0396994e-141)
(0.0046727653 0.00010564938 8.5648614e-127)
(0.0048689565 5.8552885e-05 -6.0934828e-112)
(0.0049541111 1.4791973e-05 1.8177931e-96)
(0.0049364017 -2.5611491e-05 -6.9484936e-81)
(0.0048240417 -6.2650522e-05 3.4749766e-65)
(0.004625257 -9.6322952e-05 3.3671974e-50)
(0.0043482776 -0.00012662817 -1.2256963e-33)
(0.0040013346 -0.00015356606 3.6622826e-18)
(0.0035926591 -0.00017713664 2.0618231e-18)
(0.0031304822 -0.00019733992 -1.7023201e-18)
(0.0026230351 -0.00021417593 2.6012221e-52)
(0.002078549 -0.00022764466 -3.2033137e-68)
(0.0015052548 -0.00023774615 0)
(0.00091138361 -0.00024448043 -5.5559152e-101)
(0.00030516632 -0.00024784755 -3.3448835e-84)
(-0.00030516632 -0.00024784754 7.4958001e-69)
(-0.0009113836 -0.00024448041 -4.0596532e-51)
(-0.0015052548 -0.00023774613 2.4577262e-34)
(-0.0020785489 -0.00022764466 3.3339544e-18)
(-0.0026230351 -0.00021417594 2.9322174e-18)
(-0.0031304822 -0.00019733995 -1.1213962e-18)
(-0.0035926591 -0.00017713667 -1.3050184e-18)
(-0.0040013346 -0.00015356609 2.4230823e-34)
(-0.0043482777 -0.00012662818 -2.6689576e-50)
(-0.004625257 -9.6322951e-05 0)
(-0.0048240417 -6.2650517e-05 0)
(-0.0049364017 -2.5611491e-05 -7.6252366e-112)
(-0.0049541111 1.4791963e-05 -4.6971409e-96)
(-0.0048689565 5.8552866e-05 9.9617169e-81)
(-0.0046727653 0.00010564936 1.5249419e-65)
(-0.0043574903 0.00015601342 -1.7574113e-50)
(-0.0039154759 0.0002094334 1.466656e-34)
(-0.0033402871 0.00026525545 9.3596689e-20)
(-0.002629181 0.00032137016 2.2184206e-19)
(-0.0017928423 0.0003726871 0)
(-0.00084663817 0.00037557887 0)
)
;
    }
    sclera_top_top
    {
        type            solidTraction;
        nonOrthogonalCorrections true;
        useUndeformedArea false;
        traction        uniform (0 0 0);
        pressure        uniform 0;
        secondOrder     false;
        extrapolateValue false;
        setEffectiveTraction false;
        relaxationFactor 1;
        value           nonuniform List<vector> 
42
(
(-3.8796979e-07 3.1072783e-07 0)
(-8.7188943e-07 1.65673e-06 0)
(-1.2980925e-06 3.8963702e-06 0)
(-1.656505e-06 6.9150771e-06 0)
(-1.9455194e-06 1.057694e-05 0)
(-2.1674717e-06 1.4746028e-05 0)
(-2.3259019e-06 1.9291921e-05 0)
(-2.4247413e-06 2.4091559e-05 0)
(-2.4680466e-06 2.9029835e-05 0)
(-2.4599148e-06 3.3999783e-05 0)
(-2.4044561e-06 3.890264e-05 0)
(-2.3057845e-06 4.3647867e-05 0)
(-2.1680153e-06 4.8153155e-05 0)
(-1.9952643e-06 5.2344424e-05 0)
(-1.791647e-06 5.6155825e-05 0)
(-1.5612789e-06 5.9529743e-05 0)
(-1.3082758e-06 6.2416791e-05 0)
(-1.0367531e-06 6.4775814e-05 0)
(-7.5082636e-07 6.6573889e-05 0)
(-4.5461113e-07 6.7786324e-05 0)
(-1.5222284e-07 6.8396657e-05 0)
(1.5222311e-07 6.8396657e-05 0)
(4.5461136e-07 6.7786324e-05 0)
(7.5082652e-07 6.6573889e-05 0)
(1.0367532e-06 6.4775814e-05 0)
(1.3082759e-06 6.2416791e-05 0)
(1.561279e-06 5.9529743e-05 0)
(1.791647e-06 5.6155825e-05 0)
(1.9952644e-06 5.2344424e-05 0)
(2.1680155e-06 4.8153155e-05 0)
(2.3057846e-06 4.3647867e-05 0)
(2.4044562e-06 3.890264e-05 0)
(2.459915e-06 3.3999783e-05 0)
(2.4680467e-06 2.9029835e-05 0)
(2.4247414e-06 2.4091559e-05 0)
(2.325902e-06 1.9291921e-05 0)
(2.1674717e-06 1.4746028e-05 0)
(1.9455195e-06 1.057694e-05 0)
(1.656505e-06 6.9150771e-06 0)
(1.2980925e-06 3.8963702e-06 0)
(8.7188942e-07 1.6567299e-06 0)
(3.8796979e-07 3.1072783e-07 0)
)
;
        gradient        nonuniform List<vector> 
42
(
(-0.00084653691 0.00037524583 0)
(-0.0017928212 0.00037232291 0)
(-0.0026291734 0.00032097908 0)
(-0.0033402847 0.00026485648 0)
(-0.0039154751 0.00020903183 0)
(-0.0043574901 0.00015561102 0)
(-0.0046727652 0.00010524669 0)
(-0.0048689565 5.8150103e-05 0)
(-0.0049541111 1.4389166e-05 0)
(-0.0049364017 -2.6014303e-05 0)
(-0.0048240417 -6.3053336e-05 0)
(-0.004625257 -9.672577e-05 0)
(-0.0043482776 -0.000127031 0)
(-0.0040013346 -0.0001539689 0)
(-0.0035926591 -0.00017753948 0)
(-0.0031304822 -0.00019774276 0)
(-0.0026230351 -0.00021457875 0)
(-0.002078549 -0.00022804747 0)
(-0.0015052548 -0.00023814895 0)
(-0.00091138362 -0.00024488323 0)
(-0.00030516633 -0.00024825036 0)
(0.00030516632 -0.00024825036 0)
(0.0009113836 -0.00024488324 0)
(0.0015052548 -0.00023814896 0)
(0.0020785489 -0.00022804747 0)
(0.0026230351 -0.00021457874 0)
(0.0031304822 -0.00019774274 0)
(0.0035926591 -0.00017753946 0)
(0.0040013346 -0.00015396888 0)
(0.0043482777 -0.00012703098 0)
(0.004625257 -9.672576e-05 0)
(0.0048240417 -6.3053328e-05 0)
(0.0049364017 -2.6014296e-05 0)
(0.0049541111 1.4389173e-05 0)
(0.0048689565 5.815011e-05 0)
(0.0046727652 0.00010524669 0)
(0.0043574901 0.00015561103 0)
(0.0039154751 0.00020903184 0)
(0.0033402847 0.00026485649 0)
(0.0026291734 0.00032097909 0)
(0.0017928212 0.00037232291 0)
(0.0008465369 0.00037524583 0)
)
;
    }
    sclera_top_left
    {
        type            fixedValue;
        value           uniform (0 0 0);
    }
    sclera_top_right
    {
        type            fixedValue;
        value           uniform (0 0 0);
    }
    front
    {
        type            empty;
    }
    back
    {
        type            empty;
    }
}


// ************************************************************************* //
