/*--------------------------------*- C++ -*----------------------------------*\
| =========                 |                                                 |
| \\      /  F ield         | OpenFOAM: The Open Source CFD Toolbox           |
|  \\    /   O peration     | Version:  2512                                  |
|   \\  /    A nd           | Website:  www.openfoam.com                      |
|    \\/     M anipulation  |                                                 |
\*---------------------------------------------------------------------------*/
FoamFile
{
    version     2.0;
    format      ascii;
    arch        "LSB;label=32;scalar=64";
    class       volScalarField;
    location    "12.8";
    object      p;
}
// * * * * * * * * * * * * * * * * * * * * * * * * * * * * * * * * * * * * * //

dimensions      [0 2 -2 0 0 0 0];

internalField   nonuniform List<scalar> 
3388
(
1.0083207
1.0083207
1.0083207
1.0083207
1.0083207
1.0083207
1.0083207
1.0083207
1.0083207
1.0083207
1.0083207
1.0083207
1.0083207
1.0083207
1.0083207
1.0083207
1.0083206
1.0083206
1.0083206
1.0083206
1.0083206
1.0083206
1.0083206
1.0083206
1.0083206
1.0083206
1.0083206
1.0083206
1.0083206
1.0083206
1.0083206
1.0083206
1.0083206
1.0083206
1.0083206
1.0083206
1.0083206
1.0083206
1.0083206
1.0083206
1.0083207
1.0083207
1.0083207
1.0083207
1.0083207
1.0083207
1.0083207
1.0083207
1.0083207
1.0083207
1.0083207
1.0083207
1.0083207
1.0083207
1.0083207
1.0083207
1.0083207
1.0083207
1.0083207
1.0083207
1.0083207
1.0083207
1.0083207
1.0083207
1.0083207
1.0083207
1.0083207
1.0083207
1.0083207
1.0083207
1.0083207
1.0083207
1.0083207
1.0083207
1.0083207
1.0083207
1.0083207
1.0083207
1.0083207
1.0083207
1.0083207
1.0083207
1.0083207
1.0083207
1.0083207
1.0083207
1.0083206
1.0083206
1.0083206
1.0083206
1.0083206
1.0083206
1.0083206
1.0083206
1.0083206
1.0083206
1.0083206
1.0083206
1.0083206
1.0083206
1.0083207
1.0083207
1.0083207
1.0083207
1.0083207
1.0083207
1.0083206
1.0083206
1.0083206
1.0083206
1.0083206
1.0083206
1.0083206
1.0083206
1.0083206
1.0083206
1.0083206
1.0083206
1.0083206
1.0083206
1.0083207
1.0083207
1.0083207
1.0083207
1.0083207
1.0083207
1.0083206
1.0083206
1.0083206
1.0083206
1.0083206
1.0083206
1.0083206
1.0083206
1.0083206
1.0083206
1.0083206
1.0083206
1.0083206
1.0083206
1.0083207
1.0083207
1.0083207
1.0083207
1.0083207
1.0083207
1.0083206
1.0083206
1.0083206
1.0083206
1.0083206
1.0083206
1.0083206
1.0083206
1.0083206
1.0083206
1.0083206
1.0083206
1.0083206
1.0083206
1.0083206
1.0083206
1.0083206
1.0083206
1.0083206
1.0083206
1.0083206
1.0083206
1.0083206
1.0083206
1.0083206
1.0083206
1.0083206
1.0083206
1.0083206
1.0083206
1.0083206
1.0083206
1.0083206
1.0083206
1.0083206
1.0083206
1.0083206
1.0083206
1.0083206
1.0083206
1.0083206
1.0083206
1.0083206
1.0083206
1.0083206
1.0083206
1.0083206
1.0083206
1.0083206
1.0083206
1.0083206
1.0083206
1.0083206
1.0083206
1.0083205
1.0083206
1.0083206
1.0083205
1.0083207
1.0083207
1.0083207
1.0083207
1.0083207
1.0083207
1.0083207
1.0083207
1.0083207
1.0083207
1.0083207
1.0083207
1.0083207
1.0083207
1.0083207
1.0083207
1.0083207
1.0083207
1.0083207
1.0083207
1.0083207
1.0083207
1.0083207
1.0083207
1.0083207
1.0083207
1.0083206
1.0083206
1.0083206
1.0083206
1.0083206
1.0083206
1.0083206
1.0083206
1.0083206
1.0083206
1.0083206
1.0083206
1.0083206
1.0083206
1.0083207
1.0083207
1.0083207
1.0083207
1.0083207
1.0083207
1.0083206
1.0083206
1.0083206
1.0083206
1.0083206
1.0083206
1.0083206
1.0083206
1.0083206
1.0083206
1.0083206
1.0083206
1.0083206
1.0083206
1.0083206
1.0083206
1.0083206
1.0083206
1.0083206
1.0083206
1.0083206
1.0083206
1.0083206
1.0083206
1.0083206
1.0083206
1.0083206
1.0083206
1.0083206
1.0083206
1.0083206
1.0083206
1.0083207
1.0083206
1.0083207
1.0083207
1.0083207
1.0083207
1.0083207
1.0083207
1.0083207
1.0083207
1.0083207
1.0083207
1.0083207
1.0083207
1.0083207
1.0083207
1.0083207
1.0083207
1.0083206
1.0083206
1.0083206
1.0083206
1.0083206
1.0083206
1.0083206
1.0083206
1.0083206
1.0083206
1.0083206
1.0083206
1.0083206
1.0083206
1.0083206
1.0083206
1.0083206
1.0083206
1.0083206
1.0083206
1.0083206
1.0083206
1.0083206
1.0083206
1.0083207
1.0083207
1.0083207
1.0083207
1.0083207
1.0083207
1.0083207
1.0083207
1.0083207
1.0083207
1.0083207
1.0083207
1.0083207
1.0083207
1.0083207
1.0083207
1.0083207
1.0083207
1.0083207
1.0083207
1.0083207
1.0083207
1.0083207
1.0083207
1.0083207
1.0083207
1.0083207
1.0083207
1.0083207
1.0083207
1.0083207
1.0083207
1.0083207
1.0083207
1.0083207
1.0083207
1.0083207
1.0083207
1.0083207
1.0083207
1.0083207
1.0083207
1.0083207
1.0083207
1.0083207
1.0083207
1.0083206
1.0083206
1.0083206
1.0083206
1.0083206
1.0083206
1.0083206
1.0083206
1.0083206
1.0083206
1.0083206
1.0083206
1.0083206
1.0083206
1.0083207
1.0083207
1.0083207
1.0083207
1.0083207
1.0083207
1.0083206
1.0083206
1.0083206
1.0083206
1.0083206
1.0083206
1.0083206
1.0083206
1.0083206
1.0083206
1.0083206
1.0083206
1.0083206
1.0083206
1.0083207
1.0083207
1.0083207
1.0083207
1.0083207
1.0083207
1.0083206
1.0083206
1.0083206
1.0083206
1.0083206
1.0083206
1.0083206
1.0083206
1.0083206
1.0083206
1.0083206
1.0083206
1.0083206
1.0083206
1.0083207
1.0083207
1.0083207
1.0083207
1.0083207
1.0083207
1.0083206
1.0083206
1.0083206
1.0083206
1.0083206
1.0083206
1.0083206
1.0083206
1.0083206
1.0083206
1.0083206
1.0083206
1.0083206
1.0083206
1.0083206
1.0083206
1.0083206
1.0083206
1.0083206
1.0083206
1.0083206
1.0083206
1.0083206
1.0083206
1.0083206
1.0083206
1.0083206
1.0083206
1.0083206
1.0083206
1.0083206
1.0083206
1.0083206
1.0083206
1.0083206
1.0083206
1.0083206
1.0083206
1.0083206
1.0083206
1.0083206
1.0083206
1.0083206
1.0083206
1.0083206
1.0083206
1.0083206
1.0083206
1.0083206
1.0083206
1.0083206
1.0083206
1.0083206
1.0083206
1.0083207
1.0083207
1.0083207
1.0083207
1.0083207
1.0083207
1.0083207
1.0083207
1.0083207
1.0083207
1.0083207
1.0083207
1.0083207
1.0083207
1.0083207
1.0083207
1.0083207
1.0083207
1.0083207
1.0083207
1.0083207
1.0083207
1.0083207
1.0083207
1.0083207
1.0083207
1.0083207
1.0083207
1.0083207
1.0083207
1.0083207
1.0083207
1.0083207
1.0083207
1.0083207
1.0083207
1.0083207
1.0083207
1.0083207
1.0083207
1.0083207
1.0083207
1.0083207
1.0083207
1.0083207
1.0083207
1.0083207
1.0083207
1.0083207
1.0083207
1.0083207
1.0083207
1.0083207
1.0083207
1.0083207
1.0083207
1.0083207
1.0083207
1.0083207
1.0083207
1.0083207
1.0083207
1.0083207
1.0083207
1.0083207
1.0083207
1.0083207
1.0083207
1.0083207
1.0083207
1.0083208
1.0083209
1.0083209
1.008321
1.0083211
1.0083211
1.0083212
1.0083213
1.0083213
1.0083214
1.0083215
1.0083216
1.0083216
1.0083217
1.0083218
1.0083218
1.0083219
1.008322
1.008322
1.0083221
1.0083208
1.0083209
1.0083209
1.008321
1.0083211
1.0083211
1.0083212
1.0083213
1.0083213
1.0083214
1.0083215
1.0083216
1.0083216
1.0083217
1.0083218
1.0083218
1.0083219
1.008322
1.008322
1.0083221
1.0083222
1.0083222
1.0083223
1.0083223
1.0083224
1.0083224
1.0083225
1.0083225
1.0083226
1.0083222
1.0083222
1.0083223
1.0083223
1.0083224
1.0083224
1.0083225
1.0083225
1.0083225
1.0083227
1.0083226
1.0083222
1.0083222
1.0083223
1.0083223
1.0083224
1.0083224
1.0083225
1.0083225
1.0083226
1.0118782
1.0120574
1.0124519
1.0131515
1.0143177
1.016338
1.0196731
1.0266356
1.0361567
1.0142998
1.0145703
1.0151584
1.0161765
1.0178196
1.0205274
1.0247952
1.0330237
1.0439099
1.008323
1.0723173
1.0817003
1.0167702
1.0171009
1.0178083
1.0189929
1.0208139
1.0235639
1.0275051
1.0335249
1.0405521
1.0188826
1.0192258
1.0199509
1.0211334
1.0228816
1.0253689
1.0287098
1.0332716
1.0382302
1.0206859
1.021008
1.0216843
1.0227632
1.0243022
1.0263726
1.0289774
1.0321437
1.0352991
1.0221851
1.0224569
1.0230398
1.0239635
1.0252473
1.0269033
1.0288835
1.0311094
1.0331904
1.0233987
1.0236084
1.0240813
1.0248357
1.0258656
1.0271499
1.0286207
1.0301702
1.0315378
1.0524075
1.0449017
1.0383755
1.0348951
1.0325004
1.0261495
1.0261492
1.0261486
1.0261477
1.0261465
1.026145
1.026143
1.0261407
1.0261378
1.0261345
1.0261498
1.0261495
1.0261489
1.026148
1.0261468
1.0261453
1.0261434
1.0261411
1.0261383
1.026135
1.0261503
1.02615
1.0261495
1.0261486
1.0261475
1.026146
1.0261442
1.026142
1.0261393
1.0261361
1.0261511
1.0261508
1.0261503
1.0261495
1.0261484
1.0261471
1.0261453
1.0261433
1.0261408
1.0261378
1.0261521
1.0261519
1.0261514
1.0261507
1.0261497
1.0261484
1.0261468
1.0261449
1.0261426
1.0261399
1.0261305
1.0261258
1.0261203
1.0261138
1.0261062
1.0260972
1.0260866
1.0260741
1.0260592
1.0260413
1.0260198
1.0259935
1.0259612
1.0259209
1.0258696
1.0258033
1.0257138
1.0255941
1.025404
1.0251802
1.0261311
1.0261265
1.0261212
1.0261148
1.0261074
1.0260987
1.0260885
1.0260764
1.026062
1.0260448
1.0260242
1.0259993
1.0259689
1.0259314
1.0258846
1.0258256
1.0257494
1.0256529
1.0255181
1.0253757
1.0261324
1.026128
1.0261229
1.0261169
1.0261099
1.0261017
1.026092
1.0260807
1.0260673
1.0260515
1.0260327
1.0260103
1.0259833
1.0259507
1.0259113
1.0258634
1.0258051
1.0257365
1.0256534
1.0255793
1.0261343
1.0261303
1.0261255
1.02612
1.0261135
1.026106
1.0260972
1.026087
1.026075
1.026061
1.0260447
1.0260254
1.0260029
1.0259765
1.0259458
1.0259104
1.0258705
1.0258285
1.0257864
1.0257616
1.0261368
1.0261331
1.0261288
1.0261238
1.0261181
1.0261114
1.0261037
1.0260948
1.0260846
1.0260728
1.0260592
1.0260437
1.026026
1.0260062
1.0259843
1.0259609
1.0259374
1.025917
1.0259041
1.0259112
1.0245191
1.0245719
1.0248821
1.0254645
1.0262641
1.0272412
1.028324
1.0294119
1.0303305
1.0250892
1.0251621
1.0254248
1.0258859
1.0265051
1.0272432
1.0280378
1.0288065
1.0294329
1.0254878
1.0255757
1.0258001
1.0261656
1.0266435
1.0271996
1.0277835
1.0283321
1.0287671
1.0257558
1.0258554
1.0260509
1.0263437
1.0267139
1.0271339
1.027565
1.0279606
1.0282674
1.0259466
1.0260486
1.0262179
1.0264536
1.0267415
1.0270603
1.0273808
1.027669
1.0278888
1.0309189
1.0298083
1.0290168
1.0284386
1.0280092
1.0261534
1.0261532
1.0261527
1.0261521
1.0261512
1.0261501
1.0261487
1.026147
1.026145
1.0261426
1.0261549
1.0261547
1.0261544
1.0261538
1.0261531
1.0261521
1.0261509
1.0261495
1.0261478
1.0261458
1.0261567
1.0261565
1.0261562
1.0261558
1.0261552
1.0261544
1.0261534
1.0261523
1.0261509
1.0261493
1.0261586
1.0261585
1.0261582
1.0261579
1.0261574
1.0261568
1.0261561
1.0261552
1.0261542
1.0261531
1.0261606
1.0261605
1.0261604
1.0261601
1.0261598
1.0261594
1.026159
1.0261584
1.0261578
1.026157
1.0261627
1.0261627
1.0261626
1.0261625
1.0261623
1.0261621
1.0261619
1.0261616
1.0261614
1.0261611
1.0261648
1.0261648
1.0261648
1.0261648
1.0261648
1.0261648
1.0261649
1.0261649
1.026165
1.0261651
1.0261398
1.0261366
1.0261329
1.0261286
1.0261237
1.026118
1.0261116
1.0261043
1.026096
1.0260866
1.0260762
1.0260646
1.026052
1.0260388
1.0260253
1.0260129
1.0260033
1.0259998
1.0260071
1.0260338
1.0261435
1.0261408
1.0261377
1.0261342
1.0261302
1.0261258
1.0261207
1.0261151
1.0261089
1.0261021
1.0260949
1.0260872
1.0260796
1.0260724
1.0260665
1.0260632
1.0260644
1.026073
1.026093
1.02613
1.0261475
1.0261454
1.026143
1.0261403
1.0261373
1.026134
1.0261304
1.0261265
1.0261224
1.0261181
1.0261138
1.0261098
1.0261066
1.0261046
1.0261047
1.0261084
1.0261172
1.0261337
1.0261607
1.0262021
1.0261518
1.0261503
1.0261486
1.0261468
1.0261448
1.0261427
1.0261404
1.0261382
1.026136
1.026134
1.0261324
1.0261316
1.026132
1.0261342
1.0261391
1.0261478
1.0261618
1.0261829
1.0262133
1.0262553
1.0261562
1.0261553
1.0261544
1.0261534
1.0261524
1.0261514
1.0261505
1.0261497
1.0261493
1.0261494
1.0261502
1.0261521
1.0261555
1.026161
1.0261694
1.0261816
1.0261987
1.0262223
1.0262536
1.0262943
1.0261608
1.0261605
1.0261602
1.02616
1.0261599
1.02616
1.0261603
1.026161
1.0261621
1.026164
1.0261668
1.0261709
1.0261767
1.0261847
1.0261955
1.0262099
1.0262289
1.0262533
1.0262842
1.0263224
1.0261653
1.0261656
1.0261659
1.0261665
1.0261673
1.0261683
1.0261697
1.0261716
1.0261742
1.0261776
1.0261821
1.0261879
1.0261955
1.0262053
1.0262178
1.0262335
1.0262533
1.0262777
1.0263072
1.0263425
1.0260874
1.0261857
1.0263304
1.0265196
1.0267427
1.0269837
1.0272212
1.0274311
1.0275888
1.0261897
1.0262801
1.0264023
1.0265538
1.0267268
1.0269091
1.0270854
1.0272388
1.0273527
1.0262614
1.0263423
1.026445
1.026567
1.026702
1.0268412
1.0269736
1.0270872
1.0271707
1.0263112
1.0263824
1.0264686
1.0265672
1.0266735
1.026781
1.0268815
1.0269667
1.0270288
1.0263454
1.0264075
1.0264797
1.0265599
1.0266444
1.0267281
1.0268054
1.0268701
1.0269169
1.0263684
1.0264223
1.0264829
1.0265486
1.0266162
1.0266822
1.0267423
1.0267922
1.0268279
1.0263836
1.0264301
1.0264813
1.0265353
1.0265901
1.0266426
1.0266899
1.0267288
1.0267564
1.027674
1.0274137
1.027215
1.0270615
1.0269414
1.0268465
1.0267708
1.0261669
1.026167
1.026167
1.0261671
1.0261673
1.0261675
1.0261677
1.0261681
1.0261685
1.026169
1.0261689
1.026169
1.0261691
1.0261693
1.0261696
1.02617
1.0261705
1.0261711
1.0261718
1.0261726
1.0261709
1.026171
1.0261712
1.0261715
1.0261719
1.0261724
1.0261731
1.0261739
1.0261749
1.0261761
1.0261727
1.0261729
1.0261731
1.0261735
1.026174
1.0261747
1.0261756
1.0261766
1.0261779
1.0261794
1.0261744
1.0261746
1.0261749
1.0261754
1.026176
1.0261769
1.0261779
1.0261791
1.0261806
1.0261824
1.026176
1.0261762
1.0261766
1.0261771
1.0261779
1.0261788
1.02618
1.0261814
1.0261831
1.0261851
1.0261774
1.0261776
1.026178
1.0261786
1.0261795
1.0261805
1.0261818
1.0261834
1.0261853
1.0261875
1.0261786
1.0261789
1.0261793
1.02618
1.0261809
1.026182
1.0261834
1.0261851
1.0261872
1.0261895
1.0261696
1.0261704
1.0261714
1.0261726
1.0261741
1.026176
1.0261784
1.0261814
1.0261851
1.0261897
1.0261955
1.0262027
1.0262116
1.0262226
1.0262361
1.0262525
1.0262724
1.0262961
1.026324
1.0263563
1.0261737
1.0261749
1.0261765
1.0261783
1.0261805
1.0261831
1.0261863
1.0261902
1.0261948
1.0262005
1.0262072
1.0262154
1.0262253
1.026237
1.0262511
1.0262678
1.0262873
1.0263101
1.0263362
1.0263657
1.0261776
1.0261792
1.0261812
1.0261836
1.0261864
1.0261897
1.0261936
1.0261982
1.0262036
1.0262101
1.0262176
1.0262266
1.026237
1.0262493
1.0262636
1.0262802
1.0262992
1.0263209
1.0263452
1.0263721
1.0261812
1.0261832
1.0261857
1.0261885
1.0261918
1.0261957
1.0262002
1.0262054
1.0262115
1.0262185
1.0262267
1.0262362
1.0262471
1.0262597
1.026274
1.0262903
1.0263087
1.0263292
1.0263518
1.0263764
1.0261845
1.0261869
1.0261897
1.0261929
1.0261967
1.026201
1.026206
1.0262118
1.0262184
1.0262259
1.0262346
1.0262444
1.0262556
1.0262683
1.0262825
1.0262985
1.0263161
1.0263355
1.0263565
1.0263791
1.0261874
1.0261902
1.0261933
1.0261969
1.026201
1.0262058
1.0262112
1.0262173
1.0262243
1.0262323
1.0262413
1.0262514
1.0262627
1.0262754
1.0262895
1.026305
1.0263219
1.0263403
1.0263599
1.0263807
1.0261901
1.026193
1.0261964
1.0262003
1.0262048
1.0262098
1.0262156
1.0262221
1.0262294
1.0262376
1.0262468
1.0262571
1.0262686
1.0262812
1.026295
1.0263101
1.0263264
1.0263438
1.0263623
1.0263815
1.0261923
1.0261955
1.0261991
1.0262032
1.0262079
1.0262133
1.0262193
1.026226
1.0262336
1.026242
1.0262514
1.0262618
1.0262732
1.0262858
1.0262994
1.0263141
1.0263298
1.0263464
1.0263639
1.0263819
1.0263928
1.0264333
1.0264768
1.0265219
1.0265668
1.0266094
1.0266473
1.0266782
1.0267
1.0263983
1.0264337
1.026471
1.0265091
1.0265465
1.0265815
1.0266123
1.0266373
1.0266549
1.0264013
1.0264324
1.0264646
1.026497
1.0265285
1.0265576
1.026583
1.0266034
1.0266177
1.0264026
1.0264301
1.0264581
1.026486
1.0265127
1.0265371
1.0265583
1.0265753
1.0265871
1.0264027
1.0264272
1.0264518
1.026476
1.026499
1.0265198
1.0265378
1.026552
1.0265619
1.0264022
1.0264242
1.0264461
1.0264673
1.0264873
1.0265053
1.0265207
1.0265329
1.0265413
1.0264013
1.0264212
1.0264409
1.0264598
1.0264775
1.0264933
1.0265067
1.0265173
1.0265246
1.0264002
1.0264185
1.0264365
1.0264536
1.0264694
1.0264835
1.0264955
1.0265048
1.0265112
1.0267114
1.0266639
1.0266251
1.0265932
1.026567
1.0265456
1.0265283
1.0265145
1.0261793
1.0261795
1.02618
1.0261807
1.0261816
1.0261828
1.0261843
1.0261861
1.0261882
1.0261906
1.0261935
1.0261968
1.0262005
1.0262048
1.0262096
1.0262151
1.0262212
1.0262281
1.0262358
1.0262444
1.0262538
1.0262643
1.0262757
1.0262881
1.0263016
1.0263161
1.0263315
1.0263477
1.0263646
1.026382
1.0263995
1.026417
1.0264341
1.0264503
1.0264652
1.0264784
1.0264896
1.0264983
1.0265043
1.0265074
1.0261799
1.0261801
1.0261806
1.0261813
1.0261823
1.0261836
1.0261851
1.0261869
1.0261891
1.0261917
1.0261806
1.0261809
1.0261813
1.0261821
1.0261831
1.0261844
1.026186
1.0261879
1.0261902
1.0261928
1.0261811
1.0261813
1.0261818
1.0261826
1.0261836
1.026185
1.0261866
1.0261886
1.0261909
1.0261936
1.0261813
1.0261816
1.0261821
1.0261829
1.0261839
1.0261853
1.0261869
1.0261889
1.0261912
1.026194
1.0261946
1.026198
1.0262018
1.0262062
1.0262112
1.0262168
1.026223
1.02623
1.0262378
1.0262465
1.026256
1.0262665
1.0262779
1.0262903
1.0263036
1.0263179
1.026333
1.0263488
1.0263652
1.026382
1.0261958
1.0261993
1.0262033
1.0262078
1.0262129
1.0262186
1.026225
1.0262322
1.0262401
1.0262488
1.0262584
1.0262689
1.0262803
1.0262926
1.0263057
1.0263198
1.0263345
1.0263499
1.0263658
1.0263819
1.0261967
1.0262003
1.0262043
1.0262089
1.0262141
1.0262199
1.0262264
1.0262336
1.0262415
1.0262503
1.02626
1.0262705
1.0262818
1.0262941
1.0263071
1.026321
1.0263355
1.0263506
1.0263661
1.0263818
1.0261971
1.0262007
1.0262048
1.0262094
1.0262147
1.0262205
1.026227
1.0262343
1.0262423
1.0262511
1.0262607
1.0262712
1.0262826
1.0262948
1.0263078
1.0263216
1.026336
1.0263509
1.0263663
1.0263818
1.0263989
1.0264156
1.0264319
1.0264472
1.0264614
1.0264739
1.0264843
1.0264925
1.0264981
1.0263981
1.026414
1.0264294
1.0264439
1.0264571
1.0264688
1.0264786
1.0264862
1.0264914
1.0263975
1.0264129
1.0264277
1.0264416
1.0264543
1.0264655
1.0264748
1.0264821
1.026487
1.0263972
1.0264124
1.0264269
1.0264405
1.0264529
1.0264638
1.0264729
1.02648
1.0264848
1.026501
1.0264941
1.0264895
1.0264873
1.0083207
1.0083207
1.0083207
1.0083207
1.0083207
1.0083207
1.0083207
1.0083207
1.0083207
1.0083207
1.0083206
1.0083206
1.0083206
1.0083206
1.0083206
1.0083206
1.0083206
1.0083206
1.0083206
1.0083206
1.0083206
1.0083206
1.0083206
1.0083206
1.0083207
1.0083207
1.0083207
1.0083207
1.0083207
1.0083207
1.0083206
1.0083206
1.0083206
1.0083206
1.0083206
1.0083206
1.0083206
1.0083206
1.0083206
1.0083206
1.0083207
1.0083207
1.0083207
1.0083207
1.0083207
1.0083207
1.0083207
1.0083207
1.0083207
1.0083207
1.0083207
1.0083207
1.0083207
1.0083207
1.0083207
1.0083207
1.0083207
1.0083207
1.0083207
1.0083207
1.0083207
1.0083207
1.0083207
1.0083207
1.0083207
1.0083207
1.0083207
1.0083207
1.0083207
1.0083207
1.0083207
1.0083207
1.0083207
1.0083207
1.0083207
1.0083207
1.0083207
1.0083207
1.0083207
1.0083207
1.0083206
1.0083206
1.0083206
1.0083206
1.0083206
1.0083206
1.0083206
1.0083206
1.0083206
1.0083206
1.0083206
1.0083206
1.0083206
1.0083206
1.0083207
1.0083207
1.0083207
1.0083207
1.0083207
1.0083207
1.0083206
1.0083206
1.0083206
1.0083206
1.0083206
1.0083206
1.0083206
1.0083206
1.0083206
1.0083206
1.0083206
1.0083206
1.0083206
1.0083206
1.0083207
1.0083207
1.0083207
1.0083207
1.0083207
1.0083207
1.0083206
1.0083206
1.0083206
1.0083206
1.0083206
1.0083206
1.0083206
1.0083206
1.0083206
1.0083206
1.0083206
1.0083206
1.0083206
1.0083206
1.0083207
1.0083207
1.0083207
1.0083207
1.0083207
1.0083207
1.0083206
1.0083206
1.0083206
1.0083206
1.0083206
1.0083206
1.0083206
1.0083206
1.0083206
1.0083206
1.0083206
1.0083206
1.0083206
1.0083206
1.0083207
1.0083207
1.0083207
1.0083207
1.0083207
1.0083207
1.0083206
1.0083206
1.0083206
1.0083206
1.0083206
1.0083206
1.0083206
1.0083206
1.0083206
1.0083206
1.0083206
1.0083206
1.0083206
1.0083206
1.0083206
1.0083206
1.0083206
1.0083206
1.0083206
1.0083206
1.0083206
1.0083206
1.0083206
1.0083206
1.0083206
1.0083206
1.0083206
1.0083206
1.0083206
1.0083206
1.0083206
1.0083206
1.0083206
1.0083206
1.0083206
1.0083206
1.0083206
1.0083206
1.0083206
1.0083206
1.0083205
1.0083206
1.0083206
1.0083205
1.0083207
1.0083207
1.0083207
1.0083207
1.0083207
1.0083207
1.0083207
1.0083207
1.0083207
1.0083207
1.0083207
1.0083207
1.0083207
1.0083207
1.0083207
1.0083207
1.0083207
1.0083207
1.0083207
1.0083207
1.0083206
1.0083206
1.0083206
1.0083206
1.0083206
1.0083206
1.0083206
1.0083206
1.0083206
1.0083206
1.0083206
1.0083206
1.0083206
1.0083206
1.0083207
1.0083207
1.0083207
1.0083207
1.0083207
1.0083207
1.0083206
1.0083206
1.0083206
1.0083206
1.0083206
1.0083206
1.0083206
1.0083206
1.0083206
1.0083206
1.0083206
1.0083206
1.0083206
1.0083206
1.0083207
1.0083207
1.0083207
1.0083207
1.0083207
1.0083207
1.0083206
1.0083206
1.0083206
1.0083206
1.0083206
1.0083206
1.0083206
1.0083206
1.0083206
1.0083206
1.0083206
1.0083206
1.0083206
1.0083206
1.0083206
1.0083206
1.0083206
1.0083206
1.0083207
1.0083206
1.0083207
1.0083207
1.0083207
1.0083207
1.0083207
1.0083207
1.0083207
1.0083207
1.0083207
1.0083207
1.0083206
1.0083206
1.0083206
1.0083206
1.0083206
1.0083206
1.0083206
1.0083206
1.0083206
1.0083206
1.0083206
1.0083206
1.0083206
1.0083206
1.0083207
1.0083207
1.0083207
1.0083207
1.0083207
1.0083207
1.0083206
1.0083206
1.0083206
1.0083206
1.0083206
1.0083206
1.0083206
1.0083206
1.0083206
1.0083206
1.0083207
1.0083207
1.0083207
1.0083207
1.0083207
1.0083207
1.0083207
1.0083207
1.0083207
1.0083207
1.0083207
1.0083207
1.0083207
1.0083207
1.0083207
1.0083207
1.0083207
1.0083207
1.0083207
1.0083207
1.0083207
1.0083207
1.0083207
1.0083207
1.0083207
1.0083207
1.0083207
1.0083207
1.0083207
1.0083207
1.0083207
1.0083207
1.0083207
1.0083207
1.0083207
1.0083207
1.0083207
1.0083207
1.0083207
1.0083207
1.0083206
1.0083206
1.0083206
1.0083206
1.0083206
1.0083206
1.0083206
1.0083206
1.0083206
1.0083206
1.0083206
1.0083206
1.0083206
1.0083206
1.0083207
1.0083207
1.0083207
1.0083207
1.0083207
1.0083207
1.0083206
1.0083206
1.0083206
1.0083206
1.0083206
1.0083206
1.0083206
1.0083206
1.0083206
1.0083206
1.0083206
1.0083206
1.0083206
1.0083206
1.0083207
1.0083207
1.0083207
1.0083207
1.0083207
1.0083207
1.0083206
1.0083206
1.0083206
1.0083206
1.0083206
1.0083206
1.0083206
1.0083206
1.0083206
1.0083206
1.0083206
1.0083206
1.0083206
1.0083206
1.0083207
1.0083207
1.0083207
1.0083207
1.0083207
1.0083207
1.0083206
1.0083206
1.0083206
1.0083206
1.0083206
1.0083206
1.0083206
1.0083206
1.0083206
1.0083206
1.0083206
1.0083206
1.0083206
1.0083206
1.0083207
1.0083207
1.0083207
1.0083207
1.0083207
1.0083207
1.0083206
1.0083206
1.0083206
1.0083206
1.0083206
1.0083206
1.0083206
1.0083206
1.0083206
1.0083206
1.0083206
1.0083206
1.0083206
1.0083206
1.0083206
1.0083206
1.0083206
1.0083206
1.0083206
1.0083206
1.0083206
1.0083206
1.0083206
1.0083206
1.0083206
1.0083206
1.0083206
1.0083206
1.0083206
1.0083206
1.0083206
1.0083206
1.0083206
1.0083206
1.0083206
1.0083206
1.0083206
1.0083206
1.0083206
1.0083206
1.0083207
1.0083207
1.0083207
1.0083207
1.0083207
1.0083207
1.0083207
1.0083207
1.0083207
1.0083207
1.0083207
1.0083207
1.0083207
1.0083207
1.0083207
1.0083207
1.0083207
1.0083207
1.0083207
1.0083207
1.0083207
1.0083207
1.0083207
1.0083207
1.0083207
1.0083207
1.0083207
1.0083207
1.0083207
1.0083207
1.0083207
1.0083207
1.0083207
1.0083207
1.0083207
1.0083207
1.0083207
1.0083207
1.0083207
1.0083207
1.0083207
1.0083207
1.0083207
1.0083207
1.0083207
1.0083207
1.0083207
1.0083207
1.0083207
1.0083207
1.0083207
1.0083207
1.0083207
1.0083207
1.0083207
1.0083207
1.0083207
1.0083207
1.0083207
1.0083207
1.0083207
1.0083207
1.0083207
1.0083207
1.0083207
1.0083207
1.0083207
1.0083207
1.0083207
1.0083207
1.0083221
1.008322
1.008322
1.0083219
1.0083218
1.0083218
1.0083217
1.0083216
1.0083216
1.0083215
1.0083214
1.0083213
1.0083213
1.0083212
1.0083211
1.0083211
1.008321
1.0083209
1.0083209
1.0083208
1.0083221
1.008322
1.008322
1.0083219
1.0083218
1.0083218
1.0083217
1.0083216
1.0083216
1.0083215
1.0083214
1.0083213
1.0083213
1.0083212
1.0083211
1.0083211
1.008321
1.0083209
1.0083209
1.0083208
1.0083226
1.0083225
1.0083225
1.0083224
1.0083224
1.0083223
1.0083223
1.0083222
1.0083222
1.0083225
1.0083225
1.0083225
1.0083224
1.0083224
1.0083223
1.0083223
1.0083222
1.0083222
1.0083227
1.0083226
1.0083226
1.0083225
1.0083225
1.0083224
1.0083224
1.0083223
1.0083223
1.0083222
1.0083222
1.0361567
1.0266356
1.0196731
1.016338
1.0143177
1.0131515
1.0124519
1.0120574
1.0118782
1.0439099
1.0330237
1.0247952
1.0205274
1.0178196
1.0161765
1.0151584
1.0145703
1.0142998
1.008323
1.0723173
1.0817003
1.0405521
1.0335249
1.0275051
1.0235639
1.0208139
1.0189929
1.0178083
1.0171009
1.0167702
1.0382302
1.0332716
1.0287098
1.0253689
1.0228816
1.0211334
1.0199509
1.0192258
1.0188826
1.0352991
1.0321437
1.0289774
1.0263726
1.0243022
1.0227632
1.0216843
1.021008
1.0206859
1.0331904
1.0311094
1.0288835
1.0269033
1.0252473
1.0239635
1.0230398
1.0224569
1.0221851
1.0315378
1.0301702
1.0286207
1.0271499
1.0258656
1.0248357
1.0240813
1.0236084
1.0233987
1.0524075
1.0449017
1.0383755
1.0348951
1.0325004
1.0261345
1.0261378
1.0261407
1.026143
1.026145
1.0261465
1.0261477
1.0261486
1.0261492
1.0261495
1.026135
1.0261383
1.0261411
1.0261434
1.0261453
1.0261468
1.026148
1.0261489
1.0261495
1.0261498
1.0261361
1.0261393
1.026142
1.0261442
1.026146
1.0261475
1.0261486
1.0261495
1.02615
1.0261503
1.0261378
1.0261408
1.0261433
1.0261453
1.0261471
1.0261484
1.0261495
1.0261503
1.0261508
1.0261511
1.0261399
1.0261426
1.0261449
1.0261468
1.0261484
1.0261497
1.0261507
1.0261514
1.0261519
1.0261521
1.0251802
1.025404
1.0255941
1.0257138
1.0258033
1.0258696
1.0259209
1.0259612
1.0259935
1.0260198
1.0260413
1.0260592
1.0260741
1.0260866
1.0260972
1.0261062
1.0261138
1.0261203
1.0261258
1.0261305
1.0253757
1.0255181
1.0256529
1.0257494
1.0258256
1.0258846
1.0259314
1.0259689
1.0259993
1.0260242
1.0260448
1.026062
1.0260764
1.0260885
1.0260987
1.0261074
1.0261148
1.0261212
1.0261265
1.0261311
1.0255793
1.0256534
1.0257365
1.0258051
1.0258634
1.0259113
1.0259507
1.0259833
1.0260103
1.0260327
1.0260515
1.0260673
1.0260807
1.026092
1.0261017
1.0261099
1.0261169
1.0261229
1.026128
1.0261324
1.0257616
1.0257864
1.0258285
1.0258705
1.0259104
1.0259458
1.0259765
1.0260029
1.0260254
1.0260447
1.026061
1.026075
1.026087
1.0260972
1.026106
1.0261135
1.02612
1.0261255
1.0261303
1.0261343
1.0259112
1.0259041
1.025917
1.0259374
1.0259609
1.0259843
1.0260062
1.026026
1.0260437
1.0260592
1.0260728
1.0260846
1.0260948
1.0261037
1.0261114
1.0261181
1.0261238
1.0261288
1.0261331
1.0261368
1.0303305
1.0294119
1.028324
1.0272412
1.0262641
1.0254645
1.0248821
1.0245719
1.0245191
1.0294329
1.0288065
1.0280378
1.0272432
1.0265051
1.0258859
1.0254248
1.0251621
1.0250892
1.0287671
1.0283321
1.0277835
1.0271996
1.0266435
1.0261656
1.0258001
1.0255757
1.0254878
1.0282674
1.0279606
1.027565
1.0271339
1.0267139
1.0263437
1.0260509
1.0258554
1.0257558
1.0278888
1.027669
1.0273808
1.0270603
1.0267415
1.0264536
1.0262179
1.0260486
1.0259466
1.0309189
1.0298083
1.0290168
1.0284386
1.0280092
1.0261426
1.026145
1.026147
1.0261487
1.0261501
1.0261512
1.0261521
1.0261527
1.0261532
1.0261534
1.0261458
1.0261478
1.0261495
1.0261509
1.0261521
1.0261531
1.0261538
1.0261544
1.0261547
1.0261549
1.0261493
1.0261509
1.0261523
1.0261534
1.0261544
1.0261552
1.0261558
1.0261562
1.0261565
1.0261567
1.0261531
1.0261542
1.0261552
1.0261561
1.0261568
1.0261574
1.0261579
1.0261582
1.0261585
1.0261586
1.026157
1.0261578
1.0261584
1.026159
1.0261594
1.0261598
1.0261601
1.0261604
1.0261605
1.0261606
1.0261611
1.0261614
1.0261616
1.0261619
1.0261621
1.0261623
1.0261625
1.0261626
1.0261627
1.0261627
1.0261651
1.026165
1.0261649
1.0261649
1.0261648
1.0261648
1.0261648
1.0261648
1.0261648
1.0261648
1.0260338
1.0260071
1.0259998
1.0260033
1.0260129
1.0260253
1.0260388
1.026052
1.0260646
1.0260762
1.0260866
1.026096
1.0261043
1.0261116
1.026118
1.0261237
1.0261286
1.0261329
1.0261366
1.0261398
1.02613
1.026093
1.026073
1.0260644
1.0260632
1.0260665
1.0260724
1.0260796
1.0260872
1.0260949
1.0261021
1.0261089
1.0261151
1.0261207
1.0261258
1.0261302
1.0261342
1.0261377
1.0261408
1.0261435
1.0262021
1.0261607
1.0261337
1.0261172
1.0261084
1.0261047
1.0261046
1.0261066
1.0261098
1.0261138
1.0261181
1.0261224
1.0261265
1.0261304
1.026134
1.0261373
1.0261403
1.026143
1.0261454
1.0261475
1.0262553
1.0262133
1.0261829
1.0261618
1.0261478
1.0261391
1.0261342
1.026132
1.0261316
1.0261324
1.026134
1.026136
1.0261382
1.0261404
1.0261427
1.0261448
1.0261468
1.0261486
1.0261503
1.0261518
1.0262943
1.0262536
1.0262223
1.0261987
1.0261816
1.0261694
1.026161
1.0261555
1.0261521
1.0261502
1.0261494
1.0261493
1.0261497
1.0261505
1.0261514
1.0261524
1.0261534
1.0261544
1.0261553
1.0261562
1.0263224
1.0262842
1.0262533
1.0262289
1.0262099
1.0261955
1.0261847
1.0261767
1.0261709
1.0261668
1.026164
1.0261621
1.026161
1.0261603
1.02616
1.0261599
1.02616
1.0261602
1.0261605
1.0261608
1.0263425
1.0263072
1.0262777
1.0262533
1.0262335
1.0262178
1.0262053
1.0261955
1.0261879
1.0261821
1.0261776
1.0261742
1.0261716
1.0261697
1.0261683
1.0261673
1.0261665
1.0261659
1.0261656
1.0261653
1.0275888
1.0274311
1.0272212
1.0269837
1.0267427
1.0265196
1.0263304
1.0261857
1.0260874
1.0273527
1.0272388
1.0270854
1.0269091
1.0267268
1.0265538
1.0264023
1.0262801
1.0261897
1.0271707
1.0270872
1.0269736
1.0268412
1.026702
1.026567
1.026445
1.0263423
1.0262614
1.0270288
1.0269667
1.0268815
1.026781
1.0266735
1.0265672
1.0264686
1.0263824
1.0263112
1.0269169
1.0268701
1.0268054
1.0267281
1.0266444
1.0265599
1.0264797
1.0264075
1.0263454
1.0268279
1.0267922
1.0267423
1.0266822
1.0266162
1.0265486
1.0264829
1.0264223
1.0263684
1.0267564
1.0267288
1.0266899
1.0266426
1.0265901
1.0265353
1.0264813
1.0264301
1.0263836
1.027674
1.0274137
1.027215
1.0270615
1.0269414
1.0268465
1.0267708
1.026169
1.0261685
1.0261681
1.0261677
1.0261675
1.0261673
1.0261671
1.026167
1.026167
1.0261669
1.0261726
1.0261718
1.0261711
1.0261705
1.02617
1.0261696
1.0261693
1.0261691
1.026169
1.0261689
1.0261761
1.0261749
1.0261739
1.0261731
1.0261724
1.0261719
1.0261715
1.0261712
1.026171
1.0261709
1.0261794
1.0261779
1.0261766
1.0261756
1.0261747
1.026174
1.0261735
1.0261731
1.0261729
1.0261727
1.0261824
1.0261806
1.0261791
1.0261779
1.0261769
1.026176
1.0261754
1.0261749
1.0261746
1.0261744
1.0261851
1.0261831
1.0261814
1.02618
1.0261788
1.0261779
1.0261771
1.0261766
1.0261762
1.026176
1.0261875
1.0261853
1.0261834
1.0261818
1.0261805
1.0261795
1.0261786
1.026178
1.0261776
1.0261774
1.0261895
1.0261872
1.0261851
1.0261834
1.026182
1.0261809
1.02618
1.0261793
1.0261789
1.0261786
1.0263563
1.026324
1.0262961
1.0262724
1.0262525
1.0262361
1.0262226
1.0262116
1.0262027
1.0261955
1.0261897
1.0261851
1.0261814
1.0261784
1.026176
1.0261741
1.0261726
1.0261714
1.0261704
1.0261696
1.0263657
1.0263362
1.0263101
1.0262873
1.0262678
1.0262511
1.026237
1.0262253
1.0262154
1.0262072
1.0262005
1.0261948
1.0261902
1.0261863
1.0261831
1.0261805
1.0261783
1.0261765
1.0261749
1.0261737
1.0263721
1.0263452
1.0263209
1.0262992
1.0262802
1.0262636
1.0262493
1.026237
1.0262266
1.0262176
1.0262101
1.0262036
1.0261982
1.0261936
1.0261897
1.0261864
1.0261836
1.0261812
1.0261792
1.0261776
1.0263764
1.0263518
1.0263292
1.0263087
1.0262903
1.026274
1.0262597
1.0262471
1.0262362
1.0262267
1.0262185
1.0262115
1.0262054
1.0262002
1.0261957
1.0261918
1.0261885
1.0261857
1.0261832
1.0261812
1.0263791
1.0263565
1.0263355
1.0263161
1.0262985
1.0262825
1.0262683
1.0262556
1.0262444
1.0262346
1.0262259
1.0262184
1.0262118
1.026206
1.026201
1.0261967
1.0261929
1.0261897
1.0261869
1.0261845
1.0263807
1.0263599
1.0263403
1.0263219
1.026305
1.0262895
1.0262754
1.0262627
1.0262514
1.0262413
1.0262323
1.0262243
1.0262173
1.0262112
1.0262058
1.026201
1.0261969
1.0261933
1.0261902
1.0261874
1.0263815
1.0263623
1.0263438
1.0263264
1.0263101
1.026295
1.0262812
1.0262686
1.0262571
1.0262468
1.0262376
1.0262294
1.0262221
1.0262156
1.0262098
1.0262048
1.0262003
1.0261964
1.026193
1.0261901
1.0263819
1.0263639
1.0263464
1.0263298
1.0263141
1.0262994
1.0262858
1.0262732
1.0262618
1.0262514
1.026242
1.0262336
1.026226
1.0262193
1.0262133
1.0262079
1.0262032
1.0261991
1.0261955
1.0261923
1.0267
1.0266782
1.0266473
1.0266094
1.0265668
1.0265219
1.0264768
1.0264333
1.0263928
1.0266549
1.0266373
1.0266123
1.0265815
1.0265465
1.0265091
1.026471
1.0264337
1.0263983
1.0266177
1.0266034
1.026583
1.0265576
1.0265285
1.026497
1.0264646
1.0264324
1.0264013
1.0265871
1.0265753
1.0265583
1.0265371
1.0265127
1.026486
1.0264581
1.0264301
1.0264026
1.0265619
1.026552
1.0265378
1.0265198
1.026499
1.026476
1.0264518
1.0264272
1.0264027
1.0265413
1.0265329
1.0265207
1.0265053
1.0264873
1.0264673
1.0264461
1.0264242
1.0264022
1.0265246
1.0265173
1.0265067
1.0264933
1.0264775
1.0264598
1.0264409
1.0264212
1.0264013
1.0265112
1.0265048
1.0264955
1.0264835
1.0264694
1.0264536
1.0264365
1.0264185
1.0264002
1.0267114
1.0266639
1.0266251
1.0265932
1.026567
1.0265456
1.0265283
1.0265145
1.0261906
1.0261882
1.0261861
1.0261843
1.0261828
1.0261816
1.0261807
1.02618
1.0261795
1.0261793
1.026382
1.0263646
1.0263477
1.0263315
1.0263161
1.0263016
1.0262881
1.0262757
1.0262643
1.0262538
1.0262444
1.0262358
1.0262281
1.0262212
1.0262151
1.0262096
1.0262048
1.0262005
1.0261968
1.0261935
1.0265043
1.0264983
1.0264896
1.0264784
1.0264652
1.0264503
1.0264341
1.026417
1.0263995
1.0265074
1.0261917
1.0261891
1.0261869
1.0261851
1.0261836
1.0261823
1.0261813
1.0261806
1.0261801
1.0261799
1.0261928
1.0261902
1.0261879
1.026186
1.0261844
1.0261831
1.0261821
1.0261813
1.0261809
1.0261806
1.0261936
1.0261909
1.0261886
1.0261866
1.026185
1.0261836
1.0261826
1.0261818
1.0261813
1.0261811
1.026194
1.0261912
1.0261889
1.0261869
1.0261853
1.0261839
1.0261829
1.0261821
1.0261816
1.0261813
1.026382
1.0263652
1.0263488
1.026333
1.0263179
1.0263036
1.0262903
1.0262779
1.0262665
1.026256
1.0262465
1.0262378
1.02623
1.026223
1.0262168
1.0262112
1.0262062
1.0262018
1.026198
1.0261946
1.0263819
1.0263658
1.0263499
1.0263345
1.0263198
1.0263057
1.0262926
1.0262803
1.0262689
1.0262584
1.0262488
1.0262401
1.0262322
1.026225
1.0262186
1.0262129
1.0262078
1.0262033
1.0261993
1.0261958
1.0263818
1.0263661
1.0263506
1.0263355
1.026321
1.0263071
1.0262941
1.0262818
1.0262705
1.02626
1.0262503
1.0262415
1.0262336
1.0262264
1.0262199
1.0262141
1.0262089
1.0262043
1.0262003
1.0261967
1.0263818
1.0263663
1.0263509
1.026336
1.0263216
1.0263078
1.0262948
1.0262826
1.0262712
1.0262607
1.0262511
1.0262423
1.0262343
1.026227
1.0262205
1.0262147
1.0262094
1.0262048
1.0262007
1.0261971
1.0264981
1.0264925
1.0264843
1.0264739
1.0264614
1.0264472
1.0264319
1.0264156
1.0263989
1.0264914
1.0264862
1.0264786
1.0264688
1.0264571
1.0264439
1.0264294
1.026414
1.0263981
1.026487
1.0264821
1.0264748
1.0264655
1.0264543
1.0264416
1.0264277
1.0264129
1.0263975
1.0264848
1.02648
1.0264729
1.0264638
1.0264529
1.0264405
1.0264269
1.0264124
1.0263972
1.026501
1.0264941
1.0264895
1.0264873
)
;

boundaryField
{
    needle_inlet_left
    {
        type            zeroGradient;
    }
    needle_inlet_right
    {
        type            zeroGradient;
    }
    needle_outlet_left
    {
        type            zeroGradient;
    }
    needle_outlet_right
    {
        type            zeroGradient;
    }
    sclera_left_lower
    {
        type            zeroGradient;
    }
    sclera_left_upper
    {
        type            zeroGradient;
    }
    sclera_right
    {
        type            zeroGradient;
    }
    sclera_right_upper
    {
        type            zeroGradient;
    }
    sclera_top
    {
        type            zeroGradient;
    }
    cornea_fsi
    {
        type            zeroGradient;
    }
    lens_bottom
    {
        type            zeroGradient;
    }
    lens_bottom_left
    {
        type            zeroGradient;
    }
    lens_right
    {
        type            zeroGradient;
    }
    lens_left
    {
        type            zeroGradient;
    }
    lens_top
    {
        type            zeroGradient;
    }
    lens_top_left
    {
        type            zeroGradient;
    }
    iris_bottom
    {
        type            zeroGradient;
    }
    iris_pupil
    {
        type            zeroGradient;
    }
    iris_pupil_left
    {
        type            zeroGradient;
    }
    iris_top
    {
        type            zeroGradient;
    }
    tm_limbus_wall
    {
        type            zeroGradient;
    }
    ac_inlet
    {
        type            zeroGradient;
    }
    ac_inlet_left
    {
        type            zeroGradient;
    }
    outlet_tm
    {
        type            fixedValue;
        value           uniform 0;
    }
    outlet_tm_left
    {
        type            fixedValue;
        value           uniform 0;
    }
    front
    {
        type            empty;
    }
    back
    {
        type            empty;
    }
    defaultFaces
    {
        type            zeroGradient;
    }
    needle_int_inlet_master
    {
        type            zeroGradient;
    }
    needle_int_inlet_slave
    {
        type            zeroGradient;
    }
    needle_int_outlet_master
    {
        type            zeroGradient;
    }
    needle_int_outlet_slave
    {
        type            zeroGradient;
    }
}


// ************************************************************************* //
