/*--------------------------------*- C++ -*----------------------------------*\
| =========                 |                                                 |
| \\      /  F ield         | OpenFOAM: The Open Source CFD Toolbox           |
|  \\    /   O peration     | Version:  2512                                  |
|   \\  /    A nd           | Website:  www.openfoam.com                      |
|    \\/     M anipulation  |                                                 |
\*---------------------------------------------------------------------------*/
FoamFile
{
    version     2.0;
    format      ascii;
    arch        "LSB;label=32;scalar=64";
    class       volVectorField;
    location    "2";
    object      Force;
}
// * * * * * * * * * * * * * * * * * * * * * * * * * * * * * * * * * * * * * //

dimensions      [1 1 -2 0 0 0 0];

internalField   uniform (0 0 0);

boundaryField
{
    inlet
    {
        type            calculated;
        value           uniform (0 0 0);
    }
    fsi_pia
    {
        type            calculated;
        value           nonuniform List<vector> 
960
(
(-0.00017609074 0.00014451653 -7.755355e-08)
(-0.00020090149 0.000107386 -8.2989421e-08)
(-0.00021799897 6.6125208e-05 -8.8873649e-08)
(-0.00022672082 2.2326564e-05 -9.1379729e-08)
(-0.00022672082 -2.2326564e-05 -9.1379722e-08)
(-0.00021799897 -6.6125208e-05 -8.8873605e-08)
(-0.00020090149 -0.000107386 -8.2989269e-08)
(-0.00017609074 -0.00014451653 -7.7553217e-08)
(-0.00017605746 0.00014447301 -6.7609875e-08)
(-0.000200868 0.0001073379 -7.439807e-08)
(-0.00021795159 6.6090891e-05 -8.2447957e-08)
(-0.00022665646 2.2315204e-05 -8.6836875e-08)
(-0.00022665646 -2.2315204e-05 -8.6836866e-08)
(-0.00021795159 -6.6090891e-05 -8.244791e-08)
(-0.000200868 -0.0001073379 -7.4397917e-08)
(-0.00017605746 -0.00014447301 -6.7609561e-08)
(-0.00017605309 0.00014446198 8.1890456e-09)
(-0.00020086504 0.00010732192 9.0336024e-09)
(-0.00021794481 6.6078051e-05 9.6703175e-09)
(-0.00022664509 2.2310711e-05 9.6920087e-09)
(-0.00022664509 -2.2310711e-05 9.6920171e-09)
(-0.00021794481 -6.6078051e-05 9.6703645e-09)
(-0.00020086504 -0.00010732192 9.0337533e-09)
(-0.00017605309 -0.00014446198 8.1893507e-09)
(-0.00017605948 0.00014446855 2.2627367e-09)
(-0.00020087224 0.00010732752 2.0723612e-09)
(-0.00021795482 6.6081011e-05 1.5832025e-09)
(-0.00022665821 2.2311451e-05 1.0560509e-09)
(-0.00022665821 -2.2311451e-05 1.0560591e-09)
(-0.00021795482 -6.6081011e-05 1.583248e-09)
(-0.00020087224 -0.00010732752 2.0725067e-09)
(-0.00017605948 -0.00014446855 2.2630286e-09)
(-0.00017606022 0.00014446925 2.1769564e-09)
(-0.00020087333 0.00010732798 2.2691667e-09)
(-0.00021795662 6.6080833e-05 2.3720605e-09)
(-0.00022666072 2.231116e-05 2.4002013e-09)
(-0.00022666072 -2.231116e-05 2.4002095e-09)
(-0.00021795662 -6.6080833e-05 2.372105e-09)
(-0.00020087333 -0.00010732798 2.269308e-09)
(-0.00017606022 -0.00014446925 2.1772385e-09)
(-0.00017606156 0.0001444703 1.3381277e-09)
(-0.00020087485 0.00010732876 1.2560756e-09)
(-0.00021795819 6.608158e-05 1.2649247e-09)
(-0.0002266624 2.231158e-05 1.4229987e-09)
(-0.0002266624 -2.231158e-05 1.4230067e-09)
(-0.00021795819 -6.608158e-05 1.264968e-09)
(-0.00020087485 -0.00010732876 1.2562121e-09)
(-0.00017606156 -0.0001444703 1.3383998e-09)
(-0.00017606273 0.00014446914 3.8974491e-09)
(-0.00020087683 0.00010732569 2.2367411e-09)
(-0.00021795941 6.6078605e-05 -3.3076861e-11)
(-0.00022666273 2.2310374e-05 -1.656846e-09)
(-0.00022666273 -2.2310374e-05 -1.6568382e-09)
(-0.00021795941 -6.6078605e-05 -3.3034882e-11)
(-0.00020087683 -0.00010732569 2.2368729e-09)
(-0.00017606273 -0.00014446914 3.8977114e-09)
(-0.0001760633 0.00014446875 7.9311889e-10)
(-0.00020087781 0.00010732444 1.6973101e-09)
(-0.00021796037 6.6077006e-05 2.8192231e-09)
(-0.00022666367 2.2309525e-05 3.5043056e-09)
(-0.00022666367 -2.2309525e-05 3.5043132e-09)
(-0.00021796037 -6.6077006e-05 2.8192635e-09)
(-0.00020087781 -0.00010732444 1.6974367e-09)
(-0.0001760633 -0.00014446875 7.9337087e-10)
(-0.00017606295 0.00014446848 5.1806274e-10)
(-0.0002008774 0.00010732426 -3.7387557e-10)
(-0.00021795993 6.6076898e-05 -1.4798124e-09)
(-0.00022666322 2.2309489e-05 -2.1541627e-09)
(-0.00022666322 -2.2309489e-05 -2.1541554e-09)
(-0.00021795993 -6.6076897e-05 -1.4797736e-09)
(-0.0002008774 -0.00010732426 -3.7375416e-10)
(-0.00017606295 -0.00014446848 5.1830412e-10)
(-0.00017606193 0.00014446856 -2.0804503e-09)
(-0.00020087588 0.00010732534 -3.7491268e-10)
(-0.00021795839 6.607845e-05 1.9627101e-09)
(-0.00022666167 2.2310335e-05 3.6381277e-09)
(-0.00022666167 -2.2310335e-05 3.6381347e-09)
(-0.00021795839 -6.607845e-05 1.9627474e-09)
(-0.00020087588 -0.00010732534 -3.7479674e-10)
(-0.00017606193 -0.00014446856 -2.0802201e-09)
(-0.00017606096 0.00014446995 1.8122935e-09)
(-0.00020087409 0.00010732866 1.9168106e-09)
(-0.00021795733 6.6081621e-05 1.9437726e-09)
(-0.00022666144 2.2311622e-05 1.8190313e-09)
(-0.00022666144 -2.2311622e-05 1.819038e-09)
(-0.00021795733 -6.6081621e-05 1.9438081e-09)
(-0.00020087409 -0.00010732866 1.9169209e-09)
(-0.00017606096 -0.00014446995 1.8125126e-09)
(-0.0001760604 0.00014446967 2.7864608e-10)
(-0.0002008734 0.00010732861 2.7887309e-10)
(-0.00021795674 6.6081373e-05 2.7927094e-10)
(-0.000226661 2.2311358e-05 2.7967035e-10)
(-0.000226661 -2.2311358e-05 2.7967666e-10)
(-0.00021795674 -6.6081373e-05 2.7930442e-10)
(-0.0002008734 -0.00010732861 2.7897756e-10)
(-0.0001760604 -0.00014446967 2.78854e-10)
(-0.00017606013 0.00014446927 -1.2330049e-09)
(-0.00020087314 0.00010732815 -1.3377144e-09)
(-0.00021795627 6.6081298e-05 -1.3651293e-09)
(-0.00022666029 2.231151e-05 -1.2408677e-09)
(-0.00022666029 -2.2311509e-05 -1.2408616e-09)
(-0.00021795627 -6.6081298e-05 -1.3650975e-09)
(-0.00020087314 -0.00010732815 -1.3376154e-09)
(-0.00017606013 -0.00014446927 -1.232808e-09)
(-0.00017605997 0.00014446695 2.6950104e-09)
(-0.00020087364 0.00010732415 9.9036033e-10)
(-0.000217956 6.6077724e-05 -1.3466773e-09)
(-0.00022665922 2.2310093e-05 -3.0223229e-09)
(-0.00022665922 -2.2310093e-05 -3.0223171e-09)
(-0.000217956 -6.6077723e-05 -1.346647e-09)
(-0.00020087364 -0.00010732415 9.9045393e-10)
(-0.00017605997 -0.00014446695 2.6951964e-09)
(-0.00017606021 0.00014446624 1.8297945e-10)
(-0.00020087428 0.0001073226 1.0787255e-09)
(-0.00021795654 6.6075879e-05 2.1897168e-09)
(-0.00022665971 2.2309146e-05 2.8675269e-09)
(-0.00022665971 -2.2309146e-05 2.8675324e-09)
(-0.00021795654 -6.6075879e-05 2.1897453e-09)
(-0.00020087428 -0.0001073226 1.0788136e-09)
(-0.00017606021 -0.00014446624 1.8315439e-10)
(-0.00017605983 0.00014446593 2.4823961e-10)
(-0.00020087384 0.00010732237 -6.4713888e-10)
(-0.00021795607 6.6075736e-05 -1.757708e-09)
(-0.00022665921 2.2309098e-05 -2.4352258e-09)
(-0.00022665921 -2.2309098e-05 -2.4352207e-09)
(-0.00021795607 -6.6075736e-05 -1.7576814e-09)
(-0.00020087384 -0.00010732237 -6.4705649e-10)
(-0.00017605983 -0.00014446593 2.484035e-10)
(-0.00017605901 0.00014446617 -2.2628227e-09)
(-0.00020087254 0.00010732356 -5.5803264e-10)
(-0.00021795475 6.6077349e-05 1.7791758e-09)
(-0.00022665786 2.230996e-05 3.4549727e-09)
(-0.00022665786 -2.230996e-05 3.4549773e-09)
(-0.00021795475 -6.6077349e-05 1.7792004e-09)
(-0.00020087254 -0.00010732356 -5.579563e-10)
(-0.00017605901 -0.00014446617 -2.2626705e-09)
(-0.000176058 0.00014446753 1.6657486e-09)
(-0.00020087073 0.00010732686 1.7704521e-09)
(-0.00021795371 6.6080525e-05 1.7977104e-09)
(-0.00022665771 2.2311256e-05 1.6733239e-09)
(-0.00022665771 -2.2311256e-05 1.6733282e-09)
(-0.00021795371 -6.6080525e-05 1.7977328e-09)
(-0.00020087073 -0.00010732686 1.7705221e-09)
(-0.000176058 -0.00014446753 1.6658884e-09)
(-0.00017605772 0.00014446748 1.5685321e-10)
(-0.00020087035 0.00010732698 1.577488e-10)
(-0.00021795342 6.6080372e-05 1.5836021e-10)
(-0.00022665756 2.231102e-05 1.5850229e-10)
(-0.00022665756 -2.231102e-05 1.5850604e-10)
(-0.00021795342 -6.6080372e-05 1.5838034e-10)
(-0.00020087035 -0.00010732698 1.578123e-10)
(-0.00017605772 -0.00014446748 1.5698069e-10)
(-0.00017605773 0.00014446731 -1.371772e-09)
(-0.00020087039 0.00010732669 -1.4762136e-09)
(-0.00021795327 6.6080393e-05 -1.5036654e-09)
(-0.00022665714 2.23112e-05 -1.3794994e-09)
(-0.00022665714 -2.23112e-05 -1.3794962e-09)
(-0.00021795327 -6.6080393e-05 -1.5036476e-09)
(-0.00020087039 -0.00010732669 -1.4761566e-09)
(-0.00017605773 -0.00014446731 -1.3716567e-09)
(-0.00017605753 0.00014446496 2.5314067e-09)
(-0.00020087087 0.00010732269 8.3004001e-10)
(-0.00021795302 6.6076835e-05 -1.5023318e-09)
(-0.00022665616 2.2309797e-05 -3.1743047e-09)
(-0.00022665616 -2.2309797e-05 -3.174302e-09)
(-0.00021795302 -6.6076835e-05 -1.5023163e-09)
(-0.00020087087 -0.00010732269 8.3009067e-10)
(-0.00017605753 -0.00014446496 2.5315099e-09)
(-0.00017605799 0.00014446445 -5.9411308e-11)
(-0.00020087175 0.00010732129 8.4080693e-10)
(-0.00021795382 6.6075088e-05 1.9602132e-09)
(-0.00022665688 2.2308883e-05 2.6455532e-09)
(-0.00022665688 -2.2308883e-05 2.6455556e-09)
(-0.00021795382 -6.6075088e-05 1.9602269e-09)
(-0.00020087175 -0.00010732129 8.408517e-10)
(-0.00017605799 -0.00014446445 -5.9319846e-11)
(-0.00017605762 0.00014446414 -2.7363185e-10)
(-0.00020087133 0.00010732106 -1.1748463e-09)
(-0.00021795335 6.6074957e-05 -2.2907763e-09)
(-0.00022665639 2.2308842e-05 -2.9698765e-09)
(-0.00022665639 -2.2308842e-05 -2.9698745e-09)
(-0.00021795335 -6.6074957e-05 -2.2907647e-09)
(-0.00020087133 -0.00010732106 -1.1748075e-09)
(-0.00017605762 -0.00014446414 -2.7355212e-10)
(-0.0001760566 0.00014446416 -3.2693357e-09)
(-0.00020086981 0.00010732202 -1.6050268e-09)
(-0.00021795176 6.607637e-05 6.6731598e-10)
(-0.0002266547 2.2309622e-05 2.2909939e-09)
(-0.0002266547 -2.2309622e-05 2.2909955e-09)
(-0.00021795176 -6.607637e-05 6.6732563e-10)
(-0.00020086981 -0.00010732202 -1.604994e-09)
(-0.0001760566 -0.00014446416 -3.2692675e-09)
(-0.00017605437 0.00014446444 -8.04483e-10)
(-0.00020086666 0.00010732445 -7.3312279e-10)
(-0.00021794937 6.6078957e-05 -7.614084e-10)
(-0.0002266533 2.2310702e-05 -9.3739924e-10)
(-0.0002266533 -2.2310702e-05 -9.3739806e-10)
(-0.00021794937 -6.6078957e-05 -7.614008e-10)
(-0.00020086666 -0.00010732445 -7.3309601e-10)
(-0.00017605437 -0.00014446444 -8.0442646e-10)
(-0.00017605236 0.0001444628 -2.2367082e-09)
(-0.0002008644 0.00010732316 -2.3733827e-09)
(-0.00021794702 6.6077809e-05 -2.5632658e-09)
(-0.00022665091 2.2310113e-05 -2.6797098e-09)
(-0.00022665091 -2.2310113e-05 -2.679709e-09)
(-0.00021794702 -6.6077809e-05 -2.56326e-09)
(-0.0002008644 -0.00010732316 -2.3733616e-09)
(-0.00017605236 -0.0001444628 -2.2366631e-09)
(-0.00017605055 0.00014446103 -3.2670768e-09)
(-0.00020086211 0.0001073217 -3.2033859e-09)
(-0.00021794385 6.6077282e-05 -2.8555418e-09)
(-0.00022664701 2.2310164e-05 -2.3950974e-09)
(-0.00022664701 -2.2310164e-05 -2.395097e-09)
(-0.00021794385 -6.6077282e-05 -2.8555382e-09)
(-0.00020086211 -0.0001073217 -3.203371e-09)
(-0.00017605055 -0.00014446103 -3.2670435e-09)
(-0.00017604182 0.00014445253 -1.5935603e-08)
(-0.00020085221 0.00010731471 -1.6612963e-08)
(-0.00021793079 6.6073659e-05 -1.6964051e-08)
(-0.00022663041 2.2309294e-05 -1.6720585e-08)
(-0.00022663041 -2.2309294e-05 -1.6720585e-08)
(-0.00021793079 -6.6073659e-05 -1.6964048e-08)
(-0.00020085221 -0.00010731471 -1.6612953e-08)
(-0.00017604182 -0.00014445253 -1.593558e-08)
(-0.0001760373 0.00014445666 4.7280831e-08)
(-0.00020084508 0.00010732617 5.424991e-08)
(-0.00021792699 6.6084096e-05 6.2523306e-08)
(-0.00022663084 2.2313024e-05 6.7020718e-08)
(-0.00022663084 -2.2313024e-05 6.7020718e-08)
(-0.00021792699 -6.6084096e-05 6.2523306e-08)
(-0.00020084508 -0.00010732617 5.4249912e-08)
(-0.0001760373 -0.00014445666 4.7280837e-08)
(-0.00017586091 0.000144323 1.8427402e-07)
(-0.00020064005 0.00010723891 1.8657573e-07)
(-0.00021770887 6.6035547e-05 1.9028339e-07)
(-0.00022641048 2.2297112e-05 1.9312873e-07)
(-0.00022641048 -2.2297112e-05 1.9312873e-07)
(-0.00021770887 -6.6035547e-05 1.9028339e-07)
(-0.00020064005 -0.00010723891 1.8657571e-07)
(-0.00017586091 -0.000144323 1.8427401e-07)
(-0.00014451653 -0.00017609074 -7.755316e-08)
(-0.000107386 -0.00020090149 -8.2989089e-08)
(-6.6125208e-05 -0.00021799897 -8.8873292e-08)
(-2.2326563e-05 -0.00022672082 -9.1379284e-08)
(2.2326564e-05 -0.00022672082 -9.1379154e-08)
(6.6125208e-05 -0.00021799897 -8.8872929e-08)
(0.000107386 -0.00020090149 -8.2988558e-08)
(0.00014451653 -0.00017609074 -7.7552515e-08)
(-0.00014447301 -0.00017605746 -6.760954e-08)
(-0.0001073379 -0.000200868 -7.4397862e-08)
(-6.6090891e-05 -0.00021795159 -8.2447841e-08)
(-2.2315204e-05 -0.00022665646 -8.6836791e-08)
(2.2315204e-05 -0.00022665646 -8.6836763e-08)
(6.6090891e-05 -0.00021795159 -8.2447755e-08)
(0.0001073379 -0.000200868 -7.439771e-08)
(0.00014447301 -0.00017605746 -6.7609328e-08)
(-0.00014446198 -0.00017605309 8.1893881e-09)
(-0.00010732192 -0.00020086504 9.0338645e-09)
(-6.607805e-05 -0.00021794481 9.6705358e-09)
(-2.2310711e-05 -0.00022664509 9.6922261e-09)
(2.2310711e-05 -0.00022664509 9.692263e-09)
(6.6078051e-05 -0.00021794481 9.6706596e-09)
(0.00010732192 -0.00020086504 9.0340825e-09)
(0.00014446198 -0.00017605309 8.1896857e-09)
(-0.00014446855 -0.00017605948 2.2630846e-09)
(-0.00010732752 -0.00020087224 2.0726818e-09)
(-6.6081011e-05 -0.00021795482 1.5835513e-09)
(-2.2311451e-05 -0.00022665821 1.0564826e-09)
(2.2311451e-05 -0.00022665821 1.0565699e-09)
(6.6081011e-05 -0.00021795482 1.5837983e-09)
(0.00010732752 -0.00020087224 2.0730518e-09)
(0.00014446855 -0.00017605948 2.2635503e-09)
(-0.00014446925 -0.00017606022 2.1772506e-09)
(-0.00010732798 -0.00020087333 2.2693085e-09)
(-6.6080833e-05 -0.00021795662 2.3720183e-09)
(-2.2311159e-05 -0.00022666072 2.4000011e-09)
(2.231116e-05 -0.00022666072 2.3999332e-09)
(6.6080833e-05 -0.00021795662 2.3718735e-09)
(0.00010732798 -0.00020087333 2.2692001e-09)
(0.00014446925 -0.00017606022 2.1772204e-09)
(-0.0001444703 -0.00017606156 1.3385019e-09)
(-0.00010732876 -0.00020087484 1.2565251e-09)
(-6.6081579e-05 -0.00021795819 1.2654782e-09)
(-2.231158e-05 -0.0002266624 1.423666e-09)
(2.231158e-05 -0.0002266624 1.4238075e-09)
(6.6081579e-05 -0.00021795819 1.2659166e-09)
(0.00010732876 -0.00020087485 1.2572309e-09)
(0.0001444703 -0.00017606156 1.3394106e-09)
(-0.00014446914 -0.00017606273 3.8977415e-09)
(-0.00010732569 -0.00020087683 2.2369547e-09)
(-6.6078604e-05 -0.00021795941 -3.2912638e-11)
(-2.2310374e-05 -0.00022666273 -1.6566741e-09)
(2.2310374e-05 -0.00022666273 -1.6566489e-09)
(6.6078605e-05 -0.00021795941 -3.2844315e-11)
(0.00010732569 -0.00020087683 2.2370687e-09)
(0.00014446914 -0.00017606273 3.8979066e-09)
(-0.00014446875 -0.0001760633 7.9344236e-10)
(-0.00010732444 -0.00020087781 1.697647e-09)
(-6.6077005e-05 -0.00021796037 2.819589e-09)
(-2.2309524e-05 -0.00022666367 3.5047202e-09)
(2.2309524e-05 -0.00022666367 3.504796e-09)
(6.6077005e-05 -0.00021796037 2.8198292e-09)
(0.00010732444 -0.00020087781 1.6980537e-09)
(0.00014446875 -0.0001760633 7.9398988e-10)
(-0.00014446848 -0.00017606295 5.1836184e-10)
(-0.00010732426 -0.0002008774 -3.7359558e-10)
(-6.6076897e-05 -0.00021795993 -1.4795506e-09)
(-2.2309489e-05 -0.00022666322 -2.1538938e-09)
(2.2309489e-05 -0.00022666322 -2.15384e-09)
(6.6076897e-05 -0.00021795993 -1.4793697e-09)
(0.00010732426 -0.0002008774 -3.7326642e-10)
(0.00014446848 -0.00017606295 5.1882557e-10)
(-0.00014446856 -0.00017606193 -2.0800978e-09)
(-0.00010732534 -0.00020087588 -3.7444491e-10)
(-6.6078449e-05 -0.00021795839 1.9632561e-09)
(-2.2310335e-05 -0.00022666167 3.6387106e-09)
(2.2310335e-05 -0.00022666167 3.6388182e-09)
(6.6078449e-05 -0.00021795839 1.9636426e-09)
(0.00010732534 -0.00020087588 -3.7372556e-10)
(0.00014446856 -0.00017606193 -2.0790917e-09)
(-0.00014446995 -0.00017606096 1.812559e-09)
(-0.00010732866 -0.00020087409 1.9170903e-09)
(-6.608162e-05 -0.00021795733 1.9441699e-09)
(-2.2311621e-05 -0.00022666144 1.8196215e-09)
(2.2311621e-05 -0.00022666144 1.8197394e-09)
(6.608162e-05 -0.00021795733 1.9444551e-09)
(0.00010732866 -0.00020087409 1.9174304e-09)
(0.00014446995 -0.00017606096 1.8129197e-09)
(-0.00014446967 -0.0001760604 2.7881649e-10)
(-0.00010732861 -0.0002008734 2.7878796e-10)
(-6.6081372e-05 -0.00021795674 2.7882299e-10)
(-2.2311358e-05 -0.000226661 2.7888669e-10)
(2.2311358e-05 -0.000226661 2.7875606e-10)
(6.6081372e-05 -0.00021795674 2.7852308e-10)
(0.00010732861 -0.0002008734 2.7850281e-10)
(0.00014446967 -0.0001760604 2.7862367e-10)
(-0.00014446927 -0.00017606013 -1.2326173e-09)
(-0.00010732815 -0.00020087314 -1.3370227e-09)
(-6.6081297e-05 -0.00021795627 -1.3641525e-09)
(-2.2311508e-05 -0.00022666029 -1.2397161e-09)
(2.2311508e-05 -0.00022666029 -1.2395155e-09)
(6.6081297e-05 -0.00021795627 -1.3634801e-09)
(0.00010732815 -0.00020087314 -1.3358623e-09)
(0.00014446927 -0.00017606013 -1.2310643e-09)
(-0.00014446695 -0.00017605997 2.6951255e-09)
(-0.00010732415 -0.00020087364 9.9023283e-10)
(-6.6077722e-05 -0.00021795599 -1.3469767e-09)
(-2.2310092e-05 -0.00022665922 -3.0226475e-09)
(2.2310092e-05 -0.00022665922 -3.0226496e-09)
(6.6077722e-05 -0.000217956 -1.3470395e-09)
(0.00010732415 -0.00020087364 9.9007295e-10)
(0.00014446695 -0.00017605997 2.6949154e-09)
(-0.00014446624 -0.00017606021 1.8318918e-10)
(-0.0001073226 -0.00020087427 1.0789315e-09)
(-6.6075877e-05 -0.00021795654 2.1899388e-09)
(-2.2309145e-05 -0.0002266597 2.8677567e-09)
(2.2309145e-05 -0.00022665971 2.8677876e-09)
(6.6075877e-05 -0.00021795654 2.1900583e-09)
(0.0001073226 -0.00020087428 1.0791782e-09)
(0.00014446624 -0.00017606021 1.8357259e-10)
(-0.00014446593 -0.00017605983 2.4832703e-10)
(-0.00010732236 -0.00020087384 -6.4730651e-10)
(-6.6075733e-05 -0.00021795606 -1.7581137e-09)
(-2.2309096e-05 -0.00022665921 -2.435757e-09)
(2.2309096e-05 -0.00022665921 -2.4357033e-09)
(6.6075733e-05 -0.00021795607 -1.7579493e-09)
(0.00010732236 -0.00020087384 -6.470267e-10)
(0.00014446593 -0.00017605983 2.487364e-10)
(-0.00014446617 -0.00017605902 -2.262577e-09)
(-0.00010732356 -0.00020087254 -5.5769473e-10)
(-6.6077344e-05 -0.00021795475 1.779497e-09)
(-2.2309958e-05 -0.00022665786 3.4551509e-09)
(2.2309958e-05 -0.00022665786 3.4552167e-09)
(6.6077344e-05 -0.00021795475 1.7798344e-09)
(0.00010732356 -0.00020087254 -5.5693725e-10)
(0.00014446617 -0.00017605902 -2.2614368e-09)
(-0.00014446752 -0.000176058 1.6656842e-09)
(-0.00010732686 -0.00020087072 1.770056e-09)
(-6.6080519e-05 -0.00021795371 1.7973392e-09)
(-2.2311253e-05 -0.0002266577 1.6732327e-09)
(2.2311253e-05 -0.0002266577 1.6733634e-09)
(6.6080519e-05 -0.00021795371 1.7975598e-09)
(0.00010732686 -0.00020087073 1.7701025e-09)
(0.00014446752 -0.00017605801 1.6654923e-09)
(-0.00014446747 -0.00017605772 1.5618191e-10)
(-0.00010732697 -0.00020087035 1.5547017e-10)
(-6.6080365e-05 -0.00021795342 1.5490049e-10)
(-2.2311018e-05 -0.00022665755 1.5468401e-10)
(2.2311016e-05 -0.00022665755 1.5507988e-10)
(6.6080364e-05 -0.00021795342 1.5586711e-10)
(0.00010732697 -0.00020087035 1.5652061e-10)
(0.00014446747 -0.00017605772 1.5692622e-10)
(-0.0001444673 -0.00017605774 -1.3718062e-09)
(-0.00010732668 -0.00020087039 -1.4760884e-09)
(-6.6080384e-05 -0.00021795326 -1.502575e-09)
(-2.2311199e-05 -0.00022665713 -1.3774525e-09)
(2.2311194e-05 -0.00022665713 -1.3769726e-09)
(6.6080381e-05 -0.00021795327 -1.5009545e-09)
(0.00010732668 -0.00020087039 -1.4733905e-09)
(0.0001444673 -0.00017605774 -1.3686811e-09)
(-0.00014446495 -0.00017605754 2.5300891e-09)
(-0.00010732266 -0.00020087087 8.2536891e-10)
(-6.6076819e-05 -0.00021795301 -1.5106292e-09)
(-2.2309794e-05 -0.00022665614 -3.1847286e-09)
(2.2309784e-05 -0.00022665615 -3.1838402e-09)
(6.6076813e-05 -0.00021795302 -1.5079771e-09)
(0.00010732266 -0.00020087088 8.2944056e-10)
(0.00014446495 -0.00017605754 2.5345014e-09)
(-0.00014446442 -0.000176058 -6.0570275e-11)
(-0.00010732125 -0.00020087175 8.3503697e-10)
(-6.6075052e-05 -0.0002179538 1.9464896e-09)
(-2.2308872e-05 -0.00022665685 2.6251039e-09)
(2.2308857e-05 -0.00022665686 2.6257998e-09)
(6.607504e-05 -0.00021795381 1.9487355e-09)
(0.00010732124 -0.00020087177 8.3893046e-10)
(0.00014446443 -0.00017605801 -5.5696085e-11)
(-0.00014446411 -0.00017605763 -2.7273982e-10)
(-0.00010732101 -0.00020087133 -1.1723301e-09)
(-6.6074907e-05 -0.00021795333 -2.2870068e-09)
(-2.2308825e-05 -0.00022665636 -2.9658098e-09)
(2.2308808e-05 -0.00022665637 -2.9661611e-09)
(6.6074893e-05 -0.00021795335 -2.2878457e-09)
(0.00010732101 -0.00020087135 -1.1732227e-09)
(0.00014446412 -0.00017605764 -2.7331364e-10)
(-0.00014446413 -0.00017605661 -3.2691366e-09)
(-0.00010732198 -0.00020086981 -1.6027719e-09)
(-6.6076333e-05 -0.00021795174 6.7514706e-10)
(-2.230961e-05 -0.00022665468 2.3043832e-09)
(2.2309596e-05 -0.00022665468 2.3039183e-09)
(6.6076322e-05 -0.00021795176 6.7340638e-10)
(0.00010732198 -0.00020086982 -1.6062998e-09)
(0.00014446414 -0.00017605662 -3.2742114e-09)
(-0.00014446442 -0.00017605438 -8.03941e-10)
(-0.00010732443 -0.00020086665 -7.3105712e-10)
(-6.607894e-05 -0.00021794936 -7.5678632e-10)
(-2.23107e-05 -0.00022665328 -9.3063671e-10)
(2.2310689e-05 -0.00022665329 -9.3158513e-10)
(6.6078933e-05 -0.00021794937 -7.5999752e-10)
(0.00010732443 -0.00020086666 -7.366867e-10)
(0.00014446442 -0.00017605438 -8.1104237e-10)
(-0.00014446278 -0.00017605237 -2.2349672e-09)
(-0.00010732315 -0.00020086439 -2.3685033e-09)
(-6.6077802e-05 -0.00021794701 -2.5563493e-09)
(-2.2310113e-05 -0.0002266509 -2.6724314e-09)
(2.2310107e-05 -0.0002266509 -2.6731896e-09)
(6.6077799e-05 -0.00021794701 -2.5584839e-09)
(0.00010732315 -0.0002008644 -2.371463e-09)
(0.00014446279 -0.00017605237 -2.2377633e-09)
(-0.00014446102 -0.00017605055 -3.2669308e-09)
(-0.00010732169 -0.0002008621 -3.2033856e-09)
(-6.6077276e-05 -0.00021794384 -2.8563297e-09)
(-2.2310162e-05 -0.00022664701 -2.3969035e-09)
(2.2310161e-05 -0.00022664701 -2.3975847e-09)
(6.6077276e-05 -0.00021794385 -2.8581874e-09)
(0.00010732169 -0.00020086211 -3.2059147e-09)
(0.00014446103 -0.00017605055 -3.2696709e-09)
(-0.00014445253 -0.00017604183 -1.593579e-08)
(-0.0001073147 -0.0002008522 -1.6613574e-08)
(-6.6073654e-05 -0.00021793079 -1.6964963e-08)
(-2.2309292e-05 -0.0002266304 -1.6721608e-08)
(2.2309292e-05 -0.0002266304 -1.6721815e-08)
(6.6073655e-05 -0.00021793079 -1.6965704e-08)
(0.00010731471 -0.00020085221 -1.6614966e-08)
(0.00014445253 -0.00017604183 -1.5937774e-08)
(-0.00014445666 -0.0001760373 4.7280514e-08)
(-0.00010732617 -0.00020084508 5.4249049e-08)
(-6.6084094e-05 -0.00021792699 6.25221e-08)
(-2.2313023e-05 -0.00022663084 6.7019209e-08)
(2.2313024e-05 -0.00022663084 6.7018709e-08)
(6.6084095e-05 -0.00021792699 6.2520591e-08)
(0.00010732617 -0.00020084508 5.4246553e-08)
(0.00014445666 -0.0001760373 4.7277127e-08)
(-0.000144323 -0.00017586091 1.8427443e-07)
(-0.00010723891 -0.00020064005 1.8657693e-07)
(-6.6035546e-05 -0.00021770887 1.9028531e-07)
(-2.2297112e-05 -0.00022641047 1.9313125e-07)
(2.2297112e-05 -0.00022641047 1.9313175e-07)
(6.6035546e-05 -0.00021770887 1.9028678e-07)
(0.00010723891 -0.00020064004 1.8657933e-07)
(0.00014432299 -0.00017586091 1.842776e-07)
(0.00017609074 -0.00014451653 -7.755245e-08)
(0.00020090149 -0.000107386 -8.2988351e-08)
(0.00021799897 -6.6125208e-05 -8.8872572e-08)
(0.00022672082 -2.2326564e-05 -9.1378662e-08)
(0.00022672082 2.2326564e-05 -9.1378662e-08)
(0.00021799897 6.6125208e-05 -8.8872571e-08)
(0.00020090149 0.000107386 -8.2988349e-08)
(0.00017609074 0.00014451653 -7.7552447e-08)
(0.00017605746 -0.00014447301 -6.7609314e-08)
(0.000200868 -0.0001073379 -7.4397676e-08)
(0.00021795159 -6.6090891e-05 -8.2447718e-08)
(0.00022665646 -2.2315204e-05 -8.6836728e-08)
(0.00022665646 2.2315204e-05 -8.6836727e-08)
(0.00021795159 6.6090891e-05 -8.2447717e-08)
(0.000200868 0.0001073379 -7.4397673e-08)
(0.00017605746 0.00014447301 -6.7609311e-08)
(0.00017605309 -0.00014446198 8.1897191e-09)
(0.00020086504 -0.00010732192 9.0341839e-09)
(0.00021794481 -6.607805e-05 9.6708183e-09)
(0.00022664508 -2.2310711e-05 9.6924563e-09)
(0.00022664508 2.2310711e-05 9.6924568e-09)
(0.00021794481 6.607805e-05 9.6708195e-09)
(0.00020086504 0.00010732192 9.0341858e-09)
(0.00017605309 0.00014446198 8.1897215e-09)
(0.00017605948 -0.00014446855 2.2635984e-09)
(0.00020087224 -0.00010732752 2.0732085e-09)
(0.00021795482 -6.6081011e-05 1.5840819e-09)
(0.00022665821 -2.2311451e-05 1.0569749e-09)
(0.00022665821 2.2311451e-05 1.0569753e-09)
(0.00021795482 6.6081011e-05 1.584083e-09)
(0.00020087224 0.00010732752 2.0732103e-09)
(0.00017605948 0.00014446855 2.2636008e-09)
(0.00017606022 -0.00014446925 2.1772032e-09)
(0.00020087333 -0.00010732798 2.2691093e-09)
(0.00021795662 -6.6080833e-05 2.3716354e-09)
(0.00022666072 -2.2311159e-05 2.3995343e-09)
(0.00022666072 2.2311159e-05 2.3995346e-09)
(0.00021795662 6.6080833e-05 2.3716364e-09)
(0.00020087333 0.00010732798 2.2691108e-09)
(0.00017606022 0.00014446925 2.1772051e-09)
(0.00017606156 -0.0001444703 1.3395082e-09)
(0.00020087484 -0.00010732876 1.2575355e-09)
(0.00021795819 -6.6081579e-05 1.2664196e-09)
(0.0002266624 -2.2311579e-05 1.4244564e-09)
(0.0002266624 2.2311579e-05 1.4244566e-09)
(0.00021795819 6.6081579e-05 1.2664201e-09)
(0.00020087484 0.00010732876 1.2575364e-09)
(0.00017606156 0.0001444703 1.3395092e-09)
(0.00017606273 -0.00014446914 3.8979107e-09)
(0.00020087683 -0.00010732569 2.2370786e-09)
(0.00021795941 -6.6078604e-05 -3.2823767e-11)
(0.00022666273 -2.2310373e-05 -1.6565989e-09)
(0.00022666273 2.2310373e-05 -1.6565989e-09)
(0.00021795941 6.6078604e-05 -3.2823688e-11)
(0.00020087683 0.00010732569 2.2370787e-09)
(0.00017606273 0.00014446914 3.8979107e-09)
(0.0001760633 -0.00014446875 7.9403606e-10)
(0.00020087781 -0.00010732444 1.6981894e-09)
(0.00021796037 -6.6077005e-05 2.8200387e-09)
(0.00022666367 -2.2309524e-05 3.5050626e-09)
(0.00022666367 2.2309524e-05 3.5050625e-09)
(0.00021796037 6.6077005e-05 2.8200384e-09)
(0.00020087781 0.00010732444 1.6981888e-09)
(0.0001760633 0.00014446875 7.9403516e-10)
(0.00017606295 -0.00014446848 5.1886735e-10)
(0.0002008774 -0.00010732426 -3.7314598e-10)
(0.00021795993 -6.6076896e-05 -1.4791929e-09)
(0.00022666322 -2.2309489e-05 -2.1536288e-09)
(0.00022666322 2.2309489e-05 -2.153629e-09)
(0.00021795993 6.6076896e-05 -1.4791934e-09)
(0.0002008774 0.00010732426 -3.7314695e-10)
(0.00017606295 0.00014446848 5.1886594e-10)
(0.00017606193 -0.00014446856 -2.0789952e-09)
(0.00020087588 -0.00010732534 -3.7345726e-10)
(0.00021795839 -6.6078448e-05 1.9640059e-09)
(0.00022666167 -2.2310334e-05 3.6392053e-09)
(0.00022666167 2.2310334e-05 3.6392051e-09)
(0.00021795839 6.6078448e-05 1.9640053e-09)
(0.00020087588 0.00010732534 -3.7345832e-10)
(0.00017606193 0.00014446856 -2.0789968e-09)
(0.00017606096 -0.00014446995 1.8129586e-09)
(0.00020087409 -0.00010732866 1.9175785e-09)
(0.00021795733 -6.6081619e-05 1.9447862e-09)
(0.00022666144 -2.2311621e-05 1.8202896e-09)
(0.00022666144 2.2311621e-05 1.8202893e-09)
(0.00021795733 6.6081618e-05 1.9447855e-09)
(0.00020087409 0.00010732866 1.9175773e-09)
(0.00017606096 0.00014446995 1.812957e-09)
(0.0001760604 -0.00014446967 2.786311e-10)
(0.0002008734 -0.00010732861 2.7847866e-10)
(0.00021795674 -6.6081371e-05 2.7835543e-10)
(0.000226661 -2.2311357e-05 2.7838064e-10)
(0.000226661 2.2311357e-05 2.7838041e-10)
(0.00021795674 6.6081371e-05 2.7835474e-10)
(0.0002008734 0.00010732861 2.7847748e-10)
(0.0001760604 0.00014446967 2.7862943e-10)
(0.00017606013 -0.00014446927 -1.2308955e-09)
(0.00020087314 -0.00010732815 -1.3353815e-09)
(0.00021795627 -6.6081295e-05 -1.3627823e-09)
(0.00022666029 -2.2311508e-05 -1.2387032e-09)
(0.00022666029 2.2311507e-05 -1.2387034e-09)
(0.00021795627 6.6081295e-05 -1.3627831e-09)
(0.00020087314 0.00010732815 -1.3353828e-09)
(0.00017606013 0.00014446927 -1.2308974e-09)
(0.00017605997 -0.00014446695 2.694986e-09)
(0.00020087364 -0.00010732415 9.9029686e-10)
(0.000217956 -6.607772e-05 -1.346641e-09)
(0.00022665922 -2.2310091e-05 -3.0220962e-09)
(0.00022665922 2.2310091e-05 -3.0220965e-09)
(0.000217956 6.607772e-05 -1.346642e-09)
(0.00020087364 0.00010732415 9.9029518e-10)
(0.00017605997 0.00014446695 2.6949837e-09)
(0.00017606021 -0.00014446624 1.8366371e-10)
(0.00020087428 -0.0001073226 1.0794074e-09)
(0.00021795654 -6.6075876e-05 2.1903416e-09)
(0.00022665971 -2.2309144e-05 2.8680834e-09)
(0.00022665971 2.2309144e-05 2.868083e-09)
(0.00021795654 6.6075876e-05 2.1903405e-09)
(0.00020087428 0.0001073226 1.0794055e-09)
(0.00017606021 0.00014446624 1.8366103e-10)
(0.00017605983 -0.00014446593 2.4896767e-10)
(0.00020087384 -0.00010732236 -6.4634897e-10)
(0.00021795607 -6.6075733e-05 -1.7569127e-09)
(0.00022665921 -2.2309096e-05 -2.4344657e-09)
(0.00022665921 2.2309096e-05 -2.4344661e-09)
(0.00021795607 6.6075733e-05 -1.756914e-09)
(0.00020087384 0.00010732236 -6.4635112e-10)
(0.00017605983 0.00014446593 2.4896469e-10)
(0.00017605901 -0.00014446617 -2.2612498e-09)
(0.00020087254 -0.00010732356 -5.5643374e-10)
(0.00021795475 -6.6077345e-05 1.7804946e-09)
(0.00022665786 -2.2309957e-05 3.4558809e-09)
(0.00022665786 2.2309957e-05 3.4558806e-09)
(0.00021795475 6.6077344e-05 1.7804935e-09)
(0.00020087254 0.00010732356 -5.5643565e-10)
(0.00017605901 0.00014446617 -2.2612525e-09)
(0.000176058 -0.00014446753 1.6655844e-09)
(0.00020087073 -0.00010732686 1.7703327e-09)
(0.00021795371 -6.6080521e-05 1.797916e-09)
(0.00022665771 -2.2311253e-05 1.673919e-09)
(0.00022665771 2.2311253e-05 1.6739188e-09)
(0.00021795371 6.6080521e-05 1.7979152e-09)
(0.00020087073 0.00010732686 1.7703314e-09)
(0.000176058 0.00014446753 1.6655826e-09)
(0.00017605772 -0.00014446748 1.5727151e-10)
(0.00020087035 -0.00010732698 1.5766063e-10)
(0.00021795342 -6.6080368e-05 1.5795313e-10)
(0.00022665756 -2.2311018e-05 1.5802213e-10)
(0.00022665756 2.2311018e-05 1.5802202e-10)
(0.00021795342 6.6080368e-05 1.5795279e-10)
(0.00020087035 0.00010732698 1.5766003e-10)
(0.00017605772 0.00014446748 1.5727065e-10)
(0.00017605773 -0.00014446731 -1.3687397e-09)
(0.00020087039 -0.00010732669 -1.4735541e-09)
(0.00021795327 -6.6080388e-05 -1.5011114e-09)
(0.00022665714 -2.2311198e-05 -1.3769326e-09)
(0.00022665714 2.2311198e-05 -1.3769326e-09)
(0.00021795327 6.6080388e-05 -1.5011114e-09)
(0.00020087039 0.00010732669 -1.4735541e-09)
(0.00017605773 0.00014446731 -1.3687397e-09)
(0.00017605754 -0.00014446496 2.5343473e-09)
(0.00020087088 -0.00010732267 8.2906484e-10)
(0.00021795302 -6.6076821e-05 -1.5082667e-09)
(0.00022665616 -2.230979e-05 -3.1836275e-09)
(0.00022665616 2.230979e-05 -3.1836275e-09)
(0.00021795302 6.6076821e-05 -1.5082664e-09)
(0.00020087088 0.00010732267 8.2906524e-10)
(0.00017605754 0.00014446496 2.5343479e-09)
(0.00017605801 -0.00014446444 -5.5724451e-11)
(0.00020087177 -0.00010732126 8.389597e-10)
(0.00021795382 -6.607505e-05 1.9490763e-09)
(0.00022665687 -2.2308866e-05 2.6266528e-09)
(0.00022665687 2.2308866e-05 2.626653e-09)
(0.00021795382 6.607505e-05 1.9490766e-09)
(0.00020087177 0.00010732126 8.3896031e-10)
(0.00017605801 0.00014446444 -5.572368e-11)
(0.00017605764 -0.00014446412 -2.7350387e-10)
(0.00020087135 -0.00010732102 -1.1738341e-09)
(0.00021795336 -6.6074904e-05 -2.2889075e-09)
(0.00022665638 -2.2308817e-05 -2.9676425e-09)
(0.00022665638 2.2308817e-05 -2.9676423e-09)
(0.00021795336 6.6074904e-05 -2.288907e-09)
(0.00020087135 0.00010732102 -1.1738333e-09)
(0.00017605764 0.00014446412 -2.7350292e-10)
(0.00017605661 -0.00014446415 -3.2741635e-09)
(0.00020086982 -0.00010732199 -1.6061496e-09)
(0.00021795176 -6.6076332e-05 6.7361062e-10)
(0.00022665469 -2.2309604e-05 2.3040276e-09)
(0.00022665469 2.2309604e-05 2.3040278e-09)
(0.00021795176 6.6076332e-05 6.7361113e-10)
(0.00020086982 0.00010732199 -1.6061488e-09)
(0.00017605661 0.00014446415 -3.2741624e-09)
(0.00017605438 -0.00014446443 -8.1109723e-10)
(0.00020086666 -0.00010732444 -7.3693071e-10)
(0.00021794937 -6.6078942e-05 -7.6066103e-10)
(0.0002266533 -2.2310696e-05 -9.328877e-10)
(0.0002266533 2.2310696e-05 -9.3288751e-10)
(0.00021794937 6.6078942e-05 -7.6066048e-10)
(0.00020086666 0.00010732444 -7.3692981e-10)
(0.00017605438 0.00014446443 -8.1109604e-10)
(0.00017605237 -0.0001444628 -2.2380936e-09)
(0.0002008644 -0.00010732316 -2.3725355e-09)
(0.00021794702 -6.6077806e-05 -2.5604469e-09)
(0.0002266509 -2.2310111e-05 -2.6760723e-09)
(0.0002266509 2.2310111e-05 -2.6760721e-09)
(0.00021794702 6.6077806e-05 -2.5604462e-09)
(0.0002008644 0.00010732316 -2.3725344e-09)
(0.00017605237 0.0001444628 -2.2380922e-09)
(0.00017605055 -0.00014446103 -3.2699612e-09)
(0.00020086211 -0.0001073217 -3.2067625e-09)
(0.00021794385 -6.607728e-05 -2.8596131e-09)
(0.00022664701 -2.2310162e-05 -2.3996682e-09)
(0.00022664701 2.2310162e-05 -2.399668e-09)
(0.00021794385 6.6077279e-05 -2.8596124e-09)
(0.00020086211 0.0001073217 -3.2067614e-09)
(0.00017605055 0.00014446103 -3.2699597e-09)
(0.00017604182 -0.00014445253 -1.5938067e-08)
(0.00020085221 -0.00010731471 -1.6615799e-08)
(0.00021793079 -6.6073657e-05 -1.6966955e-08)
(0.00022663041 -2.2309293e-05 -1.6723331e-08)
(0.00022663041 2.2309293e-05 -1.6723331e-08)
(0.00021793079 6.6073657e-05 -1.6966954e-08)
(0.00020085221 0.00010731471 -1.6615799e-08)
(0.00017604182 0.00014445253 -1.5938066e-08)
(0.0001760373 -0.00014445666 4.7276723e-08)
(0.00020084508 -0.00010732617 5.4245384e-08)
(0.00021792699 -6.6084096e-05 6.2518822e-08)
(0.00022663084 -2.2313024e-05 6.7016515e-08)
(0.00022663084 2.2313024e-05 6.7016515e-08)
(0.00021792699 6.6084096e-05 6.2518823e-08)
(0.00020084508 0.00010732617 5.4245384e-08)
(0.0001760373 0.00014445666 4.7276724e-08)
(0.00017586091 -0.00014432299 1.8427775e-07)
(0.00020064004 -0.00010723891 1.8657978e-07)
(0.00021770887 -6.6035546e-05 1.9028756e-07)
(0.00022641047 -2.2297112e-05 1.9313287e-07)
(0.00022641047 2.2297112e-05 1.9313287e-07)
(0.00021770887 6.6035546e-05 1.9028756e-07)
(0.00020064004 0.00010723891 1.8657978e-07)
(0.00017586091 0.00014432299 1.8427775e-07)
(0.00014451653 0.00017609074 -7.7552511e-08)
(0.000107386 0.00020090149 -8.2988553e-08)
(6.6125208e-05 0.00021799897 -8.8872924e-08)
(2.2326564e-05 0.00022672082 -9.1379152e-08)
(-2.2326563e-05 0.00022672082 -9.1379298e-08)
(-6.6125208e-05 0.00021799897 -8.887336e-08)
(-0.000107386 0.00020090149 -8.2989206e-08)
(-0.00014451653 0.00017609074 -7.7553135e-08)
(0.00014447301 0.00017605746 -6.7609325e-08)
(0.0001073379 0.000200868 -7.4397706e-08)
(6.6090891e-05 0.00021795159 -8.2447751e-08)
(2.2315204e-05 0.00022665646 -8.6836762e-08)
(-2.2315204e-05 0.00022665646 -8.6836806e-08)
(-6.6090891e-05 0.00021795159 -8.2447906e-08)
(-0.0001073379 0.000200868 -7.4397974e-08)
(-0.00014447301 0.00017605746 -6.7609531e-08)
(0.00014446198 0.00017605309 8.1896886e-09)
(0.00010732192 0.00020086504 9.0340856e-09)
(6.6078051e-05 0.00021794481 9.6706624e-09)
(2.2310711e-05 0.00022664509 9.692263e-09)
(-2.2310711e-05 0.00022664509 9.6922113e-09)
(-6.607805e-05 0.00021794481 9.6704727e-09)
(-0.00010732192 0.00020086504 9.0337557e-09)
(-0.00014446198 0.00017605309 8.1893944e-09)
(0.00014446855 0.00017605948 2.263553e-09)
(0.00010732752 0.00020087224 2.0730547e-09)
(6.6081011e-05 0.00021795482 1.5838011e-09)
(2.2311451e-05 0.00022665821 1.0565701e-09)
(-2.2311451e-05 0.00022665821 1.0564687e-09)
(-6.6081011e-05 0.00021795482 1.5834913e-09)
(-0.00010732752 0.00020087224 2.0725781e-09)
(-0.00014446855 0.00017605948 2.2630895e-09)
(0.00014446925 0.00017606022 2.1772226e-09)
(0.00010732798 0.00020087333 2.2692025e-09)
(6.6080833e-05 0.00021795662 2.3718758e-09)
(2.231116e-05 0.00022666072 2.399933e-09)
(-2.2311159e-05 0.00022666072 2.3999874e-09)
(-6.6080833e-05 0.00021795662 2.3719603e-09)
(-0.00010732798 0.00020087333 2.2692082e-09)
(-0.00014446925 0.00017606022 2.1772546e-09)
(0.0001444703 0.00017606156 1.3394117e-09)
(0.00010732876 0.00020087485 1.2572321e-09)
(6.6081579e-05 0.00021795819 1.2659175e-09)
(2.231158e-05 0.0002266624 1.423806e-09)
(-2.231158e-05 0.0002266624 1.4236516e-09)
(-6.6081579e-05 0.00021795819 1.2654213e-09)
(-0.00010732876 0.00020087484 1.2564276e-09)
(-0.0001444703 0.00017606156 1.3385047e-09)
(0.00014446914 0.00017606273 3.8979066e-09)
(0.00010732569 0.00020087683 2.2370686e-09)
(6.6078605e-05 0.00021795941 -3.284482e-11)
(2.2310374e-05 0.00022666273 -1.6566518e-09)
(-2.2310374e-05 0.00022666273 -1.6566894e-09)
(-6.6078604e-05 0.00021795941 -3.2968749e-11)
(-0.00010732569 0.00020087683 2.2368598e-09)
(-0.00014446914 0.00017606273 3.8977432e-09)
(0.00014446875 0.0001760633 7.9398868e-10)
(0.00010732444 0.00020087781 1.6980523e-09)
(6.6077006e-05 0.00021796037 2.8198272e-09)
(2.2309524e-05 0.00022666367 3.5047917e-09)
(-2.2309524e-05 0.00022666367 3.5047039e-09)
(-6.6077005e-05 0.00021796037 2.8195336e-09)
(-0.00010732444 0.00020087781 1.6975544e-09)
(-0.00014446875 0.0001760633 7.9344225e-10)
(0.00014446848 0.00017606295 5.1882375e-10)
(0.00010732426 0.0002008774 -3.7326861e-10)
(6.6076897e-05 0.00021795993 -1.4793724e-09)
(2.2309489e-05 0.00022666322 -2.153845e-09)
(-2.2309489e-05 0.00022666322 -2.1539102e-09)
(-6.6076897e-05 0.00021795993 -1.4796043e-09)
(-0.00010732426 0.0002008774 -3.736847e-10)
(-0.00014446848 0.00017606295 5.1836132e-10)
(0.00014446856 0.00017606193 -2.0790936e-09)
(0.00010732534 0.00020087588 -3.7372791e-10)
(6.6078449e-05 0.00021795839 1.9636397e-09)
(2.2310335e-05 0.00022666167 3.6388132e-09)
(-2.2310335e-05 0.00022666167 3.6386948e-09)
(-6.6078449e-05 0.00021795839 1.963205e-09)
(-0.00010732534 0.00020087588 -3.7452952e-10)
(-0.00014446856 0.00017606193 -2.0800977e-09)
(0.00014446995 0.00017606096 1.8129176e-09)
(0.00010732866 0.00020087409 1.917428e-09)
(6.608162e-05 0.00021795733 1.9444522e-09)
(2.2311622e-05 0.00022666144 1.8197344e-09)
(-2.2311621e-05 0.00022666144 1.8196062e-09)
(-6.608162e-05 0.00021795733 1.944121e-09)
(-0.00010732866 0.00020087409 1.9170097e-09)
(-0.00014446995 0.00017606096 1.8125592e-09)
(0.00014446967 0.0001760604 2.7862154e-10)
(0.00010732861 0.0002008734 2.7850029e-10)
(6.6081373e-05 0.00021795674 2.7852006e-10)
(2.2311358e-05 0.000226661 2.7875103e-10)
(-2.2311358e-05 0.000226661 2.7887181e-10)
(-6.6081372e-05 0.00021795674 2.7877614e-10)
(-0.00010732861 0.0002008734 2.7871096e-10)
(-0.00014446967 0.0001760604 2.7881605e-10)
(0.00014446927 0.00017606013 -1.2310668e-09)
(0.00010732815 0.00020087314 -1.3358652e-09)
(6.6081297e-05 0.00021795627 -1.3634835e-09)
(2.2311509e-05 0.00022666029 -1.2395209e-09)
(-2.2311508e-05 0.00022666029 -1.2397308e-09)
(-6.6081297e-05 0.00021795627 -1.3641973e-09)
(-0.00010732815 0.00020087314 -1.3370959e-09)
(-0.00014446927 0.00017606013 -1.2326178e-09)
(0.00014446695 0.00017605997 2.6949125e-09)
(0.00010732415 0.00020087364 9.900696e-10)
(6.6077722e-05 0.000217956 -1.3470433e-09)
(2.2310092e-05 0.00022665922 -3.0226553e-09)
(-2.2310092e-05 0.00022665922 -3.0226618e-09)
(-6.6077722e-05 0.00021795599 -1.3470193e-09)
(-0.00010732415 0.00020087364 9.9016395e-10)
(-0.00014446695 0.00017605997 2.6951254e-09)
(0.00014446624 0.00017606021 1.8356925e-10)
(0.0001073226 0.00020087428 1.0791744e-09)
(6.6075877e-05 0.00021795654 2.1900539e-09)
(2.2309145e-05 0.00022665971 2.8677815e-09)
(-2.2309145e-05 0.0002266597 2.8677424e-09)
(-6.6075877e-05 0.00021795654 2.1898982e-09)
(-0.0001073226 0.00020087427 1.0788664e-09)
(-0.00014446624 0.00017606021 1.831888e-10)
(0.00014446593 0.00017605983 2.4873269e-10)
(0.00010732236 0.00020087384 -6.4703101e-10)
(6.6075733e-05 0.00021795607 -1.7579542e-09)
(2.2309096e-05 0.00022665921 -2.4357099e-09)
(-2.2309096e-05 0.00022665921 -2.4357713e-09)
(-6.6075733e-05 0.00021795606 -1.7581527e-09)
(-0.00010732236 0.00020087384 -6.4736841e-10)
(-0.00014446593 0.00017605983 2.4832576e-10)
(0.00014446617 0.00017605902 -2.2614401e-09)
(0.00010732356 0.00020087254 -5.5694114e-10)
(6.6077344e-05 0.00021795475 1.77983e-09)
(2.2309958e-05 0.00022665786 3.4552107e-09)
(-2.2309958e-05 0.00022665786 3.4551378e-09)
(-6.6077344e-05 0.00021795475 1.779461e-09)
(-0.00010732356 0.00020087254 -5.5775194e-10)
(-0.00014446617 0.00017605902 -2.2625777e-09)
(0.00014446752 0.00017605801 1.6654901e-09)
(0.00010732686 0.00020087073 1.7700999e-09)
(6.6080519e-05 0.00021795371 1.7975569e-09)
(2.2311253e-05 0.0002266577 1.6733591e-09)
(-2.2311253e-05 0.0002266577 1.673222e-09)
(-6.6080519e-05 0.00021795371 1.7973074e-09)
(-0.00010732686 0.00020087072 1.770005e-09)
(-0.00014446752 0.000176058 1.6656857e-09)
(0.00014446747 0.00017605772 1.5692512e-10)
(0.00010732697 0.00020087035 1.5651932e-10)
(6.6080364e-05 0.00021795342 1.5586555e-10)
(2.2311016e-05 0.00022665755 1.5507714e-10)
(-2.2311018e-05 0.00022665755 1.5467537e-10)
(-6.6080365e-05 0.00021795342 1.5487261e-10)
(-0.00010732697 0.00020087035 1.5542467e-10)
(-0.00014446747 0.00017605772 1.561847e-10)
(0.0001444673 0.00017605774 -1.3686812e-09)
(0.00010732668 0.00020087039 -1.4733908e-09)
(6.6080381e-05 0.00021795327 -1.5009549e-09)
(2.2311194e-05 0.00022665713 -1.3769741e-09)
(-2.2311199e-05 0.00022665713 -1.3774594e-09)
(-6.6080384e-05 0.00021795326 -1.5025994e-09)
(-0.00010732668 0.00020087039 -1.4761289e-09)
(-0.0001444673 0.00017605774 -1.3718027e-09)
(0.00014446495 0.00017605754 2.534502e-09)
(0.00010732266 0.00020087088 8.2944118e-10)
(6.6076813e-05 0.00021795302 -1.5079766e-09)
(2.2309785e-05 0.00022665615 -3.1838407e-09)
(-2.2309794e-05 0.00022665614 -3.184734e-09)
(-6.6076819e-05 0.00021795301 -1.5106503e-09)
(-0.00010732266 0.00020087087 8.2533351e-10)
(-0.00014446495 0.00017605754 2.5300936e-09)
(0.00014446443 0.00017605801 -5.5695189e-11)
(0.00010732124 0.00020087177 8.3893145e-10)
(6.607504e-05 0.00021795381 1.9487365e-09)
(2.2308857e-05 0.00022665686 2.6258e-09)
(-2.2308872e-05 0.00022665685 2.6250999e-09)
(-6.6075052e-05 0.0002179538 1.9464717e-09)
(-0.00010732125 0.00020087175 8.3500672e-10)
(-0.00014446442 0.000176058 -6.056468e-11)
(0.00014446412 0.00017605764 -2.7331252e-10)
(0.00010732101 0.00020087135 -1.1732214e-09)
(6.6074893e-05 0.00021795335 -2.2878445e-09)
(2.2308808e-05 0.00022665637 -2.9661605e-09)
(-2.2308825e-05 0.00022665636 -2.9658129e-09)
(-6.6074907e-05 0.00021795333 -2.2870219e-09)
(-0.00010732101 0.00020087133 -1.1723558e-09)
(-0.00014446411 0.00017605763 -2.727338e-10)
(0.00014446414 0.00017605662 -3.2742102e-09)
(0.00010732198 0.00020086982 -1.6062985e-09)
(6.6076322e-05 0.00021795176 6.734077e-10)
(2.2309596e-05 0.00022665468 2.303919e-09)
(-2.230961e-05 0.00022665468 2.3043807e-09)
(-6.6076333e-05 0.00021795174 6.7513437e-10)
(-0.00010732198 0.00020086981 -1.6027935e-09)
(-0.00014446413 0.00017605661 -3.2691306e-09)
(0.00014446442 0.00017605438 -8.1104095e-10)
(0.00010732443 0.00020086666 -7.3668512e-10)
(6.6078933e-05 0.00021794937 -7.5999591e-10)
(2.2310689e-05 0.00022665329 -9.3158401e-10)
(-2.23107e-05 0.00022665328 -9.3063828e-10)
(-6.607894e-05 0.00021794936 -7.5679634e-10)
(-0.00010732443 0.00020086665 -7.3107424e-10)
(-0.00014446442 0.00017605438 -8.0393469e-10)
(0.00014446279 0.00017605237 -2.2377616e-09)
(0.00010732315 0.0002008644 -2.3714611e-09)
(6.60778e-05 0.00021794701 -2.558482e-09)
(2.2310107e-05 0.0002266509 -2.673188e-09)
(-2.2310113e-05 0.0002266509 -2.6724318e-09)
(-6.6077802e-05 0.00021794701 -2.5563563e-09)
(-0.00010732315 0.00020086439 -2.3685156e-09)
(-0.00014446278 0.00017605237 -2.2349601e-09)
(0.00014446103 0.00017605055 -3.2696691e-09)
(0.00010732169 0.00020086211 -3.2059127e-09)
(6.6077276e-05 0.00021794385 -2.8581852e-09)
(2.2310161e-05 0.00022664701 -2.3975826e-09)
(-2.2310162e-05 0.00022664701 -2.3969029e-09)
(-6.6077276e-05 0.00021794384 -2.8563337e-09)
(-0.00010732169 0.0002008621 -3.2033932e-09)
(-0.00014446102 0.00017605055 -3.2669229e-09)
(0.00014445253 0.00017604183 -1.5937772e-08)
(0.00010731471 0.00020085221 -1.6614964e-08)
(6.6073655e-05 0.00021793079 -1.6965702e-08)
(2.2309292e-05 0.0002266304 -1.6721813e-08)
(-2.2309292e-05 0.0002266304 -1.6721608e-08)
(-6.6073654e-05 0.00021793079 -1.6964965e-08)
(-0.0001073147 0.0002008522 -1.6613579e-08)
(-0.00014445253 0.00017604183 -1.5935783e-08)
(0.00014445666 0.0001760373 4.7277128e-08)
(0.00010732617 0.00020084508 5.4246554e-08)
(6.6084095e-05 0.00021792699 6.2520592e-08)
(2.2313024e-05 0.00022663084 6.7018709e-08)
(-2.2313023e-05 0.00022663084 6.7019209e-08)
(-6.6084094e-05 0.00021792699 6.25221e-08)
(-0.00010732617 0.00020084508 5.4249049e-08)
(-0.00014445666 0.0001760373 4.728052e-08)
(0.00014432299 0.00017586091 1.8427761e-07)
(0.00010723891 0.00020064004 1.8657933e-07)
(6.6035546e-05 0.00021770887 1.9028679e-07)
(2.2297112e-05 0.00022641047 1.9313175e-07)
(-2.2297112e-05 0.00022641047 1.9313125e-07)
(-6.6035546e-05 0.00021770887 1.9028531e-07)
(-0.00010723891 0.00020064005 1.8657692e-07)
(-0.000144323 0.00017586091 1.8427442e-07)
)
;
    }
    fsi_dura
    {
        type            calculated;
        value           nonuniform List<vector> 
960
(
(0.0002674799 -0.00021952236 -6.8745391e-07)
(0.00030516159 -0.0001631242 -6.8926661e-07)
(0.00033112193 -0.0001004493 -6.929448e-07)
(0.00034436196 -3.3915846e-05 -6.9656612e-07)
(0.00034436196 3.3915846e-05 -6.9656611e-07)
(0.00033112193 0.0001004493 -6.9294472e-07)
(0.00030516159 0.0001631242 -6.8926637e-07)
(0.0002674799 0.00021952236 -6.8745337e-07)
(0.00026773901 -0.00021973903 -9.5837851e-07)
(0.00030545479 -0.00016329232 -9.635413e-07)
(0.00033143998 -0.00010055896 -9.7191676e-07)
(0.00034468949 -3.3953968e-05 -9.7838939e-07)
(0.00034468949 3.3953968e-05 -9.7838938e-07)
(0.00033143998 0.00010055896 -9.7191668e-07)
(0.00030545479 0.00016329232 -9.6354105e-07)
(0.00026773901 0.00021973903 -9.5837797e-07)
(0.00026789493 -0.00021987182 -2.5666555e-07)
(0.0003056296 -0.00016339764 -2.5908448e-07)
(0.00033162919 -0.00010062925 -2.6279785e-07)
(0.0003448869 -3.397902e-05 -2.657881e-07)
(0.0003448869 3.397902e-05 -2.6578809e-07)
(0.00033162919 0.00010062925 -2.6279777e-07)
(0.0003056296 0.00016339764 -2.5908423e-07)
(0.00026789493 0.00021987182 -2.5666503e-07)
(0.00026793651 -0.00021990711 5.6328144e-08)
(0.00030567641 -0.00016342561 5.6839428e-08)
(0.00033167961 -0.00010064852 5.7147394e-08)
(0.00034493984 -3.3986326e-05 5.7091259e-08)
(0.00034493984 3.3986326e-05 5.7091271e-08)
(0.00033167961 0.00010064852 5.7147466e-08)
(0.00030567641 0.00016342561 5.6839665e-08)
(0.00026793651 0.00021990711 5.6328646e-08)
(0.0002679207 -0.00021989372 5.6890814e-08)
(0.00030565862 -0.00016341566 5.6736809e-08)
(0.00033166014 -0.00010064247 5.6670332e-08)
(0.00034491916 -3.398424e-05 5.6772613e-08)
(0.00034491916 3.398424e-05 5.6772625e-08)
(0.00033166014 0.00010064247 5.6670402e-08)
(0.00030565862 0.00016341566 5.6737038e-08)
(0.0002679207 0.00021989372 5.6891297e-08)
(0.00026790781 -0.00021988365 5.2663028e-09)
(0.00030564377 -0.00016340857 4.8319799e-09)
(0.00033164443 -0.00010063843 4.1807151e-09)
(0.00034490317 -3.3983038e-05 3.5558288e-09)
(0.00034490317 3.3983038e-05 3.5558405e-09)
(0.00033164443 0.00010063843 4.1807829e-09)
(0.00030564377 0.00016340857 4.8322012e-09)
(0.00026790781 0.00021988365 5.2667678e-09)
(0.00026790596 -0.00021988296 -8.7826061e-09)
(0.00030564104 -0.00016340921 -9.6540707e-09)
(0.0003316414 -0.00010063939 -1.0902819e-08)
(0.00034490029 -3.3983363e-05 -1.1527726e-08)
(0.00034490029 3.3983363e-05 -1.1527715e-08)
(0.0003316414 0.00010063939 -1.0902754e-08)
(0.00030564104 0.00016340921 -9.6538577e-09)
(0.00026790596 0.00021988296 -8.7821589e-09)
(0.00026790634 -0.00021988404 -1.4822436e-10)
(0.00030564107 -0.00016341075 -3.1806161e-10)
(0.00033164151 -0.00010064039 -2.9769629e-10)
(0.00034490073 -3.398355e-05 -2.6297414e-10)
(0.00034490073 3.398355e-05 -2.6296338e-10)
(0.00033164151 0.00010064039 -2.9763378e-10)
(0.00030564107 0.00016341075 -3.1785779e-10)
(0.00026790634 0.00021988404 -1.47796e-10)
(0.00026790601 -0.00021988374 -2.321743e-09)
(0.0003056407 -0.0001634105 -2.1387481e-09)
(0.0003316411 -0.00010064021 -2.1242966e-09)
(0.00034490028 -3.3983485e-05 -2.1304484e-09)
(0.00034490028 3.3983485e-05 -2.1304381e-09)
(0.0003316411 0.00010064021 -2.1242368e-09)
(0.0003056407 0.0001634105 -2.1385534e-09)
(0.00026790601 0.00021988374 -2.3213338e-09)
(0.00026790494 -0.00021988203 3.715165e-09)
(0.00030563989 -0.00016340843 4.6033798e-09)
(0.00033164011 -0.00010063887 5.8753116e-09)
(0.00034489893 -3.3983183e-05 6.5108036e-09)
(0.00034489893 3.3983183e-05 6.5108134e-09)
(0.00033164011 0.00010063887 5.8753685e-09)
(0.00030563989 0.00016340843 4.6035651e-09)
(0.00026790494 0.00021988203 3.7155544e-09)
(0.00026790357 -0.00021987998 4.7613855e-10)
(0.000305639 -0.00016340565 9.9043871e-10)
(0.00033163918 -0.00010063653 1.7787311e-09)
(0.00034489761 -3.3982388e-05 2.4979203e-09)
(0.00034489761 3.3982388e-05 2.4979296e-09)
(0.00033163918 0.00010063653 1.778785e-09)
(0.000305639 0.00016340565 9.9061437e-10)
(0.00026790357 0.00021987998 4.7650819e-10)
(0.00026790296 -0.00021987906 2.4572681e-10)
(0.0003056384 -0.00016340454 2.2444242e-10)
(0.00033163818 -0.0001006353 2.0863769e-10)
(0.00034489634 -3.3981705e-05 2.0002761e-10)
(0.00034489634 3.3981705e-05 2.0003624e-10)
(0.00033163818 0.0001006353 2.086883e-10)
(0.0003056384 0.00016340454 2.2460826e-10)
(0.00026790296 0.00021987906 2.4607666e-10)
(0.00026790223 -0.00021987891 1.3366058e-10)
(0.00030563748 -0.00016340486 -4.2402967e-10)
(0.00033163753 -0.00010063605 -1.2436886e-09)
(0.00034489587 -3.3982222e-05 -1.9793506e-09)
(0.00034489587 3.3982222e-05 -1.9793425e-09)
(0.00033163753 0.00010063605 -1.2436409e-09)
(0.00030563748 0.00016340486 -4.2387319e-10)
(0.00026790223 0.00021987891 1.3399098e-10)
(0.00026790178 -0.0002198795 -2.7882543e-09)
(0.00030563629 -0.00016340656 -3.7231001e-09)
(0.00033163623 -0.00010063773 -5.0280322e-09)
(0.00034489493 -3.39828e-05 -5.6800526e-09)
(0.00034489493 3.39828e-05 -5.6800448e-09)
(0.00033163623 0.00010063773 -5.027987e-09)
(0.00030563629 0.00016340656 -3.7229526e-09)
(0.00026790178 0.0002198795 -2.787943e-09)
(0.00026790146 -0.00021988013 2.8416441e-09)
(0.00030563554 -0.00016340782 2.6116936e-09)
(0.00033163552 -0.00010063857 2.5693704e-09)
(0.0003448945 -3.398293e-05 2.5631424e-09)
(0.0003448945 3.398293e-05 2.5631497e-09)
(0.00033163552 0.00010063857 2.5694127e-09)
(0.00030563554 0.00016340782 2.6118319e-09)
(0.00026790146 0.00021988013 2.8419362e-09)
(0.00026790083 -0.00021987969 -2.5229008e-09)
(0.00030563484 -0.00016340751 -2.3939178e-09)
(0.00033163478 -0.00010063838 -2.4263443e-09)
(0.00034489373 -3.3982866e-05 -2.4598143e-09)
(0.00034489373 3.3982866e-05 -2.4598075e-09)
(0.00033163478 0.00010063838 -2.426305e-09)
(0.00030563484 0.00016340751 -2.3937889e-09)
(0.00026790083 0.00021987969 -2.5226278e-09)
(0.00026790014 -0.00021987841 3.1116858e-09)
(0.00030563449 -0.00016340578 3.938442e-09)
(0.0003316343 -0.00010063726 5.1624066e-09)
(0.0003448929 -3.3982638e-05 5.7710457e-09)
(0.0003448929 3.3982638e-05 5.7710519e-09)
(0.0003316343 0.00010063726 5.1624429e-09)
(0.00030563449 0.00016340578 3.9385612e-09)
(0.00026790014 0.00021987841 3.1119388e-09)
(0.00026789878 -0.00021987652 2.0088766e-10)
(0.00030563364 -0.00016340314 6.3468379e-10)
(0.00033163347 -0.00010063502 1.3604087e-09)
(0.00034489175 -3.3981884e-05 2.0454239e-09)
(0.00034489175 3.3981884e-05 2.0454296e-09)
(0.00033163347 0.00010063502 1.3604419e-09)
(0.00030563364 0.00016340314 6.3479316e-10)
(0.00026789878 0.00021987652 2.0112037e-10)
(0.00026789848 -0.00021987608 1.2779277e-10)
(0.00030563345 -0.00016340242 -7.8097538e-12)
(0.00033163294 -0.00010063404 -1.1425696e-10)
(0.00034489096 -3.3981284e-05 -1.7155763e-10)
(0.00034489096 3.3981284e-05 -1.7155262e-10)
(0.00033163294 0.00010063404 -1.1422709e-10)
(0.00030563345 0.00016340242 -7.7104762e-12)
(0.00026789848 0.00021987608 1.2800509e-10)
(0.00026789802 -0.00021987647 -2.8681361e-11)
(0.00030563289 -0.00016340321 -7.6419606e-10)
(0.00033163273 -0.0001006351 -1.7434488e-09)
(0.00034489097 -3.3981913e-05 -2.5728803e-09)
(0.00034489097 3.3981913e-05 -2.5728759e-09)
(0.00033163273 0.0001006351 -1.7434224e-09)
(0.00030563289 0.00016340321 -7.6410692e-10)
(0.00026789802 0.00021987647 -2.8489341e-11)
(0.00026789747 -0.00021987742 -3.2424354e-09)
(0.00030563162 -0.00016340535 -4.4328927e-09)
(0.00033163145 -0.00010063718 -6.0239629e-09)
(0.00034489017 -3.3982659e-05 -6.8727938e-09)
(0.00034489017 3.3982659e-05 -6.8727901e-09)
(0.00033163145 0.00010063718 -6.0239396e-09)
(0.00030563162 0.00016340535 -4.4328134e-09)
(0.00026789747 0.00021987742 -3.2422633e-09)
(0.0002678975 -0.00021987876 2.5958509e-09)
(0.00030563124 -0.00016340742 2.1569085e-09)
(0.00033163118 -0.00010063874 1.8223535e-09)
(0.00034489024 -3.3983088e-05 1.5884554e-09)
(0.00034489024 3.3983088e-05 1.5884587e-09)
(0.00033163118 0.00010063874 1.822374e-09)
(0.00030563124 0.00016340742 2.1569785e-09)
(0.0002678975 0.00021987876 2.5960034e-09)
(0.00026789674 -0.00021987836 -1.6343163e-11)
(0.00030563035 -0.0001634073 1.6352624e-10)
(0.00033163025 -0.00010063882 1.4803626e-10)
(0.0003448893 -3.398316e-05 1.1159366e-10)
(0.0003448893 3.398316e-05 1.1159643e-10)
(0.00033163025 0.00010063882 1.4805371e-10)
(0.00030563035 0.0001634073 1.6358665e-10)
(0.00026789674 0.00021987836 -1.6210354e-11)
(0.00026789552 -0.00021987637 9.8767022e-09)
(0.00030562937 -0.00016340494 1.1007921e-08)
(0.00033162906 -0.00010063719 1.2571733e-08)
(0.00034488767 -3.3982724e-05 1.343129e-08)
(0.00034488767 3.3982724e-05 1.3431292e-08)
(0.00033162906 0.00010063719 1.2571748e-08)
(0.00030562937 0.00016340494 1.1007971e-08)
(0.00026789552 0.00021987637 9.8768154e-09)
(0.00026789481 -0.00021987448 1.8478786e-09)
(0.00030562917 -0.00016340213 2.5840781e-09)
(0.00033162892 -0.00010063469 3.5492922e-09)
(0.00034488728 -3.3981828e-05 4.3861828e-09)
(0.00034488728 3.3981828e-05 4.3861844e-09)
(0.00033162892 0.00010063469 3.5493035e-09)
(0.00030562917 0.00016340213 2.5841194e-09)
(0.00026789481 0.00021987448 1.8479723e-09)
(0.00026790515 -0.00021988204 -4.4379234e-08)
(0.00030564103 -0.00016340724 -4.4075847e-08)
(0.00033164128 -0.00010063738 -4.3904312e-08)
(0.00034489979 -3.3982527e-05 -4.3923762e-08)
(0.00034489979 3.3982527e-05 -4.3923761e-08)
(0.00033164128 0.00010063738 -4.3904304e-08)
(0.00030564103 0.00016340724 -4.4075815e-08)
(0.00026790515 0.00021988204 -4.437916e-08)
(0.00026792541 -0.00021989882 -7.5119597e-08)
(0.00030566375 -0.00016341975 -7.5549169e-08)
(0.00033166598 -0.00010064501 -7.5859802e-08)
(0.00034492589 -3.3985135e-05 -7.5838152e-08)
(0.00034492589 3.3985135e-05 -7.5838152e-08)
(0.00033166598 0.00010064501 -7.5859797e-08)
(0.00030566375 0.00016341975 -7.5549147e-08)
(0.00026792541 0.00021989882 -7.5119543e-08)
(0.00026790167 -0.00021987812 1.5520794e-07)
(0.00030563728 -0.00016340267 1.5764568e-07)
(0.0003316378 -0.00010063254 1.6137739e-07)
(0.00034489586 -3.3980198e-05 1.6431407e-07)
(0.00034489586 3.3980198e-05 1.6431407e-07)
(0.0003316378 0.00010063254 1.6137739e-07)
(0.00030563728 0.00016340267 1.5764569e-07)
(0.00026790167 0.00021987812 1.5520797e-07)
(0.0002677726 -0.00021976693 9.1807815e-07)
(0.00030549301 -0.0001633136 9.2355164e-07)
(0.00033148163 -0.00010057247 9.3196405e-07)
(0.00034473293 -3.3958506e-05 9.3848233e-07)
(0.00034473293 3.3958506e-05 9.3848233e-07)
(0.00033148163 0.00010057247 9.3196404e-07)
(0.00030549301 0.0001633136 9.2355164e-07)
(0.0002677726 0.00021976693 9.1807816e-07)
(0.00026751044 -0.00021954414 1.5825948e-06)
(0.0003051984 -0.00016313983 1.5877777e-06)
(0.00033116088 -0.00010046154 1.5937966e-06)
(0.00034439788 -3.3921008e-05 1.5966432e-06)
(0.00034439788 3.3921008e-05 1.5966432e-06)
(0.00033116088 0.00010046154 1.5937966e-06)
(0.0003051984 0.00016313983 1.5877777e-06)
(0.00026751044 0.00021954414 1.5825948e-06)
(0.00021952236 0.0002674799 -6.8745072e-07)
(0.0001631242 0.00030516159 -6.8925849e-07)
(0.0001004493 0.00033112193 -6.929318e-07)
(3.3915843e-05 0.00034436197 -6.9654844e-07)
(-3.391585e-05 0.00034436197 -6.9654412e-07)
(-0.00010044931 0.00033112193 -6.9291899e-07)
(-0.00016312421 0.00030516159 -6.8923761e-07)
(-0.00021952237 0.0002674799 -6.8742255e-07)
(0.00021973902 0.00026773902 -9.5837195e-07)
(0.00016329232 0.0003054548 -9.635231e-07)
(0.00010055895 0.00033144 -9.7188709e-07)
(3.3953962e-05 0.00034468951 -9.7834873e-07)
(-3.3953977e-05 0.00034468951 -9.7833863e-07)
(-0.00010055897 0.00033144 -9.7185719e-07)
(-0.00016329234 0.00030545481 -9.6347458e-07)
(-0.00021973905 0.00026773903 -9.5830668e-07)
(0.00021987181 0.00026789493 -2.5665845e-07)
(0.00016339763 0.00030562962 -2.5906456e-07)
(0.00010062925 0.0003316292 -2.6276524e-07)
(3.3979009e-05 0.00034488691 -2.6574317e-07)
(-3.3979034e-05 0.00034488691 -2.6573158e-07)
(-0.00010062927 0.00033162921 -2.6273093e-07)
(-0.00016339766 0.00030562962 -2.5900884e-07)
(-0.00021987184 0.00026789494 -2.5658344e-07)
(0.00021990711 0.00026793651 5.6335433e-08)
(0.0001634256 0.00030567642 5.6859986e-08)
(0.00010064851 0.00033167962 5.7181175e-08)
(3.3986315e-05 0.00034493985 5.7138049e-08)
(-3.3986342e-05 0.00034493985 5.7150518e-08)
(-0.00010064854 0.00033167962 5.7218135e-08)
(-0.00016342563 0.00030567642 5.6920067e-08)
(-0.00021990714 0.00026793652 5.6416344e-08)
(0.00021989372 0.0002679207 5.6898957e-08)
(0.00016341567 0.00030565862 5.6760047e-08)
(0.00010064247 0.00033166015 5.6708768e-08)
(3.3984231e-05 0.00034491918 5.6826096e-08)
(-3.3984256e-05 0.00034491918 5.6840448e-08)
(-0.0001006425 0.00033166015 5.6751209e-08)
(-0.00016341569 0.00030565862 5.6828812e-08)
(-0.00021989375 0.0002679207 5.6991369e-08)
(0.00021988366 0.00026790781 5.2757083e-09)
(0.00016340858 0.00030564377 4.8589525e-09)
(0.00010063843 0.00033164444 4.2251315e-09)
(3.3983033e-05 0.00034490318 3.6173698e-09)
(-3.3983054e-05 0.00034490318 3.633731e-09)
(-0.00010063845 0.00033164444 4.2736044e-09)
(-0.0001634086 0.00030564378 4.9377535e-09)
(-0.00021988368 0.00026790781 5.3818826e-09)
(0.00021988298 0.00026790595 -8.7717505e-09)
(0.00016340922 0.00030564104 -9.6227163e-09)
(0.0001006394 0.0003316414 -1.0851196e-08)
(3.3983361e-05 0.0003449003 -1.1456451e-08)
(-3.3983379e-05 0.0003449003 -1.1437991e-08)
(-0.00010063942 0.00033164141 -1.0796523e-08)
(-0.00016340924 0.00030564104 -9.5339527e-09)
(-0.000219883 0.00026790595 -8.6523086e-09)
(0.00021988407 0.00026790632 -1.3572711e-10)
(0.00016341078 0.00030564106 -2.8186703e-10)
(0.00010064041 0.00033164151 -2.3838716e-10)
(3.3983552e-05 0.00034490073 -1.8166923e-10)
(-3.3983565e-05 0.00034490073 -1.6150834e-10)
(-0.00010064042 0.00033164152 -1.7868204e-10)
(-0.00016341079 0.00030564107 -1.8491454e-10)
(-0.00021988408 0.00026790633 -5.2395122e-12)
(0.00021988377 0.00026790599 -2.3072182e-09)
(0.00016341053 0.00030564069 -2.0966001e-09)
(0.00010064023 0.00033164109 -2.0556468e-09)
(3.398349e-05 0.00034490029 -2.0372691e-09)
(-3.39835e-05 0.00034490029 -2.0156222e-09)
(-0.00010064024 0.0003316411 -1.9915678e-09)
(-0.00016341054 0.00030564069 -1.9926228e-09)
(-0.00021988379 0.00026790599 -2.1673898e-09)
(0.00021988207 0.00026790492 3.7322976e-09)
(0.00016340846 0.00030563988 4.6530888e-09)
(0.0001006389 0.0003316401 5.9556224e-09)
(3.3983189e-05 0.00034489893 6.6184585e-09)
(-3.3983195e-05 0.00034489893 6.6412404e-09)
(-0.0001006389 0.00033164011 6.0229913e-09)
(-0.00016340847 0.00030563988 4.7622695e-09)
(-0.00021988207 0.00026790492 3.8789417e-09)
(0.00021988001 0.00026790355 4.9703123e-10)
(0.00016340568 0.00030563899 1.0509755e-09)
(0.00010063655 0.00033163918 1.8754645e-09)
(3.3982394e-05 0.00034489762 2.6254422e-09)
(-3.3982397e-05 0.00034489762 2.6493788e-09)
(-0.00010063656 0.00033163918 1.9463197e-09)
(-0.00016340568 0.00030563899 1.1658278e-09)
(-0.00021988001 0.00026790355 6.5108629e-10)
(0.00021987908 0.00026790294 2.7131053e-10)
(0.00016340456 0.0003056384 2.9857775e-10)
(0.00010063532 0.00033163818 3.2625266e-10)
(3.398171e-05 0.00034489635 3.529625e-10)
(-3.398171e-05 0.00034489635 3.7779032e-10)
(-0.00010063532 0.00033163818 3.9946331e-10)
(-0.00016340456 0.0003056384 4.1655242e-10)
(-0.00021987907 0.00026790294 4.2868383e-10)
(0.0002198789 0.00026790224 1.6562421e-10)
(0.00016340486 0.00030563749 -3.3177194e-10)
(0.00010063604 0.00033163754 -1.0990205e-09)
(3.3982221e-05 0.00034489588 -1.7943761e-09)
(-3.3982219e-05 0.00034489588 -1.7693228e-09)
(-0.00010063604 0.00033163754 -1.0251888e-09)
(-0.00016340485 0.00030563749 -2.1286413e-10)
(-0.0002198789 0.00026790225 3.2393866e-10)
(0.00021987946 0.00026790182 -2.7478515e-09)
(0.00016340652 0.00030563633 -3.6066417e-09)
(0.0001006377 0.00033163625 -4.8469732e-09)
(3.3982789e-05 0.00034489495 -5.4520549e-09)
(-3.3982786e-05 0.00034489495 -5.4266889e-09)
(-0.00010063769 0.00033163625 -4.7722681e-09)
(-0.00016340651 0.00030563633 -3.4866966e-09)
(-0.00021987944 0.00026790183 -2.5888914e-09)
(0.00021988001 0.00026790156 2.8928654e-09)
(0.00016340772 0.00030563561 2.7588785e-09)
(0.00010063849 0.00033163557 2.7961693e-09)
(3.3982902e-05 0.00034489453 2.8446651e-09)
(-3.3982899e-05 0.00034489452 2.8690797e-09)
(-0.00010063848 0.00033163557 2.8680475e-09)
(-0.0001634077 0.00030563562 2.8743357e-09)
(-0.00021987999 0.00026790157 3.0460597e-09)
(0.00021987948 0.00026790102 -2.4580418e-09)
(0.00016340731 0.00030563497 -2.208099e-09)
(0.00010063824 0.00033163485 -2.1425899e-09)
(3.3982816e-05 0.00034489377 -2.1127892e-09)
(-3.398281e-05 0.00034489377 -2.090773e-09)
(-0.00010063822 0.00033163485 -2.0774402e-09)
(-0.00016340729 0.00030563497 -2.1024642e-09)
(-0.00021987945 0.00026790102 -2.3161204e-09)
(0.00021987807 0.00026790044 3.1936947e-09)
(0.00016340546 0.00030563469 4.1724262e-09)
(0.00010063703 0.00033163441 5.5161817e-09)
(3.3982561e-05 0.00034489295 6.19676e-09)
(-3.398254e-05 0.00034489295 6.2124446e-09)
(-0.000100637 0.0003316344 5.5638284e-09)
(-0.00016340543 0.00030563469 4.2535872e-09)
(-0.00021987803 0.00026790044 3.3096629e-09)
(0.00021987599 0.00026789923 3.0593494e-10)
(0.00016340265 0.00030563395 9.3244074e-10)
(0.00010063468 0.00033163363 1.8041697e-09)
(3.3981781e-05 0.00034489182 2.5679957e-09)
(-3.3981719e-05 0.00034489182 2.571548e-09)
(-0.00010063462 0.00033163363 1.8193757e-09)
(-0.0001634026 0.00030563394 9.7079377e-10)
(-0.00021987596 0.00026789922 3.805313e-10)
(0.00021987529 0.00026789915 2.6550564e-10)
(0.0001634017 0.0003056339 3.7875358e-10)
(0.00010063356 0.00033163316 4.5038338e-10)
(3.3981167e-05 0.00034489106 4.7490004e-10)
(-3.398101e-05 0.00034489107 4.56765e-10)
(-0.00010063344 0.00033163317 4.0702098e-10)
(-0.00016340164 0.00030563388 3.393809e-10)
(-0.00021987528 0.0002678991 2.6678644e-10)
(0.00021987533 0.00026789899 1.5064221e-10)
(0.00016340217 0.00030563352 -2.5953878e-10)
(0.00010063443 0.00033163303 -1.0060342e-09)
(3.3981793e-05 0.00034489109 -1.7361276e-09)
(-3.398146e-05 0.00034489111 -1.7828459e-09)
(-0.00010063419 0.00033163306 -1.1287857e-09)
(-0.00016340207 0.0003056335 -4.0863833e-10)
(-0.00021987537 0.00026789887 4.569492e-11)
(0.00021987583 0.00026789881 -3.0407543e-09)
(0.00016340385 0.0003056325 -3.8398058e-09)
(0.00010063618 0.00033163187 -5.0999964e-09)
(3.3982489e-05 0.00034489032 -5.7741742e-09)
(-3.3981913e-05 0.00034489035 -5.8393184e-09)
(-0.00010063576 0.00033163193 -5.2768016e-09)
(-0.00016340369 0.00030563247 -4.0723191e-09)
(-0.00021987592 0.00026789858 -3.238544e-09)
(0.00021987673 0.00026789917 2.7328785e-09)
(0.00016340539 0.00030563237 2.5863232e-09)
(0.00010063726 0.00033163177 2.5527686e-09)
(3.3982784e-05 0.00034489049 2.5112814e-09)
(-3.3981982e-05 0.00034489053 2.4543868e-09)
(-0.00010063666 0.00033163185 2.3939524e-09)
(-0.00016340515 0.00030563233 2.3629643e-09)
(-0.00021987686 0.00026789882 2.5122589e-09)
(0.00021987616 0.00026789854 -3.8411736e-11)
(0.00016340502 0.0003056316 9.905768e-11)
(0.00010063709 0.00033163092 4.7719185e-11)
(3.3982767e-05 0.00034488961 -1.6639544e-11)
(-3.3981872e-05 0.00034488966 -4.0014137e-11)
(-0.00010063642 0.00033163101 -2.1484842e-11)
(-0.00016340475 0.00030563155 -1.2809504e-11)
(-0.00021987631 0.00026789814 -1.8776442e-10)
(0.00021987436 0.00026789718 9.7009051e-09)
(0.00016340292 0.0003056305 1.0464373e-08)
(0.00010063572 0.00033162965 1.165795e-08)
(3.3982417e-05 0.00034488792 1.2264654e-08)
(-3.3981621e-05 0.00034488797 1.2276019e-08)
(-0.00010063513 0.00033162973 1.1682562e-08)
(-0.00016340269 0.00030563046 1.0471549e-08)
(-0.00021987451 0.00026789682 9.6341874e-09)
(0.00021987291 0.00026789612 1.6060316e-09)
(0.00016340065 0.00030563005 1.872109e-09)
(0.00010063371 0.00033162934 2.4340187e-09)
(3.3981662e-05 0.00034488745 3.0353186e-09)
(-3.3981101e-05 0.00034488748 3.0584055e-09)
(-0.0001006333 0.0003316294 2.4868481e-09)
(-0.00016340051 0.00030563002 1.9044578e-09)
(-0.00021987304 0.00026789589 1.5360842e-09)
(0.00021988095 0.00026790607 -4.4601946e-08)
(0.00016340625 0.00030564165 -4.4708529e-08)
(0.00010063675 0.00033164158 -4.4843563e-08)
(3.3982411e-05 0.00034489992 -4.5018527e-08)
(-3.3982108e-05 0.00034489994 -4.501055e-08)
(-0.00010063654 0.00033164161 -4.4835713e-08)
(-0.0001634062 0.00030564163 -4.4745999e-08)
(-0.00021988104 0.00026790595 -4.4748544e-08)
(0.00021989811 0.00026792602 -7.5294205e-08)
(0.0001634191 0.00030566417 -7.6044128e-08)
(0.00010064457 0.00033166621 -7.6596405e-08)
(3.3985019e-05 0.00034492601 -7.6707692e-08)
(-3.3984912e-05 0.00034492602 -7.6723421e-08)
(-0.00010064451 0.00033166622 -7.6653586e-08)
(-0.0001634191 0.00030566416 -7.616898e-08)
(-0.00021989817 0.00026792597 -7.551812e-08)
(0.00021987769 0.00026790205 1.5507038e-07)
(0.00016340227 0.00030563755 1.5725185e-07)
(0.00010063226 0.00033163797 1.6078036e-07)
(3.39801e-05 0.00034489597 1.6359126e-07)
(-3.3980098e-05 0.00034489597 1.6355428e-07)
(-0.00010063228 0.00033163798 1.6066644e-07)
(-0.0001634023 0.00030563755 1.5705371e-07)
(-0.00021987774 0.00026790204 1.5478118e-07)
(0.00021976671 0.0002677728 9.1796837e-07)
(0.0001633134 0.00030549318 9.2323507e-07)
(0.00010057233 0.00033148176 9.3147723e-07)
(3.3958448e-05 0.00034473305 9.3788033e-07)
(-3.3958474e-05 0.00034473305 9.378307e-07)
(-0.00010057236 0.00033148178 9.3132937e-07)
(-0.00016331344 0.0003054932 9.2299245e-07)
(-0.00021976676 0.00026777283 9.1763741e-07)
(0.00021954409 0.00026751051 1.5825117e-06)
(0.00016313979 0.00030519849 1.5875373e-06)
(0.00010046152 0.00033116099 1.5934238e-06)
(3.3920998e-05 0.000344398 1.5961757e-06)
(-3.3921009e-05 0.00034439801 1.5961265e-06)
(-0.00010046153 0.00033116101 1.5932784e-06)
(-0.00016313982 0.00030519853 1.5873021e-06)
(-0.00021954413 0.00026751055 1.5821968e-06)
(-0.00026747991 0.00021952236 -6.8741907e-07)
(-0.0003051616 0.00016312421 -6.8922736e-07)
(-0.00033112194 0.0001004493 -6.9290252e-07)
(-0.00034436198 3.3915847e-05 -6.9652225e-07)
(-0.00034436198 -3.3915847e-05 -6.9652225e-07)
(-0.00033112194 -0.0001004493 -6.9290252e-07)
(-0.0003051616 -0.00016312421 -6.8922736e-07)
(-0.00026747991 -0.00021952236 -6.8741907e-07)
(-0.00026773904 0.00021973904 -9.5829844e-07)
(-0.00030545482 0.00016329233 -9.6345028e-07)
(-0.00033144002 0.00010055896 -9.718181e-07)
(-0.00034468953 3.395397e-05 -9.7828677e-07)
(-0.00034468953 -3.395397e-05 -9.7828677e-07)
(-0.00033144002 -0.00010055896 -9.7181809e-07)
(-0.00030545482 -0.00016329233 -9.6345027e-07)
(-0.00026773904 -0.00021973904 -9.5829843e-07)
(-0.00026789496 0.00021987182 -2.5657362e-07)
(-0.00030562964 0.00016339764 -2.5897995e-07)
(-0.00033162922 0.00010062926 -2.6268461e-07)
(-0.00034488693 3.3979021e-05 -2.6567039e-07)
(-0.00034488693 -3.3979021e-05 -2.6567039e-07)
(-0.00033162922 -0.00010062926 -2.6268461e-07)
(-0.00030562964 -0.00016339764 -2.5897995e-07)
(-0.00026789496 -0.00021987182 -2.5657362e-07)
(-0.00026793654 0.00021990711 5.642725e-08)
(-0.00030567644 0.00016342561 5.6952115e-08)
(-0.00033167964 0.00010064852 5.7269389e-08)
(-0.00034493987 3.3986326e-05 5.721799e-08)
(-0.00034493987 -3.3986326e-05 5.721799e-08)
(-0.00033167964 -0.00010064852 5.726939e-08)
(-0.00030567644 -0.00016342561 5.6952116e-08)
(-0.00026793654 -0.00021990711 5.6427252e-08)
(-0.00026792072 0.00021989372 5.700393e-08)
(-0.00030565865 0.00016341566 5.686578e-08)
(-0.00033166017 0.00010064247 5.6810457e-08)
(-0.00034491919 3.398424e-05 5.691853e-08)
(-0.00034491919 -3.398424e-05 5.691853e-08)
(-0.00033166017 -0.00010064247 5.6810457e-08)
(-0.00030565865 -0.00016341566 5.6865781e-08)
(-0.00026792072 -0.00021989372 5.7003931e-08)
(-0.00026790784 0.00021988365 5.3961911e-09)
(-0.0003056438 0.00016340857 4.9797858e-09)
(-0.00033164446 0.00010063843 4.3408196e-09)
(-0.00034490319 3.3983039e-05 3.7222368e-09)
(-0.00034490319 -3.3983039e-05 3.7222368e-09)
(-0.00033164446 -0.00010063843 4.3408196e-09)
(-0.0003056438 -0.00016340857 4.9797857e-09)
(-0.00026790784 -0.00021988365 5.3961908e-09)
(-0.00026790598 0.00021988296 -8.6365663e-09)
(-0.00030564106 0.00016340921 -9.4876249e-09)
(-0.00033164142 0.00010063939 -1.0722243e-08)
(-0.00034490031 3.3983363e-05 -1.1339931e-08)
(-0.00034490031 -3.3983363e-05 -1.1339931e-08)
(-0.00033164142 -0.00010063939 -1.0722243e-08)
(-0.00030564106 -0.00016340921 -9.4876256e-09)
(-0.00026790598 -0.00021988296 -8.6365674e-09)
(-0.00026790636 0.00021988404 1.1221105e-11)
(-0.00030564109 0.00016341076 -1.3641792e-10)
(-0.00033164153 0.00010064039 -1.0072574e-10)
(-0.00034490075 3.398355e-05 -5.8156804e-11)
(-0.00034490075 -3.398355e-05 -5.8157027e-11)
(-0.00033164153 -0.00010064039 -1.0072642e-10)
(-0.00030564109 -0.00016341076 -1.3641911e-10)
(-0.00026790636 -0.00021988404 1.1219359e-11)
(-0.00026790602 0.00021988374 -2.1510417e-09)
(-0.00030564071 0.0001634105 -1.9443172e-09)
(-0.00033164111 0.00010064021 -1.9134683e-09)
(-0.00034490029 3.3983486e-05 -1.9112239e-09)
(-0.00034490029 -3.3983486e-05 -1.9112241e-09)
(-0.00033164111 -0.00010064021 -1.9134691e-09)
(-0.00030564071 -0.0001634105 -1.9443185e-09)
(-0.00026790602 -0.00021988374 -2.1510436e-09)
(-0.00026790495 0.00021988203 3.8938941e-09)
(-0.0003056399 0.00016340843 4.8066987e-09)
(-0.00033164012 0.00010063887 6.0956205e-09)
(-0.00034489894 3.3983183e-05 6.7398807e-09)
(-0.00034489894 -3.3983183e-05 6.7398805e-09)
(-0.00033164012 -0.00010063887 6.0956199e-09)
(-0.0003056399 -0.00016340843 4.8066976e-09)
(-0.00026790495 -0.00021988203 3.8938924e-09)
(-0.00026790357 0.00021987998 6.6342238e-10)
(-0.000305639 0.00016340565 1.2028789e-09)
(-0.00033163918 0.00010063653 2.0081161e-09)
(-0.00034489762 3.3982388e-05 2.7357372e-09)
(-0.00034489762 -3.3982388e-05 2.735737e-09)
(-0.00033163918 -0.00010063653 2.0081156e-09)
(-0.000305639 -0.00016340565 1.202878e-09)
(-0.00026790357 -0.00021987998 6.6342104e-10)
(-0.00026790295 0.00021987906 4.3631795e-10)
(-0.0003056384 0.00016340455 4.4039264e-10)
(-0.00033163818 0.00010063531 4.4206277e-10)
(-0.00034489634 3.3981706e-05 4.42407e-10)
(-0.00034489634 -3.3981706e-05 4.4240685e-10)
(-0.00033163818 -0.00010063531 4.4206232e-10)
(-0.0003056384 -0.00016340455 4.4039189e-10)
(-0.00026790295 -0.00021987906 4.3631689e-10)
(-0.00026790222 0.00021987892 3.2449582e-10)
(-0.00030563747 0.00016340487 -2.0921795e-10)
(-0.00033163752 0.00010063605 -1.0129356e-09)
(-0.00034489586 3.3982224e-05 -1.7405453e-09)
(-0.00034489586 -3.3982224e-05 -1.7405454e-09)
(-0.00033163752 -0.00010063605 -1.012936e-09)
(-0.00030563747 -0.00016340487 -2.0921866e-10)
(-0.00026790222 -0.00021987892 3.2449479e-10)
(-0.00026790176 0.00021987951 -2.5974299e-09)
(-0.00030563628 0.00016340657 -3.5088804e-09)
(-0.00033163622 0.00010063774 -4.7984689e-09)
(-0.00034489492 3.3982803e-05 -5.443015e-09)
(-0.00034489492 -3.3982803e-05 -5.4430152e-09)
(-0.00033163622 -0.00010063774 -4.7984694e-09)
(-0.00030563628 -0.00016340657 -3.5088813e-09)
(-0.00026790176 -0.00021987951 -2.5974312e-09)
(-0.00026790144 0.00021988014 3.0257588e-09)
(-0.00030563552 0.00016340784 2.8186008e-09)
(-0.0003316355 0.00010063858 2.7913854e-09)
(-0.00034489448 3.3982934e-05 2.7926839e-09)
(-0.00034489448 -3.3982934e-05 2.7926837e-09)
(-0.0003316355 -0.00010063858 2.7913847e-09)
(-0.00030563552 -0.00016340784 2.8185997e-09)
(-0.00026790144 -0.00021988014 3.0257571e-09)
(-0.0002679008 0.00021987971 -2.3499623e-09)
(-0.00030563481 0.00016340752 -2.1970591e-09)
(-0.00033163475 0.00010063839 -2.2130641e-09)
(-0.00034489371 3.3982871e-05 -2.2381919e-09)
(-0.00034489371 -3.3982871e-05 -2.2381922e-09)
(-0.00033163475 -0.00010063839 -2.213065e-09)
(-0.00030563481 -0.00016340752 -2.1970605e-09)
(-0.0002679008 -0.00021987971 -2.3499642e-09)
(-0.0002679001 0.00021987842 3.2619859e-09)
(-0.00030563445 0.00016340579 4.1188394e-09)
(-0.00033163426 0.00010063726 5.3657533e-09)
(-0.00034489287 3.398264e-05 5.9870376e-09)
(-0.00034489287 -3.398264e-05 5.9870374e-09)
(-0.00033163426 -0.00010063726 5.3657525e-09)
(-0.00030563445 -0.00016340579 4.1188383e-09)
(-0.0002679001 -0.00021987842 3.2619842e-09)
(-0.00026789875 0.0002198765 3.2077135e-10)
(-0.00030563361 0.00016340312 8.0006619e-10)
(-0.00033163344 0.00010063501 1.5625603e-09)
(-0.00034489172 3.3981879e-05 2.2679676e-09)
(-0.00034489172 -3.3981879e-05 2.2679675e-09)
(-0.00033163344 -0.00010063501 1.56256e-09)
(-0.00030563361 -0.00016340312 8.0006566e-10)
(-0.00026789875 -0.0002198765 3.207706e-10)
(-0.00026789849 0.000219876 1.9961633e-10)
(-0.00030563346 0.00016340233 1.4496744e-10)
(-0.00033163293 0.00010063397 1.0714205e-10)
(-0.00034489094 3.3981258e-05 8.8133152e-11)
(-0.00034489094 -3.3981258e-05 8.8133184e-11)
(-0.00033163293 -0.00010063397 1.0714214e-10)
(-0.00030563346 -0.00016340233 1.4496756e-10)
(-0.00026789849 -0.000219876 1.9961644e-10)
(-0.00026789813 0.00021987625 -1.9904682e-11)
(-0.00030563298 0.00016340295 -6.0114555e-10)
(-0.00033163276 0.00010063489 -1.4346096e-09)
(-0.00034489096 3.3981833e-05 -2.1763497e-09)
(-0.00034489096 -3.3981833e-05 -2.1763495e-09)
(-0.00033163276 -0.00010063489 -1.4346092e-09)
(-0.00030563298 -0.00016340295 -6.0114491e-10)
(-0.00026789813 -0.00021987625 -1.9903832e-11)
(-0.00026789772 0.00021987694 -3.2931764e-09)
(-0.00030563187 0.00016340472 -4.2348119e-09)
(-0.00033163158 0.00010063662 -5.5419574e-09)
(-0.00034489019 3.3982432e-05 -6.1946899e-09)
(-0.00034489019 -3.3982432e-05 -6.1946897e-09)
(-0.00033163158 -0.00010063662 -5.5419568e-09)
(-0.00030563187 -0.00016340472 -4.234811e-09)
(-0.00026789772 -0.00021987694 -3.2931752e-09)
(-0.00026789789 0.00021987797 2.4774162e-09)
(-0.00030563167 0.00016340628 2.2582224e-09)
(-0.00033163147 0.00010063765 2.219595e-09)
(-0.00034489036 3.3982623e-05 2.213535e-09)
(-0.00034489036 -3.3982623e-05 2.2135352e-09)
(-0.00033163147 -0.00010063765 2.2195955e-09)
(-0.00030563167 -0.00016340628 2.2582232e-09)
(-0.00026789789 -0.00021987797 2.4774173e-09)
(-0.00026789719 0.00021987744 -1.9634764e-10)
(-0.00030563088 0.00016340591 -3.9116966e-11)
(-0.00033163063 0.00010063744 -6.7228505e-11)
(-0.00034488949 3.3982559e-05 -1.0737861e-10)
(-0.00034488949 -3.3982559e-05 -1.0737844e-10)
(-0.00033163063 -0.00010063744 -6.7228002e-11)
(-0.00030563088 -0.00016340591 -3.9116154e-11)
(-0.00026789719 -0.00021987744 -1.9634654e-10)
(-0.00026789592 0.00021987558 9.6514286e-09)
(-0.00030562982 0.00016340379 1.0522348e-08)
(-0.00033162937 0.00010063609 1.1763891e-08)
(-0.00034488781 3.3982251e-05 1.2381308e-08)
(-0.00034488781 -3.3982251e-05 1.2381308e-08)
(-0.00033162937 -0.00010063609 1.1763891e-08)
(-0.00030562982 -0.00016340379 1.0522349e-08)
(-0.00026789592 -0.00021987558 9.6514296e-09)
(-0.00026789509 0.00021987398 1.5747499e-09)
(-0.00030562946 0.00016340147 2.0180658e-09)
(-0.00033162909 0.00010063411 2.6675627e-09)
(-0.00034488734 3.3981596e-05 3.2902285e-09)
(-0.00034488734 -3.3981596e-05 3.2902286e-09)
(-0.00033162909 -0.00010063411 2.6675631e-09)
(-0.00030562946 -0.00016340147 2.0180664e-09)
(-0.00026789509 -0.00021987398 1.5747507e-09)
(-0.00026790531 0.0002198818 -4.469664e-08)
(-0.00030564118 0.00016340696 -4.4595584e-08)
(-0.00033164136 0.00010063716 -4.4603517e-08)
(-0.00034489983 3.3982442e-05 -4.472619e-08)
(-0.00034489983 -3.3982442e-05 -4.4726189e-08)
(-0.00033164136 -0.00010063716 -4.4603517e-08)
(-0.00030564118 -0.00016340696 -4.4595584e-08)
(-0.00026790531 -0.0002198818 -4.4696639e-08)
(-0.00026792549 0.00021989873 -7.5464349e-08)
(-0.00030566383 0.00016341965 -7.6015514e-08)
(-0.00033166604 0.00010064493 -7.6423791e-08)
(-0.00034492594 3.3985105e-05 -7.6456128e-08)
(-0.00034492594 -3.3985105e-05 -7.6456128e-08)
(-0.00033166604 -0.00010064493 -7.6423791e-08)
(-0.00030566383 -0.00016341965 -7.6015513e-08)
(-0.00026792549 -0.00021989873 -7.5464348e-08)
(-0.00026790173 0.0002198781 1.5482711e-07)
(-0.00030563734 0.00016340265 1.5718232e-07)
(-0.00033163786 0.00010063253 1.6085112e-07)
(-0.00034489592 3.3980191e-05 1.6375354e-07)
(-0.00034489592 -3.3980191e-05 1.6375354e-07)
(-0.00033163786 -0.00010063253 1.6085112e-07)
(-0.00030563734 -0.00016340265 1.5718232e-07)
(-0.00026790173 -0.0002198781 1.5482711e-07)
(-0.00026777266 0.00021976695 9.1766903e-07)
(-0.00030549309 0.00016331362 9.2307869e-07)
(-0.00033148172 0.00010057249 9.3144557e-07)
(-0.00034473302 3.3958511e-05 9.3794001e-07)
(-0.00034473302 -3.3958511e-05 9.3794001e-07)
(-0.00033148172 -0.00010057249 9.3144557e-07)
(-0.00030549309 -0.00016331362 9.2307869e-07)
(-0.00026777266 -0.00021976695 9.1766903e-07)
(-0.0002675105 0.00021954419 1.5822133e-06)
(-0.00030519849 0.00016313987 1.5873449e-06)
(-0.00033116098 0.00010046157 1.5933292e-06)
(-0.000344398 3.3921019e-05 1.5961585e-06)
(-0.000344398 -3.3921019e-05 1.5961585e-06)
(-0.00033116098 -0.00010046157 1.5933292e-06)
(-0.00030519849 -0.00016313987 1.5873449e-06)
(-0.0002675105 -0.00021954419 1.5822133e-06)
(-0.00021952237 -0.0002674799 -6.8742255e-07)
(-0.00016312421 -0.00030516159 -6.892376e-07)
(-0.00010044931 -0.00033112193 -6.9291898e-07)
(-3.391585e-05 -0.00034436197 -6.9654412e-07)
(3.3915843e-05 -0.00034436197 -6.9654844e-07)
(0.0001004493 -0.00033112193 -6.9293189e-07)
(0.0001631242 -0.00030516159 -6.8925879e-07)
(0.00021952236 -0.0002674799 -6.8745079e-07)
(-0.00021973905 -0.00026773903 -9.5830668e-07)
(-0.00016329234 -0.00030545481 -9.6347457e-07)
(-0.00010055897 -0.00033144 -9.7185719e-07)
(-3.3953977e-05 -0.00034468951 -9.7833862e-07)
(3.3953962e-05 -0.00034468951 -9.7834873e-07)
(0.00010055895 -0.00033144 -9.7188717e-07)
(0.00016329232 -0.0003054548 -9.6352336e-07)
(0.00021973902 -0.00026773902 -9.58372e-07)
(-0.00021987184 -0.00026789494 -2.5658344e-07)
(-0.00016339766 -0.00030562962 -2.5900884e-07)
(-0.00010062927 -0.00033162921 -2.6273093e-07)
(-3.3979034e-05 -0.00034488691 -2.6573158e-07)
(3.3979009e-05 -0.00034488691 -2.6574318e-07)
(0.00010062925 -0.0003316292 -2.6276532e-07)
(0.00016339763 -0.00030562962 -2.5906481e-07)
(0.00021987181 -0.00026789493 -2.566585e-07)
(-0.00021990714 -0.00026793652 5.6416345e-08)
(-0.00016342563 -0.00030567642 5.6920069e-08)
(-0.00010064854 -0.00033167962 5.7218136e-08)
(-3.3986342e-05 -0.00034493985 5.7150517e-08)
(3.3986315e-05 -0.00034493985 5.7138039e-08)
(0.00010064851 -0.00033167962 5.7181104e-08)
(0.0001634256 -0.00030567642 5.6859744e-08)
(0.00021990711 -0.00026793651 5.6335382e-08)
(-0.00021989375 -0.0002679207 5.6991369e-08)
(-0.00016341569 -0.00030565862 5.6828812e-08)
(-0.0001006425 -0.00033166015 5.6751209e-08)
(-3.3984256e-05 -0.00034491918 5.6840447e-08)
(3.3984231e-05 -0.00034491918 5.6826085e-08)
(0.00010064247 -0.00033166015 5.6708698e-08)
(0.00016341567 -0.00030565862 5.6759812e-08)
(0.00021989372 -0.0002679207 5.6898904e-08)
(-0.00021988368 -0.00026790781 5.381882e-09)
(-0.0001634086 -0.00030564378 4.9377527e-09)
(-0.00010063845 -0.00033164444 4.2736032e-09)
(-3.3983054e-05 -0.00034490318 3.6337286e-09)
(3.3983033e-05 -0.00034490318 3.6173587e-09)
(0.00010063843 -0.00033164444 4.2250636e-09)
(0.00016340858 -0.00030564377 4.8587259e-09)
(0.00021988366 -0.00026790781 5.275657e-09)
(-0.000219883 -0.00026790595 -8.6523101e-09)
(-0.00016340924 -0.00030564104 -9.5339546e-09)
(-0.00010063942 -0.00033164141 -1.0796525e-08)
(-3.3983379e-05 -0.0003449003 -1.1437994e-08)
(3.3983361e-05 -0.0003449003 -1.1456464e-08)
(0.0001006394 -0.0003316414 -1.0851263e-08)
(0.00016340922 -0.00030564104 -9.6229349e-09)
(0.00021988298 -0.00026790595 -8.7718005e-09)
(-0.00021988408 -0.00026790633 -5.2418281e-12)
(-0.00016341079 -0.00030564107 -1.8491736e-10)
(-0.00010064042 -0.00033164152 -1.7868536e-10)
(-3.3983565e-05 -0.00034490073 -1.6151288e-10)
(3.3983552e-05 -0.00034490073 -1.8168203e-10)
(0.00010064041 -0.00033164151 -2.3845212e-10)
(0.00016341078 -0.00030564106 -2.8207786e-10)
(0.00021988407 -0.00026790632 -1.3577661e-10)
(-0.00021988379 -0.00026790599 -2.1673924e-09)
(-0.00016341054 -0.00030564069 -1.9926259e-09)
(-0.00010064024 -0.0003316411 -1.9915713e-09)
(-3.39835e-05 -0.00034490029 -2.0156269e-09)
(3.398349e-05 -0.00034490029 -2.0372816e-09)
(0.00010064023 -0.00033164109 -2.0557091e-09)
(0.00016341053 -0.00030564069 -2.0968018e-09)
(0.00021988377 -0.00026790599 -2.3072656e-09)
(-0.00021988207 -0.00026790492 3.8789396e-09)
(-0.00016340847 -0.00030563988 4.762267e-09)
(-0.0001006389 -0.00033164011 6.0229884e-09)
(-3.3983195e-05 -0.00034489893 6.6412366e-09)
(3.3983189e-05 -0.00034489893 6.6184473e-09)
(0.0001006389 -0.0003316401 5.9555639e-09)
(0.00016340846 -0.00030563988 4.6528977e-09)
(0.00021988207 -0.00026790492 3.7322537e-09)
(-0.00021988001 -0.00026790355 6.5108454e-10)
(-0.00016340568 -0.00030563899 1.1658257e-09)
(-0.00010063656 -0.00033163918 1.9463173e-09)
(-3.3982397e-05 -0.00034489762 2.6493756e-09)
(3.3982394e-05 -0.00034489762 2.625432e-09)
(0.00010063655 -0.00033163918 1.8754093e-09)
(0.00016340568 -0.00030563899 1.0507944e-09)
(0.00021988001 -0.00026790355 4.9699004e-10)
(-0.00021987907 -0.00026790294 4.2868245e-10)
(-0.00016340456 -0.0003056384 4.1655076e-10)
(-0.00010063532 -0.00033163818 3.9946137e-10)
(-3.398171e-05 -0.00034489635 3.7778747e-10)
(3.398171e-05 -0.00034489635 3.5295294e-10)
(0.00010063532 -0.00033163818 3.2620032e-10)
(0.00016340456 -0.0003056384 2.9840569e-10)
(0.00021987908 -0.00026790294 2.7127108e-10)
(-0.0002198789 -0.00026790225 3.239373e-10)
(-0.00016340485 -0.00030563749 -2.1286575e-10)
(-0.00010063604 -0.00033163754 -1.0251907e-09)
(-3.3982219e-05 -0.00034489588 -1.7693255e-09)
(3.3982221e-05 -0.00034489588 -1.7943851e-09)
(0.00010063604 -0.00033163754 -1.0990699e-09)
(0.00016340486 -0.00030563749 -3.3193447e-10)
(0.0002198789 -0.00026790224 1.6558711e-10)
(-0.00021987944 -0.00026790183 -2.5888931e-09)
(-0.00016340651 -0.00030563633 -3.4866985e-09)
(-0.00010063769 -0.00033163625 -4.7722702e-09)
(-3.3982786e-05 -0.00034489495 -5.4266917e-09)
(3.3982789e-05 -0.00034489495 -5.4520635e-09)
(0.0001006377 -0.00033163625 -4.8470198e-09)
(0.00016340652 -0.00030563633 -3.6067944e-09)
(0.00021987946 -0.00026790182 -2.7478857e-09)
(-0.00021987999 -0.00026790157 3.0460576e-09)
(-0.0001634077 -0.00030563562 2.8743334e-09)
(-0.00010063848 -0.00033163557 2.8680449e-09)
(-3.3982899e-05 -0.00034489452 2.8690764e-09)
(3.3982902e-05 -0.00034489453 2.8446564e-09)
(0.00010063849 -0.00033163557 2.7961251e-09)
(0.00016340772 -0.00030563561 2.7587347e-09)
(0.00021988001 -0.00026790156 2.8928331e-09)
(-0.00021987945 -0.00026790102 -2.3161228e-09)
(-0.00016340729 -0.00030563497 -2.102467e-09)
(-0.00010063822 -0.00033163485 -2.0774433e-09)
(-3.398281e-05 -0.00034489377 -2.0907768e-09)
(3.3982816e-05 -0.00034489377 -2.1127983e-09)
(0.00010063824 -0.00033163485 -2.1426322e-09)
(0.00016340731 -0.00030563497 -2.2082344e-09)
(0.00021987948 -0.00026790102 -2.458073e-09)
(-0.00021987803 -0.00026790044 3.3096609e-09)
(-0.00016340543 -0.00030563469 4.2535849e-09)
(-0.000100637 -0.0003316344 5.5638258e-09)
(-3.398254e-05 -0.00034489295 6.2124413e-09)
(3.3982561e-05 -0.00034489295 6.1967518e-09)
(0.00010063703 -0.00033163441 5.5161426e-09)
(0.00016340546 -0.00030563469 4.1723007e-09)
(0.00021987807 -0.00026790044 3.1936663e-09)
(-0.00021987596 -0.00026789922 3.8053035e-10)
(-0.0001634026 -0.00030563394 9.7079271e-10)
(-0.00010063462 -0.00033163363 1.8193745e-09)
(-3.3981719e-05 -0.00034489182 2.5715464e-09)
(3.3981781e-05 -0.00034489182 2.5679897e-09)
(0.00010063468 -0.00033163363 1.8041352e-09)
(0.00016340265 -0.00030563395 9.3232669e-10)
(0.00021987599 -0.00026789923 3.0591095e-10)
(-0.00021987528 -0.0002678991 2.6678656e-10)
(-0.00016340164 -0.00030563388 3.3938103e-10)
(-0.00010063344 -0.00033163317 4.0702114e-10)
(-3.398101e-05 -0.00034489107 4.5676478e-10)
(3.3981167e-05 -0.00034489106 4.7489587e-10)
(0.00010063356 -0.00033163316 4.503531e-10)
(0.0001634017 -0.0003056339 3.7865031e-10)
(0.00021987529 -0.00026789915 2.6548519e-10)
(-0.00021987537 -0.00026789887 4.5695941e-11)
(-0.00016340207 -0.0003056335 -4.0863716e-10)
(-0.00010063419 -0.00033163306 -1.1287844e-09)
(-3.398146e-05 -0.00034489111 -1.782845e-09)
(3.3981793e-05 -0.00034489109 -1.7361303e-09)
(0.00010063443 -0.00033163303 -1.0060609e-09)
(0.00016340217 -0.00030563352 -2.5963191e-10)
(0.00021987533 -0.00026789899 1.5062455e-10)
(-0.00021987592 -0.00026789858 -3.2385426e-09)
(-0.00016340369 -0.00030563247 -4.0723174e-09)
(-0.00010063576 -0.00033163193 -5.2767998e-09)
(-3.3981913e-05 -0.00034489035 -5.8393169e-09)
(3.3982489e-05 -0.00034489032 -5.774176e-09)
(0.00010063618 -0.00033163187 -5.1000196e-09)
(0.00016340385 -0.0003056325 -3.8398888e-09)
(0.00021987583 -0.00026789881 -3.040769e-09)
(-0.00021987686 -0.00026789882 2.5122603e-09)
(-0.00016340515 -0.00030563233 2.362966e-09)
(-0.00010063666 -0.00033163185 2.3939543e-09)
(-3.3981982e-05 -0.00034489053 2.4543885e-09)
(3.3982784e-05 -0.00034489049 2.5112803e-09)
(0.00010063726 -0.00033163177 2.5527485e-09)
(0.00016340539 -0.00030563237 2.5862503e-09)
(0.00021987673 -0.00026789917 2.7328671e-09)
(-0.00021987631 -0.00026789814 -1.8776306e-10)
(-0.00016340475 -0.00030563155 -1.2807889e-11)
(-0.00010063642 -0.00033163101 -2.1483007e-11)
(-3.3981872e-05 -0.00034488966 -4.0012387e-11)
(3.3982767e-05 -0.00034488961 -1.6640238e-11)
(0.00010063709 -0.00033163092 4.7701939e-11)
(0.00016340502 -0.0003056316 9.899447e-11)
(0.00021987616 -0.00026789854 -3.8420585e-11)
(-0.00021987451 -0.00026789682 9.6341886e-09)
(-0.00016340269 -0.00030563046 1.047155e-08)
(-0.00010063513 -0.00033162973 1.1682564e-08)
(-3.3981621e-05 -0.00034488797 1.227602e-08)
(3.3982417e-05 -0.00034488792 1.2264654e-08)
(0.00010063572 -0.00033162965 1.1657935e-08)
(0.00016340292 -0.0003056305 1.0464319e-08)
(0.00021987436 -0.00026789718 9.7008984e-09)
(-0.00021987304 -0.00026789589 1.5360853e-09)
(-0.00016340051 -0.00030563002 1.9044592e-09)
(-0.0001006333 -0.0003316294 2.4868497e-09)
(-3.3981101e-05 -0.00034488748 3.0584071e-09)
(3.3981662e-05 -0.00034488745 3.0353184e-09)
(0.00010063371 -0.00033162934 2.4340067e-09)
(0.00016340065 -0.00030563005 1.8720646e-09)
(0.00021987291 -0.00026789612 1.6060274e-09)
(-0.00021988104 -0.00026790595 -4.4748543e-08)
(-0.0001634062 -0.00030564163 -4.4745997e-08)
(-0.00010063654 -0.00033164161 -4.4835711e-08)
(-3.3982108e-05 -0.00034489994 -4.5010548e-08)
(3.3982411e-05 -0.00034489992 -4.5018526e-08)
(0.00010063675 -0.00033164158 -4.4843571e-08)
(0.00016340625 -0.00030564165 -4.4708564e-08)
(0.00021988095 -0.00026790607 -4.4601947e-08)
(-0.00021989817 -0.00026792597 -7.5518118e-08)
(-0.0001634191 -0.00030566416 -7.6168978e-08)
(-0.00010064451 -0.00033166622 -7.6653584e-08)
(-3.3984912e-05 -0.00034492602 -7.6723418e-08)
(3.3985019e-05 -0.00034492601 -7.6707691e-08)
(0.00010064457 -0.00033166621 -7.659641e-08)
(0.0001634191 -0.00030566417 -7.6044152e-08)
(0.00021989811 -0.00026792602 -7.5294203e-08)
(-0.00021987774 -0.00026790204 1.5478118e-07)
(-0.0001634023 -0.00030563755 1.5705371e-07)
(-0.00010063228 -0.00033163798 1.6066644e-07)
(-3.3980098e-05 -0.00034489597 1.6355428e-07)
(3.39801e-05 -0.00034489597 1.6359127e-07)
(0.00010063226 -0.00033163797 1.6078035e-07)
(0.00016340227 -0.00030563755 1.5725183e-07)
(0.00021987769 -0.00026790205 1.5507038e-07)
(-0.00021976676 -0.00026777283 9.1763741e-07)
(-0.00016331344 -0.0003054932 9.2299245e-07)
(-0.00010057236 -0.00033148178 9.3132938e-07)
(-3.3958474e-05 -0.00034473305 9.378307e-07)
(3.3958448e-05 -0.00034473305 9.3788033e-07)
(0.00010057233 -0.00033148176 9.3147723e-07)
(0.0001633134 -0.00030549318 9.2323506e-07)
(0.00021976671 -0.0002677728 9.1796838e-07)
(-0.00021954413 -0.00026751055 1.5821968e-06)
(-0.00016313982 -0.00030519853 1.5873021e-06)
(-0.00010046153 -0.00033116101 1.5932784e-06)
(-3.3921009e-05 -0.00034439801 1.5961265e-06)
(3.3920998e-05 -0.000344398 1.5961757e-06)
(0.00010046152 -0.00033116099 1.5934238e-06)
(0.00016313979 -0.00030519849 1.5875373e-06)
(0.00021954409 -0.00026751051 1.5825117e-06)
)
;
    }
    lid_wall_inner
    {
        type            calculated;
        value           uniform (0 0 0);
    }
    lid_wall_outer
    {
        type            calculated;
        value           uniform (0 0 0);
    }
    outlet_peri
    {
        type            calculated;
        value           uniform (0 0 0);
    }
}


// ************************************************************************* //
