/*--------------------------------*- C++ -*----------------------------------*\
| =========                 |                                                 |
| \\      /  F ield         | OpenFOAM: The Open Source CFD Toolbox           |
|  \\    /   O peration     | Version:  2512                                  |
|   \\  /    A nd           | Website:  www.openfoam.com                      |
|    \\/     M anipulation  |                                                 |
\*---------------------------------------------------------------------------*/
FoamFile
{
    version     2.0;
    format      ascii;
    arch        "LSB;label=32;scalar=64";
    class       volScalarField;
    location    "0.7";
    object      p;
}
// * * * * * * * * * * * * * * * * * * * * * * * * * * * * * * * * * * * * * //

dimensions      [0 2 -2 0 0 0 0];

internalField   nonuniform List<scalar> 
2020
(
4.815698
4.7855334
4.7627503
4.7486925
4.7386084
4.7301303
4.7230383
4.7174432
4.7131779
4.7099215
4.7073765
4.7053172
4.7035911
4.7021015
4.7007844
4.6995946
4.6984881
4.6974285
4.6963506
4.6952516
4.6941142
4.6929324
4.6917051
4.6904351
4.6891267
4.6877861
4.6864161
4.6850224
4.6836023
4.6821616
4.6806883
4.6791921
4.6776439
4.676066
4.6743949
4.6726844
4.6707962
4.6688669
4.6665745
4.6642862
4.6611921
4.6583459
4.6534544
4.6500401
4.6399221
4.6382864
4.6080992
4.6128643
4.7821555
4.7696994
4.7561261
4.7452341
4.7367947
4.7297221
4.7236259
4.718544
4.7144603
4.7111967
4.7085257
4.7062745
4.7043366
4.7026468
4.7011588
4.69983
4.6986194
4.6974762
4.6963752
4.6952652
4.6941176
4.692933
4.6917056
4.6904369
4.68913
4.6877918
4.6864239
4.685034
4.6836165
4.6821828
4.680713
4.6792298
4.6776865
4.676133
4.6744679
4.6728064
4.6709226
4.6690971
4.666799
4.6647457
4.6616226
4.6593337
4.6544675
4.6522667
4.6435615
4.643013
4.6258444
4.6263461
4.7657072
4.7600981
4.752156
4.7441697
4.7371624
4.7310459
4.7255906
4.7207848
4.7166726
4.7131985
4.710242
4.7076995
4.7054991
4.703582
4.7018963
4.7003987
4.6990477
4.6977948
4.6965953
4.6954069
4.6942163
4.692999
4.6917498
4.6904689
4.6891563
4.6878182
4.6864528
4.6850712
4.6836625
4.6822464
4.6807924
4.6793415
4.6778244
4.6763293
4.6747083
4.6731529
4.6713462
4.6697164
4.6675673
4.6658786
4.6631001
4.6614866
4.6576034
4.6566208
4.6510464
4.6523168
4.6433082
4.6424485
4.756157
4.753205
4.7483114
4.7425217
4.7368259
4.7315753
4.7267552
4.7223609
4.7184379
4.7149828
4.7119415
4.7092644
4.7069114
4.7048318
4.7029727
4.7012948
4.699767
4.6983528
4.697013
4.6957136
4.6944316
4.6931486
4.6918538
4.6905438
4.6892148
4.6878711
4.6865073
4.6851357
4.6837412
4.6823504
4.6809249
4.6795206
4.6780541
4.6766403
4.6751089
4.6736939
4.6720508
4.6706639
4.668827
4.6675619
4.6654143
4.6645463
4.6620014
4.6623024
4.6594235
4.6625152
4.6573298
4.6580194
4.7497217
4.7479308
4.7446896
4.7404534
4.7359029
4.7314582
4.7272433
4.7232995
4.71967
4.7163625
4.7133566
4.7106426
4.7082102
4.7060234
4.7040348
4.7022115
4.7005328
4.6989735
4.6975018
4.6960882
4.6947107
4.6933535
4.6920043
4.6906572
4.6893042
4.6879487
4.6865833
4.6852208
4.6838423
4.6824785
4.6810881
4.6797354
4.678333
4.6770089
4.675591
4.6743286
4.6728876
4.6717596
4.6702853
4.6694599
4.6679635
4.6678313
4.6664129
4.6678564
4.6666285
4.6711188
4.6673691
4.6691022
4.7452165
4.7439925
4.741693
4.7385142
4.7348698
4.7311093
4.7274082
4.7238538
4.7204999
4.7173578
4.7144234
4.7117125
4.7092394
4.7069841
4.7049073
4.7029821
4.7011943
4.6995262
4.6979516
4.6964453
4.694988
4.6935659
4.6921668
4.6907834
4.6894067
4.6880387
4.6866703
4.6853141
4.6839509
4.6826129
4.6812583
4.6799558
4.6786193
4.6773829
4.6760807
4.6749665
4.673725
4.6728446
4.6717079
4.6712878
4.6703402
4.6708372
4.6702232
4.6725213
4.6721838
4.6775162
4.6740558
4.6761592
4.7420587
4.7411467
4.7394048
4.7369191
4.7339327
4.7307033
4.7274067
4.7241583
4.7210274
4.7180308
4.715173
4.7124852
4.7099983
4.7077047
4.7055726
4.7035798
4.7017169
4.6999711
4.6983213
4.6967458
4.6952276
4.6937547
4.6923151
4.6909017
4.6895049
4.688126
4.6867543
4.6854033
4.6840536
4.6827383
4.6814161
4.6801584
4.678882
4.6777238
4.6765255
4.6755428
4.6744752
4.6738097
4.6729529
4.672869
4.6723403
4.6733173
4.6732373
4.6761007
4.676207
4.6819763
4.6784196
4.6805543
4.7399112
4.73918
4.7377701
4.7357181
4.7331743
4.7303246
4.7273255
4.7243037
4.7213413
4.7184609
4.7156725
4.7130156
4.7105304
4.7082179
4.7060524
4.7040158
4.7021024
4.7003033
4.6986009
4.6969764
4.6954145
4.6939045
4.692435
4.6909991
4.6895869
4.6881995
4.6868257
4.6854793
4.68414
4.6828428
4.6815473
4.6803258
4.6790984
4.6780036
4.6768889
4.6760117
4.6750808
4.6745839
4.6739386
4.6741066
4.6738737
4.6751842
4.6754403
4.6786504
4.6789742
4.6849531
4.6812176
4.6832663
4.7385725
4.7379424
4.7367195
4.7349188
4.7326442
4.7300367
4.7272334
4.724363
4.7215144
4.7187152
4.7159787
4.7133484
4.7108695
4.7085484
4.7063638
4.7043008
4.7023563
4.7005238
4.698788
4.6971321
4.695542
4.6940079
4.6925187
4.6910679
4.6896454
4.6882522
4.6868772
4.6855335
4.6842019
4.6829174
4.6816408
4.6804449
4.6792519
4.6782016
4.6771453
4.6763414
4.6755042
4.675122
4.6746172
4.6749509
4.674905
4.6764221
4.6768743
4.680281
4.6807076
4.6867778
4.6828892
4.6848438
4.7379288
4.7373441
4.7362056
4.7345202
4.7323724
4.7298827
4.7271767
4.7243822
4.7215912
4.7188336
4.7161244
4.7135089
4.7110346
4.7087102
4.7065169
4.7044416
4.7024823
4.7006337
4.6988818
4.6972105
4.6956066
4.6940605
4.6925617
4.6911034
4.6896758
4.6882797
4.686904
4.6855618
4.6842342
4.6829563
4.6816894
4.6805067
4.6793315
4.6783041
4.6772776
4.6765113
4.6757215
4.6753974
4.6749624
4.6753778
4.6754222
4.6770376
4.6775803
4.6810757
4.6815426
4.6876452
4.6836722
4.6855716
4.7379288
4.7373441
4.7362056
4.7345202
4.7323724
4.7298827
4.7271767
4.7243822
4.7215912
4.7188336
4.7161244
4.7135089
4.7110346
4.7087101
4.7065169
4.7044416
4.7024823
4.7006337
4.6988818
4.6972105
4.6956066
4.6940605
4.6925617
4.6911034
4.6896758
4.6882797
4.686904
4.6855618
4.6842342
4.6829563
4.6816894
4.6805067
4.6793315
4.6783041
4.6772776
4.6765113
4.6757215
4.6753974
4.6749624
4.6753778
4.6754222
4.6770376
4.6775803
4.6810757
4.6815426
4.6876452
4.6836722
4.6855716
4.7385725
4.7379424
4.7367195
4.7349188
4.7326442
4.7300367
4.7272334
4.724363
4.7215144
4.7187152
4.7159787
4.7133484
4.7108695
4.7085484
4.7063637
4.7043008
4.7023563
4.7005238
4.698788
4.6971321
4.695542
4.6940079
4.6925187
4.6910679
4.6896454
4.6882522
4.6868772
4.6855335
4.6842019
4.6829174
4.6816408
4.6804449
4.6792519
4.6782016
4.6771452
4.6763414
4.6755042
4.675122
4.6746172
4.6749509
4.674905
4.6764221
4.6768743
4.680281
4.6807075
4.6867778
4.6828892
4.6848438
4.7399112
4.7391801
4.7377701
4.7357181
4.7331743
4.7303246
4.7273255
4.7243037
4.7213413
4.7184609
4.7156725
4.7130156
4.7105304
4.7082179
4.7060524
4.7040158
4.7021024
4.7003033
4.6986009
4.6969764
4.6954145
4.6939045
4.692435
4.6909991
4.6895869
4.6881995
4.6868257
4.6854793
4.68414
4.6828428
4.6815473
4.6803258
4.6790984
4.6780036
4.6768889
4.6760117
4.6750808
4.6745838
4.6739385
4.6741066
4.6738737
4.6751842
4.6754403
4.6786504
4.6789742
4.6849531
4.6812176
4.6832663
4.7420587
4.7411467
4.7394048
4.7369191
4.7339327
4.7307033
4.7274067
4.7241583
4.7210274
4.7180308
4.715173
4.7124852
4.7099983
4.7077047
4.7055726
4.7035798
4.7017168
4.6999711
4.6983213
4.6967458
4.6952276
4.6937547
4.6923151
4.6909017
4.6895049
4.688126
4.6867543
4.6854033
4.6840536
4.6827383
4.6814161
4.6801584
4.678882
4.6777238
4.6765255
4.6755428
4.6744752
4.6738096
4.6729529
4.672869
4.6723402
4.6733173
4.6732372
4.6761007
4.676207
4.6819763
4.6784196
4.6805542
4.7452166
4.7439925
4.741693
4.7385142
4.7348698
4.7311093
4.7274082
4.7238538
4.7204999
4.7173578
4.7144234
4.7117125
4.7092394
4.7069841
4.7049073
4.7029821
4.7011943
4.6995262
4.6979516
4.6964453
4.6949879
4.6935659
4.6921668
4.6907834
4.6894067
4.6880387
4.6866703
4.6853141
4.6839509
4.6826129
4.6812583
4.6799558
4.6786193
4.6773829
4.6760807
4.6749665
4.673725
4.6728446
4.6717079
4.6712877
4.6703402
4.6708372
4.6702232
4.6725213
4.6721838
4.6775161
4.6740557
4.6761591
4.7497217
4.7479308
4.7446896
4.7404534
4.7359029
4.7314582
4.7272432
4.7232995
4.71967
4.7163625
4.7133566
4.7106426
4.7082102
4.7060234
4.7040348
4.7022115
4.7005327
4.6989734
4.6975018
4.6960882
4.6947107
4.6933535
4.6920043
4.6906571
4.6893042
4.6879487
4.6865833
4.6852208
4.6838423
4.6824785
4.6810881
4.6797354
4.678333
4.6770089
4.675591
4.6743286
4.6728876
4.6717596
4.6702853
4.6694598
4.6679635
4.6678313
4.6664129
4.6678564
4.6666285
4.6711187
4.667369
4.6691021
4.756157
4.753205
4.7483114
4.7425217
4.7368259
4.7315753
4.7267552
4.7223609
4.7184379
4.7149828
4.7119415
4.7092644
4.7069114
4.7048318
4.7029727
4.7012948
4.699767
4.6983528
4.697013
4.6957136
4.6944316
4.6931486
4.6918537
4.6905438
4.6892148
4.6878711
4.6865073
4.6851357
4.6837412
4.6823504
4.6809249
4.6795206
4.6780541
4.6766403
4.6751089
4.6736939
4.6720507
4.6706639
4.6688269
4.6675619
4.6654143
4.6645462
4.6620014
4.6623023
4.6594234
4.6625151
4.6573296
4.6580193
4.7657073
4.7600981
4.752156
4.7441697
4.7371624
4.7310459
4.7255906
4.7207848
4.7166726
4.7131985
4.710242
4.7076995
4.7054991
4.703582
4.7018963
4.7003987
4.6990476
4.6977948
4.6965952
4.6954069
4.6942162
4.6929989
4.6917498
4.6904689
4.6891563
4.6878182
4.6864528
4.6850712
4.6836625
4.6822464
4.6807924
4.6793415
4.6778244
4.6763293
4.6747083
4.6731529
4.6713461
4.6697164
4.6675673
4.6658786
4.6631001
4.6614865
4.6576034
4.6566208
4.6510464
4.6523167
4.6433081
4.6424485
4.7821555
4.7696994
4.7561261
4.7452341
4.7367947
4.7297221
4.7236259
4.718544
4.7144603
4.7111967
4.7085257
4.7062745
4.7043366
4.7026468
4.7011588
4.69983
4.6986194
4.6974762
4.6963751
4.6952651
4.6941175
4.692933
4.6917055
4.6904368
4.68913
4.6877918
4.6864239
4.685034
4.6836165
4.6821828
4.680713
4.6792298
4.6776865
4.676133
4.6744679
4.6728064
4.6709226
4.6690971
4.666799
4.6647457
4.6616226
4.6593337
4.6544674
4.6522667
4.6435615
4.643013
4.6258445
4.6263462
4.815698
4.7855334
4.7627503
4.7486925
4.7386084
4.7301303
4.7230383
4.7174432
4.7131779
4.7099215
4.7073765
4.7053172
4.7035911
4.7021015
4.7007844
4.6995946
4.698488
4.6974284
4.6963505
4.6952516
4.6941142
4.6929324
4.691705
4.6904351
4.6891267
4.6877861
4.6864161
4.6850224
4.6836023
4.6821616
4.6806883
4.6791921
4.6776439
4.676066
4.6743949
4.6726844
4.6707962
4.6688669
4.6665745
4.6642862
4.6611921
4.6583459
4.6534544
4.6500401
4.6399222
4.6382865
4.6080994
4.6128644
4.4610271
3.3193158
2.356155
1.4407014
0.27725639
4.5418974
3.3429338
2.3607259
1.4371258
0.23511329
4.5709545
3.3547158
2.363635
1.4339779
0.21886568
4.5902196
3.3652672
2.3670999
1.4320694
0.20968332
4.599979
3.3715318
2.3692885
1.4306903
0.20415672
4.6053443
3.3754487
2.3707026
1.4296955
0.2003836
4.6083657
3.3777471
2.3714755
1.4289081
0.19774399
4.6101152
3.3790801
2.3718717
1.4283156
0.19594483
4.6110943
3.379806
2.3720519
1.4279144
0.19482156
4.6115378
3.380126
2.3721189
1.4277119
0.19428109
4.6115379
3.3801259
2.3721189
1.4277118
0.19428109
4.6110943
3.3798059
2.3720517
1.4279143
0.19482157
4.6101152
3.3790799
2.3718714
1.4283154
0.19594483
4.6083656
3.3777467
2.3714751
1.4289078
0.197744
4.6053442
3.3754482
2.370702
1.4296951
0.2003836
4.599979
3.371531
2.3692878
1.4306899
0.20415672
4.5902195
3.3652665
2.3670992
1.432069
0.20968333
4.5709545
3.3547154
2.3636346
1.4339777
0.2188657
4.5418976
3.342934
2.360726
1.4371259
0.23511333
4.4610273
3.3193166
2.3561557
1.4407018
0.27725646
0.055570592
0.080162039
0.094795043
0.08765702
0.07605314
0.067481654
0.061897147
0.057963973
0.054915638
0.052446451
0.050396863
0.048656294
0.047145012
0.045803329
0.044583685
0.043441165
0.042341181
0.041220718
0.04008229
0.038915059
0.037712088
0.03647278
0.035200026
0.033898513
0.032573486
0.031229963
0.029872316
0.028504147
0.027128314
0.025747004
0.024361845
0.022974025
0.021584397
0.02019356
0.018801929
0.017409789
0.01601733
0.014624679
0.013231919
0.011839099
0.010446253
0.0090533996
0.0076605481
0.006267704
0.0048748686
0.0034820419
0.0020892219
0.00069640729
0.03454307
0.067949199
0.092256776
0.08929841
0.077304822
0.067961485
0.062456861
0.058956454
0.056130404
0.053578507
0.051298108
0.049319283
0.047615149
0.046125981
0.044789894
0.043557138
0.042380374
0.041242016
0.040092958
0.038918973
0.037712778
0.036472293
0.035199227
0.033897736
0.032572843
0.031229439
0.029871867
0.028503742
0.02712794
0.02574666
0.024361531
0.022973744
0.021584151
0.020193348
0.01880175
0.01740964
0.016017209
0.014624582
0.013231841
0.011839039
0.010446207
0.0090533642
0.0076605218
0.0062676849
0.0048748553
0.0034820333
0.002089217
0.0006964062
0.020332254
0.062200358
0.092820705
0.092220721
0.079631087
0.069431331
0.063806377
0.060592059
0.057904277
0.055208078
0.052637098
0.050368966
0.048435741
0.046772928
0.04529732
0.043944616
0.042669803
0.041441434
0.04022747
0.039007793
0.037769805
0.036507319
0.035219827
0.033909202
0.032578771
0.031232104
0.029872657
0.028503512
0.027127218
0.025745747
0.024360593
0.022972869
0.021583379
0.020192691
0.018801206
0.017409198
0.016016855
0.014624303
0.013231624
0.011838871
0.010446079
0.0090532684
0.007660451
0.0062676337
0.0048748197
0.0034820104
0.0020892045
0.00069640293
0.011623422
0.057997489
0.091750636
0.092600487
0.080331416
0.070191686
0.064783574
0.061910624
0.059461026
0.056800703
0.054113175
0.051668084
0.04955666
0.047730745
0.046100156
0.044593683
0.043171883
0.041812842
0.040494911
0.039195809
0.037898067
0.036591897
0.03527352
0.033942203
0.032598236
0.03124291
0.02987814
0.028505827
0.027127744
0.02574531
0.024359693
0.022971811
0.021582332
0.020191739
0.018800382
0.01740851
0.016016295
0.014623855
0.013231272
0.011838598
0.010445871
0.009053111
0.0076603342
0.0062675491
0.0048747605
0.0034819717
0.0020891828
0.00069639603
0.0057526527
0.054208202
0.089593404
0.091596805
0.080117068
0.070496881
0.065459238
0.062892727
0.060665172
0.058103381
0.055398733
0.052864742
0.050635351
0.048684489
0.046925513
0.045285926
0.043731257
0.042249005
0.040825252
0.039439729
0.038073575
0.036714758
0.035357253
0.033997731
0.032633975
0.031265121
0.029891336
0.028513307
0.027131643
0.025747055
0.024360184
0.022971609
0.021581786
0.020191064
0.0187997
0.017407882
0.016015748
0.014623397
0.013230898
0.0118383
0.010445637
0.0090529316
0.0076601989
0.0062674494
0.0048746898
0.0034819247
0.002089156
0.00069638673
0.0015566174
0.051028727
0.087465477
0.090396908
0.079676552
0.07060187
0.065917515
0.063587349
0.061524292
0.059056963
0.056374574
0.053805399
0.051506846
0.04947122
0.047620139
0.04588339
0.044229451
0.042651431
0.041141319
0.03968199
0.038254942
0.036847323
0.035451791
0.034063503
0.032678689
0.031294856
0.029910653
0.028525388
0.027138856
0.025751129
0.02436233
0.022972582
0.021582062
0.020190951
0.018799396
0.017407506
0.016015368
0.014623046
0.013230593
0.011838045
0.01044543
0.0090527672
0.0076600719
0.006267354
0.004874621
0.0034818782
0.0020891292
0.00069637709
-0.0014232457
0.048607517
0.085747032
0.089343359
0.079198504
0.070563697
0.066172058
0.064027904
0.06209066
0.059706491
0.057064185
0.054493495
0.052161391
0.050072824
0.048158993
0.046354389
0.04463008
0.042982478
0.041407579
0.039891107
0.038415568
0.036967963
0.035540343
0.034127076
0.032723432
0.031325722
0.029931443
0.028539039
0.027147594
0.025756525
0.024365493
0.022974303
0.021582929
0.020191293
0.018799431
0.017407378
0.016015166
0.014622825
0.01323038
0.011837855
0.010445268
0.0090526346
0.0076599667
0.0062672733
0.0048745619
0.0034818377
0.0020891057
0.00069636847
-0.0034548778
0.04689992
0.084479472
0.088509146
0.078757408
0.070442986
0.066278745
0.064283364
0.062446792
0.06013286
0.05753249
0.054974011
0.052627966
0.050507499
0.048552091
0.046701335
0.044928742
0.043232749
0.041611866
0.040053983
0.038542668
0.037065071
0.035612977
0.034180294
0.032761661
0.031352638
0.029950004
0.028551587
0.027155889
0.025761856
0.0243688
0.022976294
0.021584014
0.020191839
0.018799651
0.017407408
0.016015095
0.014622707
0.013230248
0.011837727
0.010445154
0.0090525378
0.0076598879
0.0062672117
0.0048745162
0.003481806
0.0020890871
0.00069636161
-0.0047193021
0.045814007
0.08364447
0.087930061
0.078421953
0.0703174
0.066310777
0.06442228
0.062657851
0.060393944
0.057824992
0.055278959
0.052927937
0.050789649
0.048809018
0.046929532
0.04512665
0.043400055
0.041749708
0.040164921
0.038630097
0.037132595
0.03566408
0.034218194
0.032789222
0.031372302
0.029963774
0.028561041
0.027162237
0.025766023
0.024371461
0.022977916
0.021584972
0.020192354
0.018799898
0.017407495
0.01601509
0.014622655
0.013230176
0.011837651
0.010445083
0.0090524755
0.0076598361
0.0062671706
0.0048744852
0.0034817844
0.0020890744
0.00069635689
-0.0053264373
0.04528554
0.083229264
0.08763359
0.078242612
0.070242468
0.066316799
0.064484183
0.062757077
0.06051848
0.05796556
0.055426632
0.05307436
0.050928303
0.048935901
0.04704268
0.045225212
0.043483801
0.04181908
0.040221056
0.038674582
0.037167158
0.035690403
0.034237845
0.032803612
0.031382647
0.029971075
0.028566093
0.027165662
0.025768293
0.024372928
0.022978833
0.021585514
0.020192656
0.01880005
0.017407559
0.016015102
0.014622638
0.013230146
0.011837616
0.010445049
0.0090524451
0.0076598105
0.00626715
0.0048744697
0.0034817734
0.002089068
0.00069635449
-0.0053264338
0.045285539
0.083229263
0.08763359
0.078242612
0.070242468
0.066316799
0.064484183
0.062757077
0.06051848
0.057965559
0.055426631
0.053074359
0.050928302
0.048935899
0.047042678
0.04522521
0.043483799
0.041819078
0.040221054
0.03867458
0.037167157
0.035690403
0.034237845
0.032803612
0.031382647
0.029971075
0.028566093
0.027165662
0.025768293
0.024372928
0.022978833
0.021585514
0.020192656
0.01880005
0.017407559
0.016015102
0.014622638
0.013230146
0.011837616
0.010445049
0.0090524451
0.0076598105
0.00626715
0.0048744697
0.0034817734
0.002089068
0.00069635449
-0.0047192943
0.045814004
0.083644466
0.08793006
0.078421953
0.070317401
0.066310777
0.06442228
0.062657852
0.060393944
0.057824991
0.055278957
0.052927934
0.050789645
0.048809013
0.046929526
0.045126644
0.043400048
0.041749702
0.040164917
0.038630093
0.037132593
0.035664078
0.034218193
0.032789222
0.031372302
0.029963775
0.028561041
0.027162237
0.025766023
0.02437146
0.022977915
0.021584971
0.020192354
0.018799897
0.017407494
0.01601509
0.014622655
0.013230176
0.011837651
0.010445082
0.0090524754
0.007659836
0.0062671705
0.0048744852
0.0034817843
0.0020890744
0.00069635689
-0.0034548638
0.046899915
0.084479465
0.088509144
0.078757408
0.070442987
0.066278746
0.064283365
0.062446792
0.06013286
0.057532489
0.054974008
0.052627962
0.050507493
0.048552083
0.046701325
0.044928731
0.043232739
0.041611856
0.040053975
0.038542662
0.037065068
0.035612975
0.034180293
0.03276166
0.031352638
0.029950004
0.028551587
0.02715589
0.025761856
0.0243688
0.022976294
0.021584014
0.020191839
0.01879965
0.017407407
0.016015094
0.014622706
0.013230248
0.011837727
0.010445154
0.0090525376
0.0076598878
0.0062672116
0.0048745161
0.0034818059
0.0020890871
0.00069636161
-0.0014232283
0.048607509
0.085747023
0.089343356
0.079198505
0.070563699
0.06617206
0.064027905
0.062090661
0.059706491
0.057064184
0.054493491
0.052161386
0.050072814
0.04815898
0.046354374
0.044630064
0.042982463
0.041407565
0.039891096
0.03841556
0.036967958
0.03554034
0.034127076
0.032723432
0.031325723
0.029931444
0.02853904
0.027147594
0.025756525
0.024365492
0.022974302
0.021582928
0.020191293
0.01879943
0.017407377
0.016015166
0.014622824
0.013230379
0.011837854
0.010445268
0.0090526344
0.0076599665
0.0062672732
0.0048745619
0.0034818377
0.0020891056
0.00069636848
0.0015566386
0.051028716
0.087465465
0.090396905
0.079676554
0.070601873
0.065917517
0.063587351
0.061524293
0.059056963
0.056374572
0.053805395
0.051506838
0.049471207
0.047620122
0.045883369
0.044229428
0.042651409
0.0411413
0.039681975
0.038254932
0.036847318
0.035451789
0.034063502
0.03267869
0.031294858
0.029910654
0.02852539
0.027138857
0.025751129
0.02436233
0.022972581
0.021582061
0.020190951
0.018799395
0.017407506
0.016015367
0.014623046
0.013230592
0.011838044
0.010445429
0.0090527669
0.0076600717
0.0062673539
0.004874621
0.0034818782
0.0020891292
0.0006963771
0.0057526759
0.054208191
0.089593391
0.091596802
0.080117072
0.070496885
0.065459242
0.06289273
0.060665175
0.058103383
0.055398733
0.052864739
0.050635342
0.048684473
0.04692549
0.045285899
0.043731227
0.042248977
0.040825228
0.039439711
0.038073563
0.036714752
0.035357251
0.033997732
0.032633977
0.031265124
0.029891338
0.028513308
0.027131644
0.025747055
0.024360184
0.022971609
0.021581785
0.020191063
0.018799699
0.017407881
0.016015748
0.014623396
0.013230898
0.0118383
0.010445637
0.0090529313
0.0076601987
0.0062674493
0.0048746898
0.0034819247
0.002089156
0.00069638674
0.011623446
0.057997482
0.091750627
0.092600487
0.080331421
0.070191691
0.064783578
0.061910628
0.059461029
0.056800707
0.054113177
0.051668083
0.049556651
0.047730727
0.046100129
0.044593649
0.043171847
0.041812808
0.040494882
0.039195786
0.037898053
0.03659189
0.035273518
0.033942204
0.032598239
0.031242913
0.029878142
0.028505829
0.027127745
0.02574531
0.024359693
0.022971811
0.021582331
0.020191738
0.018800381
0.017408509
0.016016294
0.014623854
0.013231271
0.011838598
0.01044587
0.0090531108
0.007660334
0.006267549
0.0048747605
0.0034819717
0.0020891828
0.00069639605
0.02033228
0.062200362
0.092820707
0.092220727
0.079631094
0.069431338
0.063806381
0.060592063
0.057904281
0.055208082
0.052637101
0.050368966
0.048435735
0.046772912
0.045297294
0.043944581
0.042669764
0.041441395
0.040227436
0.039007766
0.037769787
0.036507309
0.035219824
0.033909203
0.032578774
0.031232108
0.02987266
0.028503514
0.02712722
0.025745748
0.024360593
0.022972869
0.021583378
0.02019269
0.018801204
0.017409197
0.016016854
0.014624302
0.013231623
0.011838871
0.010446079
0.0090532682
0.0076604508
0.0062676337
0.0048748197
0.0034820104
0.0020892045
0.00069640297
0.03454309
0.067949217
0.092256794
0.089298427
0.077304835
0.067961494
0.062456867
0.058956458
0.056130407
0.053578509
0.05129811
0.049319283
0.047615143
0.046125967
0.04478987
0.043557105
0.042380337
0.041241977
0.040092923
0.038918944
0.037712758
0.036472281
0.035199222
0.033897736
0.032572846
0.031229442
0.029871871
0.028503745
0.027127942
0.025746661
0.024361531
0.022973744
0.02158415
0.020193346
0.018801749
0.017409639
0.016017208
0.014624581
0.01323184
0.011839038
0.010446206
0.009053364
0.0076605217
0.0062676848
0.0048748553
0.0034820334
0.0020892171
0.00069640624
0.055570604
0.080162061
0.09479507
0.087657042
0.076053155
0.067481663
0.061897151
0.057963976
0.054915641
0.052446453
0.050396864
0.048656293
0.047145005
0.045803313
0.044583659
0.04344113
0.042341138
0.041220679
0.040082256
0.038915033
0.037712069
0.036472769
0.035200022
0.033898514
0.032573489
0.031229967
0.02987232
0.02850415
0.027128316
0.025747004
0.024361845
0.022974024
0.021584396
0.020193558
0.018801928
0.017409788
0.016017329
0.014624679
0.013231918
0.011839099
0.010446253
0.0090533993
0.007660548
0.0062677039
0.0048748686
0.003482042
0.002089222
0.00069640734
)
;

boundaryField
{
    inlet
    {
        type            zeroGradient;
    }
    outlet
    {
        type            fixedValue;
        value           uniform 0;
    }
    top
    {
        type            zeroGradient;
    }
    bottom
    {
        type            zeroGradient;
    }
    frontAndBack
    {
        type            empty;
    }
}


// ************************************************************************* //
