/*--------------------------------*- C++ -*----------------------------------*\
| =========                 |                                                 |
| \\      /  F ield         | OpenFOAM: The Open Source CFD Toolbox           |
|  \\    /   O peration     | Version:  2512                                  |
|   \\  /    A nd           | Website:  www.openfoam.com                      |
|    \\/     M anipulation  |                                                 |
\*---------------------------------------------------------------------------*/
FoamFile
{
    version     2.0;
    format      ascii;
    arch        "LSB;label=32;scalar=64";
    class       volScalarField;
    location    "2.1";
    object      sigmaEq;
}
// * * * * * * * * * * * * * * * * * * * * * * * * * * * * * * * * * * * * * //

dimensions      [1 -1 -2 0 0 0 0];

internalField   nonuniform List<scalar> 
200
(
8653.6972
6751.6468
4760.7186
3620.1867
2990.1127
2822.6087
3150.0091
4024.9293
5693.8663
7322.1441
7755.0924
6603.6004
5283.3853
4266.4276
3650.7804
3449.7015
3697.2563
4418.6407
5549.1178
6747.9354
7027.6666
6156.7342
5207.6159
4419.2014
3893.1397
3678.072
3811.5527
4304.0379
5102.3682
6043.5297
6376.7443
5627.5669
4907.6758
4302.0551
3869.9091
3653.7399
3690.4469
4001.3888
4574.2915
5359.864
5746.5303
5102.7215
4536.1737
4063.5577
3708.4859
3497.8604
3464.2539
3640.5228
4047.1894
4686.9821
5148.6098
4606.0108
4153.967
3779.5937
3484.4472
3281.8202
3198.2858
3272.3349
3545.03
4047.5821
4587.4501
4142.5408
3783.2696
3484.4247
3235.825
3041.5798
2922.1099
2916.0519
3075.4423
3450.2442
4065.5983
3712.4763
3431.1121
3191.9189
2979.7794
2793.5948
2648.2395
2578.7358
2641.0506
2899.0548
3584.6172
3314.9589
3098.908
2906.9357
2723.3959
2544.9315
2381.7078
2262.8337
2242.8119
2395.722
3145.5247
2949.0224
2786.206
2630.7408
2469.3825
2298.5432
2124.4849
1969.0939
1881.0464
1940.7637
2748.8585
2613.7507
2492.1205
2363.4017
2218.7598
2055.7374
1877.3886
1697.7013
1555.8617
1534.0514
2394.7076
2308.3202
2215.917
2104.8217
1972.0392
1817.2144
1640.8246
1448.7106
1267.4162
1175.122
2082.7233
2032.1228
1957.3874
1855.2618
1729.7352
1583.422
1414.9436
1222.1367
1016.1642
863.41272
1812.0264
1785.0619
1717.3152
1615.7855
1492.6928
1354.6232
1199.4163
1017.7186
803.12571
598.67536
1580.5822
1568.0637
1498.142
1388.8572
1262.6148
1131.0286
992.87447
834.0624
629.98143
382.49014
1382.9327
1383.7573
1304.6386
1179.1209
1043.3242
913.73086
792.24384
666.44677
497.79728
226.34398
1195.1564
1234.8001
1142.7412
993.67732
843.48784
708.37221
593.55234
502.35491
400.35493
190.97488
936.88067
1114.4491
1012.6666
840.42904
680.65281
535.37158
402.78915
317.2157
308.41272
360.8296
309.83205
917.78628
875.42398
719.28422
578.49987
440.91594
291.8503
150.22761
176.14251
1012.2764
2180.9273
427.65113
614.91134
637.13094
555.27698
446.76522
364.81646
421.66856
1004.739
2983.2833
)
;

boundaryField
{
    bottom
    {
        type            calculated;
        value           nonuniform List<scalar> 10(11235.786 6019.9292 4101.178 3069.5355 2498.2748 2356.8687 2678.0209 3483.5085 5054.1411 9292.1054);
    }
    interface
    {
        type            calculated;
        value           nonuniform List<scalar> 
50
(
9315.2675
8362.646
7463.4592
6791.298
6122.8205
5478.9188
4867.7647
4295.8236
3767.0658
3284.066
2848.4066
2460.9131
2121.739
1830.2121
1583.3909
1373.1532
1157.3577
825.79269
579.43901
2974.7366
2999.2581
665.34306
463.38986
616.61141
566.55737
466.08424
415.36487
567.13215
1598.0718
3639.8124
7882.2273
7456.1022
6588.7664
5853.068
5114.1773
4407.8401
3745.5058
3133.5801
2574.7098
2069.7005
1618.32
1219.6632
872.21735
573.54979
319.08342
97.757663
130.78933
486.38731
1620.5277
3662.1906
)
;
    }
    frontAndBack
    {
        type            empty;
    }
}


// ************************************************************************* //
