/*--------------------------------*- C++ -*----------------------------------*\
| =========                 |                                                 |
| \\      /  F ield         | OpenFOAM: The Open Source CFD Toolbox           |
|  \\    /   O peration     | Version:  2512                                  |
|   \\  /    A nd           | Website:  www.openfoam.com                      |
|    \\/     M anipulation  |                                                 |
\*---------------------------------------------------------------------------*/
FoamFile
{
    version     2.0;
    format      ascii;
    arch        "LSB;label=32;scalar=64";
    class       volScalarField;
    location    "1";
    object      p;
}
// * * * * * * * * * * * * * * * * * * * * * * * * * * * * * * * * * * * * * //

dimensions      [0 2 -2 0 0 0 0];

internalField   nonuniform List<scalar> 
6144
(
1.3329922
1.3329921
1.3329921
1.3329922
1.3329921
1.3329921
1.3329922
1.3329921
1.3329921
1.3329922
1.3329921
1.3329921
1.3329922
1.3329921
1.3329921
1.3329922
1.3329921
1.3329921
1.3329922
1.3329921
1.3329921
1.3329922
1.3329921
1.3329921
1.332978
1.332978
1.332978
1.332978
1.332978
1.332978
1.332978
1.332978
1.332978
1.332978
1.332978
1.332978
1.332978
1.332978
1.332978
1.332978
1.332978
1.332978
1.332978
1.332978
1.332978
1.332978
1.332978
1.332978
1.3329643
1.3329643
1.3329643
1.3329643
1.3329643
1.3329643
1.3329643
1.3329643
1.3329643
1.3329643
1.3329643
1.3329643
1.3329643
1.3329643
1.3329643
1.3329643
1.3329643
1.3329643
1.3329643
1.3329643
1.3329643
1.3329643
1.3329643
1.3329643
1.3329514
1.3329514
1.3329514
1.3329514
1.3329514
1.3329514
1.3329514
1.3329514
1.3329514
1.3329513
1.3329514
1.3329514
1.3329513
1.3329514
1.3329514
1.3329514
1.3329514
1.3329514
1.3329514
1.3329514
1.3329514
1.3329514
1.3329514
1.3329514
1.3329388
1.3329388
1.3329388
1.3329388
1.3329388
1.3329388
1.3329388
1.3329388
1.3329388
1.3329388
1.3329388
1.3329388
1.3329388
1.3329388
1.3329388
1.3329388
1.3329388
1.3329388
1.3329388
1.3329388
1.3329388
1.3329388
1.3329388
1.3329388
1.3329267
1.3329267
1.3329267
1.3329267
1.3329267
1.3329267
1.3329267
1.3329267
1.3329267
1.3329267
1.3329267
1.3329267
1.3329267
1.3329267
1.3329267
1.3329267
1.3329267
1.3329267
1.3329267
1.3329267
1.3329267
1.3329267
1.3329267
1.3329267
1.3329151
1.3329151
1.3329151
1.3329151
1.3329151
1.3329151
1.3329151
1.3329151
1.3329151
1.3329151
1.3329151
1.3329151
1.3329151
1.3329151
1.3329151
1.3329151
1.3329151
1.3329151
1.3329151
1.3329151
1.3329151
1.3329151
1.3329151
1.3329151
1.332904
1.332904
1.332904
1.332904
1.332904
1.332904
1.332904
1.332904
1.332904
1.332904
1.332904
1.332904
1.332904
1.332904
1.332904
1.332904
1.332904
1.332904
1.332904
1.332904
1.332904
1.332904
1.332904
1.332904
1.3328934
1.3328934
1.3328934
1.3328934
1.3328934
1.3328934
1.3328934
1.3328934
1.3328934
1.3328934
1.3328934
1.3328934
1.3328934
1.3328934
1.3328934
1.3328934
1.3328934
1.3328934
1.3328934
1.3328934
1.3328934
1.3328934
1.3328934
1.3328934
1.3328833
1.3328833
1.3328833
1.3328833
1.3328833
1.3328833
1.3328833
1.3328833
1.3328833
1.3328833
1.3328833
1.3328833
1.3328833
1.3328833
1.3328833
1.3328833
1.3328833
1.3328833
1.3328833
1.3328833
1.3328833
1.3328833
1.3328833
1.3328833
1.3328737
1.3328737
1.3328737
1.3328737
1.3328737
1.3328737
1.3328737
1.3328737
1.3328737
1.3328737
1.3328737
1.3328737
1.3328737
1.3328737
1.3328737
1.3328737
1.3328737
1.3328737
1.3328737
1.3328737
1.3328737
1.3328737
1.3328737
1.3328737
1.3328646
1.3328646
1.3328646
1.3328646
1.3328646
1.3328646
1.3328646
1.3328646
1.3328646
1.3328646
1.3328646
1.3328646
1.3328646
1.3328646
1.3328646
1.3328646
1.3328646
1.3328646
1.3328646
1.3328646
1.3328646
1.3328646
1.3328646
1.3328646
1.332856
1.332856
1.332856
1.332856
1.332856
1.332856
1.332856
1.332856
1.332856
1.332856
1.332856
1.332856
1.332856
1.332856
1.332856
1.332856
1.332856
1.332856
1.332856
1.332856
1.332856
1.332856
1.332856
1.332856
1.3328478
1.3328479
1.3328479
1.3328478
1.3328479
1.3328479
1.3328478
1.3328479
1.3328479
1.3328478
1.3328479
1.3328479
1.3328478
1.3328479
1.3328479
1.3328478
1.3328479
1.3328479
1.3328478
1.3328479
1.3328479
1.3328478
1.3328479
1.3328479
1.3328402
1.3328402
1.3328402
1.3328402
1.3328402
1.3328402
1.3328402
1.3328402
1.3328402
1.3328402
1.3328402
1.3328402
1.3328402
1.3328402
1.3328402
1.3328402
1.3328402
1.3328402
1.3328402
1.3328402
1.3328402
1.3328402
1.3328402
1.3328402
1.3328331
1.3328331
1.3328331
1.3328331
1.3328331
1.3328331
1.3328331
1.3328331
1.3328331
1.3328331
1.3328331
1.3328331
1.3328331
1.3328331
1.3328331
1.3328331
1.3328331
1.3328331
1.3328331
1.3328331
1.3328331
1.3328331
1.3328331
1.3328331
1.3328265
1.3328265
1.3328265
1.3328265
1.3328265
1.3328265
1.3328265
1.3328265
1.3328265
1.3328265
1.3328265
1.3328265
1.3328265
1.3328265
1.3328265
1.3328265
1.3328265
1.3328265
1.3328265
1.3328265
1.3328265
1.3328265
1.3328265
1.3328265
1.3328204
1.3328204
1.3328204
1.3328204
1.3328204
1.3328204
1.3328204
1.3328204
1.3328204
1.3328204
1.3328204
1.3328204
1.3328204
1.3328204
1.3328204
1.3328204
1.3328204
1.3328204
1.3328204
1.3328204
1.3328204
1.3328204
1.3328204
1.3328204
1.3328148
1.3328148
1.3328148
1.3328148
1.3328148
1.3328148
1.3328148
1.3328148
1.3328148
1.3328147
1.3328148
1.3328148
1.3328147
1.3328148
1.3328148
1.3328148
1.3328148
1.3328148
1.3328148
1.3328148
1.3328148
1.3328148
1.3328148
1.3328148
1.3328096
1.3328096
1.3328097
1.3328096
1.3328096
1.3328097
1.3328096
1.3328096
1.3328096
1.3328096
1.3328096
1.3328096
1.3328096
1.3328096
1.3328096
1.3328096
1.3328096
1.3328096
1.3328096
1.3328096
1.3328097
1.3328096
1.3328096
1.3328097
1.332805
1.332805
1.332805
1.332805
1.332805
1.332805
1.332805
1.332805
1.332805
1.332805
1.332805
1.332805
1.332805
1.332805
1.332805
1.332805
1.332805
1.332805
1.332805
1.332805
1.332805
1.332805
1.332805
1.332805
1.3328009
1.3328009
1.3328009
1.3328009
1.3328009
1.3328009
1.3328009
1.3328009
1.3328009
1.3328009
1.3328009
1.3328009
1.3328009
1.3328009
1.3328009
1.3328009
1.3328009
1.3328009
1.3328009
1.3328009
1.3328009
1.3328009
1.3328009
1.3328009
1.3327973
1.3327973
1.3327973
1.3327973
1.3327973
1.3327973
1.3327973
1.3327973
1.3327973
1.3327973
1.3327973
1.3327973
1.3327973
1.3327973
1.3327973
1.3327973
1.3327973
1.3327973
1.3327973
1.3327973
1.3327973
1.3327973
1.3327973
1.3327973
1.3327941
1.3327942
1.3327942
1.3327941
1.3327942
1.3327942
1.3327941
1.3327942
1.3327942
1.3327941
1.3327942
1.3327942
1.3327941
1.3327942
1.3327942
1.3327941
1.3327942
1.3327942
1.3327941
1.3327942
1.3327942
1.3327941
1.3327942
1.3327942
1.3327915
1.3327915
1.3327915
1.3327915
1.3327915
1.3327915
1.3327915
1.3327915
1.3327915
1.3327915
1.3327915
1.3327915
1.3327915
1.3327915
1.3327915
1.3327915
1.3327915
1.3327915
1.3327915
1.3327915
1.3327915
1.3327915
1.3327915
1.3327915
1.3327894
1.3327894
1.3327894
1.3327894
1.3327894
1.3327894
1.3327894
1.3327894
1.3327894
1.3327894
1.3327894
1.3327894
1.3327894
1.3327894
1.3327894
1.3327894
1.3327894
1.3327894
1.3327894
1.3327894
1.3327894
1.3327894
1.3327894
1.3327894
1.3327878
1.3327878
1.3327878
1.3327878
1.3327878
1.3327878
1.3327878
1.3327878
1.3327878
1.3327878
1.3327878
1.3327878
1.3327878
1.3327878
1.3327878
1.3327878
1.3327878
1.3327878
1.3327878
1.3327878
1.3327878
1.3327878
1.3327878
1.3327878
1.3327866
1.3327867
1.3327867
1.3327866
1.3327867
1.3327867
1.3327866
1.3327867
1.3327867
1.3327866
1.3327867
1.3327867
1.3327866
1.3327867
1.3327867
1.3327866
1.3327867
1.3327867
1.3327866
1.3327867
1.3327867
1.3327866
1.3327867
1.3327867
1.3327858
1.3327858
1.3327858
1.3327858
1.3327858
1.3327858
1.3327857
1.3327857
1.3327858
1.3327857
1.3327857
1.3327858
1.3327857
1.3327857
1.3327858
1.3327857
1.3327857
1.3327858
1.3327858
1.3327858
1.3327858
1.3327858
1.3327858
1.3327858
1.3327874
1.3327874
1.3327874
1.3327874
1.3327874
1.3327874
1.3327874
1.3327874
1.3327874
1.3327874
1.3327874
1.3327874
1.3327874
1.3327874
1.3327874
1.3327874
1.3327874
1.3327874
1.3327874
1.3327874
1.3327874
1.3327874
1.3327874
1.3327874
1.3329922
1.3329921
1.3329921
1.3329922
1.3329921
1.3329921
1.3329922
1.3329921
1.3329921
1.3329922
1.3329921
1.3329921
1.3329922
1.3329921
1.3329921
1.3329922
1.3329921
1.3329921
1.3329922
1.3329921
1.3329921
1.3329922
1.3329921
1.3329921
1.332978
1.332978
1.332978
1.332978
1.332978
1.332978
1.332978
1.332978
1.332978
1.332978
1.332978
1.332978
1.332978
1.332978
1.332978
1.332978
1.332978
1.332978
1.332978
1.332978
1.332978
1.332978
1.332978
1.332978
1.3329643
1.3329643
1.3329643
1.3329643
1.3329643
1.3329643
1.3329643
1.3329643
1.3329643
1.3329643
1.3329643
1.3329643
1.3329643
1.3329643
1.3329643
1.3329643
1.3329643
1.3329643
1.3329643
1.3329643
1.3329643
1.3329643
1.3329643
1.3329643
1.3329514
1.3329514
1.3329514
1.3329514
1.3329514
1.3329514
1.3329514
1.3329514
1.3329514
1.3329514
1.3329514
1.3329514
1.3329514
1.3329514
1.3329514
1.3329514
1.3329514
1.3329514
1.3329514
1.3329514
1.3329514
1.3329514
1.3329514
1.3329514
1.3329388
1.3329388
1.3329388
1.3329388
1.3329388
1.3329388
1.3329388
1.3329388
1.3329388
1.3329388
1.3329388
1.3329388
1.3329388
1.3329388
1.3329388
1.3329388
1.3329388
1.3329388
1.3329388
1.3329388
1.3329388
1.3329388
1.3329388
1.3329388
1.3329267
1.3329267
1.3329267
1.3329267
1.3329267
1.3329267
1.3329267
1.3329267
1.3329267
1.3329267
1.3329267
1.3329267
1.3329267
1.3329267
1.3329267
1.3329267
1.3329267
1.3329267
1.3329267
1.3329267
1.3329267
1.3329267
1.3329267
1.3329267
1.3329151
1.3329151
1.3329151
1.3329151
1.3329151
1.3329151
1.3329151
1.3329151
1.3329151
1.3329151
1.3329151
1.3329151
1.3329151
1.3329151
1.3329151
1.3329151
1.3329151
1.3329151
1.3329151
1.3329151
1.3329151
1.3329151
1.3329151
1.3329151
1.332904
1.332904
1.332904
1.332904
1.332904
1.332904
1.332904
1.332904
1.332904
1.332904
1.332904
1.332904
1.332904
1.332904
1.332904
1.332904
1.332904
1.332904
1.332904
1.332904
1.332904
1.332904
1.332904
1.332904
1.3328934
1.3328934
1.3328934
1.3328934
1.3328934
1.3328934
1.3328934
1.3328934
1.3328934
1.3328934
1.3328934
1.3328934
1.3328934
1.3328934
1.3328934
1.3328934
1.3328934
1.3328934
1.3328934
1.3328934
1.3328934
1.3328934
1.3328934
1.3328934
1.3328833
1.3328833
1.3328833
1.3328833
1.3328833
1.3328833
1.3328833
1.3328833
1.3328833
1.3328833
1.3328833
1.3328833
1.3328833
1.3328833
1.3328833
1.3328833
1.3328833
1.3328833
1.3328833
1.3328833
1.3328833
1.3328833
1.3328833
1.3328833
1.3328737
1.3328737
1.3328737
1.3328737
1.3328737
1.3328737
1.3328737
1.3328737
1.3328737
1.3328737
1.3328737
1.3328737
1.3328737
1.3328737
1.3328737
1.3328737
1.3328737
1.3328737
1.3328737
1.3328737
1.3328737
1.3328737
1.3328737
1.3328737
1.3328646
1.3328646
1.3328646
1.3328646
1.3328646
1.3328646
1.3328646
1.3328646
1.3328646
1.3328646
1.3328646
1.3328646
1.3328646
1.3328646
1.3328646
1.3328646
1.3328646
1.3328646
1.3328646
1.3328646
1.3328646
1.3328646
1.3328646
1.3328646
1.332856
1.332856
1.332856
1.332856
1.332856
1.332856
1.332856
1.332856
1.332856
1.332856
1.332856
1.332856
1.332856
1.332856
1.332856
1.332856
1.332856
1.332856
1.332856
1.332856
1.332856
1.332856
1.332856
1.332856
1.3328478
1.3328479
1.3328479
1.3328478
1.3328479
1.3328479
1.3328478
1.3328479
1.3328479
1.3328478
1.3328479
1.3328479
1.3328478
1.3328479
1.3328479
1.3328478
1.3328479
1.3328479
1.3328478
1.3328479
1.3328479
1.3328478
1.3328479
1.3328479
1.3328402
1.3328402
1.3328402
1.3328402
1.3328402
1.3328402
1.3328402
1.3328402
1.3328402
1.3328402
1.3328402
1.3328402
1.3328402
1.3328402
1.3328402
1.3328402
1.3328402
1.3328402
1.3328402
1.3328402
1.3328402
1.3328402
1.3328402
1.3328403
1.3328331
1.3328331
1.3328331
1.3328331
1.3328331
1.3328331
1.3328331
1.3328331
1.3328331
1.3328331
1.3328331
1.3328331
1.3328331
1.3328331
1.3328331
1.3328331
1.3328331
1.3328331
1.3328331
1.3328331
1.3328331
1.3328331
1.3328331
1.3328331
1.3328265
1.3328265
1.3328265
1.3328265
1.3328265
1.3328265
1.3328265
1.3328265
1.3328265
1.3328265
1.3328265
1.3328265
1.3328265
1.3328265
1.3328265
1.3328265
1.3328265
1.3328265
1.3328265
1.3328265
1.3328265
1.3328265
1.3328265
1.3328265
1.3328204
1.3328204
1.3328204
1.3328204
1.3328204
1.3328204
1.3328204
1.3328204
1.3328204
1.3328204
1.3328204
1.3328204
1.3328204
1.3328204
1.3328204
1.3328204
1.3328204
1.3328204
1.3328204
1.3328204
1.3328204
1.3328204
1.3328204
1.3328204
1.3328148
1.3328148
1.3328148
1.3328148
1.3328148
1.3328148
1.3328148
1.3328148
1.3328148
1.3328147
1.3328148
1.3328148
1.3328147
1.3328148
1.3328148
1.3328148
1.3328148
1.3328148
1.3328148
1.3328148
1.3328148
1.3328148
1.3328148
1.3328148
1.3328096
1.3328096
1.3328097
1.3328096
1.3328096
1.3328097
1.3328096
1.3328096
1.3328096
1.3328096
1.3328096
1.3328096
1.3328096
1.3328096
1.3328096
1.3328096
1.3328096
1.3328096
1.3328096
1.3328096
1.3328097
1.3328096
1.3328096
1.3328097
1.332805
1.332805
1.332805
1.332805
1.332805
1.332805
1.332805
1.332805
1.332805
1.332805
1.332805
1.332805
1.332805
1.332805
1.332805
1.332805
1.332805
1.332805
1.332805
1.332805
1.332805
1.332805
1.332805
1.332805
1.3328009
1.3328009
1.3328009
1.3328009
1.3328009
1.3328009
1.3328009
1.3328009
1.3328009
1.3328009
1.3328009
1.3328009
1.3328009
1.3328009
1.3328009
1.3328009
1.3328009
1.3328009
1.3328009
1.3328009
1.3328009
1.3328009
1.3328009
1.3328009
1.3327973
1.3327973
1.3327973
1.3327973
1.3327973
1.3327973
1.3327973
1.3327973
1.3327973
1.3327973
1.3327973
1.3327973
1.3327973
1.3327973
1.3327973
1.3327973
1.3327973
1.3327973
1.3327973
1.3327973
1.3327973
1.3327973
1.3327973
1.3327973
1.3327941
1.3327942
1.3327942
1.3327941
1.3327942
1.3327942
1.3327941
1.3327942
1.3327942
1.3327941
1.3327942
1.3327942
1.3327941
1.3327942
1.3327942
1.3327941
1.3327942
1.3327942
1.3327941
1.3327942
1.3327942
1.3327941
1.3327942
1.3327942
1.3327915
1.3327915
1.3327915
1.3327915
1.3327915
1.3327915
1.3327915
1.3327915
1.3327915
1.3327915
1.3327915
1.3327915
1.3327915
1.3327915
1.3327915
1.3327915
1.3327915
1.3327915
1.3327915
1.3327915
1.3327915
1.3327915
1.3327915
1.3327915
1.3327894
1.3327894
1.3327894
1.3327894
1.3327894
1.3327894
1.3327894
1.3327894
1.3327894
1.3327894
1.3327894
1.3327894
1.3327894
1.3327894
1.3327894
1.3327894
1.3327894
1.3327894
1.3327894
1.3327894
1.3327894
1.3327894
1.3327894
1.3327894
1.3327878
1.3327878
1.3327878
1.3327878
1.3327878
1.3327878
1.3327878
1.3327878
1.3327878
1.3327878
1.3327878
1.3327878
1.3327878
1.3327878
1.3327878
1.3327878
1.3327878
1.3327878
1.3327878
1.3327878
1.3327878
1.3327878
1.3327878
1.3327878
1.3327866
1.3327867
1.3327867
1.3327866
1.3327867
1.3327867
1.3327866
1.3327867
1.3327867
1.3327866
1.3327867
1.3327867
1.3327866
1.3327867
1.3327867
1.3327866
1.3327867
1.3327867
1.3327866
1.3327867
1.3327867
1.3327866
1.3327867
1.3327867
1.3327858
1.3327858
1.3327858
1.3327858
1.3327858
1.3327858
1.3327857
1.3327857
1.3327858
1.3327857
1.3327857
1.3327858
1.3327857
1.3327857
1.3327858
1.3327858
1.3327857
1.3327858
1.3327858
1.3327858
1.3327858
1.3327858
1.3327858
1.3327858
1.3327874
1.3327874
1.3327874
1.3327874
1.3327874
1.3327874
1.3327874
1.3327874
1.3327874
1.3327874
1.3327874
1.3327874
1.3327874
1.3327874
1.3327874
1.3327874
1.3327874
1.3327874
1.3327874
1.3327874
1.3327874
1.3327874
1.3327874
1.3327874
1.3329922
1.3329921
1.3329921
1.3329922
1.3329921
1.3329921
1.3329922
1.3329921
1.3329921
1.3329922
1.3329921
1.3329921
1.3329922
1.3329921
1.3329921
1.3329922
1.3329921
1.3329921
1.3329922
1.3329921
1.3329921
1.3329922
1.3329921
1.3329921
1.332978
1.332978
1.332978
1.332978
1.332978
1.332978
1.332978
1.332978
1.332978
1.332978
1.332978
1.332978
1.332978
1.332978
1.332978
1.332978
1.332978
1.332978
1.332978
1.332978
1.332978
1.332978
1.332978
1.332978
1.3329643
1.3329643
1.3329643
1.3329643
1.3329643
1.3329643
1.3329643
1.3329643
1.3329643
1.3329643
1.3329643
1.3329643
1.3329643
1.3329643
1.3329643
1.3329643
1.3329643
1.3329643
1.3329643
1.3329643
1.3329643
1.3329643
1.3329643
1.3329643
1.3329514
1.3329514
1.3329514
1.3329514
1.3329514
1.3329514
1.3329514
1.3329514
1.3329514
1.3329514
1.3329514
1.3329514
1.3329514
1.3329514
1.3329514
1.3329514
1.3329514
1.3329514
1.3329514
1.3329514
1.3329514
1.3329514
1.3329514
1.3329514
1.3329388
1.3329388
1.3329388
1.3329388
1.3329388
1.3329388
1.3329388
1.3329388
1.3329388
1.3329388
1.3329388
1.3329388
1.3329388
1.3329388
1.3329388
1.3329388
1.3329388
1.3329388
1.3329388
1.3329388
1.3329388
1.3329388
1.3329388
1.3329388
1.3329267
1.3329267
1.3329267
1.3329267
1.3329267
1.3329267
1.3329267
1.3329267
1.3329267
1.3329267
1.3329267
1.3329267
1.3329267
1.3329267
1.3329267
1.3329267
1.3329267
1.3329267
1.3329267
1.3329267
1.3329267
1.3329267
1.3329267
1.3329267
1.3329151
1.3329151
1.3329151
1.3329151
1.3329151
1.3329151
1.3329151
1.3329151
1.3329151
1.3329151
1.3329151
1.3329151
1.3329151
1.3329151
1.3329151
1.3329151
1.3329151
1.3329151
1.3329151
1.3329151
1.3329151
1.3329151
1.3329151
1.3329151
1.332904
1.332904
1.332904
1.332904
1.332904
1.332904
1.332904
1.332904
1.332904
1.332904
1.332904
1.332904
1.332904
1.332904
1.332904
1.332904
1.332904
1.332904
1.332904
1.332904
1.332904
1.332904
1.332904
1.332904
1.3328934
1.3328934
1.3328934
1.3328934
1.3328934
1.3328934
1.3328934
1.3328934
1.3328934
1.3328934
1.3328934
1.3328934
1.3328934
1.3328934
1.3328934
1.3328934
1.3328934
1.3328934
1.3328934
1.3328934
1.3328934
1.3328934
1.3328934
1.3328934
1.3328833
1.3328833
1.3328833
1.3328833
1.3328833
1.3328833
1.3328833
1.3328833
1.3328833
1.3328833
1.3328833
1.3328833
1.3328833
1.3328833
1.3328833
1.3328833
1.3328833
1.3328833
1.3328833
1.3328833
1.3328833
1.3328833
1.3328833
1.3328833
1.3328737
1.3328737
1.3328737
1.3328737
1.3328737
1.3328737
1.3328737
1.3328737
1.3328737
1.3328737
1.3328737
1.3328737
1.3328737
1.3328737
1.3328737
1.3328737
1.3328737
1.3328737
1.3328737
1.3328737
1.3328737
1.3328737
1.3328737
1.3328737
1.3328646
1.3328646
1.3328646
1.3328646
1.3328646
1.3328646
1.3328646
1.3328646
1.3328646
1.3328646
1.3328646
1.3328646
1.3328646
1.3328646
1.3328646
1.3328646
1.3328646
1.3328646
1.3328646
1.3328646
1.3328646
1.3328646
1.3328646
1.3328646
1.332856
1.332856
1.332856
1.332856
1.332856
1.332856
1.332856
1.332856
1.332856
1.332856
1.332856
1.332856
1.332856
1.332856
1.332856
1.332856
1.332856
1.332856
1.332856
1.332856
1.332856
1.332856
1.332856
1.332856
1.3328478
1.3328479
1.3328479
1.3328478
1.3328479
1.3328479
1.3328478
1.3328479
1.3328479
1.3328478
1.3328479
1.3328479
1.3328478
1.3328479
1.3328479
1.3328478
1.3328479
1.3328479
1.3328478
1.3328479
1.3328479
1.3328478
1.3328479
1.3328479
1.3328402
1.3328402
1.3328403
1.3328402
1.3328402
1.3328402
1.3328402
1.3328402
1.3328402
1.3328402
1.3328402
1.3328402
1.3328402
1.3328402
1.3328402
1.3328402
1.3328402
1.3328402
1.3328402
1.3328402
1.3328402
1.3328402
1.3328402
1.3328403
1.3328331
1.3328331
1.3328331
1.3328331
1.3328331
1.3328331
1.3328331
1.3328331
1.3328331
1.3328331
1.3328331
1.3328331
1.3328331
1.3328331
1.3328331
1.3328331
1.3328331
1.3328331
1.3328331
1.3328331
1.3328331
1.3328331
1.3328331
1.3328331
1.3328265
1.3328265
1.3328265
1.3328265
1.3328265
1.3328265
1.3328265
1.3328265
1.3328265
1.3328265
1.3328265
1.3328265
1.3328265
1.3328265
1.3328265
1.3328265
1.3328265
1.3328265
1.3328265
1.3328265
1.3328265
1.3328265
1.3328265
1.3328265
1.3328204
1.3328204
1.3328204
1.3328204
1.3328204
1.3328204
1.3328204
1.3328204
1.3328204
1.3328204
1.3328204
1.3328204
1.3328204
1.3328204
1.3328204
1.3328204
1.3328204
1.3328204
1.3328204
1.3328204
1.3328204
1.3328204
1.3328204
1.3328204
1.3328148
1.3328148
1.3328148
1.3328148
1.3328148
1.3328148
1.3328148
1.3328148
1.3328148
1.3328148
1.3328148
1.3328148
1.3328148
1.3328148
1.3328148
1.3328148
1.3328148
1.3328148
1.3328148
1.3328148
1.3328148
1.3328148
1.3328148
1.3328148
1.3328096
1.3328096
1.3328097
1.3328096
1.3328096
1.3328097
1.3328096
1.3328096
1.3328096
1.3328096
1.3328096
1.3328096
1.3328096
1.3328096
1.3328096
1.3328096
1.3328096
1.3328096
1.3328096
1.3328096
1.3328097
1.3328096
1.3328096
1.3328097
1.332805
1.332805
1.332805
1.332805
1.332805
1.332805
1.332805
1.332805
1.332805
1.332805
1.332805
1.332805
1.332805
1.332805
1.332805
1.332805
1.332805
1.332805
1.332805
1.332805
1.332805
1.332805
1.332805
1.332805
1.3328009
1.3328009
1.3328009
1.3328009
1.3328009
1.3328009
1.3328009
1.3328009
1.3328009
1.3328009
1.3328009
1.3328009
1.3328009
1.3328009
1.3328009
1.3328009
1.3328009
1.3328009
1.3328009
1.3328009
1.3328009
1.3328009
1.3328009
1.3328009
1.3327973
1.3327973
1.3327973
1.3327973
1.3327973
1.3327973
1.3327973
1.3327973
1.3327973
1.3327973
1.3327973
1.3327973
1.3327973
1.3327973
1.3327973
1.3327973
1.3327973
1.3327973
1.3327973
1.3327973
1.3327973
1.3327973
1.3327973
1.3327973
1.3327941
1.3327942
1.3327942
1.3327941
1.3327942
1.3327942
1.3327941
1.3327942
1.3327942
1.3327941
1.3327942
1.3327942
1.3327941
1.3327942
1.3327942
1.3327941
1.3327942
1.3327942
1.3327941
1.3327942
1.3327942
1.3327941
1.3327942
1.3327942
1.3327915
1.3327915
1.3327915
1.3327915
1.3327915
1.3327915
1.3327915
1.3327915
1.3327915
1.3327915
1.3327915
1.3327915
1.3327915
1.3327915
1.3327915
1.3327915
1.3327915
1.3327915
1.3327915
1.3327915
1.3327915
1.3327915
1.3327915
1.3327915
1.3327894
1.3327894
1.3327894
1.3327894
1.3327894
1.3327894
1.3327894
1.3327894
1.3327894
1.3327894
1.3327894
1.3327894
1.3327894
1.3327894
1.3327894
1.3327894
1.3327894
1.3327894
1.3327894
1.3327894
1.3327894
1.3327894
1.3327894
1.3327894
1.3327878
1.3327878
1.3327878
1.3327878
1.3327878
1.3327878
1.3327878
1.3327878
1.3327878
1.3327878
1.3327878
1.3327878
1.3327878
1.3327878
1.3327878
1.3327878
1.3327878
1.3327878
1.3327878
1.3327878
1.3327878
1.3327878
1.3327878
1.3327878
1.3327866
1.3327867
1.3327867
1.3327866
1.3327867
1.3327867
1.3327866
1.3327867
1.3327867
1.3327866
1.3327867
1.3327867
1.3327866
1.3327867
1.3327867
1.3327866
1.3327867
1.3327867
1.3327866
1.3327867
1.3327867
1.3327866
1.3327867
1.3327867
1.3327858
1.3327858
1.3327858
1.3327858
1.3327858
1.3327858
1.3327858
1.3327857
1.3327858
1.3327857
1.3327857
1.3327858
1.3327857
1.3327857
1.3327858
1.3327858
1.3327857
1.3327858
1.3327858
1.3327858
1.3327858
1.3327858
1.3327858
1.3327858
1.3327874
1.3327874
1.3327874
1.3327874
1.3327874
1.3327874
1.3327874
1.3327874
1.3327874
1.3327874
1.3327874
1.3327874
1.3327874
1.3327874
1.3327874
1.3327874
1.3327874
1.3327874
1.3327874
1.3327874
1.3327874
1.3327874
1.3327874
1.3327874
1.3329922
1.3329921
1.3329921
1.3329922
1.3329921
1.3329921
1.3329922
1.3329921
1.3329921
1.3329922
1.3329921
1.3329921
1.3329922
1.3329921
1.3329921
1.3329922
1.3329921
1.3329921
1.3329922
1.3329921
1.3329921
1.3329922
1.3329921
1.3329921
1.332978
1.332978
1.332978
1.332978
1.332978
1.332978
1.332978
1.332978
1.332978
1.332978
1.332978
1.332978
1.332978
1.332978
1.332978
1.332978
1.332978
1.332978
1.332978
1.332978
1.332978
1.332978
1.332978
1.332978
1.3329643
1.3329643
1.3329643
1.3329643
1.3329643
1.3329643
1.3329643
1.3329643
1.3329643
1.3329643
1.3329643
1.3329643
1.3329643
1.3329643
1.3329643
1.3329643
1.3329643
1.3329643
1.3329643
1.3329643
1.3329643
1.3329643
1.3329643
1.3329643
1.3329514
1.3329514
1.3329514
1.3329514
1.3329514
1.3329514
1.3329514
1.3329514
1.3329514
1.3329514
1.3329514
1.3329514
1.3329514
1.3329514
1.3329514
1.3329514
1.3329514
1.3329514
1.3329514
1.3329514
1.3329514
1.3329514
1.3329514
1.3329514
1.3329388
1.3329388
1.3329388
1.3329388
1.3329388
1.3329388
1.3329388
1.3329388
1.3329388
1.3329388
1.3329388
1.3329388
1.3329388
1.3329388
1.3329388
1.3329388
1.3329388
1.3329388
1.3329388
1.3329388
1.3329388
1.3329388
1.3329388
1.3329388
1.3329267
1.3329267
1.3329267
1.3329267
1.3329267
1.3329267
1.3329267
1.3329267
1.3329267
1.3329267
1.3329267
1.3329267
1.3329267
1.3329267
1.3329267
1.3329267
1.3329267
1.3329267
1.3329267
1.3329267
1.3329267
1.3329267
1.3329267
1.3329267
1.3329151
1.3329151
1.3329151
1.3329151
1.3329151
1.3329151
1.3329151
1.3329151
1.3329151
1.3329151
1.3329151
1.3329151
1.3329151
1.3329151
1.3329151
1.3329151
1.3329151
1.3329151
1.3329151
1.3329151
1.3329151
1.3329151
1.3329151
1.3329151
1.332904
1.332904
1.332904
1.332904
1.332904
1.332904
1.332904
1.332904
1.332904
1.332904
1.332904
1.332904
1.332904
1.332904
1.332904
1.332904
1.332904
1.332904
1.332904
1.332904
1.332904
1.332904
1.332904
1.332904
1.3328934
1.3328934
1.3328934
1.3328934
1.3328934
1.3328934
1.3328934
1.3328934
1.3328934
1.3328934
1.3328934
1.3328934
1.3328934
1.3328934
1.3328934
1.3328934
1.3328934
1.3328934
1.3328934
1.3328934
1.3328934
1.3328934
1.3328934
1.3328934
1.3328833
1.3328833
1.3328833
1.3328833
1.3328833
1.3328833
1.3328833
1.3328833
1.3328833
1.3328833
1.3328833
1.3328833
1.3328833
1.3328833
1.3328833
1.3328833
1.3328833
1.3328833
1.3328833
1.3328833
1.3328833
1.3328833
1.3328833
1.3328833
1.3328737
1.3328737
1.3328737
1.3328737
1.3328737
1.3328737
1.3328737
1.3328737
1.3328737
1.3328737
1.3328737
1.3328737
1.3328737
1.3328737
1.3328737
1.3328737
1.3328737
1.3328737
1.3328737
1.3328737
1.3328737
1.3328737
1.3328737
1.3328737
1.3328646
1.3328646
1.3328646
1.3328646
1.3328646
1.3328646
1.3328646
1.3328646
1.3328646
1.3328646
1.3328646
1.3328646
1.3328646
1.3328646
1.3328646
1.3328646
1.3328646
1.3328646
1.3328646
1.3328646
1.3328646
1.3328646
1.3328646
1.3328646
1.332856
1.332856
1.332856
1.332856
1.332856
1.332856
1.332856
1.332856
1.332856
1.332856
1.332856
1.332856
1.332856
1.332856
1.332856
1.332856
1.332856
1.332856
1.332856
1.332856
1.332856
1.332856
1.332856
1.332856
1.3328478
1.3328479
1.3328479
1.3328478
1.3328479
1.3328479
1.3328478
1.3328479
1.3328479
1.3328478
1.3328479
1.3328479
1.3328478
1.3328479
1.3328479
1.3328478
1.3328479
1.3328479
1.3328478
1.3328479
1.3328479
1.3328478
1.3328479
1.3328479
1.3328402
1.3328402
1.3328403
1.3328402
1.3328402
1.3328402
1.3328402
1.3328402
1.3328402
1.3328402
1.3328402
1.3328402
1.3328402
1.3328402
1.3328402
1.3328402
1.3328402
1.3328402
1.3328402
1.3328402
1.3328402
1.3328402
1.3328402
1.3328402
1.3328331
1.3328331
1.3328331
1.3328331
1.3328331
1.3328331
1.3328331
1.3328331
1.3328331
1.3328331
1.3328331
1.3328331
1.3328331
1.3328331
1.3328331
1.3328331
1.3328331
1.3328331
1.3328331
1.3328331
1.3328331
1.3328331
1.3328331
1.3328331
1.3328265
1.3328265
1.3328265
1.3328265
1.3328265
1.3328265
1.3328265
1.3328265
1.3328265
1.3328265
1.3328265
1.3328265
1.3328265
1.3328265
1.3328265
1.3328265
1.3328265
1.3328265
1.3328265
1.3328265
1.3328265
1.3328265
1.3328265
1.3328265
1.3328204
1.3328204
1.3328204
1.3328204
1.3328204
1.3328204
1.3328204
1.3328204
1.3328204
1.3328204
1.3328204
1.3328204
1.3328204
1.3328204
1.3328204
1.3328204
1.3328204
1.3328204
1.3328204
1.3328204
1.3328204
1.3328204
1.3328204
1.3328204
1.3328148
1.3328148
1.3328148
1.3328148
1.3328148
1.3328148
1.3328148
1.3328148
1.3328148
1.3328147
1.3328148
1.3328148
1.3328147
1.3328148
1.3328148
1.3328148
1.3328148
1.3328148
1.3328148
1.3328148
1.3328148
1.3328148
1.3328148
1.3328148
1.3328096
1.3328096
1.3328097
1.3328096
1.3328096
1.3328097
1.3328096
1.3328096
1.3328096
1.3328096
1.3328096
1.3328096
1.3328096
1.3328096
1.3328096
1.3328096
1.3328096
1.3328096
1.3328096
1.3328096
1.3328097
1.3328096
1.3328096
1.3328097
1.332805
1.332805
1.332805
1.332805
1.332805
1.332805
1.332805
1.332805
1.332805
1.332805
1.332805
1.332805
1.332805
1.332805
1.332805
1.332805
1.332805
1.332805
1.332805
1.332805
1.332805
1.332805
1.332805
1.332805
1.3328009
1.3328009
1.3328009
1.3328009
1.3328009
1.3328009
1.3328009
1.3328009
1.3328009
1.3328009
1.3328009
1.3328009
1.3328009
1.3328009
1.3328009
1.3328009
1.3328009
1.3328009
1.3328009
1.3328009
1.3328009
1.3328009
1.3328009
1.3328009
1.3327973
1.3327973
1.3327973
1.3327973
1.3327973
1.3327973
1.3327973
1.3327973
1.3327973
1.3327973
1.3327973
1.3327973
1.3327973
1.3327973
1.3327973
1.3327973
1.3327973
1.3327973
1.3327973
1.3327973
1.3327973
1.3327973
1.3327973
1.3327973
1.3327941
1.3327942
1.3327942
1.3327941
1.3327942
1.3327942
1.3327941
1.3327942
1.3327942
1.3327941
1.3327942
1.3327942
1.3327941
1.3327942
1.3327942
1.3327941
1.3327942
1.3327942
1.3327941
1.3327942
1.3327942
1.3327941
1.3327942
1.3327942
1.3327915
1.3327915
1.3327915
1.3327915
1.3327915
1.3327915
1.3327915
1.3327915
1.3327915
1.3327915
1.3327915
1.3327915
1.3327915
1.3327915
1.3327915
1.3327915
1.3327915
1.3327915
1.3327915
1.3327915
1.3327915
1.3327915
1.3327915
1.3327915
1.3327894
1.3327894
1.3327894
1.3327894
1.3327894
1.3327894
1.3327894
1.3327894
1.3327894
1.3327894
1.3327894
1.3327894
1.3327894
1.3327894
1.3327894
1.3327894
1.3327894
1.3327894
1.3327894
1.3327894
1.3327894
1.3327894
1.3327894
1.3327894
1.3327878
1.3327878
1.3327878
1.3327878
1.3327878
1.3327878
1.3327878
1.3327878
1.3327878
1.3327878
1.3327878
1.3327878
1.3327878
1.3327878
1.3327878
1.3327878
1.3327878
1.3327878
1.3327878
1.3327878
1.3327878
1.3327878
1.3327878
1.3327878
1.3327866
1.3327867
1.3327867
1.3327866
1.3327867
1.3327867
1.3327866
1.3327867
1.3327867
1.3327866
1.3327867
1.3327867
1.3327866
1.3327867
1.3327867
1.3327866
1.3327867
1.3327867
1.3327866
1.3327867
1.3327867
1.3327866
1.3327867
1.3327867
1.3327858
1.3327858
1.3327858
1.3327858
1.3327858
1.3327858
1.3327858
1.3327857
1.3327858
1.3327857
1.3327857
1.3327858
1.3327857
1.3327857
1.3327858
1.3327858
1.3327857
1.3327858
1.3327858
1.3327858
1.3327858
1.3327858
1.3327858
1.3327858
1.3327874
1.3327874
1.3327874
1.3327874
1.3327874
1.3327874
1.3327874
1.3327874
1.3327874
1.3327874
1.3327874
1.3327874
1.3327874
1.3327874
1.3327874
1.3327874
1.3327874
1.3327874
1.3327874
1.3327874
1.3327874
1.3327874
1.3327874
1.3327874
1.3329921
1.3329921
1.3329922
1.3329921
1.3329921
1.3329922
1.3329921
1.3329921
1.3329922
1.3329921
1.3329921
1.3329922
1.3329921
1.3329921
1.3329922
1.3329921
1.3329921
1.3329922
1.3329921
1.3329921
1.3329922
1.3329921
1.3329921
1.3329922
1.332978
1.332978
1.332978
1.332978
1.332978
1.332978
1.332978
1.332978
1.332978
1.332978
1.332978
1.332978
1.332978
1.332978
1.332978
1.332978
1.332978
1.332978
1.332978
1.332978
1.332978
1.332978
1.332978
1.332978
1.3329643
1.3329643
1.3329644
1.3329643
1.3329643
1.3329644
1.3329643
1.3329643
1.3329643
1.3329643
1.3329643
1.3329643
1.3329643
1.3329643
1.3329643
1.3329643
1.3329643
1.3329643
1.3329643
1.3329643
1.3329644
1.3329643
1.3329643
1.3329644
1.3329513
1.3329514
1.3329514
1.3329513
1.3329514
1.3329514
1.3329513
1.3329513
1.3329514
1.3329513
1.3329513
1.3329514
1.3329513
1.3329513
1.3329514
1.3329513
1.3329513
1.3329514
1.3329513
1.3329514
1.3329514
1.3329513
1.3329514
1.3329514
1.3329388
1.3329388
1.3329388
1.3329388
1.3329388
1.3329388
1.3329388
1.3329388
1.3329388
1.3329388
1.3329388
1.3329388
1.3329388
1.3329388
1.3329388
1.3329388
1.3329388
1.3329388
1.3329388
1.3329388
1.3329388
1.3329388
1.3329388
1.3329388
1.3329267
1.3329267
1.3329267
1.3329267
1.3329267
1.3329267
1.3329267
1.3329267
1.3329267
1.3329267
1.3329267
1.3329267
1.3329267
1.3329267
1.3329267
1.3329267
1.3329267
1.3329267
1.3329267
1.3329267
1.3329267
1.3329267
1.3329267
1.3329267
1.3329151
1.3329151
1.3329151
1.3329151
1.3329151
1.3329151
1.3329151
1.3329151
1.3329151
1.3329151
1.3329151
1.3329151
1.3329151
1.3329151
1.3329151
1.3329151
1.3329151
1.3329151
1.3329151
1.3329151
1.3329151
1.3329151
1.3329151
1.3329151
1.332904
1.332904
1.332904
1.332904
1.332904
1.332904
1.332904
1.332904
1.332904
1.332904
1.332904
1.332904
1.332904
1.332904
1.332904
1.332904
1.332904
1.332904
1.332904
1.332904
1.332904
1.332904
1.332904
1.332904
1.3328934
1.3328934
1.3328934
1.3328934
1.3328934
1.3328934
1.3328934
1.3328934
1.3328934
1.3328934
1.3328934
1.3328934
1.3328934
1.3328934
1.3328934
1.3328934
1.3328934
1.3328934
1.3328934
1.3328934
1.3328934
1.3328934
1.3328934
1.3328934
1.3328833
1.3328833
1.3328833
1.3328833
1.3328833
1.3328833
1.3328833
1.3328833
1.3328833
1.3328833
1.3328833
1.3328833
1.3328833
1.3328833
1.3328833
1.3328833
1.3328833
1.3328833
1.3328833
1.3328833
1.3328833
1.3328833
1.3328833
1.3328833
1.3328737
1.3328737
1.3328737
1.3328737
1.3328737
1.3328737
1.3328737
1.3328737
1.3328737
1.3328737
1.3328737
1.3328737
1.3328737
1.3328737
1.3328737
1.3328737
1.3328737
1.3328737
1.3328737
1.3328737
1.3328737
1.3328737
1.3328737
1.3328737
1.3328646
1.3328646
1.3328646
1.3328646
1.3328646
1.3328646
1.3328646
1.3328646
1.3328646
1.3328646
1.3328646
1.3328646
1.3328646
1.3328646
1.3328646
1.3328646
1.3328646
1.3328646
1.3328646
1.3328646
1.3328646
1.3328646
1.3328646
1.3328646
1.332856
1.332856
1.332856
1.332856
1.332856
1.332856
1.332856
1.332856
1.332856
1.332856
1.332856
1.332856
1.332856
1.332856
1.332856
1.332856
1.332856
1.332856
1.332856
1.332856
1.332856
1.332856
1.332856
1.332856
1.3328479
1.3328479
1.3328479
1.3328479
1.3328479
1.3328479
1.3328479
1.3328479
1.3328479
1.3328479
1.3328479
1.3328479
1.3328479
1.3328479
1.3328479
1.3328479
1.3328479
1.3328479
1.3328479
1.3328479
1.3328479
1.3328479
1.3328479
1.3328479
1.3328402
1.3328403
1.3328403
1.3328402
1.3328403
1.3328403
1.3328402
1.3328402
1.3328403
1.3328402
1.3328402
1.3328403
1.3328402
1.3328402
1.3328403
1.3328402
1.3328402
1.3328403
1.3328402
1.3328403
1.3328403
1.3328402
1.3328403
1.3328403
1.3328331
1.3328331
1.3328332
1.3328331
1.3328331
1.3328332
1.3328331
1.3328331
1.3328332
1.3328331
1.3328331
1.3328332
1.3328331
1.3328331
1.3328332
1.3328331
1.3328331
1.3328332
1.3328331
1.3328331
1.3328332
1.3328331
1.3328331
1.3328332
1.3328265
1.3328265
1.3328265
1.3328265
1.3328265
1.3328265
1.3328265
1.3328265
1.3328265
1.3328265
1.3328265
1.3328265
1.3328265
1.3328265
1.3328265
1.3328265
1.3328265
1.3328265
1.3328265
1.3328265
1.3328265
1.3328265
1.3328265
1.3328265
1.3328204
1.3328204
1.3328204
1.3328204
1.3328204
1.3328204
1.3328204
1.3328204
1.3328204
1.3328204
1.3328204
1.3328204
1.3328204
1.3328204
1.3328204
1.3328204
1.3328204
1.3328204
1.3328204
1.3328204
1.3328204
1.3328204
1.3328204
1.3328204
1.3328148
1.3328148
1.3328148
1.3328148
1.3328148
1.3328148
1.3328148
1.3328148
1.3328148
1.3328148
1.3328148
1.3328148
1.3328148
1.3328148
1.3328148
1.3328148
1.3328148
1.3328148
1.3328148
1.3328148
1.3328148
1.3328148
1.3328148
1.3328148
1.3328096
1.3328097
1.3328097
1.3328096
1.3328097
1.3328097
1.3328096
1.3328097
1.3328097
1.3328096
1.3328097
1.3328097
1.3328096
1.3328097
1.3328097
1.3328096
1.3328097
1.3328097
1.3328096
1.3328097
1.3328097
1.3328096
1.3328097
1.3328097
1.332805
1.332805
1.3328051
1.332805
1.332805
1.3328051
1.332805
1.332805
1.3328051
1.332805
1.332805
1.3328051
1.332805
1.332805
1.3328051
1.332805
1.332805
1.3328051
1.332805
1.332805
1.3328051
1.332805
1.332805
1.3328051
1.3328009
1.3328009
1.3328009
1.3328009
1.3328009
1.3328009
1.3328009
1.3328009
1.3328009
1.3328009
1.3328009
1.3328009
1.3328009
1.3328009
1.3328009
1.3328009
1.3328009
1.3328009
1.3328009
1.3328009
1.3328009
1.3328009
1.3328009
1.3328009
1.3327973
1.3327973
1.3327973
1.3327973
1.3327973
1.3327973
1.3327973
1.3327973
1.3327973
1.3327973
1.3327973
1.3327973
1.3327973
1.3327973
1.3327973
1.3327973
1.3327973
1.3327973
1.3327973
1.3327973
1.3327973
1.3327973
1.3327973
1.3327973
1.3327942
1.3327942
1.3327942
1.3327942
1.3327942
1.3327942
1.3327942
1.3327942
1.3327942
1.3327942
1.3327942
1.3327942
1.3327942
1.3327942
1.3327942
1.3327942
1.3327942
1.3327942
1.3327942
1.3327942
1.3327942
1.3327942
1.3327942
1.3327942
1.3327915
1.3327916
1.3327916
1.3327915
1.3327915
1.3327916
1.3327915
1.3327915
1.3327916
1.3327915
1.3327915
1.3327916
1.3327915
1.3327915
1.3327916
1.3327915
1.3327915
1.3327916
1.3327915
1.3327915
1.3327916
1.3327915
1.3327916
1.3327916
1.3327894
1.3327894
1.3327895
1.3327894
1.3327894
1.3327895
1.3327894
1.3327894
1.3327895
1.3327894
1.3327894
1.3327895
1.3327894
1.3327894
1.3327895
1.3327894
1.3327894
1.3327895
1.3327894
1.3327894
1.3327895
1.3327894
1.3327894
1.3327895
1.3327878
1.3327878
1.3327878
1.3327878
1.3327878
1.3327878
1.3327878
1.3327878
1.3327878
1.3327878
1.3327878
1.3327878
1.3327878
1.3327878
1.3327878
1.3327878
1.3327878
1.3327878
1.3327878
1.3327878
1.3327878
1.3327878
1.3327878
1.3327878
1.3327867
1.3327867
1.3327867
1.3327867
1.3327867
1.3327867
1.3327867
1.3327867
1.3327867
1.3327867
1.3327867
1.3327867
1.3327867
1.3327867
1.3327867
1.3327867
1.3327867
1.3327867
1.3327867
1.3327867
1.3327867
1.3327867
1.3327867
1.3327867
1.3327857
1.3327858
1.3327858
1.3327857
1.3327858
1.3327858
1.3327857
1.3327858
1.3327858
1.3327857
1.3327857
1.3327858
1.3327857
1.3327857
1.3327858
1.3327857
1.3327858
1.3327858
1.3327857
1.3327858
1.3327858
1.3327857
1.3327858
1.3327858
1.3327874
1.3327874
1.3327874
1.3327874
1.3327874
1.3327874
1.3327874
1.3327874
1.3327874
1.3327874
1.3327874
1.3327874
1.3327874
1.3327874
1.3327874
1.3327874
1.3327874
1.3327874
1.3327874
1.3327874
1.3327874
1.3327874
1.3327874
1.3327874
1.3329921
1.3329921
1.3329922
1.3329921
1.3329921
1.3329922
1.3329921
1.3329921
1.3329922
1.3329921
1.3329921
1.3329922
1.3329921
1.3329921
1.3329922
1.3329921
1.3329921
1.3329922
1.3329921
1.3329921
1.3329922
1.3329921
1.3329921
1.3329922
1.332978
1.332978
1.332978
1.332978
1.332978
1.332978
1.332978
1.332978
1.332978
1.332978
1.332978
1.332978
1.332978
1.332978
1.332978
1.332978
1.332978
1.332978
1.332978
1.332978
1.332978
1.332978
1.332978
1.332978
1.3329643
1.3329643
1.3329644
1.3329643
1.3329643
1.3329644
1.3329643
1.3329643
1.3329643
1.3329643
1.3329643
1.3329643
1.3329643
1.3329643
1.3329643
1.3329643
1.3329643
1.3329643
1.3329643
1.3329643
1.3329644
1.3329643
1.3329643
1.3329644
1.3329513
1.3329514
1.3329514
1.3329513
1.3329514
1.3329514
1.3329513
1.3329513
1.3329514
1.3329513
1.3329513
1.3329514
1.3329513
1.3329513
1.3329514
1.3329513
1.3329513
1.3329514
1.3329513
1.3329514
1.3329514
1.3329514
1.3329514
1.3329514
1.3329388
1.3329388
1.3329388
1.3329388
1.3329388
1.3329388
1.3329388
1.3329388
1.3329388
1.3329388
1.3329388
1.3329388
1.3329388
1.3329388
1.3329388
1.3329388
1.3329388
1.3329388
1.3329388
1.3329388
1.3329388
1.3329388
1.3329388
1.3329388
1.3329267
1.3329267
1.3329267
1.3329267
1.3329267
1.3329267
1.3329267
1.3329267
1.3329267
1.3329267
1.3329267
1.3329267
1.3329267
1.3329267
1.3329267
1.3329267
1.3329267
1.3329267
1.3329267
1.3329267
1.3329267
1.3329267
1.3329267
1.3329267
1.3329151
1.3329151
1.3329151
1.3329151
1.3329151
1.3329151
1.3329151
1.3329151
1.3329151
1.3329151
1.3329151
1.3329151
1.3329151
1.3329151
1.3329151
1.3329151
1.3329151
1.3329151
1.3329151
1.3329151
1.3329151
1.3329151
1.3329151
1.3329151
1.332904
1.332904
1.332904
1.332904
1.332904
1.332904
1.332904
1.332904
1.332904
1.332904
1.332904
1.332904
1.332904
1.332904
1.332904
1.332904
1.332904
1.332904
1.332904
1.332904
1.332904
1.332904
1.332904
1.332904
1.3328934
1.3328934
1.3328934
1.3328934
1.3328934
1.3328934
1.3328934
1.3328934
1.3328934
1.3328934
1.3328934
1.3328934
1.3328934
1.3328934
1.3328934
1.3328934
1.3328934
1.3328934
1.3328934
1.3328934
1.3328934
1.3328934
1.3328934
1.3328934
1.3328833
1.3328833
1.3328833
1.3328833
1.3328833
1.3328833
1.3328833
1.3328833
1.3328833
1.3328833
1.3328833
1.3328833
1.3328833
1.3328833
1.3328833
1.3328833
1.3328833
1.3328833
1.3328833
1.3328833
1.3328833
1.3328833
1.3328833
1.3328833
1.3328737
1.3328737
1.3328737
1.3328737
1.3328737
1.3328737
1.3328737
1.3328737
1.3328737
1.3328737
1.3328737
1.3328737
1.3328737
1.3328737
1.3328737
1.3328737
1.3328737
1.3328737
1.3328737
1.3328737
1.3328737
1.3328737
1.3328737
1.3328737
1.3328646
1.3328646
1.3328646
1.3328646
1.3328646
1.3328646
1.3328646
1.3328646
1.3328646
1.3328646
1.3328646
1.3328646
1.3328646
1.3328646
1.3328646
1.3328646
1.3328646
1.3328646
1.3328646
1.3328646
1.3328646
1.3328646
1.3328646
1.3328646
1.332856
1.332856
1.332856
1.332856
1.332856
1.332856
1.332856
1.332856
1.332856
1.332856
1.332856
1.332856
1.332856
1.332856
1.332856
1.332856
1.332856
1.332856
1.332856
1.332856
1.332856
1.332856
1.332856
1.332856
1.3328479
1.3328479
1.3328479
1.3328479
1.3328479
1.3328479
1.3328479
1.3328479
1.3328479
1.3328479
1.3328479
1.3328479
1.3328479
1.3328479
1.3328479
1.3328479
1.3328479
1.3328479
1.3328479
1.3328479
1.3328479
1.3328479
1.3328479
1.3328479
1.3328402
1.3328403
1.3328403
1.3328402
1.3328403
1.3328403
1.3328402
1.3328402
1.3328403
1.3328402
1.3328402
1.3328403
1.3328402
1.3328402
1.3328403
1.3328402
1.3328402
1.3328403
1.3328402
1.3328403
1.3328403
1.3328402
1.3328403
1.3328403
1.3328331
1.3328331
1.3328332
1.3328331
1.3328331
1.3328332
1.3328331
1.3328331
1.3328332
1.3328331
1.3328331
1.3328332
1.3328331
1.3328331
1.3328332
1.3328331
1.3328331
1.3328332
1.3328331
1.3328331
1.3328332
1.3328331
1.3328331
1.3328332
1.3328265
1.3328265
1.3328265
1.3328265
1.3328265
1.3328265
1.3328265
1.3328265
1.3328265
1.3328265
1.3328265
1.3328265
1.3328265
1.3328265
1.3328265
1.3328265
1.3328265
1.3328265
1.3328265
1.3328265
1.3328265
1.3328265
1.3328265
1.3328265
1.3328204
1.3328204
1.3328204
1.3328204
1.3328204
1.3328204
1.3328204
1.3328204
1.3328204
1.3328204
1.3328204
1.3328204
1.3328204
1.3328204
1.3328204
1.3328204
1.3328204
1.3328204
1.3328204
1.3328204
1.3328204
1.3328204
1.3328204
1.3328204
1.3328148
1.3328148
1.3328148
1.3328148
1.3328148
1.3328148
1.3328148
1.3328148
1.3328148
1.3328148
1.3328148
1.3328148
1.3328148
1.3328148
1.3328148
1.3328148
1.3328148
1.3328148
1.3328148
1.3328148
1.3328148
1.3328148
1.3328148
1.3328148
1.3328096
1.3328097
1.3328097
1.3328096
1.3328097
1.3328097
1.3328096
1.3328097
1.3328097
1.3328096
1.3328097
1.3328097
1.3328096
1.3328097
1.3328097
1.3328096
1.3328097
1.3328097
1.3328096
1.3328097
1.3328097
1.3328097
1.3328097
1.3328097
1.332805
1.332805
1.3328051
1.332805
1.332805
1.3328051
1.332805
1.332805
1.3328051
1.332805
1.332805
1.3328051
1.332805
1.332805
1.3328051
1.332805
1.332805
1.3328051
1.332805
1.332805
1.3328051
1.332805
1.332805
1.3328051
1.3328009
1.3328009
1.3328009
1.3328009
1.3328009
1.3328009
1.3328009
1.3328009
1.3328009
1.3328009
1.3328009
1.3328009
1.3328009
1.3328009
1.3328009
1.3328009
1.3328009
1.3328009
1.3328009
1.3328009
1.3328009
1.3328009
1.3328009
1.3328009
1.3327973
1.3327973
1.3327973
1.3327973
1.3327973
1.3327973
1.3327973
1.3327973
1.3327973
1.3327973
1.3327973
1.3327973
1.3327973
1.3327973
1.3327973
1.3327973
1.3327973
1.3327973
1.3327973
1.3327973
1.3327973
1.3327973
1.3327973
1.3327973
1.3327942
1.3327942
1.3327942
1.3327942
1.3327942
1.3327942
1.3327942
1.3327942
1.3327942
1.3327942
1.3327942
1.3327942
1.3327942
1.3327942
1.3327942
1.3327942
1.3327942
1.3327942
1.3327942
1.3327942
1.3327942
1.3327942
1.3327942
1.3327942
1.3327915
1.3327916
1.3327916
1.3327915
1.3327915
1.3327916
1.3327915
1.3327915
1.3327916
1.3327915
1.3327915
1.3327916
1.3327915
1.3327915
1.3327916
1.3327915
1.3327915
1.3327916
1.3327915
1.3327916
1.3327916
1.3327915
1.3327916
1.3327916
1.3327894
1.3327894
1.3327895
1.3327894
1.3327894
1.3327895
1.3327894
1.3327894
1.3327895
1.3327894
1.3327894
1.3327895
1.3327894
1.3327894
1.3327895
1.3327894
1.3327894
1.3327895
1.3327894
1.3327894
1.3327895
1.3327894
1.3327894
1.3327895
1.3327878
1.3327878
1.3327878
1.3327878
1.3327878
1.3327878
1.3327878
1.3327878
1.3327878
1.3327878
1.3327878
1.3327878
1.3327878
1.3327878
1.3327878
1.3327878
1.3327878
1.3327878
1.3327878
1.3327878
1.3327878
1.3327878
1.3327878
1.3327878
1.3327867
1.3327867
1.3327867
1.3327867
1.3327867
1.3327867
1.3327867
1.3327867
1.3327867
1.3327867
1.3327867
1.3327867
1.3327867
1.3327867
1.3327867
1.3327867
1.3327867
1.3327867
1.3327867
1.3327867
1.3327867
1.3327867
1.3327867
1.3327867
1.3327857
1.3327858
1.3327858
1.3327857
1.3327858
1.3327858
1.3327857
1.3327858
1.3327858
1.3327857
1.3327857
1.3327858
1.3327857
1.3327858
1.3327858
1.3327857
1.3327858
1.3327858
1.3327857
1.3327858
1.3327858
1.3327857
1.3327858
1.3327858
1.3327874
1.3327874
1.3327874
1.3327874
1.3327874
1.3327874
1.3327874
1.3327874
1.3327874
1.3327874
1.3327874
1.3327874
1.3327874
1.3327874
1.3327874
1.3327874
1.3327874
1.3327874
1.3327874
1.3327874
1.3327874
1.3327874
1.3327874
1.3327874
1.3329921
1.3329921
1.3329922
1.3329921
1.3329921
1.3329922
1.3329921
1.3329921
1.3329922
1.3329921
1.3329921
1.3329922
1.3329921
1.3329921
1.3329922
1.3329921
1.3329921
1.3329922
1.3329921
1.3329921
1.3329922
1.3329921
1.3329921
1.3329922
1.332978
1.332978
1.332978
1.332978
1.332978
1.332978
1.332978
1.332978
1.332978
1.332978
1.332978
1.332978
1.332978
1.332978
1.332978
1.332978
1.332978
1.332978
1.332978
1.332978
1.332978
1.332978
1.332978
1.332978
1.3329643
1.3329643
1.3329644
1.3329643
1.3329643
1.3329644
1.3329643
1.3329643
1.3329643
1.3329643
1.3329643
1.3329643
1.3329643
1.3329643
1.3329643
1.3329643
1.3329643
1.3329644
1.3329643
1.3329643
1.3329644
1.3329643
1.3329643
1.3329644
1.3329514
1.3329514
1.3329514
1.3329513
1.3329514
1.3329514
1.3329513
1.3329514
1.3329514
1.3329513
1.3329513
1.3329514
1.3329513
1.3329513
1.3329514
1.3329513
1.3329514
1.3329514
1.3329513
1.3329514
1.3329514
1.3329514
1.3329514
1.3329514
1.3329388
1.3329388
1.3329388
1.3329388
1.3329388
1.3329388
1.3329388
1.3329388
1.3329388
1.3329388
1.3329388
1.3329388
1.3329388
1.3329388
1.3329388
1.3329388
1.3329388
1.3329388
1.3329388
1.3329388
1.3329388
1.3329388
1.3329388
1.3329388
1.3329267
1.3329267
1.3329267
1.3329267
1.3329267
1.3329267
1.3329267
1.3329267
1.3329267
1.3329267
1.3329267
1.3329267
1.3329267
1.3329267
1.3329267
1.3329267
1.3329267
1.3329267
1.3329267
1.3329267
1.3329267
1.3329267
1.3329267
1.3329267
1.3329151
1.3329151
1.3329151
1.3329151
1.3329151
1.3329151
1.3329151
1.3329151
1.3329151
1.3329151
1.3329151
1.3329151
1.3329151
1.3329151
1.3329151
1.3329151
1.3329151
1.3329151
1.3329151
1.3329151
1.3329151
1.3329151
1.3329151
1.3329151
1.332904
1.332904
1.332904
1.332904
1.332904
1.332904
1.332904
1.332904
1.332904
1.332904
1.332904
1.332904
1.332904
1.332904
1.332904
1.332904
1.332904
1.332904
1.332904
1.332904
1.332904
1.332904
1.332904
1.332904
1.3328934
1.3328934
1.3328934
1.3328934
1.3328934
1.3328934
1.3328934
1.3328934
1.3328934
1.3328934
1.3328934
1.3328934
1.3328934
1.3328934
1.3328934
1.3328934
1.3328934
1.3328934
1.3328934
1.3328934
1.3328934
1.3328934
1.3328934
1.3328934
1.3328833
1.3328833
1.3328833
1.3328833
1.3328833
1.3328833
1.3328833
1.3328833
1.3328833
1.3328833
1.3328833
1.3328833
1.3328833
1.3328833
1.3328833
1.3328833
1.3328833
1.3328833
1.3328833
1.3328833
1.3328833
1.3328833
1.3328833
1.3328833
1.3328737
1.3328737
1.3328737
1.3328737
1.3328737
1.3328737
1.3328737
1.3328737
1.3328737
1.3328737
1.3328737
1.3328737
1.3328737
1.3328737
1.3328737
1.3328737
1.3328737
1.3328737
1.3328737
1.3328737
1.3328737
1.3328737
1.3328737
1.3328737
1.3328646
1.3328646
1.3328646
1.3328646
1.3328646
1.3328646
1.3328646
1.3328646
1.3328646
1.3328646
1.3328646
1.3328646
1.3328646
1.3328646
1.3328646
1.3328646
1.3328646
1.3328646
1.3328646
1.3328646
1.3328646
1.3328646
1.3328646
1.3328646
1.332856
1.332856
1.332856
1.332856
1.332856
1.332856
1.332856
1.332856
1.332856
1.332856
1.332856
1.332856
1.332856
1.332856
1.332856
1.332856
1.332856
1.332856
1.332856
1.332856
1.332856
1.332856
1.332856
1.332856
1.3328479
1.3328479
1.3328479
1.3328479
1.3328479
1.3328479
1.3328479
1.3328479
1.3328479
1.3328479
1.3328479
1.3328479
1.3328479
1.3328479
1.3328479
1.3328479
1.3328479
1.3328479
1.3328479
1.3328479
1.3328479
1.3328479
1.3328479
1.3328479
1.3328402
1.3328403
1.3328403
1.3328402
1.3328403
1.3328403
1.3328402
1.3328403
1.3328403
1.3328402
1.3328402
1.3328403
1.3328402
1.3328402
1.3328403
1.3328402
1.3328403
1.3328403
1.3328402
1.3328403
1.3328403
1.3328402
1.3328403
1.3328403
1.3328331
1.3328331
1.3328332
1.3328331
1.3328331
1.3328332
1.3328331
1.3328331
1.3328332
1.3328331
1.3328331
1.3328332
1.3328331
1.3328331
1.3328332
1.3328331
1.3328331
1.3328332
1.3328331
1.3328331
1.3328332
1.3328331
1.3328331
1.3328332
1.3328265
1.3328265
1.3328265
1.3328265
1.3328265
1.3328265
1.3328265
1.3328265
1.3328265
1.3328265
1.3328265
1.3328265
1.3328265
1.3328265
1.3328265
1.3328265
1.3328265
1.3328265
1.3328265
1.3328265
1.3328265
1.3328265
1.3328265
1.3328265
1.3328204
1.3328204
1.3328204
1.3328204
1.3328204
1.3328204
1.3328204
1.3328204
1.3328204
1.3328204
1.3328204
1.3328204
1.3328204
1.3328204
1.3328204
1.3328204
1.3328204
1.3328204
1.3328204
1.3328204
1.3328204
1.3328204
1.3328204
1.3328204
1.3328148
1.3328148
1.3328148
1.3328148
1.3328148
1.3328148
1.3328148
1.3328148
1.3328148
1.3328148
1.3328148
1.3328148
1.3328148
1.3328148
1.3328148
1.3328148
1.3328148
1.3328148
1.3328148
1.3328148
1.3328148
1.3328148
1.3328148
1.3328148
1.3328097
1.3328097
1.3328097
1.3328096
1.3328097
1.3328097
1.3328096
1.3328097
1.3328097
1.3328096
1.3328097
1.3328097
1.3328096
1.3328097
1.3328097
1.3328096
1.3328097
1.3328097
1.3328096
1.3328097
1.3328097
1.3328097
1.3328097
1.3328097
1.332805
1.332805
1.3328051
1.332805
1.332805
1.3328051
1.332805
1.332805
1.3328051
1.332805
1.332805
1.3328051
1.332805
1.332805
1.3328051
1.332805
1.332805
1.3328051
1.332805
1.332805
1.3328051
1.332805
1.332805
1.3328051
1.3328009
1.3328009
1.3328009
1.3328009
1.3328009
1.3328009
1.3328009
1.3328009
1.3328009
1.3328009
1.3328009
1.3328009
1.3328009
1.3328009
1.3328009
1.3328009
1.3328009
1.3328009
1.3328009
1.3328009
1.3328009
1.3328009
1.3328009
1.3328009
1.3327973
1.3327973
1.3327973
1.3327973
1.3327973
1.3327973
1.3327973
1.3327973
1.3327973
1.3327973
1.3327973
1.3327973
1.3327973
1.3327973
1.3327973
1.3327973
1.3327973
1.3327973
1.3327973
1.3327973
1.3327973
1.3327973
1.3327973
1.3327973
1.3327942
1.3327942
1.3327942
1.3327942
1.3327942
1.3327942
1.3327942
1.3327942
1.3327942
1.3327942
1.3327942
1.3327942
1.3327942
1.3327942
1.3327942
1.3327942
1.3327942
1.3327942
1.3327942
1.3327942
1.3327942
1.3327942
1.3327942
1.3327942
1.3327915
1.3327916
1.3327916
1.3327915
1.3327916
1.3327916
1.3327915
1.3327915
1.3327916
1.3327915
1.3327915
1.3327916
1.3327915
1.3327915
1.3327916
1.3327915
1.3327915
1.3327916
1.3327915
1.3327916
1.3327916
1.3327915
1.3327916
1.3327916
1.3327894
1.3327894
1.3327895
1.3327894
1.3327894
1.3327895
1.3327894
1.3327894
1.3327895
1.3327894
1.3327894
1.3327895
1.3327894
1.3327894
1.3327895
1.3327894
1.3327894
1.3327895
1.3327894
1.3327894
1.3327895
1.3327894
1.3327894
1.3327895
1.3327878
1.3327878
1.3327878
1.3327878
1.3327878
1.3327878
1.3327878
1.3327878
1.3327878
1.3327878
1.3327878
1.3327878
1.3327878
1.3327878
1.3327878
1.3327878
1.3327878
1.3327878
1.3327878
1.3327878
1.3327878
1.3327878
1.3327878
1.3327878
1.3327867
1.3327867
1.3327867
1.3327867
1.3327867
1.3327867
1.3327867
1.3327867
1.3327867
1.3327867
1.3327867
1.3327867
1.3327867
1.3327867
1.3327867
1.3327867
1.3327867
1.3327867
1.3327867
1.3327867
1.3327867
1.3327867
1.3327867
1.3327867
1.3327857
1.3327858
1.3327858
1.3327857
1.3327858
1.3327858
1.3327857
1.3327858
1.3327858
1.3327857
1.3327858
1.3327858
1.3327857
1.3327858
1.3327858
1.3327857
1.3327858
1.3327858
1.3327857
1.3327858
1.3327858
1.3327857
1.3327858
1.3327858
1.3327874
1.3327874
1.3327874
1.3327874
1.3327874
1.3327874
1.3327874
1.3327874
1.3327874
1.3327874
1.3327874
1.3327874
1.3327874
1.3327874
1.3327874
1.3327874
1.3327874
1.3327874
1.3327874
1.3327874
1.3327874
1.3327874
1.3327874
1.3327874
1.3329921
1.3329921
1.3329922
1.3329921
1.3329921
1.3329922
1.3329921
1.3329921
1.3329922
1.3329921
1.3329921
1.3329922
1.3329921
1.3329921
1.3329922
1.3329921
1.3329921
1.3329922
1.3329921
1.3329921
1.3329922
1.3329921
1.3329921
1.3329922
1.332978
1.332978
1.332978
1.332978
1.332978
1.332978
1.332978
1.332978
1.332978
1.332978
1.332978
1.332978
1.332978
1.332978
1.332978
1.332978
1.332978
1.332978
1.332978
1.332978
1.332978
1.332978
1.332978
1.332978
1.3329643
1.3329643
1.3329644
1.3329643
1.3329643
1.3329644
1.3329643
1.3329643
1.3329644
1.3329643
1.3329643
1.3329643
1.3329643
1.3329643
1.3329643
1.3329643
1.3329643
1.3329643
1.3329643
1.3329643
1.3329644
1.3329643
1.3329643
1.3329644
1.3329514
1.3329514
1.3329514
1.3329513
1.3329514
1.3329514
1.3329513
1.3329514
1.3329514
1.3329513
1.3329513
1.3329514
1.3329513
1.3329513
1.3329514
1.3329513
1.3329513
1.3329514
1.3329513
1.3329514
1.3329514
1.3329514
1.3329514
1.3329514
1.3329388
1.3329388
1.3329388
1.3329388
1.3329388
1.3329388
1.3329388
1.3329388
1.3329388
1.3329388
1.3329388
1.3329388
1.3329388
1.3329388
1.3329388
1.3329388
1.3329388
1.3329388
1.3329388
1.3329388
1.3329388
1.3329388
1.3329388
1.3329388
1.3329267
1.3329267
1.3329267
1.3329267
1.3329267
1.3329267
1.3329267
1.3329267
1.3329267
1.3329267
1.3329267
1.3329267
1.3329267
1.3329267
1.3329267
1.3329267
1.3329267
1.3329267
1.3329267
1.3329267
1.3329267
1.3329267
1.3329267
1.3329267
1.3329151
1.3329151
1.3329151
1.3329151
1.3329151
1.3329151
1.3329151
1.3329151
1.3329151
1.3329151
1.3329151
1.3329151
1.3329151
1.3329151
1.3329151
1.3329151
1.3329151
1.3329151
1.3329151
1.3329151
1.3329151
1.3329151
1.3329151
1.3329151
1.332904
1.332904
1.332904
1.332904
1.332904
1.332904
1.332904
1.332904
1.332904
1.332904
1.332904
1.332904
1.332904
1.332904
1.332904
1.332904
1.332904
1.332904
1.332904
1.332904
1.332904
1.332904
1.332904
1.332904
1.3328934
1.3328934
1.3328934
1.3328934
1.3328934
1.3328934
1.3328934
1.3328934
1.3328934
1.3328934
1.3328934
1.3328934
1.3328934
1.3328934
1.3328934
1.3328934
1.3328934
1.3328934
1.3328934
1.3328934
1.3328934
1.3328934
1.3328934
1.3328934
1.3328833
1.3328833
1.3328833
1.3328833
1.3328833
1.3328833
1.3328833
1.3328833
1.3328833
1.3328833
1.3328833
1.3328833
1.3328833
1.3328833
1.3328833
1.3328833
1.3328833
1.3328833
1.3328833
1.3328833
1.3328833
1.3328833
1.3328833
1.3328833
1.3328737
1.3328737
1.3328737
1.3328737
1.3328737
1.3328737
1.3328737
1.3328737
1.3328737
1.3328737
1.3328737
1.3328737
1.3328737
1.3328737
1.3328737
1.3328737
1.3328737
1.3328737
1.3328737
1.3328737
1.3328737
1.3328737
1.3328737
1.3328737
1.3328646
1.3328646
1.3328646
1.3328646
1.3328646
1.3328646
1.3328646
1.3328646
1.3328646
1.3328646
1.3328646
1.3328646
1.3328646
1.3328646
1.3328646
1.3328646
1.3328646
1.3328646
1.3328646
1.3328646
1.3328646
1.3328646
1.3328646
1.3328646
1.332856
1.332856
1.332856
1.332856
1.332856
1.332856
1.332856
1.332856
1.332856
1.332856
1.332856
1.332856
1.332856
1.332856
1.332856
1.332856
1.332856
1.332856
1.332856
1.332856
1.332856
1.332856
1.332856
1.332856
1.3328479
1.3328479
1.3328479
1.3328479
1.3328479
1.3328479
1.3328479
1.3328479
1.3328479
1.3328479
1.3328479
1.3328479
1.3328479
1.3328479
1.3328479
1.3328479
1.3328479
1.3328479
1.3328479
1.3328479
1.3328479
1.3328479
1.3328479
1.3328479
1.3328402
1.3328403
1.3328403
1.3328402
1.3328403
1.3328403
1.3328402
1.3328402
1.3328403
1.3328402
1.3328402
1.3328403
1.3328402
1.3328402
1.3328403
1.3328402
1.3328402
1.3328403
1.3328402
1.3328403
1.3328403
1.3328402
1.3328403
1.3328403
1.3328331
1.3328331
1.3328332
1.3328331
1.3328331
1.3328332
1.3328331
1.3328331
1.3328332
1.3328331
1.3328331
1.3328332
1.3328331
1.3328331
1.3328332
1.3328331
1.3328331
1.3328332
1.3328331
1.3328331
1.3328332
1.3328331
1.3328331
1.3328332
1.3328265
1.3328265
1.3328265
1.3328265
1.3328265
1.3328265
1.3328265
1.3328265
1.3328265
1.3328265
1.3328265
1.3328265
1.3328265
1.3328265
1.3328265
1.3328265
1.3328265
1.3328265
1.3328265
1.3328265
1.3328265
1.3328265
1.3328265
1.3328265
1.3328204
1.3328204
1.3328204
1.3328204
1.3328204
1.3328204
1.3328204
1.3328204
1.3328204
1.3328204
1.3328204
1.3328204
1.3328204
1.3328204
1.3328204
1.3328204
1.3328204
1.3328204
1.3328204
1.3328204
1.3328204
1.3328204
1.3328204
1.3328204
1.3328148
1.3328148
1.3328148
1.3328148
1.3328148
1.3328148
1.3328148
1.3328148
1.3328148
1.3328148
1.3328148
1.3328148
1.3328148
1.3328148
1.3328148
1.3328148
1.3328148
1.3328148
1.3328148
1.3328148
1.3328148
1.3328148
1.3328148
1.3328148
1.3328097
1.3328097
1.3328097
1.3328096
1.3328097
1.3328097
1.3328096
1.3328097
1.3328097
1.3328096
1.3328097
1.3328097
1.3328096
1.3328097
1.3328097
1.3328096
1.3328097
1.3328097
1.3328096
1.3328097
1.3328097
1.3328096
1.3328097
1.3328097
1.332805
1.332805
1.3328051
1.332805
1.332805
1.3328051
1.332805
1.332805
1.3328051
1.332805
1.332805
1.3328051
1.332805
1.332805
1.3328051
1.332805
1.332805
1.3328051
1.332805
1.332805
1.3328051
1.332805
1.332805
1.3328051
1.3328009
1.3328009
1.3328009
1.3328009
1.3328009
1.3328009
1.3328009
1.3328009
1.3328009
1.3328009
1.3328009
1.3328009
1.3328009
1.3328009
1.3328009
1.3328009
1.3328009
1.3328009
1.3328009
1.3328009
1.3328009
1.3328009
1.3328009
1.3328009
1.3327973
1.3327973
1.3327973
1.3327973
1.3327973
1.3327973
1.3327973
1.3327973
1.3327973
1.3327973
1.3327973
1.3327973
1.3327973
1.3327973
1.3327973
1.3327973
1.3327973
1.3327973
1.3327973
1.3327973
1.3327973
1.3327973
1.3327973
1.3327973
1.3327942
1.3327942
1.3327942
1.3327942
1.3327942
1.3327942
1.3327942
1.3327942
1.3327942
1.3327942
1.3327942
1.3327942
1.3327942
1.3327942
1.3327942
1.3327942
1.3327942
1.3327942
1.3327942
1.3327942
1.3327942
1.3327942
1.3327942
1.3327942
1.3327915
1.3327916
1.3327916
1.3327915
1.3327916
1.3327916
1.3327915
1.3327915
1.3327916
1.3327915
1.3327915
1.3327916
1.3327915
1.3327915
1.3327916
1.3327915
1.3327915
1.3327916
1.3327915
1.3327915
1.3327916
1.3327915
1.3327916
1.3327916
1.3327894
1.3327894
1.3327895
1.3327894
1.3327894
1.3327895
1.3327894
1.3327894
1.3327895
1.3327894
1.3327894
1.3327895
1.3327894
1.3327894
1.3327895
1.3327894
1.3327894
1.3327895
1.3327894
1.3327894
1.3327895
1.3327894
1.3327894
1.3327895
1.3327878
1.3327878
1.3327878
1.3327878
1.3327878
1.3327878
1.3327878
1.3327878
1.3327878
1.3327878
1.3327878
1.3327878
1.3327878
1.3327878
1.3327878
1.3327878
1.3327878
1.3327878
1.3327878
1.3327878
1.3327878
1.3327878
1.3327878
1.3327878
1.3327867
1.3327867
1.3327867
1.3327867
1.3327867
1.3327867
1.3327867
1.3327867
1.3327867
1.3327867
1.3327867
1.3327867
1.3327867
1.3327867
1.3327867
1.3327867
1.3327867
1.3327867
1.3327867
1.3327867
1.3327867
1.3327867
1.3327867
1.3327867
1.3327857
1.3327858
1.3327858
1.3327857
1.3327858
1.3327858
1.3327857
1.3327858
1.3327858
1.3327857
1.3327858
1.3327858
1.3327857
1.3327858
1.3327858
1.3327857
1.3327858
1.3327858
1.3327857
1.3327858
1.3327858
1.3327857
1.3327858
1.3327858
1.3327874
1.3327874
1.3327874
1.3327874
1.3327874
1.3327874
1.3327874
1.3327874
1.3327874
1.3327874
1.3327874
1.3327874
1.3327874
1.3327874
1.3327874
1.3327874
1.3327874
1.3327874
1.3327874
1.3327874
1.3327874
1.3327874
1.3327874
1.3327874
1.3327735
1.3327908
1.3327876
1.3327735
1.3327908
1.3327876
1.3327734
1.3327908
1.3327876
1.3327734
1.3327908
1.3327876
1.3327734
1.3327908
1.3327876
1.3327734
1.3327908
1.3327876
1.3327735
1.3327908
1.3327876
1.3327735
1.3327908
1.3327876
0.44430305
0.44430338
0.44428264
0.44430278
0.44430337
0.44428265
0.44430231
0.44430324
0.44428268
0.44430203
0.44430319
0.4442827
0.44430203
0.44430319
0.4442827
0.4443023
0.44430323
0.44428268
0.44430269
0.44430328
0.44428265
0.44430297
0.44430331
0.44428263
1.3327735
1.3327908
1.3327876
1.3327735
1.3327908
1.3327876
1.3327734
1.3327908
1.3327876
1.3327734
1.3327908
1.3327876
1.3327734
1.3327908
1.3327876
1.3327734
1.3327908
1.3327876
1.3327735
1.3327908
1.3327876
1.3327735
1.3327908
1.3327876
0.44430296
0.4443033
0.44428262
0.44430269
0.44430327
0.44428264
0.44430229
0.44430321
0.44428266
0.44430201
0.44430317
0.44428268
0.44430201
0.44430316
0.44428268
0.44430229
0.4443032
0.44428266
0.44430268
0.44430325
0.44428263
0.44430295
0.44430329
0.44428261
1.3327735
1.3327908
1.3327876
1.3327735
1.3327908
1.3327876
1.3327734
1.3327908
1.3327876
1.3327734
1.3327908
1.3327876
1.3327734
1.3327908
1.3327876
1.3327734
1.3327908
1.3327876
1.3327735
1.3327908
1.3327876
1.3327735
1.3327908
1.3327876
0.44430295
0.44430329
0.44428261
0.44430268
0.44430326
0.44428262
0.44430229
0.4443032
0.44428265
0.44430201
0.44430316
0.44428267
0.44430201
0.44430316
0.44428268
0.44430229
0.4443032
0.44428266
0.44430268
0.44430326
0.44428263
0.44430295
0.44430329
0.44428261
1.3327735
1.3327908
1.3327876
1.3327735
1.3327908
1.3327876
1.3327734
1.3327908
1.3327876
1.3327734
1.3327908
1.3327876
1.3327734
1.3327908
1.3327876
1.3327734
1.3327908
1.3327876
1.3327735
1.3327908
1.3327876
1.3327735
1.3327908
1.3327876
0.44430295
0.44430329
0.44428261
0.44430268
0.44430325
0.44428262
0.44430229
0.4443032
0.44428265
0.44430201
0.44430316
0.44428267
0.44430201
0.44430317
0.44428268
0.4443023
0.44430321
0.44428267
0.44430263
0.44430319
0.44428264
0.44430292
0.44430324
0.44428262
1.3327866
1.3327764
1.3327981
1.3327866
1.3327764
1.3327982
1.3327866
1.3327763
1.3327983
1.3327866
1.3327762
1.3327983
1.3327866
1.3327762
1.3327983
1.3327866
1.3327763
1.3327983
1.3327866
1.3327764
1.3327982
1.3327866
1.3327764
1.3327981
0.44424531
0.444217
0.44421497
0.44424529
0.44421693
0.44421499
0.44424532
0.44421687
0.44421501
0.44424536
0.44421687
0.44421504
0.44424536
0.44421687
0.44421504
0.44424533
0.44421688
0.44421501
0.4442453
0.44421691
0.44421497
0.44424529
0.44421695
0.44421494
1.3327866
1.3327764
1.3327981
1.3327866
1.3327764
1.3327982
1.3327866
1.3327763
1.3327983
1.3327866
1.3327762
1.3327983
1.3327866
1.3327762
1.3327983
1.3327866
1.3327763
1.3327983
1.3327866
1.3327764
1.3327982
1.3327866
1.3327765
1.3327981
0.44424529
0.44421694
0.44421493
0.44424528
0.4442169
0.44421494
0.44424531
0.44421685
0.44421496
0.44424534
0.44421684
0.44421498
0.44424534
0.44421683
0.44421498
0.44424531
0.44421684
0.44421495
0.44424528
0.44421688
0.44421491
0.44424527
0.44421692
0.44421489
1.3327866
1.3327765
1.3327981
1.3327866
1.3327764
1.3327982
1.3327866
1.3327763
1.3327983
1.3327866
1.3327762
1.3327983
1.3327866
1.3327762
1.3327983
1.3327866
1.3327763
1.3327983
1.3327866
1.3327764
1.3327982
1.3327866
1.3327765
1.3327981
0.44424527
0.44421692
0.44421489
0.44424528
0.44421688
0.44421491
0.4442453
0.44421684
0.44421495
0.44424534
0.44421683
0.44421498
0.44424534
0.44421683
0.44421498
0.44424531
0.44421685
0.44421495
0.44424528
0.44421688
0.44421491
0.44424527
0.44421692
0.44421489
1.3327866
1.3327765
1.3327981
1.3327866
1.3327764
1.3327982
1.3327866
1.3327763
1.3327983
1.3327866
1.3327762
1.3327983
1.3327866
1.3327762
1.3327983
1.3327866
1.3327763
1.3327983
1.3327866
1.3327764
1.3327982
1.3327866
1.3327764
1.3327981
0.44424527
0.44421692
0.44421489
0.44424528
0.44421688
0.44421491
0.4442453
0.44421684
0.44421495
0.44424534
0.44421683
0.44421498
0.44424534
0.44421684
0.44421499
0.44424532
0.44421686
0.44421497
0.44424531
0.44421688
0.44421492
0.44424529
0.44421691
0.44421489
)
;

boundaryField
{
    inlet
    {
        type            uniformFixedValue;
        uniformValue    table;
        uniformValueCoeffs
        {
            values          
7
(
(0 1.333)
(1 1.333)
(2 1.8264)
(3 2.3198)
(4 2.8132)
(5 3.3066)
(6 3.8)
)
;
        }
        value           uniform 1.333;
    }
    fsi_pia
    {
        type            zeroGradient;
    }
    fsi_dura
    {
        type            zeroGradient;
    }
    lid_wall_inner
    {
        type            zeroGradient;
    }
    lid_wall_outer
    {
        type            zeroGradient;
    }
    outlet_peri
    {
        type            fixedValue;
        value           uniform 0;
    }
}


// ************************************************************************* //
