/*--------------------------------*- C++ -*----------------------------------*\
| =========                 |                                                 |
| \\      /  F ield         | OpenFOAM: The Open Source CFD Toolbox           |
|  \\    /   O peration     | Version:  2512                                  |
|   \\  /    A nd           | Website:  www.openfoam.com                      |
|    \\/     M anipulation  |                                                 |
\*---------------------------------------------------------------------------*/
FoamFile
{
    version     2.0;
    format      ascii;
    arch        "LSB;label=32;scalar=64";
    class       surfaceScalarField;
    location    "9.9";
    object      phi;
}
// * * * * * * * * * * * * * * * * * * * * * * * * * * * * * * * * * * * * * //

dimensions      [0 3 -1 0 0 0 0];

oriented        oriented;

internalField   nonuniform List<scalar> 
6512
(
4.5689924e-14
-4.5689896e-14
-1.8020552e-20
9.4379729e-14
-4.8689805e-14
1.4795845e-13
-5.3578732e-14
2.0634577e-13
-5.8387317e-14
2.6819909e-13
-6.1853325e-14
3.3130717e-13
-6.3108084e-14
3.9279055e-13
-6.1483372e-14
4.4936806e-13
-5.6577512e-14
4.9784849e-13
-4.8480438e-14
5.3584214e-13
-3.7993631e-14
5.6249134e-13
-2.6649198e-14
5.7891042e-13
-1.6419068e-14
5.8739376e-13
-8.4833284e-15
5.9049312e-13
-3.0993479e-15
5.9041043e-13
8.2694183e-17
5.8878572e-13
1.6247199e-15
5.8663819e-13
2.1475413e-15
5.8453342e-13
2.1047751e-15
5.8271797e-13
1.8154615e-15
5.8124458e-13
1.4733919e-15
5.8006562e-13
1.1789606e-15
5.79095e-13
9.7062155e-16
5.78249e-13
8.4599995e-16
5.7747796e-13
7.7102956e-16
5.7680092e-13
6.770446e-16
5.7634979e-13
4.5111763e-16
5.7645186e-13
-1.0207735e-16
5.7775779e-13
-1.3059296e-15
5.8139764e-13
-3.6398575e-15
5.8922992e-13
-7.8322845e-15
6.0413567e-13
-1.4905757e-14
6.3029326e-13
-2.6157598e-14
6.7320972e-13
-4.2916463e-14
7.3899582e-13
-6.5786101e-14
8.3146954e-13
-9.2473726e-14
9.4203727e-13
-1.1056773e-13
1.0255741e-12
-8.353688e-14
9.9926115e-13
2.6312981e-14
5.7186221e-13
4.2739894e-13
5.7186221e-13
1.6875018e-13
-2.1443996e-13
-9.6050675e-20
3.4667694e-13
-2.2661656e-13
5.3925555e-13
-2.4615736e-13
7.4601996e-13
-2.6515173e-13
9.6264481e-13
-2.7847819e-13
1.1820392e-12
-2.825025e-13
1.3949482e-12
-2.7439234e-13
1.590847e-12
-2.5247627e-13
1.7595466e-12
-2.1718007e-13
-1.7189552e-13
1.8934485e-12
2.6075626e-13
-4.7519609e-13
-1.6955269e-19
5.362607e-13
-5.0212104e-13
8.3392928e-13
-5.4382594e-13
1.1517426e-12
-5.8296505e-13
1.4830241e-12
-6.0975966e-13
1.8175892e-12
-6.1706761e-13
2.142027e-12
-5.9883007e-13
2.4407081e-12
-5.5115745e-13
2.6981127e-12
-4.7458459e-13
-3.7615629e-13
2.9023735e-12
3.1444669e-13
-7.8964261e-13
-2.0341643e-19
6.5331664e-13
-8.4099101e-13
1.0230492e-12
-9.1355852e-13
1.417862e-12
-9.7777778e-13
1.8291771e-12
-1.0210748e-12
2.2452412e-12
-1.0331316e-12
2.6498532e-12
-1.0034421e-12
3.0229467e-12
-9.2425091e-13
3.3434643e-12
-7.9510225e-13
-6.27109e-13
3.5944171e-12
3.234269e-13
-1.1130693e-12
-1.7918187e-19
6.9438761e-13
-1.2119517e-12
1.1067332e-12
-1.3259042e-12
1.5460419e-12
-1.4170864e-12
2.0046451e-12
-1.479678e-12
2.4717349e-12
-1.5002214e-12
2.9295263e-12
-1.4612336e-12
3.3533598e-12
-1.3480844e-12
3.7151129e-12
-1.1568553e-12
3.9903865e-12
-9.0238267e-13
1.9898156e-12
-1.2301629e-13
2.0520686e-12
-7.8672099e-14
2.087381e-12
-4.3795642e-14
2.1038332e-12
-1.9551561e-14
2.1085529e-12
-4.6370147e-15
2.1068766e-12
3.3010718e-15
2.1023735e-12
6.6505761e-15
2.0971372e-12
7.3410962e-15
2.0922151e-12
6.7376092e-15
2.0879981e-12
5.6903502e-15
2.0845145e-12
4.662564e-15
2.0816359e-12
3.849179e-15
2.0792232e-12
3.258751e-15
2.0772444e-12
2.7497867e-15
2.0759012e-12
2.0202772e-15
2.0758046e-12
5.476771e-16
2.0782085e-12
-2.5059586e-15
2.0853726e-12
-8.470045e-15
2.1010874e-12
-1.9354687e-14
-3.8084125e-14
2.1313392e-12
3.0491161e-12
-2.6975888e-13
3.14438e-12
-1.7393604e-13
3.1997467e-12
-9.9162268e-14
3.227529e-12
-4.7333868e-14
3.2381239e-12
-1.5231899e-14
3.2391577e-12
2.2672379e-15
3.2356113e-12
1.019702e-14
3.2304371e-12
1.2515232e-14
3.2251736e-12
1.200109e-14
3.2204798e-12
1.0384201e-14
3.2165264e-12
8.6159337e-15
3.2132673e-12
7.1082777e-15
3.2106305e-12
5.8955115e-15
3.2086738e-12
4.7065009e-15
3.2077462e-12
2.9479664e-15
3.2086945e-12
-4.0069678e-16
3.2131518e-12
-6.9632685e-15
3.2239521e-12
-1.927037e-14
3.2456751e-12
-4.1077656e-14
-7.7753907e-14
3.2853449e-12
3.76914e-12
-4.4448183e-13
3.8785327e-12
-2.8332871e-13
3.9403102e-12
-1.6093975e-13
3.971094e-12
-7.811765e-14
3.9835509e-12
-2.7688881e-14
3.9861934e-12
-3.7524361e-16
3.9842063e-12
1.218419e-14
3.9804967e-12
1.6224765e-14
3.9765288e-12
1.5968981e-14
3.9729318e-12
1.3981215e-14
3.9698943e-12
1.1653493e-14
3.9674152e-12
9.5873625e-15
3.9654702e-12
7.8405269e-15
3.9641399e-12
6.0367432e-15
3.963739e-12
3.3488553e-15
3.9649742e-12
-1.6358425e-15
3.9691747e-12
-1.1163778e-14
3.9785817e-12
-2.8677401e-14
3.9967551e-12
-5.9251043e-14
-1.1006063e-13
4.0290618e-12
4.1675494e-12
-6.2164463e-13
4.2679402e-12
-3.8371956e-13
4.3189448e-12
-2.1194432e-13
4.3418691e-12
-1.0104198e-13
4.3503723e-12
-3.6192061e-14
4.3521717e-12
-2.174643e-15
4.3512659e-12
1.3089955e-14
4.3495254e-12
1.7965295e-14
4.3477492e-12
1.7745211e-14
4.3462163e-12
1.551411e-14
4.344979e-12
1.2890787e-14
4.3440107e-12
1.0555652e-14
4.3432836e-12
8.5676659e-15
4.342818e-12
6.5023469e-15
4.3427275e-12
3.4393196e-15
4.3432746e-12
-2.1829384e-15
4.3449472e-12
-1.2836292e-14
4.3485568e-12
-3.2287032e-14
4.3553692e-12
-6.6063475e-14
4.3672524e-12
-1.2194381e-13
2.1851381e-12
-6.8704665e-14
2.2754101e-12
-1.1642959e-13
2.4197306e-12
-1.8723689e-13
2.6404619e-12
-2.8651741e-13
2.9638466e-12
-4.1585849e-13
3.4197778e-12
-5.6649892e-13
4.044369e-12
-7.0812813e-13
4.8500071e-12
-7.7932507e-13
-6.9780636e-13
5.9752124e-12
3.3532204e-12
-1.3658016e-13
3.4635414e-12
-2.2675065e-13
3.6349439e-12
-3.5863935e-13
3.8899797e-12
-5.4155331e-13
4.2528524e-12
-7.7873116e-13
4.7441117e-12
-1.0577583e-12
5.369633e-12
-1.3336494e-12
6.0962188e-12
-1.5059109e-12
-1.4044114e-12
6.8028239e-12
4.0832209e-12
-1.907393e-13
4.1698311e-12
-3.1336084e-13
4.3027591e-12
-4.9156735e-13
4.4991607e-12
-7.3795489e-13
4.778812e-12
-1.0583824e-12
5.1631571e-12
-1.4421034e-12
5.6736733e-12
-1.8441655e-12
6.3054728e-12
-2.1377105e-12
-2.0190733e-12
6.9201346e-12
4.3868324e-12
-2.1031939e-13
4.4176549e-12
-3.4418329e-13
4.4644228e-12
-5.3833526e-13
4.5335515e-12
-8.0708364e-13
4.6346176e-12
-1.1594485e-12
4.7858442e-12
-1.59333e-12
5.0374339e-12
-2.0957552e-12
5.5213155e-12
-2.6215921e-12
6.3584052e-12
-2.856163e-12
-5.1551287e-13
7.0625875e-12
-7.7527728e-13
7.0625883e-12
-9.1773093e-13
7.0625883e-12
7.0625876e-12
-1.6219133e-12
-1.9540836e-19
-2.3670259e-20
1.4837914e-19
1.6934137e-13
-1.2824106e-12
-7.9271096e-20
4.024044e-13
-1.4450148e-12
6.5743417e-13
-1.580934e-12
9.2537421e-13
-1.6850264e-12
1.2065616e-12
-1.7608654e-12
1.496706e-12
-1.7903658e-12
1.784799e-12
-1.7493266e-12
2.053416e-12
-1.6167013e-12
2.2809691e-12
-1.3844084e-12
-1.0684878e-12
2.4470742e-12
1.2517826e-13
-1.4075889e-12
-6.7885109e-20
3.8611668e-13
-1.7059532e-12
6.3658172e-13
-1.831399e-12
8.9638514e-13
-1.9448299e-12
1.17308e-12
-2.0375602e-12
1.4636552e-12
-2.0809411e-12
1.756476e-12
-2.0421474e-12
2.0317682e-12
-1.8919936e-12
2.2635996e-12
-1.6162398e-12
2.4256307e-12
-1.2305189e-12
2.5403628e-12
-7.1493329e-13
2.583333e-12
-4.2668977e-13
2.5998522e-12
-2.2846351e-13
2.6047726e-12
-1.0596235e-13
2.6055364e-12
-3.6955803e-14
2.6052716e-12
-1.9098868e-15
2.605033e-12
1.3328625e-14
2.6050325e-12
1.7965812e-14
2.6052172e-12
1.756047e-14
2.6054932e-12
1.5238085e-14
2.6057913e-12
1.2592711e-14
2.6060718e-12
1.0275196e-14
2.60631e-12
8.3295112e-15
2.6064764e-12
6.3358524e-15
2.6065151e-12
3.4006346e-15
2.6063164e-12
-1.9842315e-15
2.6056811e-12
-1.2200953e-14
2.604269e-12
-3.087497e-14
2.6015259e-12
-6.3320388e-14
-1.1699507e-13
2.5965772e-12
2.5009838e-12
-7.902864e-13
2.524203e-12
-4.4990905e-13
2.5264695e-12
-2.3073004e-13
2.5233072e-12
-1.0279998e-13
2.5204378e-12
-3.408651e-14
2.5191699e-12
-6.4197015e-16
2.5192494e-12
1.3249102e-14
2.5201e-12
1.7115272e-14
2.5212524e-12
1.6408078e-14
2.522426e-12
1.406446e-14
2.5234895e-12
1.1529248e-14
2.5243962e-12
9.3685643e-15
2.5251235e-12
7.6021341e-15
2.5256191e-12
5.8402522e-15
2.5257446e-12
3.2751621e-15
2.5252076e-12
-1.4472812e-15
2.5234695e-12
-1.0462761e-14
2.5196169e-12
-2.7022423e-14
2.5121863e-12
-5.5889792e-14
2.4989276e-12
-1.0373633e-13
2.5880711e-12
-2.0181331e-13
2.5739306e-12
-3.3004281e-13
2.5509266e-12
-5.1533124e-13
2.5139457e-12
-7.7010275e-13
2.4545931e-12
-1.1000959e-12
2.3564304e-12
-1.4951673e-12
2.1781679e-12
-1.9174928e-12
1.8232089e-12
-2.266633e-12
-2.193245e-12
1.1602909e-12
2.4764913e-12
-1.7937706e-13
2.4400001e-12
-2.9355163e-13
2.3824001e-12
-4.5773125e-13
2.2933673e-12
-6.8106991e-13
2.1572909e-12
-9.6401959e-13
1.9486249e-12
-1.2865013e-12
1.6200741e-12
-1.588942e-12
1.0966133e-12
-1.7431722e-12
3.8364834e-13
-1.48028e-12
-4.616224e-13
-7.7974083e-14
9.530463e-14
-1.5028936e-12
2.0766935e-13
-1.8183179e-12
3.258771e-13
-1.9496067e-12
4.5507649e-13
-2.0740293e-12
5.9690155e-13
-2.1793853e-12
7.4916209e-13
-2.2332017e-12
9.0507693e-13
-2.1980622e-12
1.0529723e-12
-2.0398889e-12
1.1770499e-12
-1.7403174e-12
1.2589924e-12
-1.3124614e-12
1.2885863e-12
-8.1988032e-13
1.2899812e-12
-4.5130399e-13
1.2841424e-12
-2.2489117e-13
1.2789511e-12
-9.7608735e-14
1.2760481e-12
-3.1183571e-14
1.2750968e-12
3.0938418e-16
1.2753481e-12
1.2997762e-14
1.2761715e-12
1.6291891e-14
1.2771667e-12
1.5412942e-14
1.2781267e-12
1.3104379e-14
1.2789693e-12
1.0686673e-14
1.2796746e-12
8.663315e-15
1.2802371e-12
7.0395906e-15
1.2806261e-12
5.4513056e-15
1.2807448e-12
3.1564365e-15
1.2803815e-12
-1.0839397e-15
1.2791412e-12
-9.2224674e-15
1.2763532e-12
-2.4234419e-14
1.2709439e-12
-5.0480582e-14
1.2612725e-12
-9.4064967e-14
1.2449253e-12
-1.6302981e-13
1.2184656e-12
-2.6709191e-13
1.1771183e-12
-4.16384e-13
1.1143249e-12
-6.1827651e-13
1.0211204e-12
-8.7081508e-13
8.8530492e-13
-1.1506859e-12
6.9074241e-13
-1.3943795e-12
4.0894502e-13
-1.4613749e-12
1.0189329e-13
-1.1732283e-12
2.3919207e-14
3.3940563e-13
-1.8422991e-12
-3.8893713e-20
5.3169131e-13
-2.0106036e-12
7.7651576e-13
-2.1944312e-12
1.0712994e-12
-2.3688129e-12
1.4113302e-12
-2.5194162e-12
1.7884023e-12
-2.6102737e-12
2.1835491e-12
-2.593209e-12
2.5632828e-12
-2.4196226e-12
2.8797325e-12
-2.0567671e-12
-1.5105253e-12
3.0777963e-12
2.2300441e-13
-2.0653035e-12
3.2730623e-20
4.0683179e-13
-2.1944309e-12
6.042876e-13
-2.391887e-12
8.4543157e-13
-2.6099569e-12
1.1393872e-12
-2.8133718e-12
1.4830348e-12
-2.9539213e-12
1.8583562e-12
-2.9685305e-12
2.2276558e-12
-2.7889222e-12
2.531801e-12
-2.3609123e-12
-1.6733744e-12
2.6946501e-12
1.2047654e-13
-2.1857801e-12
6.9091431e-20
2.3441934e-13
-2.3083738e-12
3.6479494e-13
-2.5222626e-12
5.3776183e-13
-2.7829238e-12
7.6936922e-13
-3.0449792e-12
1.062704e-12
-3.2472561e-12
1.4022017e-12
-3.3080281e-12
1.7457367e-12
-3.1324572e-12
2.0206698e-12
-2.6358454e-12
-1.7790737e-12
2.1263691e-12
1.5407144e-14
-2.2011874e-12
9.5891851e-20
3.5568931e-14
-2.3285356e-12
7.671094e-14
-2.5634046e-12
1.6223239e-13
-2.8684453e-12
3.1227176e-13
-3.1950185e-12
5.3622991e-13
-3.4712143e-12
8.2155893e-13
-3.5933571e-12
1.1180671e-12
-3.4289654e-12
1.327659e-12
-2.8454374e-12
1.3033716e-12
-1.7547863e-12
3.1055282e-12
-8.4761226e-13
3.0691898e-12
-4.1496557e-13
3.0315444e-12
-1.872458e-13
3.0078174e-12
-7.388179e-14
2.996761e-12
-2.0127185e-14
2.9939225e-12
3.1478548e-15
2.9954196e-12
1.150066e-14
2.9987173e-12
1.299424e-14
3.0023988e-12
1.1731422e-14
3.0058097e-12
9.6934499e-15
3.0087311e-12
7.76533e-15
3.0111445e-12
6.2499061e-15
3.0130681e-12
5.116048e-15
3.0144271e-12
4.0922663e-15
3.0149254e-12
2.6580952e-15
3.0138892e-12
-4.7654074e-17
3.0100385e-12
-5.3718265e-15
3.0011956e-12
-1.5391447e-14
2.9838685e-12
-3.3153563e-14
-6.2933764e-14
2.9527373e-12
2.6170859e-12
-7.7004808e-13
2.5088505e-12
-3.0673009e-13
2.4411369e-12
-1.1953227e-13
2.4083178e-12
-4.1062765e-14
2.3962382e-12
-8.0476019e-15
2.3948338e-12
4.5522448e-15
2.3981431e-12
8.1913614e-15
2.4029297e-12
8.2076836e-15
2.4076745e-12
6.9866167e-15
2.4118037e-12
5.564279e-15
2.4152128e-12
4.3562369e-15
2.4179856e-12
3.4770869e-15
2.4202204e-12
2.8813062e-15
2.4219012e-12
2.4114281e-15
2.4227699e-12
1.7893791e-15
2.4221579e-12
5.6438288e-16
2.4187638e-12
-1.9776887e-15
2.4103125e-12
-6.9401955e-15
2.3931235e-12
-1.5964545e-14
-3.1373828e-14
2.3615636e-12
1.8738323e-12
-5.1751134e-13
1.7039885e-12
-1.3688612e-13
1.6281406e-12
-4.3684333e-14
1.5993392e-12
-1.2261355e-14
1.5919688e-12
-6.7716973e-16
1.5935895e-12
2.9315398e-15
1.5983325e-12
3.448308e-15
1.6035031e-12
3.0370622e-15
1.6080848e-12
2.4049218e-15
1.6118241e-12
1.8250477e-15
1.6147952e-12
1.3851399e-15
1.6171781e-12
1.0941981e-15
1.6191349e-12
9.2456653e-16
1.6207225e-12
8.2379356e-16
1.6218025e-12
7.0941152e-16
1.6219117e-12
4.5517587e-16
1.6200856e-12
-1.5161275e-16
1.6145858e-12
-1.440371e-15
1.602528e-12
-3.9067507e-15
-8.2736008e-15
1.5794277e-12
7.8586025e-13
6.4897412e-13
6.0528977e-13
5.9302841e-13
5.9235124e-13
5.9528278e-13
5.9873109e-13
6.0176815e-13
6.0417308e-13
6.0599813e-13
6.0738328e-13
6.0847748e-13
6.0940205e-13
6.1022585e-13
6.1093527e-13
6.1139044e-13
6.1123882e-13
6.0979845e-13
6.058917e-13
5.9761809e-13
2.9000473e-12
-1.1033978e-13
2.8149713e-12
-1.8201592e-13
2.6830526e-12
-2.8446531e-13
2.485952e-12
-4.2117593e-13
2.2019808e-12
-5.8684384e-13
1.8085756e-12
-7.5728074e-13
1.2898154e-12
-8.7561922e-13
6.7334399e-13
-8.4490346e-13
-5.7305591e-13
7.3171632e-14
2.3074552e-12
-5.6231351e-14
2.2195888e-12
-9.4149607e-14
2.0836645e-12
-1.4854097e-13
1.8832771e-12
-2.2078851e-13
1.6030357e-12
-3.0660246e-13
1.2356742e-12
-3.8991928e-13
7.961129e-13
-4.3605791e-13
3.4422205e-13
-3.9301262e-13
-2.2941781e-13
5.8396027e-16
1.5387114e-12
-1.5514974e-14
1.4713658e-12
-2.6804088e-14
1.3660958e-12
-4.3270969e-14
1.2106866e-12
-6.537934e-14
9.9573977e-13
-9.1655623e-14
7.2236898e-13
-1.1654848e-13
4.1444764e-13
-1.2813657e-13
1.3038936e-13
-1.0895435e-13
-5.3849296e-14
-4.5179163e-14
5.8210312e-13
5.5529902e-13
5.1202805e-13
4.466487e-13
3.5499307e-13
2.384446e-13
1.1030803e-13
1.3536801e-15
-5.2495613e-14
9.7090827e-14
9.7674781e-14
5.2495617e-14
-1.1944447e-13
-2.0817431e-12
1.3711952e-19
-2.3003852e-13
-2.2179415e-12
-3.1538668e-13
-2.4780565e-12
-3.489507e-13
-2.8348812e-12
-3.0094498e-13
-3.2430243e-12
-1.490383e-13
-3.623121e-12
9.922473e-14
-3.8416202e-12
3.6573786e-13
-3.6954786e-12
4.4681372e-13
-2.9265132e-12
-1.3079724e-12
-2.6345709e-13
-1.8182861e-12
1.5073041e-19
-5.2224873e-13
-1.9591499e-12
-7.6401829e-13
-2.236287e-12
-9.6240683e-13
-2.6364927e-12
-1.0761364e-12
-3.1292947e-12
-1.0538371e-12
-3.6454202e-12
-8.5477376e-13
-4.0406835e-12
-5.0059695e-13
-4.0496554e-12
-1.4565857e-13
-3.2814517e-12
-1.453631e-12
-3.8487243e-13
-1.4334138e-12
1.4133082e-19
-7.7592949e-13
-1.5680929e-12
-1.1706655e-12
-1.8415509e-12
-1.54815e-12
-2.2590082e-12
-1.8589781e-12
-2.8184666e-12
-2.0159644e-12
-3.4884339e-12
-1.8975639e-12
-4.159084e-12
-1.4002758e-12
-4.5469435e-12
-6.0547968e-13
-4.076248e-12
-2.0591107e-12
-4.5909261e-13
-9.7432136e-13
1.1005547e-19
-9.4075178e-13
-1.0864337e-12
-1.4602321e-12
-1.3220706e-12
-2.0149706e-12
-1.7042698e-12
-2.5675566e-12
-2.2658806e-12
-3.0178408e-12
-3.0381497e-12
-3.1657684e-12
-4.0111563e-12
-2.7016892e-12
-5.0110227e-12
-1.4029595e-12
-5.3749778e-12
-3.4620702e-12
-4.5775004e-13
-5.165714e-13
8.314708e-20
-9.5486355e-13
-5.8932016e-13
-1.5291157e-12
-7.4781849e-13
-2.211981e-12
-1.0214044e-12
-3.0157285e-12
-1.4621331e-12
-3.9021715e-12
-2.1517066e-12
-4.7152562e-12
-3.1980717e-12
-5.0367054e-12
-4.6895735e-12
-3.9060127e-12
-6.5056705e-12
-7.3680829e-12
-3.697246e-13
-1.4684684e-13
5.7419807e-20
-7.866629e-13
-1.7238186e-13
-1.3046361e-12
-2.2984527e-13
-1.9918205e-12
-3.3421999e-13
-2.9402838e-12
-5.1366985e-13
-4.2762613e-12
-8.1572911e-13
-6.1641754e-12
-1.3101576e-12
-8.7799786e-12
-2.0737702e-12
-1.2182202e-11
-3.1034467e-12
-3.929041e-12
-1.5621244e-11
-1.4684686e-13
2.4114107e-20
-3.1922875e-13
-5.4907405e-13
-8.8329406e-13
-1.3969639e-12
-2.212693e-12
-3.5228505e-12
-5.5966207e-12
-8.7000674e-12
-1.2629108e-11
-1.4400518e-11
-1.220726e-12
-1.420927e-11
-1.9124861e-13
-1.4156718e-11
-5.2551661e-14
-1.4136244e-11
-2.0473853e-14
-1.4129085e-11
-7.1593582e-15
-1.412668e-11
-2.4052824e-15
-1.4125774e-11
-9.059137e-16
-1.4125404e-11
-3.6944088e-16
-1.4125248e-11
-1.5607495e-16
-1.4125163e-11
-8.5230604e-17
-1.4125065e-11
-9.7852886e-17
-1.4124861e-11
-2.0382846e-16
-1.4124366e-11
-4.9502821e-16
-1.4123132e-11
-1.2342442e-15
-1.4119992e-11
-3.1399976e-15
-1.41119e-11
-8.0923428e-15
-1.4091192e-11
-2.0707439e-14
-1.4035904e-11
-5.5288255e-14
-1.3856268e-11
-1.7963543e-13
-6.779813e-13
-1.3178287e-11
-1.3849834e-11
-1.4041083e-11
-1.4093635e-11
-1.4114109e-11
-1.4121268e-11
-1.4123673e-11
-1.4124579e-11
-1.4124949e-11
-1.4125105e-11
-1.412519e-11
-1.4125288e-11
-1.4125491e-11
-1.4125987e-11
-1.4127221e-11
-1.4130361e-11
-1.4138453e-11
-1.4159161e-11
-1.4214449e-11
-1.4394084e-11
-1.5072065e-11
-1.2333547e-11
-8.4474003e-13
-1.1899992e-11
-4.3355484e-13
-1.1568957e-11
-3.3103538e-13
-1.1286762e-11
-2.8219496e-13
-1.1028666e-11
-2.5809566e-13
-1.0778416e-11
-2.5025033e-13
-1.0518223e-11
-2.601933e-13
-1.017109e-11
-3.4713299e-13
-5.6407215e-13
-9.6070175e-12
-1.5329165e-11
-5.8764022e-13
-1.5165605e-11
-5.9711544e-13
-1.4877555e-11
-6.1908535e-13
-1.4499734e-11
-6.6001519e-13
-1.402705e-11
-7.3077964e-13
-1.3421455e-11
-8.5584588e-13
-1.2618043e-11
-1.063605e-12
-1.1471712e-11
-1.4934647e-12
-9.9573385e-12
-2.0784452e-12
-4.388194e-12
-9.126709e-12
-8.3382133e-18
-5.8763188e-13
-8.2859111e-18
-5.9711548e-13
-7.9126782e-18
-6.1908572e-13
-7.7650513e-18
-6.6001533e-13
-7.6396337e-18
-7.3077976e-13
-7.5301382e-18
-8.5584599e-13
-6.9763069e-18
-1.0636056e-12
-1.0689087e-17
-1.4934609e-12
-2.0784271e-12
-2.8827244e-17
-1.1829305e-14
-5.7580257e-13
-2.7292476e-14
-5.8165231e-13
-5.0779423e-14
-5.9559877e-13
-8.9629846e-14
-6.2116491e-13
-1.5731785e-13
-6.6309175e-13
-2.8443251e-13
-7.2873133e-13
-5.2402694e-13
-8.2401114e-13
-1.0508312e-12
-9.6665669e-13
-1.1303727e-12
-1.9988856e-12
-1.6712211e-14
-5.5909036e-13
-3.8610009e-14
-5.5975451e-13
-7.1077949e-14
-5.6313083e-13
-1.2230275e-13
-5.6994011e-13
-2.0647464e-13
-5.7891987e-13
-3.540438e-13
-5.8116218e-13
-6.1629328e-13
-5.6176166e-13
-1.1570313e-12
-4.259187e-13
-2.1000576e-12
-1.873464e-13
-4.2558356e-12
-1.38382e-12
1.3870246e-12
-1.8415151e-14
-5.4067521e-13
-4.3264624e-14
-5.3490504e-13
-7.9145597e-14
-5.2724986e-13
-1.3124814e-13
-5.1783757e-13
-2.0642635e-13
-5.0374165e-13
-3.1258398e-13
-4.7500454e-13
-4.5609441e-13
-4.1825123e-13
-6.0573284e-13
-2.7628026e-13
-7.0440023e-14
-7.2263923e-13
-1.3698192e-14
-5.2697702e-13
-3.5947185e-14
-5.1265605e-13
-6.9230024e-14
-4.9396702e-13
-1.1530384e-13
-4.7176375e-13
-1.7604771e-13
-4.4299779e-13
-2.5160453e-13
-3.9944772e-13
-3.3817134e-13
-3.3168442e-13
-4.0368916e-13
-2.1076244e-13
-5.7319831e-14
-4.1680935e-13
-2.9962234e-15
-5.239808e-13
-1.940299e-14
-4.9624928e-13
-4.8027158e-14
-4.6534285e-13
-8.6431544e-14
-4.3335937e-13
-1.3236246e-13
-3.9706687e-13
-1.8128409e-13
-3.5052608e-13
-2.2480706e-13
-2.8816145e-13
-2.3758513e-13
-1.9798437e-13
-9.5677577e-14
-1.9922739e-13
1.9496464e-14
-5.4347726e-13
9.6589925e-15
-4.8641181e-13
-1.7169554e-14
-4.385143e-13
-5.1223883e-14
-3.9930504e-13
-8.7977741e-14
-3.6031301e-13
-1.2216525e-13
-3.1633858e-13
-1.465571e-13
-2.6376961e-13
-1.4596031e-13
-1.9858116e-13
-1.3163348e-13
-1.1000441e-13
4.9537473e-14
-5.9301473e-13
4.5833896e-14
-4.8270824e-13
1.8031604e-14
-4.1071201e-13
-1.4770202e-14
-3.6650323e-13
-4.671148e-14
-3.2837174e-13
-7.3060878e-14
-2.8998918e-13
-8.8731251e-14
-2.4809923e-13
-8.5578102e-14
-2.0173431e-13
-5.9254161e-14
-1.5795742e-13
6.6438539e-13
2.4757604e-13
4.8348655e-14
-6.1655753e-14
-1.2090991e-13
9.578663e-15
-9.578663e-15
5.5151702e-25
1.9068474e-14
-9.4898112e-15
2.8385731e-14
-9.3172568e-15
3.7456405e-14
-9.070674e-15
4.6219625e-14
-8.7632198e-15
5.4629901e-14
-8.4102766e-15
6.2658135e-14
-8.0282333e-15
7.0291588e-14
-7.6334534e-15
7.7533121e-14
-7.2415325e-15
-6.8668649e-15
8.4399985e-14
9.6590829e-15
-1.9237746e-14
5.5302796e-25
1.9224739e-14
-1.9055467e-14
2.8609215e-14
-1.8701733e-14
3.7735334e-14
-1.8196793e-14
4.6540169e-14
-1.7568055e-14
5.4977253e-14
-1.684736e-14
6.3017429e-14
-1.6068409e-14
7.064858e-14
-1.5264605e-14
7.7874587e-14
-1.446754e-14
-1.370614e-14
8.4713862e-14
9.8239922e-15
-2.9061738e-14
5.4864732e-25
1.954496e-14
-2.8776435e-14
2.9066716e-14
-2.8223489e-14
3.8305616e-14
-2.7435693e-14
4.7194616e-14
-2.6457055e-14
5.5685424e-14
-2.5338169e-14
6.3748982e-14
-2.4131967e-14
7.1374655e-14
-2.2890278e-14
7.8568606e-14
-2.1661491e-14
-2.0489311e-14
8.5351778e-14
1.0081894e-14
-3.9143632e-14
5.4414661e-25
2.0045167e-14
-3.8739708e-14
2.9780098e-14
-3.7958419e-14
3.9192907e-14
-3.6848502e-14
4.8210403e-14
-3.5474551e-14
5.6781918e-14
-3.3909683e-14
6.4879106e-14
-3.2229155e-14
7.249419e-14
-3.0505362e-14
7.963737e-14
-2.8804671e-14
-2.7185871e-14
8.633393e-14
1.0446713e-14
-4.9590345e-14
5.5361024e-25
2.0751469e-14
-4.9044464e-14
3.0784709e-14
-4.7991659e-14
4.043831e-14
-4.6502103e-14
4.963102e-14
-4.4667261e-14
5.8309821e-14
-4.2588484e-14
6.6448506e-14
-4.036784e-14
7.4044395e-14
-3.8101252e-14
8.111427e-14
-3.5874545e-14
8.7690232e-14
-3.3761834e-14
9.0922493e-14
-6.5225071e-15
9.7142789e-14
-6.2202967e-15
1.0311398e-13
-5.9711894e-15
1.0889976e-13
-5.785785e-15
1.1457481e-13
-5.6750414e-15
1.2022601e-13
-5.651209e-15
1.2595509e-13
-5.7290736e-15
1.3188277e-13
-5.9276775e-15
1.381556e-13
-6.2728305e-15
1.4495656e-13
-6.8009594e-15
1.5252196e-13
-7.5654075e-15
1.6116889e-13
-8.6469275e-15
1.7134251e-13
-1.0173622e-14
1.8369634e-13
-1.2353823e-14
1.9925899e-13
-1.5562653e-14
2.1968864e-13
-2.0429651e-14
2.4813813e-13
-2.8449489e-14
2.8964129e-13
-4.1503162e-14
3.5888126e-13
-6.9239974e-14
-1.0843234e-13
4.6731361e-13
9.1197772e-14
-1.3006417e-14
9.7369218e-14
-1.2391743e-14
1.0328157e-13
-1.1883545e-14
1.0899814e-13
-1.1502351e-14
1.1459229e-13
-1.1269188e-14
1.2014843e-13
-1.1207352e-14
1.2576408e-13
-1.1344721e-14
1.3155327e-13
-1.1716868e-14
1.376519e-13
-1.2371463e-14
1.4422575e-13
-1.3374809e-14
1.514824e-13
-1.4822056e-14
1.5968885e-13
-1.6853384e-14
1.6919772e-13
-1.9682489e-14
1.8048406e-13
-2.364016e-14
1.9419726e-13
-2.9275851e-14
2.1121232e-13
-3.7444715e-14
2.326451e-13
-4.9882269e-14
2.5972818e-13
-6.8586236e-14
2.922264e-13
-1.017382e-13
-1.4557462e-13
3.2936867e-13
9.1757845e-14
-1.9412484e-14
9.7831394e-14
-1.8465292e-14
1.0362652e-13
-1.7678667e-14
1.0920593e-13
-1.7081769e-14
1.1464075e-13
-1.6704005e-14
1.200109e-13
-1.6577504e-14
1.2540639e-13
-1.6740207e-14
1.309294e-13
-1.7239876e-14
1.3669746e-13
-1.8139527e-14
1.4284775e-13
-1.9525101e-14
1.4954253e-13
-2.1516837e-14
1.5697532e-13
-2.4286165e-14
1.6537587e-13
-2.8083047e-14
1.750098e-13
-3.3274092e-14
1.8615453e-13
-4.042058e-14
1.99038e-13
-5.0328183e-14
2.135433e-13
-6.4387571e-14
2.2898227e-13
-8.4025202e-14
2.4084955e-13
-1.1360548e-13
-1.5010494e-13
2.4537987e-13
9.2621472e-14
-2.5700026e-14
9.8547525e-14
-2.4391345e-14
1.0416767e-13
-2.3298816e-14
1.0954427e-13
-2.2458363e-14
1.1474571e-13
-2.1905444e-14
1.1984628e-13
-2.1678072e-14
1.2492647e-13
-2.1820398e-14
1.3007369e-13
-2.2387104e-14
1.3538319e-13
-2.3449026e-14
1.4095873e-13
-2.5100636e-14
1.4691226e-13
-2.7470365e-14
1.5336091e-13
-3.0734821e-14
1.6041743e-13
-3.5139561e-14
1.6816796e-13
-4.1024628e-14
1.7661726e-13
-4.8869873e-14
1.8559591e-13
-5.9306836e-14
1.9447805e-13
-7.3269708e-14
2.0203054e-13
-9.1577693e-14
2.0457888e-13
-1.1615382e-13
-1.4474103e-13
1.9921497e-13
9.3815975e-14
-3.1825768e-14
9.9543674e-14
-3.0119045e-14
1.049316e-13
-2.8686745e-14
1.1004241e-13
-2.7569165e-14
1.1494195e-13
-2.6804986e-14
1.1969861e-13
-2.643473e-14
1.2438279e-13
-2.6504582e-14
1.2906646e-13
-2.7070771e-14
1.3382221e-13
-2.8204778e-14
1.3872132e-13
-2.9999752e-14
1.4382959e-13
-3.2578626e-14
1.4919896e-13
-3.6104192e-14
1.5485139e-13
-4.0791992e-14
1.6074986e-13
-4.6923095e-14
1.6674237e-13
-5.4862383e-14
1.7248118e-13
-6.5045648e-14
1.772304e-13
-7.8018926e-14
1.798027e-13
-9.4149998e-14
1.7771131e-13
-1.1406243e-13
1.690974e-13
-1.3612712e-13
2.5610207e-13
-3.818032e-13
1.3736873e-13
-3.639749e-13
7.0987797e-14
-3.4433107e-13
2.4609718e-14
-3.2012515e-13
-9.6712535e-15
-2.9409076e-13
-3.4202445e-14
-2.6545799e-13
-4.7827365e-14
-2.3447431e-13
-4.736672e-14
-2.0219495e-13
-1.7351068e-13
-3.1813455e-14
2.1931385e-13
-2.7174837e-13
1.4286289e-13
-2.8752394e-13
8.8426812e-14
-2.89895e-13
4.7320489e-14
-2.7901883e-13
1.6142803e-14
-2.6291308e-13
-6.2141739e-15
-2.4310101e-13
-1.9398543e-14
-2.2128994e-13
-2.2342497e-14
-1.99251e-13
-1.8044311e-13
-1.5410072e-14
1.9048374e-13
-2.1685224e-13
1.4050523e-13
-2.3754543e-13
9.7044309e-14
-2.4643408e-13
6.1766808e-14
-2.4374133e-13
3.3946071e-14
-2.3509234e-13
1.3329148e-14
-2.2248409e-13
-3.3111023e-17
-2.0792769e-13
-6.0029008e-15
-1.9328121e-13
-1.8104719e-13
-5.3988192e-15
1.659705e-13
-1.8360777e-13
1.3118573e-13
-2.0276066e-13
9.7887103e-14
-2.1313545e-13
6.8925283e-14
-2.1477951e-13
4.4898297e-14
-2.1106536e-13
2.6141795e-14
-2.0372758e-13
1.2755137e-14
-1.9454103e-13
4.6035035e-15
-1.8512958e-13
-1.7730788e-13
8.6419045e-16
1.4686409e-13
-1.6137447e-13
1.2146502e-13
-1.7736159e-13
9.5604119e-14
-1.8727455e-13
7.1830096e-14
-1.9100549e-13
5.1151289e-14
-1.9038655e-13
3.4126558e-14
-1.8670285e-13
2.0919528e-14
-1.81334e-13
1.1361653e-14
-1.755717e-13
4.7784993e-15
-1.7072472e-13
-1.5272337e-13
-1.6813344e-13
-1.7353226e-13
-1.7266807e-13
-1.6788957e-13
1.1738754e-14
-6.1329099e-14
5.8387804e-25
2.3287809e-14
-6.059352e-14
3.4477329e-14
-5.9181179e-14
4.5170111e-14
-5.7194885e-14
5.5268431e-14
-5.4765582e-14
6.4714013e-14
-5.2034066e-14
7.3484165e-14
-4.9137992e-14
8.1585569e-14
-4.6202656e-14
8.9047567e-14
-4.3336542e-14
-4.0630108e-14
9.5915841e-14
1.2496889e-14
-7.3825988e-14
5.991549e-25
2.4746295e-14
-7.2842926e-14
3.6532892e-14
-7.0967776e-14
4.7690307e-14
-6.8352299e-14
5.8108991e-14
-6.5184266e-14
6.7732623e-14
-6.1657697e-14
7.6550011e-14
-5.795538e-14
8.4584438e-14
-5.4237083e-14
9.1883424e-14
-5.0635528e-14
-4.7256561e-14
9.8509876e-14
1.3506661e-14
-8.7332649e-14
5.9910073e-25
2.6678211e-14
-8.6014476e-14
3.92352e-14
-8.3524766e-14
5.0974022e-14
-8.0091121e-14
6.1775319e-14
-7.5985563e-14
7.1592416e-14
-7.1474794e-14
8.0435962e-14
-6.6798927e-14
8.8356255e-14
-6.2157376e-14
9.5428165e-14
-5.7707438e-14
-5.3567548e-14
1.0173915e-13
1.4853504e-14
-1.0218615e-13
5.9038227e-25
2.9234645e-14
-1.0039562e-13
4.2774377e-14
-9.7064498e-14
5.5223883e-14
-9.2540627e-14
6.646221e-14
-8.722389e-14
7.6467412e-14
-8.1479996e-14
8.5289193e-14
-7.5620707e-14
9.3020427e-14
-6.988861e-14
9.9775868e-14
-6.446288e-14
-5.9468406e-14
1.0567673e-13
1.6668694e-14
-1.1885485e-13
5.9421747e-25
3.2640332e-14
-1.1636725e-13
4.7423601e-14
-1.1184777e-13
6.0719761e-14
-1.0583679e-13
7.2427687e-14
-9.8931817e-14
8.2578081e-14
-9.1630389e-14
9.1287513e-14
-8.4330139e-14
9.8713931e-14
-7.7315028e-14
1.0502837e-13
-7.0777316e-14
-6.4836603e-14
1.1039657e-13
1.9162509e-14
-1.3801736e-13
5.9421307e-25
3.7238233e-14
-1.3444298e-13
5.3580813e-14
-1.2819035e-13
6.784873e-14
-1.201047e-13
8.0009766e-14
-1.1109285e-13
9.0196949e-14
-1.0181757e-13
9.8637232e-14
-9.2770423e-14
1.0558465e-13
-8.4262445e-14
1.1128649e-13
-7.6479159e-14
-6.951439e-14
1.1596428e-13
2.2680465e-14
-1.6069782e-13
6.0403509e-25
4.3557607e-14
-1.5532012e-13
6.1826533e-14
-1.4645927e-13
7.7141278e-14
-1.3541945e-13
8.9642508e-14
-1.2359408e-13
9.965007e-14
-1.1182513e-13
1.0756627e-13
-1.0068662e-13
1.1378093e-13
-9.0477105e-14
1.1863917e-13
-8.1337403e-14
1.2242742e-13
-7.3302634e-14
1.0224709e-13
-3.8157018e-14
1.0810483e-13
-3.597678e-14
1.1355624e-13
-3.4138164e-14
1.1867001e-13
-3.2682927e-14
1.2351466e-13
-3.1649643e-14
1.2815748e-13
-3.1077545e-14
1.3266333e-13
-3.1010431e-14
1.3709329e-13
-3.1500732e-14
1.4150242e-13
-3.2613911e-14
1.4593598e-13
-3.4433316e-14
1.5042293e-13
-3.7065576e-14
1.5496501e-13
-4.0646269e-14
1.5951856e-13
-4.5345544e-14
1.6396617e-13
-5.1370697e-14
1.680702e-13
-5.8966421e-14
1.7141505e-13
-6.8390497e-14
1.7329739e-13
-7.9901264e-14
1.7272354e-13
-9.3576145e-14
1.6808704e-13
-1.0942593e-13
-1.2631134e-13
1.5827127e-13
1.0453516e-13
-4.41823e-14
1.10034e-13
-4.1475623e-14
1.1508096e-13
-3.9185126e-14
1.1974805e-13
-3.7350012e-14
1.2410308e-13
-3.6004675e-14
1.2820843e-13
-3.5182895e-14
1.3211972e-13
-3.4921721e-14
1.3588409e-13
-3.5265101e-14
1.3953752e-13
-3.6267343e-14
1.4310062e-13
-3.7996408e-14
1.4657193e-13
-4.0536893e-14
1.4991786e-13
-4.3992191e-14
1.5305741e-13
-4.84851e-14
1.5584109e-13
-5.4154376e-14
1.5802102e-13
-6.1146355e-14
1.5921985e-13
-6.9589322e-14
1.588849e-13
-7.9566317e-14
1.5631538e-13
-9.1006627e-14
1.5058882e-13
-1.0369937e-13
-1.1684588e-13
1.4112336e-13
1.0738072e-13
-4.9823872e-14
1.1244271e-13
-4.6537607e-14
1.1700969e-13
-4.3752105e-14
1.2115888e-13
-4.1499206e-14
1.2495887e-13
-3.9804665e-14
1.2846866e-13
-3.8692688e-14
1.3173666e-13
-3.8189714e-14
1.3479911e-13
-3.8327556e-14
1.3767772e-13
-3.9145957e-14
1.4037586e-13
-4.069454e-14
1.4287289e-13
-4.3033924e-14
1.451162e-13
-4.6235507e-14
1.4701025e-13
-5.0379151e-14
1.484029e-13
-5.5547023e-14
1.4906911e-13
-6.1812563e-14
1.4869818e-13
-6.9218395e-14
1.4688227e-13
-7.7750409e-14
1.4315112e-13
-8.7275471e-14
1.3698397e-13
-9.7532222e-14
-1.0795547e-13
1.2809356e-13
1.1084092e-13
-5.4988069e-14
1.153774e-13
-5.1074083e-14
1.1938322e-13
-4.7757926e-14
1.2294235e-13
-4.5058338e-14
1.2612529e-13
-4.2987599e-14
1.2898891e-13
-4.1556308e-14
1.3157615e-13
-4.0776959e-14
1.3391514e-13
-4.0666541e-14
1.3601745e-13
-4.1248266e-14
1.3787533e-13
-4.2552427e-14
1.3945762e-13
-4.4616209e-14
1.4070415e-13
-4.7482041e-14
1.4151893e-13
-5.1193925e-14
1.4176254e-13
-5.5790635e-14
1.4124512e-13
-6.1295145e-14
1.3972426e-13
-6.7697533e-14
1.3690901e-13
-7.4935159e-14
1.3249177e-13
-8.2858231e-14
1.2618025e-13
-9.1220705e-14
-9.9616986e-14
1.1784177e-13
1.1496932e-13
-5.9560827e-14
1.1887815e-13
-5.4982914e-14
1.222342e-13
-5.1113973e-14
1.251288e-13
-4.7952939e-14
1.2763467e-13
-4.5493467e-14
1.2980705e-13
-4.3728688e-14
1.3168446e-13
-4.2654367e-14
1.3328876e-13
-4.2270846e-14
1.3462446e-13
-4.2583967e-14
1.3567708e-13
-4.3605044e-14
1.3641066e-13
-4.5349785e-14
1.3676451e-13
-4.7835895e-14
1.3664958e-13
-5.1078997e-14
1.3594524e-13
-5.5086293e-14
1.3449777e-13
-5.9847677e-14
1.3212359e-13
-6.5323354e-14
1.286187e-13
-7.1430268e-14
1.2378428e-13
-7.8023809e-14
1.1745662e-13
-8.4893044e-14
-9.1741912e-14
1.0958154e-13
1.1980703e-13
-6.340358e-14
1.2297055e-13
-5.8146431e-14
1.2557984e-13
-5.3723268e-14
1.2773262e-13
-5.0105715e-14
1.2950274e-13
-4.7263587e-14
1.3094312e-13
-4.5169069e-14
1.3208783e-13
-4.3799074e-14
1.3295327e-13
-4.3136292e-14
1.3353856e-13
-4.316926e-14
1.3382507e-13
-4.3891548e-14
1.3377534e-13
-4.5300054e-14
1.3333169e-13
-4.7392251e-14
1.324149e-13
-5.0162204e-14
1.3092372e-13
-5.3595106e-14
1.2873634e-13
-5.7660305e-14
1.2571569e-13
-6.2302701e-14
1.2171949e-13
-6.7434067e-14
1.1661947e-13
-7.2923792e-14
1.1032403e-13
-7.8597603e-14
-8.4235253e-14
1.0281737e-13
1.2537483e-13
-6.6350991e-14
1.2765973e-13
-6.0431328e-14
1.2941775e-13
-5.5481296e-14
1.3074956e-13
-5.1437518e-14
1.317272e-13
-4.8241226e-14
1.323991e-13
-4.5840969e-14
1.3279359e-13
-4.4193569e-14
1.3292125e-13
-4.326395e-14
1.327762e-13
-4.3024205e-14
1.3233666e-13
-4.3452014e-14
1.3156504e-13
-4.4528434e-14
1.3040778e-13
-4.6234987e-14
1.2879555e-13
-4.8549971e-14
1.2664434e-13
-5.14439e-14
1.2385825e-13
-5.4874217e-14
1.2033501e-13
-5.877946e-14
1.1597489e-13
-6.3073943e-14
1.1069449e-13
-6.7643393e-14
1.044425e-13
-7.2345616e-14
9.7220744e-14
-7.7013497e-14
1.4065653e-13
-1.4375973e-13
1.1992113e-13
-1.5662619e-13
9.8094189e-14
-1.6544761e-13
7.7140023e-14
-1.7005132e-13
5.8106398e-14
-1.7135292e-13
4.1612975e-14
-1.7020943e-13
2.7877233e-14
-1.6759826e-13
1.6772305e-14
-1.6446677e-13
-1.6172676e-13
7.774339e-15
1.2712108e-13
-1.2975745e-13
1.106229e-13
-1.4012801e-13
9.2960578e-14
-1.4778528e-13
7.5460264e-14
-1.5255101e-13
5.8973099e-14
-1.5486576e-13
4.403628e-14
-1.5527261e-13
3.0870529e-14
-1.544325e-13
1.9414313e-14
-1.5301056e-13
-1.5163295e-13
9.3205013e-15
1.162947e-13
-1.1795858e-13
1.0257407e-13
-1.2640738e-13
8.7791038e-14
-1.3300225e-13
7.2824577e-14
-1.3758455e-13
5.8315258e-14
-1.4035644e-13
4.4692744e-14
-1.416501e-13
3.2158605e-14
-1.4189837e-13
2.0701611e-14
-1.4155356e-13
-1.4103931e-13
1.010797e-14
1.0748888e-13
-1.076057e-13
9.5650377e-14
-1.1456888e-13
8.288558e-14
-1.2023746e-13
6.9779485e-14
-1.2447845e-13
5.6798421e-14
-1.2737538e-13
4.4272961e-14
-1.2912464e-13
3.2376891e-14
-1.300023e-13
2.1131433e-14
-1.303081e-13
-1.303242e-13
1.0416331e-14
1.002248e-13
-9.8248952e-14
8.9699386e-14
-1.0404347e-13
7.8375938e-14
-1.0891401e-13
6.6648948e-14
-1.1275146e-13
5.4853964e-14
-1.1558039e-13
4.3241235e-14
-1.1751191e-13
3.1956294e-14
-1.1871735e-13
2.1038828e-14
-1.1939064e-13
-1.1971651e-13
1.0431134e-14
9.4170792e-14
-8.9602371e-14
8.45848e-14
-9.4457477e-14
7.4310644e-14
-9.8639852e-14
6.3619288e-14
-1.0206011e-13
5.2752574e-14
-1.0471368e-13
4.1899547e-14
-1.0665888e-13
3.1180642e-14
-1.0799845e-13
2.0644549e-14
-1.0885454e-13
-1.0934577e-13
1.0273813e-14
8.9091871e-14
-8.1473498e-14
8.0192073e-14
-8.5557678e-14
7.0695818e-14
-8.9143598e-14
6.0793179e-14
-9.2157466e-14
5.0660214e-14
-9.4580714e-14
4.0440757e-14
-9.6439423e-14
3.0234368e-14
-9.7792061e-14
2.0092845e-14
-9.8713021e-14
1.0023632e-14
-9.927656e-14
-1.6011523e-13
-1.5079473e-13
-1.4068676e-13
-1.3027043e-13
-1.198393e-13
-1.0956548e-13
-9.954185e-14
2.6424278e-14
-1.871221e-13
5.8420169e-25
4.9799533e-14
-1.7869537e-13
6.935077e-14
-1.6601051e-13
8.4852614e-14
-1.5092129e-13
9.6800257e-14
-1.3554173e-13
1.0579997e-13
-1.2082485e-13
1.1248258e-13
-1.0736923e-13
1.1738688e-13
-9.5381406e-14
1.2094871e-13
-8.4899234e-14
-7.5856764e-14
1.2350284e-13
3.351188e-14
-2.2063398e-13
5.8676182e-25
6.1337296e-14
-2.0652079e-13
8.3223484e-14
-1.878967e-13
9.9287531e-14
-1.6698534e-13
1.107347e-13
-1.469889e-13
1.1864099e-13
-1.2873114e-13
1.2397465e-13
-1.1270289e-13
1.2746818e-13
-9.8874927e-14
1.2966274e-13
-8.70938e-14
-7.7135321e-14
1.309413e-13
4.5017707e-14
-2.6565169e-13
5.8344467e-25
7.8402977e-14
-2.3990606e-13
1.0246114e-13
-2.1195487e-13
1.1817619e-13
-1.8270039e-13
1.2811113e-13
-1.5692384e-13
1.3402207e-13
-1.3464208e-13
1.3729445e-13
-1.1597527e-13
1.3884692e-13
-1.004274e-13
1.3929401e-13
-8.7540882e-14
-7.6872027e-14
1.3903071e-13
6.4010594e-14
-3.2966228e-13
6.0696399e-25
1.0378638e-13
-2.7968185e-13
1.2906202e-13
-2.3723051e-13
1.4262299e-13
-1.9626135e-13
1.4940809e-13
-1.6370895e-13
1.5204598e-13
-1.3727997e-13
1.523528e-13
-1.1628208e-13
1.5135351e-13
-9.9428108e-14
1.4965295e-13
-8.584032e-14
-7.48098e-14
1.4759072e-13
1.0228193e-13
-4.3194421e-13
5.9748431e-25
1.453865e-13
-3.2278641e-13
1.6740498e-13
-2.5924899e-13
1.7446573e-13
-2.033221e-13
1.7512486e-13
-1.6436808e-13
1.7261124e-13
-1.3476635e-13
1.6883214e-13
-1.1250298e-13
1.646318e-13
-9.5227772e-14
1.6041454e-13
-8.1623057e-14
-7.074312e-14
1.5634786e-13
1.6297876e-13
-5.9492298e-13
5.9627099e-25
2.0403164e-13
-3.6383929e-13
2.1685298e-13
-2.7207033e-13
2.1243044e-13
-1.9889956e-13
2.039201e-13
-1.5585774e-13
1.9456071e-13
-1.2540697e-13
1.8581875e-13
-1.0376102e-13
1.7799117e-13
-8.7400188e-14
1.7106603e-13
-7.469792e-14
-6.459968e-14
1.6492259e-13
3.6228204e-13
-9.5720501e-13
6.0868317e-25
3.3048366e-13
-3.3204091e-13
2.9399958e-13
-2.3558625e-13
2.6051633e-13
-1.6541631e-13
2.3553353e-13
-1.3087494e-13
2.1674517e-13
-1.0661861e-13
2.0220509e-13
-8.9220933e-14
1.9057947e-13
-7.577457e-14
1.8099244e-13
-6.5110893e-14
-5.648471e-14
1.7287747e-13
4.8023779e-13
-1.4374428e-12
6.4555243e-25
4.1077601e-13
-2.6257914e-13
3.4653028e-13
-1.7134052e-13
2.9507565e-13
-1.1396168e-13
2.5939039e-13
-9.5189683e-14
2.3417082e-13
-8.139904e-14
2.1551291e-13
-7.0563025e-14
2.0107522e-13
-6.1336878e-14
1.8943682e-13
-5.3472491e-14
1.7974608e-13
-4.6793972e-14
1.252999e-13
-6.8148056e-14
1.2652344e-13
-6.1654865e-14
1.2730532e-13
-5.6263173e-14
1.2773792e-13
-5.1870118e-14
1.2788333e-13
-4.8386637e-14
1.2777995e-13
-4.5737593e-14
1.2744708e-13
-4.3860702e-14
1.2688797e-13
-4.2704833e-14
1.2609172e-13
-4.2227957e-14
1.250345e-13
-4.2394801e-14
1.2368029e-13
-4.3174216e-14
1.2198148e-13
-4.4536179e-14
1.198799e-13
-4.6448394e-14
1.173085e-13
-4.8872501e-14
1.1419432e-13
-5.1760037e-14
1.1046329e-13
-5.5048428e-14
1.060471e-13
-5.8657748e-14
1.0089251e-13
-6.2488805e-14
9.4971486e-14
-6.6424595e-14
-7.0334387e-14
8.8292376e-14
1.3157065e-13
-6.8777406e-14
1.3173335e-13
-6.1817567e-14
1.3155212e-13
-5.6081942e-14
1.3110697e-13
-5.1424965e-14
1.3044705e-13
-4.7726723e-14
1.2959867e-13
-4.4889207e-14
1.2857052e-13
-4.2832559e-14
1.2735723e-13
-4.1491535e-14
1.259415e-13
-4.0812227e-14
1.2429565e-13
-4.0748958e-14
1.223827e-13
-4.1261259e-14
1.2015733e-13
-4.2310813e-14
1.1756726e-13
-4.3858326e-14
1.145551e-13
-4.586034e-14
1.1106119e-13
-4.8266126e-14
1.0702765e-13
-5.1014891e-14
1.0240373e-13
-5.4033825e-14
9.7152334e-14
-5.7237409e-14
9.1256787e-14
-6.0529047e-14
-6.3804825e-14
8.4727224e-14
1.3830927e-13
-6.8055969e-14
1.3728773e-13
-6.0796023e-14
1.3606267e-13
-5.4856877e-14
1.346899e-13
-5.0052202e-14
1.3319764e-13
-4.6234461e-14
1.315947e-13
-4.3286265e-14
1.2987569e-13
-4.1113554e-14
1.2802429e-13
-3.9640132e-14
1.2601528e-13
-3.8803218e-14
1.2381599e-13
-3.8549666e-14
1.2138737e-13
-3.8832633e-14
1.1868506e-13
-3.9608503e-14
1.1566073e-13
-4.0834001e-14
1.1226387e-13
-4.2463477e-14
1.084442e-13
-4.444646e-14
1.0415499e-13
-4.6725674e-14
9.9356981e-14
-4.9235821e-14
9.4023039e-14
-5.1903467e-14
8.8142522e-14
-5.464853e-14
-5.7387323e-14
8.172502e-14
1.4535638e-13
-6.5821627e-14
1.4305107e-13
-5.8490711e-14
1.407242e-13
-5.2530013e-14
1.3839399e-13
-4.7721987e-14
1.3605917e-13
-4.389964e-14
1.3370574e-13
-4.0932842e-14
1.3131086e-13
-3.8718672e-14
1.2884509e-13
-3.7174356e-14
1.2627381e-13
-3.6231939e-14
1.2355821e-13
-3.5834067e-14
1.2065607e-13
-3.5930494e-14
1.1752265e-13
-3.6475084e-14
1.141118e-13
-3.7423157e-14
1.1037749e-13
-3.8729159e-14
1.0627572e-13
-4.0344698e-14
1.0176712e-13
-4.2217071e-14
9.6819783e-14
-4.4288483e-14
9.1412459e-14
-4.6496143e-14
8.5537423e-14
-4.8773494e-14
-5.1052529e-14
7.9202629e-14
1.5249005e-13
-6.1963815e-14
1.4884603e-13
-5.4846691e-14
1.4539566e-13
-4.9079644e-14
1.421068e-13
-4.443313e-14
1.3894149e-13
-4.0734332e-14
1.3585874e-13
-3.785009e-14
1.3281576e-13
-3.5675692e-14
1.2976852e-13
-3.4127112e-14
1.2667198e-13
-3.3135398e-14
1.2348032e-13
-3.2642415e-14
1.2014728e-13
-3.2597447e-14
1.1662659e-13
-3.2954394e-14
1.1287283e-13
-3.3669398e-14
1.0884251e-13
-3.4698846e-14
1.044956e-13
-3.5997783e-14
9.9797303e-14
-3.7518775e-14
9.4720191e-14
-3.921137e-14
8.9246296e-14
-4.1022249e-14
8.3368969e-14
-4.2896166e-14
-4.4777656e-14
7.7094095e-14
1.5942762e-13
-5.646884e-14
1.5445971e-13
-4.9878786e-14
1.4991445e-13
-4.4534385e-14
1.4570233e-13
-4.0221007e-14
1.4174539e-13
-3.6777388e-14
1.3797414e-13
-3.4078847e-14
1.3432523e-13
-3.2026775e-14
1.3073966e-13
-3.0541546e-14
1.2716173e-13
-2.9557469e-14
1.235383e-13
-2.9018983e-14
1.198185e-13
-2.8877649e-14
1.1595381e-13
-2.9089703e-14
1.1189843e-13
-2.9614016e-14
1.0761002e-13
-3.0410435e-14
1.0305072e-13
-3.1438485e-14
9.8188439e-14
-3.2656495e-14
9.2998259e-14
-3.402119e-14
8.7463832e-14
-3.5487822e-14
8.1578529e-14
-3.7010864e-14
-3.8545225e-14
7.5346098e-14
1.6585512e-13
-4.9446488e-14
1.596625e-13
-4.3686159e-14
1.5410886e-13
-3.8980754e-14
1.4904924e-13
-3.5161386e-14
1.4436821e-13
-3.2096355e-14
1.3996998e-13
-2.9680619e-14
1.3577222e-13
-2.7829016e-14
1.3170214e-13
-2.6471463e-14
1.2769401e-13
-2.5549343e-14
1.2368768e-13
-2.5012645e-14
1.1962764e-13
-2.4817613e-14
1.1546272e-13
-2.4924787e-14
1.1114608e-13
-2.529737e-14
1.0663554e-13
-2.5899895e-14
1.0189426e-13
-2.6697201e-14
9.6891509e-14
-2.7653749e-14
9.1603628e-14
-2.8733309e-14
8.601486e-14
-2.9899054e-14
8.011804e-14
-3.1114043e-14
-3.2342077e-14
7.3914892e-14
1.714655e-13
-4.1165907e-14
1.6424038e-13
-3.6461042e-14
1.5782271e-13
-3.2563082e-14
1.5202931e-13
-2.9367986e-14
1.467178e-13
-2.678484e-14
1.4177256e-13
-2.4735379e-14
1.3709634e-13
-2.3152805e-14
1.3260509e-13
-2.1980208e-14
1.2822463e-13
-2.1168883e-14
1.2388865e-13
-2.0676666e-14
1.1953742e-13
-2.0466387e-14
1.1511711e-13
-2.0504472e-14
1.1057947e-13
-2.0759732e-14
1.0588194e-13
-2.1202361e-14
1.0098789e-13
-2.1803157e-14
9.5867151e-14
-2.2533007e-14
9.0496487e-14
-2.3362645e-14
8.4860139e-14
-2.4262706e-14
7.8950153e-14
-2.5204057e-14
7.2766455e-14
-2.615838e-14
8.0904265e-14
-7.4085387e-14
7.2899753e-14
-7.7553166e-14
6.4398066e-14
-8.0641911e-14
5.5530184e-14
-8.3289584e-14
4.6421082e-14
-8.5471611e-14
3.7177093e-14
-8.7195435e-14
2.7877425e-14
-8.8492393e-14
1.8571144e-14
-8.940674e-14
-8.9984446e-14
9.27903e-15
7.7602994e-14
-6.6961157e-14
6.9952401e-14
-6.9902573e-14
6.1863297e-14
-7.2552807e-14
5.3432996e-14
-7.4859284e-14
4.4756749e-14
-7.6795364e-14
3.5918745e-14
-7.835743e-14
2.6985915e-14
-7.9559563e-14
1.8005404e-14
-8.0426228e-14
-8.0984576e-14
9.0055342e-15
7.4801551e-14
-6.0037688e-14
6.7423468e-14
-6.252449e-14
5.9656758e-14
-6.4786097e-14
5.1575212e-14
-6.6777737e-14
4.3252782e-14
-6.8472933e-14
3.4757242e-14
-6.9861891e-14
2.6145696e-14
-7.0948017e-14
1.746253e-14
-7.1743063e-14
-7.2261869e-14
8.7398226e-15
7.2432222e-14
-5.326728e-14
6.5265339e-14
-5.5357607e-14
5.7752425e-14
-5.7273183e-14
4.9950541e-14
-5.8975854e-14
4.191821e-14
-6.0440602e-14
3.3710935e-14
-6.1654616e-14
2.5377938e-14
-6.261502e-14
1.6960524e-14
-6.3325649e-14
-6.3793486e-14
8.4921408e-15
7.0440227e-14
-4.6613412e-14
6.3437498e-14
-4.8354879e-14
5.61251e-14
-4.9960784e-14
4.8548019e-14
-5.1398772e-14
4.0753465e-14
-5.2646048e-14
3.2787686e-14
-5.3688836e-14
2.4693564e-14
-5.4520899e-14
1.6509308e-14
-5.5141393e-14
-5.5552474e-14
8.2682967e-15
6.8780567e-14
-4.0047881e-14
6.1905321e-14
-4.1479632e-14
5.4751288e-14
-4.2806752e-14
4.7354619e-14
-4.4002103e-14
3.9754145e-14
-4.5045574e-14
3.1989072e-14
-4.5923764e-14
2.4097182e-14
-4.6629009e-14
1.6113759e-14
-4.715797e-14
-4.7510021e-14
8.0713058e-15
6.7415812e-14
-3.3548802e-14
6.0639077e-14
-3.4702896e-14
5.360949e-14
-3.5777165e-14
4.635667e-14
-3.6749283e-14
3.89132e-14
-3.7602105e-14
3.1312907e-14
-3.8323471e-14
2.3589478e-14
-3.890558e-14
1.5775561e-14
-3.9344053e-14
-3.9636865e-14
7.902405e-15
6.6316563e-14
-2.709891e-14
5.9614897e-14
-2.800123e-14
5.2681721e-14
-2.8843989e-14
4.5541837e-14
-2.9609398e-14
3.8223178e-14
-3.0283446e-14
3.0755483e-14
-3.0855776e-14
2.3169195e-14
-3.1319292e-14
1.5494684e-14
-3.1669542e-14
7.7618375e-15
-3.1904018e-14
-9.026282e-14
-8.1257286e-14
-7.2517464e-14
-6.4025323e-14
-5.5757026e-14
-4.768572e-14
-3.9783315e-14
-3.2021478e-14
5.516623e-13
1.2108949e-12
2.6206636e-13
2.70168e-14
1.365655e-13
-4.5839667e-14
1.043771e-13
-8.1773276e-14
8.8169433e-14
-7.8982012e-14
7.8880397e-14
-7.2110005e-14
7.231816e-14
-6.4000788e-14
6.7301625e-14
-5.6320343e-14
6.3250663e-14
-4.9421529e-14
5.9867639e-14
-4.3410948e-14
5.6971653e-14
-3.8269921e-14
5.4444336e-14
-3.3933725e-14
5.2202174e-14
-3.0320919e-14
5.0182718e-14
-2.734853e-14
4.8336902e-14
-2.4939024e-14
4.6624626e-14
-2.3023103e-14
4.5012093e-14
-2.1540271e-14
4.3470147e-14
-2.0438262e-14
4.1973211e-14
-1.9671947e-14
4.0498588e-14
-1.9202043e-14
3.9026019e-14
-1.8993819e-14
3.7537419e-14
-1.9015872e-14
3.6016741e-14
-1.9239054e-14
3.4449947e-14
-1.9635567e-14
3.2825053e-14
-2.0178262e-14
3.113222e-14
-2.0840174e-14
2.9363874e-14
-2.15943e-14
2.7514811e-14
-2.2413642e-14
2.5582256e-14
-2.3271502e-14
2.3565861e-14
-2.4141985e-14
2.1467594e-14
-2.5000643e-14
1.9291537e-14
-2.5825173e-14
1.7043576e-14
-2.6596028e-14
1.4731038e-14
-2.729686e-14
1.2362294e-14
-2.7914702e-14
9.9463865e-15
-2.8439869e-14
7.4927092e-15
-2.8865615e-14
5.0107726e-15
-2.9187605e-14
2.5100646e-15
-2.940331e-14
-2.9511413e-14
4.8827334e-13
7.2262157e-13
6.4893747e-25
4.1770449e-13
9.7585646e-14
3.5360398e-13
1.8260848e-14
3.0261688e-13
-3.0786176e-14
2.6687203e-13
-4.3237168e-14
2.4110671e-13
-4.6344682e-14
2.2157922e-13
-4.4473296e-14
2.0612618e-13
-4.08673e-14
1.9345021e-13
-3.6745561e-14
-3.2733193e-14
1.8277245e-13
3.7756257e-13
3.45059e-13
6.2446103e-25
3.5356996e-13
1.2157825e-13
3.2142874e-13
5.0402075e-14
2.8912085e-13
1.5217056e-15
2.6313358e-13
-1.7249893e-14
2.4201092e-13
-2.5222024e-14
2.2449679e-13
-2.6959169e-14
2.0971144e-13
-2.608195e-14
1.9705217e-13
-2.4086284e-14
-2.1774989e-14
1.8609396e-13
1.9323345e-13
1.5182555e-13
6.0229385e-25
2.491926e-13
6.5619104e-14
2.6888114e-13
3.071354e-14
2.6491168e-13
5.4911574e-15
2.5333609e-13
-5.6742968e-15
2.3905388e-13
-1.0939815e-14
2.2470579e-13
-1.2611077e-14
2.1125388e-13
-1.2630045e-14
1.9904558e-13
-1.1877987e-14
-1.0848374e-14
1.8811897e-13
1.5182555e-13
5.9378452e-25
2.1744465e-13
2.4815819e-13
2.5364935e-13
2.4797505e-13
2.3703524e-13
2.2442416e-13
2.1179412e-13
1.9991613e-13
1.8906775e-13
1.735912e-13
-2.9088666e-14
1.6556432e-13
-2.5906846e-14
1.5844326e-13
-2.3199864e-14
1.5203778e-13
-2.0943047e-14
1.4619582e-13
-1.9097064e-14
1.4079177e-13
-1.7619058e-14
1.3571924e-13
-1.6467736e-14
1.3088638e-13
-1.5605401e-14
1.2621285e-13
-1.4998424e-14
1.2162777e-13
-1.4616961e-14
1.1706829e-13
-1.4434336e-14
1.1247874e-13
-1.4426322e-14
1.0781013e-13
-1.4570442e-14
1.0301991e-13
-1.4845349e-14
9.8071988e-14
-1.5230339e-14
9.2936834e-14
-1.570502e-14
8.759169e-14
-1.6249156e-14
8.2020729e-14
-1.6842681e-14
7.6215121e-14
-1.7465894e-14
-1.8099785e-14
7.0172922e-14
1.7651607e-13
-1.9510768e-14
1.6806541e-13
-1.7456187e-14
1.6053523e-13
-1.5669687e-14
1.5375279e-13
-1.4160606e-14
1.4757145e-13
-1.2915722e-14
1.4186528e-13
-1.1912887e-14
1.3652513e-13
-1.112759e-14
1.3145571e-13
-1.0535978e-14
1.2657331e-13
-1.0116029e-14
1.2180417e-13
-9.8478177e-15
1.1708318e-13
-9.7133439e-15
1.1235303e-13
-9.6961796e-15
1.0756366e-13
-9.7810693e-15
1.0267187e-13
-9.9535579e-15
9.7641218e-14
-1.0199687e-14
9.2441981e-14
-1.0505784e-14
8.7051186e-14
-1.0858361e-14
8.1452628e-14
-1.1244123e-14
7.5636809e-14
-1.1650076e-14
-1.2063729e-14
6.9600754e-14
1.7838525e-13
-9.777048e-15
1.6970535e-13
-8.7762915e-15
1.6192779e-13
-7.8921255e-15
1.5490536e-13
-7.1381708e-15
1.485021e-13
-6.5124671e-15
1.4259551e-13
-6.0062981e-15
1.3707648e-13
-5.6085545e-15
1.3184832e-13
-5.307822e-15
1.2682557e-13
-5.0932785e-15
1.2193274e-13
-4.9549897e-15
1.1710331e-13
-4.8839103e-15
1.1227889e-13
-4.871754e-15
1.0740863e-13
-4.9108178e-15
1.0244889e-13
-4.9938102e-15
9.7362906e-14
-5.1137065e-15
9.212077e-14
-5.2636478e-15
8.66993e-14
-5.4368908e-15
8.1081987e-14
-5.6268099e-15
7.525886e-14
-5.8269491e-15
-6.0311139e-15
6.9226245e-14
1.7929071e-13
1.7051441e-13
1.6262229e-13
1.5548412e-13
1.4897165e-13
1.4296535e-13
1.373568e-13
1.3204898e-13
1.269557e-13
1.2200071e-13
1.171168e-13
1.1224504e-13
1.0733423e-13
1.0234042e-13
9.722671e-14
9.1963062e-14
8.6526171e-14
8.0899361e-14
7.5072412e-14
6.9041298e-14
6.3898733e-14
-1.8726454e-14
5.7403122e-14
-1.9329562e-14
5.0701821e-14
-1.9894727e-14
4.3814769e-14
-2.0409808e-14
3.6765095e-14
-2.0865028e-14
2.9578143e-14
-2.1252917e-14
2.2280624e-14
-2.1568096e-14
1.4899957e-14
-2.1806938e-14
-2.1967188e-14
7.463835e-15
6.3347642e-14
-1.2473343e-14
5.6886273e-14
-1.2868194e-14
5.0230364e-14
-1.3238817e-14
4.339773e-14
-1.3577174e-14
3.6409428e-14
-1.3876725e-14
2.9288911e-14
-1.4132401e-14
2.2061289e-14
-1.4340473e-14
1.4752714e-14
-1.4498364e-14
-1.460441e-14
7.3899353e-15
6.2986391e-14
-6.2334885e-15
5.6546958e-14
-6.4287606e-15
4.9920373e-14
-6.6122324e-15
4.3123098e-14
-6.7798997e-15
3.617486e-14
-6.9284873e-15
2.9097895e-14
-7.0554353e-15
2.1916262e-14
-7.1588408e-15
1.4655267e-14
-7.237368e-15
-7.2901418e-15
7.3409991e-15
6.280781e-14
5.6379049e-14
4.9766817e-14
4.2986917e-14
3.605843e-14
2.9002994e-14
2.1844154e-14
1.4606786e-14
7.3166438e-15
-2.2047578e-14
-1.4657643e-14
-7.3166438e-15
-4.9784848e-13
5.3584212e-13
-3.7993644e-14
-4.4936804e-13
-4.8480446e-14
-3.9279051e-13
-5.6577516e-14
-3.3130713e-13
-6.1483382e-14
-2.6819904e-13
-6.3108086e-14
-2.0634571e-13
-6.1853326e-14
-1.479584e-13
-5.838731e-14
-9.4379662e-14
-5.3578726e-14
-4.5689863e-14
-4.8689802e-14
-4.5689889e-14
-5.8139764e-13
5.8922992e-13
-7.8322805e-15
-5.7775779e-13
-3.6398557e-15
-5.7645186e-13
-1.3059334e-15
-5.7634978e-13
-1.0207942e-16
-5.7680091e-13
4.5111539e-16
-5.7747796e-13
6.7704289e-16
-5.7824899e-13
7.7103527e-16
-5.79095e-13
8.4599752e-16
-5.8006562e-13
9.7062175e-16
-5.8124458e-13
1.1789563e-15
-5.8271797e-13
1.4733874e-15
-5.8453343e-13
1.8154583e-15
-5.866382e-13
2.1047689e-15
-5.8878573e-13
2.1475337e-15
-5.9041045e-13
1.6247126e-15
-5.9049313e-13
8.2688521e-17
-5.8739377e-13
-3.0993561e-15
-5.7891043e-13
-8.4833369e-15
-5.6249134e-13
-1.6419082e-14
-2.664921e-14
-9.9926115e-13
5.7186222e-13
4.2739894e-13
-1.0255741e-12
2.6312983e-14
-9.4203727e-13
-8.353688e-14
-8.3146955e-13
-1.1056773e-13
-7.3899582e-13
-9.2473726e-14
-6.7320973e-13
-6.5786104e-14
-6.3029326e-13
-4.2916465e-14
-6.0413567e-13
-2.6157598e-14
-1.4905758e-14
5.7186221e-13
-1.7595465e-12
-1.7189557e-13
1.8934484e-12
-1.5908468e-12
-2.1718012e-13
-1.394948e-12
-2.5247631e-13
-1.1820391e-12
-2.7439237e-13
-9.6264461e-13
-2.8250251e-13
-7.4601973e-13
-2.784782e-13
-5.3925532e-13
-2.6515173e-13
-3.466767e-13
-2.4615735e-13
-1.6874994e-13
-2.2661657e-13
-2.1443998e-13
-2.6981126e-12
-3.7615638e-13
2.9023734e-12
-2.440708e-12
-4.745847e-13
-2.1420267e-12
-5.5115756e-13
-1.8175889e-12
-5.9883017e-13
-1.4830238e-12
-6.1706769e-13
-1.1517423e-12
-6.0975972e-13
-8.3392895e-13
-5.8296508e-13
-5.3626036e-13
-5.4382596e-13
-2.6075591e-13
-5.0212105e-13
-4.751961e-13
-3.3434642e-12
-6.2710915e-13
3.594417e-12
-3.0229465e-12
-7.9510243e-13
-2.6498529e-12
-9.2425109e-13
-2.2452409e-12
-1.0034423e-12
-1.8291768e-12
-1.0331318e-12
-1.4178616e-12
-1.0210749e-12
-1.0230488e-12
-9.7777785e-13
-6.5331626e-13
-9.1355856e-13
-3.144463e-13
-8.4099103e-13
-7.8964261e-13
-3.7151128e-12
3.9903865e-12
-9.0238287e-13
-3.3533596e-12
-1.1568555e-12
-2.9295261e-12
-1.3480846e-12
-2.4717346e-12
-1.4612338e-12
-2.0046448e-12
-1.5002216e-12
-1.5460416e-12
-1.4796782e-12
-1.1067329e-12
-1.4170865e-12
-6.9438726e-13
-1.3259042e-12
-3.2342653e-13
-1.2119517e-12
-1.1130693e-12
-2.1010874e-12
-3.8084125e-14
2.1313393e-12
-2.0853726e-12
-1.9354689e-14
-2.0782085e-12
-8.4700476e-15
-2.0758046e-12
-2.5059604e-15
-2.0759012e-12
5.4766994e-16
-2.0772444e-12
2.0202752e-15
-2.0792232e-12
2.7497842e-15
-2.081636e-12
3.2587404e-15
-2.0845145e-12
3.8491702e-15
-2.0879981e-12
4.662562e-15
-2.0922151e-12
5.6903439e-15
-2.0971372e-12
6.7375977e-15
-2.1023735e-12
7.3410898e-15
-2.1068766e-12
6.6505657e-15
-2.1085529e-12
3.301065e-15
-2.1038332e-12
-4.6370263e-15
-2.087381e-12
-1.9551587e-14
-2.0520686e-12
-4.3795679e-14
-1.9898156e-12
-7.867213e-14
-1.2301633e-13
-3.2456751e-12
-7.7753911e-14
3.2853449e-12
-3.2239522e-12
-4.1077659e-14
-3.2131518e-12
-1.927037e-14
-3.2086945e-12
-6.9632703e-15
-3.2077461e-12
-4.0070766e-16
-3.2086738e-12
2.9479458e-15
-3.2106305e-12
4.7064778e-15
-3.2132673e-12
5.8954948e-15
-3.2165264e-12
7.1082624e-15
-3.2204798e-12
8.6159245e-15
-3.2251736e-12
1.0384195e-14
-3.2304371e-12
1.2001095e-14
-3.2356113e-12
1.2515232e-14
-3.2391577e-12
1.0197017e-14
-3.2381239e-12
2.2672331e-15
-3.227529e-12
-1.5231918e-14
-3.1997467e-12
-4.7333896e-14
-3.14438e-12
-9.9162309e-14
-3.049116e-12
-1.7393611e-13
-2.6975896e-13
-3.9967551e-12
-1.1006063e-13
4.0290618e-12
-3.9785817e-12
-5.9251046e-14
-3.9691747e-12
-2.8677408e-14
-3.9649742e-12
-1.1163782e-14
-3.963739e-12
-1.6358572e-15
-3.9641399e-12
3.3488388e-15
-3.9654702e-12
6.0367249e-15
-3.9674152e-12
7.8405087e-15
-3.9698943e-12
9.5873472e-15
-3.9729318e-12
1.1653489e-14
-3.9765288e-12
1.3981209e-14
-3.9804967e-12
1.5968979e-14
-3.9842063e-12
1.6224776e-14
-3.9861935e-12
1.2184193e-14
-3.983551e-12
-3.7524735e-16
-3.971094e-12
-2.7688899e-14
-3.9403102e-12
-7.8117683e-14
-3.8785327e-12
-1.6093981e-13
-3.76914e-12
-2.833288e-13
-4.4448195e-13
-4.3553692e-12
4.3672524e-12
-1.2194381e-13
-4.3485568e-12
-6.6063479e-14
-4.3449471e-12
-3.228703e-14
-4.3432746e-12
-1.28363e-14
-4.3427275e-12
-2.1829517e-15
-4.342818e-12
3.4393024e-15
-4.3432836e-12
6.5023203e-15
-4.3440107e-12
8.567656e-15
-4.344979e-12
1.0555639e-14
-4.3462163e-12
1.2890777e-14
-4.3477492e-12
1.5514111e-14
-4.3495254e-12
1.7745212e-14
-4.351266e-12
1.7965298e-14
-4.3521717e-12
1.3089961e-14
-4.3503723e-12
-2.1746492e-15
-4.3418691e-12
-3.619208e-14
-4.3189448e-12
-1.0104202e-13
-4.2679402e-12
-2.1194439e-13
-4.1675493e-12
-3.8371967e-13
-6.2164478e-13
-4.8500071e-12
-6.9780637e-13
5.9752124e-12
-4.0443691e-12
-7.7932508e-13
-3.4197778e-12
-7.0812813e-13
-2.9638466e-12
-5.6649893e-13
-2.6404619e-12
-4.1585849e-13
-2.4197305e-12
-2.8651742e-13
-2.2754101e-12
-1.8723689e-13
-2.1851382e-12
-1.164296e-13
-6.8704672e-14
-6.0962188e-12
-1.4044115e-12
6.8028239e-12
-5.369633e-12
-1.5059109e-12
-4.7441117e-12
-1.3336494e-12
-4.2528524e-12
-1.0577583e-12
-3.8899797e-12
-7.7873116e-13
-3.6349439e-12
-5.4155331e-13
-3.4635414e-12
-3.5863936e-13
-3.3532204e-12
-2.2675065e-13
-1.3658016e-13
-6.3054728e-12
-2.0190733e-12
6.9201346e-12
-5.6736733e-12
-2.1377105e-12
-5.1631572e-12
-1.8441655e-12
-4.778812e-12
-1.4421035e-12
-4.4991607e-12
-1.0583824e-12
-4.3027591e-12
-7.3795491e-13
-4.1698311e-12
-4.9156736e-13
-4.0832209e-12
-3.1336085e-13
-1.9073931e-13
-5.5213155e-12
6.3584052e-12
-2.856163e-12
-5.0374339e-12
-2.6215921e-12
-4.7858442e-12
-2.0957553e-12
-4.6346176e-12
-1.59333e-12
-4.5335515e-12
-1.1594485e-12
-4.4644228e-12
-8.0708366e-13
-4.4176549e-12
-5.3833526e-13
-4.3868324e-12
-3.441833e-13
-2.1031939e-13
-5.1551287e-13
7.0625875e-12
-7.7527727e-13
7.0625883e-12
-9.1773093e-13
7.0625883e-12
7.0625876e-12
-1.6219133e-12
-1.9540833e-19
-2.367026e-20
1.4837914e-19
-2.280969e-12
-1.068488e-12
2.4470742e-12
-2.0534159e-12
-1.3844087e-12
-1.784799e-12
-1.6167016e-12
-1.4967059e-12
-1.7493268e-12
-1.2065615e-12
-1.790366e-12
-9.2537406e-13
-1.7608656e-12
-6.5743402e-13
-1.6850265e-12
-4.0240424e-13
-1.580934e-12
-1.6934119e-13
-1.4450148e-12
-1.2824107e-12
-2.2635995e-12
2.4256307e-12
-1.2305191e-12
-2.0317682e-12
-1.61624e-12
-1.7564759e-12
-1.8919938e-12
-1.4636551e-12
-2.0421476e-12
-1.1730799e-12
-2.0809413e-12
-8.9638504e-13
-2.0375604e-12
-6.365816e-13
-1.94483e-12
-3.8611657e-13
-1.831399e-12
-1.2517816e-13
-1.7059532e-12
-1.4075889e-12
-2.6015259e-12
-1.1699507e-13
2.5965772e-12
-2.604269e-12
-6.3320389e-14
-2.6056811e-12
-3.0874974e-14
-2.6063164e-12
-1.2200957e-14
-2.6065151e-12
-1.9842516e-15
-2.6064764e-12
3.4006161e-15
-2.6063099e-12
6.335831e-15
-2.6060718e-12
8.3294882e-15
-2.6057913e-12
1.0275185e-14
-2.6054932e-12
1.2592705e-14
-2.6052172e-12
1.523808e-14
-2.6050325e-12
1.7560467e-14
-2.605033e-12
1.796581e-14
-2.6052716e-12
1.3328612e-14
-2.6055364e-12
-1.9099012e-15
-2.6047726e-12
-3.6955838e-14
-2.5998522e-12
-1.059624e-13
-2.583333e-12
-2.2846359e-13
-2.5403628e-12
-4.2668987e-13
-7.1493345e-13
-2.5121863e-12
2.4989276e-12
-1.0373633e-13
-2.5196169e-12
-5.5889786e-14
-2.5234694e-12
-2.7022423e-14
-2.5252076e-12
-1.0462777e-14
-2.5257446e-12
-1.4472911e-15
-2.5256191e-12
3.2751412e-15
-2.5251235e-12
5.8402388e-15
-2.5243961e-12
7.6021234e-15
-2.5234895e-12
9.3685445e-15
-2.522426e-12
1.1529239e-14
-2.5212524e-12
1.406446e-14
-2.5201e-12
1.6408078e-14
-2.5192495e-12
1.7115264e-14
-2.5191699e-12
1.3249091e-14
-2.5204379e-12
-6.4198127e-16
-2.5233072e-12
-3.4086534e-14
-2.5264695e-12
-1.0280003e-13
-2.524203e-12
-2.307301e-13
-2.5009838e-12
-4.4990916e-13
-7.9028655e-13
-1.8232089e-12
-2.193245e-12
1.1602909e-12
-2.1781679e-12
-2.2666331e-12
-2.3564304e-12
-1.9174928e-12
-2.4545931e-12
-1.4951674e-12
-2.5139457e-12
-1.1000959e-12
-2.5509266e-12
-7.7010276e-13
-2.5739306e-12
-5.1533125e-13
-2.5880711e-12
-3.3004282e-13
-2.0181331e-13
-1.0966133e-12
3.8364834e-13
-1.48028e-12
-1.6200741e-12
-1.7431723e-12
-1.9486249e-12
-1.588942e-12
-2.157291e-12
-1.2865013e-12
-2.2933673e-12
-9.6401961e-13
-2.3824001e-12
-6.8106993e-13
-2.4400001e-12
-4.5773126e-13
-2.4764913e-12
-2.9355163e-13
-1.7937706e-13
-4.6162242e-13
-7.797409e-14
-1.1770499e-12
1.2589924e-12
-1.3124616e-12
-1.0529723e-12
-1.7403176e-12
-9.0507692e-13
-2.0398892e-12
-7.4916207e-13
-2.1980625e-12
-5.9690151e-13
-2.2332019e-12
-4.5507645e-13
-2.1793855e-12
-3.2587705e-13
-2.0740294e-12
-2.0766931e-13
-1.9496068e-12
-9.5304605e-14
-1.818318e-12
-1.5028935e-12
-1.2709439e-12
1.2612725e-12
-9.4064953e-14
-1.2763531e-12
-5.0480574e-14
-1.2791412e-12
-2.4234417e-14
-1.2803815e-12
-9.2224692e-15
-1.2807448e-12
-1.0839503e-15
-1.2806261e-12
3.1564261e-15
-1.2802371e-12
5.4512848e-15
-1.2796746e-12
7.0395852e-15
-1.2789693e-12
8.6633034e-15
-1.2781267e-12
1.0686659e-14
-1.2771667e-12
1.3104369e-14
-1.2761715e-12
1.5412928e-14
-1.2753481e-12
1.6291882e-14
-1.2750968e-12
1.2997759e-14
-1.2760481e-12
3.0938008e-16
-1.2789511e-12
-3.1183582e-14
-1.2841424e-12
-9.7608758e-14
-1.2899812e-12
-2.2489123e-13
-1.2885863e-12
-4.5130408e-13
-8.1988047e-13
-4.0894502e-13
1.0189329e-13
-1.1732283e-12
-6.9074241e-13
-1.4613749e-12
-8.8530493e-13
-1.3943795e-12
-1.0211204e-12
-1.1506859e-12
-1.1143249e-12
-8.708151e-13
-1.1771183e-12
-6.1827653e-13
-1.2184656e-12
-4.1638401e-13
-1.2449253e-12
-2.6709191e-13
-1.6302982e-13
2.3919197e-14
-2.8797326e-12
-1.5105255e-12
3.0777964e-12
-2.5632828e-12
-2.0567674e-12
-2.1835491e-12
-2.4196229e-12
-1.7884023e-12
-2.5932093e-12
-1.4113302e-12
-2.6102739e-12
-1.0712993e-12
-2.5194163e-12
-7.7651572e-13
-2.368813e-12
-5.3169127e-13
-2.1944313e-12
-3.3940561e-13
-2.0106036e-12
-1.8422991e-12
-2.5318011e-12
-1.6733747e-12
2.6946502e-12
-2.2276559e-12
-2.3609126e-12
-1.8583563e-12
-2.7889225e-12
-1.4830349e-12
-2.9685308e-12
-1.1393872e-12
-2.9539216e-12
-8.4543163e-13
-2.8133719e-12
-6.0428767e-13
-2.609957e-12
-4.0683184e-13
-2.3918871e-12
-2.2300444e-13
-2.194431e-12
-2.0653035e-12
-2.02067e-12
-1.779074e-12
2.1263692e-12
-1.7457368e-12
-2.6358457e-12
-1.4022018e-12
-3.1324576e-12
-1.0627042e-12
-3.3080284e-12
-7.6936934e-13
-3.2472564e-12
-5.3776197e-13
-3.0449793e-12
-3.6479508e-13
-2.7829239e-12
-2.3441948e-13
-2.5222627e-12
-1.2047666e-13
-2.3083738e-12
-2.1857802e-12
-1.3276591e-12
1.3033717e-12
-1.7547865e-12
-1.1180673e-12
-2.8454376e-12
-8.2155909e-13
-3.4289657e-12
-5.3623008e-13
-3.5933574e-12
-3.1227194e-13
-3.4712145e-12
-1.6223259e-13
-3.1950187e-12
-7.6711139e-14
-2.8684453e-12
-3.556913e-14
-2.5634047e-12
-1.5407344e-14
-2.3285356e-12
-2.2011874e-12
-2.9838685e-12
-6.2933758e-14
2.9527374e-12
-3.0011956e-12
-3.3153561e-14
-3.0100385e-12
-1.539145e-14
-3.0138891e-12
-5.3718404e-15
-3.0149254e-12
-4.7665065e-17
-3.0144271e-12
2.6580795e-15
-3.013068e-12
4.0922568e-15
-3.0111445e-12
5.11604e-15
-3.0087311e-12
6.2499035e-15
-3.0058097e-12
7.7653209e-15
-3.0023988e-12
9.693447e-15
-2.9987173e-12
1.1731416e-14
-2.9954196e-12
1.2994228e-14
-2.9939225e-12
1.150067e-14
-2.996761e-12
3.1478642e-15
-3.0078174e-12
-2.0127186e-14
-3.0315444e-12
-7.3881805e-14
-3.0691898e-12
-1.8724582e-13
-3.1055283e-12
-4.1496562e-13
-8.4761242e-13
-2.3931235e-12
-3.1373839e-14
2.3615636e-12
-2.4103125e-12
-1.5964554e-14
-2.4187638e-12
-6.9401996e-15
-2.4221579e-12
-1.9776935e-15
-2.4227699e-12
5.6436812e-16
-2.4219012e-12
1.7893678e-15
-2.4202203e-12
2.4114123e-15
-2.4179856e-12
2.8812983e-15
-2.4152128e-12
3.4770784e-15
-2.4118037e-12
4.3562311e-15
-2.4076745e-12
5.5642792e-15
-2.4029297e-12
6.9866176e-15
-2.3981431e-12
8.2076888e-15
-2.3948338e-12
8.1913624e-15
-2.3962382e-12
4.5522593e-15
-2.4083178e-12
-8.0475832e-15
-2.4411369e-12
-4.1062747e-14
-2.5088505e-12
-1.1953227e-13
-2.617086e-12
-3.0673014e-13
-7.7004823e-13
-1.602528e-12
-8.273604e-15
1.5794277e-12
-1.6145858e-12
-3.9067478e-15
-1.6200856e-12
-1.4403749e-15
-1.6219117e-12
-1.5161355e-16
-1.6218024e-12
4.5516998e-16
-1.6207225e-12
7.0940751e-16
-1.6191348e-12
8.2379089e-16
-1.6171781e-12
9.2455998e-16
-1.6147952e-12
1.0941874e-15
-1.6118241e-12
1.385137e-15
-1.6080848e-12
1.8250428e-15
-1.6035031e-12
2.4049267e-15
-1.5983325e-12
3.037065e-15
-1.5935895e-12
3.448313e-15
-1.5919688e-12
2.931549e-15
-1.5993392e-12
-6.7715934e-16
-1.6281406e-12
-1.2261357e-14
-1.7039885e-12
-4.3684387e-14
-1.8738325e-12
-1.3688622e-13
-5.1751142e-13
-6.058917e-13
5.976181e-13
-6.0979844e-13
-6.1123881e-13
-6.1139042e-13
-6.1093524e-13
-6.1022583e-13
-6.0940204e-13
-6.0847747e-13
-6.0738327e-13
-6.0599813e-13
-6.0417308e-13
-6.0176815e-13
-5.9873109e-13
-5.9528278e-13
-5.9235124e-13
-5.930284e-13
-6.0528978e-13
-6.4897414e-13
-7.858603e-13
-6.73344e-13
-5.7305591e-13
7.3171634e-14
-1.2898154e-12
-8.4490348e-13
-1.8085757e-12
-8.7561924e-13
-2.2019808e-12
-7.5728075e-13
-2.4859521e-12
-5.8684386e-13
-2.6830526e-12
-4.2117594e-13
-2.8149713e-12
-2.8446531e-13
-2.9000473e-12
-1.8201591e-13
-1.1033978e-13
-3.4422206e-13
-2.2941782e-13
5.8395996e-16
-7.9611291e-13
-3.9301263e-13
-1.2356742e-12
-4.3605792e-13
-1.6030357e-12
-3.8991928e-13
-1.8832771e-12
-3.0660247e-13
-2.0836645e-12
-2.2078851e-13
-2.2195889e-12
-1.4854098e-13
-2.3074552e-12
-9.4149612e-14
-5.6231354e-14
-1.3038936e-13
-5.3849294e-14
-4.5179166e-14
-4.1444765e-13
-1.0895435e-13
-7.22369e-13
-1.2813658e-13
-9.9573981e-13
-1.1654848e-13
-1.2106867e-12
-9.1655624e-14
-1.3660958e-12
-6.537934e-14
-1.4713659e-12
-4.3270972e-14
-1.5387114e-12
-2.6804088e-14
-1.5514973e-14
-1.3536817e-15
-5.2495613e-14
-1.1030804e-13
-2.3844461e-13
-3.5499309e-13
-4.4664872e-13
-5.1202806e-13
-5.5529904e-13
-5.8210312e-13
9.7090822e-14
9.7674777e-14
5.2495618e-14
-4.4681381e-13
-1.3079726e-12
-3.6573803e-13
-2.9265135e-12
-9.922491e-14
-3.6954789e-12
1.490381e-13
-3.8416204e-12
3.0094475e-13
-3.6231211e-12
3.4895043e-13
-3.2430244e-12
3.153864e-13
-2.8348813e-12
2.3003824e-13
-2.4780565e-12
1.1944418e-13
-2.2179415e-12
-2.0817431e-12
1.456585e-13
-1.4536312e-12
5.0059685e-13
-3.2814519e-12
8.5477362e-13
-4.0496556e-12
1.0538369e-12
-4.0406837e-12
1.0761362e-12
-3.6454204e-12
9.6240655e-13
-3.1292948e-12
7.6401799e-13
-2.6364928e-12
5.2224843e-13
-2.236287e-12
2.634568e-13
-1.9591499e-12
-1.8182861e-12
6.0547963e-13
-2.0591108e-12
1.4002758e-12
-4.0762481e-12
1.8975638e-12
-4.5469436e-12
2.0159642e-12
-4.1590841e-12
1.8589778e-12
-3.488434e-12
1.5481498e-12
-2.8184667e-12
1.1706653e-12
-2.2590083e-12
7.7592922e-13
-1.8415509e-12
3.8487216e-13
-1.5680928e-12
-1.4334139e-12
1.4029594e-12
-3.4620703e-12
2.7016892e-12
-5.3749778e-12
3.1657684e-12
-5.0110228e-12
3.0178407e-12
-4.0111564e-12
2.5675564e-12
-3.0381498e-12
2.0149704e-12
-2.2658806e-12
1.4602319e-12
-1.7042698e-12
9.4075155e-13
-1.3220706e-12
4.5909238e-13
-1.0864337e-12
-9.7432135e-13
3.9060128e-12
-7.368083e-12
5.0367054e-12
-6.5056705e-12
4.7152562e-12
-4.6895735e-12
3.9021715e-12
-3.1980717e-12
3.0157284e-12
-2.1517067e-12
2.2119809e-12
-1.4621332e-12
1.5291155e-12
-1.0214044e-12
9.548634e-13
-7.4781849e-13
4.5774988e-13
-5.8932016e-13
-5.1657138e-13
1.2182202e-11
-3.929041e-12
-1.5621245e-11
8.7799786e-12
-3.1034467e-12
6.1641754e-12
-2.0737703e-12
4.2762613e-12
-1.3101576e-12
2.9402838e-12
-8.1572911e-13
1.9918204e-12
-5.1366984e-13
1.304636e-12
-3.3422e-13
7.8666281e-13
-2.2984528e-13
3.6972451e-13
-1.7238187e-13
-1.4684684e-13
8.7000675e-12
-1.2629109e-11
5.5966208e-12
3.5228506e-12
2.212693e-12
1.3969639e-12
8.8329405e-13
5.4907404e-13
3.1922873e-13
1.4684685e-13
1.3856269e-11
-6.779813e-13
-1.3178287e-11
1.4035904e-11
-1.7963544e-13
1.4091192e-11
-5.528827e-14
1.41119e-11
-2.0707445e-14
1.4119992e-11
-8.0923479e-15
1.4123132e-11
-3.1399966e-15
1.4124366e-11
-1.2342367e-15
1.4124861e-11
-4.950221e-16
1.4125065e-11
-2.0382288e-16
1.4125163e-11
-9.7850493e-17
1.4125248e-11
-8.5227761e-17
1.4125404e-11
-1.560707e-16
1.4125774e-11
-3.6943653e-16
1.412668e-11
-9.0590994e-16
1.4129085e-11
-2.4052833e-15
1.4136244e-11
-7.159352e-15
1.4156718e-11
-2.047385e-14
1.420927e-11
-5.2551659e-14
1.4400518e-11
-1.912486e-13
-1.2207261e-12
1.4394084e-11
-1.5072066e-11
1.4214449e-11
1.4159161e-11
1.4138453e-11
1.4130361e-11
1.4127221e-11
1.4125987e-11
1.4125492e-11
1.4125288e-11
1.412519e-11
1.4125105e-11
1.4124949e-11
1.4124579e-11
1.4123673e-11
1.4121268e-11
1.4114109e-11
1.4093635e-11
1.4041083e-11
1.3849835e-11
1.017109e-11
-5.6407218e-13
-9.6070175e-12
1.0518223e-11
-3.4713299e-13
1.0778416e-11
-2.601933e-13
1.1028666e-11
-2.5025034e-13
1.1286762e-11
-2.5809566e-13
1.1568957e-11
-2.8219497e-13
1.1899992e-11
-3.3103539e-13
1.2333547e-11
-4.3355485e-13
-8.4474002e-13
1.1471712e-11
-9.9573385e-12
-2.0784452e-12
1.2618043e-11
-1.4934646e-12
1.3421455e-11
-1.063605e-12
1.4027051e-11
-8.5584589e-13
1.4499735e-11
-7.3077963e-13
1.4877555e-11
-6.6001519e-13
1.5165605e-11
-6.1908534e-13
1.5329165e-11
-5.9711545e-13
-5.8764022e-13
-4.388194e-12
-9.126709e-12
1.0689087e-17
-2.0784271e-12
-2.8827243e-17
6.976307e-18
-1.4934609e-12
7.5301384e-18
-1.0636056e-12
7.6396338e-18
-8.5584599e-13
7.7650515e-18
-7.3077976e-13
7.9126783e-18
-6.6001533e-13
8.2859112e-18
-6.1908572e-13
8.3382137e-18
-5.9711548e-13
-5.8763188e-13
1.0508312e-12
-1.1303727e-12
-1.9988856e-12
5.2402694e-13
-9.6665669e-13
2.8443251e-13
-8.2401114e-13
1.5731785e-13
-7.2873133e-13
8.9629846e-14
-6.6309175e-13
5.0779423e-14
-6.2116491e-13
2.7292476e-14
-5.9559877e-13
1.1829305e-14
-5.8165231e-13
-5.7580257e-13
1.1570313e-12
-2.1000576e-12
-1.873464e-13
6.1629328e-13
-4.259187e-13
3.540438e-13
-5.6176166e-13
2.0647464e-13
-5.8116218e-13
1.2230275e-13
-5.7891987e-13
7.1077949e-14
-5.6994011e-13
3.8610009e-14
-5.6313083e-13
1.6712211e-14
-5.5975451e-13
-5.5909036e-13
-4.2558356e-12
-1.38382e-12
1.3870246e-12
6.0573284e-13
-7.0440023e-14
-7.2263923e-13
4.5609441e-13
-2.7628026e-13
3.1258398e-13
-4.1825123e-13
2.0642635e-13
-4.7500454e-13
1.3124814e-13
-5.0374165e-13
7.9145597e-14
-5.1783757e-13
4.3264624e-14
-5.2724986e-13
1.8415151e-14
-5.3490504e-13
-5.4067521e-13
4.0368916e-13
-5.7319831e-14
-4.1680935e-13
3.3817134e-13
-2.1076244e-13
2.5160453e-13
-3.3168442e-13
1.7604771e-13
-3.9944772e-13
1.1530384e-13
-4.4299779e-13
6.9230024e-14
-4.7176375e-13
3.5947185e-14
-4.9396702e-13
1.3698192e-14
-5.1265605e-13
-5.2697702e-13
2.3758513e-13
-9.5677577e-14
-1.9922739e-13
2.2480706e-13
-1.9798437e-13
1.8128409e-13
-2.8816145e-13
1.3236246e-13
-3.5052608e-13
8.6431544e-14
-3.9706687e-13
4.8027158e-14
-4.3335937e-13
1.940299e-14
-4.6534285e-13
2.9962234e-15
-4.9624928e-13
-5.239808e-13
1.4596031e-13
-1.3163348e-13
-1.1000441e-13
1.465571e-13
-1.9858116e-13
1.2216525e-13
-2.6376961e-13
8.7977741e-14
-3.1633858e-13
5.1223883e-14
-3.6031301e-13
1.7169554e-14
-3.9930504e-13
-9.6589925e-15
-4.385143e-13
-1.9496464e-14
-4.8641181e-13
-5.4347726e-13
8.5578102e-14
-5.9254161e-14
-1.5795742e-13
8.8731251e-14
-2.0173431e-13
7.3060878e-14
-2.4809923e-13
4.671148e-14
-2.8998918e-13
1.4770202e-14
-3.2837174e-13
-1.8031604e-14
-3.6650323e-13
-4.5833896e-14
-4.1071201e-13
-4.9537473e-14
-4.8270824e-13
-5.9301473e-13
6.6438539e-13
2.4757604e-13
4.8348655e-14
-6.1655753e-14
-1.2090991e-13
-7.7533121e-14
-6.8668649e-15
8.4399985e-14
-7.0291588e-14
-7.2415325e-15
-6.2658135e-14
-7.6334534e-15
-5.4629901e-14
-8.0282333e-15
-4.6219625e-14
-8.4102766e-15
-3.7456405e-14
-8.7632198e-15
-2.8385731e-14
-9.070674e-15
-1.9068474e-14
-9.3172568e-15
-9.578663e-15
-9.4898112e-15
-9.578663e-15
-7.7874587e-14
-1.370614e-14
8.4713862e-14
-7.064858e-14
-1.446754e-14
-6.3017429e-14
-1.5264605e-14
-5.4977253e-14
-1.6068409e-14
-4.6540169e-14
-1.684736e-14
-3.7735334e-14
-1.7568055e-14
-2.8609215e-14
-1.8196793e-14
-1.9224739e-14
-1.8701733e-14
-9.6590829e-15
-1.9055467e-14
-1.9237746e-14
-7.8568606e-14
-2.0489311e-14
8.5351778e-14
-7.1374655e-14
-2.1661491e-14
-6.3748982e-14
-2.2890278e-14
-5.5685424e-14
-2.4131967e-14
-4.7194616e-14
-2.5338169e-14
-3.8305616e-14
-2.6457055e-14
-2.9066716e-14
-2.7435693e-14
-1.954496e-14
-2.8223489e-14
-9.8239922e-15
-2.8776435e-14
-2.9061738e-14
-7.963737e-14
-2.7185871e-14
8.633393e-14
-7.249419e-14
-2.8804671e-14
-6.4879106e-14
-3.0505362e-14
-5.6781918e-14
-3.2229155e-14
-4.8210403e-14
-3.3909683e-14
-3.9192907e-14
-3.5474551e-14
-2.9780098e-14
-3.6848502e-14
-2.0045167e-14
-3.7958419e-14
-1.0081894e-14
-3.8739708e-14
-3.9143632e-14
-8.111427e-14
8.7690232e-14
-3.3761834e-14
-7.4044395e-14
-3.5874545e-14
-6.6448506e-14
-3.8101252e-14
-5.8309821e-14
-4.036784e-14
-4.963102e-14
-4.2588484e-14
-4.043831e-14
-4.4667261e-14
-3.0784709e-14
-4.6502103e-14
-2.0751469e-14
-4.7991659e-14
-1.0446713e-14
-4.9044464e-14
-4.9590345e-14
-3.5888126e-13
-1.0843234e-13
4.6731361e-13
-2.8964129e-13
-6.9239974e-14
-2.4813813e-13
-4.1503162e-14
-2.1968864e-13
-2.8449489e-14
-1.9925899e-13
-2.0429651e-14
-1.8369634e-13
-1.5562653e-14
-1.7134251e-13
-1.2353823e-14
-1.6116889e-13
-1.0173622e-14
-1.5252196e-13
-8.6469275e-15
-1.4495656e-13
-7.5654075e-15
-1.381556e-13
-6.8009594e-15
-1.3188277e-13
-6.2728305e-15
-1.2595509e-13
-5.9276775e-15
-1.2022601e-13
-5.7290736e-15
-1.1457481e-13
-5.651209e-15
-1.0889976e-13
-5.6750414e-15
-1.0311398e-13
-5.785785e-15
-9.7142789e-14
-5.9711894e-15
-9.0922493e-14
-6.2202967e-15
-6.5225071e-15
-2.922264e-13
-1.4557462e-13
3.2936867e-13
-2.5972818e-13
-1.017382e-13
-2.326451e-13
-6.8586236e-14
-2.1121232e-13
-4.9882269e-14
-1.9419726e-13
-3.7444715e-14
-1.8048406e-13
-2.9275851e-14
-1.6919772e-13
-2.364016e-14
-1.5968885e-13
-1.9682489e-14
-1.514824e-13
-1.6853384e-14
-1.4422575e-13
-1.4822056e-14
-1.376519e-13
-1.3374809e-14
-1.3155327e-13
-1.2371463e-14
-1.2576408e-13
-1.1716868e-14
-1.2014843e-13
-1.1344721e-14
-1.1459229e-13
-1.1207352e-14
-1.0899814e-13
-1.1269188e-14
-1.0328157e-13
-1.1502351e-14
-9.7369218e-14
-1.1883545e-14
-9.1197772e-14
-1.2391743e-14
-1.3006417e-14
-2.4084955e-13
-1.5010494e-13
2.4537987e-13
-2.2898227e-13
-1.1360548e-13
-2.135433e-13
-8.4025202e-14
-1.99038e-13
-6.4387571e-14
-1.8615453e-13
-5.0328183e-14
-1.750098e-13
-4.042058e-14
-1.6537587e-13
-3.3274092e-14
-1.5697532e-13
-2.8083047e-14
-1.4954253e-13
-2.4286165e-14
-1.4284775e-13
-2.1516837e-14
-1.3669746e-13
-1.9525101e-14
-1.309294e-13
-1.8139527e-14
-1.2540639e-13
-1.7239876e-14
-1.200109e-13
-1.6740207e-14
-1.1464075e-13
-1.6577504e-14
-1.0920593e-13
-1.6704005e-14
-1.0362652e-13
-1.7081769e-14
-9.7831394e-14
-1.7678667e-14
-9.1757845e-14
-1.8465292e-14
-1.9412484e-14
-2.0457888e-13
-1.4474103e-13
1.9921497e-13
-2.0203054e-13
-1.1615382e-13
-1.9447805e-13
-9.1577693e-14
-1.8559591e-13
-7.3269708e-14
-1.7661726e-13
-5.9306836e-14
-1.6816796e-13
-4.8869873e-14
-1.6041743e-13
-4.1024628e-14
-1.5336091e-13
-3.5139561e-14
-1.4691226e-13
-3.0734821e-14
-1.4095873e-13
-2.7470365e-14
-1.3538319e-13
-2.5100636e-14
-1.3007369e-13
-2.3449026e-14
-1.2492647e-13
-2.2387104e-14
-1.1984628e-13
-2.1820398e-14
-1.1474571e-13
-2.1678072e-14
-1.0954427e-13
-2.1905444e-14
-1.0416767e-13
-2.2458363e-14
-9.8547525e-14
-2.3298816e-14
-9.2621472e-14
-2.4391345e-14
-2.5700026e-14
-1.7771131e-13
1.690974e-13
-1.3612712e-13
-1.798027e-13
-1.1406243e-13
-1.772304e-13
-9.4149998e-14
-1.7248118e-13
-7.8018926e-14
-1.6674237e-13
-6.5045648e-14
-1.6074986e-13
-5.4862383e-14
-1.5485139e-13
-4.6923095e-14
-1.4919896e-13
-4.0791992e-14
-1.4382959e-13
-3.6104192e-14
-1.3872132e-13
-3.2578626e-14
-1.3382221e-13
-2.9999752e-14
-1.2906646e-13
-2.8204778e-14
-1.2438279e-13
-2.7070771e-14
-1.1969861e-13
-2.6504582e-14
-1.1494195e-13
-2.643473e-14
-1.1004241e-13
-2.6804986e-14
-1.049316e-13
-2.7569165e-14
-9.9543674e-14
-2.8686745e-14
-9.3815975e-14
-3.0119045e-14
-3.1825768e-14
4.736672e-14
-1.7351068e-13
-3.1813455e-14
4.7827365e-14
-2.0219495e-13
3.4202445e-14
-2.3447431e-13
9.6712535e-15
-2.6545799e-13
-2.4609718e-14
-2.9409076e-13
-7.0987797e-14
-3.2012515e-13
-1.3736873e-13
-3.4433107e-13
-2.5610207e-13
-3.639749e-13
-3.818032e-13
2.2342497e-14
-1.8044311e-13
-1.5410072e-14
1.9398543e-14
-1.99251e-13
6.2141739e-15
-2.2128994e-13
-1.6142803e-14
-2.4310101e-13
-4.7320489e-14
-2.6291308e-13
-8.8426812e-14
-2.7901883e-13
-1.4286289e-13
-2.89895e-13
-2.1931385e-13
-2.8752394e-13
-2.7174837e-13
6.0029008e-15
-1.8104719e-13
-5.3988192e-15
3.3111023e-17
-1.9328121e-13
-1.3329148e-14
-2.0792769e-13
-3.3946071e-14
-2.2248409e-13
-6.1766808e-14
-2.3509234e-13
-9.7044309e-14
-2.4374133e-13
-1.4050523e-13
-2.4643408e-13
-1.9048374e-13
-2.3754543e-13
-2.1685224e-13
-4.6035035e-15
-1.7730788e-13
8.6419045e-16
-1.2755137e-14
-1.8512958e-13
-2.6141795e-14
-1.9454103e-13
-4.4898297e-14
-2.0372758e-13
-6.8925283e-14
-2.1106536e-13
-9.7887103e-14
-2.1477951e-13
-1.3118573e-13
-2.1313545e-13
-1.659705e-13
-2.0276066e-13
-1.8360777e-13
-1.1361653e-14
4.7784993e-15
-1.7072472e-13
-2.0919528e-14
-1.755717e-13
-3.4126558e-14
-1.81334e-13
-5.1151289e-14
-1.8670285e-13
-7.1830096e-14
-1.9038655e-13
-9.5604119e-14
-1.9100549e-13
-1.2146502e-13
-1.8727455e-13
-1.4686409e-13
-1.7736159e-13
-1.6137447e-13
-1.5272337e-13
-1.6813344e-13
-1.7353226e-13
-1.7266807e-13
-1.6788957e-13
-8.9047567e-14
-4.0630108e-14
9.5915841e-14
-8.1585569e-14
-4.3336542e-14
-7.3484165e-14
-4.6202656e-14
-6.4714013e-14
-4.9137992e-14
-5.5268431e-14
-5.2034066e-14
-4.5170111e-14
-5.4765582e-14
-3.4477329e-14
-5.7194885e-14
-2.3287809e-14
-5.9181179e-14
-1.1738754e-14
-6.059352e-14
-6.1329099e-14
-9.1883424e-14
-4.7256561e-14
9.8509876e-14
-8.4584438e-14
-5.0635528e-14
-7.6550011e-14
-5.4237083e-14
-6.7732623e-14
-5.795538e-14
-5.8108991e-14
-6.1657697e-14
-4.7690307e-14
-6.5184266e-14
-3.6532892e-14
-6.8352299e-14
-2.4746295e-14
-7.0967776e-14
-1.2496889e-14
-7.2842926e-14
-7.3825988e-14
-9.5428165e-14
-5.3567548e-14
1.0173915e-13
-8.8356255e-14
-5.7707438e-14
-8.0435962e-14
-6.2157376e-14
-7.1592416e-14
-6.6798927e-14
-6.1775319e-14
-7.1474794e-14
-5.0974022e-14
-7.5985563e-14
-3.92352e-14
-8.0091121e-14
-2.6678211e-14
-8.3524766e-14
-1.3506661e-14
-8.6014476e-14
-8.7332649e-14
-9.9775868e-14
-5.9468406e-14
1.0567673e-13
-9.3020427e-14
-6.446288e-14
-8.5289193e-14
-6.988861e-14
-7.6467412e-14
-7.5620707e-14
-6.646221e-14
-8.1479996e-14
-5.5223883e-14
-8.722389e-14
-4.2774377e-14
-9.2540627e-14
-2.9234645e-14
-9.7064498e-14
-1.4853504e-14
-1.0039562e-13
-1.0218615e-13
-1.0502837e-13
-6.4836603e-14
1.1039657e-13
-9.8713931e-14
-7.0777316e-14
-9.1287513e-14
-7.7315028e-14
-8.2578081e-14
-8.4330139e-14
-7.2427687e-14
-9.1630389e-14
-6.0719761e-14
-9.8931817e-14
-4.7423601e-14
-1.0583679e-13
-3.2640332e-14
-1.1184777e-13
-1.6668694e-14
-1.1636725e-13
-1.1885485e-13
-1.1128649e-13
-6.951439e-14
1.1596428e-13
-1.0558465e-13
-7.6479159e-14
-9.8637232e-14
-8.4262445e-14
-9.0196949e-14
-9.2770423e-14
-8.0009766e-14
-1.0181757e-13
-6.784873e-14
-1.1109285e-13
-5.3580813e-14
-1.201047e-13
-3.7238233e-14
-1.2819035e-13
-1.9162509e-14
-1.3444298e-13
-1.3801736e-13
-1.1863917e-13
1.2242742e-13
-7.3302634e-14
-1.1378093e-13
-8.1337403e-14
-1.0756627e-13
-9.0477105e-14
-9.965007e-14
-1.0068662e-13
-8.9642508e-14
-1.1182513e-13
-7.7141278e-14
-1.2359408e-13
-6.1826533e-14
-1.3541945e-13
-4.3557607e-14
-1.4645927e-13
-2.2680465e-14
-1.5532012e-13
-1.6069782e-13
-1.6808704e-13
-1.2631134e-13
1.5827127e-13
-1.7272354e-13
-1.0942593e-13
-1.7329739e-13
-9.3576145e-14
-1.7141505e-13
-7.9901264e-14
-1.680702e-13
-6.8390497e-14
-1.6396617e-13
-5.8966421e-14
-1.5951856e-13
-5.1370697e-14
-1.5496501e-13
-4.5345544e-14
-1.5042293e-13
-4.0646269e-14
-1.4593598e-13
-3.7065576e-14
-1.4150242e-13
-3.4433316e-14
-1.3709329e-13
-3.2613911e-14
-1.3266333e-13
-3.1500732e-14
-1.2815748e-13
-3.1010431e-14
-1.2351466e-13
-3.1077545e-14
-1.1867001e-13
-3.1649643e-14
-1.1355624e-13
-3.2682927e-14
-1.0810483e-13
-3.4138164e-14
-1.0224709e-13
-3.597678e-14
-3.8157018e-14
-1.5058882e-13
-1.1684588e-13
1.4112336e-13
-1.5631538e-13
-1.0369937e-13
-1.588849e-13
-9.1006627e-14
-1.5921985e-13
-7.9566317e-14
-1.5802102e-13
-6.9589322e-14
-1.5584109e-13
-6.1146355e-14
-1.5305741e-13
-5.4154376e-14
-1.4991786e-13
-4.84851e-14
-1.4657193e-13
-4.3992191e-14
-1.4310062e-13
-4.0536893e-14
-1.3953752e-13
-3.7996408e-14
-1.3588409e-13
-3.6267343e-14
-1.3211972e-13
-3.5265101e-14
-1.2820843e-13
-3.4921721e-14
-1.2410308e-13
-3.5182895e-14
-1.1974805e-13
-3.6004675e-14
-1.1508096e-13
-3.7350012e-14
-1.10034e-13
-3.9185126e-14
-1.0453516e-13
-4.1475623e-14
-4.41823e-14
-1.3698397e-13
-1.0795547e-13
1.2809356e-13
-1.4315112e-13
-9.7532222e-14
-1.4688227e-13
-8.7275471e-14
-1.4869818e-13
-7.7750409e-14
-1.4906911e-13
-6.9218395e-14
-1.484029e-13
-6.1812563e-14
-1.4701025e-13
-5.5547023e-14
-1.451162e-13
-5.0379151e-14
-1.4287289e-13
-4.6235507e-14
-1.4037586e-13
-4.3033924e-14
-1.3767772e-13
-4.069454e-14
-1.3479911e-13
-3.9145957e-14
-1.3173666e-13
-3.8327556e-14
-1.2846866e-13
-3.8189714e-14
-1.2495887e-13
-3.8692688e-14
-1.2115888e-13
-3.9804665e-14
-1.1700969e-13
-4.1499206e-14
-1.1244271e-13
-4.3752105e-14
-1.0738072e-13
-4.6537607e-14
-4.9823872e-14
-1.2618025e-13
-9.9616986e-14
1.1784177e-13
-1.3249177e-13
-9.1220705e-14
-1.3690901e-13
-8.2858231e-14
-1.3972426e-13
-7.4935159e-14
-1.4124512e-13
-6.7697533e-14
-1.4176254e-13
-6.1295145e-14
-1.4151893e-13
-5.5790635e-14
-1.4070415e-13
-5.1193925e-14
-1.3945762e-13
-4.7482041e-14
-1.3787533e-13
-4.4616209e-14
-1.3601745e-13
-4.2552427e-14
-1.3391514e-13
-4.1248266e-14
-1.3157615e-13
-4.0666541e-14
-1.2898891e-13
-4.0776959e-14
-1.2612529e-13
-4.1556308e-14
-1.2294235e-13
-4.2987599e-14
-1.1938322e-13
-4.5058338e-14
-1.153774e-13
-4.7757926e-14
-1.1084092e-13
-5.1074083e-14
-5.4988069e-14
-1.1745662e-13
-9.1741912e-14
1.0958154e-13
-1.2378428e-13
-8.4893044e-14
-1.286187e-13
-7.8023809e-14
-1.3212359e-13
-7.1430268e-14
-1.3449777e-13
-6.5323354e-14
-1.3594524e-13
-5.9847677e-14
-1.3664958e-13
-5.5086292e-14
-1.3676451e-13
-5.1078997e-14
-1.3641066e-13
-4.7835895e-14
-1.3567708e-13
-4.5349785e-14
-1.3462446e-13
-4.3605044e-14
-1.3328876e-13
-4.2583967e-14
-1.3168446e-13
-4.2270846e-14
-1.2980705e-13
-4.2654367e-14
-1.2763467e-13
-4.3728688e-14
-1.251288e-13
-4.5493467e-14
-1.222342e-13
-4.7952939e-14
-1.1887815e-13
-5.1113973e-14
-1.1496932e-13
-5.4982914e-14
-5.9560827e-14
-1.1032403e-13
-8.4235253e-14
1.0281737e-13
-1.1661947e-13
-7.8597603e-14
-1.2171949e-13
-7.2923792e-14
-1.2571569e-13
-6.7434067e-14
-1.2873634e-13
-6.2302701e-14
-1.3092372e-13
-5.7660305e-14
-1.324149e-13
-5.3595106e-14
-1.3333169e-13
-5.0162204e-14
-1.3377534e-13
-4.7392251e-14
-1.3382507e-13
-4.5300054e-14
-1.3353856e-13
-4.3891548e-14
-1.3295327e-13
-4.316926e-14
-1.3208783e-13
-4.3136292e-14
-1.3094312e-13
-4.3799074e-14
-1.2950274e-13
-4.5169069e-14
-1.2773262e-13
-4.7263587e-14
-1.2557984e-13
-5.0105715e-14
-1.2297055e-13
-5.3723268e-14
-1.1980703e-13
-5.8146431e-14
-6.340358e-14
-1.044425e-13
9.7220744e-14
-7.7013497e-14
-1.1069449e-13
-7.2345616e-14
-1.1597489e-13
-6.7643393e-14
-1.2033501e-13
-6.3073943e-14
-1.2385825e-13
-5.877946e-14
-1.2664434e-13
-5.4874217e-14
-1.2879555e-13
-5.14439e-14
-1.3040778e-13
-4.8549971e-14
-1.3156504e-13
-4.6234987e-14
-1.3233666e-13
-4.4528434e-14
-1.327762e-13
-4.3452014e-14
-1.3292125e-13
-4.3024205e-14
-1.3279359e-13
-4.326395e-14
-1.323991e-13
-4.4193569e-14
-1.317272e-13
-4.5840969e-14
-1.3074956e-13
-4.8241226e-14
-1.2941775e-13
-5.1437518e-14
-1.2765973e-13
-5.5481296e-14
-1.2537483e-13
-6.0431328e-14
-6.6350991e-14
-1.6772305e-14
-1.6172676e-13
7.774339e-15
-2.7877233e-14
-1.6446677e-13
-4.1612975e-14
-1.6759826e-13
-5.8106398e-14
-1.7020943e-13
-7.7140023e-14
-1.7135292e-13
-9.8094189e-14
-1.7005132e-13
-1.1992113e-13
-1.6544761e-13
-1.4065653e-13
-1.5662619e-13
-1.4375973e-13
-1.9414313e-14
-1.5163295e-13
9.3205013e-15
-3.0870529e-14
-1.5301056e-13
-4.403628e-14
-1.544325e-13
-5.8973099e-14
-1.5527261e-13
-7.5460264e-14
-1.5486576e-13
-9.2960578e-14
-1.5255101e-13
-1.106229e-13
-1.4778528e-13
-1.2712108e-13
-1.4012801e-13
-1.2975745e-13
-2.0701611e-14
-1.4103931e-13
1.010797e-14
-3.2158605e-14
-1.4155356e-13
-4.4692744e-14
-1.4189837e-13
-5.8315258e-14
-1.416501e-13
-7.2824577e-14
-1.4035644e-13
-8.7791038e-14
-1.3758455e-13
-1.0257407e-13
-1.3300225e-13
-1.162947e-13
-1.2640738e-13
-1.1795858e-13
-2.1131433e-14
-1.303242e-13
1.0416331e-14
-3.2376891e-14
-1.303081e-13
-4.4272961e-14
-1.300023e-13
-5.6798421e-14
-1.2912464e-13
-6.9779485e-14
-1.2737538e-13
-8.288558e-14
-1.2447845e-13
-9.5650377e-14
-1.2023746e-13
-1.0748888e-13
-1.1456888e-13
-1.076057e-13
-2.1038828e-14
-1.1971651e-13
1.0431134e-14
-3.1956294e-14
-1.1939064e-13
-4.3241235e-14
-1.1871735e-13
-5.4853964e-14
-1.1751191e-13
-6.6648948e-14
-1.1558039e-13
-7.8375938e-14
-1.1275146e-13
-8.9699386e-14
-1.0891401e-13
-1.002248e-13
-1.0404347e-13
-9.8248952e-14
-2.0644549e-14
-1.0934577e-13
1.0273813e-14
-3.1180642e-14
-1.0885454e-13
-4.1899547e-14
-1.0799845e-13
-5.2752574e-14
-1.0665888e-13
-6.3619288e-14
-1.0471368e-13
-7.4310644e-14
-1.0206011e-13
-8.45848e-14
-9.8639852e-14
-9.4170792e-14
-9.4457477e-14
-8.9602371e-14
-2.0092845e-14
1.0023632e-14
-9.927656e-14
-3.0234368e-14
-9.8713021e-14
-4.0440757e-14
-9.7792061e-14
-5.0660214e-14
-9.6439423e-14
-6.0793179e-14
-9.4580714e-14
-7.0695818e-14
-9.2157466e-14
-8.0192073e-14
-8.9143598e-14
-8.9091871e-14
-8.5557678e-14
-8.1473498e-14
-1.6011523e-13
-1.5079473e-13
-1.4068676e-13
-1.3027043e-13
-1.198393e-13
-1.0956548e-13
-9.954185e-14
-1.2094871e-13
-7.5856764e-14
1.2350284e-13
-1.1738688e-13
-8.4899234e-14
-1.1248258e-13
-9.5381406e-14
-1.0579997e-13
-1.0736923e-13
-9.6800257e-14
-1.2082485e-13
-8.4852614e-14
-1.3554173e-13
-6.935077e-14
-1.5092129e-13
-4.9799533e-14
-1.6601051e-13
-2.6424278e-14
-1.7869537e-13
-1.871221e-13
-1.2966274e-13
-7.7135321e-14
1.309413e-13
-1.2746818e-13
-8.70938e-14
-1.2397465e-13
-9.8874927e-14
-1.1864099e-13
-1.1270289e-13
-1.107347e-13
-1.2873114e-13
-9.9287531e-14
-1.469889e-13
-8.3223484e-14
-1.6698534e-13
-6.1337296e-14
-1.878967e-13
-3.351188e-14
-2.0652079e-13
-2.2063398e-13
-1.3929401e-13
-7.6872027e-14
1.3903071e-13
-1.3884692e-13
-8.7540882e-14
-1.3729445e-13
-1.004274e-13
-1.3402207e-13
-1.1597527e-13
-1.2811113e-13
-1.3464208e-13
-1.1817619e-13
-1.5692384e-13
-1.0246114e-13
-1.8270039e-13
-7.8402977e-14
-2.1195487e-13
-4.5017707e-14
-2.3990606e-13
-2.6565169e-13
-1.4965295e-13
-7.48098e-14
1.4759072e-13
-1.5135351e-13
-8.584032e-14
-1.523528e-13
-9.9428108e-14
-1.5204598e-13
-1.1628208e-13
-1.4940809e-13
-1.3727997e-13
-1.4262299e-13
-1.6370895e-13
-1.2906202e-13
-1.9626135e-13
-1.0378638e-13
-2.3723051e-13
-6.4010594e-14
-2.7968185e-13
-3.2966228e-13
-1.6041454e-13
-7.074312e-14
1.5634786e-13
-1.646318e-13
-8.1623057e-14
-1.6883214e-13
-9.5227772e-14
-1.7261124e-13
-1.1250298e-13
-1.7512486e-13
-1.3476635e-13
-1.7446573e-13
-1.6436808e-13
-1.6740498e-13
-2.033221e-13
-1.453865e-13
-2.5924899e-13
-1.0228193e-13
-3.2278641e-13
-4.3194421e-13
-1.7106603e-13
-6.459968e-14
1.6492259e-13
-1.7799117e-13
-7.469792e-14
-1.8581875e-13
-8.7400188e-14
-1.9456071e-13
-1.0376102e-13
-2.039201e-13
-1.2540697e-13
-2.1243044e-13
-1.5585774e-13
-2.1685298e-13
-1.9889956e-13
-2.0403164e-13
-2.7207033e-13
-1.6297876e-13
-3.6383929e-13
-5.9492298e-13
-1.8099244e-13
-5.648471e-14
1.7287747e-13
-1.9057947e-13
-6.5110893e-14
-2.0220509e-13
-7.577457e-14
-2.1674517e-13
-8.9220933e-14
-2.3553353e-13
-1.0661861e-13
-2.6051633e-13
-1.3087494e-13
-2.9399958e-13
-1.6541631e-13
-3.3048366e-13
-2.3558625e-13
-3.6228204e-13
-3.3204091e-13
-9.5720501e-13
-1.8943682e-13
1.7974608e-13
-4.6793972e-14
-2.0107522e-13
-5.3472491e-14
-2.1551291e-13
-6.1336878e-14
-2.3417082e-13
-7.0563025e-14
-2.5939039e-13
-8.139904e-14
-2.9507565e-13
-9.5189683e-14
-3.4653028e-13
-1.1396168e-13
-4.1077601e-13
-1.7134052e-13
-4.8023779e-13
-2.6257914e-13
-1.4374428e-12
-9.4971486e-14
-7.0334387e-14
8.8292376e-14
-1.0089251e-13
-6.6424595e-14
-1.060471e-13
-6.2488805e-14
-1.1046329e-13
-5.8657748e-14
-1.1419432e-13
-5.5048428e-14
-1.173085e-13
-5.1760037e-14
-1.198799e-13
-4.8872501e-14
-1.2198148e-13
-4.6448394e-14
-1.2368029e-13
-4.4536179e-14
-1.250345e-13
-4.3174216e-14
-1.2609172e-13
-4.2394801e-14
-1.2688797e-13
-4.2227957e-14
-1.2744708e-13
-4.2704833e-14
-1.2777995e-13
-4.3860702e-14
-1.2788333e-13
-4.5737593e-14
-1.2773792e-13
-4.8386637e-14
-1.2730532e-13
-5.1870118e-14
-1.2652344e-13
-5.6263173e-14
-1.252999e-13
-6.1654865e-14
-6.8148056e-14
-9.1256787e-14
-6.3804825e-14
8.4727224e-14
-9.7152334e-14
-6.0529047e-14
-1.0240373e-13
-5.7237409e-14
-1.0702765e-13
-5.4033825e-14
-1.1106119e-13
-5.1014891e-14
-1.145551e-13
-4.8266126e-14
-1.1756726e-13
-4.586034e-14
-1.2015733e-13
-4.3858326e-14
-1.223827e-13
-4.2310813e-14
-1.2429565e-13
-4.1261259e-14
-1.259415e-13
-4.0748958e-14
-1.2735723e-13
-4.0812227e-14
-1.2857052e-13
-4.1491535e-14
-1.2959867e-13
-4.2832559e-14
-1.3044705e-13
-4.4889207e-14
-1.3110697e-13
-4.7726723e-14
-1.3155212e-13
-5.1424965e-14
-1.3173335e-13
-5.6081942e-14
-1.3157065e-13
-6.1817567e-14
-6.8777406e-14
-8.8142522e-14
-5.7387323e-14
8.172502e-14
-9.4023039e-14
-5.464853e-14
-9.9356981e-14
-5.1903467e-14
-1.0415499e-13
-4.9235821e-14
-1.084442e-13
-4.6725674e-14
-1.1226387e-13
-4.444646e-14
-1.1566073e-13
-4.2463477e-14
-1.1868506e-13
-4.0834001e-14
-1.2138737e-13
-3.9608503e-14
-1.2381599e-13
-3.8832633e-14
-1.2601528e-13
-3.8549666e-14
-1.2802429e-13
-3.8803218e-14
-1.2987569e-13
-3.9640132e-14
-1.315947e-13
-4.1113554e-14
-1.3319764e-13
-4.3286265e-14
-1.346899e-13
-4.6234461e-14
-1.3606267e-13
-5.0052202e-14
-1.3728773e-13
-5.4856877e-14
-1.3830927e-13
-6.0796023e-14
-6.8055969e-14
-8.5537423e-14
-5.1052529e-14
7.9202629e-14
-9.1412459e-14
-4.8773494e-14
-9.6819783e-14
-4.6496143e-14
-1.0176712e-13
-4.4288483e-14
-1.0627572e-13
-4.2217071e-14
-1.1037749e-13
-4.0344698e-14
-1.141118e-13
-3.8729159e-14
-1.1752265e-13
-3.7423157e-14
-1.2065607e-13
-3.6475084e-14
-1.2355821e-13
-3.5930494e-14
-1.2627381e-13
-3.5834067e-14
-1.2884509e-13
-3.6231939e-14
-1.3131086e-13
-3.7174356e-14
-1.3370574e-13
-3.8718672e-14
-1.3605917e-13
-4.0932842e-14
-1.3839399e-13
-4.389964e-14
-1.407242e-13
-4.7721987e-14
-1.4305107e-13
-5.2530013e-14
-1.4535638e-13
-5.8490711e-14
-6.5821627e-14
-8.3368969e-14
-4.4777656e-14
7.7094095e-14
-8.9246296e-14
-4.2896166e-14
-9.4720191e-14
-4.1022249e-14
-9.9797303e-14
-3.921137e-14
-1.044956e-13
-3.7518775e-14
-1.0884251e-13
-3.5997783e-14
-1.1287283e-13
-3.4698846e-14
-1.1662659e-13
-3.3669398e-14
-1.2014728e-13
-3.2954394e-14
-1.2348032e-13
-3.2597447e-14
-1.2667198e-13
-3.2642415e-14
-1.2976852e-13
-3.3135398e-14
-1.3281576e-13
-3.4127112e-14
-1.3585874e-13
-3.5675692e-14
-1.3894149e-13
-3.785009e-14
-1.421068e-13
-4.0734332e-14
-1.4539566e-13
-4.443313e-14
-1.4884603e-13
-4.9079644e-14
-1.5249005e-13
-5.4846691e-14
-6.1963815e-14
-8.1578529e-14
-3.8545225e-14
7.5346098e-14
-8.7463832e-14
-3.7010864e-14
-9.2998259e-14
-3.5487822e-14
-9.8188439e-14
-3.402119e-14
-1.0305072e-13
-3.2656495e-14
-1.0761002e-13
-3.1438485e-14
-1.1189843e-13
-3.0410435e-14
-1.1595381e-13
-2.9614016e-14
-1.198185e-13
-2.9089703e-14
-1.235383e-13
-2.8877649e-14
-1.2716173e-13
-2.9018983e-14
-1.3073966e-13
-2.9557469e-14
-1.3432523e-13
-3.0541546e-14
-1.3797414e-13
-3.2026775e-14
-1.4174539e-13
-3.4078847e-14
-1.4570233e-13
-3.6777388e-14
-1.4991445e-13
-4.0221007e-14
-1.5445971e-13
-4.4534385e-14
-1.5942762e-13
-4.9878786e-14
-5.646884e-14
-8.011804e-14
-3.2342077e-14
7.3914892e-14
-8.601486e-14
-3.1114043e-14
-9.1603628e-14
-2.9899054e-14
-9.6891509e-14
-2.8733309e-14
-1.0189426e-13
-2.7653749e-14
-1.0663554e-13
-2.6697201e-14
-1.1114608e-13
-2.5899895e-14
-1.1546272e-13
-2.529737e-14
-1.1962764e-13
-2.4924787e-14
-1.2368768e-13
-2.4817613e-14
-1.2769401e-13
-2.5012645e-14
-1.3170214e-13
-2.5549343e-14
-1.3577222e-13
-2.6471463e-14
-1.3996998e-13
-2.7829016e-14
-1.4436821e-13
-2.9680619e-14
-1.4904924e-13
-3.2096355e-14
-1.5410886e-13
-3.5161386e-14
-1.596625e-13
-3.8980754e-14
-1.6585512e-13
-4.3686159e-14
-4.9446488e-14
-7.8950153e-14
7.2766455e-14
-2.615838e-14
-8.4860139e-14
-2.5204057e-14
-9.0496487e-14
-2.4262706e-14
-9.5867151e-14
-2.3362645e-14
-1.0098789e-13
-2.2533007e-14
-1.0588194e-13
-2.1803157e-14
-1.1057947e-13
-2.1202361e-14
-1.1511711e-13
-2.0759732e-14
-1.1953742e-13
-2.0504472e-14
-1.2388865e-13
-2.0466387e-14
-1.2822463e-13
-2.0676666e-14
-1.3260509e-13
-2.1168883e-14
-1.3709634e-13
-2.1980208e-14
-1.4177256e-13
-2.3152805e-14
-1.467178e-13
-2.4735379e-14
-1.5202931e-13
-2.678484e-14
-1.5782271e-13
-2.9367986e-14
-1.6424038e-13
-3.2563082e-14
-1.714655e-13
-3.6461042e-14
-4.1165907e-14
-1.8571144e-14
-8.9984446e-14
9.27903e-15
-2.7877425e-14
-8.940674e-14
-3.7177093e-14
-8.8492393e-14
-4.6421082e-14
-8.7195435e-14
-5.5530184e-14
-8.5471611e-14
-6.4398066e-14
-8.3289584e-14
-7.2899753e-14
-8.0641911e-14
-8.0904265e-14
-7.7553166e-14
-7.4085387e-14
-1.8005404e-14
-8.0984576e-14
9.0055342e-15
-2.6985915e-14
-8.0426228e-14
-3.5918745e-14
-7.9559563e-14
-4.4756749e-14
-7.835743e-14
-5.3432996e-14
-7.6795364e-14
-6.1863297e-14
-7.4859284e-14
-6.9952401e-14
-7.2552807e-14
-7.7602994e-14
-6.9902573e-14
-6.6961157e-14
-1.746253e-14
-7.2261869e-14
8.7398226e-15
-2.6145696e-14
-7.1743063e-14
-3.4757242e-14
-7.0948017e-14
-4.3252782e-14
-6.9861891e-14
-5.1575212e-14
-6.8472933e-14
-5.9656758e-14
-6.6777737e-14
-6.7423468e-14
-6.4786097e-14
-7.4801551e-14
-6.252449e-14
-6.0037688e-14
-1.6960524e-14
-6.3793486e-14
8.4921408e-15
-2.5377938e-14
-6.3325649e-14
-3.3710935e-14
-6.261502e-14
-4.191821e-14
-6.1654616e-14
-4.9950541e-14
-6.0440602e-14
-5.7752425e-14
-5.8975854e-14
-6.5265339e-14
-5.7273183e-14
-7.2432222e-14
-5.5357607e-14
-5.326728e-14
-1.6509308e-14
-5.5552474e-14
8.2682967e-15
-2.4693564e-14
-5.5141393e-14
-3.2787686e-14
-5.4520899e-14
-4.0753465e-14
-5.3688836e-14
-4.8548019e-14
-5.2646048e-14
-5.61251e-14
-5.1398772e-14
-6.3437498e-14
-4.9960784e-14
-7.0440227e-14
-4.8354879e-14
-4.6613412e-14
-1.6113759e-14
-4.7510021e-14
8.0713058e-15
-2.4097182e-14
-4.715797e-14
-3.1989072e-14
-4.6629009e-14
-3.9754145e-14
-4.5923764e-14
-4.7354619e-14
-4.5045574e-14
-5.4751288e-14
-4.4002103e-14
-6.1905321e-14
-4.2806752e-14
-6.8780567e-14
-4.1479632e-14
-4.0047881e-14
-1.5775561e-14
-3.9636865e-14
7.902405e-15
-2.3589478e-14
-3.9344053e-14
-3.1312907e-14
-3.890558e-14
-3.89132e-14
-3.8323471e-14
-4.635667e-14
-3.7602105e-14
-5.360949e-14
-3.6749283e-14
-6.0639077e-14
-3.5777165e-14
-6.7415812e-14
-3.4702896e-14
-3.3548802e-14
-1.5494684e-14
7.7618375e-15
-3.1904018e-14
-2.3169195e-14
-3.1669542e-14
-3.0755483e-14
-3.1319292e-14
-3.8223178e-14
-3.0855776e-14
-4.5541837e-14
-3.0283446e-14
-5.2681721e-14
-2.9609398e-14
-5.9614897e-14
-2.8843989e-14
-6.6316563e-14
-2.800123e-14
-2.709891e-14
-9.026282e-14
-8.1257286e-14
-7.2517464e-14
-6.4025323e-14
-5.5757026e-14
-4.768572e-14
-3.9783315e-14
-3.2021478e-14
-6.3250663e-14
5.9867639e-14
-4.3410948e-14
-6.7301625e-14
-4.9421529e-14
-7.231816e-14
-5.6320343e-14
-7.8880397e-14
-6.4000788e-14
-8.8169433e-14
-7.2110005e-14
-1.043771e-13
-7.8982012e-14
-1.365655e-13
-8.1773276e-14
-2.6206636e-13
-4.5839667e-14
-5.516623e-13
2.70168e-14
1.2108949e-12
-2.5582256e-14
2.3565861e-14
-2.4141985e-14
-2.7514811e-14
-2.3271502e-14
-2.9363874e-14
-2.2413642e-14
-3.113222e-14
-2.15943e-14
-3.2825053e-14
-2.0840174e-14
-3.4449947e-14
-2.0178262e-14
-3.6016741e-14
-1.9635567e-14
-3.7537419e-14
-1.9239054e-14
-3.9026019e-14
-1.9015872e-14
-4.0498588e-14
-1.8993819e-14
-4.1973211e-14
-1.9202043e-14
-4.3470147e-14
-1.9671947e-14
-4.5012093e-14
-2.0438262e-14
-4.6624626e-14
-2.1540271e-14
-4.8336902e-14
-2.3023103e-14
-5.0182718e-14
-2.4939024e-14
-5.2202174e-14
-2.734853e-14
-5.4444336e-14
-3.0320919e-14
-5.6971653e-14
-3.3933725e-14
-3.8269921e-14
-5.0107726e-15
2.5100646e-15
-2.940331e-14
-7.4927092e-15
-2.9187605e-14
-9.9463865e-15
-2.8865615e-14
-1.2362294e-14
-2.8439869e-14
-1.4731038e-14
-2.7914702e-14
-1.7043576e-14
-2.729686e-14
-1.9291537e-14
-2.6596028e-14
-2.1467594e-14
-2.5825173e-14
-2.5000643e-14
-2.9511413e-14
-1.9345021e-13
-3.2733193e-14
1.8277245e-13
-2.0612618e-13
-3.6745561e-14
-2.2157922e-13
-4.08673e-14
-2.4110671e-13
-4.4473296e-14
-2.6687203e-13
-4.6344682e-14
-3.0261688e-13
-4.3237168e-14
-3.5360398e-13
-3.0786176e-14
-4.1770449e-13
1.8260848e-14
-4.8827334e-13
9.7585646e-14
7.2262157e-13
-1.9705217e-13
-2.1774989e-14
1.8609396e-13
-2.0971144e-13
-2.4086284e-14
-2.2449679e-13
-2.608195e-14
-2.4201092e-13
-2.6959169e-14
-2.6313358e-13
-2.5222024e-14
-2.8912085e-13
-1.7249893e-14
-3.2142874e-13
1.5217056e-15
-3.5356996e-13
5.0402075e-14
-3.7756257e-13
1.2157825e-13
3.45059e-13
-1.9904558e-13
-1.0848374e-14
1.8811897e-13
-2.1125388e-13
-1.1877987e-14
-2.2470579e-13
-1.2630045e-14
-2.3905388e-13
-1.2611077e-14
-2.5333609e-13
-1.0939815e-14
-2.6491168e-13
-5.6742968e-15
-2.6888114e-13
5.4911574e-15
-2.491926e-13
3.071354e-14
-1.9323345e-13
6.5619104e-14
1.5182555e-13
-1.9991613e-13
1.8906775e-13
-2.1179412e-13
-2.2442416e-13
-2.3703524e-13
-2.4797505e-13
-2.5364935e-13
-2.4815819e-13
-2.1744465e-13
-1.5182555e-13
-7.6215121e-14
-1.8099785e-14
7.0172922e-14
-8.2020729e-14
-1.7465894e-14
-8.759169e-14
-1.6842681e-14
-9.2936834e-14
-1.6249156e-14
-9.8071988e-14
-1.570502e-14
-1.0301991e-13
-1.5230339e-14
-1.0781013e-13
-1.4845349e-14
-1.1247874e-13
-1.4570442e-14
-1.1706829e-13
-1.4426322e-14
-1.2162777e-13
-1.4434336e-14
-1.2621285e-13
-1.4616961e-14
-1.3088638e-13
-1.4998424e-14
-1.3571924e-13
-1.5605401e-14
-1.4079177e-13
-1.6467736e-14
-1.4619582e-13
-1.7619058e-14
-1.5203778e-13
-1.9097064e-14
-1.5844326e-13
-2.0943047e-14
-1.6556432e-13
-2.3199864e-14
-1.735912e-13
-2.5906846e-14
-2.9088666e-14
-7.5636809e-14
-1.2063729e-14
6.9600754e-14
-8.1452628e-14
-1.1650076e-14
-8.7051186e-14
-1.1244123e-14
-9.2441981e-14
-1.0858361e-14
-9.7641218e-14
-1.0505784e-14
-1.0267187e-13
-1.0199687e-14
-1.0756366e-13
-9.9535579e-15
-1.1235303e-13
-9.7810693e-15
-1.1708318e-13
-9.6961796e-15
-1.2180417e-13
-9.7133439e-15
-1.2657331e-13
-9.8478177e-15
-1.3145571e-13
-1.0116029e-14
-1.3652513e-13
-1.0535978e-14
-1.4186528e-13
-1.112759e-14
-1.4757145e-13
-1.1912887e-14
-1.5375279e-13
-1.2915722e-14
-1.6053523e-13
-1.4160606e-14
-1.6806541e-13
-1.5669687e-14
-1.7651607e-13
-1.7456187e-14
-1.9510768e-14
-7.525886e-14
-6.0311139e-15
6.9226245e-14
-8.1081987e-14
-5.8269491e-15
-8.66993e-14
-5.6268099e-15
-9.212077e-14
-5.4368908e-15
-9.7362906e-14
-5.2636478e-15
-1.0244889e-13
-5.1137065e-15
-1.0740863e-13
-4.9938102e-15
-1.1227889e-13
-4.9108178e-15
-1.1710331e-13
-4.871754e-15
-1.2193274e-13
-4.8839103e-15
-1.2682557e-13
-4.9549897e-15
-1.3184832e-13
-5.0932785e-15
-1.3707648e-13
-5.307822e-15
-1.4259551e-13
-5.6085545e-15
-1.485021e-13
-6.0062981e-15
-1.5490536e-13
-6.5124671e-15
-1.6192779e-13
-7.1381708e-15
-1.6970535e-13
-7.8921255e-15
-1.7838525e-13
-8.7762915e-15
-9.777048e-15
-7.5072412e-14
6.9041298e-14
-8.0899361e-14
-8.6526171e-14
-9.1963062e-14
-9.722671e-14
-1.0234042e-13
-1.0733423e-13
-1.1224504e-13
-1.171168e-13
-1.2200071e-13
-1.269557e-13
-1.3204898e-13
-1.373568e-13
-1.4296535e-13
-1.4897165e-13
-1.5548412e-13
-1.6262229e-13
-1.7051441e-13
-1.7929071e-13
-1.4899957e-14
-2.1967188e-14
7.463835e-15
-2.2280624e-14
-2.1806938e-14
-2.9578143e-14
-2.1568096e-14
-3.6765095e-14
-2.1252917e-14
-4.3814769e-14
-2.0865028e-14
-5.0701821e-14
-2.0409808e-14
-5.7403122e-14
-1.9894727e-14
-6.3898733e-14
-1.9329562e-14
-1.8726454e-14
-1.4752714e-14
-1.460441e-14
7.3899353e-15
-2.2061289e-14
-1.4498364e-14
-2.9288911e-14
-1.4340473e-14
-3.6409428e-14
-1.4132401e-14
-4.339773e-14
-1.3876725e-14
-5.0230364e-14
-1.3577174e-14
-5.6886273e-14
-1.3238817e-14
-6.3347642e-14
-1.2868194e-14
-1.2473343e-14
-1.4655267e-14
-7.2901418e-15
7.3409991e-15
-2.1916262e-14
-7.237368e-15
-2.9097895e-14
-7.1588408e-15
-3.617486e-14
-7.0554353e-15
-4.3123098e-14
-6.9284873e-15
-4.9920373e-14
-6.7798997e-15
-5.6546958e-14
-6.6122324e-15
-6.2986391e-14
-6.4287606e-15
-6.2334885e-15
-1.4606786e-14
7.3166438e-15
-2.1844154e-14
-2.9002994e-14
-3.605843e-14
-4.2986917e-14
-4.9766817e-14
-5.6379049e-14
-6.280781e-14
-2.2047578e-14
-1.4657643e-14
-7.3166438e-15
)
;

boundaryField
{
    needle_inlet_left
    {
        type            calculated;
        value           uniform 0;
    }
    needle_inlet_right
    {
        type            calculated;
        value           uniform 0;
    }
    needle_outlet_left
    {
        type            calculated;
        value           uniform 0;
    }
    needle_outlet_right
    {
        type            calculated;
        value           uniform 0;
    }
    sclera_left_lower
    {
        type            calculated;
        value           uniform 0;
    }
    sclera_left_upper
    {
        type            calculated;
        value           uniform 0;
    }
    sclera_right
    {
        type            calculated;
        value           uniform 0;
    }
    sclera_right_upper
    {
        type            calculated;
        value           uniform 0;
    }
    sclera_top
    {
        type            calculated;
        value           uniform 0;
    }
    cornea_fsi
    {
        type            calculated;
        value           uniform 0;
    }
    lens_bottom
    {
        type            calculated;
        value           uniform 0;
    }
    lens_bottom_left
    {
        type            calculated;
        value           uniform 0;
    }
    lens_right
    {
        type            calculated;
        value           uniform 0;
    }
    lens_left
    {
        type            calculated;
        value           uniform 0;
    }
    lens_top
    {
        type            calculated;
        value           uniform 0;
    }
    lens_top_left
    {
        type            calculated;
        value           uniform 0;
    }
    iris_bottom
    {
        type            calculated;
        value           uniform 0;
    }
    iris_pupil
    {
        type            calculated;
        value           uniform 0;
    }
    iris_pupil_left
    {
        type            calculated;
        value           uniform 0;
    }
    iris_top
    {
        type            calculated;
        value           uniform 0;
    }
    tm_limbus_wall
    {
        type            calculated;
        value           uniform 0;
    }
    ac_inlet
    {
        type            calculated;
        value           nonuniform List<scalar> 5(-5.2188234e-12 -5.2188234e-12 -4.8709022e-12 -4.8709012e-12 -4.8709022e-12);
    }
    ac_inlet_left
    {
        type            calculated;
        value           nonuniform List<scalar> 5(-5.2188234e-12 -5.2188234e-12 -4.8709022e-12 -4.8709012e-12 -4.8709022e-12);
    }
    outlet_tm
    {
        type            calculated;
        value           nonuniform List<scalar> 4(7.0625877e-12 7.0625881e-12 7.0625881e-12 7.0625877e-12);
    }
    outlet_tm_left
    {
        type            calculated;
        value           nonuniform List<scalar> 4(7.0625877e-12 7.0625881e-12 7.0625881e-12 7.0625877e-12);
    }
    front
    {
        type            empty;
    }
    back
    {
        type            empty;
    }
    defaultFaces
    {
        type            calculated;
        value           uniform 0;
    }
    needle_int_inlet_master
    {
        type            calculated;
        value           uniform -3.2e-12;
    }
    needle_int_inlet_slave
    {
        type            calculated;
        value           uniform -3.2e-12;
    }
    needle_int_outlet_master
    {
        type            calculated;
        value           uniform 0;
    }
    needle_int_outlet_slave
    {
        type            calculated;
        value           uniform 0;
    }
}


// ************************************************************************* //
