/*--------------------------------*- C++ -*----------------------------------*\
| =========                 |                                                 |
| \\      /  F ield         | OpenFOAM: The Open Source CFD Toolbox           |
|  \\    /   O peration     | Version:  2512                                  |
|   \\  /    A nd           | Website:  www.openfoam.com                      |
|    \\/     M anipulation  |                                                 |
\*---------------------------------------------------------------------------*/
FoamFile
{
    version     2.0;
    format      ascii;
    arch        "LSB;label=32;scalar=64";
    class       volScalarField;
    location    "0.7";
    object      sigmaEq;
}
// * * * * * * * * * * * * * * * * * * * * * * * * * * * * * * * * * * * * * //

dimensions      [1 -1 -2 0 0 0 0];

internalField   nonuniform List<scalar> 
200
(
9210.4126
7235.4521
5140.3732
3929.0282
3242.315
3033.0336
3351.6651
4274.8316
6081.8282
7882.1007
8350.6884
7092.8949
5681.5705
4598.0174
3935.4921
3707.2347
3955.1383
4713.4715
5908.0304
7152.5413
7577.6326
6616.4003
5593.9803
4750.281
4184.9305
3946.9479
4077.1898
4588.5173
5420.0446
6384.8327
6873.0603
6048.4851
5269.3787
4618.2496
4152.4957
3914.4457
3942.3643
4258.8213
4848.7268
5654.0267
6188.2147
5483.4018
4868.8296
4358.4778
3974.0915
3741.9348
3695.2038
3868.2074
4282.2289
4938.9216
5538.2046
4947.1484
4456.4625
4050.8269
3730.0426
3506.5869
3407.3596
3472.5365
3745.868
4261.2093
4928.3825
4445.6455
4055.7105
3731.2235
3460.4647
3246.736
3110.6043
3092.2712
3247.097
3629.476
4361.5118
3979.3782
3674.0813
3414.1749
3183.2561
2979.5062
2817.7868
2734.2758
2787.9976
3047.9099
3839.0574
3547.5861
3313.2014
3104.8015
2905.7093
2711.9652
2533.5911
2400.3319
2368.9282
2518.3071
3361.8391
3149.3289
2972.7716
2804.5432
2630.6102
2446.9162
2259.508
2090.4455
1989.6034
2041.2125
2930.2049
2783.732
2652.085
2513.6723
2359.0996
2185.5902
1995.9856
1804.1513
1649.5279
1616.4487
2544.1109
2450.068
2350.6421
2232.3645
2091.9065
1928.7628
1743.2694
1541.0426
1348.2886
1243.4577
2203.1478
2147.8888
2068.5277
1961.2157
1829.8582
1677.1182
1501.5958
1300.9491
1085.8881
921.67004
1906.4431
1877.317
1806.8648
1701.6627
1574.1738
1431.2821
1270.9604
1083.7874
863.18191
651.26413
1651.9347
1639.5475
1568.4692
1456.5433
1326.9344
1191.8789
1050.4936
888.75994
682.22342
435.4272
1434.1662
1437.575
1358.5342
1230.8419
1092.289
960.35896
837.63021
712.10578
545.30918
288.35442
1227.1249
1274.3052
1183.3824
1031.9152
879.15251
742.55126
628.58706
542.27269
448.21423
256.9208
945.27273
1142.9379
1043.5793
867.83979
705.31091
558.88398
428.63659
354.84099
363.41419
411.48872
225.52615
937.40037
899.43794
737.89964
594.45706
455.90171
307.43896
177.60197
226.6118
1096.1626
2373.4052
526.50103
625.51582
646.15961
564.0137
456.76053
375.92659
432.07624
1033.6129
3172.2171
)
;

boundaryField
{
    bottom
    {
        type            calculated;
        value           nonuniform List<scalar> 10(11866.319 6447.1951 4449.8198 3356.3322 2724.3962 2527.9993 2826.894 3673.6191 5394.174 10096.57);
    }
    interface
    {
        type            calculated;
        value           nonuniform List<scalar> 
50
(
9857.6057
9022.3716
8066.052
7333.3286
6602.0111
5898.8041
5232.824
4610.7311
4036.2653
3511.6758
3038.2289
2616.4932
2246.4359
1927.2892
1655.885
1423.9212
1185.5569
816.99886
562.36593
3215.6498
3241.817
846.36664
479.11288
622.75914
572.63328
473.64683
423.69049
573.32859
1648.416
3885.7023
8550.4976
7886.7082
6942.3412
6160.5903
5379.8417
4634.0152
3934.9442
3289.6452
2701.258
2170.9435
1698.6968
1283.7802
924.95692
620.82733
371.14459
190.70082
211.2911
541.85925
1751.7519
3891.2774
)
;
    }
    frontAndBack
    {
        type            empty;
    }
}


// ************************************************************************* //
