/*--------------------------------*- C++ -*----------------------------------*\
| =========                 |                                                 |
| \\      /  F ield         | OpenFOAM: The Open Source CFD Toolbox           |
|  \\    /   O peration     | Version:  2512                                  |
|   \\  /    A nd           | Website:  www.openfoam.com                      |
|    \\/     M anipulation  |                                                 |
\*---------------------------------------------------------------------------*/
FoamFile
{
    version     2.0;
    format      ascii;
    arch        "LSB;label=32;scalar=64";
    class       volSymmTensorField;
    location    "0.005";
    object      epsilon;
}
// * * * * * * * * * * * * * * * * * * * * * * * * * * * * * * * * * * * * * //

dimensions      [0 0 0 0 0 0 0];

internalField   nonuniform List<symmTensor> 
480
(
(0.00037373169 -2.5546371e-05 3.6837453e-06 2.1556395e-05 -2.0304918e-05 -0.00072050927)
(0.00044370154 -4.3340608e-05 3.5908757e-06 -7.1398585e-05 0.00015234453 -0.00059550024)
(0.00045825816 -4.0162042e-05 -1.9609802e-05 -0.00012730951 0.00022986382 -0.00060907168)
(0.00046903534 -4.135743e-05 -2.0111493e-05 -0.00021264181 0.0002975263 -0.00051675532)
(0.00047192108 -3.4853401e-05 -3.0262097e-05 -0.00031484261 0.00033623791 -0.00042546495)
(0.00047192119 -3.026044e-05 -3.4854911e-05 -0.00042546579 0.00033623793 -0.0003148419)
(0.00046903567 -2.0109871e-05 -4.1358666e-05 -0.00051675629 0.00029752634 -0.00021264121)
(0.00045825869 -1.960845e-05 -4.0162944e-05 -0.00060907279 0.00022986388 -0.000127309)
(0.00044370221 3.5917897e-06 -4.3341224e-05 -0.00059550135 0.00015234461 -7.1398166e-05)
(0.00037373243 3.6840036e-06 -2.5546791e-05 -0.00072051048 -2.0304882e-05 2.1556713e-05)
(7.7681327e-05 2.3488118e-05 9.336444e-05 0.00014902122 2.8190151e-05 -0.00032428536)
(8.4567029e-05 -2.8250923e-05 -7.6102404e-07 0.00013637156 0.00012033847 -0.00028729484)
(8.5839916e-05 -2.9988373e-05 -6.3414697e-06 9.5031123e-05 0.00017487187 -0.0002664483)
(8.6068939e-05 -2.6981725e-05 -1.1767207e-05 3.2270617e-05 0.00022533674 -0.00019626727)
(8.5696007e-05 -2.2925643e-05 -1.7418863e-05 -4.2091908e-05 0.00025083618 -0.00012321944)
(8.5696204e-05 -1.7416994e-05 -2.2927329e-05 -0.00012322 0.00025083636 -4.2091585e-05)
(8.6069509e-05 -1.1765376e-05 -2.6983079e-05 -0.00019626824 0.0002253372 3.2270929e-05)
(8.5840798e-05 -6.3399321e-06 -2.9989339e-05 -0.0002664498 0.00017487243 9.5031573e-05)
(8.4568134e-05 -7.6000744e-07 -2.8251548e-05 -0.00028729668 0.00012033892 0.00013637216)
(7.7682555e-05 9.3364732e-05 2.3487669e-05 -0.00032428751 2.8190225e-05 0.0001490218)
(-0.0001916877 2.5688564e-05 9.0436752e-05 0.00010464043 -1.5956308e-05 4.542306e-05)
(-0.0002059307 -2.7084486e-05 -9.2343615e-06 0.00012918783 6.5388597e-06 8.2005598e-05)
(-0.00021466203 -2.9858788e-05 -1.0410635e-05 0.00012740928 2.0875533e-05 8.6559331e-05)
(-0.00021816843 -2.7005162e-05 -1.424449e-05 0.00012284723 2.7810501e-05 9.2774487e-05)
(-0.00021924307 -2.3613368e-05 -1.8728731e-05 0.000112891 3.2168272e-05 0.00010313302)
(-0.00021924287 -1.8727291e-05 -2.3614673e-05 0.00010313252 3.2168517e-05 0.00011289126)
(-0.00021816785 -1.4243077e-05 -2.7006224e-05 9.2773499e-05 2.7811136e-05 0.00012284755)
(-0.00021466114 -1.0409433e-05 -2.9859571e-05 8.6557687e-05 2.0876294e-05 0.00012740987)
(-0.00020592959 -9.2335547e-06 -2.7085037e-05 8.2003519e-05 6.5394827e-06 0.00012918868)
(-0.00019168648 9.0436989e-05 2.5688109e-05 4.5420614e-05 -1.5956195e-05 0.0001046413)
(-0.00046819456 -2.4086916e-05 -7.5607649e-06 0.00018336512 3.6063464e-05 0.00049425674)
(-0.00054779173 -3.6819414e-05 -3.0684621e-06 0.00028803542 -5.1737178e-05 0.00038316874)
(-0.00056495574 -3.38781e-05 -2.1376176e-05 0.00030337329 -6.1646082e-05 0.00043315674)
(-0.00057818837 -3.5963469e-05 -1.9105457e-05 0.00032804917 -7.9346602e-05 0.00040531567)
(-0.00058204977 -3.0653822e-05 -2.7378955e-05 0.00035634666 -9.2779761e-05 0.00038840623)
(-0.00058204958 -2.7378254e-05 -3.0654419e-05 0.00038840548 -9.2779487e-05 0.00035634712)
(-0.00057818781 -1.9104749e-05 -3.5963901e-05 0.00040531437 -7.9345897e-05 0.00032804968)
(-0.00056495487 -2.1375535e-05 -3.3878369e-05 0.00043315467 -6.1645204e-05 0.00030337407)
(-0.00054779065 -3.0680704e-06 -3.6819526e-05 0.00038316622 -5.1736438e-05 0.0002880365)
(-0.00046819344 -7.5605339e-06 -2.408705e-05 0.00049425373 3.6063754e-05 0.00018336626)
(0.00029733067 -9.8144869e-05 -4.4439122e-05 4.6520394e-05 -5.2082249e-05 -0.00059010582)
(0.00035404562 -5.2067255e-05 2.3749697e-06 -3.3631113e-05 0.00012122927 -0.00047445889)
(0.00037061198 -4.7191504e-05 -2.1528106e-05 -8.6159845e-05 0.00019162587 -0.00047535376)
(0.00038420226 -4.5297673e-05 -2.3678753e-05 -0.0001551428 0.00024647337 -0.00040950475)
(0.00038829596 -3.8564897e-05 -3.3364516e-05 -0.00024123637 0.00028000725 -0.00033221494)
(0.0003882961 -3.3363084e-05 -3.8566327e-05 -0.00033221667 0.00028000709 -0.00024123478)
(0.00038420268 -2.3677434e-05 -4.5299011e-05 -0.00040950639 0.00024647295 -0.00015514154)
(0.00037061261 -2.1527046e-05 -4.7192695e-05 -0.00047535518 0.00019162536 -8.6159023e-05)
(0.00035404643 2.3756801e-06 -5.2068302e-05 -0.00047446002 0.00012122891 -3.3630705e-05)
(0.00029733153 -4.4438923e-05 -9.814578e-05 -0.00059010687 -5.2082324e-05 4.6520568e-05)
(3.6788112e-05 -0.00011513468 -3.4142177e-06 0.00010581747 2.6630865e-05 -0.00022664408)
(4.0574712e-05 -0.00011711752 -2.0244105e-05 8.3764317e-05 7.5557292e-05 -0.00021696304)
(4.4035475e-05 -0.00011353621 -3.8794402e-05 5.1650452e-05 0.00011725023 -0.00018898005)
(4.5592629e-05 -0.00010353542 -5.8223795e-05 8.6114024e-06 0.00015093454 -0.00014886278)
(4.6072538e-05 -9.0699228e-05 -7.5337024e-05 -4.3052246e-05 0.00016897425 -9.7731993e-05)
(4.6072732e-05 -7.5335486e-05 -9.0700747e-05 -9.773308e-05 0.00016897425 -4.3051371e-05)
(4.5593192e-05 -5.8222375e-05 -0.00010353682 -0.00014886406 0.00015093455 8.6120715e-06)
(4.4036348e-05 -3.8793252e-05 -0.00011353744 -0.00018898149 0.00011725024 5.1650945e-05)
(4.0575806e-05 -2.0243363e-05 -0.00011711859 -0.00021696459 7.5557307e-05 8.3764671e-05)
(3.6789321e-05 -3.4139598e-06 -0.00011513563 -0.00022664564 2.6630873e-05 0.00010581774)
(-0.00017134937 -0.00011318654 -6.2294991e-06 8.89482e-05 -4.4241799e-06 7.6398516e-05)
(-0.00018047552 -0.00011420443 -2.3761709e-05 0.00010284524 -3.6058456e-07 7.7823034e-05)
(-0.00018842914 -0.00011076726 -3.9797812e-05 0.00010647246 9.0451123e-06 8.3179432e-05)
(-0.0001922143 -0.00010109252 -5.8164389e-05 0.0001044223 1.1793811e-05 9.0156544e-05)
(-0.00019373146 -8.8892951e-05 -7.4247886e-05 0.00010039332 1.3104022e-05 9.5754856e-05)
(-0.00019373127 -7.4246704e-05 -8.8894127e-05 9.5754005e-05 1.3104099e-05 0.00010039395)
(-0.00019221376 -5.8163298e-05 -0.00010109362 9.0155396e-05 1.1794015e-05 0.00010442281)
(-0.00018842829 -3.9796924e-05 -0.00011076826 8.3177977e-05 9.0453625e-06 0.00010647293)
(-0.00018047447 -2.3761128e-05 -0.00011420534 7.782133e-05 -3.6037285e-07 0.00010284571)
(-0.00017134821 -6.2292941e-06 -0.00011318742 7.6396736e-05 -4.4240955e-06 8.8948682e-05)
(-0.00041351182 -0.00010007502 -5.7202063e-05 0.00012777725 7.2422068e-05 0.00046591793)
(-0.00048017435 -5.0091077e-05 2.264052e-06 0.00020536712 -5.7998297e-05 0.00033034338)
(-0.0004984502 -4.3771963e-05 -2.315536e-05 0.0002324495 -7.6771676e-05 0.00036902497)
(-0.0005150378 -4.2793417e-05 -2.3127377e-05 0.00025806492 -9.4628276e-05 0.00034732358)
(-0.00052013989 -3.643802e-05 -3.2117701e-05 0.00029094685 -0.00010976109 0.00032529711)
(-0.00052013968 -3.2117248e-05 -3.6438487e-05 0.00032529629 -0.00010976093 0.00029094742)
(-0.00051503721 -2.3126975e-05 -4.2793874e-05 0.00034732238 -9.462786e-05 0.00025806546)
(-0.00049844929 -2.3155016e-05 -4.3772412e-05 0.00036902327 -7.677114e-05 0.00023245014)
(-0.00048017321 2.2642257e-06 -5.0091508e-05 0.00033034139 -5.7997831e-05 0.00020536791)
(-0.00041351067 -5.7201878e-05 -0.00010007554 0.00046591555 7.2422406e-05 0.0001277781)
(0.00022632282 -0.00015872191 -3.4808921e-05 3.1042031e-05 -7.3464389e-05 -0.00049010176)
(0.000276594 -9.74718e-05 -1.1217531e-05 -4.3306805e-05 9.2689603e-05 -0.00040515077)
(0.00029299019 -9.1054208e-05 -3.7007183e-05 -9.4112065e-05 0.00015110875 -0.00040004928)
(0.00030602025 -8.4698639e-05 -4.8362639e-05 -0.00015107364 0.00019296275 -0.00035030189)
(0.00031040275 -7.4352739e-05 -6.3174765e-05 -0.00021943639 0.00021785686 -0.00028964044)
(0.00031040292 -6.317317e-05 -7.4354397e-05 -0.00028964231 0.00021785673 -0.00021943468)
(0.00030602074 -4.8361219e-05 -8.470027e-05 -0.00035030372 0.00019296241 -0.00015107225)
(0.00029299095 -3.700607e-05 -9.105575e-05 -0.00040005097 0.00015110835 -9.411107e-05)
(0.00027659495 -1.12168e-05 -9.7473243e-05 -0.00040515221 9.2689319e-05 -4.3306184e-05)
(0.00022632381 -3.4808739e-05 -0.00015872323 -0.00049010316 -7.3464422e-05 3.1042424e-05)
(1.375076e-05 -0.00020419473 -1.1157382e-05 7.8374834e-05 1.7870171e-05 -0.00017708796)
(1.7636671e-05 -0.00019806515 -3.9335585e-05 6.1402845e-05 5.4725001e-05 -0.00016744759)
(2.1372208e-05 -0.00018757703 -6.8429474e-05 3.4607979e-05 8.7774584e-05 -0.000145899)
(2.358084e-05 -0.00017187463 -9.9198548e-05 1.5492724e-06 0.00011247319 -0.00011613165)
(2.4580123e-05 -0.00015161939 -0.00012711143 -3.7551717e-05 0.00012581072 -7.8206301e-05)
(2.4580327e-05 -0.00012710986 -0.000151621 -7.8207531e-05 0.00012581069 -3.7550699e-05)
(2.3581432e-05 -9.9197142e-05 -0.00017187617 -0.00011613303 0.00011247312 1.550048e-06)
(2.1373125e-05 -6.8428359e-05 -0.00018757847 -0.00014590048 8.7774505e-05 3.460852e-05)
(1.7637814e-05 -3.9334881e-05 -0.00019806646 -0.00016744912 5.4724957e-05 6.1403196e-05)
(1.3752011e-05 -1.1157144e-05 -0.00020419596 -0.00017708948 1.7870163e-05 7.8375089e-05)
(-0.00015835792 -0.00020072846 -1.2354178e-05 7.1874938e-05 1.6787526e-07 7.805136e-05)
(-0.00016485469 -0.00019521601 -4.0890212e-05 7.953425e-05 2.612401e-07 8.1824647e-05)
(-0.00017095173 -0.00018538659 -6.8872039e-05 8.5152618e-05 6.1873165e-07 8.3037172e-05)
(-0.00017446951 -0.00017004198 -9.8983019e-05 8.6866727e-05 5.2326113e-07 8.6158147e-05)
(-0.00017610115 -0.00015025469 -0.00012625648 8.7603647e-05 3.5591484e-07 8.7267819e-05)
(-0.00017610095 -0.0001262553 -0.00015025591 8.7266931e-05 3.5594574e-07 8.7604308e-05)
(-0.00017446894 -9.8981953e-05 -0.00017004316 8.6157014e-05 5.2334436e-07 8.6867202e-05)
(-0.00017095084 -6.8871185e-05 -0.00018538771 8.3035815e-05 6.1884022e-07 8.5152961e-05)
(-0.00016485359 -4.0889655e-05 -0.00019521707 8.1823122e-05 2.6134676e-07 7.9534515e-05)
(-0.00015835672 -1.2353979e-05 -0.00020072951 7.8049776e-05 1.6792417e-07 7.1875183e-05)
(-0.00035361533 -0.0001521305 -4.4602449e-05 0.00010384087 8.9904881e-05 0.00040589778)
(-0.00041582399 -9.1634593e-05 -8.2076891e-06 0.00017195606 -4.5041158e-05 0.00031356409)
(-0.00043392464 -8.5278578e-05 -3.688457e-05 0.00020521857 -7.0870138e-05 0.00033677)
(-0.00044976807 -7.9907166e-05 -4.5836938e-05 0.00023275504 -8.7198057e-05 0.0003169378)
(-0.00045500226 -7.0111785e-05 -5.9999516e-05 0.00026436401 -9.9063155e-05 0.00029488521)
(-0.00045500203 -5.999905e-05 -7.0112265e-05 0.0002948844 -9.9063075e-05 0.00026436453)
(-0.00044976743 -4.583652e-05 -7.9907633e-05 0.00031693666 -8.7197851e-05 0.00023275539)
(-0.00043392366 -3.6884218e-05 -8.5279028e-05 0.00033676848 -7.0869863e-05 0.00020521883)
(-0.00041582276 -8.2074982e-06 -9.1635022e-05 0.0003135624 -4.5040903e-05 0.00017195631)
(-0.0003536141 -4.4602258e-05 -0.00015213103 0.00040589575 8.9905151e-05 0.00010384113)
(0.00016756136 -0.00020364568 -2.9275925e-05 4.5948938e-05 -8.5153056e-05 -0.00041429875)
(0.00021355191 -0.00012579973 -2.0570078e-05 -1.6301339e-05 7.9107869e-05 -0.00035781112)
(0.00022958257 -0.00011716517 -4.5885162e-05 -6.4060922e-05 0.00013611048 -0.00034264131)
(0.00024086338 -0.00010802127 -6.2934551e-05 -0.00011739447 0.0001736649 -0.00029794434)
(0.0002449895 -9.5459216e-05 -8.0767937e-05 -0.00017931489 0.00019475815 -0.00024202071)
(0.00024498972 -8.0766055e-05 -9.546119e-05 -0.00024202263 0.00019475806 -0.00017931317)
(0.00024086401 -6.2932891e-05 -0.00010802323 -0.00029794631 0.00017366468 -0.00011739306)
(0.00022958353 -4.5883871e-05 -0.00011716704 -0.00034264324 0.00013611023 -6.4059855e-05)
(0.00021355312 -2.0569239e-05 -0.0001258015 -0.00035781289 7.9107705e-05 -1.6300587e-05)
(0.00016756257 -2.927573e-05 -0.0002036473 -0.00041430052 -8.5153021e-05 4.5949474e-05)
(-5.6440512e-06 -0.00028196605 -1.693272e-05 6.6201281e-05 1.2541929e-05 -0.00014318548)
(-2.6503886e-06 -0.0002706996 -5.5684959e-05 5.3170833e-05 4.2415148e-05 -0.00013547651)
(6.320748e-07 -0.00025468276 -9.5717556e-05 3.0022373e-05 7.0892033e-05 -0.00011725207)
(2.8445527e-06 -0.00023375801 -0.00013674432 2.5477425e-06 9.0667529e-05 -9.2819601e-05)
(3.8895817e-06 -0.00020686148 -0.00017418419 -2.9350448e-05 0.00010126145 -6.2141173e-05)
(3.889813e-06 -0.00017418246 -0.00020686326 -6.21424e-05 0.00010126143 -2.9349455e-05)
(2.8452221e-06 -0.00013674278 -0.00023375973 -9.2821016e-05 9.0667483e-05 2.5484795e-06)
(6.3311142e-07 -9.5716335e-05 -0.00025468437 -0.00011725362 7.0891983e-05 3.002287e-05)
(-2.6491011e-06 -5.5684193e-05 -0.00027070107 -0.00013547812 4.2415128e-05 5.317114e-05)
(-5.6426482e-06 -1.6932464e-05 -0.00028196743 -0.00014318707 1.254193e-05 6.6201493e-05)
(-0.00014173151 -0.00027849246 -1.8065874e-05 5.3541795e-05 1.4505193e-06 7.616887e-05)
(-0.00014688112 -0.00026797154 -5.7171895e-05 5.8822774e-05 -1.243802e-06 8.0572093e-05)
(-0.00015191976 -0.0002527603 -9.6206382e-05 6.5908013e-05 -6.0199461e-06 7.9818983e-05)
(-0.00015498804 -0.00023223092 -0.00013665554 7.0277987e-05 -8.2864583e-06 7.9514242e-05)
(-0.00015644822 -0.00020574923 -0.00017352493 7.4243464e-05 -9.4595803e-06 7.7195555e-05)
(-0.000156448 -0.00017352364 -0.00020575054 7.7194728e-05 -9.4595616e-06 7.4244042e-05)
(-0.0001549874 -0.00013665438 -0.00023223219 7.9513165e-05 -8.2864071e-06 7.0278345e-05)
(-0.00015191878 -9.6205451e-05 -0.00025276149 7.9817689e-05 -6.019877e-06 6.5908198e-05)
(-0.0001468799 -5.7171285e-05 -0.00026797266 8.0570643e-05 -1.2437304e-06 5.8822848e-05)
(-0.00014173018 -1.8065656e-05 -0.00027849356 7.6167372e-05 1.4505527e-06 5.3541828e-05)
(-0.00029718289 -0.00019730903 -3.8886615e-05 6.704213e-05 9.8291536e-05 0.00035625769)
(-0.00035765528 -0.00012061177 -1.8351086e-05 0.00012309191 -4.1044181e-05 0.00029737821)
(-0.00037575044 -0.00011225555 -4.5716969e-05 0.00015651533 -7.5324107e-05 0.00030546117)
(-0.00038942148 -0.00010398248 -6.0935468e-05 0.00018779192 -9.4753777e-05 0.00028339966)
(-0.00039422165 -9.1952179e-05 -7.8142892e-05 0.00022260345 -0.00010636467 0.00025590591)
(-0.0003942214 -7.8142384e-05 -9.1952699e-05 0.00025590521 -0.00010636462 0.00022260383)
(-0.00038942074 -6.0935012e-05 -0.00010398298 0.00028339863 -9.4753648e-05 0.00018779205)
(-0.00037574931 -4.571659e-05 -0.00011225603 0.0003054598 -7.5323932e-05 0.0001565153)
(-0.00035765387 -1.8350873e-05 -0.00012061223 0.00029737668 -4.1044017e-05 0.0001230918)
(-0.00029718151 -3.8886406e-05 -0.00019730959 0.00035625587 9.8291746e-05 6.7041995e-05)
(0.00010731699 -0.0002465578 -2.447107e-05 7.486938e-05 -8.9770427e-05 -0.00035584496)
(0.00014581592 -0.00015587442 -2.9421032e-05 1.8845111e-05 7.1380072e-05 -0.00031737606)
(0.00016036012 -0.00014577606 -5.6711365e-05 -2.693511e-05 0.00012773851 -0.00029595213)
(0.00016947467 -0.00013421218 -7.9231437e-05 -7.8710108e-05 0.00016422109 -0.00025253671)
(0.0001730063 -0.00011901713 -0.00010071569 -0.0001379485 0.00018387654 -0.0001978885)
(0.00017300658 -0.00010071344 -0.00011901945 -0.00019789039 0.0001838765 -0.00013794685)
(0.00016947548 -7.9229438e-05 -0.00013421445 -0.00025253877 0.00016422099 -7.8708768e-05)
(0.00016036137 -5.6709803e-05 -0.0001457782 -0.00029595426 0.0001277384 -2.6934084e-05)
(0.00014581748 -2.942002e-05 -0.00015587642 -0.00031737813 7.1380024e-05 1.8845866e-05)
(0.00010731853 -2.4470843e-05 -0.00024655957 -0.00035584705 -8.9770314e-05 7.4869919e-05)
(-2.6282827e-05 -0.00035182899 -2.1969199e-05 6.6446854e-05 9.4301662e-06 -0.00011861376)
(-2.4213431e-05 -0.00033690917 -7.0766511e-05 5.5923801e-05 3.522721e-05 -0.00011178766)
(-2.1570738e-05 -0.0003163376 -0.00012132278 3.5176984e-05 6.1567002e-05 -9.5374213e-05)
(-1.9624527e-05 -0.0002906674 -0.0001717361 1.071647e-05 7.9102549e-05 -7.3377985e-05)
(-1.8716128e-05 -0.00025773357 -0.00021771398 -1.7431499e-05 8.8366044e-05 -4.6286453e-05)
(-1.8715855e-05 -0.00021771202 -0.00025773555 -4.6287586e-05 8.8366044e-05 -1.7430639e-05)
(-1.9623736e-05 -0.00017173433 -0.00029066927 -7.3379364e-05 7.9102552e-05 1.0717059e-05)
(-2.1569512e-05 -0.00012132138 -0.0003163393 -9.5375784e-05 6.1567014e-05 3.5177335e-05)
(-2.4211912e-05 -7.0765632e-05 -0.00033691069 -0.00011178935 3.5227241e-05 5.5923972e-05)
(-2.6281178e-05 -2.1968907e-05 -0.00035183039 -0.00011861544 9.4301858e-06 6.6446936e-05)
(-0.0001210908 -0.00034888765 -2.3220007e-05 3.1794346e-05 1.653234e-06 7.2497735e-05)
(-0.00012533225 -0.00033457994 -7.2515436e-05 3.6185804e-05 -3.4473855e-06 7.6575515e-05)
(-0.00012966055 -0.00031474274 -0.00012207127 4.461805e-05 -1.2223025e-05 7.4061995e-05)
(-0.00013232871 -0.00028945343 -0.0001718851 5.1452399e-05 -1.6806934e-05 7.0566833e-05)
(-0.00013356266 -0.00025689776 -0.00021730791 5.851087e-05 -1.9124045e-05 6.4884814e-05)
(-0.00013356241 -0.00021730649 -0.00025689918 6.4884129e-05 -1.9124022e-05 5.8511275e-05)
(-0.00013232798 -0.00017188379 -0.00028945476 7.0565864e-05 -1.6806874e-05 5.1452557e-05)
(-0.00012965944 -0.00012207022 -0.00031474393 7.4060778e-05 -1.2222946e-05 4.4618017e-05)
(-0.00012533087 -7.2514742e-05 -0.00033458102 7.6574121e-05 -3.4473112e-06 3.6185652e-05)
(-0.0001210893 -2.3219759e-05 -0.00034888867 7.2496289e-05 1.6532656e-06 3.1794148e-05)
(-0.00023694717 -0.00023980174 -3.3734102e-05 1.9138238e-05 0.00010030754 0.00031573081)
(-0.0002918489 -0.00015004156 -2.7593933e-05 7.0071531e-05 -4.1307625e-05 0.00027719277)
(-0.00030869791 -0.00014040712 -5.6259361e-05 0.00010454869 -8.0844625e-05 0.00027500506)
(-0.00031992647 -0.00012969298 -7.7087518e-05 0.00013934061 -0.00010416817 0.00024939556)
(-0.00032400401 -0.00011514022 -9.7743041e-05 0.00017817451 -0.00011696032 0.00021605528)
(-0.00032400371 -9.7742482e-05 -0.00011514078 0.00021605478 -0.00011696028 0.00017817465)
(-0.00031992562 -7.7087003e-05 -0.0001296935 0.00024939469 -0.00010416806 0.00013934044)
(-0.00030869661 -5.625893e-05 -0.00014040758 0.00027500383 -8.0844485e-05 0.0001045483)
(-0.0002918473 -2.759368e-05 -0.00015004198 0.00027719137 -4.13075e-05 7.0071011e-05)
(-0.00023694564 -3.3733872e-05 -0.00023980223 0.00031572914 0.0001003077 1.9137711e-05)
(4.3650296e-05 -0.00028583654 -2.0136605e-05 0.00012032886 -8.9605544e-05 -0.00030796584)
(7.1558487e-05 -0.00018376939 -3.7456357e-05 6.9481982e-05 7.0494714e-05 -0.00027949779)
(8.3964425e-05 -0.00017215617 -6.7192469e-05 2.4452511e-05 0.00012851369 -0.00025150434)
(9.0903159e-05 -0.000158509 -9.4312733e-05 -2.802768e-05 0.00016633472 -0.00020605259)
(9.3720118e-05 -0.00014082183 -0.00011929701 -8.811612e-05 0.00018630671 -0.00014937782)
(9.3720476e-05 -0.00011929435 -0.00014082452 -0.00014937961 0.00018630671 -8.8114656e-05)
(9.0904195e-05 -9.4310331e-05 -0.00015851155 -0.00020605464 0.00016633473 -2.8026537e-05)
(8.3966015e-05 -6.719057e-05 -0.00017215849 -0.0002515066 0.00012851372 2.4453365e-05)
(7.1560468e-05 -3.7455125e-05 -0.00018377147 -0.00027950008 7.0494783e-05 6.9482601e-05)
(4.3652223e-05 -2.0136332e-05 -0.0002858383 -0.00030796819 -8.9605344e-05 0.00012032926)
(-4.964677e-05 -0.00041704632 -2.6692273e-05 7.5387361e-05 7.9210726e-06 -9.9536875e-05)
(-4.8664638e-05 -0.00039940146 -8.5253741e-05 6.6341764e-05 3.1737441e-05 -9.2086347e-05)
(-4.684538e-05 -0.00037505408 -0.00014601988 4.6959228e-05 5.7281758e-05 -7.6300804e-05)
(-4.5275237e-05 -0.00034501908 -0.00020539446 2.3949882e-05 7.3962995e-05 -5.5194079e-05)
(-4.4556637e-05 -0.00030638589 -0.00025943056 -2.4697243e-06 8.2699571e-05 -2.9621637e-05)
(-4.4556311e-05 -0.00025942837 -0.00030638804 -2.9622588e-05 8.2699595e-05 -2.4690968e-06)
(-4.5274293e-05 -0.00020539244 -0.00034502103 -5.5195349e-05 7.3963061e-05 2.3950219e-05)
(-4.6843919e-05 -0.00014601825 -0.00037505577 -7.6302349e-05 5.7281848e-05 4.695933e-05)
(-4.8662831e-05 -8.525272e-05 -0.00039940288 -9.2088074e-05 3.1737536e-05 6.6341702e-05)
(-4.9644813e-05 -2.6691935e-05 -0.00041704757 -9.953861e-05 7.9211166e-06 7.5387222e-05)
(-9.6574874e-05 -0.00041469189 -2.8060199e-05 6.9107176e-06 1.0502511e-06 6.772101e-05)
(-9.9844462e-05 -0.00039747405 -8.724402e-05 1.113616e-05 -6.651032e-06 7.0226481e-05)
(-0.00010343184 -0.000373732 -0.0001469804 2.1022345e-05 -1.8842024e-05 6.5728222e-05)
(-0.00010571905 -0.00034404263 -0.00020572315 3.0321795e-05 -2.5642542e-05 5.9203228e-05)
(-0.0001067386 -0.00030575434 -0.00025921082 4.0433248e-05 -2.9110766e-05 5.0233104e-05)
(-0.00010673831 -0.00025920928 -0.00030575583 5.0232627e-05 -2.9110732e-05 4.0433409e-05)
(-0.00010571823 -0.00020572169 -0.00034404395 5.9202419e-05 -2.5642453e-05 3.0321689e-05)
(-0.00010343058 -0.00014697921 -0.0003737331 6.5727117e-05 -1.8841911e-05 2.1022041e-05)
(-9.9842897e-05 -8.7243226e-05 -0.00039747497 7.022516e-05 -6.6509357e-06 1.1135739e-05)
(-9.6573173e-05 -2.8059916e-05 -0.00041469271 6.7719624e-05 1.0502881e-06 6.9102547e-06)
(-0.00017135163 -0.0002790937 -2.8929862e-05 -4.1197805e-05 9.8259527e-05 0.00028013975)
(-0.000216982 -0.00017764434 -3.6037325e-05 5.6972856e-06 -4.6526799e-05 0.00025342822)
(-0.00023188777 -0.00016651845 -6.6587256e-05 4.1878018e-05 -9.1765754e-05 0.0002412601)
(-0.00024072337 -0.00015366155 -9.2069065e-05 8.1042907e-05 -0.00011969133 0.00021004853)
(-0.0002439964 -0.00013668157 -0.00011608637 0.00012540228 -0.00013455471 0.0001697609)
(-0.00024399607 -0.00011608577 -0.00013668214 0.00016976067 -0.00013455466 0.00012540211)
(-0.00024072241 -9.2068491e-05 -0.00015366205 0.00021004787 -0.00011969122 8.1042391e-05)
(-0.00023188631 -6.6586771e-05 -0.00016651886 0.00024125904 -9.1765607e-05 4.1877253e-05)
(-0.00021698021 -3.603703e-05 -0.00017764468 0.00025342695 -4.6526678e-05 5.6963826e-06)
(-0.00017134993 -2.892961e-05 -0.00027909406 0.00028013822 9.8259635e-05 -4.1198692e-05)
(-2.5136327e-05 -0.00032274447 -1.6059588e-05 0.00017802705 -8.5938014e-05 -0.0002657277)
(-1.1505762e-05 -0.00021134047 -4.5246551e-05 0.00013166684 7.4359512e-05 -0.0002417159)
(-2.219277e-06 -0.00019836129 -7.7911717e-05 8.6232989e-05 0.00013566542 -0.00020676238)
(2.4475808e-06 -0.00018275261 -0.00010934317 3.1441812e-05 0.00017620501 -0.00015730982)
(4.4962278e-06 -0.0001625442 -0.0001378663 -3.166802e-05 0.00019745995 -9.6627415e-05)
(4.4966704e-06 -0.00013786323 -0.00016254722 -9.6628947e-05 0.00019746 -3.1666882e-05)
(2.4488623e-06 -0.00010934033 -0.00018275536 -0.00015731176 0.00017620514 3.1442613e-05)
(-2.2173084e-06 -7.7909442e-05 -0.00019836367 -0.00020676466 0.00013566561 8.6233527e-05)
(-1.1503315e-05 -4.5245071e-05 -0.0002113425 -0.00024171834 7.4359707e-05 0.00013166719)
(-2.513398e-05 -1.605926e-05 -0.00032274605 -0.00026573022 -8.5937717e-05 0.00017802718)
(-7.5901753e-05 -0.00047927876 -3.1366772e-05 9.0825016e-05 7.4914515e-06 -8.3459777e-05)
(-7.623629e-05 -0.00045948237 -9.9579225e-05 8.2756331e-05 3.0861194e-05 -7.4303221e-05)
(-7.5436307e-05 -0.00043187715 -0.000170202 6.409659e-05 5.6639503e-05 -5.827633e-05)
(-7.4306507e-05 -0.00039772065 -0.00023818967 4.1474931e-05 7.3402522e-05 -3.6982416e-05)
(-7.3791402e-05 -0.0003536034 -0.00029996613 1.5402745e-05 8.2146288e-05 -1.1537774e-05)
(-7.3791019e-05 -0.00029996373 -0.00035360566 -1.1538435e-05 8.2146341e-05 1.540303e-05)
(-7.4305399e-05 -0.00023818739 -0.00039772259 -3.6983484e-05 7.3402664e-05 4.1474908e-05)
(-7.5434591e-05 -0.00017020015 -0.0004318787 -5.827777e-05 5.6639687e-05 6.4096345e-05)
(-7.6234171e-05 -9.9578053e-05 -0.00045948354 -7.4304924e-05 3.0861365e-05 8.2755945e-05)
(-7.5899464e-05 -3.1366385e-05 -0.00047927968 -8.3461506e-05 7.4915245e-06 9.082457e-05)
(-6.836068e-05 -0.00047750015 -3.2834646e-05 -2.1015878e-05 -9.8657832e-08 6.1761121e-05)
(-7.0420789e-05 -0.0004579524 -0.00010176573 -1.6776521e-05 -1.0743381e-05 6.1853869e-05)
(-7.3084797e-05 -0.00043081465 -0.00017132046 -5.4746609e-06 -2.6249748e-05 5.5126838e-05)
(-7.49543e-05 -0.00039695768 -0.00023865 6.3837755e-06 -3.532841e-05 4.5465472e-05)
(-7.5763583e-05 -0.00035314718 -0.00029989441 1.9691804e-05 -3.9987849e-05 3.3067298e-05)
(-7.5763268e-05 -0.00029989278 -0.00035314867 3.3067091e-05 -3.9987799e-05 1.969166e-05)
(-7.4953387e-05 -0.00023864841 -0.00039695891 4.5464881e-05 -3.5328278e-05 6.3833526e-06)
(-7.3083387e-05 -0.00017131913 -0.00043081555 5.5125891e-05 -2.6249584e-05 -5.4752765e-06)
(-7.0419045e-05 -0.00010176483 -0.00045795304 6.1852658e-05 -1.0743249e-05 -1.6777237e-05)
(-6.8358783e-05 -3.2834327e-05 -0.00047750063 6.1759824e-05 -9.8610214e-08 -2.1016628e-05)
(-9.9355195e-05 -0.00031581538 -2.4312717e-05 -0.00011178818 9.3081346e-05 0.0002464149)
(-0.00013150009 -0.00020468705 -4.4102559e-05 -6.8692785e-05 -5.5398317e-05 0.00022569019)
(-0.00014334625 -0.00019221377 -7.7046038e-05 -3.0124286e-05 -0.0001070399 0.00020363461)
(-0.00014966683 -0.00017737351 -0.00010682294 1.4297361e-05 -0.00014006592 0.00016544773)
(-0.00015208798 -0.00015793755 -0.00013424542 6.5306182e-05 -0.00015746629 0.00011733924)
(-0.00015208762 -0.00013424479 -0.00015793811 0.00011733931 -0.00015746623 6.530567e-05)
(-0.0001496658 -0.00010682232 -0.00017737395 0.00016544732 -0.00014006577 1.4296492e-05)
(-0.00014334467 -7.7045502e-05 -0.00019221408 0.00020363376 -0.00010703971 -3.0125408e-05)
(-0.00013149816 -4.4102221e-05 -0.00020468724 0.00022568907 -5.5398177e-05 -6.8694036e-05)
(-9.9353389e-05 -2.4312449e-05 -0.00031581553 0.00024641351 9.3081405e-05 -0.00011178938)
(-9.8747266e-05 -0.00035752735 -1.2306651e-05 0.00024583789 -7.9221104e-05 -0.00022610849)
(-0.00010275762 -0.00023912799 -5.3089303e-05 0.00020460624 8.2457369e-05 -0.0002022899)
(-9.7377208e-05 -0.00022501612 -8.9022629e-05 0.00015853744 0.00014869439 -0.00015990276)
(-9.5009312e-05 -0.00020750815 -0.00012467643 0.00010030801 0.00019320238 -0.00010483027)
(-9.3742956e-05 -0.00018471028 -0.00015683527 3.2344994e-05 0.00021648112 -3.8341455e-05)
(-9.3742429e-05 -0.00015683179 -0.00018471359 -3.8342558e-05 0.00021648122 3.2345624e-05)
(-9.5007784e-05 -0.00012467315 -0.00020751103 -0.00010483191 0.00019320265 0.00010030829)
(-9.7374858e-05 -8.9019962e-05 -0.00022501846 -0.00015990492 0.00014869474 0.0001585375)
(-0.00010275471 -5.308756e-05 -0.00023912983 -0.00020229236 8.2457707e-05 0.00020460617)
(-9.8744501e-05 -1.230626e-05 -0.00035752857 -0.00022611105 -7.92207e-05 0.00024583761)
(-0.00010474001 -0.00053960349 -3.6114489e-05 0.00011094353 7.8884429e-06 -6.8894857e-05)
(-0.00010662596 -0.0005181035 -0.00011395913 0.0001035928 3.195689e-05 -5.7228717e-05)
(-0.00010705241 -0.00048759713 -0.00019412285 8.5292373e-05 5.8667545e-05 -4.0403204e-05)
(-0.00010643659 -0.00044941413 -0.00027045514 6.2368844e-05 7.6112017e-05 -1.8218391e-05)
(-0.00010613832 -0.00039991855 -0.00033975484 3.5727686e-05 8.5199741e-05 8.0155429e-06)
(-0.00010613789 -0.00033975228 -0.00039992084 8.0152916e-06 8.5199828e-05 3.5727508e-05)
(-0.00010643532 -0.00027045264 -0.00044941595 -1.8219142e-05 7.6112249e-05 6.2368352e-05)
(-0.00010705045 -0.00019412078 -0.00048759838 -4.0404439e-05 5.866784e-05 8.5291687e-05)
(-0.00010662354 -0.00011395782 -0.00051810424 -5.723031e-05 3.1957152e-05 0.00010359202)
(-0.0001047374 -3.6114057e-05 -0.00053960392 -6.8896501e-05 7.8885501e-06 0.00011094271)
(-3.6425094e-05 -0.00053826966 -3.7659264e-05 -5.1886405e-05 -1.7516347e-06 5.453306e-05)
(-3.6988701e-05 -0.00051687317 -0.00011628007 -4.7646873e-05 -1.5766704e-05 5.15603e-05)
(-3.8469332e-05 -0.00048671699 -0.00019532117 -3.5041006e-05 -3.4620307e-05 4.240797e-05)
(-3.9820687e-05 -0.00044879334 -0.00027097038 -2.0515236e-05 -4.6078538e-05 2.9434007e-05)
(-4.0397632e-05 -0.00039956981 -0.00033975989 -3.7988484e-06 -5.1984769e-05 1.3379204e-05)
(-4.0397291e-05 -0.00033975823 -0.00039957123 1.3379327e-05 -5.1984698e-05 -3.799347e-06)
(-3.9819702e-05 -0.0002709687 -0.00044879437 2.9433693e-05 -4.6078351e-05 -2.0516011e-05)
(-3.8467812e-05 -0.00019531973 -0.00048671758 4.2407236e-05 -3.4620076e-05 -3.5041951e-05)
(-3.698682e-05 -0.0001162791 -0.00051687338 5.1559249e-05 -1.5766524e-05 -4.7647889e-05)
(-3.6423046e-05 -3.7658915e-05 -0.00053826966 5.4531895e-05 -1.7515719e-06 -5.1887438e-05)
(-2.0892577e-05 -0.00034995259 -1.9900085e-05 -0.00019169268 8.4933205e-05 0.00021263654)
(-3.5471406e-05 -0.00023153156 -5.2056274e-05 -0.00015342873 -6.7866428e-05 0.00019342053)
(-4.3257028e-05 -0.00021793944 -8.77088e-05 -0.00011261893 -0.00012697487 0.00016136088)
(-4.697493e-05 -0.00020121303 -0.00012160105 -6.2249187e-05 -0.00016585523 0.00011489281)
(-4.8516307e-05 -0.00017928207 -0.00015249521 -3.3331139e-06 -0.00018625331 5.7757087e-05)
(-4.851594e-05 -0.00015249459 -0.00017928258 5.7757472e-05 -0.00018625324 -3.3339563e-06)
(-4.697387e-05 -0.0001216004 -0.00020121337 0.00011489268 -0.00016585504 -6.2250375e-05)
(-4.3255406e-05 -8.7708227e-05 -0.0002179396 0.00016136026 -0.00012697463 -0.00011262034)
(-3.546942e-05 -5.2055902e-05 -0.00023153156 0.00019341959 -6.786625e-05 -0.00015343024)
(-2.0890741e-05 -1.989981e-05 -0.00034995245 0.00021263533 8.4933222e-05 -0.00019169411)
(-0.00017634495 -0.00039020082 -8.8584203e-06 0.00031933034 -6.9637277e-05 -0.00018667103)
(-0.00020163268 -0.00026655166 -6.0788193e-05 0.00028295276 9.4066961e-05 -0.00016031422)
(-0.00020140073 -0.00025076682 -9.9814291e-05 0.00023567778 0.00016544448 -0.00011092721)
(-0.0002015384 -0.00023111422 -0.000139327 0.00017339124 0.00021386556 -4.9921861e-05)
(-0.00020103518 -0.00020581248 -0.00017491517 9.9939889e-05 0.00023918855 2.2863792e-05)
(-0.00020103457 -0.00017491135 -0.00020581598 2.2863348e-05 0.00023918871 9.9939794e-05)
(-0.00020153664 -0.00013932332 -0.0002311171 -4.9923e-05 0.000213866 0.00017339082)
(-0.00020139802 -9.9811248e-05 -0.00025076897 -0.00011092906 0.00016544504 0.00023567722)
(-0.00020162933 -6.0786192e-05 -0.00026655313 -0.00016031654 9.4067469e-05 0.00028295216)
(-0.00017634181 -8.8579626e-06 -0.00039020151 -0.00018667349 -6.9636755e-05 0.00031932955)
(-0.00013493386 -0.00059869158 -4.1111502e-05 0.00013388049 9.1040154e-06 -5.4684214e-05)
(-0.00013852564 -0.00057594421 -0.00012872301 0.00012728083 3.4888355e-05 -4.0067694e-05)
(-0.00014034056 -0.00054285865 -0.00021811824 0.00010934985 6.2896728e-05 -2.2191197e-05)
(-0.00014030451 -0.0005006639 -0.00030255976 8.5802646e-05 8.1270705e-05 1.3002788e-06)
(-0.0001402326 -0.00044582413 -0.00037922574 5.802461e-05 9.084867e-05 2.8903774e-05)
(-0.00014023212 -0.00037922314 -0.00044582632 2.8904074e-05 9.0848799e-05 5.8023836e-05)
(-0.00014030311 -0.00030255713 -0.00050066542 1.2999826e-06 8.1271046e-05 8.5801572e-05)
(-0.0001403384 -0.00021811602 -0.00054285944 -2.2192103e-05 6.2897156e-05 0.00010934864)
(-0.00013852299 -0.00012872158 -0.00057594435 -4.0069069e-05 3.4888722e-05 0.00012727958)
(-0.000134931 -4.1111032e-05 -0.00059869133 -5.468568e-05 9.1041612e-06 0.00013387925)
(-7.9035854e-07 -0.00059731178 -4.2669944e-05 -8.5636485e-05 -4.0586857e-06 4.5749362e-05)
(4.1639014e-07 -0.00057457189 -0.00013101391 -8.1615033e-05 -2.2088282e-05 3.9278235e-05)
(4.0124796e-07 -0.00054175702 -0.00021917266 -6.7974499e-05 -4.4342824e-05 2.7549611e-05)
(-3.0564579e-07 -0.00049981045 -0.00030286515 -5.0704412e-05 -5.823404e-05 1.1023899e-05)
(-6.2077306e-07 -0.00044524461 -0.00037900566 -3.0301545e-05 -6.5426766e-05 -8.9985468e-06)
(-6.2042443e-07 -0.00037900407 -0.00044524583 -8.998049e-06 -6.5426669e-05 -3.0302428e-05)
(-3.0463757e-07 -0.00030286346 -0.00049981115 1.102392e-05 -5.8233789e-05 -5.0705545e-05)
(4.0280404e-07 -0.00021917118 -0.00054175715 2.754915e-05 -4.4342514e-05 -6.7975754e-05)
(4.1831718e-07 -0.00013101289 -0.00057457154 3.9277399e-05 -2.2088044e-05 -8.1616312e-05)
(-7.8825896e-07 -4.2669576e-05 -0.00059731116 4.574838e-05 -4.0586037e-06 -8.5637756e-05)
(6.3875821e-05 -0.00038118226 -1.5648326e-05 -0.0002788334 7.3626712e-05 0.0001770319)
(7.1315754e-05 -0.00025762379 -5.9737469e-05 -0.00024601655 -8.3934558e-05 0.00015629169)
(6.9037793e-05 -0.00024249946 -9.792393e-05 -0.00020269661 -0.00015065842 0.00011462916)
(6.8184148e-05 -0.0002236982 -0.00013553067 -0.00014573416 -0.000195325 5.938685e-05)
(6.7515413e-05 -0.00019937416 -0.00016968682 -7.8195006e-05 -0.00021873476 -7.3330842e-06)
(6.7515758e-05 -0.00016968623 -0.00019937458 -7.3323928e-06 -0.00021873466 -7.819613e-05)
(6.8185146e-05 -0.00013553002 -0.00022369839 5.9387013e-05 -0.00019532474 -0.00014573558)
(6.9039324e-05 -9.7923343e-05 -0.00024249942 0.0001146288 -0.0001506581 -0.00020269818)
(7.131763e-05 -5.9737074e-05 -0.00025762354 0.00015629096 -8.393432e-05 -0.00024601816)
(6.3877553e-05 -1.5648058e-05 -0.00038118178 0.00017703091 7.36267e-05 -0.00027883489)
(-0.00025523481 -0.0004231597 -6.2297234e-06 0.00039684053 -5.6995661e-05 -0.00014558348)
(-0.00030352261 -0.00029945535 -7.0420107e-05 0.0003718697 0.000110337 -0.00011575866)
(-0.00030767701 -0.0002843278 -0.00011384714 0.00032736913 0.00018835519 -5.8449424e-05)
(-0.00030992022 -0.00026230327 -0.00015860916 0.00025967856 0.0002425455 1.0490117e-05)
(-0.00031005552 -0.00023363645 -0.00019876118 0.00017812446 0.00027066038 9.2046008e-05)
(-0.00031005485 -0.0001987571 -0.00023364002 9.2046471e-05 0.00027066062 0.00017812339)
(-0.00030991829 -0.00015860511 -0.00026230598 1.0489724e-05 0.00024254612 0.00025967718)
(-0.00030767404 -0.00011384373 -0.00028432952 -5.8450745e-05 0.00018835597 0.00032736771)
(-0.00030351892 -7.0417847e-05 -0.00029945622 -0.00011576065 0.00011033768 0.0003718684)
(-0.00025523139 -6.2291917e-06 -0.0004231596 -0.00014558568 -5.6995013e-05 0.00039683914)
(-0.00016224749 -0.00065590295 -4.6359591e-05 0.00015691619 1.0771196e-05 -4.0208577e-05)
(-0.00016778436 -0.00063233364 -0.0001436365 0.00015141087 3.853473e-05 -2.3071908e-05)
(-0.00017135427 -0.00059682916 -0.00024171502 0.0001339536 6.7733996e-05 -4.1810838e-06)
(-0.0001720492 -0.00055055741 -0.00033394548 0.00010959621 8.7163627e-05 2.0694722e-05)
(-0.00017218673 -0.00049049479 -0.00041768457 8.0531323e-05 9.7238599e-05 4.9831784e-05)
(-0.00017218623 -0.00041768211 -0.00049049667 4.9832784e-05 9.723878e-05 8.0529829e-05)
(-0.00017204776 -0.00033394287 -0.00055055844 2.0695035e-05 8.7164102e-05 0.00010959447)
(-0.00017135204 -0.00024171274 -0.00059682926 -4.1815099e-06 6.7734586e-05 0.00013395182)
(-0.00016778162 -0.00014363503 -0.00063233296 -2.3072932e-05 3.8535223e-05 0.00015140915)
(-0.00016224455 -4.6359105e-05 -0.00065590179 -4.0209755e-05 1.0771387e-05 0.00015691455)
(3.7267422e-05 -0.00065290999 -4.7805059e-05 -0.00012222893 -6.9487125e-06 3.522492e-05)
(4.0735434e-05 -0.00062935998 -0.00014551545 -0.00011888043 -2.9378819e-05 2.5451755e-05)
(4.2761745e-05 -0.00059415925 -0.00024201069 -0.00010433277 -5.498746e-05 1.0916836e-05)
(4.2931066e-05 -0.00054823032 -0.00033323641 -8.3978142e-05 -7.155347e-05 -9.4608854e-06)
(4.2884344e-05 -0.00048856855 -0.00041627102 -5.9560111e-05 -8.011181e-05 -3.3796686e-05)
(4.2884669e-05 -0.00041626964 -0.00048856945 -3.3795792e-05 -8.0111684e-05 -5.9561367e-05)
(4.2932005e-05 -0.00033323483 -0.00054823056 -9.4604876e-06 -7.1553141e-05 -8.3979588e-05)
(4.2763196e-05 -0.00024200925 -0.00059415881 1.0916704e-05 -5.498706e-05 -0.00010433425)
(4.0737233e-05 -0.00014551443 -0.00062935897 2.5451192e-05 -2.9378516e-05 -0.00011888186)
(3.7269387e-05 -4.7804691e-05 -0.00065290865 3.5224172e-05 -6.9486091e-06 -0.00012223032)
(0.00015381845 -0.00040951786 -1.1736551e-05 -0.00037232618 5.8709015e-05 0.00013807341)
(0.00018640685 -0.00028594257 -6.8425712e-05 -0.00035125341 -0.00010484916 0.00011467112)
(0.00018929511 -0.00027146898 -0.00010993933 -0.0003090808 -0.00018032947 6.2478163e-05)
(0.00019093972 -0.00025061318 -0.00015211781 -0.00024414632 -0.00023245563 -3.5727248e-06)
(0.00019099926 -0.00022337186 -0.00019022668 -0.00016540786 -0.00025960231 -8.2260586e-05)
(0.00019099954 -0.00019022619 -0.00022337214 -8.2259636e-05 -0.00025960218 -0.00016540916)
(0.00019094053 -0.00015211722 -0.00025061318 -3.5722716e-06 -0.00023245529 -0.0002441478)
(0.00018929635 -0.00010993877 -0.00027146868 6.247808e-05 -0.00018032905 -0.00030908231)
(0.00018640838 -6.8425317e-05 -0.00028594204 0.00011467062 -0.00010484884 -0.00035125486)
(0.00015381988 -1.1736311e-05 -0.000409517 0.00013807266 5.8708998e-05 -0.00037232751)
(-0.00033114017 -0.00046390635 -1.3339643e-06 0.00047476538 -3.6826999e-05 -9.6144173e-05)
(-0.00041792475 -0.00032700857 -7.7047985e-05 0.00044710032 0.00013201883 -6.9937308e-05)
(-0.00043041551 -0.00030458298 -0.00012303535 0.00039393963 0.00020638166 -7.8888188e-06)
(-0.00043367786 -0.00028109272 -0.00017050477 0.00032427365 0.00025963763 6.3876361e-05)
(-0.00043417274 -0.00025041383 -0.00021326612 0.00023922765 0.00028810061 0.000149106)
(-0.000434172 -0.00021326189 -0.00025041735 0.00014910776 0.00028810097 0.0002392253)
(-0.00043367573 -0.00017050046 -0.00028109515 6.3877113e-05 0.00025963857 0.00032427118)
(-0.00043041222 -0.00012303166 -0.00030458419 -7.8892566e-06 0.00020638281 0.00039393742)
(-0.0004179207 -7.7045513e-05 -0.00032700871 -6.9938682e-05 0.00013201973 0.00044709845)
(-0.00033113655 -1.3333847e-06 -0.00046390517 -9.6145947e-05 -3.6826239e-05 0.00047476342)
(-0.00016720258 -0.0007023982 -5.3466675e-05 0.0001710042 1.5833529e-05 -2.1982658e-05)
(-0.00017529986 -0.0006813644 -0.00016018598 0.00016996563 4.6860461e-05 -6.1812402e-06)
(-0.00018108382 -0.00064552135 -0.0002640712 0.00015559552 7.3616136e-05 1.3726952e-05)
(-0.00018255093 -0.00059560538 -0.00036276415 0.00013110668 9.2609656e-05 3.9236395e-05)
(-0.00018282456 -0.00053090865 -0.00045263045 0.00010117575 0.00010266514 6.9354774e-05)
(-0.00018282411 -0.00045262842 -0.0005309099 6.9356647e-05 0.00010266539 0.0001011734)
(-0.00018254965 -0.0003627618 -0.00059560558 3.9237509e-05 9.261031e-05 0.00013110419)
(-0.00018108183 -0.00026406906 -0.00064552046 1.3727189e-05 7.3616931e-05 0.00015559315)
(-0.00017529743 -0.00016018455 -0.00068136259 -6.1817416e-06 4.6861068e-05 0.00016996352)
(-0.00016719998 -5.3466194e-05 -0.00070239587 -2.1983455e-05 1.5833742e-05 0.00017100232)
(6.6292322e-05 -0.00069217038 -5.4120059e-05 -0.0001578167 -1.3427474e-05 1.982567e-05)
(7.3431866e-05 -0.00067106181 -0.00015990972 -0.00015802916 -4.2256984e-05 9.7383413e-06)
(7.8467572e-05 -0.00063565276 -0.00026108561 -0.00014458013 -6.8567147e-05 -8.3676296e-06)
(7.9645879e-05 -0.00058656939 -0.00035774499 -0.00012108815 -8.6996125e-05 -3.2658468e-05)
(7.981171e-05 -0.00052294781 -0.00044599335 -9.2235456e-05 -9.6743865e-05 -6.1602588e-05)
(7.9811953e-05 -0.00044599233 -0.00052294824 -6.1601345e-05 -9.6743704e-05 -9.2236987e-05)
(7.9646583e-05 -0.00035774368 -0.00058656907 -3.2657694e-05 -8.6995707e-05 -0.00012108976)
(7.846866e-05 -0.00026108434 -0.00063565167 -8.3673964e-06 -6.8566641e-05 -0.00014458165)
(7.3433224e-05 -0.0001599088 -0.00067106009 9.738113e-06 -4.2256611e-05 -0.00015803052)
(6.6293817e-05 -5.4119713e-05 -0.00069216832 1.9825192e-05 -1.342735e-05 -0.00015781794)
(0.00024287457 -0.00044035541 -5.6050563e-06 -0.0004750376 3.519908e-05 8.9618426e-05)
(0.00031502576 -0.00030730036 -7.3454337e-05 -0.0004554673 -0.00013278805 6.9516723e-05)
(0.00032688188 -0.00028601304 -0.00011645291 -0.0004029072 -0.00020856993 8.5924315e-06)
(0.00032986359 -0.00026404818 -0.0001605681 -0.00033150876 -0.00026292777 -6.485975e-05)
(0.00033032859 -0.00023532936 -0.00020055055 -0.00024439579 -0.00029206027 -0.00015214442)
(0.00033032875 -0.00020055019 -0.00023532947 -0.0001521433 -0.00029206009 -0.00024439711)
(0.00032986405 -0.00016056761 -0.00026404797 -6.4859042e-05 -0.00026292732 -0.00033151007)
(0.00032688259 -0.00011645242 -0.00028601251 8.5926382e-06 -0.00020856938 -0.00040290835)
(0.00031502665 -7.3453979e-05 -0.00030729957 6.9516496e-05 -0.00013278763 -0.00045546823)
(0.00024287544 -5.6048725e-06 -0.00044035424 8.9617952e-05 3.5199096e-05 -0.00047503838)
(-0.00037942071 -0.00043299124 -4.048273e-05 0.00054283477 6.2285104e-06 -4.2309379e-05)
(-0.00051114934 -0.00044256835 -0.00010371453 0.00066183536 0.00017074273 -1.6237006e-05)
(-0.00052885128 -0.00041287536 -0.00016940651 0.00059837489 0.00027453746 6.4115935e-05)
(-0.00053163803 -0.00038105725 -0.00023245496 0.00050451717 0.0003434315 0.00016063739)
(-0.00053213211 -0.00033970774 -0.00028978147 0.00039212413 0.00037996723 0.00027336321)
(-0.00053213133 -0.00028977776 -0.00033971033 0.00027336781 0.00037996776 0.00039211865)
(-0.00053163577 -0.00023245084 -0.00038105828 0.00016064051 0.0003434329 0.00050451151)
(-0.0005288478 -0.00016940281 -0.00041287474 6.41173e-05 0.00027453916 0.00059836961)
(-0.0005111451 -0.000103712 -0.00044256633 -1.6237102e-05 0.00017074411 0.00066183068)
(-0.00037941714 -4.0481852e-05 -0.00043298878 -4.2310331e-05 6.2293485e-06 0.00054283143)
(-9.9278297e-05 -0.00058545607 -9.1170148e-05 0.00013715073 1.7284392e-05 -5.4210904e-06)
(-8.399747e-05 -0.00067182361 -0.00016149925 0.00016059347 4.2149391e-05 4.5936971e-06)
(-8.7435622e-05 -0.00063201785 -0.0002609089 0.00014993919 6.6956519e-05 2.3435591e-05)
(-8.8330011e-05 -0.00058227204 -0.00035609915 0.00012823919 8.3443301e-05 4.6494065e-05)
(-8.8485267e-05 -0.00051919539 -0.00044316431 0.00010157326 9.203825e-05 7.3314661e-05)
(-8.8485072e-05 -0.00044316322 -0.00051919553 7.3317384e-05 9.2038584e-05 0.00010157018)
(-8.8329448e-05 -0.00035609755 -0.000582271 4.6496045e-05 8.3444171e-05 0.00012823618)
(-8.7434753e-05 -0.00026090729 -0.00063201561 2.3436635e-05 6.6957583e-05 0.00014993656)
(-8.399641e-05 -0.00016149809 -0.0006718204 4.5939153e-06 4.215024e-05 0.00016059132)
(-9.9276907e-05 -9.1169495e-05 -0.00058545307 -5.4213391e-06 1.7284673e-05 0.00013714916)
(4.8319196e-05 -0.00056011357 -8.6380519e-05 -0.00015489752 -1.8595882e-05 4.9547004e-06)
(4.2247483e-05 -0.00063888129 -0.00015449347 -0.00018692271 -4.5442167e-05 -3.4258382e-06)
(4.5601243e-05 -0.00060084807 -0.00024842974 -0.00017445423 -7.5453013e-05 -2.465459e-05)
(4.6422503e-05 -0.00055352269 -0.00033867392 -0.00014858899 -9.5482321e-05 -5.1849047e-05)
(4.6544468e-05 -0.00049357978 -0.00042134538 -0.00011699386 -0.00010587145 -8.3581055e-05)
(4.654456e-05 -0.00042134487 -0.00049357973 -8.3579665e-05 -0.00010587125 -0.00011699539)
(4.6422768e-05 -0.00033867308 -0.00055352193 -5.1848011e-05 -9.5481818e-05 -0.0001485904)
(4.5601654e-05 -0.00024842885 -0.0006008466 -2.4654026e-05 -7.5452393e-05 -0.00017445538)
(4.2247999e-05 -0.00015449279 -0.00063887922 -3.4257039e-06 -4.544167e-05 -0.00018692359)
(4.8319877e-05 -8.6380128e-05 -0.00056011156 4.9545573e-06 -1.8595704e-05 -0.00015489821)
(0.00030515039 -0.00038251776 -3.6176155e-05 -0.00054648992 -7.6123149e-06 3.8305756e-05)
(0.00042134119 -0.00038263127 -9.0614279e-05 -0.00066675231 -0.00016846168 1.696674e-05)
(0.00043859573 -0.00035700388 -0.0001471062 -0.00060295698 -0.00027341237 -6.3002692e-05)
(0.00044125412 -0.00032957357 -0.00020129861 -0.00050787857 -0.00034345121 -0.00016071222)
(0.00044172895 -0.0002938711 -0.00025076111 -0.00039438469 -0.00038050759 -0.00027455145)
(0.00044172895 -0.00025076098 -0.00029387099 -0.00027455039 -0.00038050739 -0.00039438573)
(0.00044125411 -0.00020129835 -0.00032957318 -0.00016071141 -0.00034345067 -0.00050787936)
(0.00043859571 -0.0001471059 -0.00035700321 -6.3002267e-05 -0.0002734117 -0.00060295737)
(0.00042134118 -9.0614043e-05 -0.00038263036 1.6966782e-05 -0.00016846115 -0.00066675231)
(0.00030515051 -3.6175993e-05 -0.00038251675 3.830557e-05 -7.6122177e-06 -0.00054648989)
)
;

boundaryField
{
    interface_upstream
    {
        type            calculated;
        value           nonuniform List<symmTensor> 
120
(
(0.00076095053 8.3599883e-06 6.6971147e-07 -0.00012337017 -8.9136213e-05 -0.00093366963)
(0.00056737107 -3.3818408e-06 -2.5067474e-07 -1.8047178e-05 -0.00014521884 -0.00080257075)
(0.00046322678 -4.8083445e-06 -3.7266623e-07 -1.7799833e-05 -0.00017292684 -0.00067544219)
(0.00034985351 -6.1980173e-06 -4.8909129e-07 2.049798e-05 -0.00018793658 -0.00057512961)
(0.00024780385 -7.6559914e-06 -6.0721253e-07 6.6777639e-05 -0.00019257574 -0.00049665282)
(0.00014154269 -9.2627301e-06 -7.3509744e-07 0.00013176954 -0.00019038586 -0.00043176444)
(3.0388366e-05 -1.1167378e-05 -8.8524729e-07 0.00021011827 -0.00018304115 -0.00037430066)
(-8.7570983e-05 -1.3613981e-05 -1.0774338e-06 0.00030032224 -0.00017105504 -0.00032045341)
(-0.00020985031 -1.6904414e-05 -1.3360975e-06 0.00039627721 -0.00015487036 -0.00026722058)
(-0.00033963142 -2.1267103e-05 -1.680981e-06 0.00049855696 -0.00013348144 -0.00021191981)
(-0.0004901771 -2.7234556e-05 -2.1441449e-06 0.00061440347 -0.000104149 -0.00014814139)
(-0.00071262757 -2.893355e-05 -2.2665026e-06 0.00079973379 -2.3727658e-05 -7.3545424e-05)
(0.00071356796 8.1624304e-06 1.955872e-06 -0.0002796177 0.00013045597 -0.00071952874)
(0.00048894535 -3.3004924e-06 -7.9967152e-07 -0.00013933461 0.00013073141 -0.00058545277)
(0.0004331346 -4.6959018e-06 -1.1373335e-06 -0.00013781927 0.00010467926 -0.00051865852)
(0.00034986261 -6.0501475e-06 -1.4644165e-06 -8.2233954e-05 9.482671e-05 -0.00047241832)
(0.00026970141 -7.4736758e-06 -1.8064331e-06 -2.7605793e-05 8.8769046e-05 -0.00042903837)
(0.00017467283 -9.0427066e-06 -2.1826316e-06 4.5506657e-05 9.0483463e-05 -0.00038599642)
(6.7760125e-05 -1.090311e-05 -2.6277108e-06 0.00013142002 9.7410243e-05 -0.00034127964)
(-5.3076736e-05 -1.3293576e-05 -3.1989621e-06 0.00023085813 0.00010944585 -0.0002931491)
(-0.00018144213 -1.6507909e-05 -3.9669209e-06 0.00033535925 0.00012513142 -0.00024102292)
(-0.00032958724 -2.0765728e-05 -4.9858625e-06 0.00045860868 0.00014865123 -0.00018424213)
(-0.00046438817 -2.6544526e-05 -6.3604938e-06 0.00056067833 0.00017266683 -0.00012592273)
(-0.00089051278 -2.8279629e-05 -6.7614885e-06 0.00098531013 0.00025387942 -4.1732416e-05)
(0.00080238887 7.7506436e-06 3.1944696e-06 -0.00033044601 0.00020998064 -0.00077725387)
(0.00056738581 -3.1299956e-06 -1.3204132e-06 -0.0001947447 0.00021334426 -0.00062590192)
(0.00049855542 -4.4602927e-06 -1.865951e-06 -0.00019669051 0.00017183081 -0.00053973563)
(0.00039451719 -5.7498751e-06 -2.3951359e-06 -0.00013967994 0.00016352972 -0.00046954297)
(0.000301825 -7.1068989e-06 -2.9533486e-06 -8.3977858e-05 0.0001574521 -0.00041192325)
(0.00019594306 -8.6016892e-06 -3.5690094e-06 -1.0670067e-05 0.00016203019 -0.00035581314)
(7.9803128e-05 -1.0373349e-05 -4.2985753e-06 7.4061006e-05 0.00017358009 -0.00029863785)
(-5.0314584e-05 -1.2648747e-05 -5.2354831e-06 0.00017234778 0.00019246773 -0.0002380143)
(-0.00018583906 -1.5705302e-05 -6.4942145e-06 0.00027441716 0.00021484646 -0.00017470768)
(-0.00034898156 -1.9756092e-05 -8.1633979e-06 0.00040303393 0.00024817636 -0.00010496633)
(-0.00047044689 -2.523489e-05 -1.042229e-05 0.0004826973 0.00026809034 -4.0537482e-05)
(-0.00090439866 -2.6911003e-05 -1.1102861e-05 0.0008806972 0.00040893838 7.984349e-05)
(0.00079850729 7.1420363e-06 4.3753194e-06 -0.00040985614 0.00027394834 -0.00069309899)
(0.00056699772 -2.8965722e-06 -1.7773874e-06 -0.00026958772 0.00027409661 -0.00055058435)
(0.00050446536 -4.1215671e-06 -2.5299212e-06 -0.00026042213 0.00021839832 -0.00048322622)
(0.00040334483 -5.3108425e-06 -3.2586347e-06 -0.00020311094 0.00020779069 -0.00041690001)
(0.00031117579 -6.5641335e-06 -4.0250187e-06 -0.00014752356 0.00020179997 -0.00035980526)
(0.0002040123 -7.9448804e-06 -4.8678068e-06 -7.6550687e-05 0.00020925041 -0.00029979462)
(8.602085e-05 -9.5810685e-06 -5.8651571e-06 4.2551304e-06 0.00022499804 -0.00023643213)
(-4.6712626e-05 -1.1682e-05 -7.1453394e-06 9.743468e-05 0.00024963703 -0.00016750572)
(-0.00018416926 -1.4503013e-05 -8.8651667e-06 0.00019366693 0.00027726398 -9.6001996e-05)
(-0.00035046703 -1.8242569e-05 -1.1146764e-05 0.0003142129 0.00031921892 -1.4335613e-05)
(-0.00047239395 -2.3300439e-05 -1.4234971e-05 0.00039178977 0.00033692121 5.2741111e-05)
(-0.00090658309 -2.485258e-05 -1.5170887e-05 0.00073896922 0.00051165873 0.00022422759)
(0.00081454972 6.3703097e-06 5.4369796e-06 -0.00050848145 0.00031565841 -0.00061407933)
(0.00058009733 -2.5827008e-06 -2.2107235e-06 -0.00036671045 0.00031486122 -0.00046947013)
(0.0005149038 -3.6764272e-06 -3.1438652e-06 -0.00033832235 0.00024805767 -0.00041808247)
(0.00041100403 -4.7375393e-06 -4.0492121e-06 -0.0002772626 0.00023346361 -0.00035210861)
(0.00031682797 -5.8551006e-06 -5.0025029e-06 -0.00022036826 0.00022604585 -0.00029386846)
(0.00020808103 -7.0854504e-06 -6.0514909e-06 -0.0001521594 0.00023436362 -0.00022915924)
(8.8828671e-05 -8.5426348e-06 -7.2933089e-06 -7.6330328e-05 0.00025208562 -0.0001592799)
(-4.51045e-05 -1.0413517e-05 -8.8875355e-06 9.6730447e-06 0.00027964727 -8.1712283e-05)
(-0.00018349424 -1.292619e-05 -1.1029207e-05 9.8437441e-05 0.00031000033 -1.6017613e-06)
(-0.00035046412 -1.625837e-05 -1.3870424e-05 0.00020667798 0.00035612227 9.3189615e-05)
(-0.00047247275 -2.0767242e-05 -1.7716217e-05 0.00028094838 0.00037391276 0.00016366976)
(-0.00090691346 -2.2149569e-05 -1.8889941e-05 0.00057065028 0.00056644928 0.00039293631)
(0.00081454978 5.4380415e-06 6.3693041e-06 -0.0006140804 0.0003156583 -0.00050848041)
(0.00058009742 -2.2094894e-06 -2.5839578e-06 -0.00046947231 0.00031486094 -0.00036670833)
(0.00051490393 -3.1423647e-06 -3.6780162e-06 -0.00041808475 0.00024805747 -0.00033832018)
(0.00041100423 -4.0473466e-06 -4.7395265e-06 -0.00035211095 0.00023346348 -0.00027726042)
(0.00031682825 -5.000186e-06 -5.8575381e-06 -0.00029387083 0.00022604578 -0.00022036612)
(0.0002080814 -6.0486583e-06 -7.088367e-06 -0.00022916155 0.00023436361 -0.00015215739)
(8.8829139e-05 -7.2899189e-06 -8.5460341e-06 -0.000159282 0.00025208567 -7.6328608e-05)
(-4.5103928e-05 -8.8835757e-06 -1.0417379e-05 -8.1713981e-05 0.00027964737 9.6742709e-06)
(-0.00018349358 -1.1024691e-05 -1.2930473e-05 -1.6027912e-06 0.00031000051 9.8437929e-05)
(-0.00035046335 -1.3865368e-05 -1.6263026e-05 9.3189519e-05 0.00035612252 0.00020667743)
(-0.00047247199 -1.7710539e-05 -2.0772307e-05 0.000163671 0.00037391317 0.00028094656)
(-0.00090691212 -1.8883105e-05 -2.2155512e-05 0.00039294175 0.0005664499 0.0005706436)
(0.00079850745 4.3763456e-06 7.1411531e-06 -0.00069309993 0.00027394805 -0.00040985527)
(0.00056699796 -1.7762646e-06 -2.8977791e-06 -0.00055058622 0.00027409588 -0.00026958601)
(0.00050446573 -2.5286048e-06 -4.1231651e-06 -0.00048322832 0.00021839779 -0.00026042032)
(0.00040334539 -3.2570104e-06 -5.3128548e-06 -0.00041690231 0.00020779035 -0.00020310909)
(0.00031117658 -4.0229807e-06 -6.5665618e-06 -0.00035980772 0.00020179979 -0.00014752173)
(0.00020401336 -4.8652713e-06 -7.9477039e-06 -0.00029979715 0.00020925038 -7.6549006e-05)
(8.6022194e-05 -5.8620685e-06 -9.5842548e-06 -0.00023643461 0.00022499816 4.2565113e-06)
(-4.6710973e-05 -7.1416623e-06 -1.1685493e-05 -0.00016750796 0.00024963731 9.7435557e-05)
(-0.00018416735 -8.8608912e-06 -1.4506732e-05 -9.6003734e-05 0.00027726446 0.0001936671)
(-0.00035046479 -1.1141881e-05 -1.8246432e-05 -1.4336611e-05 0.00031921959 0.00031421204)
(-0.00047239174 -1.4229375e-05 -2.3304425e-05 5.2741303e-05 0.00033692227 0.00039178789)
(-0.00090657918 -1.5164046e-05 -2.4857052e-05 0.00022423112 0.00051166036 0.00073896214)
(0.00080238918 3.1953313e-06 7.7499237e-06 -0.00077725465 0.00020998031 -0.0003304454)
(0.00056738621 -1.3195024e-06 -3.1311022e-06 -0.0006259033 0.00021334339 -0.0001947436)
(0.00049855602 -1.864916e-06 -4.4618424e-06 -0.00053973741 0.00017183019 -0.0001966892)
(0.00039451807 -2.3938716e-06 -5.7518444e-06 -0.0004695451 0.00016352933 -0.0001396785)
(0.00030182622 -2.9517572e-06 -7.1092378e-06 -0.0004119257 0.0001574519 -8.3976385e-05)
(0.0001959447 -3.5670056e-06 -8.6043275e-06 -0.00035581582 0.00016203017 -1.06687e-05)
(7.9805214e-05 -4.2961008e-06 -1.0376209e-05 -0.00029864064 0.00017358026 7.4062112e-05)
(-5.0312023e-05 -5.2324996e-06 -1.2651737e-05 -0.00023801704 0.0001924681 0.00017234843)
(-0.0001858361 -6.4906993e-06 -1.5708308e-05 -0.00017471015 0.00021484707 0.00027441722)
(-0.0003489781 -8.1593294e-06 -1.9758999e-05 -0.0001049683 0.00024817721 0.00040303303)
(-0.00047044345 -1.0417563e-05 -2.5237617e-05 -4.053856e-05 0.00026809164 0.00048269576)
(-0.00090439262 -1.1097027e-05 -2.691379e-05 7.984481e-05 0.00040894037 0.0008806904)
(0.00071356828 1.9564448e-06 8.1618602e-06 -0.00071952924 0.00013045575 -0.00027961734)
(0.00048894579 -7.9906695e-07 -3.3015015e-06 -0.00058545355 0.00013073075 -0.0001393341)
(0.00043313527 -1.1366626e-06 -4.6973875e-06 -0.00051865983 0.0001046788 -0.00013781845)
(0.0003498636 -1.4636064e-06 -6.0520485e-06 -0.00047242012 9.4826433e-05 -8.2232897e-05)
(0.00026970282 -1.8054155e-06 -7.4759016e-06 -0.0004290406 8.8768924e-05 -2.7604636e-05)
(0.00017467475 -2.1813463e-06 -9.0451464e-06 -0.000385999 9.0483487e-05 4.5507761e-05)
(6.7762592e-05 -2.6261126e-06 -1.090565e-05 -0.00034128246 9.741042e-05 0.00013142091)
(-5.3073688e-05 -3.1970227e-06 -1.3296098e-05 -0.00029315203 0.00010944619 0.00023085864)
(-0.00018143857 -3.9646216e-06 -1.6510277e-05 -0.00024102579 0.00012513197 0.00033535928)
(-0.00032958309 -4.983186e-06 -2.07678e-05 -0.00018424472 0.00014865198 0.00045860793)
(-0.00046438392 -6.3573582e-06 -2.6546158e-05 -0.00012592474 0.00017266785 0.00056067712)
(-0.00089050533 -6.7575786e-06 -2.8280959e-05 -4.173287e-05 0.00025388107 0.00098530386)
(0.00076095099 6.6991275e-07 8.3595035e-06 -0.00093367012 -8.9136209e-05 -0.00012336998)
(0.00056737175 -2.5045935e-07 -3.3827903e-06 -0.00080257141 -0.00014521898 -1.8047022e-05)
(0.00046322775 -3.7243064e-07 -4.8097777e-06 -0.00067544349 -0.00017292688 -1.7799332e-05)
(0.00034985486 -4.8881034e-07 -6.1998646e-06 -0.00057513148 -0.00018793651 2.0498729e-05)
(0.00024780569 -6.0686137e-07 -7.6581385e-06 -0.00049665518 -0.00019257554 6.6778474e-05)
(0.00014154511 -7.346546e-07 -9.2650427e-06 -0.00043176719 -0.00019038552 0.00013177029)
(3.0391397e-05 -8.8469607e-07 -1.1169722e-05 -0.00037430369 -0.00018304066 0.00021011879)
(-8.756732e-05 -1.0767631e-06 -1.3616218e-05 -0.00032045658 -0.00017105437 0.00030032237)
(-0.00020984607 -1.3353016e-06 -1.6906389e-05 -0.00026722373 -0.00015486951 0.00039627684)
(-0.00033962664 -1.6800551e-06 -2.1268662e-05 -0.00021192274 -0.0001334804 0.00049855594)
(-0.00049017189 -2.1430618e-06 -2.7235569e-05 -0.00014814393 -0.00010414776 0.0006144018)
(-0.00071262047 -2.2651397e-06 -2.8934088e-05 -7.354701e-05 -2.3726327e-05 0.0007997293)
)
;
    }
    interface_downstream
    {
        type            calculated;
        value           nonuniform List<symmTensor> 
120
(
(-0.00085537157 -1.388548e-09 -4.9802116e-10 0.00028900887 0.00011189347 0.00075644555)
(-0.00072130618 -1.6017768e-09 -5.2264703e-10 0.00017820507 0.00016589988 0.00070339155)
(-0.0006112438 -1.743142e-09 -3.6252827e-10 0.00014079763 0.0001892163 0.00060627825)
(-0.00050340915 -1.7359928e-09 -2.6438399e-10 8.8003338e-05 0.00020113543 0.00052727458)
(-0.00040000588 -1.6705857e-09 -1.8525782e-10 2.4620371e-05 0.00020313405 0.00046427573)
(-0.00029094584 -1.5474642e-09 -1.2096675e-10 -5.4330508e-05 0.00019908593 0.00040993098)
(-0.00017485557 -1.3859797e-09 -6.724285e-11 -0.00014583041 0.00019017779 0.00035954274)
(-4.9992404e-05 -1.19628e-09 -2.3026734e-11 -0.00024907904 0.00017653374 0.00031018082)
(8.3207541e-05 -9.8863767e-10 1.2110602e-11 -0.00036101631 0.00015798302 0.00025931813)
(0.00022660296 -7.8425002e-10 3.5157069e-11 -0.00048148623 0.00013336773 0.00020452698)
(0.00039910374 -6.0067737e-10 4.9304191e-11 -0.00062756068 9.8425167e-05 0.00013976715)
(0.0005955429 -4.5561945e-10 2.1290764e-11 -0.0007948191 2.035124e-05 6.6933264e-05)
(-0.00077958478 -1.5000394e-09 -3.8743888e-10 0.00045361775 -5.0108234e-05 0.00049920834)
(-0.00060142868 -1.5230746e-09 -3.7249392e-10 0.00030050001 -7.5887982e-05 0.00043457962)
(-0.00055363932 -1.689126e-09 -4.1034351e-10 0.00025644365 -6.185474e-05 0.00042022674)
(-0.00048363688 -1.6631773e-09 -4.0678385e-10 0.00018524867 -5.8159491e-05 0.00040586314)
(-0.00040720578 -1.597574e-09 -3.8735399e-10 0.00011432304 -5.9257157e-05 0.00038337294)
(-0.00031383689 -1.4743989e-09 -3.5457479e-10 2.8348474e-05 -6.6782618e-05 0.00035522994)
(-0.00020535125 -1.317496e-09 -3.1401404e-10 -7.0233526e-05 -7.8896267e-05 0.00032121836)
(-8.0150182e-05 -1.1354161e-09 -2.6842787e-10 -0.00018273244 -9.5754562e-05 0.00028069373)
(5.8328602e-05 -9.3748347e-10 -2.1953029e-10 -0.00030478763 -0.00011691835 0.00023349705)
(0.00021885117 -7.5205188e-10 -1.7520158e-10 -0.00044705495 -0.00014589398 0.00017957011)
(0.00038235363 -5.667945e-10 -1.2817856e-10 -0.00058846734 -0.00017871204 0.00012114616)
(0.00076591524 -5.2415499e-10 -1.1538862e-10 -0.00097683285 -0.00024934628 4.0714148e-05)
(-0.00087328692 -1.4094602e-09 -6.6505699e-10 0.00046616326 -6.504649e-05 0.00060118771)
(-0.00069657248 -1.4108319e-09 -6.5755435e-10 0.00033282996 -0.00010704059 0.00051853658)
(-0.00063565522 -1.5870039e-09 -6.9878709e-10 0.00030088148 -9.7815267e-05 0.00047603059)
(-0.00054181727 -1.5661717e-09 -6.6559955e-10 0.00022970129 -0.0001055155 0.00043251989)
(-0.00045100332 -1.5120261e-09 -6.2960739e-10 0.00016010761 -0.00011213413 0.00039111871)
(-0.00034503741 -1.3975883e-09 -5.7663756e-10 7.6054713e-05 -0.00012628114 0.00034565767)
(-0.00022568628 -1.2503205e-09 -5.1388857e-10 -1.9511042e-05 -0.00014605205 0.0002953498)
(-8.9666577e-05 -1.0781889e-09 -4.4279982e-10 -0.0001292982 -0.00017229509 0.00023889062)
(5.7894064e-05 -8.8921403e-10 -3.6509111e-10 -0.00024768291 -0.00020288024 0.00017692343)
(0.00023449098 -7.1576367e-10 -2.9370492e-10 -0.00039329318 -0.00024375004 0.000106693)
(0.00038784338 -5.3072462e-10 -2.1736044e-10 -0.00051064506 -0.00027744627 3.6614182e-05)
(0.00077841246 -4.9760549e-10 -2.0414602e-10 -0.00087317969 -0.00040214221 -7.8213401e-05)
(-0.00086999875 -1.3497271e-09 -8.0792994e-10 0.00049037261 -8.4744993e-05 0.00057295948)
(-0.00069565042 -1.3249254e-09 -8.0462926e-10 0.00036520592 -0.00012982522 0.00048503366)
(-0.00064086035 -1.4714041e-09 -8.9810006e-10 0.00033660032 -0.00011802345 0.00044667357)
(-0.00055057221 -1.4444972e-09 -8.8168247e-10 0.00027180135 -0.00013113869 0.00040112031)
(-0.00046086189 -1.3940756e-09 -8.5006707e-10 0.00020710603 -0.00014315959 0.00035616965)
(-0.00035383064 -1.2890614e-09 -7.8574051e-10 0.00012884666 -0.00016359063 0.00030361301)
(-0.00023263836 -1.1539735e-09 -7.0371994e-10 4.0148539e-05 -0.00019008195 0.0002441872)
(-9.3865207e-05 -9.9568071e-10 -6.0769772e-10 -6.1911549e-05 -0.00022409709 0.00017663564)
(5.5964866e-05 -8.2077397e-10 -5.0136207e-10 -0.00017156976 -0.00026210766 0.00010316819)
(0.00023599485 -6.6067214e-10 -4.0383691e-10 -0.00030628815 -0.00031334915 1.7849918e-05)
(0.00038972183 -4.8933738e-10 -2.9917515e-10 -0.00041538537 -0.00034899803 -6.0941384e-05)
(0.00078050556 -4.5972899e-10 -2.8128208e-10 -0.00073216592 -0.00050425544 -0.00022178541)
(-0.00088763653 -1.1950032e-09 -1.0324503e-09 0.00052393128 -0.00010504111 0.0005609581)
(-0.00071128223 -1.1732508e-09 -1.0133915e-09 0.00041076486 -0.00015293502 0.00045858027)
(-0.00065371759 -1.3073022e-09 -1.1213493e-09 0.00037896771 -0.00013487274 0.00042002059)
(-0.00056001056 -1.2851e-09 -1.0977702e-09 0.00031938625 -0.00014733997 0.00036507118)
(-0.00046772963 -1.2416399e-09 -1.0580616e-09 0.00025999303 -0.00016064769 0.00031167656)
(-0.00035875652 -1.1493162e-09 -9.7817166e-10 0.00018907146 -0.00018373853 0.00024940873)
(-0.00023603176 -1.0297666e-09 -8.7589862e-10 0.00010903996 -0.00021349859 0.00017944327)
(-9.5831535e-05 -8.8908588e-10 -7.5595392e-10 1.7369898e-05 -0.00025145257 9.9757478e-05)
(5.5121596e-05 -7.3337775e-10 -6.234619e-10 -8.1180039e-05 -0.00029329541 1.3809127e-05)
(0.00023593937 -5.9047138e-10 -5.0213377e-10 -0.00020020379 -0.00034970229 -8.8166632e-05)
(0.00038977557 -4.3738619e-10 -3.7217975e-10 -0.00029947608 -0.00038759097 -0.00017691636)
(0.00078081923 -4.107558e-10 -3.5017343e-10 -0.00056523312 -0.00055868097 -0.00038910157)
(-0.00088763625 -1.0333084e-09 -1.1938779e-09 0.0005609571 -0.00010504083 0.00052393194)
(-0.00071128203 -1.0144943e-09 -1.1724207e-09 0.00045857944 -0.0001529348 0.00041076544)
(-0.00065371733 -1.1221996e-09 -1.3061884e-09 0.00042001976 -0.00013487264 0.00037896822)
(-0.00056001026 -1.0988985e-09 -1.2832699e-09 0.00036507048 -0.00014733991 0.00031938658)
(-0.00046772927 -1.0597872e-09 -1.2389926e-09 0.0003116761 -0.00016064764 0.00025999305)
(-0.00035875611 -9.8060161e-10 -1.1460297e-09 0.00024940857 -0.00018373848 0.00018907112)
(-0.00023603132 -8.7895482e-10 -1.0262281e-09 0.00017944346 -0.00021349853 0.00010903923)
(-9.5831087e-05 -7.593759e-10 -8.8563682e-10 9.975801e-05 -0.00025145248 1.7368819e-05)
(5.5122011e-05 -6.2707084e-10 -7.306911e-10 1.3809973e-05 -0.00029329529 -8.1181393e-05)
(0.00023593969 -5.0540328e-10 -5.8878731e-10 -8.8165544e-05 -0.00034970214 -0.00020020527)
(0.00038977573 -3.7479205e-10 -4.3679734e-10 -0.00017691514 -0.00038759076 -0.0002994775)
(0.00078081915 -3.5186441e-10 -4.1098439e-10 -0.00038910057 -0.00055868072 -0.00056523404)
(-0.000869998 -8.0854003e-10 -1.3484051e-09 0.0005729579 -8.4744292e-05 0.00049037328)
(-0.00069564988 -8.0578787e-10 -1.324386e-09 0.0004850324 -0.00012982467 0.00036520651)
(-0.00064085961 -8.9877654e-10 -1.4701125e-09 0.00044667235 -0.00011802318 0.00033660065)
(-0.00055057135 -8.8216351e-10 -1.4420581e-09 0.00040111921 -0.00013113852 0.0002718014)
(-0.00046086087 -8.5085593e-10 -1.3906436e-09 0.00035616874 -0.00014315946 0.00020710569)
(-0.00035382948 -7.8714543e-10 -1.285235e-09 0.00030361234 -0.0001635905 0.00012884591)
(-0.0002326371 -7.0582171e-10 -1.1503592e-09 0.00024418682 -0.00019008178 4.014738e-05)
(-9.3863915e-05 -6.1040667e-10 -9.9276831e-10 0.00017663556 -0.00022409687 -6.1913049e-05)
(5.5966067e-05 -5.0480473e-10 -8.1960844e-10 0.00010316842 -0.00026210736 -0.00017157146)
(0.00023599578 -4.0749066e-10 -6.6120204e-10 1.7850444e-05 -0.00031334874 -0.00030628981)
(0.00038972229 -3.0259088e-10 -4.9128804e-10 -6.0940604e-05 -0.00034899748 -0.00041538672)
(0.00078050534 -2.8393586e-10 -4.6228618e-10 -0.00022178461 -0.0005042548 -0.00073216645)
(-0.00087328567 -6.6558564e-10 -1.4080657e-09 0.00060118529 -6.5045592e-05 0.00046616416)
(-0.00069657156 -6.5844868e-10 -1.4105698e-09 0.00051853467 -0.00010703987 0.00033283075)
(-0.00063565403 -6.9921818e-10 -1.5857631e-09 0.00047602889 -9.7814909e-05 0.00030088173)
(-0.00054181592 -6.6563546e-10 -1.563212e-09 0.00043251837 -0.00010551528 0.00022970116)
(-0.00045100173 -6.2975671e-10 -1.5079485e-09 0.00039111737 -0.00011213396 0.00016010701)
(-0.00034503561 -5.7722294e-10 -1.3934101e-09 0.00034565653 -0.00012628097 7.6053655e-05)
(-0.00022568433 -5.15004e-10 -1.2467464e-09 0.00029534888 -0.00014605184 -1.9512515e-05)
(-8.9664583e-05 -4.4448207e-10 -1.0759885e-09 0.00023888997 -0.00017229482 -0.00012929998)
(5.7895918e-05 -3.6751779e-10 -8.894393e-10 0.00017692305 -0.00020287988 -0.0002476848)
(0.00023449243 -2.9661355e-10 -7.18339e-10 0.00010669292 -0.00024374954 -0.00039329486)
(0.00038784411 -2.2029007e-10 -5.3484623e-10 3.6614401e-05 -0.0002774456 -0.00051064617)
(0.00077841212 -2.0666095e-10 -5.0218915e-10 -7.8213003e-05 -0.00040214141 -0.00087317967)
(-0.00077958342 -3.8738592e-10 -1.4988115e-09 0.0004992055 -5.0107478e-05 0.00045361893)
(-0.00060142773 -3.7250168e-10 -1.5234174e-09 0.00043457743 -7.5887367e-05 0.00030050105)
(-0.00055363802 -4.0981567e-10 -1.6881101e-09 0.0004202249 -6.1854426e-05 0.0002564439)
(-0.00048363536 -4.0603829e-10 -1.6599166e-09 0.0004058615 -5.8159294e-05 0.00018524845)
(-0.00040720396 -3.8677124e-10 -1.5930934e-09 0.00038337146 -5.9257019e-05 0.00011432229)
(-0.00031383479 -3.5441298e-10 -1.4699226e-09 0.00035522861 -6.6782491e-05 2.8347248e-05)
(-0.00020534895 -3.143227e-10 -1.3139481e-09 0.00032121719 -7.8896121e-05 -7.0235165e-05)
(-8.0147813e-05 -2.6922426e-10 -1.1336377e-09 0.00028069275 -9.5754369e-05 -0.00018273436)
(5.8330826e-05 -2.2089559e-10 -9.3860718e-10 0.00023349628 -0.00011691807 -0.00030478958)
(0.00021885294 -1.7696712e-10 -7.5586595e-10 0.00017956957 -0.00014589359 -0.00044705658)
(0.00038235451 -1.3004574e-10 -5.7233703e-10 0.0001211459 -0.0001787115 -0.00058846815)
(0.00076591479 -1.1701021e-10 -5.3005143e-10 4.0714138e-05 -0.00024934564 -0.00097683229)
(-0.00085536973 -4.9677746e-10 -1.3876246e-09 0.00075644206 0.0001118939 0.00028901011)
(-0.00072130472 -5.2133304e-10 -1.6025739e-09 0.00070338867 0.00016590042 0.00017820617)
(-0.00061124202 -3.6124739e-10 -1.7420175e-09 0.00060627581 0.00018921674 0.0001407979)
(-0.00050340717 -2.6334242e-10 -1.7322329e-09 0.0005272724 0.00020113578 8.8003101e-05)
(-0.00040000365 -1.8470237e-10 -1.665422e-09 0.00046427375 0.00020313432 2.4619632e-05)
(-0.0002909434 -1.2096469e-10 -1.5423625e-09 0.00040992916 0.0001990861 -5.4331679e-05)
(-0.00017485298 -6.7703105e-11 -1.3821005e-09 0.00035954111 0.00019017786 -0.00014583194)
(-4.9989811e-05 -2.3832405e-11 -1.1943948e-09 0.00031017939 0.00017653372 -0.00024908079)
(8.3209931e-05 1.1085925e-11 -9.902478e-10 0.00025931696 0.00015798293 -0.00036101805)
(0.00022660485 3.4184784e-11 -7.8878513e-10 0.00020452609 0.00013336762 -0.00048148765)
(0.00039910471 4.8628547e-11 -6.0747232e-10 0.00013976658 9.8425097e-05 -0.00062756129)
(0.0005955427 2.0796453e-11 -4.6164328e-10 6.6933e-05 2.0351295e-05 -0.00079481859)
)
;
    }
    rim
    {
        type            calculated;
        value           nonuniform List<symmTensor> 
40
(
(-0.00039114793 -0.00082689513 -0.00011555351 0.00059187061 4.7291949e-06 -2.2189781e-05)
(-3.9579134e-05 -0.00058047955 -0.00013199579 4.2025103e-05 -2.926653e-05 -6.2472141e-06)
(2.1261849e-05 -0.00053611183 -0.00012191428 -0.00010260968 2.1814849e-05 5.9182303e-06)
(0.00032439642 -0.0006716158 -9.6891001e-05 -0.00060225557 9.6867872e-06 2.25223e-05)
(-0.00054076726 -0.00077148292 -0.00018266096 0.00065145873 0.00016576198 9.4364517e-06)
(1.0233631e-20 -0.00053092059 -0.00012745694 1.9531585e-05 -9.2182322e-06 -5.5516569e-06)
(9.4596514e-21 -0.00049076654 -0.00011781725 -9.0420375e-05 -5.1373705e-06 2.7445226e-06)
(0.00045805736 -0.00062606734 -0.00014930083 -0.00065835421 -0.00015875714 -6.7533398e-06)
(-0.00055690502 -0.00073087696 -0.00030191332 0.00059519875 0.0002652854 8.4381588e-05)
(0 -0.00049225146 -0.00020389297 1.4269728e-05 2.7254481e-06 -1.9040798e-07)
(0 -0.00045443546 -0.0001882294 -7.8484942e-05 -2.7601759e-05 -9.4002439e-06)
(0.00047385759 -0.00059425256 -0.00024613379 -0.00059969658 -0.00026242014 -8.2724478e-05)
(-0.00055896015 -0.00067536581 -0.00041317797 0.00050481429 0.00032983395 0.00017674518)
(0 -0.00045284416 -0.00027750049 1.074063e-05 6.1554249e-06 3.5107304e-06)
(0 -0.00041786705 -0.00025606671 -6.5246788e-05 -3.8603883e-05 -2.2811209e-05)
(0.00047582454 -0.00054935118 -0.00033634813 -0.00050813282 -0.00032903858 -0.00017652969)
(-0.0005593593 -0.00060243363 -0.00051429057 0.00039752017 0.00036409694 0.00028426893)
(3.9829816e-20 -0.0004039816 -0.00034503185 8.2540834e-06 7.05222e-06 6.0253572e-06)
(3.6749733e-20 -0.00037274126 -0.00031835016 -5.1221994e-05 -4.3450533e-05 -3.6856444e-05)
(0.00047620335 -0.00049012317 -0.00041849741 -0.00039963481 -0.00036405153 -0.00028525944)
(-0.00055935853 -0.00051428717 -0.00060243508 0.00028427595 0.00036409776 0.00039751227)
(-3.9829772e-20 -0.00034503147 -0.00040398115 6.0276173e-06 7.0525483e-06 8.2517538e-06)
(-3.6749708e-20 -0.00031834994 -0.00037274101 -3.6855236e-05 -4.345036e-05 -5.1223244e-05)
(0.00047620327 -0.00041849742 -0.00049012293 -0.00028525829 -0.00036405131 -0.00039963589)
(-0.00055895791 -0.00041317357 -0.00067536472 0.00017675037 0.00032983608 0.00050480654)
(0 -0.00027749959 -0.00045284269 3.5125422e-06 6.1562867e-06 1.0738619e-05)
(0 -0.0002560662 -0.00041786621 -2.2810244e-05 -3.8603428e-05 -6.5247874e-05)
(0.00047582428 -0.00033634797 -0.00054935066 -0.00017652875 -0.00032903801 -0.00050813358)
(-0.00055690157 -0.00030190909 -0.00073087329 8.4384459e-05 0.00026528799 0.00059519192)
(0 -0.00020389194 -0.00049224898 -1.892619e-07 2.7265307e-06 1.4268276e-05)
(0 -0.00018822881 -0.00045443405 -9.3996401e-06 -2.7601194e-05 -7.848573e-05)
(0.00047385719 -0.00024613358 -0.00059425176 -8.2723911e-05 -0.00026241943 -0.00059969686)
(-0.00054076306 -0.00018265797 -0.00077147716 9.4372633e-06 0.00016576401 0.00065145313)
(-1.0233567e-20 -0.00012745615 -0.00053091726 -5.5511406e-06 -9.2172648e-06 1.9530687e-05)
(-9.4596144e-21 -0.00011781679 -0.00049076462 2.7447765e-06 -5.136899e-06 -9.0420852e-05)
(0.00045805686 -0.00014930065 -0.0006260663 -6.7531615e-06 -0.0001587566 -0.00065835401)
(-0.00039114449 -0.00011555206 -0.00082688818 -2.2190192e-05 4.7300062e-06 0.0005918664)
(-3.9578615e-05 -0.0001319949 -0.00058047564 -6.2470886e-06 -2.9265864e-05 4.2024249e-05)
(2.1262063e-05 -0.00012191378 -0.00053610954 5.9182809e-06 2.1815126e-05 -0.00010261015)
(0.00032439615 -9.6890783e-05 -0.00067161448 2.2522242e-05 9.6868432e-06 -0.00060225545)
)
;
    }
    axisApprox
    {
        type            calculated;
        value           nonuniform List<symmTensor> 
40
(
(0.00040909004 -5.9365221e-06 7.5426584e-05 0.00031419742 8.7835295e-05 -0.00079464573)
(0.00010703866 -1.5744042e-05 0.0002000131 0.0002410974 5.0990034e-05 -0.00040260529)
(-0.00020744537 -1.5656042e-05 0.00019889523 0.00015818942 1.1429413e-05 1.3902804e-05)
(-0.00049084904 -5.4253033e-06 6.8932585e-05 1.036478e-05 -3.7108693e-05 0.00047883018)
(0.00048730742 -2.7645184e-06 1.151994e-05 0.00014928869 0.00021155875 -0.00068105901)
(0.00011796345 -7.8461763e-07 3.2742852e-06 0.00017965966 0.00013359176 -0.00034467523)
(-0.00022525693 1.8944031e-06 -7.8838533e-06 0.00011083923 5.437656e-06 8.9496655e-05)
(-0.00057897965 4.4696465e-07 -1.8559293e-06 0.00012685241 -7.6735649e-05 0.00042803201)
(0.00049908302 7.0478278e-07 -1.6979472e-06 9.8159321e-05 0.00037592688 -0.00065365977)
(0.00011738642 -1.5102477e-06 3.6497697e-06 0.00014807283 0.00023399927 -0.00031990409)
(-0.00023350308 4.6913517e-07 -1.1287353e-06 0.00011985086 1.7208938e-05 8.5434624e-05)
(-0.00059403272 2.6379355e-06 -6.3648639e-06 0.00013944649 -0.00014893753 0.00043730788)
(0.00050690835 -2.7689597e-06 4.5210349e-06 -4.5111942e-05 0.00046062874 -0.00051449998)
(0.00011680618 -2.1969601e-06 3.5878716e-06 6.1041736e-05 0.0002859586 -0.00023035463)
(-0.00023668281 -8.1574168e-07 1.3339562e-06 0.00011810866 2.9202339e-05 8.8351014e-05)
(-0.00060381185 -1.3571422e-06 2.2171731e-06 0.00020255428 -0.00017408808 0.00037995282)
(0.00050881351 -3.9681944e-08 4.8538909e-08 -0.00019924886 0.00052013836 -0.00036400761)
(0.00011599618 -1.1722676e-06 1.3748104e-06 -3.3895339e-05 0.00032035529 -0.0001353709)
(-0.00023747584 -7.3090322e-07 8.5803542e-07 0.00010888985 3.5456034e-05 9.765883e-05)
(-0.00060659393 3.4600941e-07 -4.0306339e-07 0.00026156916 -0.00019950003 0.00032476271)
(0.0005088136 5.0537273e-08 -4.1388953e-08 -0.00036400771 0.00052013858 -0.00019924889)
(0.00011599638 1.3770346e-06 -1.1741672e-06 -0.00013537108 0.00032035564 -3.389541e-05)
(-0.00023747563 8.5973818e-07 -7.3235747e-07 9.7658633e-05 3.5456422e-05 0.00010888977)
(-0.00060659375 -4.0212268e-07 3.4520567e-07 0.00032476251 -0.00019949956 0.00026156911)
(0.00050690863 4.5230621e-06 -2.7702026e-06 -0.00051450046 0.0004606293 -4.5111848e-05)
(0.00011680676 3.5901186e-06 -2.1983367e-06 -0.00023035542 0.00028595946 6.1041819e-05)
(-0.00023668219 1.3356871e-06 -8.1680216e-07 8.8350128e-05 2.9203315e-05 0.00011810878)
(-0.00060381132 2.2181267e-06 -1.3577273e-06 0.00037995185 -0.00017408691 0.00020255452)
(0.00049908346 -1.6962233e-06 7.0406787e-07 -0.00065366078 0.00037592758 9.8159729e-05)
(0.00011738732 3.6516881e-06 -1.5110418e-06 -0.00031990572 0.00023400034 0.00014807336)
(-0.00023350213 -1.1272278e-06 4.6851113e-07 8.5432806e-05 1.7210155e-05 0.00011985148)
(-0.00059403191 -6.3640043e-06 2.6375785e-06 0.00043730581 -0.00014893603 0.00013944741)
(0.00048730798 1.1521101e-05 -2.7647981e-06 -0.00068106037 0.00021155926 0.00014928932)
(0.00011796457 3.275559e-06 -7.8492273e-07 -0.00034467742 0.00013359253 0.0001796605)
(-0.00022525575 -7.882822e-06 1.894156e-06 8.9494216e-05 5.4385293e-06 0.00011084022)
(-0.00057897863 -1.855371e-06 4.4682965e-07 0.00042802917 -7.6734555e-05 0.00012685386)
(0.0004090907 7.5426897e-05 -5.9365474e-06 -0.00079464739 8.7835492e-05 0.00031419824)
(0.0001070399 0.0002000134 -1.5744065e-05 -0.00040260808 5.0990354e-05 0.00024109866)
(-0.00020744409 0.0001988955 -1.5656062e-05 1.3899739e-05 1.1429771e-05 0.00015819088)
(-0.00049084797 6.8932833e-05 -5.4253236e-06 0.00047882672 -3.7108264e-05 1.0366733e-05)
)
;
    }
    symmetry_z
    {
        type            symmetryPlane;
    }
    symmetry_y
    {
        type            symmetryPlane;
    }
}


// ************************************************************************* //
