/*--------------------------------*- C++ -*----------------------------------*\
| =========                 |                                                 |
| \\      /  F ield         | OpenFOAM: The Open Source CFD Toolbox           |
|  \\    /   O peration     | Version:  2512                                  |
|   \\  /    A nd           | Website:  www.openfoam.com                      |
|    \\/     M anipulation  |                                                 |
\*---------------------------------------------------------------------------*/
FoamFile
{
    version     2.0;
    format      ascii;
    arch        "LSB;label=32;scalar=64";
    class       volVectorField;
    location    "2.5";
    object      cellDisplacement;
}
// * * * * * * * * * * * * * * * * * * * * * * * * * * * * * * * * * * * * * //

dimensions      [0 1 0 0 0 0 0];

internalField   nonuniform List<vector> 
1920
(
(3.8428289e-08 1.77467e-11 0)
(1.1620832e-07 5.5070849e-11 0)
(1.9678802e-07 9.858475e-11 0)
(2.8211222e-07 1.5336256e-10 0)
(3.742402e-07 2.2562494e-10 0)
(4.753956e-07 3.2334432e-10 0)
(5.8801913e-07 4.5696858e-10 0)
(7.1482843e-07 6.4048871e-10 0)
(8.5888271e-07 8.9274736e-10 0)
(1.0236578e-06 1.2393254e-09 0)
(1.2131286e-06 1.7149413e-09 0)
(1.4318668e-06 2.3668705e-09 0)
(1.6851489e-06 3.2593998e-09 0)
(1.9790861e-06 4.4800953e-09 0)
(2.3207689e-06 6.1480871e-09 0)
(2.7184412e-06 8.4256153e-09 0)
(3.181696e-06 1.1533433e-08 0)
(3.7217101e-06 1.5772127e-08 0)
(4.3515101e-06 2.1550735e-08 0)
(5.086291e-06 2.9426196e-08 0)
(5.9437772e-06 4.015649e-08 0)
(6.9446564e-06 5.4773748e-08 0)
(8.1130707e-06 7.4682954e-08 0)
(9.477207e-06 1.0179762e-07 0)
(1.1069966e-05 1.3872331e-07 0)
(1.2929764e-05 1.8900987e-07 0)
(1.5101444e-05 2.5749327e-07 0)
(1.7637366e-05 3.5076603e-07 0)
(2.0598641e-05 4.7781626e-07 0)
(2.405661e-05 6.5090939e-07 0)
(2.8094513e-05 8.8679138e-07 0)
(3.2809478e-05 1.2083566e-06 0)
(3.8314771e-05 1.646942e-06 0)
(4.4742448e-05 2.2455362e-06 0)
(5.2246363e-05 3.0632562e-06 0)
(6.1005661e-05 4.1817148e-06 0)
(7.12288e-05 5.7141401e-06 0)
(8.3158187e-05 7.8187701e-06 0)
(9.7075713e-05 1.0718971e-05 0)
(0.00011331011 1.473475e-05 0)
(0.00013224709 2.0334774e-05 0)
(0.00015435052 2.8228894e-05 0)
(0.00018021886 3.9555454e-05 0)
(0.00021075079 5.6318031e-05 0)
(0.00024779664 8.2627912e-05 0)
(0.00029681471 0.0001289784 0)
(0.00037858396 0.00022921791 0)
(0.00057967112 0.00050907973 0)
(1.1433607e-07 5.0893431e-11 0)
(3.457603e-07 1.5827891e-10 0)
(5.8551669e-07 2.8372071e-10 0)
(8.393903e-07 4.4182542e-10 0)
(1.113509e-06 6.5065928e-10 0)
(1.4144881e-06 9.33281e-10 0)
(1.7495912e-06 1.3200734e-09 0)
(2.1269037e-06 1.8515657e-09 0)
(2.5555303e-06 2.5825339e-09 0)
(3.0458125e-06 3.5871302e-09 0)
(3.6095808e-06 4.9662398e-09 0)
(4.2604373e-06 6.8569685e-09 0)
(5.014088e-06 9.4460688e-09 0)
(5.8887166e-06 1.2987585e-08 0)
(6.9054299e-06 1.7827529e-08 0)
(8.0887603e-06 2.4436712e-08 0)
(9.4672664e-06 3.3456259e-08 0)
(1.1074213e-05 4.5758635e-08 0)
(1.2948386e-05 6.2531804e-08 0)
(1.5135018e-05 8.5392605e-08 0)
(1.7686892e-05 1.1654263e-07 0)
(2.0665605e-05 1.5897883e-07 0)
(2.4143074e-05 2.1678271e-07 0)
(2.8203251e-05 2.9551177e-07 0)
(3.294418e-05 4.0273684e-07 0)
(3.8480333e-05 5.4877079e-07 0)
(4.4945413e-05 7.4766925e-07 0)
(5.2495536e-05 1.0185905e-06 0)
(6.1313043e-05 1.3876667e-06 0)
(7.1610828e-05 1.8905539e-06 0)
(8.3637504e-05 2.5759537e-06 0)
(9.768328e-05 3.5104396e-06 0)
(0.00011408691 4.7851607e-06 0)
(0.00013324364 6.5251221e-06 0)
(0.00015561446 8.9022187e-06 0)
(0.00018173683 1.2153592e-05 0)
(0.00021223686 1.6607956e-05 0)
(0.00024784372 2.2723817e-05 0)
(0.00028940629 3.1146411e-05 0)
(0.00033791324 4.2794904e-05 0)
(0.00039452075 5.9001266e-05 0)
(0.00046059533 8.1743542e-05 0)
(0.00053778872 0.00011405911 0)
(0.0006282199 0.00016082875 0)
(0.0007348668 0.00023034173 0)
(0.00086230965 0.00033735597 0)
(0.0010169305 0.00050785828 0)
(0.00119484 0.00077496173 0)
(1.8743013e-07 7.8021735e-11 0)
(5.6680243e-07 2.4276856e-10 0)
(9.598347e-07 4.3559383e-10 0)
(1.376011e-06 6.7924455e-10 0)
(1.8253757e-06 1.0017508e-09 0)
(2.3187745e-06 1.4390691e-09 0)
(2.8681139e-06 2.0384245e-09 0)
(3.4866506e-06 2.8630277e-09 0)
(4.1893095e-06 3.9980898e-09 0)
(4.9930468e-06 5.5592338e-09 0)
(5.9172564e-06 7.7034843e-09 0)
(6.9842417e-06 1.0644582e-08 0)
(8.2197505e-06 1.4673307e-08 0)
(9.6536008e-06 2.0185638e-08 0)
(1.1320397e-05 2.7720464e-08 0)
(1.326037e-05 3.8011558e-08 0)
(1.5520345e-05 5.2057594e-08 0)
(1.8154881e-05 7.1218272e-08 0)
(2.122758e-05 9.7344309e-08 0)
(2.4812638e-05 1.3295549e-07 0)
(2.8996626e-05 1.8148205e-07 0)
(3.3880606e-05 2.4759485e-07 0)
(3.9582556e-05 3.3765381e-07 0)
(4.6240254e-05 4.6032117e-07 0)
(5.4014593e-05 6.2739518e-07 0)
(6.3093514e-05 8.549511e-07 0)
(7.369653e-05 1.1648942e-06 0)
(8.608009e-05 1.5870875e-06 0)
(0.00010054376 2.1622543e-06 0)
(0.00011743753 2.9459637e-06 0)
(0.00013717024 4.0140845e-06 0)
(0.0001602195 5.4703059e-06 0)
(0.00018714314 7.4564882e-06 0)
(0.00021859264 1.0167033e-05 0)
(0.00025532864 1.3868861e-05 0)
(0.00029823889 1.892949e-05 0)
(0.00034835907 2.5856734e-05 0)
(0.00040689672 3.5355682e-05 0)
(0.00047525873 4.8411539e-05 0)
(0.00055508338 6.6412514e-05 0)
(0.00064827688 9.1336073e-05 0)
(0.00075705618 0.00012603724 0)
(0.00088400309 0.00017470487 0)
(0.0010321003 0.00024358365 0)
(0.0012046904 0.00034206054 0)
(0.0014050263 0.0004840448 0)
(0.00163413 0.00068857526 0)
(0.0018843186 0.00097598151 0)
(2.5591003e-07 9.5756625e-11 0)
(7.7389176e-07 2.9820246e-10 0)
(1.3105258e-06 5.358948e-10 0)
(1.8787608e-06 8.3737899e-10 0)
(2.492312e-06 1.237971e-09 0)
(3.165987e-06 1.7828745e-09 0)
(3.9160446e-06 2.5316308e-09 0)
(4.7605846e-06 3.5637869e-09 0)
(5.7199881e-06 4.9867899e-09 0)
(6.8174066e-06 6.9462381e-09 0)
(8.0793248e-06 9.6401332e-09 0)
(9.5361965e-06 1.3337741e-08 0)
(1.1223185e-05 1.8405707e-08 0)
(1.3181006e-05 2.5343002e-08 0)
(1.5456921e-05 3.4829069e-08 0)
(1.8105871e-05 4.7788665e-08 0)
(2.1191812e-05 6.5480876e-08 0)
(2.4789257e-05 8.9619452e-08 0)
(2.8985089e-05 1.2253763e-07 0)
(3.3880653e-05 1.6741152e-07 0)
(3.9594229e-05 2.2856565e-07 0)
(4.6263883e-05 3.118878e-07 0)
(5.4050843e-05 4.2539604e-07 0)
(6.3143386e-05 5.8000958e-07 0)
(7.3761455e-05 7.9060253e-07 0)
(8.6161975e-05 1.0774377e-06 0)
(0.00010064515 1.4681282e-06 0)
(0.00011756177 2.0003092e-06 0)
(0.00013732177 2.7252983e-06 0)
(0.00016040427 3.7130913e-06 0)
(0.00018736926 5.0592195e-06 0)
(0.0002188713 6.8941394e-06 0)
(0.00025567554 9.3961674e-06 0)
(0.00029867636 1.2809282e-05 0)
(0.00034891912 1.7467789e-05 0)
(0.00040762554 2.3830557e-05 0)
(0.00047622302 3.2528904e-05 0)
(0.00055637856 4.4433884e-05 0)
(0.00065003766 6.0751685e-05 0)
(0.00075946759 8.3159802e-05 0)
(0.00088730522 0.0001140023 0)
(0.0010366054 0.00015657087 0)
(0.0012108725 0.00021550373 0)
(0.0014140551 0.0002973276 0)
(0.0016504004 0.00041112917 0)
(0.0019239414 0.00056916578 0)
(0.0022373372 0.00078694693 0)
(0.0025904151 0.0010822313 0)
(3.1809006e-07 1.017694e-10 0)
(9.6192929e-07 3.1726583e-10 0)
(1.6289538e-06 5.7150366e-10 0)
(2.3352592e-06 8.9605535e-10 0)
(3.0978927e-06 1.3299317e-09 0)
(3.9352613e-06 1.923226e-09 0)
(4.8675738e-06 2.7418131e-09 0)
(5.9173305e-06 3.873892e-09 0)
(7.1098646e-06 5.4384521e-09 0)
(8.4739569e-06 7.5969731e-09 0)
(1.0042528e-05 1.0568868e-08 0)
(1.1853439e-05 1.4652809e-08 0)
(1.3950399e-05 2.025524e-08 0)
(1.6384029e-05 2.7929624e-08 0)
(1.921308e-05 3.84293e-08 0)
(2.2505863e-05 5.277997e-08 0)
(2.6341891e-05 7.2377765e-08 0)
(3.0813816e-05 9.9123399e-08 0)
(3.6029665e-05 1.3560415e-07 0)
(4.2115472e-05 1.8534246e-07 0)
(4.9218324e-05 2.5313373e-07 0)
(5.7509951e-05 3.4550748e-07 0)
(6.7190888e-05 4.7135461e-07 0)
(7.849538e-05 6.4278373e-07 0)
(9.1697075e-05 8.7628676e-07 0)
(0.00010711574 1.1943305e-06 0)
(0.00012512504 1.6275247e-06 0)
(0.00014616178 2.217584e-06 0)
(0.00017073655 3.021367e-06 0)
(0.00019944638 4.1163987e-06 0)
(0.00023298943 5.6084118e-06 0)
(0.00027218228 7.6416724e-06 0)
(0.00031798018 1.0413106e-05 0)
(0.00037150079 1.4191681e-05 0)
(0.00043405196 1.934499e-05 0)
(0.00050716436 2.6375825e-05 0)
(0.00059262949 3.5972497e-05 0)
(0.00069254399 4.9078228e-05 0)
(0.00080936073 6.6986746e-05 0)
(0.00094594713 9.1473667e-05 0)
(0.0011056492 0.00012497594 0)
(0.0012923577 0.00017083246 0)
(0.0015105717 0.00023359625 0)
(0.0017654278 0.00031941626 0)
(0.0020626631 0.00043643708 0)
(0.0024084989 0.00059510997 0)
(0.0028094388 0.00080823711 0)
(0.0032729352 0.0010906853 0)
(3.7243836e-07 9.485528e-11 0)
(1.1262834e-06 2.9628189e-10 0)
(1.9072763e-06 5.3594333e-10 0)
(2.7342626e-06 8.4519849e-10 0)
(3.6272031e-06 1.2629772e-09 0)
(4.6076494e-06 1.8392139e-09 0)
(5.699265e-06 2.6397375e-09 0)
(6.9283947e-06 3.7525943e-09 0)
(8.324703e-06 5.2967785e-09 0)
(9.921889e-06 7.4336641e-09 0)
(1.1758503e-05 1.0382775e-08 0)
(1.3878877e-05 1.4442781e-08 0)
(1.6334197e-05 2.0020409e-08 0)
(1.9183738e-05 2.7669295e-08 0)
(2.2496305e-05 3.8143305e-08 0)
(2.6351892e-05 5.2468584e-08 0)
(3.0843622e-05 7.2042144e-08 0)
(3.6080006e-05 9.8765541e-08 0)
(4.2187573e-05 1.3522746e-07 0)
(4.9313944e-05 1.8495177e-07 0)
(5.7631422e-05 2.5273603e-07 0)
(6.7341183e-05 3.4511201e-07 0)
(7.8678187e-05 4.7097375e-07 0)
(9.1916901e-05 6.4243271e-07 0)
(0.00010737804 8.7598411e-07 0)
(0.00012543639 1.1940955e-06 0)
(0.00014653007 1.6273735e-06 0)
(0.00017117129 2.2175168e-06 0)
(0.00019995903 3.0213438e-06 0)
(0.0002335939 4.1162832e-06 0)
(0.00027289563 5.6078647e-06 0)
(0.00031882352 7.6399296e-06 0)
(0.00037250061 1.0408558e-05 0)
(0.00043524211 1.418104e-05 0)
(0.00050858885 1.9321725e-05 0)
(0.00059434676 2.6327154e-05 0)
(0.00069463351 3.5873761e-05 0)
(0.00081193332 4.8882319e-05 0)
(0.00094916165 6.6604482e-05 0)
(0.0011097404 9.0737869e-05 0)
(0.0012976854 0.0001235759 0)
(0.0015177071 0.00016819808 0)
(0.0017753205 0.00022870089 0)
(0.0020769719 0.00031045089 0)
(0.0024301899 0.00042032968 0)
(0.0028437814 0.00056689935 0)
(0.0033282902 0.00076040868 0)
(0.0038974677 0.0010126332 0)
(4.1761671e-07 7.5209432e-11 0)
(1.2629066e-06 2.3580773e-10 0)
(2.1386383e-06 4.3007674e-10 0)
(3.0659441e-06 6.8608132e-10 0)
(4.0672055e-06 1.038717e-09 0)
(5.16659e-06 1.5329091e-09 0)
(6.3906313e-06 2.227838e-09 0)
(7.7688721e-06 3.2028443e-09 0)
(9.3345755e-06 4.5651069e-09 0)
(1.1125532e-05 6.4602149e-09 0)
(1.318497e-05 9.0861523e-09 0)
(1.5562604e-05 1.2712546e-08 0)
(1.8315833e-05 1.7706462e-08 0)
(2.1511134e-05 2.4567803e-08 0)
(2.5225665e-05 3.3977095e-08 0)
(2.954914e-05 4.6860863e-08 0)
(3.4585998e-05 6.4480242e-08 0)
(4.0457943e-05 8.8551958e-08 0)
(4.7306889e-05 1.2141272e-07 0)
(5.5298421e-05 1.6624339e-07 0)
(6.4625815e-05 2.2737402e-07 0)
(7.5514759e-05 3.1069963e-07 0)
(8.8228851e-05 4.2424642e-07 0)
(0.00010307607 5.7894323e-07 0)
(0.00012041628 7.8967275e-07 0)
(0.00014067017 1.0767034e-06 0)
(0.00016432951 1.4676407e-06 0)
(0.00019196944 2.0000846e-06 0)
(0.00022426268 2.7252497e-06 0)
(0.00026199637 3.7128935e-06 0)
(0.00030609186 5.0580231e-06 0)
(0.00035762798 6.8900129e-06 0)
(0.0004178685 9.3849872e-06 0)
(0.00048829475 1.2782601e-05 0)
(0.00057064399 1.7408726e-05 0)
(0.00066695528 2.3706006e-05 0)
(0.0007796239 3.2274777e-05 0)
(0.0009114665 4.3927437e-05 0)
(0.001065799 5.975988e-05 0)
(0.0012465305 8.1243568e-05 0)
(0.0014582762 0.00011034159 0)
(0.0017064948 0.00014964909 0)
(0.0019976631 0.00020255231 0)
(0.0023394957 0.00027339673 0)
(0.0027412416 0.00036763026 0)
(0.0032141544 0.0004918807 0)
(0.0037722299 0.00065393905 0)
(0.0044340334 0.00086260891 0)
(4.5251211e-07 4.43167e-11 0)
(1.3684334e-06 1.4044393e-10 0)
(2.317341e-06 2.6209799e-10 0)
(3.322133e-06 4.3114042e-10 0)
(4.4070618e-06 6.7502344e-10 0)
(5.5983139e-06 1.0291223e-09 0)
(6.9246416e-06 1.5402066e-09 0)
(8.4180561e-06 2.2709841e-09 0)
(1.0114602e-05 3.3063926e-09 0)
(1.2055229e-05 4.7618302e-09 0)
(1.4286781e-05 6.7944888e-09 0)
(1.6863127e-05 9.6184395e-09 0)
(1.984647e-05 1.3525364e-08 0)
(2.3308846e-05 1.8912443e-08 0)
(2.7333871e-05 2.6320545e-08 0)
(3.2018766e-05 3.648591e-08 0)
(3.7476717e-05 5.0410717e-08 0)
(4.3839616e-05 6.9458938e-08 0)
(5.1261273e-05 9.5486972e-08 0)
(5.9921152e-05 1.3102148e-07 0)
(7.0028745e-05 1.7950148e-07 0)
(8.1828682e-05 2.4560838e-07 0)
(9.5606715e-05 3.3571502e-07 0)
(0.00011169671 4.5849808e-07 0)
(0.00013048888 6.2577113e-07 0)
(0.00015243935 8.5362085e-07 0)
(0.00017808149 1.1639519e-06 0)
(0.00020803913 1.5865928e-06 0)
(0.00024304215 2.1621577e-06 0)
(0.00028394479 2.9459423e-06 0)
(0.0003317473 4.0132086e-06 0)
(0.00038762135 5.4663607e-06 0)
(0.00045294033 7.444646e-06 0)
(0.00052931507 1.0137255e-05 0)
(0.00061863653 1.3800911e-05 0)
(0.0007231267 1.8783385e-05 0)
(0.00084539989 2.5554647e-05 0)
(0.00098853657 3.4747717e-05 0)
(0.0011561734 4.721132e-05 0)
(0.0013526134 6.4076506e-05 0)
(0.0015829628 8.6837751e-05 0)
(0.0018533049 0.00011744784 0)
(0.002170924 0.000158423 0)
(0.0025446033 0.00021294242 0)
(0.002985046 0.00028492933 0)
(0.0035054644 0.00037909236 0)
(0.0041224882 0.00050087855 0)
(0.004858139 0.00065637094 0)
(4.7626502e-07 4.8815194e-12 0)
(1.4402645e-06 1.8568761e-11 0)
(2.4389824e-06 4.6778998e-11 0)
(3.496519e-06 1.0297981e-10 0)
(4.6383997e-06 2.0435711e-10 0)
(5.8921862e-06 3.7327548e-10 0)
(7.2881398e-06 6.3937123e-10 0)
(8.8599535e-06 1.0426041e-09 0)
(1.0645564e-05 1.6372113e-09 0)
(1.2688072e-05 2.4971726e-09 0)
(1.5036782e-05 3.7233863e-09 0)
(1.7748394e-05 5.4535515e-09 0)
(2.0888378e-05 7.8753662e-09 0)
(2.4532557e-05 1.124463e-08 0)
(2.8768941e-05 1.5909659e-08 0)
(3.3699865e-05 2.234464e-08 0)
(3.9444466e-05 3.1194875e-08 0)
(4.614158e-05 4.3338408e-08 0)
(5.3953112e-05 5.9969938e-08 0)
(6.3067981e-05 8.2714894e-08 0)
(7.3706718e-05 1.1378513e-07 0)
(8.6126862e-05 1.5619035e-07 0)
(0.00010062925 2.1402704e-07 0)
(0.0001175654 2.928705e-07 0)
(0.00013734618 4.0031085e-07 0)
(0.00016045189 5.4667991e-07 0)
(0.00018744425 7.4604454e-07 0)
(0.00021898032 1.0175529e-06 0)
(0.00025582897 1.3872718e-06 0)
(0.00029889026 1.8906735e-06 0)
(0.00034921831 2.5760202e-06 0)
(0.00040804837 3.5089315e-06 0)
(0.0004768288 4.7785683e-06 0)
(0.00055725931 6.5059261e-06 0)
(0.00065133645 8.8549607e-06 0)
(0.00076140836 1.2047332e-05 0)
(0.00089024082 1.638185e-05 0)
(0.0010410977 2.2259663e-05 0)
(0.00121784 3.0216454e-05 0)
(0.0014250484 4.096227e-05 0)
(0.0016681783 5.5429568e-05 0)
(0.0019537589 7.482807e-05 0)
(0.002289655 0.00010070141 0)
(0.0026854219 0.00013498364 0)
(0.0031527808 0.0001800409 0)
(0.003706304 0.0002386769 0)
(0.0043643709 0.00031411171 0)
(0.0051512271 0.00040991131 0)
(4.8829036e-07 -3.945445e-11 0)
(1.4766301e-06 -1.1858033e-10 0)
(2.5005657e-06 -1.9593526e-10 0)
(3.5848056e-06 -2.6791989e-10 0)
(4.75552e-06 -3.2932709e-10 0)
(6.0409661e-06 -3.7311926e-10 0)
(7.4721702e-06 -3.8970269e-10 0)
(9.0836754e-06 -3.6590952e-10 0)
(1.0914378e-05 -2.8349287e-10 0)
(1.3008466e-05 -1.1724205e-10 0)
(1.541649e-05 1.6764631e-10 0)
(1.8196584e-05 6.189712e-10 0)
(2.1415872e-05 1.3022239e-09 0)
(2.5152093e-05 2.306835e-09 0)
(2.9495484e-05 3.7547063e-09 0)
(3.4550968e-05 5.8117495e-09 0)
(4.0440697e-05 8.7035176e-09 0)
(4.7307019e-05 1.2736566e-08 0)
(5.5315943e-05 1.8327242e-08 0)
(6.4661171e-05 2.6041283e-08 0)
(7.5568832e-05 3.6647038e-08 0)
(8.8302996e-05 5.118894e-08 0)
(0.00010317215 7.1086093e-08 0)
(0.00012053674 9.8268594e-08 0)
(0.00014081811 1.3536028e-07 0)
(0.00016450882 1.8593146e-07 0)
(0.00019218494 2.548375e-07 0)
(0.00022452037 3.4868648e-07 0)
(0.00026230377 4.7646545e-07 0)
(0.00030645843 6.5040294e-07 0)
(0.00035806583 8.8712222e-07 0)
(0.00041839346 1.2092214e-06 0)
(0.00048892782 1.647378e-06 0)
(0.0005714138 2.2432058e-06 0)
(0.00066790176 3.0530308e-06 0)
(0.00078080417 4.1529397e-06 0)
(0.0009129643 5.6453462e-06 0)
(0.0010677402 7.6675347e-06 0)
(0.0012491081 1.0402394e-05 0)
(0.0014617925 1.4091823e-05 0)
(0.0017114297 1.9052369e-05 0)
(0.0020047814 2.5692776e-05 0)
(0.0023500171 3.4533762e-05 0)
(0.0027570873 4.6223774e-05 0)
(0.0032382447 6.1549785e-05 0)
(0.00380875 8.144741e-05 0)
(0.0044878501 0.00010697949 0)
(0.00530088 0.00013932064 0)
(4.8829162e-07 -8.4473684e-11 0)
(1.4766346e-06 -2.5789003e-10 0)
(2.5005737e-06 -4.428405e-10 0)
(3.5848179e-06 -6.4602004e-10 0)
(4.7555369e-06 -8.7482653e-10 0)
(6.0409883e-06 -1.1382693e-09 0)
(7.472198e-06 -1.4478515e-09 0)
(9.0837094e-06 -1.8185049e-09 0)
(1.0914418e-05 -2.2698606e-09 0)
(1.3008514e-05 -2.827926e-09 0)
(1.5416546e-05 -3.52745e-09 0)
(1.8196649e-05 -4.4151301e-09 0)
(2.1415947e-05 -5.5540492e-09 0)
(2.5152179e-05 -7.029739e-09 0)
(2.9495582e-05 -8.958458e-09 0)
(3.455108e-05 -1.1498572e-08 0)
(4.0440824e-05 -1.4865964e-08 0)
(4.7307166e-05 -1.9355296e-08 0)
(5.5316111e-05 -2.5368651e-08 0)
(6.4661365e-05 -3.3455132e-08 0)
(7.5569056e-05 -4.4364027e-08 0)
(8.8303259e-05 -5.91184e-08 0)
(0.00010317245 -7.9113713e-08 0)
(0.00012053711 -1.0625441e-07 0)
(0.00014081854 -1.4313681e-07 0)
(0.00016450934 -1.9330231e-07 0)
(0.00019218557 -2.6157632e-07 0)
(0.00022452114 -3.5453685e-07 0)
(0.00026230471 -4.8114129e-07 0)
(0.00030645957 -6.5359044e-07 0)
(0.00035806722 -8.8848244e-07 0)
(0.00041839513 -1.2083955e-06 0)
(0.00048892982 -1.643994e-06 0)
(0.00057141618 -2.2368917e-06 0)
(0.00066790456 -3.0434296e-06 0)
(0.00078080743 -4.1397325e-06 0)
(0.00091296805 -5.6282713e-06 0)
(0.0010677444 -7.6464191e-06 0)
(0.0012491129 -1.0377186e-05 0)
(0.0014617975 -1.406264e-05 0)
(0.001711435 -1.9019645e-05 0)
(0.0020047873 -2.5657471e-05 0)
(0.0023500212 -3.4497496e-05 0)
(0.0027570914 -4.6189149e-05 0)
(0.0032382494 -6.1519668e-05 0)
(0.003808752 -8.1423901e-05 0)
(0.0044878506 -0.00010696451 0)
(0.0053008804 -0.00013931548 0)
(4.7626913e-07 -1.2573876e-10 0)
(1.4402774e-06 -3.8572546e-10 0)
(2.4390058e-06 -6.6975615e-10 0)
(3.4965547e-06 -9.9430426e-10 0)
(4.6384492e-06 -1.3787093e-09 0)
(5.8922507e-06 -1.8472425e-09 0)
(7.2882209e-06 -2.4314247e-09 0)
(8.8600524e-06 -3.1729135e-09 0)
(1.0645683e-05 -4.1273243e-09 0)
(1.2688212e-05 -5.3693852e-09 0)
(1.5036946e-05 -6.999977e-09 0)
(1.7748584e-05 -9.1556902e-09 0)
(2.0888597e-05 -1.2021919e-08 0)
(2.4532807e-05 -1.585062e-08 0)
(2.8769228e-05 -2.0984664e-08 0)
(3.3700192e-05 -2.7890832e-08 0)
(3.944484e-05 -3.720507e-08 0)
(4.6142008e-05 -4.9793777e-08 0)
(5.3953604e-05 -6.6837843e-08 0)
(6.3068546e-05 -8.9946429e-08 0)
(7.3707375e-05 -1.2131296e-07 0)
(8.6127628e-05 -1.6392628e-07 0)
(0.00010063015 -2.2186009e-07 0)
(0.00011756647 -3.0066468e-07 0)
(0.00013734745 -4.0790384e-07 0)
(0.00016045343 -5.5388127e-07 0)
(0.00018744612 -7.5263557e-07 0)
(0.00021898258 -1.0232858e-06 0)
(0.00025583172 -1.3918715e-06 0)
(0.0002988936 -1.8938382e-06 0)
(0.00034922237 -2.5774266e-06 0)
(0.00040805326 -3.5082371e-06 0)
(0.00047683466 -4.7754222e-06 0)
(0.00055726628 -6.4999773e-06 0)
(0.00065134465 -8.8458778e-06 0)
(0.0007614179 -1.203482e-05 0)
(0.00089025177 -1.6365678e-05 0)
(0.0010411102 -2.2239684e-05 0)
(0.0012178538 -3.0192633e-05 0)
(0.0014250635 -4.0934775e-05 0)
(0.0016681941 -5.5398801e-05 0)
(0.0019537743 -7.4794807e-05 0)
(0.0022896709 -0.00010066761 0)
(0.0026854349 -0.00013495137 0)
(0.003152789 -0.00018001217 0)
(0.0037063106 -0.00023865481 0)
(0.0043643752 -0.00031409783 0)
(0.0051512282 -0.00040990645 0)
(4.5251838e-07 -1.5913561e-10 0)
(1.3684537e-06 -4.8923076e-10 0)
(2.3173781e-06 -8.5387573e-10 0)
(3.3221896e-06 -1.2778181e-09 0)
(4.4071402e-06 -1.790522e-09 0)
(5.5984164e-06 -2.4292134e-09 0)
(6.9247702e-06 -3.2424115e-09 0)
(8.4182133e-06 -4.2944873e-09 0)
(1.0114791e-05 -5.6716357e-09 0)
(1.2055452e-05 -7.4900297e-09 0)
(1.4287041e-05 -9.9067805e-09 0)
(1.6863429e-05 -1.3134987e-08 0)
(1.9846818e-05 -1.7464067e-08 0)
(2.3309245e-05 -2.3287651e-08 0)
(2.7334328e-05 -3.114135e-08 0)
(3.2019288e-05 -4.1754497e-08 0)
(3.7477313e-05 -5.6120292e-08 0)
(4.3840298e-05 -7.5591811e-08 0)
(5.1262056e-05 -1.0201225e-07 0)
(5.9922055e-05 -1.3789305e-07 0)
(7.0029792e-05 -1.8665566e-07 0)
(8.1829905e-05 -2.5296206e-07 0)
(9.5608154e-05 -3.4316343e-07 0)
(0.00011169842 -4.6591338e-07 0)
(0.00013049092 -6.3300058e-07 0)
(0.00015244181 -8.6048625e-07 0)
(0.00017808446 -1.1702485e-06 0)
(0.00020804274 -1.5920905e-06 0)
(0.00024304653 -2.1666012e-06 0)
(0.00028395012 -2.9490549e-06 0)
(0.00033175375 -4.0146939e-06 0)
(0.00038762914 -5.465911e-06 0)
(0.00045294965 -7.4419459e-06 0)
(0.00052932614 -1.0131998e-05 0)
(0.00061864954 -1.3792809e-05 0)
(0.00072314182 -1.8772194e-05 0)
(0.00084541723 -2.5540183e-05 0)
(0.00098855618 -3.4729886e-05 0)
(0.0011561952 -4.7190149e-05 0)
(0.001352637 -6.4052139e-05 0)
(0.0015829877 -8.6810635e-05 0)
(0.0018533306 -0.00011741894 0)
(0.0021709469 -0.00015839313 0)
(0.0025446233 -0.0002129139 0)
(0.0029850628 -0.00028490513 0)
(0.0035054749 -0.00037907309 0)
(0.0041224938 -0.00050086605 0)
(0.004858141 -0.00065636673 0)
(4.1762487e-07 -1.81134e-10 0)
(1.2629326e-06 -5.5759285e-10 0)
(2.1386859e-06 -9.7604685e-10 0)
(3.0660168e-06 -1.4671909e-09 0)
(4.0673067e-06 -2.0678209e-09 0)
(5.1667222e-06 -2.8245297e-09 0)
(6.3907975e-06 -3.7981639e-09 0)
(7.769075e-06 -5.0695458e-09 0)
(9.334819e-06 -6.74708e-09 0)
(1.112582e-05 -8.9770045e-09 0)
(1.3185307e-05 -1.1957312e-08 0)
(1.5562995e-05 -1.5956654e-08 0)
(1.8316284e-05 -2.1340111e-08 0)
(2.1511651e-05 -2.8604224e-08 0)
(2.5226257e-05 -3.8424796e-08 0)
(2.9549817e-05 -5.1721883e-08 0)
(3.4586772e-05 -6.9748504e-08 0)
(4.0458829e-05 -9.4211235e-08 0)
(4.7307907e-05 -1.2743484e-07 0)
(5.5299595e-05 -1.7258604e-07 0)
(6.4627178e-05 -2.3397908e-07 0)
(7.551635e-05 -3.1749097e-07 0)
(8.8230725e-05 -4.3112861e-07 0)
(0.00010307829 -5.8579957e-07 0)
(0.00012041894 -7.9636483e-07 0)
(0.00014067336 -1.0830695e-06 0)
(0.00016433338 -1.4734969e-06 0)
(0.00019197413 -2.0052241e-06 0)
(0.00022426838 -2.7294467e-06 0)
(0.0002620033 -3.7159031e-06 0)
(0.00030610026 -5.0595896e-06 0)
(0.00035763809 -6.889871e-06 0)
(0.0004178806 -9.3828756e-06 0)
(0.00048830909 -1.2778265e-05 0)
(0.00057066083 -1.7401944e-05 0)
(0.00066697481 -2.3696593e-05 0)
(0.00077964627 -3.2262621e-05 0)
(0.00091149177 -4.3912508e-05 0)
(0.0010658271 -5.9742255e-05 0)
(0.0012465611 -8.1223523e-05 0)
(0.0014583084 -0.00011031954 0)
(0.001706527 -0.00014962548 0)
(0.0019976947 -0.00020252899 0)
(0.002339523 -0.00027337475 0)
(0.0027412618 -0.0003676101 0)
(0.0032141693 -0.0004918656 0)
(0.003772239 -0.00065392983 0)
(0.0044340363 -0.00086260558 0)
(3.724473e-07 -1.8930682e-10 0)
(1.1263127e-06 -5.8315207e-10 0)
(1.9073302e-06 -1.0226437e-09 0)
(2.7343457e-06 -1.5414993e-09 0)
(3.6273185e-06 -2.1803224e-09 0)
(4.6078007e-06 -2.9905576e-09 0)
(5.6994551e-06 -4.0394955e-09 0)
(6.9286274e-06 -5.4165368e-09 0)
(8.3249818e-06 -7.2417378e-09 0)
(9.9222191e-06 -9.6770951e-09 0)
(1.1758889e-05 -1.2942103e-08 0)
(1.3879325e-05 -1.733462e-08 0)
(1.6334714e-05 -2.3259559e-08 0)
(1.9184332e-05 -3.1267638e-08 0)
(2.2496986e-05 -4.2108461e-08 0)
(2.6352671e-05 -5.6802521e-08 0)
(3.0844514e-05 -7.6739531e-08 0)
(3.6081028e-05 -1.0381219e-07 0)
(4.2188748e-05 -1.4059843e-07 0)
(4.9315301e-05 -1.9060987e-07 0)
(5.7632997e-05 -2.5862984e-07 0)
(6.7343026e-05 -3.5117469e-07 0)
(7.8680354e-05 -4.771211e-07 0)
(9.1919475e-05 -6.4856283e-07 0)
(0.00010738111 -8.8197547e-07 0)
(0.00012544009 -1.1998082e-06 0)
(0.00014653454 -1.6326476e-06 0)
(0.00017117671 -2.2221764e-06 0)
(0.00019996562 -3.0251953e-06 0)
(0.00023360191 -4.1191241e-06 0)
(0.00027290531 -5.609482e-06 0)
(0.00031883518 -7.6401141e-06 0)
(0.00037251454 -1.0407102e-05 0)
(0.00043525862 -1.417776e-05 0)
(0.00050860819 -1.9316458e-05 0)
(0.00059436916 -2.6319797e-05 0)
(0.00069465912 -3.5864265e-05 0)
(0.0008119622 -4.8870734e-05 0)
(0.00094919375 -6.6590983e-05 0)
(0.0011097752 -9.0722711e-05 0)
(0.0012977224 -0.00012355958 0)
(0.0015177451 -0.00016818156 0)
(0.0017753566 -0.00022868417 0)
(0.0020770039 -0.0003104353 0)
(0.0024302162 -0.00042031754 0)
(0.0028438 -0.00056688962 0)
(0.0033283014 -0.00076040233 0)
(0.0038974715 -0.0010126312 0)
(3.1809924e-07 -1.8236878e-10 0)
(9.6195896e-07 -5.6212662e-10 0)
(1.6290089e-06 -9.8695304e-10 0)
(2.3353445e-06 -1.4904112e-09 0)
(3.098012e-06 -2.1129706e-09 0)
(3.9354178e-06 -2.9059854e-09 0)
(4.867771e-06 -3.9366171e-09 0)
(5.9175719e-06 -5.2941832e-09 0)
(7.1101545e-06 -7.0986304e-09 0)
(8.4742999e-06 -9.5119226e-09 0)
(1.004293e-05 -1.2753513e-08 0)
(1.1853906e-05 -1.7121323e-08 0)
(1.3950938e-05 -2.3020336e-08 0)
(1.6384648e-05 -3.1001454e-08 0)
(1.9213792e-05 -4.1814495e-08 0)
(2.2506677e-05 -5.6480252e-08 0)
(2.6342824e-05 -7.6388797e-08 0)
(3.0814886e-05 -1.0343317e-07 0)
(3.6030897e-05 -1.4019176e-07 0)
(4.2116895e-05 -1.9017639e-07 0)
(4.9219978e-05 -2.581708e-07 0)
(5.7511885e-05 -3.5069115e-07 0)
(6.7193168e-05 -4.7661448e-07 0)
(7.8498084e-05 -6.4803395e-07 0)
(9.1700308e-05 -8.8142657e-07 0)
(0.00010711962 -1.199243e-06 0)
(0.00012512974 -1.6320792e-06 0)
(0.00014616748 -2.2216356e-06 0)
(0.00017074347 -3.0247619e-06 0)
(0.00019945478 -4.1189742e-06 0)
(0.00023299959 -5.6100067e-06 0)
(0.0002721945 -7.6421269e-06 0)
(0.00031799478 -1.0412278e-05 0)
(0.00037151806 -1.4189442e-05 0)
(0.00043407217 -1.9341254e-05 0)
(0.00050718774 -2.6370544e-05 0)
(0.00059265619 -3.59657e-05 0)
(0.00069257409 -4.9070028e-05 0)
(0.00080939411 -6.6977361e-05 0)
(0.00094598357 -9.1463524e-05 0)
(0.001105688 -0.00012496557 0)
(0.0012923975 -0.0001708222 0)
(0.0015106107 -0.00023358749 0)
(0.0017654628 -0.00031940915 0)
(0.0020626921 -0.00043643067 0)
(0.0024085202 -0.00059510606 0)
(0.0028094518 -0.00080823523 0)
(0.0032729397 -0.0010906845 0)
(2.5591815e-07 -1.6057245e-10 0)
(7.7391855e-07 -4.9507924e-10 0)
(1.3105764e-06 -8.6989228e-10 0)
(1.8788399e-06 -1.3152396e-09 0)
(2.4924234e-06 -1.8675033e-09 0)
(3.1661336e-06 -2.5730093e-09 0)
(3.9162298e-06 -3.4922106e-09 0)
(4.7608116e-06 -4.7056958e-09 0)
(5.7202611e-06 -6.3215307e-09 0)
(6.8177297e-06 -8.4858788e-09 0)
(8.0797038e-06 -1.1396593e-08 0)
(9.5366369e-06 -1.5322547e-08 0)
(1.1223694e-05 -2.0629005e-08 0)
(1.3181592e-05 -2.7813122e-08 0)
(1.5457594e-05 -3.755129e-08 0)
(1.8106642e-05 -5.0764593e-08 0)
(2.1192697e-05 -6.8707023e-08 0)
(2.4790273e-05 -9.3086462e-08 0)
(2.898626e-05 -1.2622882e-07 0)
(3.3882007e-05 -1.71302e-07 0)
(3.9595805e-05 -2.3262107e-07 0)
(4.6265727e-05 -3.1606349e-07 0)
(5.4053018e-05 -4.2963626e-07 0)
(6.3145966e-05 -5.8424684e-07 0)
(7.3764541e-05 -7.9475773e-07 0)
(8.6165684e-05 -1.08142e-06 0)
(0.00010064964 -1.4718364e-06 0)
(0.00011756721 -2.0036329e-06 0)
(0.00013732838 -2.7281217e-06 0)
(0.00016041227 -3.7152951e-06 0)
(0.00018737893 -5.0606885e-06 0)
(0.00021888293 -6.8947657e-06 0)
(0.00025568943 -9.3958608e-06 0)
(0.00029869277 -1.2807973e-05 0)
(0.00034893832 -1.7465445e-05 0)
(0.00040764772 -2.3827186e-05 0)
(0.00047624833 -3.2524581e-05 0)
(0.00055640708 -4.4428765e-05 0)
(0.00065006934 -6.0746069e-05 0)
(0.00075950221 -8.3154089e-05 0)
(0.00088734222 -0.00011399707 0)
(0.0010366436 -0.00015656701 0)
(0.0012109104 -0.00021550113 0)
(0.0014140898 -0.00029732649 0)
(0.001650428 -0.00041113006 0)
(0.0019239623 -0.00056916697 0)
(0.0022373503 -0.00078694795 0)
(0.0025904194 -0.0010822318 0)
(1.874363e-07 -1.254128e-10 0)
(5.6682415e-07 -3.8671957e-10 0)
(9.5987661e-07 -6.7985834e-10 0)
(1.3760778e-06 -1.028688e-09 0)
(1.8254704e-06 -1.4621512e-09 0)
(2.3189001e-06 -2.0168709e-09 0)
(2.8682727e-06 -2.7409096e-09 0)
(3.486846e-06 -3.698051e-09 0)
(4.1895445e-06 -4.9741707e-09 0)
(4.9933259e-06 -6.6850773e-09 0)
(5.9175837e-06 -8.9879398e-09 0)
(6.9846233e-06 -1.209595e-08 0)
(8.2201918e-06 -1.6299167e-08 0)
(9.6541103e-06 -2.199196e-08 0)
(1.1320982e-05 -2.9711296e-08 0)
(1.3261043e-05 -4.0187991e-08 0)
(1.5521117e-05 -5.4417296e-08 0)
(1.8155771e-05 -7.3754412e-08 0)
(2.1228606e-05 -1.0004495e-07 0)
(2.4813828e-05 -1.3580264e-07 0)
(2.8998011e-05 -1.8445093e-07 0)
(3.388223e-05 -2.506534e-07 0)
(3.9584468e-05 -3.4076187e-07 0)
(4.6242526e-05 -4.6343072e-07 0)
(5.4017305e-05 -6.3044961e-07 0)
(6.3096776e-05 -8.5788672e-07 0)
(7.3700462e-05 -1.1676396e-06 0)
(8.6084855e-05 -1.5895674e-06 0)
(0.00010054953 -2.1643891e-06 0)
(0.00011744453 -2.9476763e-06 0)
(0.00013717868 -4.0153005e-06 0)
(0.00016022963 -5.4709641e-06 0)
(0.00018715521 -7.4565397e-06 0)
(0.0002186069 -1.0166455e-05 0)
(0.00025534528 -1.3867656e-05 0)
(0.0002982581 -1.8927702e-05 0)
(0.00034838096 -2.5854458e-05 0)
(0.00040692137 -3.5353096e-05 0)
(0.00047528615 -4.8408922e-05 0)
(0.00055511325 -6.6410301e-05 0)
(0.00064830871 -9.133481e-05 0)
(0.00075708944 -0.00012603743 0)
(0.0008840346 -0.00017470693 0)
(0.0010321279 -0.00024358706 0)
(0.0012047145 -0.00034206454 0)
(0.0014050428 -0.00048404879 0)
(0.0016341394 -0.00068857822 0)
(0.0018843219 -0.00097598259 0)
(1.1434073e-07 -7.9659542e-11 0)
(3.4577611e-07 -2.4570816e-10 0)
(5.8554749e-07 -4.3209575e-10 0)
(8.3943964e-07 -6.5415894e-10 0)
(1.1135793e-06 -9.304114e-10 0)
(1.4145815e-06 -1.284411e-09 0)
(1.7497095e-06 -1.7469326e-09 0)
(2.1270492e-06 -2.3589815e-09 0)
(2.5557056e-06 -3.1755957e-09 0)
(3.0460208e-06 -4.2711968e-09 0)
(3.6098258e-06 -5.7465899e-09 0)
(4.2607234e-06 -7.7387328e-09 0)
(5.0144198e-06 -1.043375e-08 0)
(5.8891004e-06 -1.408492e-08 0)
(6.9058724e-06 -1.9036889e-08 0)
(8.0892704e-06 -2.5758897e-08 0)
(9.4678539e-06 -3.4889805e-08 0)
(1.1074891e-05 -4.7299574e-08 0)
(1.2949171e-05 -6.4172924e-08 0)
(1.5135929e-05 -8.712324e-08 0)
(1.7687954e-05 -1.1834795e-07 0)
(2.0666851e-05 -1.608398e-07 0)
(2.4144543e-05 -2.1867548e-07 0)
(2.8204993e-05 -2.9740799e-07 0)
(3.2946257e-05 -4.0460333e-07 0)
(3.8482824e-05 -5.5057049e-07 0)
(4.4948409e-05 -7.4936125e-07 0)
(5.2499152e-05 -1.0201323e-06 0)
(6.1317407e-05 -1.3890143e-06 0)
(7.1616093e-05 -1.8916667e-06 0)
(8.3643832e-05 -2.5767946e-06 0)
(9.7690848e-05 -3.5109819e-06 0)
(0.00011409589 -4.7853884e-06 0)
(0.0001332542 -6.5250383e-06 0)
(0.00015562675 -8.9018443e-06 0)
(0.00018175094 -1.2152979e-05 0)
(0.00021225288 -1.660719e-05 0)
(0.00024786169 -2.2723044e-05 0)
(0.00028942607 -3.1145847e-05 0)
(0.0003379347 -4.2794853e-05 0)
(0.00039454334 -5.9002161e-05 0)
(0.00046061729 -8.1745587e-05 0)
(0.00053781022 -0.00011406236 0)
(0.00062823856 -0.00016083322 0)
(0.00073487843 -0.00023034553 0)
(0.00086231823 -0.00033735937 0)
(0.0010169359 -0.00050786074 0)
(0.0011948416 -0.00077496258 0)
(3.8429531e-08 -2.725771e-11 0)
(1.1621332e-07 -8.4147152e-11 0)
(1.9679858e-07 -1.4804211e-10 0)
(2.8212966e-07 -2.2420649e-10 0)
(3.7426554e-07 -3.1902166e-10 0)
(4.7542944e-07 -4.4059471e-10 0)
(5.8806224e-07 -5.9953405e-10 0)
(7.1488147e-07 -8.0995616e-10 0)
(8.5894679e-07 -1.0908303e-09 0)
(1.0237339e-06 -1.4677859e-09 0)
(1.2132183e-06 -1.9755626e-09 0)
(1.4319715e-06 -2.6613368e-09 0)
(1.6852707e-06 -3.5892437e-09 0)
(1.9792268e-06 -4.8465358e-09 0)
(2.3209316e-06 -6.5519569e-09 0)
(2.7186287e-06 -8.8671581e-09 0)
(3.1819125e-06 -1.2012219e-08 0)
(3.72196e-06 -1.628682e-08 0)
(4.3518e-06 -2.2099017e-08 0)
(5.0866276e-06 -3.0004513e-08 0)
(5.9441706e-06 -4.076004e-08 0)
(6.9451176e-06 -5.5396217e-08 0)
(8.1136156e-06 -7.5316645e-08 0)
(9.477853e-06 -1.0243319e-07 0)
(1.1070737e-05 -1.3935017e-07 0)
(1.2930688e-05 -1.8961592e-07 0)
(1.5102557e-05 -2.5806578e-07 0)
(1.7638707e-05 -3.512913e-07 0)
(2.060026e-05 -4.7828139e-07 0)
(2.4058559e-05 -6.5130173e-07 0)
(2.8096854e-05 -8.8710156e-07 0)
(3.2812271e-05 -1.2085774e-06 0)
(3.8318081e-05 -1.6470731e-06 0)
(4.4746329e-05 -2.2455811e-06 0)
(5.2250863e-05 -3.0632293e-06 0)
(6.1010818e-05 -4.1816373e-06 0)
(7.123463e-05 -5.7140511e-06 0)
(8.3164692e-05 -7.8187229e-06 0)
(9.7082884e-05 -1.0719054e-05 0)
(0.00011331768 -1.4735073e-05 0)
(0.00013225494 -2.0335416e-05 0)
(0.00015435872 -2.8230156e-05 0)
(0.00018022514 -3.955703e-05 0)
(0.00021075562 -5.6319254e-05 0)
(0.00024780118 -8.2629828e-05 0)
(0.00029681611 -0.00012897934 0)
(0.00037858406 -0.00022921832 0)
(0.0005796713 -0.00050907996 0)
(0.0005698061 -0.0005168658 0)
(0.00038004275 -0.00023595415 0)
(0.00030562148 -0.00013673502 0)
(0.00025917573 -8.9178569e-05 0)
(0.00022266592 -6.1448561e-05 0)
(0.00019171999 -4.3466135e-05 0)
(0.00016499536 -3.1170694e-05 0)
(0.00014185509 -2.2530961e-05 0)
(0.0001218457 -1.6366644e-05 0)
(0.00010457836 -1.1927694e-05 0)
(8.9704707e-05 -8.7121212e-06 0)
(7.6911737e-05 -6.3734315e-06 0)
(6.5920807e-05 -4.6677848e-06 0)
(5.6486124e-05 -3.4213936e-06 0)
(4.8392499e-05 -2.5093228e-06 0)
(4.1452614e-05 -1.8412192e-06 0)
(3.5504101e-05 -1.3514602e-06 0)
(3.0406672e-05 -9.9224074e-07 0)
(2.6039391e-05 -7.2865862e-07 0)
(2.2298191e-05 -5.3519157e-07 0)
(1.909363e-05 -3.9315432e-07 0)
(1.6348912e-05 -2.888555e-07 0)
(1.3998139e-05 -2.1225647e-07 0)
(1.1984801e-05 -1.5599338e-07 0)
(1.0260445e-05 -1.1466252e-07 0)
(8.7835473e-06 -8.4297546e-08 0)
(7.5185204e-06 -6.1986521e-08 0)
(6.4348713e-06 -4.559131e-08 0)
(5.5064704e-06 -3.3541765e-08 0)
(4.7109271e-06 -2.468472e-08 0)
(4.0290512e-06 -1.81732e-08 0)
(3.4443931e-06 -1.3385063e-08 0)
(2.9428468e-06 -9.8633019e-09 0)
(2.5123111e-06 -7.2721745e-09 0)
(2.1423974e-06 -5.3650181e-09 0)
(1.82418e-06 -3.9605837e-09 0)
(1.5499799e-06 -2.9256788e-09 0)
(1.3131809e-06 -2.1623934e-09 0)
(1.1080686e-06 -1.5987366e-09 0)
(9.2969367e-07 -1.1817347e-09 0)
(7.7375187e-07 -8.7237613e-10 0)
(6.3648034e-07 -6.4187286e-10 0)
(5.1456657e-07 -4.6892328e-10 0)
(4.0506897e-07 -3.3767036e-10 0)
(3.0534563e-07 -2.3619475e-10 0)
(2.1298995e-07 -1.5540238e-10 0)
(1.2577206e-07 -8.8170153e-11 0)
(4.1589869e-08 -2.8557799e-11 0)
(0.0011693824 -0.00077912588 0)
(0.0010200244 -0.00051864075 0)
(0.00088303402 -0.00035165669 0)
(0.00076359689 -0.0002441277 0)
(0.00065953209 -0.00017258446 0)
(0.00056878275 -0.00012352327 0)
(0.00048978991 -8.9134537e-05 0)
(0.00042122921 -6.4670809e-05 0)
(0.00036189422 -4.7094789e-05 0)
(0.000310669 -3.4382885e-05 0)
(0.00026653142 -2.5146949e-05 0)
(0.00022855811 -1.8415205e-05 0)
(0.0001959256 -1.3497726e-05 0)
(0.00016790705 -9.8998536e-06 0)
(0.00014386585 -7.2644837e-06 0)
(0.00012324756 -5.3325477e-06 0)
(0.00010557141 -3.9154451e-06 0)
(9.0421791e-05 -2.8755297e-06 0)
(7.7440289e-05 -2.1121628e-06 0)
(6.6318336e-05 -1.5516674e-06 0)
(5.6790639e-05 -1.1400541e-06 0)
(4.8629313e-05 -8.3773295e-07 0)
(4.1638765e-05 -6.1565892e-07 0)
(3.5651194e-05 -4.5251521e-07 0)
(3.0522708e-05 -3.3265292e-07 0)
(2.6129944e-05 -2.4458172e-07 0)
(2.2367168e-05 -1.7986353e-07 0)
(1.9143754e-05 -1.3230109e-07 0)
(1.638204e-05 -9.734249e-08 0)
(1.4015461e-05 -7.1644151e-08 0)
(1.1986965e-05 -5.2749892e-08 0)
(1.0247639e-05 -3.8855376e-08 0)
(8.7555361e-06 -2.8635e-08 0)
(7.4746675e-06 -2.1114865e-08 0)
(6.3741372e-06 -1.5579373e-08 0)
(5.4273958e-06 -1.1502702e-08 0)
(4.6116038e-06 -8.4983858e-09 0)
(3.9070793e-06 -6.2823531e-09 0)
(3.2968246e-06 -4.6456897e-09 0)
(2.7661158e-06 -3.4346903e-09 0)
(2.3021485e-06 -2.5361281e-09 0)
(1.8937278e-06 -1.8664721e-09 0)
(1.5309994e-06 -1.3638837e-09 0)
(1.2052117e-06 -9.8234236e-10 0)
(9.0850386e-07 -6.8726757e-10 0)
(6.3371568e-07 -4.5226342e-10 0)
(3.742169e-07 -2.5655741e-10 0)
(1.2374379e-07 -8.3125104e-11 0)
(0.0018575444 -0.00098699159 0)
(0.0016451313 -0.00070501481 0)
(0.0014377358 -0.00050263345 0)
(0.0012483183 -0.00035991673 0)
(0.0010797317 -0.00025919054 0)
(0.00093154386 -0.00018760858 0)
(0.00080222632 -0.00013634634 0)
(0.00068992302 -9.9392579e-05 0)
(0.00059273304 -7.2615907e-05 0)
(0.00050883943 -5.31386e-05 0)
(0.0004365622 -3.8930805e-05 0)
(0.00037438298 -2.8545643e-05 0)
(0.00032094936 -2.0943416e-05 0)
(0.00027506926 -1.5372469e-05 0)
(0.00023569962 -1.1286949e-05 0)
(0.00020193274 -8.2891541e-06 0)
(0.00017298181 -6.088631e-06 0)
(0.00014816685 -4.472892e-06 0)
(0.00012690146 -3.2862919e-06 0)
(0.00010868082 -2.4147227e-06 0)
(9.3070819e-05 -1.7744752e-06 0)
(7.9698556e-05 -1.3041134e-06 0)
(6.82439e-05 -9.5853369e-07 0)
(5.843218e-05 -7.0461578e-07 0)
(5.0027816e-05 -5.1803486e-07 0)
(4.282882e-05 -3.80924e-07 0)
(3.6662032e-05 -2.8015865e-07 0)
(3.1379029e-05 -2.060973e-07 0)
(2.6852596e-05 -1.5165694e-07 0)
(2.2973692e-05 -1.1163386e-07 0)
(1.9648845e-05 -8.2205014e-08 0)
(1.6797914e-05 -6.0561561e-08 0)
(1.4352168e-05 -4.4639777e-08 0)
(1.2252632e-05 -3.292329e-08 0)
(1.0448676e-05 -2.4297881e-08 0)
(8.8967906e-06 -1.7944713e-08 0)
(7.5595432e-06 -1.3261975e-08 0)
(6.4046771e-06 -9.807234e-09 0)
(5.4043326e-06 -7.2551332e-09 0)
(4.5343771e-06 -5.3662447e-09 0)
(3.7738223e-06 -3.964218e-09 0)
(3.1043195e-06 -2.9189087e-09 0)
(2.5097154e-06 -2.1339931e-09 0)
(1.9756649e-06 -1.5377569e-09 0)
(1.4892829e-06 -1.0763116e-09 0)
(1.0388325e-06 -7.0851407e-10 0)
(6.1344213e-07 -4.0205857e-10 0)
(2.0285008e-07 -1.3026949e-10 0)
(0.0025670089 -0.0010996395 0)
(0.0022575732 -0.00080742495 0)
(0.001968601 -0.00059028604 0)
(0.0017075262 -0.00043096963 0)
(0.0014759102 -0.00031474797 0)
(0.0012726637 -0.00023009522 0)
(0.0010955422 -0.00016840022 0)
(0.00094189852 -0.00012337415 0)
(0.00080905292 -9.0463075e-05 0)
(0.00069445756 -6.6374482e-05 0)
(0.00059577602 -4.8723794e-05 0)
(0.0005109076 -3.57794e-05 0)
(0.00043798974 -2.6280446e-05 0)
(0.00037538611 -1.930669e-05 0)
(0.00032166834 -1.4185205e-05 0)
(0.00027559537 -1.0423198e-05 0)
(0.0002360926 -7.6593969e-06 0)
(0.00020223194 -5.6287433e-06 0)
(0.00017321341 -4.1366625e-06 0)
(0.00014834843 -3.0402667e-06 0)
(0.00012704501 -2.2345995e-06 0)
(0.00010879458 -1.6425535e-06 0)
(9.3160559e-05 -1.2074761e-06 0)
(7.9768334e-05 -8.8774031e-07 0)
(6.8296586e-05 -6.5275915e-07 0)
(5.8469782e-05 -4.8005726e-07 0)
(5.00517e-05 -3.5311969e-07 0)
(4.283984e-05 -2.5981132e-07 0)
(3.6660625e-05 -1.9121533e-07 0)
(3.1365262e-05 -1.4077975e-07 0)
(2.6826194e-05 -1.0369025e-07 0)
(2.2934051e-05 -7.6409298e-08 0)
(1.9595024e-05 -5.6337491e-08 0)
(1.6728623e-05 -4.1564727e-08 0)
(1.4265736e-05 -3.0687313e-08 0)
(1.2146974e-05 -2.2673647e-08 0)
(1.0321239e-05 -1.676545e-08 0)
(8.7444963e-06 -1.2405254e-08 0)
(7.3787151e-06 -9.1830405e-09 0)
(6.1909489e-06 -6.7970874e-09 0)
(5.1525454e-06 -5.0251075e-09 0)
(4.2384533e-06 -3.7030684e-09 0)
(3.4266206e-06 -2.7095172e-09 0)
(2.6974616e-06 -1.9540363e-09 0)
(2.0333844e-06 -1.36867e-09 0)
(1.4183644e-06 -9.0152425e-10 0)
(8.3756149e-07 -5.1177696e-10 0)
(2.7696033e-07 -1.6586692e-10 0)
(0.0032562784 -0.0011123529 0)
(0.0028397042 -0.00083074017 0)
(0.0024647464 -0.00061700123 0)
(0.0021320846 -0.0004565525 0)
(0.0018397638 -0.00033702361 0)
(0.00158465 -0.00024842767 0)
(0.0013630856 -0.00018296343 0)
(0.0011713262 -0.00013467984 0)
(0.0010057787 -9.9105645e-05 0)
(0.00086312697 -7.2911702e-05 0)
(0.00074037444 -5.3631948e-05 0)
(0.00063485658 -3.9444965e-05 0)
(0.00054422631 -2.9007492e-05 0)
(0.00046643153 -2.132978e-05 0)
(0.00039968684 -1.568291e-05 0)
(0.00034244446 -1.1530223e-05 0)
(0.00029336625 -8.4766963e-06 0)
(0.00025129773 -6.2316213e-06 0)
(0.00021524441 -4.5810925e-06 0)
(0.00018435071 -3.3677462e-06 0)
(0.00015788121 -2.4758327e-06 0)
(0.00013520425 -1.8202253e-06 0)
(0.00011577761 -1.3383271e-06 0)
(9.913604e-05 -9.841138e-07 0)
(8.4880452e-05 -7.2375019e-07 0)
(7.2668628e-05 -5.3236406e-07 0)
(6.220715e-05 -3.9167343e-07 0)
(5.3244478e-05 -2.8824127e-07 0)
(4.5564979e-05 -2.1219213e-07 0)
(3.8983804e-05 -1.5626835e-07 0)
(3.3342474e-05 -1.1513634e-07 0)
(2.8505096e-05 -8.4876512e-08 0)
(2.4355111e-05 -6.2608457e-08 0)
(2.0792499e-05 -4.6215336e-08 0)
(1.7731381e-05 -3.4141439e-08 0)
(1.5097954e-05 -2.52433e-08 0)
(1.2828716e-05 -1.868038e-08 0)
(1.0868943e-05 -1.3834642e-08 0)
(9.1713704e-06 -1.0251505e-08 0)
(7.6950518e-06 -7.5963837e-09 0)
(6.4043761e-06 -5.6227735e-09 0)
(5.268209e-06 -4.1487119e-09 0)
(4.2591415e-06 -3.0394681e-09 0)
(3.3528313e-06 -2.1946921e-09 0)
(2.527413e-06 -1.538949e-09 0)
(1.7629697e-06 -1.0146122e-09 0)
(1.0410543e-06 -5.7637878e-10 0)
(3.4425068e-07 -1.8685936e-10 0)
(0.0038895926 -0.0010357964 0)
(0.0033687924 -0.00078278985 0)
(0.002910859 -0.00058782003 0)
(0.0025105616 -0.00043919971 0)
(0.0021621006 -0.00032687567 0)
(0.0018598258 -0.00024255845 0)
(0.0015983461 -0.00017959141 0)
(0.0013726446 -0.00013274923 0)
(0.0011781519 -9.800171e-05 0)
(0.0010107678 -7.2280327e-05 0)
(0.00086685859 -5.3270496e-05 0)
(0.00074322793 -3.9237815e-05 0)
(0.00063708297 -2.8888669e-05 0)
(0.00054599488 -2.1261623e-05 0)
(0.00046785824 -1.5643887e-05 0)
(0.00040085254 -1.1507993e-05 0)
(0.00034340667 -8.4641661e-06 0)
(0.00029416677 -6.2246994e-06 0)
(0.0002519676 -4.5774119e-06 0)
(0.0002158072 -3.3659325e-06 0)
(0.00018482465 -2.4750857e-06 0)
(0.00015828065 -1.820078e-06 0)
(0.00013554067 -1.3385067e-06 0)
(0.00011606026 -9.8446136e-07 0)
(9.9372438e-05 -7.2417342e-07 0)
(8.5076746e-05 -5.3281005e-07 0)
(7.2829822e-05 -3.9211252e-07 0)
(6.2337294e-05 -2.8865755e-07 0)
(5.3346809e-05 -2.1257776e-07 0)
(4.5642022e-05 -1.5662022e-07 0)
(3.9037449e-05 -1.1545403e-07 0)
(3.3374031e-05 -8.5161164e-08 0)
(2.8515335e-05 -6.2861963e-08 0)
(2.4344281e-05 -4.6439981e-08 0)
(2.0760339e-05 -3.4339592e-08 0)
(1.7677113e-05 -2.5417316e-08 0)
(1.5020266e-05 -1.883247e-08 0)
(1.2725731e-05 -1.3966868e-08 0)
(1.0738176e-05 -1.0365723e-08 0)
(9.0096623e-06 -7.6942677e-09 0)
(7.4985e-06 -5.705785e-09 0)
(6.1682369e-06 -4.2181351e-09 0)
(4.9867837e-06 -3.096385e-09 0)
(3.9256402e-06 -2.2400111e-09 0)
(2.9592063e-06 -1.5734097e-09 0)
(2.0641627e-06 -1.0388037e-09 0)
(1.2189134e-06 -5.9069549e-10 0)
(4.03064e-07 -1.9160631e-10 0)
(0.0044355391 -0.00088435145 0)
(0.0038223828 -0.00067405939 0)
(0.0032908164 -0.00051017987 0)
(0.0028309518 -0.00038389668 0)
(0.0024335984 -0.00028747552 0)
(0.002090706 -0.00021442692 0)
(0.001795171 -0.00015943862 0)
(0.0015407242 -0.00011825765 0)
(0.0013218512 -8.7542152e-05 0)
(0.0011337205 -6.470537e-05 0)
(0.00097211491 -4.7768714e-05 0)
(0.00083336554 -3.5232172e-05 0)
(0.00071428977 -2.5966638e-05 0)
(0.00061213382 -1.9126795e-05 0)
(0.00052451922 -1.4082334e-05 0)
(0.00044939454 -1.0364737e-05 0)
(0.00038499254 -7.6265891e-06 0)
(0.00032979222 -5.6107661e-06 0)
(0.00028248563 -4.1272495e-06 0)
(0.00024194871 -3.0357781e-06 0)
(0.00020721601 -2.2329148e-06 0)
(0.0001774587 -1.6424354e-06 0)
(0.00015196546 -1.2082019e-06 0)
(0.00013012604 -8.8888915e-07 0)
(0.00011141704 -6.5408745e-07 0)
(9.5389609e-05 -4.8142594e-07 0)
(8.1658892e-05 -3.5445146e-07 0)
(6.9894945e-05 -2.6106531e-07 0)
(5.9814906e-05 -1.9237215e-07 0)
(5.1176269e-05 -1.4183248e-07 0)
(4.3771112e-05 -1.0463913e-07 0)
(3.742113e-05 -7.7258502e-08 0)
(3.1973377e-05 -5.7093227e-08 0)
(2.7296598e-05 -4.2234057e-08 0)
(2.327809e-05 -3.1277527e-08 0)
(1.9820991e-05 -2.3191824e-08 0)
(1.6841959e-05 -1.721828e-08 0)
(1.4269165e-05 -1.2798881e-08 0)
(1.2040568e-05 -9.5230465e-09 0)
(1.0102424e-05 -7.0884403e-09 0)
(8.4079852e-06 -5.272197e-09 0)
(6.9163823e-06 -3.909692e-09 0)
(5.5916348e-06 -2.8789246e-09 0)
(4.4017871e-06 -2.0889237e-09 0)
(3.3181345e-06 -1.4712306e-09 0)
(2.3145303e-06 -9.7348311e-10 0)
(1.3667581e-06 -5.5443392e-10 0)
(4.5195277e-07 -1.7998524e-10 0)
(0.0048682043 -0.00067404195 0)
(0.0041808514 -0.0005168089 0)
(0.0035899291 -0.00039331925 0)
(0.0030821497 -0.00029744327 0)
(0.0026456832 -0.00022371933 0)
(0.0022705151 -0.00016750414 0)
(0.001948094 -0.00012494521 0)
(0.0016710796 -9.2916286e-05 0)
(0.0014331515 -6.892902e-05 0)
(0.0012288604 -5.1034851e-05 0)
(0.001053506 -3.7727902e-05 0)
(0.00090303243 -2.7856779e-05 0)
(0.0007739428 -2.054872e-05 0)
(0.00066322411 -1.5146615e-05 0)
(0.00056828182 -1.1158272e-05 0)
(0.00048688307 -8.2165356e-06 0)
(0.00041710729 -6.0483966e-06 0)
(0.00035730335 -4.451362e-06 0)
(0.00030605245 -3.2755358e-06 0)
(0.00026213592 -2.4101287e-06 0)
(0.00022450744 -1.7733552e-06 0)
(0.00019226889 -1.3048987e-06 0)
(0.00016464965 -9.603097e-07 0)
(0.00014098865 -7.0685143e-07 0)
(0.0001207189 -5.2042489e-07 0)
(0.00010335419 -3.832964e-07 0)
(8.8477646e-05 -2.8242004e-07 0)
(7.5731849e-05 -2.0820075e-07 0)
(6.4810387e-05 -1.5358261e-07 0)
(5.5450556e-05 -1.133777e-07 0)
(4.7427114e-05 -8.3771781e-08 0)
(4.0546895e-05 -6.1960761e-08 0)
(3.4644204e-05 -4.5883165e-08 0)
(2.957684e-05 -3.4023459e-08 0)
(2.5222701e-05 -2.5267348e-08 0)
(2.1476845e-05 -1.8795476e-08 0)
(1.8248973e-05 -1.40052e-08 0)
(1.5461264e-05 -1.0453156e-08 0)
(1.3046498e-05 -7.8129679e-09 0)
(1.0946442e-05 -5.8442111e-09 0)
(9.1104473e-06 -4.3695272e-09 0)
(7.4942305e-06 -3.2578279e-09 0)
(6.058807e-06 -2.4118482e-09 0)
(4.7695516e-06 -1.7589843e-09 0)
(3.5953623e-06 -1.2445187e-09 0)
(2.507908e-06 -8.2655142e-10 0)
(1.4809506e-06 -4.7198194e-10 0)
(4.8971331e-07 -1.5342779e-10 0)
(0.0051677799 -0.00042141032 0)
(0.0044287144 -0.00032432371 0)
(0.0037962945 -0.0002476944 0)
(0.0032550204 -0.00018791696 0)
(0.0027912812 -0.00014174446 0)
(0.0023936923 -0.00010639201 0)
(0.0020526709 -7.9528835e-05 0)
(0.0017601023 -5.9247315e-05 0)
(0.0015090828 -4.4016703e-05 0)
(0.0012937178 -3.262922e-05 0)
(0.00110896 -2.4145306e-05 0)
(0.00095047989 -1.7842485e-05 0)
(0.00081455927 -1.3170645e-05 0)
(0.00069800416 -9.7138941e-06 0)
(0.00059807008 -7.1598161e-06 0)
(0.00051239891 -5.2747791e-06 0)
(0.00043896468 -3.8847275e-06 0)
(0.00037602711 -2.860369e-06 0)
(0.00032209165 -2.1058824e-06 0)
(0.00027587505 -1.55038e-06 0)
(0.00023627581 -1.1414939e-06 0)
(0.00020234866 -8.4058063e-07 0)
(0.00017328259 -6.1914958e-07 0)
(0.0001483819 -4.562098e-07 0)
(0.00012704995 -3.3630445e-07 0)
(0.00010877513 -2.480565e-07 0)
(9.3118745e-05 -1.8309469e-07 0)
(7.9704702e-05 -1.3526085e-07 0)
(6.8210559e-05 -1.0002575e-07 0)
(5.8359871e-05 -7.4058553e-08 0)
(4.9915605e-05 -5.4909974e-08 0)
(4.2674488e-05 -4.0778953e-08 0)
(3.6462145e-05 -3.0341112e-08 0)
(3.112893e-05 -2.2622476e-08 0)
(2.6546342e-05 -1.6906702e-08 0)
(2.2603939e-05 -1.2666779e-08 0)
(1.9206691e-05 -9.5148954e-09 0)
(1.6272697e-05 -7.1655071e-09 0)
(1.373121e-05 -5.4082501e-09 0)
(1.1520945e-05 -4.087963e-09 0)
(9.5885971e-06 -3.0900406e-09 0)
(7.887559e-06 -2.3296074e-09 0)
(6.3768007e-06 -1.7435559e-09 0)
(5.019881e-06 -1.2846222e-09 0)
(3.7840654e-06 -9.1708699e-10 0)
(2.6395364e-06 -6.1350566e-10 0)
(1.5586787e-06 -3.521076e-10 0)
(5.1541609e-07 -1.1475636e-10 0)
(0.0053209221 -0.00014330612 0)
(0.0045553437 -0.00011049228 0)
(0.0039016047 -8.453128e-05 0)
(0.0033431175 -6.4233139e-05 0)
(0.0028653767 -4.8520786e-05 0)
(0.002456299 -3.6466428e-05 0)
(0.0021057672 -2.7290242e-05 0)
(0.0018052629 -2.0351366e-05 0)
(0.0015475772 -1.513349e-05 0)
(0.0013265814 -1.1227792e-05 0)
(0.0011370489 -8.3151157e-06 0)
(0.00097450716 -6.1495406e-06 0)
(0.00083512366 -4.5431506e-06 0)
(0.00071561166 -3.3538367e-06 0)
(0.00061314959 -2.4745638e-06 0)
(0.00052531522 -1.8252269e-06 0)
(0.00045002893 -1.3460987e-06 0)
(0.00038550513 -9.9278197e-07 0)
(0.00033021079 -7.3235309e-07 0)
(0.00028282995 -5.4044355e-07 0)
(0.00024223317 -3.9904315e-07 0)
(0.00020745129 -2.9485681e-07 0)
(0.00017765284 -2.1807893e-07 0)
(0.00015212463 -1.614829e-07 0)
(0.000130255 -1.1974564e-07 0)
(0.00011151947 -8.8947981e-08 0)
(9.5468313e-05 -6.6205155e-08 0)
(8.1715984e-05 -4.9394332e-08 0)
(6.9931929e-05 -3.6953445e-08 0)
(5.9832746e-05 -2.7733166e-08 0)
(5.1175439e-05 -2.0887728e-08 0)
(4.3751614e-05 -1.5794712e-08 0)
(3.7382507e-05 -1.1995897e-08 0)
(3.1914701e-05 -9.1538667e-09 0)
(2.7216457e-05 -7.0199962e-09 0)
(2.3174549e-05 -5.4109961e-09 0)
(1.9691552e-05 -4.1915937e-09 0)
(1.6683497e-05 -3.2618594e-09 0)
(1.4077857e-05 -2.547832e-09 0)
(1.1811797e-05 -1.9946703e-09 0)
(9.8306678e-06 -1.5615723e-09 0)
(8.0866873e-06 -1.2180703e-09 0)
(6.5377899e-06 -9.4124427e-10 0)
(5.146614e-06 -7.1369207e-10 0)
(3.8795992e-06 -5.2206597e-10 0)
(2.7061752e-06 -3.5597338e-10 0)
(1.5980298e-06 -2.0698528e-10 0)
(5.2842861e-07 -6.7901569e-11 0)
(0.0053209219 0.00014330448 0)
(0.004555343 0.00011048732 0)
(0.0039016035 8.4522724e-05 0)
(0.0033431158 6.4220674e-05 0)
(0.0028653744 4.8504356e-05 0)
(0.0024562961 3.6446254e-05 0)
(0.0021057637 2.726681e-05 0)
(0.0018052591 2.0325279e-05 0)
(0.0015475727 1.5105374e-05 0)
(0.0013265773 1.1198281e-05 0)
(0.0011370447 8.2848907e-06 0)
(0.00097450279 6.1192761e-06 0)
(0.00083512056 4.513359e-06 0)
(0.00071560945 3.3249627e-06 0)
(0.00061314822 2.4469718e-06 0)
(0.00052531455 1.7991743e-06 0)
(0.00045002878 1.3217421e-06 0)
(0.00038550532 9.7019397e-07 0)
(0.00033021119 7.11542e-07 0)
(0.00028283047 5.2137194e-07 0)
(0.00024223375 3.8164304e-07 0)
(0.00020745187 2.790415e-07 0)
(0.0001776534 2.0375129e-07 0)
(0.00015212516 1.4854123e-07 0)
(0.00013025548 1.0808742e-07 0)
(0.0001115199 7.847247e-08 0)
(9.5468696e-05 5.6814966e-08 0)
(8.171632e-05 4.099651e-08 0)
(6.993222e-05 2.946012e-08 0)
(5.9832997e-05 2.106195e-08 0)
(5.1175653e-05 1.4961911e-08 0)
(4.3751796e-05 1.054332e-08 0)
(3.738266e-05 7.3536476e-09 0)
(3.191483e-05 5.0610364e-09 0)
(2.7216564e-05 3.4222448e-09 0)
(2.3174639e-05 2.2591436e-09 0)
(1.9691626e-05 1.4413825e-09 0)
(1.6683558e-05 8.7369976e-10 0)
(1.4077906e-05 4.8655253e-10 0)
(1.1811837e-05 2.2926817e-10 0)
(9.8307009e-06 6.4976125e-11 0)
(8.0867141e-06 -3.3093585e-11 0)
(6.5378112e-06 -8.4340109e-11 0)
(5.1466308e-06 -1.0278806e-10 0)
(3.8796117e-06 -9.8667249e-11 0)
(2.7061838e-06 -7.9539681e-11 0)
(1.598035e-06 -5.1043158e-11 0)
(5.2843013e-07 -1.753307e-11 0)
(0.0051677794 0.00042140873 0)
(0.0044287127 0.00032431885 0)
(0.0037962913 0.00024768594 0)
(0.0032550158 0.0001879046 0)
(0.0027912748 0.00014172814 0)
(0.0023936843 0.00010637194 0)
(0.0020526614 7.9505511e-05 0)
(0.0017600913 5.9221358e-05 0)
(0.0015090708 4.3988729e-05 0)
(0.0012937049 3.2599932e-05 0)
(0.0011089475 2.41154e-05 0)
(0.00095046966 1.7812572e-05 0)
(0.00081455068 1.3141289e-05 0)
(0.00069799815 9.6855453e-06 0)
(0.00059806652 7.1328086e-06 0)
(0.00051239729 5.2493341e-06 0)
(0.00043896447 3.8609726e-06 0)
(0.00037602784 2.8383573e-06 0)
(0.00032209294 2.0856109e-06 0)
(0.00027587665 1.5318059e-06 0)
(0.00023627754 1.1245479e-06 0)
(0.00020235039 8.2517687e-07 0)
(0.00017328425 6.0519318e-07 0)
(0.00014838345 4.436018e-07 0)
(0.00012705137 3.2494534e-07 0)
(0.0001087764 2.3784849e-07 0)
(9.3119874e-05 1.7394323e-07 0)
(7.9705691e-05 1.2707567e-07 0)
(6.8211418e-05 9.272148e-08 0)
(5.836061e-05 6.7555109e-08 0)
(4.9916236e-05 4.9132757e-08 0)
(4.2675023e-05 3.5658922e-08 0)
(3.6462596e-05 2.5814732e-08 0)
(3.1129309e-05 1.8631614e-08 0)
(2.6546658e-05 1.3398441e-08 0)
(2.2604202e-05 9.5932222e-09 0)
(1.9206909e-05 6.8329241e-09 0)
(1.6272876e-05 4.8365506e-09 0)
(1.3731357e-05 3.3980303e-09 0)
(1.1521066e-05 2.366266e-09 0)
(9.588695e-06 1.6304755e-09 0)
(7.887638e-06 1.109391e-09 0)
(6.3768639e-06 7.4333067e-10 0)
(5.0199305e-06 4.8832528e-10 0)
(3.7841025e-06 3.1169604e-10 0)
(2.639562e-06 1.8875931e-10 0)
(1.5586934e-06 1.0044713e-10 0)
(5.154211e-07 3.1434208e-11 0)
(0.0048682038 0.00067404047 0)
(0.0041808491 0.00051680425 0)
(0.0035899249 0.00039331107 0)
(0.0030821432 0.00029743122 0)
(0.0026456743 0.00022370334 0)
(0.0022705034 0.00016748443 0)
(0.0019480797 0.00012492224 0)
(0.0016710627 9.289072e-05 0)
(0.0014331333 6.8901657e-05 0)
(0.0012288434 5.1006288e-05 0)
(0.0010534904 3.7698802e-05 0)
(0.00090301787 2.7827814e-05 0)
(0.00077393215 2.0520439e-05 0)
(0.00066321697 1.5119445e-05 0)
(0.00056827789 1.1132502e-05 0)
(0.00048688169 8.1923358e-06 0)
(0.00041710775 6.0258522e-06 0)
(0.00035730501 4.4304975e-06 0)
(0.00030605483 3.2563318e-06 0)
(0.00026213867 2.3925356e-06 0)
(0.00022451031 1.757303e-06 0)
(0.00019227172 1.2903044e-06 0)
(0.00016465235 9.4708332e-07 0)
(0.00014099116 6.948997e-07 0)
(0.00012072118 5.096542e-07 0)
(0.00010335623 3.736148e-07 0)
(8.8479451e-05 2.7373857e-07 0)
(7.5733428e-05 2.0043434e-07 0)
(6.4811756e-05 1.466508e-07 0)
(5.5451735e-05 1.0720488e-07 0)
(4.742812e-05 7.8287497e-08 0)
(4.0547748e-05 5.7099737e-08 0)
(3.4644923e-05 4.1585309e-08 0)
(2.9577444e-05 3.0233734e-08 0)
(2.5223205e-05 2.1935646e-08 0)
(2.1477263e-05 1.5876407e-08 0)
(1.824932e-05 1.1457899e-08 0)
(1.546155e-05 8.2410414e-09 0)
(1.3046732e-05 5.9035325e-09 0)
(1.0946634e-05 4.2087818e-09 0)
(9.1106032e-06 2.9830653e-09 0)
(7.4943565e-06 2.0987021e-09 0)
(6.0589075e-06 1.461687e-09 0)
(4.7696303e-06 1.0025354e-09 0)
(3.5954212e-06 6.6941419e-10 0)
(2.5079483e-06 4.2304095e-10 0)
(1.4809742e-06 2.3292023e-10 0)
(4.8972089e-07 7.4267956e-11 0)
(0.0044355385 0.00088435012 0)
(0.0038223805 0.00067405511 0)
(0.0032908119 0.00051017222 0)
(0.0028309445 0.00038388529 0)
(0.0024335875 0.00028746028 0)
(0.0020906913 0.00021440801 0)
(0.0017951539 0.00015941665 0)
(0.0015407071 0.00011823324 0)
(0.0013218349 8.7516006e-05 0)
(0.0011337043 6.4678283e-05 0)
(0.00097210054 4.7741314e-05 0)
(0.00083335526 3.5205044e-05 0)
(0.00071428152 2.5940265e-05 0)
(0.00061212878 1.9101588e-05 0)
(0.00052451716 1.4058527e-05 0)
(0.00044939485 1.0342447e-05 0)
(0.00038499452 7.6058627e-06 0)
(0.00032979529 5.5916017e-06 0)
(0.0002824893 4.1096155e-06 0)
(0.00024195265 3.0196215e-06 0)
(0.00020721998 2.2181686e-06 0)
(0.00017746253 1.6290228e-06 0)
(0.00015196906 1.1960411e-06 0)
(0.00013012936 8.778955e-07 0)
(0.00011142004 6.4417619e-07 0)
(9.5392287e-05 4.7251356e-07 0)
(8.1661256e-05 3.464571e-07 0)
(6.9897011e-05 2.5391148e-07 0)
(5.9816695e-05 1.8598541e-07 0)
(5.1177807e-05 1.3614374e-07 0)
(4.3772424e-05 9.9583911e-08 0)
(3.7422243e-05 7.2776996e-08 0)
(3.1974315e-05 5.3130318e-08 0)
(2.7297385e-05 3.8739229e-08 0)
(2.3278747e-05 2.8204743e-08 0)
(1.9821537e-05 2.049936e-08 0)
(1.6842411e-05 1.4868541e-08 0)
(1.4269537e-05 1.0758205e-08 0)
(1.2040875e-05 7.7614988e-09 0)
(1.0102674e-05 5.5796157e-09 0)
(8.408189e-06 3.9930208e-09 0)
(6.9165468e-06 2.8402338e-09 0)
(5.5917662e-06 2.0022451e-09 0)
(4.4018898e-06 1.3909604e-09 0)
(3.3182113e-06 9.4058596e-10 0)
(2.3145829e-06 6.0117299e-10 0)
(1.3667884e-06 3.3382628e-10 0)
(4.5196286e-07 1.0694749e-10 0)
(0.0038895922 0.0010357953 0)
(0.0033687905 0.00078278616 0)
(0.0029108545 0.00058781325 0)
(0.0025105533 0.00043918943 0)
(0.002162089 0.00032686179 0)
(0.0018598137 0.00024254125 0)
(0.0015983346 0.00017957138 0)
(0.0013726337 0.000132727 0)
(0.0011781425 9.7977969e-05 0)
(0.0010107626 7.2255864e-05 0)
(0.00086685546 5.3245892e-05 0)
(0.0007432242 3.9213502e-05 0)
(0.00063708171 2.8865192e-05 0)
(0.00054599527 2.1239249e-05 0)
(0.00046786019 1.5622796e-05 0)
(0.00040085579 1.1488268e-05 0)
(0.00034341086 8.4458319e-06 0)
(0.00029417154 6.2077449e-06 0)
(0.00025197262 4.5618035e-06 0)
(0.00021581225 3.3516225e-06 0)
(0.00018482954 2.4620151e-06 0)
(0.00015828528 1.808181e-06 0)
(0.00013554495 1.3277126e-06 0)
(0.00011606417 9.7469734e-07 0)
(9.9375955e-05 7.1536585e-07 0)
(8.5079874e-05 5.2488639e-07 0)
(7.2832573e-05 3.8500198e-07 0)
(6.2339695e-05 2.8229229e-07 0)
(5.3348884e-05 2.0689315e-07 0)
(4.5643805e-05 1.5155545e-07 0)
(3.9038969e-05 1.1095216e-07 0)
(3.337532e-05 8.116937e-08 0)
(2.8516421e-05 5.9331439e-08 0)
(2.4345192e-05 4.3325986e-08 0)
(2.0761099e-05 3.1601282e-08 0)
(1.7677745e-05 2.3017666e-08 0)
(1.5020789e-05 1.6738076e-08 0)
(1.2726163e-05 1.2147816e-08 0)
(1.073853e-05 8.7953854e-09 0)
(9.0099526e-06 6.3491548e-09 0)
(7.4987361e-06 4.5653558e-09 0)
(6.1684276e-06 3.2646456e-09 0)
(4.9869357e-06 2.3147469e-09 0)
(3.9257591e-06 1.6177056e-09 0)
(2.9592948e-06 1.1002683e-09 0)
(2.0642231e-06 7.0681756e-10 0)
(1.2189484e-06 3.940127e-10 0)
(4.0307532e-07 1.2647349e-10 0)
(0.0032562781 0.001112352 0)
(0.0028397023 0.00083073727 0)
(0.0024647422 0.00061699567 0)
(0.0021320795 0.00045654394 0)
(0.0018397591 0.00033701192 0)
(0.0015846458 0.00024841316 0)
(0.0013630845 0.00018294649 0)
(0.0011713302 0.00013466114 0)
(0.0010057868 9.9085773e-05 0)
(0.00086313479 7.2891109e-05 0)
(0.00074038248 5.3611259e-05 0)
(0.00063486626 3.9424707e-05 0)
(0.0005442341 2.8987831e-05 0)
(0.00046643859 2.1311017e-05 0)
(0.00039969355 1.5665196e-05 0)
(0.00034245102 1.151363e-05 0)
(0.00029337273 8.4612477e-06 0)
(0.00025130409 6.2173117e-06 0)
(0.00021525057 4.5678992e-06 0)
(0.00018435658 3.3556331e-06 0)
(0.00015788672 2.4647551e-06 0)
(0.00013520936 1.8101312e-06 0)
(0.00011578229 1.3291602e-06 0)
(9.914026e-05 9.7581494e-07 0)
(8.4884224e-05 7.1625916e-07 0)
(7.2671966e-05 5.2562076e-07 0)
(6.2210079e-05 3.8561906e-07 0)
(5.3247026e-05 2.8281906e-07 0)
(4.556718e-05 2.073479e-07 0)
(3.8985691e-05 1.5195088e-07 0)
(3.3344081e-05 1.1129763e-07 0)
(2.8506458e-05 8.1471895e-08 0)
(2.4356259e-05 5.9596634e-08 0)
(2.0793462e-05 4.3558369e-08 0)
(1.7732185e-05 3.1804672e-08 0)
(1.5098622e-05 2.3195273e-08 0)
(1.2829269e-05 1.6892697e-08 0)
(1.08694e-05 1.2281844e-08 0)
(9.1717461e-06 8.9109247e-09 0)
(7.6953592e-06 6.4480098e-09 0)
(6.4046265e-06 4.6491007e-09 0)
(5.2684111e-06 3.3346144e-09 0)
(4.2593027e-06 2.3720789e-09 0)
(3.3529571e-06 1.6633272e-09 0)
(2.5275067e-06 1.1349473e-09 0)
(1.7630335e-06 7.3115109e-10 0)
(1.0410909e-06 4.084016e-10 0)
(3.4426282e-07 1.3125106e-10 0)
(0.0025670082 0.001099639 0)
(0.0022575732 0.00080742303 0)
(0.0019686019 0.00059028211 0)
(0.0017075278 0.00043096344 0)
(0.0014759135 0.0003147393 0)
(0.0012726732 0.00023008427 0)
(0.0010955578 0.00016838758 0)
(0.00094191727 0.00012336001 0)
(0.00080907288 9.0447922e-05 0)
(0.00069448046 6.6358943e-05 0)
(0.00059579919 4.8708194e-05 0)
(0.00051092643 3.5763843e-05 0)
(0.00043800602 2.6265324e-05 0)
(0.00037539924 1.929214e-05 0)
(0.00032167908 1.4171367e-05 0)
(0.0002756045 1.041016e-05 0)
(0.00023610067 7.6472046e-06 0)
(0.00020223924 5.6174107e-06 0)
(0.0001732201 4.126185e-06 0)
(0.00014835458 3.0306257e-06 0)
(0.00012705064 2.2257667e-06 0)
(0.0001087997 1.6344932e-06 0)
(9.3165183e-05 1.2001475e-06 0)
(7.9772475e-05 8.8109911e-07 0)
(6.8300266e-05 6.467596e-07 0)
(5.8473024e-05 4.7465286e-07 0)
(5.0054536e-05 3.482647e-07 0)
(4.28423e-05 2.5546111e-07 0)
(3.6662746e-05 1.8732724e-07 0)
(3.1367078e-05 1.373132e-07 0)
(2.6827741e-05 1.0060718e-07 0)
(2.293536e-05 7.3674142e-08 0)
(1.9596128e-05 5.391738e-08 0)
(1.6729548e-05 3.9429343e-08 0)
(1.4266509e-05 2.8808993e-08 0)
(1.2147616e-05 2.1027194e-08 0)
(1.0321771e-05 1.532815e-08 0)
(8.7449359e-06 1.1156682e-08 0)
(7.3790767e-06 8.1050401e-09 0)
(6.1912449e-06 5.8735835e-09 0)
(5.1527867e-06 4.2420672e-09 0)
(4.2386481e-06 3.048327e-09 0)
(3.4267761e-06 2.1727556e-09 0)
(2.6975829e-06 1.5266634e-09 0)
(2.0334746e-06 1.0437216e-09 0)
(1.4184255e-06 6.7350358e-10 0)
(8.375968e-07 3.7669883e-10 0)
(2.7697179e-07 1.2112912e-10 0)
(0.0018575456 0.00098699152 0)
(0.0016451343 0.00070501403 0)
(0.0014377409 0.00050263155 0)
(0.0012483262 0.00035991323 0)
(0.0010797454 0.00025918539 0)
(0.00093156204 0.00018760187 0)
(0.00080224888 0.00013633817 0)
(0.00068994978 9.9383421e-05 0)
(0.00059276348 7.2606114e-05 0)
(0.00050886969 5.3128376e-05 0)
(0.00043659016 3.8920344e-05 0)
(0.00037440873 2.8535236e-05 0)
(0.00032096991 2.0933071e-05 0)
(0.00027508521 1.5362363e-05 0)
(0.00023571209 1.1277223e-05 0)
(0.00020194283 8.2799095e-06 0)
(0.0001729903 6.0799289e-06 0)
(0.00014817423 4.4647638e-06 0)
(0.00012690801 3.2787483e-06 0)
(0.0001086867 2.407761e-06 0)
(9.3076105e-05 1.768082e-06 0)
(7.9703308e-05 1.2982685e-06 0)
(6.8248151e-05 9.5321127e-07 0)
(5.8435964e-05 6.9978679e-07 0)
(5.0031161e-05 5.1366794e-07 0)
(4.2831758e-05 3.7698708e-07 0)
(3.6664593e-05 2.7661942e-07 0)
(3.138125e-05 2.0292424e-07 0)
(2.6854508e-05 1.4881948e-07 0)
(2.297533e-05 1.0910301e-07 0)
(1.965024e-05 7.9953289e-08 0)
(1.6799097e-05 5.8563356e-08 0)
(1.4353165e-05 4.2871243e-08 0)
(1.2253471e-05 3.1362508e-08 0)
(1.0449378e-05 2.2924714e-08 0)
(8.897376e-06 1.6740888e-08 0)
(7.5600295e-06 1.2210922e-08 0)
(6.40508e-06 8.8941098e-09 0)
(5.4046649e-06 6.4666708e-09 0)
(4.5346502e-06 4.6907476e-09 0)
(3.7740454e-06 3.391418e-09 0)
(3.1045003e-06 2.4399503e-09 0)
(2.50986e-06 1.741318e-09 0)
(1.9757782e-06 1.2251003e-09 0)
(1.4893674e-06 8.3858814e-10 0)
(1.0388903e-06 5.4172806e-10 0)
(6.1347591e-07 3.0321748e-10 0)
(2.0286133e-07 9.7557076e-11 0)
(0.0011693839 0.00077912606 0)
(0.0010200287 0.00051864083 0)
(0.00088304098 0.00035165629 0)
(0.00076360708 0.00024412655 0)
(0.00065954513 0.00017258238 0)
(0.00056879981 0.00012352018 0)
(0.00048981106 8.9130582e-05 0)
(0.00042125303 6.4666181e-05 0)
(0.00036191903 4.7089658e-05 0)
(0.00031069454 3.437746e-05 0)
(0.00026655642 2.5141369e-05 0)
(0.00022857942 1.8409444e-05 0)
(0.0001959427 1.3491889e-05 0)
(0.00016792035 9.8940569e-06 0)
(0.00014387625 7.258834e-06 0)
(0.00012325593 5.3271259e-06 0)
(0.00010557839 3.9103039e-06 0)
(9.0427785e-05 2.8707002e-06 0)
(7.7445548e-05 2.1076609e-06 0)
(6.6323007e-05 1.5474981e-06 0)
(5.6794806e-05 1.1362146e-06 0)
(4.8633032e-05 8.3421479e-07 0)
(4.1642075e-05 6.1244945e-07 0)
(3.5654127e-05 4.495989e-07 0)
(3.0525292e-05 3.3001248e-07 0)
(2.6132209e-05 2.4219882e-07 0)
(2.2369141e-05 1.7771956e-07 0)
(1.9145464e-05 1.3037754e-07 0)
(1.6383513e-05 9.5621382e-08 0)
(1.4016724e-05 7.0108208e-08 0)
(1.1988042e-05 5.1382778e-08 0)
(1.0248554e-05 3.7641717e-08 0)
(8.7563103e-06 2.7560516e-08 0)
(7.4753202e-06 2.0166332e-08 0)
(6.3746854e-06 1.4744681e-08 0)
(5.4278547e-06 1.0770791e-08 0)
(4.6119868e-06 7.8592619e-09 0)
(3.9073978e-06 5.7270127e-09 0)
(3.2970885e-06 4.1661156e-09 0)
(2.7663335e-06 3.0237752e-09 0)
(2.302327e-06 2.1876607e-09 0)
(1.8938728e-06 1.5750628e-09 0)
(1.5311157e-06 1.1249574e-09 0)
(1.2053029e-06 7.9209023e-10 0)
(9.0857202e-07 5.4259603e-10 0)
(6.3376227e-07 3.5072721e-10 0)
(3.7424343e-07 1.9640887e-10 0)
(1.2375263e-07 6.3198593e-11 0)
(0.00056980667 0.00051686586 0)
(0.00038004457 0.00023595434 0)
(0.00030562445 0.00013673514 0)
(0.00025917981 8.9178502e-05 0)
(0.00022267143 6.1448188e-05 0)
(0.00019172691 4.3465428e-05 0)
(0.00016500329 3.1169676e-05 0)
(0.00014186392 2.2529683e-05 0)
(0.00012185525 1.6365187e-05 0)
(0.00010458831 1.192611e-05 0)
(8.9714085e-05 8.710427e-06 0)
(7.6919793e-05 6.371647e-06 0)
(6.5927297e-05 4.6659469e-06 0)
(5.6491203e-05 3.4195449e-06 0)
(4.8396491e-05 2.5075032e-06 0)
(4.145583e-05 1.8394592e-06 0)
(3.5506778e-05 1.3497808e-06 0)
(3.0408964e-05 9.9065537e-07 0)
(2.6041394e-05 7.2717499e-07 0)
(2.2299963e-05 5.3381325e-07 0)
(1.9095205e-05 3.9188189e-07 0)
(1.6350313e-05 2.8768724e-07 0)
(1.3999384e-05 2.1118902e-07 0)
(1.1985901e-05 1.5502219e-07 0)
(1.0261413e-05 1.1378228e-07 0)
(8.7843937e-06 8.3502482e-08 0)
(7.519257e-06 6.1270662e-08 0)
(6.4355087e-06 4.4948671e-08 0)
(5.5070192e-06 3.296647e-08 0)
(4.7113972e-06 2.4171106e-08 0)
(4.0294522e-06 1.7715873e-08 0)
(3.4447337e-06 1.2978949e-08 0)
(2.943135e-06 9.5036611e-09 0)
(2.512554e-06 6.9546224e-09 0)
(2.1426015e-06 5.0855209e-09 0)
(1.8243508e-06 3.7154637e-09 0)
(1.5501226e-06 2.7115993e-09 0)
(1.3132995e-06 1.9763549e-09 0)
(1.1081669e-06 1.4380579e-09 0)
(9.2977482e-07 1.0440451e-09 0)
(7.7381844e-07 7.5559525e-10 0)
(6.3653438e-07 5.4420204e-10 0)
(5.1460995e-07 3.8882915e-10 0)
(4.0510304e-07 2.7387713e-10 0)
(3.0537096e-07 1.8767122e-10 0)
(2.1300704e-07 1.21341e-10 0)
(1.2578249e-07 6.7957765e-11 0)
(4.159294e-08 2.186781e-11 0)
)
;

boundaryField
{
    inlet
    {
        type            cellMotion;
        value           uniform (0 0 0);
    }
    outlet
    {
        type            cellMotion;
        value           uniform (0 0 0);
    }
    top
    {
        type            cellMotion;
        value           nonuniform List<vector> 
96
(
(0 0 0)
(0 0 0)
(0 0 0)
(0 0 0)
(0 0 0)
(0 0 0)
(0 0 0)
(0 0 0)
(0 0 0)
(0 0 0)
(0 0 0)
(0 0 0)
(0 0 0)
(0 0 0)
(0 0 0)
(0 0 0)
(0 0 0)
(0 0 0)
(0 0 0)
(0 0 0)
(0 0 0)
(0 0 0)
(0 0 0)
(0 0 0)
(0 0 0)
(0 0 0)
(0 0 0)
(0 0 0)
(0 0 0)
(0 0 0)
(0 0 0)
(0 0 0)
(0 0 0)
(0 0 0)
(0 0 0)
(0 0 0)
(0 0 0)
(0 0 0)
(0 0 0)
(0 0 0)
(0 0 0)
(0 0 0)
(0 0 0)
(0 0 0)
(0 0 0)
(0 0 0)
(0 0 0)
(0.00025903763 -0.00031759745 0)
(0.00025476458 0.00031762219 0)
(0 0 0)
(0 0 0)
(0 0 0)
(0 0 0)
(0 0 0)
(0 0 0)
(0 0 0)
(0 0 0)
(0 0 0)
(0 0 0)
(0 0 0)
(0 0 0)
(0 0 0)
(0 0 0)
(0 0 0)
(0 0 0)
(0 0 0)
(0 0 0)
(0 0 0)
(0 0 0)
(0 0 0)
(0 0 0)
(0 0 0)
(0 0 0)
(0 0 0)
(0 0 0)
(0 0 0)
(0 0 0)
(0 0 0)
(0 0 0)
(0 0 0)
(0 0 0)
(0 0 0)
(0 0 0)
(0 0 0)
(0 0 0)
(0 0 0)
(0 0 0)
(0 0 0)
(0 0 0)
(0 0 0)
(0 0 0)
(0 0 0)
(0 0 0)
(0 0 0)
(0 0 0)
(0 0 0)
)
;
    }
    bottom
    {
        type            cellMotion;
        value           nonuniform List<vector> 
96
(
(0 0 0)
(0 0 0)
(0 0 0)
(0 0 0)
(0 0 0)
(0 0 0)
(0 0 0)
(0 0 0)
(0 0 0)
(0 0 0)
(0 0 0)
(0 0 0)
(0 0 0)
(0 0 0)
(0 0 0)
(0 0 0)
(0 0 0)
(0 0 0)
(0 0 0)
(0 0 0)
(0 0 0)
(0 0 0)
(0 0 0)
(0 0 0)
(0 0 0)
(0 0 0)
(0 0 0)
(0 0 0)
(0 0 0)
(0 0 0)
(0 0 0)
(0 0 0)
(0 0 0)
(0 0 0)
(0 0 0)
(0 0 0)
(0 0 0)
(0 0 0)
(0 0 0)
(0 0 0)
(0 0 0)
(0 0 0)
(0 0 0)
(0 0 0)
(0 0 0)
(0 0 0)
(0 0 0)
(0.00025903763 0.00031759745 0)
(0.00025476458 -0.00031762219 0)
(0 0 0)
(0 0 0)
(0 0 0)
(0 0 0)
(0 0 0)
(0 0 0)
(0 0 0)
(0 0 0)
(0 0 0)
(0 0 0)
(0 0 0)
(0 0 0)
(0 0 0)
(0 0 0)
(0 0 0)
(0 0 0)
(0 0 0)
(0 0 0)
(0 0 0)
(0 0 0)
(0 0 0)
(0 0 0)
(0 0 0)
(0 0 0)
(0 0 0)
(0 0 0)
(0 0 0)
(0 0 0)
(0 0 0)
(0 0 0)
(0 0 0)
(0 0 0)
(0 0 0)
(0 0 0)
(0 0 0)
(0 0 0)
(0 0 0)
(0 0 0)
(0 0 0)
(0 0 0)
(0 0 0)
(0 0 0)
(0 0 0)
(0 0 0)
(0 0 0)
(0 0 0)
(0 0 0)
)
;
    }
    interface
    {
        type            cellMotion;
        value           nonuniform List<vector> 
40
(
(0.00069174389 0.00071401605 0)
(0.0012308149 0.00093341739 0)
(0.0019849778 0.0011626409 0)
(0.0027628064 0.001277225 0)
(0.0035202464 0.0012763349 0)
(0.0042167522 0.0011778515 0)
(0.0048167897 0.00099903237 0)
(0.005291841 0.00075799784 0)
(0.0056204511 0.00047253308 0)
(0.0057883293 0.00016046809 0)
(0.0057883293 -0.00016046809 0)
(0.0056204511 -0.00047253308 0)
(0.005291841 -0.00075799784 0)
(0.0048167897 -0.00099903237 0)
(0.0042167521 -0.0011778515 0)
(0.0035202464 -0.0012763349 0)
(0.0027628064 -0.001277225 0)
(0.0019849778 -0.0011626409 0)
(0.0012308149 -0.00093341738 0)
(0.00069174389 -0.00071401605 0)
(0.0006817892 -0.00071685322 0)
(0.0012177366 -0.00094301218 0)
(0.0019698262 -0.0011780164 0)
(0.0027471935 -0.0012951132 0)
(0.003504434 -0.0012947148 0)
(0.004200733 -0.0011951055 0)
(0.0048005337 -0.0010138572 0)
(0.0052753473 -0.00076934863 0)
(0.0056037691 -0.00047965342 0)
(0.0057715432 -0.00016289321 0)
(0.0057715432 0.00016289322 0)
(0.0056037691 0.00047965343 0)
(0.0052753473 0.00076934864 0)
(0.0048005337 0.0010138572 0)
(0.004200733 0.0011951055 0)
(0.003504434 0.0012947148 0)
(0.0027471935 0.0012951132 0)
(0.0019698262 0.0011780164 0)
(0.0012177366 0.00094301218 0)
(0.0006817892 0.00071685322 0)
)
;
    }
    frontAndBack
    {
        type            empty;
    }
}


// ************************************************************************* //
