/*--------------------------------*- C++ -*----------------------------------*\
| =========                 |                                                 |
| \\      /  F ield         | OpenFOAM: The Open Source CFD Toolbox           |
|  \\    /   O peration     | Version:  2512                                  |
|   \\  /    A nd           | Website:  www.openfoam.com                      |
|    \\/     M anipulation  |                                                 |
\*---------------------------------------------------------------------------*/
FoamFile
{
    version     2.0;
    format      ascii;
    arch        "LSB;label=32;scalar=64";
    class       surfaceScalarField;
    location    "3.8";
    object      phi;
}
// * * * * * * * * * * * * * * * * * * * * * * * * * * * * * * * * * * * * * //

dimensions      [0 3 -1 0 0 0 0];

oriented        oriented;

internalField   nonuniform List<scalar> 
3919
(
9.3202161e-05
6.7978392e-06
8.2703594e-05
1.0498567e-05
7.2431249e-05
1.0272344e-05
6.3067192e-05
9.364057e-06
5.4835129e-05
8.2320628e-06
4.7917088e-05
6.9180415e-06
4.233856e-05
5.5785282e-06
3.7977046e-05
4.3615143e-06
3.463058e-05
3.3464655e-06
3.2084356e-05
2.5462243e-06
3.0150982e-05
1.9333732e-06
2.8672099e-05
1.4788838e-06
2.7522001e-05
1.1500968e-06
2.6606521e-05
9.1548094e-07
2.5858087e-05
7.4843206e-07
2.5229847e-05
6.2824139e-07
2.4689707e-05
5.4013715e-07
2.4216191e-05
4.7351919e-07
2.3794558e-05
4.216321e-07
2.3415113e-05
3.7944501e-07
2.307063e-05
3.4449025e-07
2.2756629e-05
3.1399142e-07
2.2468944e-05
2.8770331e-07
2.2205853e-05
2.630701e-07
2.196434e-05
2.4153322e-07
2.1745041e-05
2.1927905e-07
2.154494e-05
2.0011482e-07
2.1367899e-05
1.7702779e-07
2.1209507e-05
1.5840699e-07
2.1079152e-05
1.3034374e-07
2.0967762e-05
1.1140834e-07
2.0896359e-05
7.1404987e-08
2.084687e-05
4.9487904e-08
2.0866044e-05
-1.9170329e-08
2.0907569e-05
-4.15259e-08
2.1066279e-05
-1.5870147e-07
2.1242526e-05
-1.7624941e-07
2.1656334e-05
-4.1381974e-07
2.2049508e-05
-3.9319596e-07
2.296065e-05
-9.1116944e-07
2.370384e-05
-7.4321138e-07
2.5684909e-05
-1.9810823e-06
2.70236e-05
-1.3386963e-06
3.1518504e-05
-4.4949029e-06
3.4112117e-05
-2.5936115e-06
4.4842763e-05
-1.0730646e-05
5.0823597e-05
-5.9808332e-06
-2.9695115e-05
8.0518703e-05
0.00010311327
3.6845685e-06
0.00010499149
8.620352e-06
0.00010466802
1.0595812e-05
0.00010304668
1.0985396e-05
0.00010050643
1.0772316e-05
9.7288667e-05
1.0135801e-05
9.3691596e-05
9.1755992e-06
8.9988905e-05
8.0642044e-06
8.6379077e-05
6.9562946e-06
8.298755e-05
5.9377504e-06
7.987965e-05
5.0412736e-06
7.708333e-05
4.2752038e-06
7.4598305e-05
3.6351212e-06
7.2405589e-05
3.1081973e-06
7.0476079e-05
2.6779406e-06
6.8777461e-05
2.3268602e-06
6.7277416e-05
2.0401806e-06
6.5946666e-05
1.8042706e-06
6.4759244e-05
1.6090525e-06
6.369376e-05
1.4449342e-06
6.2731733e-05
1.3065142e-06
6.1859217e-05
1.1865166e-06
6.1063508e-05
1.0834037e-06
6.0336655e-05
9.8993389e-07
5.9669586e-05
9.0859097e-07
5.905954e-05
8.2933015e-07
5.8499087e-05
7.6056067e-07
5.7991188e-05
6.8493271e-07
5.7527825e-05
6.2176143e-07
5.7120326e-05
5.3786085e-07
5.6757251e-05
4.7447794e-07
5.6464325e-05
3.6434048e-07
5.6218813e-05
2.9501201e-07
5.6072009e-05
1.2762005e-07
5.5981587e-05
4.8913829e-08
5.6053309e-05
-2.3043152e-07
5.6188106e-05
-3.1107373e-07
5.6610841e-05
-8.3657945e-07
5.7103994e-05
-8.863681e-07
5.8121807e-05
-1.9289968e-06
5.9213987e-05
-1.835402e-06
6.126787e-05
-4.0349709e-06
6.3419317e-05
-3.4901445e-06
6.7422178e-05
-8.4977621e-06
7.1129459e-05
-6.3008905e-06
7.970298e-05
-1.9304169e-05
8.3337255e-05
-9.6151075e-06
-4.3868048e-05
9.7510185e-05
0.00010160729
2.077279e-06
0.00010448552
5.7421256e-06
0.00010698134
8.0999916e-06
0.00010878932
9.1774088e-06
0.00010996237
9.5992679e-06
0.00011048834
9.6098366e-06
0.00011039153
9.2724086e-06
0.00010977408
8.6816514e-06
0.00010877088
7.959492e-06
0.00010750448
7.2041499e-06
0.00010607317
6.4725861e-06
0.00010455476
5.7936167e-06
0.00010300914
5.1807398e-06
0.00010147976
4.6375762e-06
9.999557e-05
4.1621311e-06
9.8574356e-05
3.7480709e-06
9.7225689e-05
3.38885e-06
9.5953833e-05
3.0761237e-06
9.475873e-05
2.8041586e-06
9.3638708e-05
2.5649538e-06
9.258976e-05
2.3554697e-06
9.160868e-05
2.1675925e-06
9.0690221e-05
2.0018722e-06
8.9832017e-05
1.8481317e-06
8.902846e-05
1.7121523e-06
8.8279618e-05
1.5781659e-06
8.7579295e-05
1.4608851e-06
8.6931774e-05
1.3324437e-06
8.6329177e-05
1.2243716e-06
8.578298e-05
1.0840426e-06
8.5281393e-05
9.7608656e-07
8.4847921e-05
7.9782161e-07
8.4462012e-05
6.8090039e-07
8.416815e-05
4.2154576e-07
8.3926761e-05
2.9026891e-07
8.3822345e-05
-1.2608314e-07
8.3786111e-05
-2.7488386e-07
8.3976423e-05
-1.0269287e-06
8.4251568e-05
-1.1615082e-06
8.4905121e-05
-2.5825189e-06
8.5634262e-05
-2.564511e-06
8.7058456e-05
-5.4591447e-06
8.836092e-05
-4.7925985e-06
9.1007894e-05
-1.1144735e-05
9.2808517e-05
-8.1015141e-06
9.6260008e-05
-2.2755664e-05
9.8339952e-05
-1.1695056e-05
-4.5606413e-05
0.00010007832
0.00010075216
1.3251156e-06
0.00010263042
3.8638697e-06
0.00010489575
5.8346641e-06
0.00010707662
6.99654e-06
0.00010906279
7.6130952e-06
0.00011079248
7.8801466e-06
0.00011218983
7.8750555e-06
0.00011322256
7.6489183e-06
0.00011391099
7.2710671e-06
0.00011430231
6.8128267e-06
0.0001144477
6.3272025e-06
0.00011439478
5.8465337e-06
0.00011418681
5.3887035e-06
0.00011386138
4.9630164e-06
0.00011344932
4.5741806e-06
0.00011297535
4.2220506e-06
0.00011245854
3.9056502e-06
0.00011191395
3.6207231e-06
0.00011135268
3.3654246e-06
0.00011078377
3.1338684e-06
0.00011021339
2.9258451e-06
0.00010964727
2.7337197e-06
0.00010908851
2.5606335e-06
0.00010854134
2.3952981e-06
0.0001080068
2.2466935e-06
0.00010748906
2.0959122e-06
0.0001069874
1.962539e-06
0.00010650738
1.8124632e-06
0.00010604641
1.6853235e-06
0.0001056133
1.5171654e-06
0.00010520276
1.386635e-06
0.00010482954
1.1710189e-06
0.0001044839
1.0266119e-06
0.00010419199
7.1344605e-07
0.00010393563
5.465803e-07
0.00010375157
5.7885231e-08
0.00010360623
-1.2961531e-07
0.00010360048
-1.0211471e-06
0.00010363098
-1.1919407e-06
0.00010387279
-2.8242709e-06
0.0001041265
-2.8181853e-06
0.00010467073
-6.0033624e-06
0.00010517048
-5.2923511e-06
0.00010578662
-1.1760883e-05
0.00010644495
-8.7598444e-06
0.00010587811
-2.2188827e-05
0.00010639526
-1.2212206e-05
-4.0955212e-05
0.00010174406
0.00010041953
9.0558576e-07
0.00010161074
2.6726551e-06
0.00010327269
4.1727191e-06
0.00010507291
5.1963237e-06
0.00010687723
5.808768e-06
0.00010862498
6.1323985e-06
0.00011025518
6.244855e-06
0.00011171547
6.1886319e-06
0.0001129816
6.0049377e-06
0.00011405493
5.7394982e-06
0.00011494959
5.432535e-06
0.0001156843
5.1118273e-06
0.00011627837
4.7946299e-06
0.0001167508
4.4905857e-06
0.0001171192
4.2057833e-06
0.00011739919
3.9420608e-06
0.00011760412
3.7007206e-06
0.0001177454
3.4794471e-06
0.00011783255
3.2782686e-06
0.00011787379
3.0926288e-06
0.00011787593
2.9237014e-06
0.00011784502
2.7646349e-06
0.00011778599
2.6196623e-06
0.00011770348
2.4778155e-06
0.0001176011
2.349079e-06
0.0001174826
2.2144081e-06
0.00011735065
2.0944915e-06
0.00011720857
1.9545298e-06
0.00011705828
1.8356179e-06
0.00011690315
1.6722872e-06
0.0001167443
1.5454692e-06
0.0001165859
1.3294736e-06
0.00011642777
1.1846907e-06
0.0001162759
8.6538552e-07
0.0001161283
6.9418551e-07
0.00011600043
1.8556562e-07
0.00011586215
8.9563377e-09
0.0001157529
-9.1178813e-07
0.00011565442
-1.0933776e-06
0.00011553937
-2.7092091e-06
0.00011546406
-2.7428845e-06
0.00011520291
-5.7422328e-06
0.00011509617
-5.1856273e-06
0.00011419696
-1.0861687e-05
0.0001138672
-8.4300821e-06
0.00011108926
-1.9410888e-05
0.00011010005
-1.1222993e-05
-3.3874201e-05
0.00010301904
0.00010027614
6.2944778e-07
0.00010108689
1.8619053e-06
0.00010230403
2.9555768e-06
0.00010372508
3.7752753e-06
0.0001052263
4.3075433e-06
0.00010674526
4.6134399e-06
0.00010823723
4.7528845e-06
0.00010966162
4.7642484e-06
0.00011098967
4.6768795e-06
0.00011220863
4.5205423e-06
0.00011331745
4.3237139e-06
0.00011432091
4.1083681e-06
0.0001152261
3.8894423e-06
0.00011604108
3.6756093e-06
0.00011677431
3.4725446e-06
0.00011743393
3.2824426e-06
0.00011802751
3.1071451e-06
0.00011856162
2.9453343e-06
0.00011904228
2.797611e-06
0.00011947445
2.6604531e-06
0.00011986288
2.535274e-06
0.0001202112
2.4163165e-06
0.00012052329
2.307572e-06
0.00012080161
2.199497e-06
0.00012104959
2.101112e-06
0.00012126844
1.9955582e-06
0.00012146151
1.9014158e-06
0.00012162852
1.7875129e-06
0.0001217732
1.6909325e-06
0.00012189302
1.552457e-06
0.00012199285
1.4456374e-06
0.00012206637
1.2559512e-06
0.00012212113
1.1299804e-06
0.00012214326
8.4324116e-07
0.00012214677
6.9063912e-07
0.00012210306
2.2939621e-07
0.00012205479
5.6947693e-08
0.00012190062
-7.5769397e-07
0.00012175215
-9.4493688e-07
0.00012139853
-2.3555735e-06
0.00012109737
-2.4417118e-06
0.0001203095
-4.9543563e-06
0.00011972369
-4.5998265e-06
0.00011798843
-9.1264459e-06
0.00011686433
-7.3059929e-06
0.00011314328
-1.5689835e-05
0.00011119328
-9.2729898e-06
-2.621637e-05
0.00010353545
0.00010020251
4.2694099e-07
0.00010080025
1.2641602e-06
0.00010173095
2.0248793e-06
0.00010287872
2.6275061e-06
0.00010414229
3.0439717e-06
0.0001054585
3.2972274e-06
0.00010678585
3.4255408e-06
0.00010809095
3.4591415e-06
0.00010934776
3.4200681e-06
0.00011054023
3.3280785e-06
0.00011166157
3.2023684e-06
0.00011271092
3.0590158e-06
0.00011369051
2.9098572e-06
0.00011460401
2.7621046e-06
0.00011545603
2.6205305e-06
0.0001162513
2.4871692e-06
0.00011699467
2.3637805e-06
0.00011769033
2.2496739e-06
0.00011834239
2.1455424e-06
0.00011895399
2.0488682e-06
0.00011952845
1.9607975e-06
0.00012006779
1.8769897e-06
0.00012057485
1.8005046e-06
0.00012105039
1.7239632e-06
0.00012149714
1.6543655e-06
0.00012191427
1.5784407e-06
0.00012230484
1.5108408e-06
0.00012266563
1.4267116e-06
0.00012300088
1.3556696e-06
0.00012330325
1.2500741e-06
0.00012357973
1.1691595e-06
0.00012381529
1.0203982e-06
0.0001240232
9.221144e-07
0.00012417317
6.9326279e-07
0.00012429356
5.7022238e-07
0.00012432443
1.9858543e-07
0.00012432979
5.1597114e-08
0.00012416459
-5.9251732e-07
0.00012398327
-7.6364219e-07
0.00012348939
-1.8616855e-06
0.00012302289
-1.9752056e-06
0.00012194374
-3.8752055e-06
0.00012102174
-3.6778406e-06
0.00011888878
-6.9935089e-06
0.00011728367
-5.7008835e-06
0.00011327222
-1.1678381e-05
0.00011094733
-6.9480898e-06
-1.8875603e-05
0.00010360656
0.00010016099
2.659492e-07
0.00010063695
7.8820048e-07
0.00010139308
1.2687506e-06
0.00010235915
1.6614361e-06
0.00010345861
1.9445148e-06
0.00010463207
2.1237626e-06
0.00010583768
2.2199293e-06
0.0001070439
2.2529251e-06
0.00010822619
2.2377779e-06
0.00010936737
2.1868968e-06
0.00011045766
2.1120828e-06
0.00011149295
2.0237228e-06
0.00011247286
1.9299405e-06
0.00011339903
1.8359479e-06
0.00011427435
1.7452061e-06
0.0001151022
1.659318e-06
0.00011588637
1.5796136e-06
0.00011663021
1.5058309e-06
0.00011733722
1.4385315e-06
0.00011800995
1.3761308e-06
0.00011865133
1.3194336e-06
0.00011926277
1.2655392e-06
0.00011984677
1.2165131e-06
0.00012040338
1.1673497e-06
0.00012093499
1.1227681e-06
0.00012143972
1.0737093e-06
0.00012192043
1.0301319e-06
0.00012237216
9.7495938e-07
0.00012279932
9.2850061e-07
0.00012319151
8.5787528e-07
0.0001235568
8.038704e-07
0.00012387458
7.0264293e-07
0.00012416127
6.3544579e-07
0.0001243765
4.7802596e-07
0.00012455531
3.9139334e-07
0.00012461898
1.3489416e-07
0.00012464345
2.7129625e-08
0.00012446345
-4.1247212e-07
0.0001242434
-5.4354637e-07
0.00012366612
-1.2843806e-06
0.00012307745
-1.3865387e-06
0.00012184738
-2.6451719e-06
0.00012071551
-2.5460051e-06
0.00011842089
-4.6989134e-06
0.00011658724
-3.8672216e-06
0.00011259735
-7.6884775e-06
0.00011022084
-4.5715644e-06
-1.2126969e-05
0.0001034722
0.00010013809
1.2786365e-07
0.0001005471
3.7918888e-07
0.00010120398
6.1186924e-07
0.0001020604
8.0501803e-07
0.0001030573
9.4760693e-07
0.00010414093
1.0401404e-06
0.00010526951
1.0913457e-06
0.00010641155
1.1108818e-06
0.00010754296
1.1063723e-06
0.00010864598
1.0838771e-06
0.00010970905
1.0490111e-06
0.00011072594
1.0068304e-06
0.00011169444
9.6144691e-07
0.0001126148
9.1558202e-07
0.00011348894
8.710719e-07
0.00011431947
8.2878507e-07
0.00011510963
7.8945163e-07
0.00011586247
7.5299664e-07
0.00011658126
7.1973386e-07
0.00011726848
6.8892415e-07
0.00011792694
6.6094929e-07
0.00011855809
6.3441247e-07
0.00011916429
6.1029765e-07
0.00011974552
5.8613578e-07
0.00012030404
5.642523e-07
0.00012083765
5.400983e-07
0.00012134911
5.1866742e-07
0.00012183273
4.9132374e-07
0.0001222929
4.6830937e-07
0.0001227178
4.3297995e-07
0.00012311575
4.0591715e-07
0.00012346358
3.5484981e-07
0.00012377838
3.2066361e-07
0.00012401557
2.4082381e-07
0.00012421098
1.9595472e-07
0.00012428009
6.5754863e-08
0.00012429855
8.6726779e-09
0.00012409927
-2.131534e-07
0.00012383994
-2.8417067e-07
0.00012321095
-6.5537245e-07
0.00012253905
-7.1466049e-07
0.00012123261
-1.3387741e-06
0.00011998483
-1.2982566e-06
0.00011764043
-2.3545199e-06
0.00011571967
-1.9464348e-06
0.00011183718
-3.8059732e-06
0.00010952293
-2.2573003e-06
-5.9120652e-06
0.00010330802
0.00010012786
7.5788725e-14
0.00010050705
9.6394856e-14
0.00010111892
1.0399252e-13
0.00010192394
4.9840008e-14
0.00010287155
4.8854406e-14
0.00010391169
-5.7252479e-15
0.00010500303
3.6147149e-14
0.00010611391
1.6035491e-14
0.00010722029
3.19533e-14
0.00010830416
1.2437646e-13
0.00010935317
-1.0475391e-14
0.00011036001
3.6060825e-13
0.00011132145
-4.5113638e-14
0.00011223703
6.6494535e-13
0.0001131081
2.494668e-13
0.00011393689
8.7870161e-13
0.00011472634
1.0988494e-12
0.00011547933
5.3391859e-13
0.00011619907
1.8701378e-12
0.00011688799
-2.3570791e-13
0.00011754894
1.7215735e-12
0.00011818335
-5.1272009e-13
0.00011879365
1.8374645e-12
0.00011937979
7.1069027e-13
0.00011994405
2.1043141e-12
0.00012048414
1.1905102e-12
0.00012100281
-3.1886079e-13
0.00012149411
-4.0659084e-12
0.00012196242
-4.0546595e-12
0.00012239539
-7.417285e-12
0.00012280133
3.0278454e-13
0.0001231562
2.8588641e-12
0.00012347687
2.2317482e-12
0.00012371769
-1.7985177e-12
0.00012391362
-6.2342033e-12
0.00012397936
-3.4210005e-12
0.00012398804
-1.7624787e-12
0.0001237749
1.4402801e-13
0.00012349075
-2.9108338e-12
0.00012283539
-1.173768e-11
0.00012212073
-1.8951258e-11
0.00012078196
-1.7693871e-11
0.00011948373
-8.0859112e-12
0.00011712922
2.931149e-12
0.0001151828
8.9792804e-12
0.00011137683
9.8596276e-12
0.00010911952
3.3692461e-12
1.0972076e-12
0.00010320745
0.00010012786
-1.2786352e-07
0.00010050705
-3.7918866e-07
0.00010111892
-6.1186908e-07
0.00010192394
-8.0501788e-07
0.00010287155
-9.476069e-07
0.00010391169
-1.0401403e-06
0.00010500303
-1.0913457e-06
0.00010611391
-1.1108818e-06
0.00010722029
-1.1063722e-06
0.00010830416
-1.0838771e-06
0.00010935317
-1.0490106e-06
0.00011036
-1.0068309e-06
0.00011132145
-9.6144547e-07
0.00011223703
-9.1558299e-07
0.00011310811
-8.7106936e-07
0.00011393689
-8.2878527e-07
0.00011472634
-7.8944951e-07
0.00011547934
-7.5299366e-07
0.00011619907
-7.1973528e-07
0.00011688799
-6.8891738e-07
0.00011754894
-6.6095453e-07
0.00011818335
-6.3440531e-07
0.00011879365
-6.1030089e-07
0.00011937979
-5.8613026e-07
0.00011994405
-5.6424986e-07
0.00012048415
-5.4009539e-07
0.0001210028
-5.1866842e-07
0.00012149411
-4.9132674e-07
0.00012196241
-4.683245e-07
0.0001223954
-4.3298414e-07
0.00012280133
-4.0592493e-07
0.0001231562
-3.5484321e-07
0.00012347687
-3.2065804e-07
0.00012371768
-2.4082918e-07
0.00012391362
-1.9595722e-07
0.00012397937
-6.5766846e-08
0.00012398805
-8.6859837e-09
0.00012377491
2.1314585e-07
0.00012349074
2.8416784e-07
0.00012283537
6.5536657e-07
0.00012212071
7.1464978e-07
0.00012078195
1.338763e-06
0.00011948373
1.29825e-06
0.00011712924
2.3545236e-06
0.00011518282
1.9464432e-06
0.00011137684
3.8059826e-06
0.00010911953
2.2573033e-06
5.912069e-06
0.00010320745
0.00010013809
-2.6594905e-07
0.0001005471
-7.882003e-07
0.00010120398
-1.2687504e-06
0.0001020604
-1.6614361e-06
0.0001030573
-1.9445147e-06
0.00010414093
-2.1237626e-06
0.00010526951
-2.2199292e-06
0.00010641155
-2.2529251e-06
0.00010754296
-2.2377778e-06
0.00010864598
-2.1868966e-06
0.00010970905
-2.1120831e-06
0.00011072594
-2.0237219e-06
0.00011169444
-1.9299415e-06
0.0001126148
-1.8359456e-06
0.00011348894
-1.7452075e-06
0.00011431947
-1.6593149e-06
0.00011510963
-1.5796132e-06
0.00011586247
-1.5058299e-06
0.00011658126
-1.4385263e-06
0.00011726847
-1.3761349e-06
0.00011792695
-1.3194247e-06
0.00011855808
-1.2655453e-06
0.0001191643
-1.2165056e-06
0.00011974552
-1.1673511e-06
0.00012030404
-1.1227646e-06
0.00012083765
-1.0737077e-06
0.00012134911
-1.0301327e-06
0.00012183272
-9.749664e-07
0.0001222929
-9.2850369e-07
0.0001227178
-8.5789045e-07
0.00012311577
-8.038687e-07
0.00012346359
-7.0264302e-07
0.00012377837
-6.3544422e-07
0.00012401556
-4.780062e-07
0.00012421097
-3.9140753e-07
0.0001242801
-1.3492198e-07
0.00012429857
-2.7149857e-08
0.00012409928
4.1246698e-07
0.00012383992
5.4356304e-07
0.00012321091
1.2844168e-06
0.00012253901
1.3865777e-06
0.00012123259
2.6451987e-06
0.00011998484
2.5460122e-06
0.00011764046
4.6989061e-06
0.00011571968
3.8672091e-06
0.00011183719
7.6884693e-06
0.00010952293
4.5715614e-06
1.2126974e-05
0.00010330802
0.00010016099
-4.2694087e-07
0.00010063695
-1.26416e-06
0.00010139308
-2.0248792e-06
0.00010235915
-2.627506e-06
0.00010345861
-3.0439717e-06
0.00010463207
-3.2972274e-06
0.00010583768
-3.4255409e-06
0.0001070439
-3.4591414e-06
0.00010822619
-3.420068e-06
0.00010936737
-3.3280785e-06
0.00011045766
-3.2023681e-06
0.00011149295
-3.0590163e-06
0.00011247287
-2.909856e-06
0.00011339902
-2.7621057e-06
0.00011427435
-2.6205282e-06
0.0001151022
-2.48717e-06
0.00011588637
-2.3637782e-06
0.00011663021
-2.249672e-06
0.00011733722
-2.1455427e-06
0.00011800996
-2.0488624e-06
0.00011865132
-1.960801e-06
0.00011926277
-1.8769827e-06
0.00011984677
-1.8005074e-06
0.00012040338
-1.7239591e-06
0.00012093499
-1.6543653e-06
0.00012143972
-1.5784403e-06
0.00012192041
-1.5108433e-06
0.00012237216
-1.4267127e-06
0.00012279931
-1.3556806e-06
0.00012319152
-1.2500718e-06
0.00012355682
-1.1691682e-06
0.00012387458
-1.0204031e-06
0.00012416129
-9.2208743e-07
0.00012437649
-6.9327411e-07
0.00012455528
-5.7022927e-07
0.00012461897
-1.9858592e-07
0.00012464346
-5.1601591e-08
0.00012446346
5.9252848e-07
0.00012424341
7.6366626e-07
0.00012366612
1.8617169e-06
0.00012307744
1.9752357e-06
0.00012184737
3.8752242e-06
0.00012071551
3.6778423e-06
0.0001184209
6.9934973e-06
0.00011658723
5.7008674e-06
0.00011259734
1.1678369e-05
0.00011022082
6.9480865e-06
1.8875604e-05
0.00010347219
0.00010020251
-6.2944764e-07
0.00010080025
-1.8619051e-06
0.00010173095
-2.9555766e-06
0.00010287872
-3.7752753e-06
0.00010414229
-4.3075432e-06
0.0001054585
-4.61344e-06
0.00010678585
-4.7528844e-06
0.00010809095
-4.7642484e-06
0.00010934776
-4.6768794e-06
0.00011054023
-4.5205422e-06
0.00011166157
-4.323714e-06
0.00011271093
-4.1083676e-06
0.00011369051
-3.889443e-06
0.00011460402
-3.6756078e-06
0.00011545603
-3.4725457e-06
0.0001162513
-3.2824402e-06
0.00011699467
-3.1071452e-06
0.00011769033
-2.9453328e-06
0.0001183424
-2.7976081e-06
0.00011895398
-2.660454e-06
0.00011952846
-2.5352685e-06
0.00012006779
-2.4163184e-06
0.00012057485
-2.3075675e-06
0.00012105039
-2.1994978e-06
0.00012149714
-2.1011113e-06
0.00012191426
-1.9955599e-06
0.00012230483
-1.9014173e-06
0.00012266561
-1.7875195e-06
0.00012300087
-1.6909294e-06
0.00012330326
-1.5524637e-06
0.00012357974
-1.4456373e-06
0.00012381533
-1.2559387e-06
0.00012402319
-1.1299939e-06
0.00012417314
-8.4322801e-07
0.00012429354
-6.9063659e-07
0.00012432442
-2.2940002e-07
0.0001243298
-5.6923335e-08
0.00012416461
7.5771986e-07
0.0001239833
9.4495081e-07
0.00012348941
2.3555741e-06
0.00012302289
2.4417062e-06
0.00012194373
4.9543497e-06
0.00012102172
4.5998207e-06
0.00011888877
9.126441e-06
0.00011728366
7.3059885e-06
0.00011327221
1.5689832e-05
0.00011094731
9.2729899e-06
2.6216366e-05
0.00010360655
0.00010027614
-9.0558566e-07
0.00010108689
-2.6726549e-06
0.00010230403
-4.172719e-06
0.00010372508
-5.1963236e-06
0.0001052263
-5.8087681e-06
0.00010674526
-6.1323985e-06
0.00010823723
-6.244855e-06
0.00010966162
-6.1886318e-06
0.00011098967
-6.0049378e-06
0.00011220863
-5.7394982e-06
0.00011331745
-5.4325349e-06
0.00011432091
-5.1118276e-06
0.0001152261
-4.7946291e-06
0.00011604108
-4.4905866e-06
0.00011677431
-4.2057815e-06
0.00011743393
-3.9420618e-06
0.00011802751
-3.7007185e-06
0.00011856162
-3.4794468e-06
0.00011904228
-3.2782677e-06
0.00011947445
-3.092626e-06
0.00011986288
-2.9237016e-06
0.0001202112
-2.7646305e-06
0.00012052329
-2.6196625e-06
0.00012080161
-2.4778135e-06
0.00012104958
-2.349081e-06
0.00012126843
-2.2144109e-06
0.00012146149
-2.0944957e-06
0.00012162851
-1.9545319e-06
0.00012177319
-1.8356182e-06
0.00012189302
-1.6722825e-06
0.00012199288
-1.5454645e-06
0.00012206638
-1.3294721e-06
0.00012212114
-1.1846915e-06
0.00012214324
-8.6539107e-07
0.00012214675
-6.9418921e-07
0.00012210307
-1.8556715e-07
0.00012205481
-8.9721682e-09
0.00012190064
9.1178253e-07
0.00012175216
1.0933763e-06
0.00012139853
2.7092095e-06
0.00012109736
2.742885e-06
0.00012030948
5.7422336e-06
0.00011972367
5.1856295e-06
0.00011798843
1.0861691e-05
0.00011686434
8.4300863e-06
0.00011314329
1.9410891e-05
0.00011119329
1.1222997e-05
3.3874199e-05
0.00010353545
0.00010041953
-1.3251154e-06
0.00010161074
-3.8638696e-06
0.00010327269
-5.834664e-06
0.00010507291
-6.99654e-06
0.00010687723
-7.6130952e-06
0.00010862498
-7.8801466e-06
0.00011025518
-7.8750554e-06
0.00011171547
-7.6489185e-06
0.0001129816
-7.271067e-06
0.00011405493
-6.8128267e-06
0.00011494959
-6.3272025e-06
0.0001156843
-5.8465335e-06
0.00011627837
-5.3887038e-06
0.0001167508
-4.9630154e-06
0.0001171192
-4.5741814e-06
0.00011739919
-4.2220489e-06
0.00011760412
-3.9056511e-06
0.0001177454
-3.6207217e-06
0.00011783255
-3.3654243e-06
0.00011787379
-3.1338672e-06
0.00011787593
-2.9258428e-06
0.00011784502
-2.7337183e-06
0.000117786
-2.5606312e-06
0.00011770348
-2.395299e-06
0.0001176011
-2.2466955e-06
0.00011748259
-2.095917e-06
0.00011735064
-1.9625431e-06
0.00011720856
-1.8124619e-06
0.00011705828
-1.6853235e-06
0.00011690316
-1.517154e-06
0.00011674433
-1.3866307e-06
0.00011658591
-1.1710281e-06
0.00011642778
-1.0266024e-06
0.00011627588
-7.1346156e-07
0.00011612827
-5.4658271e-07
0.00011600043
-5.7883908e-08
0.00011586218
1.2958907e-07
0.00011575293
1.0211154e-06
0.00011565443
1.1919263e-06
0.00011553937
2.8242768e-06
0.00011546404
2.8182002e-06
0.00011520289
6.0033776e-06
0.00011509616
5.2923615e-06
0.00011419697
1.1760889e-05
0.00011386721
8.7598487e-06
0.00011108928
2.218883e-05
0.00011010007
1.2212209e-05
4.0955218e-05
0.00010301905
0.00010075216
-2.077279e-06
0.00010263042
-5.7421254e-06
0.00010489575
-8.0999915e-06
0.00010707662
-9.1774087e-06
0.00010906279
-9.5992679e-06
0.00011079248
-9.6098366e-06
0.00011218983
-9.2724087e-06
0.00011322256
-8.6816513e-06
0.00011391099
-7.9594921e-06
0.00011430231
-7.2041498e-06
0.0001144477
-6.4725861e-06
0.00011439478
-5.7936166e-06
0.00011418682
-5.1807394e-06
0.00011386138
-4.6375764e-06
0.00011344933
-4.1621302e-06
0.00011297535
-3.7480716e-06
0.00011245855
-3.388849e-06
0.00011191395
-3.0761244e-06
0.00011135268
-2.8041571e-06
0.00011078377
-2.5649535e-06
0.00011021339
-2.355467e-06
0.00010964727
-2.167592e-06
0.00010908851
-2.0018705e-06
0.00010854134
-1.8481342e-06
0.0001080068
-1.7121552e-06
0.00010748904
-1.5781699e-06
0.00010698739
-1.4608867e-06
0.00010650737
-1.332443e-06
0.00010604642
-1.224363e-06
0.00010561331
-1.0840427e-06
0.00010520277
-9.7607964e-07
0.00010482957
-7.9782419e-07
0.00010448387
-6.8092011e-07
0.00010419196
-4.2152152e-07
0.00010393561
-2.9025843e-07
0.00010375156
1.2607721e-07
0.00010360625
2.7487492e-07
0.00010360051
1.0269055e-06
0.00010363101
1.1614839e-06
0.0001038728
2.5825035e-06
0.00010412649
2.5645057e-06
0.00010467071
5.4591468e-06
0.00010517046
4.7926036e-06
0.00010578661
1.1144739e-05
0.00010644495
8.1015179e-06
0.00010587811
2.2755667e-05
0.00010639526
1.1695057e-05
4.5606421e-05
0.00010174406
0.00010160729
-3.6845684e-06
0.00010448552
-8.6203519e-06
0.00010698134
-1.0595812e-05
0.00010878932
-1.0985396e-05
0.00010996237
-1.0772316e-05
0.00011048834
-1.0135801e-05
0.00011039153
-9.1755991e-06
0.00010977408
-8.0642045e-06
0.00010877088
-6.9562946e-06
0.00010750448
-5.9377505e-06
0.00010607317
-5.0412734e-06
0.00010455476
-4.2752037e-06
0.00010300914
-3.635121e-06
0.00010147976
-3.108197e-06
9.9995571e-05
-2.6779408e-06
9.8574358e-05
-2.3268598e-06
9.722569e-05
-2.0401811e-06
9.5953835e-05
-1.8042698e-06
9.475873e-05
-1.6090527e-06
9.363871e-05
-1.4449324e-06
9.2589758e-05
-1.3065144e-06
9.1608681e-05
-1.1865143e-06
9.0690216e-05
-1.0834062e-06
8.9832012e-05
-9.8993364e-07
8.9028449e-05
-9.0859524e-07
8.8279609e-05
-8.29331e-07
8.7579285e-05
-7.6056155e-07
8.6931776e-05
-6.8492926e-07
8.6329179e-05
-6.2176032e-07
8.5782996e-05
-5.3785449e-07
8.52814e-05
-4.7448095e-07
8.4847915e-05
-3.6433975e-07
8.4462019e-05
-2.950086e-07
8.4168122e-05
-1.2762298e-07
8.3926731e-05
-4.8893115e-08
8.3822336e-05
2.3045028e-07
8.3786123e-05
3.1107822e-07
8.397645e-05
8.3657041e-07
8.4251592e-05
8.8634417e-07
8.4905128e-05
1.9289665e-06
8.5634254e-05
1.8353772e-06
8.705844e-05
4.0349569e-06
8.8360903e-05
3.4901395e-06
9.100788e-05
8.4977623e-06
9.2808506e-05
6.3008914e-06
9.626e-05
1.930417e-05
9.8339948e-05
9.615108e-06
4.3868053e-05
0.00010007832
0.00010311327
-6.7978391e-06
0.00010499149
-1.0498567e-05
0.00010466802
-1.0272344e-05
0.00010304668
-9.364057e-06
0.00010050643
-8.2320628e-06
9.7288667e-05
-6.9180415e-06
9.3691596e-05
-5.5785283e-06
8.9988905e-05
-4.3615142e-06
8.6379076e-05
-3.3464656e-06
8.298755e-05
-2.5462241e-06
7.987965e-05
-1.9333732e-06
7.708333e-05
-1.4788835e-06
7.4598306e-05
-1.1500968e-06
7.240559e-05
-9.1548072e-07
7.0476081e-05
-7.4843226e-07
6.8777462e-05
-6.2824117e-07
6.7277418e-05
-5.4013754e-07
6.5946667e-05
-4.7351876e-07
6.4759246e-05
-4.2163194e-07
6.369376e-05
-3.7944505e-07
6.2731734e-05
-3.4448842e-07
6.1859213e-05
-3.139942e-07
6.1063505e-05
-2.8769989e-07
6.0336645e-05
-2.63076e-07
5.9669579e-05
-2.415295e-07
5.9059532e-05
-2.192838e-07
5.8499084e-05
-2.0011108e-07
5.7991188e-05
-1.7702917e-07
5.7527833e-05
-1.5840153e-07
5.712033e-05
-1.303459e-07
5.6757257e-05
-1.1140208e-07
5.6464327e-05
-7.1404313e-08
5.6218808e-05
-4.9487612e-08
5.6072003e-05
1.9174335e-08
5.5981568e-05
4.152872e-08
5.60533e-05
1.5871349e-07
5.6188112e-05
1.7625988e-07
5.6610852e-05
4.1381831e-07
5.7104e-05
3.9318233e-07
5.8121806e-05
9.1114961e-07
5.9213983e-05
7.4319388e-07
6.1267867e-05
1.9810707e-06
6.3419315e-05
1.3386907e-06
6.7422174e-05
4.4949009e-06
7.1129454e-05
2.5936107e-06
7.9702974e-05
1.0730647e-05
8.333725e-05
5.980833e-06
2.9695117e-05
9.7510186e-05
9.3202161e-05
8.2703594e-05
7.2431249e-05
6.3067192e-05
5.483513e-05
4.7917088e-05
4.233856e-05
3.7977046e-05
3.463058e-05
3.2084356e-05
3.0150983e-05
2.8672099e-05
2.7522002e-05
2.6606521e-05
2.5858089e-05
2.5229848e-05
2.468971e-05
2.4216192e-05
2.379456e-05
2.3415115e-05
2.3070626e-05
2.2756631e-05
2.2468931e-05
2.2205854e-05
2.1964325e-05
2.1745043e-05
2.1544933e-05
2.1367906e-05
2.1209508e-05
2.1079164e-05
2.0967764e-05
2.089636e-05
2.0846868e-05
2.0866035e-05
2.090756e-05
2.1066271e-05
2.1242525e-05
2.1656335e-05
2.204951e-05
2.2960654e-05
2.3703846e-05
2.5684915e-05
2.7023605e-05
3.1518505e-05
3.4112115e-05
4.4842759e-05
5.0823595e-05
8.0518706e-05
8.939025e-05
-8.8715453e-06
9.1812433e-05
-2.4221766e-06
9.2393307e-05
-5.8087074e-07
9.2480484e-05
-8.7179383e-08
2.1085771e-06
9.0371904e-05
9.8055783e-05
-9.4171426e-06
9.8313259e-05
-2.6796505e-06
9.8525279e-05
-7.9289074e-07
9.8450314e-05
-1.2216321e-08
1.0467679e-06
9.9512122e-05
9.9520467e-05
-8.859289e-06
9.9389399e-05
-2.5485857e-06
9.9489966e-05
-8.9346161e-07
9.9586193e-05
-1.0844308e-07
4.1124997e-07
0.00010022171
0.00010067099
-7.7862217e-06
0.00010033678
-2.2143764e-06
0.00010027869
-8.35374e-07
0.00010034754
-1.7728848e-07
2.0308262e-07
0.0001005557
0.00010150005
-6.2672291e-06
0.00010102376
-1.7380947e-06
0.00010086864
-6.8024517e-07
0.0001008727
-1.8135277e-07
1.1927486e-07
0.00010095651
0.00010196377
-4.6955534e-06
0.00010148161
-1.2559367e-06
0.00010129892
-4.9755269e-07
0.00010126408
-1.4650782e-07
7.9044144e-08
0.00010130431
0.00010217547
-3.2644763e-06
0.00010175576
-8.3621919e-07
0.00010158802
-3.2981094e-07
0.00010154198
-1.0047035e-07
5.414055e-08
0.00010156688
0.00010224139
-2.0336734e-06
0.00010190452
-4.9935148e-07
0.0001017689
-1.9418983e-07
0.00010172745
-5.9011322e-08
3.486921e-08
0.00010174672
0.00010224532
-9.7098065e-07
0.00010197699
-2.3101622e-07
0.00010187131
-8.850491e-08
0.00010183875
-2.6456225e-08
1.7296025e-08
0.00010185632
0.00010223647
-6.425423e-13
0.00010200545
2.4520451e-14
0.00010191695
5.6459069e-14
0.0001018905
-2.5816856e-13
-2.8916064e-13
0.00010190779
0.00010223647
9.7098079e-07
0.00010200545
2.3101641e-07
0.00010191695
8.8504613e-08
0.00010189049
2.6455417e-08
-1.7296654e-08
0.00010190779
0.00010224532
2.0336756e-06
0.00010197699
4.9935153e-07
0.0001018713
1.9418862e-07
0.00010183875
5.9010075e-08
-3.4869851e-08
0.00010185632
0.00010224139
3.2644774e-06
0.00010190452
8.3621849e-07
0.0001017689
3.2980976e-07
0.00010172745
1.0046948e-07
-5.4140934e-08
0.00010174672
0.00010217547
4.6955519e-06
0.00010175575
1.2559354e-06
0.00010158802
4.9755207e-07
0.00010154198
1.4650789e-07
-7.9044054e-08
0.00010156688
0.00010196377
6.2672278e-06
0.00010148161
1.7380938e-06
0.00010129892
6.8024501e-07
0.00010126408
1.8135309e-07
-1.1927468e-07
0.00010130431
0.00010150005
7.7862228e-06
0.00010102376
2.2143771e-06
0.00010086864
8.3537422e-07
0.0001008727
1.7728834e-07
-2.030828e-07
0.00010095651
0.00010067099
8.8592916e-06
0.00010033678
2.5485882e-06
0.00010027869
8.9346278e-07
0.00010034754
1.0844278e-07
-4.1125047e-07
0.00010055571
9.9520465e-05
9.4171447e-06
9.9389397e-05
2.6796538e-06
9.9489965e-05
7.9289287e-07
9.9586193e-05
1.2216438e-08
-1.0467685e-06
0.00010022171
9.8055783e-05
8.8715461e-06
9.8313256e-05
2.4221786e-06
9.8525276e-05
5.8087239e-07
9.8450313e-05
8.7179563e-08
-2.1085774e-06
9.9512123e-05
8.9390251e-05
9.181243e-05
9.2393303e-05
9.2480482e-05
9.0371905e-05
7.9173733e-05
1.119817e-05
6.7410769e-05
1.1762964e-05
5.7902875e-05
9.5078933e-06
5.108638e-05
6.8164955e-06
4.5622776e-05
5.463604e-06
4.0908593e-05
4.7141833e-06
3.6959817e-05
3.9487759e-06
3.3857885e-05
3.1019316e-06
3.1506197e-05
2.3516872e-06
2.9735581e-05
1.7706155e-06
2.8377162e-05
1.3584195e-06
2.7304091e-05
1.0730706e-06
2.6432861e-05
8.7122964e-07
2.5708707e-05
7.2415382e-07
2.5093661e-05
6.150457e-07
2.4560547e-05
5.3311351e-07
2.4090091e-05
4.7045592e-07
2.3668874e-05
4.2121682e-07
2.3287563e-05
3.8131118e-07
2.2939501e-05
3.4806123e-07
2.2619736e-05
3.1976486e-07
2.2324416e-05
2.9531994e-07
2.205044e-05
2.7397561e-07
2.1795258e-05
2.551824e-07
2.1556736e-05
2.3852229e-07
2.1333074e-05
2.2366156e-07
2.1122738e-05
2.1033597e-07
2.0924414e-05
1.9832428e-07
2.0736964e-05
1.8745032e-07
2.0559403e-05
1.7755971e-07
2.0390872e-05
1.6853192e-07
2.0230613e-05
1.602576e-07
2.0077963e-05
1.5265244e-07
1.9932316e-05
1.4564414e-07
1.9793155e-05
1.3916383e-07
1.9659967e-05
1.3318584e-07
1.953235e-05
1.27619e-07
1.9409818e-05
1.2253211e-07
1.9292094e-05
1.1772401e-07
1.9178596e-05
1.1349849e-07
1.9069274e-05
1.0932119e-07
1.8963147e-05
1.0612716e-07
1.886071e-05
1.0243607e-07
1.8759714e-05
1.0099609e-07
1.8662116e-05
9.7597815e-08
1.856159e-05
1.005267e-07
1.8464946e-05
9.6644039e-08
1.1770702e-07
0.00010277581
7.9344805e-06
0.00010360244
1.0936334e-05
0.00010189101
1.1219323e-05
9.8698895e-05
1.000861e-05
9.5288806e-05
8.8736925e-06
9.189498e-05
8.1080091e-06
8.8447452e-05
7.396304e-06
8.501806e-05
6.5313229e-06
8.1774855e-05
5.5948923e-06
7.8814873e-05
4.7305972e-06
7.6162274e-05
4.0110176e-06
7.3803439e-05
3.4319055e-06
7.1713525e-05
2.9611436e-06
6.9865397e-05
2.5722815e-06
6.8230547e-05
2.2498954e-06
6.6780284e-05
1.9833759e-06
6.548769e-05
1.7630495e-06
6.4328941e-05
1.5799657e-06
6.3283785e-05
1.4264665e-06
6.2335365e-05
1.296481e-06
6.1469747e-05
1.1853819e-06
6.0675431e-05
1.0896362e-06
5.9942904e-05
1.0065016e-06
5.9264288e-05
9.337986e-07
5.8633021e-05
8.697888e-07
5.8043621e-05
8.1306164e-07
5.7491465e-05
7.6249086e-07
5.6972645e-05
7.1714451e-07
5.6483812e-05
6.7628291e-07
5.6022101e-05
6.3927076e-07
5.5585017e-05
6.0561438e-07
5.5170408e-05
5.7486788e-07
5.4776359e-05
5.4669929e-07
5.440121e-05
5.207935e-07
5.4043454e-05
4.9691825e-07
5.370177e-05
4.7487089e-07
5.3374937e-05
4.5445142e-07
5.3061858e-05
4.3561169e-07
5.2761524e-05
4.1805919e-07
5.2472942e-05
4.020792e-07
5.2195279e-05
3.8698425e-07
5.1927502e-05
3.7390259e-07
5.1668923e-05
3.6101331e-07
5.1418336e-05
3.5158271e-07
5.1174967e-05
3.4096532e-07
5.0937885e-05
3.3760823e-07
5.0703776e-05
3.3075639e-07
3.3937809e-07
0.00010339647
4.7597198e-06
0.00010666683
7.6659756e-06
0.00010882819
9.0579578e-06
0.00010966829
9.1685153e-06
0.00010973127
8.8107111e-06
0.00010941277
8.4265093e-06
0.00010877768
8.0313929e-06
0.00010780599
7.5030188e-06
0.00010656004
6.8408393e-06
0.00010514574
6.1448902e-06
0.00010365656
5.5002043e-06
0.00010215331
4.9351485e-06
0.00010067167
4.4427919e-06
9.9234198e-05
4.0097487e-06
9.7856217e-05
3.6278759e-06
9.6546868e-05
3.2927252e-06
9.5309912e-05
3.0000051e-06
9.4145318e-05
2.7445585e-06
9.3050779e-05
2.5210054e-06
9.2022763e-05
2.3244968e-06
9.1057136e-05
2.1510084e-06
9.0149537e-05
1.9972343e-06
8.9295605e-05
1.8604339e-06
8.8491138e-05
1.7382644e-06
8.7732177e-05
1.6287497e-06
8.7015062e-05
1.530176e-06
8.6336425e-05
1.441128e-06
8.5693214e-05
1.3603547e-06
8.5082633e-05
1.2868633e-06
8.4502187e-05
1.2197161e-06
8.3949568e-05
1.1582339e-06
8.3422755e-05
1.1016795e-06
8.2919827e-05
1.0496282e-06
8.2439164e-05
1.0014534e-06
8.1979124e-05
9.5695945e-07
8.1538442e-05
9.1555125e-07
8.1115624e-05
8.7726883e-07
8.0709769e-05
8.4146827e-07
8.0319351e-05
8.0847548e-07
7.9943939e-05
7.7749318e-07
7.958165e-05
7.492718e-07
7.9232888e-05
7.22663e-07
7.8894686e-05
6.9921456e-07
7.8569361e-05
6.7690502e-07
7.825116e-05
6.591648e-07
7.7947294e-05
6.4147026e-07
7.7646272e-05
6.3178485e-07
6.1826657e-07
0.00010230813
3.0072933e-06
0.00010470838
5.2657258e-06
0.00010714729
6.61905e-06
0.00010911506
7.2007449e-06
0.000110597
7.3287665e-06
0.00011176543
7.258079e-06
0.00011269603
7.1007961e-06
0.00011335697
6.8420774e-06
0.00011372866
6.46915e-06
0.00011384684
6.0267092e-06
0.00011377137
5.5756719e-06
0.00011355435
5.1521665e-06
0.0001132319
4.7652512e-06
0.00011282957
4.4120759e-06
0.00011236812
4.0893207e-06
0.00011186512
3.7957285e-06
0.00011133471
3.5304145e-06
0.00011078772
3.2915485e-06
0.00011023225
3.0764764e-06
0.00010967438
2.8823619e-06
0.00010911873
2.7066626e-06
0.00010856877
2.547195e-06
0.00010802708
2.4021161e-06
0.00010749557
2.2697736e-06
0.00010697557
2.1487571e-06
0.00010646799
2.0377543e-06
0.0001059734
1.9357139e-06
0.00010549216
1.8415918e-06
0.00010502437
1.7546555e-06
0.00010457006
1.6740297e-06
0.00010412902
1.5992704e-06
0.00010370114
1.5295585e-06
0.000103286
1.4647644e-06
0.00010288347
1.4039844e-06
0.00010249292
1.3475073e-06
0.00010211435
1.294127e-06
0.00010174682
1.2447924e-06
0.00010139068
1.1976116e-06
0.00010104446
1.1546925e-06
0.00010070921
1.1127454e-06
0.00010038245
1.0760354e-06
0.00010006662
1.0384854e-06
9.9757323e-05
1.0085148e-06
9.9459715e-05
9.7451078e-07
9.9166048e-05
9.5282873e-07
9.888628e-05
9.2123239e-07
9.8608064e-05
9.1000646e-07
8.7983198e-07
0.00010194621
2.0175902e-06
0.00010353611
3.6758242e-06
0.00010537899
4.7761716e-06
0.00010716808
5.4116571e-06
0.00010878707
5.7097781e-06
0.00011025238
5.7927717e-06
0.00011159647
5.7567051e-06
0.00011280307
5.6354721e-06
0.00011383898
5.4332371e-06
0.00011469648
5.1692126e-06
0.00011539482
4.8773278e-06
0.00011596041
4.5865796e-06
0.00011641445
4.3112076e-06
0.00011677225
4.0542813e-06
0.00011704628
3.8152859e-06
0.0001172481
3.5939138e-06
0.00011738829
3.3902193e-06
0.00011747608
3.203756e-06
0.00011751921
3.0333518e-06
0.00011752416
2.8774085e-06
0.00011749648
2.7343439e-06
0.00011744096
2.6027161e-06
0.00011736175
2.4813269e-06
0.00011726246
2.3690576e-06
0.00011714622
2.2650021e-06
0.00011701574
2.1682292e-06
0.00011687337
2.0780907e-06
0.00011672117
1.9937871e-06
0.00011656088
1.9149425e-06
0.00011639412
1.8407923e-06
0.00011622212
1.7712687e-06
0.00011604619
1.7054925e-06
0.00011586713
1.6438196e-06
0.00011568609
1.5850284e-06
0.00011550345
1.5301498e-06
0.00011532034
1.4772306e-06
0.00011513666
1.4284699e-06
0.00011495379
1.3804847e-06
0.00011477091
1.3375721e-06
0.00011458999
1.2936598e-06
0.0001144092
1.2568367e-06
0.00011423157
1.2161127e-06
0.00011405379
1.1862948e-06
0.00011388056
1.1477372e-06
0.00011370682
1.1265675e-06
0.00011353912
1.088925e-06
0.0001133709
1.0782337e-06
1.0418316e-06
0.00010194069
1.3812082e-06
0.0001030501
2.5664153e-06
0.00010440804
3.4182255e-06
0.00010584745
3.9722461e-06
0.00010726908
4.2881535e-06
0.00010863836
4.4234905e-06
0.00010995383
4.4412369e-06
0.00011120563
4.3836694e-06
0.00011237094
4.2679253e-06
0.00011343381
4.1063423e-06
0.0001143941
3.917042e-06
0.0001152613
3.7193765e-06
0.00011604596
3.5265442e-06
0.00011675611
3.3441356e-06
0.00011739802
3.1733766e-06
0.00011797757
3.0143581e-06
0.00011850062
2.8671755e-06
0.00011897265
2.7317204e-06
0.00011939857
2.6074356e-06
0.00011978263
2.4933483e-06
0.00012012858
2.3883864e-06
0.00012043981
2.2914859e-06
0.00012071937
2.2017758e-06
0.00012097002
2.1184043e-06
0.00012119428
2.0407428e-06
0.00012139445
1.9680602e-06
0.00012157258
1.8999542e-06
0.00012173062
1.8357493e-06
0.00012187025
1.7753107e-06
0.00012199313
1.7179153e-06
0.00012210063
1.6637724e-06
0.00012219419
1.6119322e-06
0.00012227489
1.5631195e-06
0.00012234404
1.5158694e-06
0.00012240243
1.4717603e-06
0.00012245134
1.4283239e-06
0.0001224912
1.3886114e-06
0.00012252337
1.3483134e-06
0.0001225479
1.3130362e-06
0.00012256634
1.2752239e-06
0.00012257833
1.2448409e-06
0.00012258563
1.2088174e-06
0.00012258764
1.184283e-06
0.00012258609
1.149287e-06
0.00012258068
1.1319773e-06
0.00012257224
1.0973669e-06
0.00012256177
1.0887038e-06
1.055826e-06
0.0001020211
9.2698551e-07
0.00010284487
1.7426493e-06
0.00010390072
2.3623731e-06
0.00010508101
2.7919519e-06
0.0001063097
3.0594626e-06
0.00010753981
3.1933819e-06
0.00010875007
3.2309756e-06
0.00010992764
3.2061044e-06
0.00011105738
3.138179e-06
0.00011212602
3.0377094e-06
0.00011312794
2.91512e-06
0.00011406493
2.7823869e-06
0.00011494191
2.649567e-06
0.00011576364
2.5223977e-06
0.00011653404
2.4029756e-06
0.00011725666
2.2917399e-06
0.00011793506
2.1887749e-06
0.00011857274
2.0940397e-06
0.00011917292
2.0072568e-06
0.00011973844
1.9278251e-06
0.00012027181
1.8550174e-06
0.00012077526
1.7880376e-06
0.0001212508
1.7262331e-06
0.00012170028
1.668931e-06
0.00012212535
1.6156721e-06
0.00012252754
1.5658628e-06
0.00012290826
1.5192364e-06
0.0001232688
1.4752144e-06
0.00012361033
1.4337737e-06
0.000123934
1.3942537e-06
0.0001242408
1.3569656e-06
0.00012453174
1.3209938e-06
0.0001248077
1.2871597e-06
0.00012506956
1.2540144e-06
0.0001253181
1.2232167e-06
0.0001255541
1.1923265e-06
0.0001257783
1.1644098e-06
0.00012599132
1.135286e-06
0.00012619399
1.1103667e-06
0.00012638667
1.0825502e-06
0.00012657046
1.0610474e-06
0.00012674519
1.0340847e-06
0.00012691275
1.0167304e-06
0.00012707181
9.9022382e-07
0.00012722581
9.7798235e-07
0.00012737128
9.518949e-07
0.00012751423
9.4574765e-07
9.2171241e-07
0.00010209975
5.739544e-07
0.0001027558
1.0865978e-06
0.00010362892
1.4892466e-06
0.00010464207
1.7788022e-06
0.0001057336
1.9679302e-06
0.00010685629
2.0707011e-06
0.00010798004
2.1072198e-06
0.00010908695
2.0991904e-06
0.00011016354
2.0615886e-06
0.00011119868
2.0025774e-06
0.00011218543
1.9283663e-06
0.00011312197
1.8458472e-06
0.00011400998
1.7615586e-06
0.00011485245
1.6799252e-06
0.00011565245
1.602972e-06
0.00011641292
1.5312758e-06
0.00011713675
1.4649464e-06
0.00011782681
1.4039758e-06
0.00011848582
1.3482413e-06
0.00011911624
1.2974095e-06
0.00011972022
1.2510396e-06
0.00012029965
1.2086035e-06
0.00012085622
1.1696631e-06
0.00012139141
1.1337446e-06
0.00012190654
1.1005411e-06
0.00012240278
1.0696222e-06
0.00012288119
1.040821e-06
0.00012334271
1.013701e-06
0.0001237882
9.882795e-07
0.00012421841
9.6404192e-07
0.00012463411
9.41265e-07
0.00012503588
9.1922587e-07
0.00012542444
8.9859787e-07
0.00012580022
8.7824099e-07
0.00012616397
8.5946787e-07
0.0001265159
8.4039056e-07
0.00012685695
8.2336361e-07
0.000127187
8.0523218e-07
0.00012750734
7.9002795e-07
0.00012781734
7.7254811e-07
0.00012811895
7.5943317e-07
0.00012841068
7.4235224e-07
0.00012869565
7.3176895e-07
0.00012897093
7.1494858e-07
0.00012924145
7.0746176e-07
0.0001295022
6.9115178e-07
0.0001297606
6.8734481e-07
6.7289199e-07
0.00010215507
2.7520636e-07
0.00010271881
5.2286183e-07
0.00010348735
7.2070183e-07
0.00010440039
8.6576434e-07
0.00010540535
9.6296595e-07
0.00010645796
1.0180906e-06
0.00010752536
1.0398179e-06
0.00010858609
1.0384616e-06
0.0001096258
1.0218795e-06
0.00011063384
9.9454012e-07
0.00011160274
9.5946402e-07
0.00011252878
9.1981171e-07
0.00011341157
8.7876151e-07
0.00011425283
8.3866977e-07
0.00011505506
8.0074192e-07
0.00011582096
7.6537322e-07
0.00011655326
7.3264812e-07
0.00011725466
7.02572e-07
0.0001179278
6.7510426e-07
0.00011857511
6.5010161e-07
0.00011919878
6.2736187e-07
0.00011980076
6.0662479e-07
0.00012038275
5.8767278e-07
0.00012094623
5.702623e-07
0.00012149254
5.5423967e-07
0.00012202278
5.3938006e-07
0.000122538
5.2560156e-07
0.00012303903
5.1267176e-07
0.0001235267
5.0060542e-07
0.00012400162
4.8912485e-07
0.0001244645
4.7838351e-07
0.00012491573
4.6799047e-07
0.00012535602
4.5831009e-07
0.00012578553
4.4873013e-07
0.00012620505
4.3995177e-07
0.00012661447
4.3097067e-07
0.0001270148
4.2303077e-07
0.00012740556
4.1447536e-07
0.00012778818
4.074001e-07
0.0001281616
3.9912812e-07
0.000128528
3.9303349e-07
0.00012888541
3.8493692e-07
0.00012923717
3.800195e-07
0.00012958005
3.7207342e-07
0.00012991893
3.6858364e-07
0.00013024909
3.6100223e-07
0.00013057722
3.592022e-07
3.5272699e-07
0.000102183
-7.4703777e-13
0.00010270586
-6.1079963e-13
0.00010342656
-3.3498292e-13
0.00010429233
-1.9440076e-13
0.00010525529
-2.131376e-13
0.00010627338
-2.8945456e-13
0.0001073132
-3.8353442e-13
0.00010835166
-4.5144228e-13
0.00010937354
-4.8813625e-13
0.00011036808
-5.0700576e-13
0.00011132755
-5.1552143e-13
0.00011224736
-5.1651345e-13
0.00011312612
-5.0963676e-13
0.00011396479
-4.9162887e-13
0.00011476553
-4.705676e-13
0.00011553091
-4.4295565e-13
0.00011626355
-4.3028803e-13
0.00011696613
-4.1107323e-13
0.00011764123
-4.1718704e-13
0.00011829133
-4.0738925e-13
0.00011891869
-4.1210182e-13
0.00011952532
-4.1790114e-13
0.00012011299
-3.8729793e-13
0.00012068325
-4.4868035e-13
0.00012123749
-3.5562815e-13
0.00012177687
-5.1747633e-13
0.00012230248
-3.9901164e-13
0.00012281515
-6.6352638e-13
0.00012331576
-5.836214e-13
0.00012380488
-1.0310933e-12
0.00012428327
-8.5520383e-13
0.00012475126
-1.594043e-12
0.00012520957
-1.1942135e-12
0.0001256583
-1.7086033e-12
0.00012609826
-1.7194632e-12
0.00012652923
-1.3041295e-12
0.00012695226
-1.8589005e-12
0.00012736674
-1.4220191e-12
0.00012777413
-2.1977896e-12
0.00012817326
-2.7884143e-12
0.0001285663
-2.7456371e-12
0.00012895124
-3.4215875e-12
0.00012933126
-2.8395851e-12
0.00012970334
-1.7816147e-12
0.00013007193
-8.4918775e-13
0.00013043295
-4.3061066e-13
0.00013079214
-6.717515e-13
-1.1978233e-12
0.000102183
-2.7520779e-07
0.00010270586
-5.2286297e-07
0.00010342656
-7.2070248e-07
0.00010429233
-8.6576476e-07
0.00010525529
-9.629664e-07
0.00010627338
-1.0180912e-06
0.0001073132
-1.0398187e-06
0.00010835166
-1.0384626e-06
0.00010937354
-1.0218805e-06
0.00011036808
-9.9454115e-07
0.00011132755
-9.5946505e-07
0.00011224736
-9.1981274e-07
0.00011312612
-8.7876252e-07
0.00011396479
-8.3867075e-07
0.00011476553
-8.0074285e-07
0.00011553091
-7.6537412e-07
0.00011626355
-7.3264897e-07
0.00011696613
-7.0257285e-07
0.00011764123
-6.7510508e-07
0.00011829133
-6.5010246e-07
0.00011891869
-6.2736272e-07
0.00011952532
-6.0662562e-07
0.00012011299
-5.8767367e-07
0.00012068325
-5.7026308e-07
0.00012123749
-5.5424067e-07
0.00012177688
-5.3938081e-07
0.00012230248
-5.2560278e-07
0.00012281515
-5.126727e-07
0.00012331576
-5.0060711e-07
0.00012380488
-4.8912628e-07
0.00012428326
-4.7838614e-07
0.00012475126
-4.6799247e-07
0.00012520957
-4.5831375e-07
0.0001256583
-4.4873267e-07
0.00012609826
-4.3995524e-07
0.00012652923
-4.3097408e-07
0.00012695226
-4.2303293e-07
0.00012736673
-4.1447985e-07
0.00012777413
-4.0740392e-07
0.00012817326
-3.9913336e-07
0.0001285663
-3.9303997e-07
0.00012895124
-3.8494255e-07
0.00012933126
-3.8002475e-07
0.00012970334
-3.7207684e-07
0.00013007193
-3.6858524e-07
0.00013043295
-3.610029e-07
0.00013079214
-3.5920453e-07
-3.5272961e-07
0.00010215507
-5.7395564e-07
0.00010271881
-1.0865987e-06
0.00010348735
-1.4892471e-06
0.00010440039
-1.7788026e-06
0.00010540535
-1.9679306e-06
0.00010645796
-2.0707017e-06
0.00010752536
-2.1072206e-06
0.00010858609
-2.0991913e-06
0.0001096258
-2.0615897e-06
0.00011063384
-2.0025784e-06
0.00011160274
-1.9283673e-06
0.00011252878
-1.8458482e-06
0.00011341157
-1.7615596e-06
0.00011425283
-1.6799262e-06
0.00011505506
-1.6029729e-06
0.00011582096
-1.5312767e-06
0.00011655326
-1.4649473e-06
0.00011725466
-1.4039767e-06
0.0001179278
-1.3482422e-06
0.00011857511
-1.2974103e-06
0.00011919878
-1.2510405e-06
0.00011980076
-1.2086044e-06
0.00012038275
-1.169664e-06
0.00012094623
-1.1337456e-06
0.00012149254
-1.100542e-06
0.00012202278
-1.0696233e-06
0.000122538
-1.0408219e-06
0.00012303903
-1.0137025e-06
0.0001235267
-9.8828074e-07
0.00012400162
-9.6404398e-07
0.0001244645
-9.412668e-07
0.00012491573
-9.1922892e-07
0.00012535602
-8.9860018e-07
0.00012578553
-8.7824459e-07
0.00012620505
-8.5947078e-07
0.00012661447
-8.4039339e-07
0.0001270148
-8.233676e-07
0.00012740556
-8.0523505e-07
0.00012778818
-7.9003287e-07
0.0001281616
-7.7255338e-07
0.000128528
-7.5943816e-07
0.00012888541
-7.4235764e-07
0.00012923717
-7.3177265e-07
0.00012958005
-7.1495086e-07
0.00012991893
-7.0746383e-07
0.00013024909
-6.9115451e-07
0.00013057722
-6.8734766e-07
-6.7289439e-07
0.00010209975
-9.269864e-07
0.0001027558
-1.74265e-06
0.00010362892
-2.3623734e-06
0.00010464207
-2.7919522e-06
0.0001057336
-3.059463e-06
0.00010685629
-3.1933825e-06
0.00010798004
-3.2309763e-06
0.00010908695
-3.2061053e-06
0.00011016354
-3.13818e-06
0.00011119868
-3.0377104e-06
0.00011218543
-2.9151211e-06
0.00011312197
-2.782388e-06
0.00011400998
-2.649568e-06
0.00011485245
-2.5223987e-06
0.00011565245
-2.4029766e-06
0.00011641292
-2.2917408e-06
0.00011713675
-2.1887758e-06
0.00011782681
-2.0940406e-06
0.00011848582
-2.0072576e-06
0.00011911624
-1.927826e-06
0.00011972022
-1.8550184e-06
0.00012029965
-1.7880386e-06
0.00012085622
-1.7262341e-06
0.00012139141
-1.668932e-06
0.00012190654
-1.6156732e-06
0.00012240278
-1.5658637e-06
0.00012288119
-1.5192377e-06
0.00012334271
-1.4752155e-06
0.0001237882
-1.4337753e-06
0.00012421841
-1.3942552e-06
0.00012463411
-1.3569679e-06
0.00012503588
-1.3209959e-06
0.00012542444
-1.2871627e-06
0.00012580022
-1.2540169e-06
0.00012616397
-1.2232198e-06
0.0001265159
-1.1923297e-06
0.00012685695
-1.1644129e-06
0.000127187
-1.1352904e-06
0.00012750733
-1.1103708e-06
0.00012781733
-1.0825549e-06
0.00012811895
-1.061052e-06
0.00012841068
-1.0340879e-06
0.00012869565
-1.016733e-06
0.00012897093
-9.9022618e-07
0.00012924145
-9.779853e-07
0.0001295022
-9.5189802e-07
0.00012976059
-9.4575025e-07
-9.217142e-07
0.0001020211
-1.3812087e-06
0.00010284487
-2.5664158e-06
0.00010390072
-3.4182259e-06
0.00010508101
-3.9722464e-06
0.0001063097
-4.2881539e-06
0.00010753981
-4.423491e-06
0.00010875007
-4.4412376e-06
0.00010992764
-4.3836702e-06
0.00011105738
-4.2679262e-06
0.00011212602
-4.1063433e-06
0.00011312794
-3.917043e-06
0.00011406493
-3.7193775e-06
0.00011494191
-3.5265451e-06
0.00011576364
-3.3441366e-06
0.00011653404
-3.1733776e-06
0.00011725666
-3.014359e-06
0.00011793506
-2.8671764e-06
0.00011857274
-2.7317213e-06
0.00011917292
-2.6074366e-06
0.00011973844
-2.4933492e-06
0.00012027181
-2.3883874e-06
0.00012077526
-2.2914869e-06
0.0001212508
-2.2017768e-06
0.00012170028
-2.1184053e-06
0.00012212535
-2.0407437e-06
0.00012252755
-1.9680614e-06
0.00012290826
-1.8999551e-06
0.0001232688
-1.8357507e-06
0.00012361033
-1.775312e-06
0.000123934
-1.7179171e-06
0.0001242408
-1.6637743e-06
0.00012453174
-1.6119345e-06
0.0001248077
-1.5631217e-06
0.00012506956
-1.515872e-06
0.0001253181
-1.4717629e-06
0.0001255541
-1.428327e-06
0.0001257783
-1.3886149e-06
0.00012599132
-1.3483174e-06
0.00012619399
-1.3130404e-06
0.00012638666
-1.2752275e-06
0.00012657045
-1.2448439e-06
0.00012674519
-1.2088195e-06
0.00012691275
-1.1842849e-06
0.00012707181
-1.1492896e-06
0.0001272258
-1.1319805e-06
0.00012737128
-1.0973695e-06
0.00012751423
-1.0887055e-06
-1.0558275e-06
0.00010194069
-2.0175907e-06
0.0001030501
-3.6758249e-06
0.00010440804
-4.7761721e-06
0.00010584745
-5.4116576e-06
0.00010726908
-5.7097785e-06
0.00010863836
-5.7927722e-06
0.00010995383
-5.7567057e-06
0.00011120563
-5.6354728e-06
0.00011237094
-5.4332379e-06
0.00011343381
-5.1692135e-06
0.0001143941
-4.8773287e-06
0.0001152613
-4.5865805e-06
0.00011604596
-4.3112085e-06
0.00011675611
-4.0542822e-06
0.00011739802
-3.8152868e-06
0.00011797757
-3.5939147e-06
0.00011850062
-3.3902202e-06
0.00011897265
-3.2037569e-06
0.00011939857
-3.0333527e-06
0.00011978263
-2.8774095e-06
0.00012012858
-2.7343449e-06
0.00012043981
-2.602717e-06
0.00012071937
-2.4813278e-06
0.00012097002
-2.3690585e-06
0.00012119428
-2.265003e-06
0.00012139445
-2.16823e-06
0.00012157258
-2.0780918e-06
0.00012173062
-1.9937882e-06
0.00012187025
-1.9149439e-06
0.00012199313
-1.8407938e-06
0.00012210063
-1.7712703e-06
0.00012219419
-1.7054943e-06
0.00012227489
-1.6438213e-06
0.00012234404
-1.5850306e-06
0.00012240243
-1.5301522e-06
0.00012245134
-1.4772335e-06
0.0001224912
-1.4284737e-06
0.00012252336
-1.3804881e-06
0.0001225479
-1.3375757e-06
0.00012256633
-1.2936625e-06
0.00012257833
-1.2568378e-06
0.00012258563
-1.2161141e-06
0.00012258764
-1.1862964e-06
0.00012258609
-1.1477394e-06
0.00012258068
-1.1265702e-06
0.00012257223
-1.0889276e-06
0.00012256176
-1.0782359e-06
-1.0418337e-06
0.00010194621
-3.0072943e-06
0.00010353612
-5.2657268e-06
0.00010537899
-6.6190508e-06
0.00010716808
-7.2007455e-06
0.00010878707
-7.328767e-06
0.00011025238
-7.2580795e-06
0.00011159647
-7.1007966e-06
0.00011280307
-6.842078e-06
0.00011383898
-6.4691507e-06
0.00011469648
-6.02671e-06
0.00011539482
-5.5756727e-06
0.00011596041
-5.1521673e-06
0.00011641445
-4.765252e-06
0.00011677225
-4.4120767e-06
0.00011704628
-4.0893215e-06
0.0001172481
-3.7957293e-06
0.00011738829
-3.5304153e-06
0.00011747608
-3.2915493e-06
0.00011751921
-3.0764773e-06
0.00011752416
-2.8823627e-06
0.00011749648
-2.7066635e-06
0.00011744096
-2.5471958e-06
0.00011736175
-2.4021169e-06
0.00011726246
-2.2697743e-06
0.00011714622
-2.1487578e-06
0.00011701574
-2.0377551e-06
0.00011687337
-1.9357146e-06
0.00011672117
-1.8415928e-06
0.00011656088
-1.7546565e-06
0.00011639412
-1.6740308e-06
0.00011622212
-1.5992717e-06
0.00011604619
-1.5295595e-06
0.00011586713
-1.4647661e-06
0.00011568609
-1.4039858e-06
0.00011550344
-1.3475098e-06
0.00011532034
-1.2941299e-06
0.00011513666
-1.2447952e-06
0.00011495378
-1.1976153e-06
0.0001147709
-1.1546942e-06
0.00011458999
-1.1127467e-06
0.00011440919
-1.0760364e-06
0.00011423156
-1.0384854e-06
0.00011405378
-1.0085161e-06
0.00011388055
-9.7451281e-07
0.00011370681
-9.5283084e-07
0.00011353911
-9.2123483e-07
0.00011337088
-9.1000968e-07
-8.7983444e-07
0.00010230813
-4.7597212e-06
0.00010470838
-7.6659769e-06
0.00010714729
-9.0579588e-06
0.00010911506
-9.1685161e-06
0.000110597
-8.8107117e-06
0.00011176543
-8.4265098e-06
0.00011269603
-8.0313934e-06
0.00011335697
-7.5030193e-06
0.00011372866
-6.8408398e-06
0.00011384684
-6.1448908e-06
0.00011377137
-5.5002049e-06
0.00011355435
-4.9351491e-06
0.00011323189
-4.4427926e-06
0.00011282957
-4.0097494e-06
0.00011236812
-3.6278766e-06
0.00011186512
-3.292726e-06
0.00011133471
-3.0000058e-06
0.00011078772
-2.7445592e-06
0.00011023225
-2.5210061e-06
0.00010967438
-2.3244976e-06
0.00010911873
-2.1510091e-06
0.00010856877
-1.997235e-06
0.00010802708
-1.8604345e-06
0.00010749557
-1.738265e-06
0.00010697557
-1.6287502e-06
0.00010646799
-1.5301765e-06
0.0001059734
-1.4411287e-06
0.00010549216
-1.3603554e-06
0.00010502437
-1.286864e-06
0.00010457005
-1.2197169e-06
0.00010412902
-1.1582345e-06
0.00010370114
-1.1016806e-06
0.000103286
-1.0496289e-06
0.00010288347
-1.0014553e-06
0.00010249292
-9.5696107e-07
0.00010211434
-9.1555379e-07
0.00010174681
-8.7727132e-07
0.00010139067
-8.414695e-07
0.00010104445
-8.084772e-07
0.0001007092
-7.774931e-07
0.00010038244
-7.49272e-07
0.00010006662
-7.2266413e-07
9.9757313e-05
-6.9921531e-07
9.9459704e-05
-6.7690665e-07
9.9166035e-05
-6.5916677e-07
9.8886266e-05
-6.4147252e-07
9.860805e-05
-6.3178671e-07
-6.1826822e-07
0.00010339647
-7.9344818e-06
0.00010666683
-1.0936335e-05
0.0001088282
-1.1219324e-05
0.00010966829
-1.0008611e-05
0.00010973127
-8.873693e-06
0.00010941277
-8.1080094e-06
0.00010877768
-7.3963044e-06
0.00010780599
-6.5313233e-06
0.00010656004
-5.5948927e-06
0.00010514574
-4.7305977e-06
0.00010365656
-4.0110181e-06
0.00010215331
-3.431906e-06
0.00010067167
-2.9611441e-06
9.9234197e-05
-2.572282e-06
9.7856216e-05
-2.2498959e-06
9.6546866e-05
-1.9833765e-06
9.530991e-05
-1.7630501e-06
9.4145317e-05
-1.5799662e-06
9.3050777e-05
-1.426467e-06
9.2022761e-05
-1.2964815e-06
9.1057134e-05
-1.1853824e-06
9.0149535e-05
-1.0896366e-06
8.9295602e-05
-1.006502e-06
8.8491136e-05
-9.3379897e-07
8.7732174e-05
-8.6978921e-07
8.7015059e-05
-8.1306203e-07
8.6336422e-05
-7.6249129e-07
8.5693211e-05
-7.171449e-07
8.5082629e-05
-6.7628336e-07
8.4502183e-05
-6.3927106e-07
8.3949563e-05
-6.0561501e-07
8.342275e-05
-5.7486824e-07
8.2919821e-05
-5.4670053e-07
8.2439158e-05
-5.2079428e-07
8.1979116e-05
-4.9692012e-07
8.1538433e-05
-4.7487199e-07
8.1115615e-05
-4.5445257e-07
8.0709759e-05
-4.3561249e-07
8.0319342e-05
-4.1805891e-07
7.9943929e-05
-4.0207981e-07
7.958164e-05
-3.8698435e-07
7.9232877e-05
-3.7390345e-07
7.8894674e-05
-3.6101482e-07
7.8569348e-05
-3.5158368e-07
7.8251145e-05
-3.4096675e-07
7.7947279e-05
-3.3760903e-07
7.7646258e-05
-3.3075693e-07
-3.3937872e-07
0.00010277581
-1.119817e-05
0.00010360244
-1.1762964e-05
0.00010189101
-9.5078937e-06
9.8698895e-05
-6.8164958e-06
9.5288806e-05
-5.4636043e-06
9.189498e-05
-4.7141835e-06
8.8447451e-05
-3.9487761e-06
8.501806e-05
-3.1019318e-06
8.1774854e-05
-2.3516874e-06
7.8814872e-05
-1.7706157e-06
7.6162273e-05
-1.3584198e-06
7.3803438e-05
-1.0730709e-06
7.1713523e-05
-8.7122987e-07
6.9865395e-05
-7.2415407e-07
6.8230545e-05
-6.1504593e-07
6.6780282e-05
-5.3311376e-07
6.5487688e-05
-4.7045614e-07
6.4328938e-05
-4.2121705e-07
6.3283783e-05
-3.8131137e-07
6.2335362e-05
-3.4806144e-07
6.1469745e-05
-3.19765e-07
6.0675428e-05
-2.9532011e-07
5.9942902e-05
-2.7397571e-07
5.9264285e-05
-2.5518255e-07
5.8633018e-05
-2.3852238e-07
5.8043617e-05
-2.236617e-07
5.7491462e-05
-2.1033602e-07
5.6972641e-05
-1.9832445e-07
5.6483808e-05
-1.8745026e-07
5.6022097e-05
-1.7755998e-07
5.5585013e-05
-1.6853178e-07
5.5170403e-05
-1.6025823e-07
5.4776354e-05
-1.5265235e-07
5.4401204e-05
-1.4564522e-07
5.4043448e-05
-1.3916375e-07
5.3701762e-05
-1.3318671e-07
5.337493e-05
-1.2761887e-07
5.306185e-05
-1.2253199e-07
5.2761516e-05
-1.1772403e-07
5.2472934e-05
-1.1349811e-07
5.219527e-05
-1.0932156e-07
5.1927492e-05
-1.0612742e-07
5.1668913e-05
-1.0243669e-07
5.1418324e-05
-1.0099685e-07
5.1174956e-05
-9.7598217e-08
5.0937873e-05
-1.0052676e-07
5.0703765e-05
-9.6643786e-08
-1.1770704e-07
7.9173734e-05
6.741077e-05
5.7902876e-05
5.108638e-05
4.5622776e-05
4.0908592e-05
3.6959816e-05
3.3857884e-05
3.1506197e-05
2.9735581e-05
2.8377161e-05
2.730409e-05
2.643286e-05
2.5708706e-05
2.509366e-05
2.4560546e-05
2.409009e-05
2.3668873e-05
2.3287562e-05
2.29395e-05
2.2619735e-05
2.2324415e-05
2.2050439e-05
2.1795257e-05
2.1556734e-05
2.1333073e-05
2.1122737e-05
2.0924412e-05
2.0736962e-05
2.0559402e-05
2.039087e-05
2.0230612e-05
2.007796e-05
1.9932315e-05
1.9793151e-05
1.9659965e-05
1.9532346e-05
1.9409815e-05
1.9292091e-05
1.9178592e-05
1.9069271e-05
1.8963143e-05
1.8860706e-05
1.8759709e-05
1.8662112e-05
1.8561585e-05
1.8464941e-05
)
;

boundaryField
{
    inlet
    {
        type            calculated;
        value           nonuniform List<scalar> 
20
(
-0.0001
-0.0001
-0.0001
-0.0001
-0.0001
-0.0001
-0.0001
-0.0001
-0.0001
-0.0001
-0.0001
-0.0001
-0.0001
-0.0001
-0.0001
-0.0001
-0.0001
-0.0001
-0.0001
-0.0001
)
;
    }
    outlet
    {
        type            calculated;
        value           nonuniform List<scalar> 
20
(
1.8347238e-05
5.0482109e-05
7.7367393e-05
9.8346509e-05
0.0001132089
0.00012254778
0.00012764834
0.0001300094
0.00013089737
0.00013114485
0.00013114485
0.00013089737
0.0001300094
0.00012764833
0.00012254777
0.00011320889
9.8346495e-05
7.7367378e-05
5.0482097e-05
1.8347234e-05
)
;
    }
    top
    {
        type            calculated;
        value           uniform 0;
    }
    bottom
    {
        type            calculated;
        value           uniform 0;
    }
    frontAndBack
    {
        type            empty;
    }
}


// ************************************************************************* //
