/*--------------------------------*- C++ -*----------------------------------*\
| =========                 |                                                 |
| \\      /  F ield         | OpenFOAM: The Open Source CFD Toolbox           |
|  \\    /   O peration     | Version:  2512                                  |
|   \\  /    A nd           | Website:  www.openfoam.com                      |
|    \\/     M anipulation  |                                                 |
\*---------------------------------------------------------------------------*/
FoamFile
{
    version     2.0;
    format      ascii;
    arch        "LSB;label=32;scalar=64";
    class       volVectorField;
    location    "4.2";
    object      D;
}
// * * * * * * * * * * * * * * * * * * * * * * * * * * * * * * * * * * * * * //

dimensions      [0 1 0 0 0 0 0];

internalField   nonuniform List<vector> 
100
(
(0.00039190555 0.00022495163 0)
(0.00029268404 8.05197e-05 0)
(0.00028567686 -7.4442519e-07 0)
(0.00029177955 -8.2210142e-05 0)
(0.00039049027 -0.00022727079 0)
(0.0010580715 0.00053365146 0)
(0.00095668272 0.00022496654 0)
(0.00094687633 -1.9206889e-06 0)
(0.00095484384 -0.00022956429 0)
(0.0010548783 -0.00054061876 0)
(0.001789062 0.00074216555 0)
(0.001720418 0.00032476065 0)
(0.0017114174 -2.5968568e-06 0)
(0.0017186789 -0.00033103691 0)
(0.0017859867 -0.00075176742 0)
(0.0025382048 0.0008428324 0)
(0.0025034284 0.0003786896 0)
(0.0024967156 -3.1644514e-06 0)
(0.0025019299 -0.00038628226 0)
(0.0025354081 -0.00085419099 0)
(0.0032653452 0.00085981882 0)
(0.00326074 0.00039210719 0)
(0.0032577749 -3.3768598e-06 0)
(0.0032594468 -0.00040013645 0)
(0.0032627183 -0.00087160622 0)
(0.003931708 0.00080219621 0)
(0.0039526863 0.00036957778 0)
(0.0039532927 -3.3204247e-06 0)
(0.0039515335 -0.00037739033 0)
(0.0039291759 -0.00081344185 0)
(0.0045043079 0.00068561829 0)
(0.0045456453 0.00031796587 0)
(0.0045494233 -2.9451946e-06 0)
(0.0045445632 -0.00032483968 0)
(0.0045017781 -0.00069536762 0)
(0.0049568552 0.00052256733 0)
(0.0050135068 0.00024341042 0)
(0.0050197448 -2.3146873e-06 0)
(0.0050124555 -0.00024877847 0)
(0.0049542926 -0.00053009418 0)
(0.0052695261 0.00032671509 0)
(0.005336349 0.00015258434 0)
(0.005344263 -1.4741783e-06 0)
(0.0053353054 -0.00015598967 0)
(0.0052669199 -0.00033145584 0)
(0.0054291583 0.00011108446 0)
(0.0055010716 5.1944011e-05 0)
(0.0055098298 -5.0669294e-07 0)
(0.0055000287 -5.3111978e-05 0)
(0.0054265252 -0.00011270424 0)
(0.0054291582 -0.00011108447 0)
(0.0055010716 -5.1944005e-05 0)
(0.0055098297 5.0670734e-07 0)
(0.0055000287 5.3112e-05 0)
(0.0054265252 0.00011270427 0)
(0.0052695261 -0.00032671509 0)
(0.005336349 -0.00015258433 0)
(0.005344263 1.4741922e-06 0)
(0.0053353054 0.00015598969 0)
(0.0052669199 0.00033145587 0)
(0.0049568551 -0.00052256734 0)
(0.0050135068 -0.00024341041 0)
(0.0050197448 2.3146999e-06 0)
(0.0050124555 0.00024877849 0)
(0.0049542926 0.0005300942 0)
(0.0045043078 -0.00068561829 0)
(0.0045456453 -0.00031796587 0)
(0.0045494233 2.9452059e-06 0)
(0.0045445632 0.0003248397 0)
(0.0045017781 0.00069536764 0)
(0.0039317079 -0.00080219621 0)
(0.0039526862 -0.00036957778 0)
(0.0039532927 3.3204339e-06 0)
(0.0039515335 0.00037739034 0)
(0.0039291758 0.00081344186 0)
(0.0032653452 -0.00085981881 0)
(0.00326074 -0.00039210718 0)
(0.0032577749 3.3768674e-06 0)
(0.0032594467 0.00040013646 0)
(0.0032627182 0.00087160623 0)
(0.0025382047 -0.0008428324 0)
(0.0025034284 -0.00037868959 0)
(0.0024967156 3.1644567e-06 0)
(0.0025019298 0.00038628226 0)
(0.0025354081 0.000854191 0)
(0.001789062 -0.00074216554 0)
(0.001720418 -0.00032476064 0)
(0.0017114173 2.5968605e-06 0)
(0.0017186789 0.00033103691 0)
(0.0017859866 0.00075176742 0)
(0.0010580714 -0.00053365146 0)
(0.00095668268 -0.00022496653 0)
(0.0009468763 1.9206902e-06 0)
(0.00095484382 0.00022956429 0)
(0.0010548783 0.00054061875 0)
(0.00039190553 -0.00022495163 0)
(0.00029268403 -8.0519699e-05 0)
(0.00028567685 7.4442519e-07 0)
(0.00029177954 8.2210142e-05 0)
(0.00039049026 0.00022727078 0)
)
;

boundaryField
{
    bottom
    {
        nonOrthogonalCorrections true;
        type            fixedDisplacement;
        value           uniform (0 0 0);
    }
    top
    {
        nonOrthogonalCorrections true;
        type            fixedDisplacement;
        value           uniform (0 0 0);
    }
    interface_left
    {
        type            solidForce;
        forceField      solidForce;
        value           nonuniform List<vector> 
20
(
(0.00047418143 0.00058573438 0)
(0.0011146651 0.00087933665 0)
(0.0018232276 0.0011083597 0)
(0.0025516833 0.0012080589 0)
(0.0032617266 0.0012045534 0)
(0.0039136635 0.0011086924 0)
(0.0044748771 0.00093921584 0)
(0.0049188634 0.00071186223 0)
(0.0052258563 0.00044354952 0)
(0.0053826467 0.0001505728 0)
(0.0053826467 -0.00015057281 0)
(0.0052258563 -0.00044354953 0)
(0.0049188633 -0.00071186224 0)
(0.0044748771 -0.00093921585 0)
(0.0039136634 -0.0011086924 0)
(0.0032617265 -0.0012045534 0)
(0.0025516832 -0.0012080589 0)
(0.0018232275 -0.0011083597 0)
(0.0011146651 -0.00087933664 0)
(0.0004741814 -0.00058573436 0)
)
;
        gradient        nonuniform List<vector> 
20
(
(0.0082275883 0.036078274 0)
(0.005659365 0.034568519 0)
(0.0034165542 0.036619415 0)
(0.0013478495 0.036522646 0)
(-0.00036186294 0.034473462 0)
(-0.0018044502 0.030649617 0)
(-0.0029430759 0.025359755 0)
(-0.0037991798 0.01892949 0)
(-0.0043669763 0.011683443 0)
(-0.0046511556 0.0039488334 0)
(-0.0046511556 -0.0039488342 0)
(-0.0043669763 -0.011683444 0)
(-0.0037991799 -0.018929491 0)
(-0.002943076 -0.025359756 0)
(-0.0018044504 -0.030649617 0)
(-0.00036186315 -0.034473462 0)
(0.0013478493 -0.036522646 0)
(0.0034165539 -0.036619414 0)
(0.0056593646 -0.034568518 0)
(0.0082275878 -0.036078273 0)
)
;
    }
    interface_right
    {
        type            solidForce;
        forceField      solidForce;
        value           nonuniform List<vector> 
20
(
(0.00047276414 -0.00058861285 0)
(0.0011110744 -0.00088949275 0)
(0.0018195837 -0.0011218997 0)
(0.002548248 -0.0012233737 0)
(0.0032583523 -0.0012200479 0)
(0.0039102932 -0.0011232066 0)
(0.0044714194 -0.00095164658 0)
(0.0049153021 -0.00072137945 0)
(0.0052221996 -0.00044951388 0)
(0.0053789367 -0.00015260552 0)
(0.0053789366 0.00015260556 0)
(0.0052221996 0.00044951391 0)
(0.0049153021 0.00072137948 0)
(0.0044714194 0.00095164661 0)
(0.0039102931 0.0011232066 0)
(0.0032583523 0.0012200479 0)
(0.0025482479 0.0012233737 0)
(0.0018195837 0.0011218997 0)
(0.0011110744 0.00088949274 0)
(0.00047276412 0.00058861284 0)
)
;
        gradient        nonuniform List<vector> 
20
(
(0.0082273869 -0.036134207 0)
(0.0056196058 -0.034887399 0)
(0.0033597018 -0.037013227 0)
(0.0012839867 -0.036918268 0)
(-0.00043659815 -0.034844169 0)
(-0.0018882706 -0.03097647 0)
(-0.0030358674 -0.025627897 0)
(-0.003899054 -0.019128528 0)
(-0.0044720341 -0.011805804 0)
(-0.0047588572 -0.0039901285 0)
(-0.0047588572 0.0039901291 0)
(-0.004472034 0.011805804 0)
(-0.0038990539 0.019128528 0)
(-0.0030358673 0.025627897 0)
(-0.0018882705 0.03097647 0)
(-0.00043659802 0.034844169 0)
(0.0012839868 0.036918268 0)
(0.0033597018 0.037013226 0)
(0.0056196058 0.034887399 0)
(0.0082273868 0.036134206 0)
)
;
    }
    frontAndBack
    {
        type            empty;
    }
}


// ************************************************************************* //
