/*--------------------------------*- C++ -*----------------------------------*\
| =========                 |                                                 |
| \\      /  F ield         | OpenFOAM: The Open Source CFD Toolbox           |
|  \\    /   O peration     | Version:  2512                                  |
|   \\  /    A nd           | Website:  www.openfoam.com                      |
|    \\/     M anipulation  |                                                 |
\*---------------------------------------------------------------------------*/
FoamFile
{
    version     2.0;
    format      ascii;
    arch        "LSB;label=32;scalar=64";
    class       surfaceScalarField;
    location    "13.5";
    object      phi;
}
// * * * * * * * * * * * * * * * * * * * * * * * * * * * * * * * * * * * * * //

dimensions      [0 3 -1 0 0 0 0];

oriented        oriented;

internalField   nonuniform List<scalar> 
3108
(
-2.6888538e-16
2.6885767e-16
5.3962091e-14
-5.423102e-14
1.6546738e-13
-1.1150531e-13
3.1945536e-13
-1.5398797e-13
4.9981824e-13
-1.8036288e-13
6.9159703e-13
-1.9177881e-13
8.8112822e-13
-1.8953125e-13
1.0561688e-12
-1.7504056e-13
1.2065106e-12
-1.5034181e-13
-1.1866821e-13
1.3251788e-12
5.3056339e-14
-5.2787489e-14
2.3219302e-13
-2.3336778e-13
5.2816121e-13
-4.0747343e-13
9.1393584e-13
-5.3976264e-13
1.3575179e-12
-6.2394496e-13
1.8266776e-12
-6.6093844e-13
2.2904721e-12
-6.5332564e-13
2.7203841e-12
-6.0495263e-13
3.0922714e-12
-5.2222909e-13
-4.1581165e-13
3.3894148e-12
1.1085184e-13
-1.636393e-13
4.0659519e-13
-5.2911105e-13
8.5366596e-13
-8.5454429e-13
1.4149135e-12
-1.1010102e-12
2.0501064e-12
-1.2591379e-12
2.7178676e-12
-1.3286996e-12
3.3770644e-12
-1.3125225e-12
3.9884596e-12
-1.2163478e-12
4.5176785e-12
-1.051448e-12
-8.3814758e-13
4.9400143e-12
1.5481785e-13
-3.1845716e-13
5.4171954e-13
-9.1601275e-13
1.1032838e-12
-1.4161085e-12
1.7920639e-12
-1.7897902e-12
2.5624885e-12
-2.0295625e-12
3.3683393e-12
-2.1345503e-12
4.1625196e-12
-2.1067029e-12
4.8981694e-12
-1.9519975e-12
5.5319831e-12
-1.6852617e-12
-1.3369313e-12
6.0307668e-12
1.8243187e-13
-5.0088905e-13
6.2885665e-13
-1.3624375e-12
1.2641874e-12
-2.0514393e-12
2.0333212e-12
-2.558924e-12
2.8877487e-12
-2.8839901e-12
3.7791316e-12
-3.0259332e-12
4.6570909e-12
-2.9846622e-12
5.4687718e-12
-2.7636785e-12
6.1615288e-12
-2.3780187e-12
6.6911246e-12
-1.866527e-12
1.4098584e-12
-8.467954e-14
1.4637165e-12
-5.3858166e-14
1.4933086e-12
-2.9592044e-14
1.5060357e-12
-1.2727114e-14
1.508434e-12
-2.3983339e-15
1.505408e-12
3.0259993e-15
1.5002074e-12
5.2006528e-15
1.4946955e-12
5.511893e-15
1.4897687e-12
4.9267504e-15
1.4857147e-12
4.0539704e-15
1.4824843e-12
3.2303903e-15
1.4798749e-12
2.6094692e-15
1.4776472e-12
2.2276895e-15
1.4756061e-12
2.0411524e-15
1.4736729e-12
1.9332452e-15
1.4719788e-12
1.6940373e-15
1.4710069e-12
9.7196906e-16
1.4718233e-12
-8.1639721e-16
1.4764027e-12
-4.5793238e-15
-1.1718554e-14
1.4881212e-12
3.6059485e-12
-3.0121333e-13
3.7488768e-12
-1.9678639e-13
3.8331237e-12
-1.1383896e-13
3.8756468e-12
-5.5250251e-14
3.8915402e-12
-1.8291636e-14
3.8923502e-12
2.2160304e-15
3.885897e-12
1.1653866e-14
3.8769316e-12
1.4477389e-14
3.8679744e-12
1.3883913e-14
3.8601039e-12
1.1924412e-14
3.8535615e-12
9.7728223e-15
3.8481748e-12
7.996212e-15
3.8436445e-12
6.7579582e-15
3.8397534e-12
5.932349e-15
3.836557e-12
5.1295777e-15
3.8346173e-12
3.6337437e-15
3.835337e-12
2.5225836e-16
3.8414433e-12
-6.9226517e-15
3.8577104e-12
-2.0846415e-14
-4.5929879e-14
3.8919218e-12
5.2463802e-12
-6.0757922e-13
5.4483694e-12
-3.9877555e-13
5.5688363e-12
-2.3430588e-13
5.6322875e-12
-1.1870149e-13
5.6595899e-12
-4.5593968e-14
5.6661884e-12
-4.3825566e-15
5.6623572e-12
1.5485107e-14
5.6543056e-12
2.2528962e-14
5.6453993e-12
2.2790213e-14
5.6371926e-12
2.0131154e-14
5.6301912e-12
1.677421e-14
5.6243752e-12
1.3812211e-14
5.6195521e-12
1.1581087e-14
5.6156155e-12
9.8689887e-15
5.6127804e-12
7.9646719e-15
5.6118619e-12
4.5521946e-15
5.6146592e-12
-2.5450368e-15
5.6245084e-12
-1.6771819e-14
5.6470617e-12
-4.339968e-14
-9.0199923e-14
5.6913316e-12
6.3813591e-12
-9.5817144e-13
6.6039267e-12
-6.2134321e-13
6.732362e-12
-3.6274111e-13
6.7988243e-12
-1.8516371e-13
6.8280478e-12
-7.4817501e-14
6.8368164e-12
-1.3151114e-14
6.8355179e-12
1.6783695e-14
6.8300816e-12
2.7965306e-14
6.8236005e-12
2.927135e-14
6.8174866e-12
2.6245062e-14
6.8122293e-12
2.2031457e-14
6.8078733e-12
1.8168257e-14
6.8043204e-12
1.513385e-14
6.8015426e-12
1.2646835e-14
6.799769e-12
9.7382507e-15
6.7997046e-12
4.6165435e-15
6.8028266e-12
-5.6670535e-15
6.8118061e-12
-2.5751289e-14
6.8310933e-12
-6.2686868e-14
-1.2680531e-13
6.8676987e-12
7.036175e-12
-1.3032219e-12
7.2346876e-12
-8.1985575e-13
7.33779e-12
-4.6584346e-13
7.385854e-12
-2.3322773e-13
7.4050932e-12
-9.4056646e-14
7.4105557e-12
-1.8613651e-14
7.4101327e-12
1.7206776e-14
7.4076494e-12
3.0448598e-14
7.4048007e-12
3.2120067e-14
7.4022345e-12
2.8811281e-14
7.4001203e-12
2.4145696e-14
7.3984368e-12
1.985177e-14
7.3971191e-12
1.6451545e-14
7.3961442e-12
1.3621746e-14
7.3955992e-12
1.0283379e-14
7.3957593e-12
4.456489e-15
7.3971964e-12
-7.104275e-15
7.400933e-12
-2.9487878e-14
7.4086525e-12
-7.040638e-14
7.4229718e-12
-1.4112466e-13
1.5123969e-12
-2.4275727e-14
1.5574701e-12
-4.5073144e-14
1.6352075e-12
-7.7737458e-14
1.7616584e-12
-1.2645089e-13
1.9568265e-12
-1.951681e-13
2.2427188e-12
-2.8589228e-13
2.6385274e-12
-3.9580863e-13
3.155153e-12
-5.1662556e-13
3.8055454e-12
-6.5039236e-13
-8.1535207e-13
3.9561146e-12
-8.846855e-14
4.0680042e-12
-1.5696275e-13
4.2523238e-12
-2.6205703e-13
4.5414761e-12
-4.1560315e-13
4.9743395e-12
-6.280315e-13
5.591236e-12
-9.0278868e-13
6.4220724e-12
-1.2266451e-12
7.4645815e-12
-1.5591347e-12
8.6533153e-12
-1.8391261e-12
-2.0225556e-12
5.7710051e-12
-1.6814198e-13
5.9059409e-12
-2.9189843e-13
6.1236078e-12
-4.7972391e-13
6.4599345e-12
-7.5192984e-13
6.9585502e-12
-1.1266471e-12
7.6664419e-12
-1.6106804e-12
8.6216294e-12
-2.1818326e-12
9.822409e-12
-2.7599142e-12
1.1166145e-11
-3.1828618e-12
-3.2808344e-12
6.9321735e-12
-2.3261689e-13
7.0397536e-12
-3.9947858e-13
7.2115731e-12
-6.5154338e-13
7.4758026e-12
-1.0161594e-12
7.8685105e-12
-1.519355e-12
8.4336105e-12
-2.1757804e-12
9.2194007e-12
-2.9676228e-12
1.0266138e-11
-3.8066512e-12
1.1553763e-11
-4.470487e-12
-4.2895901e-12
7.4477613e-12
-2.5740636e-13
7.4884768e-12
-4.4019397e-13
7.5524454e-12
-7.1551199e-13
7.6490698e-12
-1.1127838e-12
7.7901444e-12
-1.6604296e-12
7.9913948e-12
-2.3770308e-12
8.2779594e-12
-3.2541874e-12
8.6982088e-12
-4.2269005e-12
9.3703256e-12
-5.1426037e-12
-5.5516129e-12
1.2145116e-13
-6.2234023e-13
4.1263408e-13
-1.6536204e-12
8.2472064e-13
-2.4635258e-12
1.3217976e-12
-3.056001e-12
1.8728443e-12
-3.4350368e-12
2.4478397e-12
-3.6009286e-12
3.0148308e-12
-3.5516533e-12
3.53837e-12
-3.2872178e-12
3.980081e-12
-2.8197296e-12
-2.1901767e-12
4.3037307e-12
1.2292313e-13
-7.4526338e-13
4.1572634e-13
-1.9464237e-12
8.2880851e-13
-2.876608e-12
1.3262533e-12
-3.5534457e-12
1.8776231e-12
-3.9864066e-12
2.4537492e-12
-4.1770546e-12
3.0229372e-12
-4.1208413e-12
3.5483915e-12
-3.812672e-12
3.9872455e-12
-3.2585837e-12
4.2942989e-12
-2.4972302e-12
4.4886137e-12
-1.4881049e-12
4.5752216e-12
-9.0646374e-13
4.6092868e-12
-4.9990859e-13
4.619873e-12
-2.4381399e-13
4.6217989e-12
-9.5982468e-14
4.6214341e-12
-1.8248857e-14
4.6209971e-12
1.7643819e-14
4.6209845e-12
3.0461237e-14
4.6213256e-12
3.1778882e-14
4.6218464e-12
2.8290485e-14
4.6224144e-12
2.3577705e-14
4.6229582e-12
1.9307956e-14
4.623446e-12
1.5963746e-14
4.6238545e-12
1.321327e-14
4.6241361e-12
1.0001732e-14
4.6241826e-12
4.4099609e-15
4.6237785e-12
-6.7001462e-15
4.6225368e-12
-2.8246194e-14
4.6198073e-12
-6.7676828e-14
-1.3585813e-13
4.6145407e-12
4.4391158e-12
-1.6329217e-12
4.4832792e-12
-9.5062718e-13
4.4864072e-12
-5.0303655e-13
4.4789107e-12
-2.363175e-13
4.4721668e-12
-8.9238565e-14
4.4688295e-12
-1.4911528e-14
4.4684002e-12
1.8073071e-14
4.4696945e-12
2.9166879e-14
4.4717247e-12
2.9748716e-14
4.4738827e-12
2.6132475e-14
4.4758756e-12
2.1584796e-14
4.4776061e-12
1.7577478e-14
4.4790619e-12
1.4507909e-14
4.4802233e-12
1.2051929e-14
4.4809766e-12
9.2484412e-15
4.4810172e-12
4.3693673e-15
4.4797214e-12
-5.4043442e-15
4.475967e-12
-2.4491817e-14
4.4678814e-12
-5.9591138e-14
4.4524917e-12
-1.204684e-13
4.6050814e-12
-2.4794708e-13
4.5888231e-12
-4.2393561e-13
4.5615838e-12
-6.8827275e-13
4.5163507e-12
-1.0675506e-12
4.4405392e-12
-1.5846181e-12
4.3099338e-12
-2.2464254e-12
4.0756971e-12
-3.0199507e-12
3.6270093e-12
-3.7782127e-12
2.6319582e-12
-4.1475526e-12
-2.9196547e-12
4.4252434e-12
-2.2069888e-13
4.3793205e-12
-3.7801264e-13
4.3046106e-12
-6.1356286e-13
4.1859326e-12
-9.4887262e-13
3.9996034e-12
-1.3982889e-12
3.7064945e-12
-1.9533165e-12
3.2391565e-12
-2.5526127e-12
2.4822417e-12
-3.0212979e-12
1.2843226e-12
-2.9496336e-12
-1.6353321e-12
6.5772977e-14
-8.1103638e-13
2.1836789e-13
-2.0990186e-12
4.3441009e-13
-3.0926502e-12
6.9488853e-13
-3.8139242e-12
9.837571e-13
-4.2752752e-12
1.2861331e-12
-4.4794306e-12
1.5854859e-12
-4.420194e-12
1.861938e-12
-4.0891241e-12
2.0909467e-12
-3.4875925e-12
2.2418094e-12
-2.6480928e-12
2.2961865e-12
-1.6872988e-12
2.2967795e-12
-9.5122011e-13
2.2833503e-12
-4.8960742e-13
2.271541e-12
-2.2450813e-13
2.2646282e-12
-8.2325807e-14
2.2619173e-12
-1.22006e-14
2.2618667e-12
1.8123695e-14
2.2631513e-12
2.7882336e-14
2.2649072e-12
2.7992759e-14
2.2666709e-12
2.4368702e-14
2.2682467e-12
2.0009065e-14
2.2695869e-12
1.6237256e-14
2.2707019e-12
1.3392884e-14
2.2715904e-12
1.1163434e-14
2.2721767e-12
8.6621411e-15
2.27224e-12
4.3060347e-15
2.2713193e-12
-4.4836826e-15
2.2685799e-12
-2.1752423e-14
2.2626265e-12
-5.3637741e-14
2.2512491e-12
-1.0909096e-13
2.2310877e-12
-2.0053749e-13
2.1971985e-12
-3.4412345e-13
2.1424808e-12
-5.5884516e-13
2.0568673e-12
-8.6325924e-13
1.926049e-12
-1.2674705e-12
1.7292598e-12
-1.7565273e-12
1.4362516e-12
-2.2596044e-12
1.0125686e-12
-2.5976149e-12
4.6479817e-13
-2.4018631e-12
-1.1705339e-12
1.5868857e-13
-9.6972495e-13
5.3951573e-13
-2.4798458e-12
1.0741779e-12
-3.6273124e-12
1.7169862e-12
-4.4567324e-12
2.4312158e-12
-4.9895048e-12
3.1809855e-12
-5.2292003e-12
3.9254482e-12
-5.1646567e-12
4.6132423e-12
-4.7769181e-12
5.1761697e-12
-4.0505199e-12
-2.9968655e-12
5.5249424e-12
1.4242017e-13
-1.1121451e-12
4.8287433e-13
-2.8203e-12
9.6105982e-13
-4.1054979e-12
1.5371239e-12
-5.0327964e-12
2.1796913e-12
-5.6320721e-12
2.8572899e-12
-5.906799e-12
3.5320912e-12
-5.839458e-12
4.1540667e-12
-5.3988936e-12
4.6512174e-12
-4.5476707e-12
-3.2510718e-12
4.9054237e-12
1.1816761e-13
-1.2303127e-12
3.9912463e-13
-3.101257e-12
7.9448559e-13
-4.5008589e-12
1.2732295e-12
-5.5115403e-12
1.8103574e-12
-6.1692001e-12
2.3783851e-12
-6.4748267e-12
2.9407053e-12
-6.4017781e-12
3.4469467e-12
-5.905135e-12
3.8281045e-12
-4.9288285e-12
-3.3655337e-12
3.9425664e-12
8.6252153e-14
-1.3165649e-12
2.9056007e-13
-3.3055649e-12
5.7972896e-13
-4.7900278e-12
9.3402985e-13
-5.8658412e-12
1.3359918e-12
-6.571162e-12
1.7607111e-12
-6.899546e-12
2.1667462e-12
-6.8078132e-12
2.4877317e-12
-6.2261204e-12
2.6341806e-12
-5.0752774e-12
2.5114337e-12
-3.2427868e-12
5.564632e-12
-1.7269885e-12
5.4827205e-12
-8.6930862e-13
5.3997712e-12
-4.0665813e-13
5.3462434e-12
-1.7098027e-13
5.3196045e-12
-5.5686917e-14
5.3107503e-12
-3.3464566e-15
5.3116607e-12
1.7213326e-14
5.3169308e-12
2.261226e-14
5.3234577e-12
2.1465844e-14
5.3297307e-12
1.8095678e-14
5.335189e-12
1.455087e-14
5.3397573e-12
1.1668927e-14
5.3435321e-12
9.6181356e-15
5.3465543e-12
8.1412488e-15
5.3486097e-12
6.6067958e-15
5.3489992e-12
3.9165248e-15
5.3462294e-12
-1.7138681e-15
5.3375712e-12
-1.309425e-14
5.3184466e-12
-3.4513132e-14
-7.2248098e-14
5.2816038e-12
4.7338483e-12
-1.5554131e-12
4.5050618e-12
-6.4052208e-13
4.3584562e-12
-2.6005251e-13
4.2842251e-12
-9.6749178e-14
4.2539633e-12
-2.5425131e-14
4.2471472e-12
3.4697076e-15
4.2512244e-12
1.3136075e-14
4.2592484e-12
1.458827e-14
4.2677927e-12
1.2921529e-14
4.2754376e-12
1.0450793e-14
4.2818116e-12
8.1768167e-15
4.2870216e-12
6.4588995e-15
4.2913117e-12
5.3281139e-15
4.2948354e-12
4.6174896e-15
4.2974588e-12
3.9833874e-15
4.2985262e-12
2.8490809e-15
4.2965329e-12
2.7960145e-16
4.2886499e-12
-5.211278e-15
4.270054e-12
-1.5917224e-14
-3.5232573e-14
4.2330385e-12
3.432323e-12
-1.0451696e-12
3.0767998e-12
-2.8499884e-13
2.9127007e-12
-9.5953412e-14
2.8461004e-12
-3.0148855e-14
2.825342e-12
-4.6666409e-15
2.8249125e-12
3.8992284e-15
2.8321768e-12
5.8717033e-15
2.8412362e-12
5.52893e-15
2.8496468e-12
4.5108908e-15
2.8566385e-12
3.4591487e-15
2.8622067e-12
2.6086404e-15
2.8666467e-12
2.0188722e-15
2.8703045e-12
1.67031e-15
2.8734223e-12
1.4997251e-15
2.8760029e-12
1.4028094e-15
2.8776384e-12
1.213573e-15
2.8772542e-12
6.6390165e-16
2.8727258e-12
-6.8289566e-16
2.8603211e-12
-3.512501e-15
-8.8648549e-15
2.8339533e-12
1.466264e-12
1.1812652e-12
1.0853118e-12
1.0551629e-12
1.0504963e-12
1.0543955e-12
1.0602672e-12
1.0657961e-12
1.070307e-12
1.0737662e-12
1.0763749e-12
1.0783937e-12
1.080064e-12
1.0815638e-12
1.0829666e-12
1.0841802e-12
1.0848441e-12
1.0841611e-12
1.0806487e-12
1.0717838e-12
5.2160743e-12
-1.3500798e-13
5.1059409e-12
-2.3399007e-13
4.9290117e-12
-3.8191586e-13
4.6556001e-12
-5.8984763e-13
4.2478848e-12
-8.5975516e-13
3.6613864e-12
-1.1700289e-12
2.8536495e-12
-1.4518676e-12
1.8157952e-12
-1.5597606e-12
6.8320812e-13
-1.2692761e-12
-4.8732583e-13
4.1659328e-12
-6.7902293e-14
4.0519746e-12
-1.2003196e-13
3.8685032e-12
-1.9844442e-13
3.5872568e-12
-3.0860115e-13
3.177318e-12
-4.4981639e-13
2.6135504e-12
-6.0626132e-13
1.8951706e-12
-7.3348768e-13
1.0816485e-12
-7.4623858e-13
3.5027497e-13
-5.3790257e-13
-1.3705089e-13
2.7842766e-12
-1.8225558e-14
2.6977896e-12
-3.3544893e-14
2.5563837e-12
-5.7038451e-14
2.3382685e-12
-9.0485978e-14
2.0220157e-12
-1.3356355e-13
1.5964337e-12
-1.8067924e-13
1.0792454e-12
-2.1629945e-13
5.4402494e-13
-2.1101817e-13
1.3607117e-13
-1.2994882e-13
-9.7972033e-16
1.0535583e-12
1.0200134e-12
9.6297495e-13
8.7248898e-13
7.3892544e-13
5.5824621e-13
3.4194675e-13
1.3092857e-13
9.797082e-16
5.2085324e-14
-1.3686502e-12
1.7530441e-13
-3.428784e-12
3.5446924e-13
-4.9691926e-12
5.8481083e-13
-6.0961828e-12
8.5907935e-13
-6.8454306e-12
1.1528004e-12
-7.193267e-12
1.4043052e-12
-7.059318e-12
1.4851366e-12
-6.3069518e-12
1.1514707e-12
-4.7416116e-12
-2.091316e-12
-8.7966667e-15
-1.3598535e-12
-2.9236672e-14
-3.4083441e-12
-4.4426711e-14
-4.9540026e-12
-3.2116505e-14
-6.108493e-12
2.7235568e-14
-6.9047826e-12
1.3941741e-13
-7.3054489e-12
2.7799263e-13
-7.1978931e-12
3.580059e-13
-6.3869652e-12
2.4324401e-13
-4.6268497e-12
-1.848072e-12
-7.6185115e-14
-1.2836684e-12
-2.5369541e-13
-3.230834e-12
-4.8084132e-13
-4.7268567e-12
-7.0528532e-13
-5.884049e-12
-8.7263136e-13
-6.7374366e-12
-9.2789512e-13
-7.2501851e-12
-8.2517032e-13
-7.300618e-12
-5.5566508e-13
-6.6564703e-12
-2.0815752e-13
-4.9743572e-12
-2.0562295e-12
-1.4674905e-13
-1.1369194e-12
-4.8770307e-13
-2.8898799e-12
-9.3972395e-13
-4.2748358e-12
-1.4266694e-12
-5.3971036e-12
-1.8652306e-12
-6.2988754e-12
-2.1531101e-12
-6.9623057e-12
-2.161264e-12
-7.2924642e-12
-1.7425079e-12
-7.0752264e-12
-8.3818468e-13
-5.8786805e-12
-2.8944142e-12
-2.1317323e-13
-9.2374623e-13
-7.0860476e-13
-2.3944484e-12
-1.3829643e-12
-3.6004762e-12
-2.1530815e-12
-4.6269864e-12
-2.9304738e-12
-5.521483e-12
-3.6002817e-12
-6.2924978e-12
-3.9974711e-12
-6.8952748e-12
-3.8674193e-12
-7.205278e-12
-2.7648814e-12
-6.9812183e-12
-5.6592956e-12
-2.6189625e-13
-6.6185e-13
-8.7427692e-13
-1.7820678e-12
-1.7311699e-12
-2.7435832e-12
-2.7623988e-12
-3.5957574e-12
-3.9045428e-12
-4.379339e-12
-5.0867284e-12
-5.1103123e-12
-6.2222029e-12
-5.7598002e-12
-7.2008517e-12
-6.2266292e-12
-7.9121402e-12
-6.2699298e-12
-5.2382576e-12
-8.3331784e-12
-2.7440341e-13
-3.8744665e-13
-9.2758941e-13
-1.1288818e-12
-1.8697286e-12
-1.801444e-12
-3.0518062e-12
-2.4136797e-12
-4.4374639e-12
-2.9936813e-12
-5.9919689e-12
-3.5558073e-12
-7.6745671e-12
-4.0772021e-12
-9.4320231e-12
-4.4691732e-12
-1.1179216e-11
-4.5227373e-12
-3.8334152e-12
-1.2584058e-11
-2.3416345e-13
-1.5328319e-13
-8.2009682e-13
-5.4294845e-13
-1.7018355e-12
-9.1970534e-13
-2.850226e-12
-1.2652892e-12
-4.247032e-12
-1.5968753e-12
-5.8772133e-12
-1.925626e-12
-7.7162036e-12
-2.2382119e-12
-9.7072347e-12
-2.478142e-12
-1.171065e-11
-2.519322e-12
-2.1547664e-12
-1.3389299e-11
-1.3640132e-13
-1.688187e-14
-5.3944385e-13
-1.3990595e-13
-1.1931805e-12
-2.6596869e-13
-2.0795555e-12
-3.7891432e-13
-3.1890271e-12
-4.8740364e-13
-4.5170833e-12
-5.9756986e-13
-6.0491907e-12
-7.0610449e-13
-7.7334531e-12
-7.9387974e-13
-9.4354387e-12
-8.1733643e-13
-7.0606911e-13
-1.0884136e-11
-1.688188e-14
-1.5678781e-13
-4.2275658e-13
-8.0167088e-13
-1.2890745e-12
-1.8866444e-12
-2.5927489e-12
-3.3866286e-12
-4.2039651e-12
-4.9100342e-12
-6.3454176e-12
-1.9877608e-12
-5.7949004e-12
-5.5051725e-13
-5.6219352e-12
-1.7296516e-13
-5.5696058e-12
-5.2329462e-14
-5.5589625e-12
-1.0643258e-14
-5.5599659e-12
1.0034388e-15
-5.5626786e-12
2.7126914e-15
-5.5647246e-12
2.0459843e-15
-5.5659802e-12
1.2556396e-15
-5.5668242e-12
8.4405463e-16
-5.5676959e-12
8.7161724e-16
-5.5690361e-12
1.3402413e-15
-5.571248e-12
2.2118971e-15
-5.5743908e-12
3.1427784e-15
-5.5771276e-12
2.7368482e-15
-5.5740377e-12
-3.0898964e-15
-5.5502863e-12
-2.3751327e-14
-5.4717047e-12
-7.8581647e-14
-5.2721974e-12
-1.9950732e-13
-4.1199609e-13
-4.8602013e-12
-1.2579418e-11
-1.9924006e-12
-1.235777e-11
-7.721651e-13
-1.2264597e-11
-2.6613809e-13
-1.2238212e-11
-7.8714586e-14
-1.2235007e-11
-1.3848321e-14
-1.2238187e-11
4.1829571e-15
-1.2241794e-11
6.3198203e-15
-1.224432e-11
4.5718306e-15
-1.2245857e-11
2.7930718e-15
-1.2246879e-11
1.8654617e-15
-1.2247864e-11
1.85677e-15
-1.2249217e-11
2.6932539e-15
-1.2251119e-11
4.1143393e-15
-1.2252932e-11
4.9555289e-15
-1.2251428e-11
1.2328245e-15
-1.2236669e-11
-1.7849449e-14
-1.2183019e-11
-7.7401086e-14
-1.2031675e-11
-2.2992513e-13
-1.1660209e-11
-5.7097374e-13
-1.194372e-12
-1.0877833e-11
-1.4138291e-11
-1.2434087e-12
-1.4367554e-11
-5.4290167e-13
-1.4437641e-11
-1.9605147e-13
-1.4461538e-11
-5.4817875e-14
-1.4469631e-11
-5.7551663e-15
-1.4472259e-11
6.8107813e-15
-1.4473109e-11
7.1705474e-15
-1.4473392e-11
4.8546626e-15
-1.4473484e-11
2.8846259e-15
-1.4473503e-11
1.884438e-15
-1.4473474e-11
1.8279234e-15
-1.447336e-11
2.579848e-15
-1.4473018e-11
3.7720144e-15
-1.4472005e-11
3.9423467e-15
-1.4468968e-11
-1.8035843e-15
-1.4459932e-11
-2.6885397e-14
-1.4434037e-11
-1.0329654e-13
-1.4360385e-11
-3.0357657e-13
-1.4132614e-11
-7.9874462e-13
-1.8842526e-12
-1.3442734e-11
-1.1712182e-11
-4.1536243e-13
-1.2073223e-11
-1.818607e-13
-1.2207045e-11
-6.222945e-14
-1.224839e-11
-1.3472577e-14
-1.2256418e-11
2.272421e-15
-1.2254739e-11
5.131915e-15
-1.2251626e-11
4.0574375e-15
-1.2249269e-11
2.4976913e-15
-1.2247787e-11
1.4027373e-15
-1.2246778e-11
8.7484481e-16
-1.2245776e-11
8.2647153e-16
-1.2244358e-11
1.1617452e-15
-1.2242261e-11
1.6751026e-15
-1.2239884e-11
1.5650968e-15
-1.2239705e-11
-1.9821196e-15
-1.2249259e-11
-1.7332067e-14
-1.2287134e-11
-6.5421286e-14
-1.239537e-11
-1.9534046e-13
-1.2622719e-11
-5.7139544e-13
-1.8755959e-12
-1.2631376e-11
-5.3253966e-12
-5.5072573e-12
-5.5694868e-12
-5.5829593e-12
-5.5806869e-12
-5.575555e-12
-5.5714976e-12
-5.5689999e-12
-5.5675972e-12
-5.5667223e-12
-5.5658958e-12
-5.5647341e-12
-5.563059e-12
-5.5614939e-12
-5.563476e-12
-5.580808e-12
-5.6462293e-12
-5.8415697e-12
-6.4129652e-12
-8.2885611e-12
-4.2257674e-12
-6.3443383e-13
-3.5837082e-12
-6.4205918e-13
-3.0866383e-12
-4.970698e-13
-2.8141119e-12
-2.7252638e-13
-2.8129223e-12
-1.1895678e-15
-3.1372195e-12
3.2429722e-13
-3.8726447e-12
7.3542525e-13
-5.1913902e-12
1.3187455e-12
-7.4003083e-12
2.2089181e-12
2.6198327e-12
-9.6340887e-12
-1.878178e-12
-8.3681838e-12
-1.907964e-12
-7.3773412e-12
-1.4879124e-12
-6.8038536e-12
-8.4601396e-13
-6.7083162e-12
-9.672685e-14
-7.1096201e-12
7.2560116e-13
-7.9879559e-12
1.613761e-12
-9.2007372e-12
2.5315268e-12
-1.0212234e-11
3.220415e-12
2.4277396e-12
-1.2044254e-11
-3.2766582e-12
-1.0630303e-11
-3.3219145e-12
-9.5426079e-12
-2.5756074e-12
-8.8969135e-12
-1.4917083e-12
-8.7170824e-12
-2.7655804e-13
-8.9732804e-12
9.8179915e-13
-9.5629289e-12
2.2034095e-12
-1.0226546e-11
3.1951435e-12
-1.0450473e-11
3.444342e-12
1.9974081e-12
-1.1510269e-11
-4.3977647e-12
-1.0410578e-11
-4.4216061e-12
-9.6134681e-12
-3.3727168e-12
-9.137124e-12
-1.9680524e-12
-8.9685512e-12
-4.4513079e-13
-9.0722636e-12
1.0855115e-12
-9.3795257e-12
2.5106717e-12
-9.7791483e-12
3.5947661e-12
-1.009508e-11
3.7602734e-12
1.9224694e-12
-8.111773e-12
-4.5745528e-12
-8.0515061e-12
-4.4818729e-12
-7.9811258e-12
-3.4430971e-12
-7.9075398e-12
-2.0416383e-12
-7.8506727e-12
-5.0199793e-13
-7.8101404e-12
1.0449792e-12
-7.7817702e-12
2.4823015e-12
-7.8381548e-12
3.6511506e-12
-8.4001831e-12
4.3223018e-12
3.5424273e-12
-2.9041019e-12
-1.670451e-12
-4.5757329e-12
-2.8102419e-12
-5.4679093e-12
-2.5509207e-12
-5.8871368e-12
-1.6224108e-12
-5.9664064e-12
-4.2272832e-13
-5.7428623e-12
8.2143506e-13
-5.1828307e-12
1.92227e-12
-4.1747408e-12
2.6430608e-12
-2.4270352e-12
2.5745962e-12
1.115392e-12
-1.0161886e-12
-6.5426242e-13
-2.3881284e-12
-1.4383021e-12
-3.4023632e-12
-1.536686e-12
-3.9639449e-12
-1.0608291e-12
-4.0985254e-12
-2.8814779e-13
-3.8250538e-12
5.4796354e-13
-3.140671e-12
1.2378871e-12
-2.0522244e-12
1.5546142e-12
-7.3457716e-13
1.2569489e-12
3.8081487e-13
-4.4902148e-13
-2.0524098e-13
-1.2570153e-12
-6.3030834e-13
-2.0062419e-12
-7.874594e-13
-2.4778898e-12
-5.8918108e-13
-2.6026586e-12
-1.6337903e-13
-2.3731339e-12
3.184389e-13
-1.820533e-12
6.8528622e-13
-1.0459544e-12
7.800357e-13
-3.0665252e-13
5.1764704e-13
7.4162365e-14
-2.0499367e-13
-2.4734972e-16
-6.4559853e-13
-1.8970351e-13
-1.1157553e-12
-3.173026e-13
-1.4402242e-12
-2.6471228e-13
-1.5314722e-12
-7.2130928e-14
-1.3712989e-12
1.5826573e-13
-9.9987327e-13
3.1386067e-13
-5.2608978e-13
3.0625216e-13
-1.3489803e-13
1.2645528e-13
-6.0735667e-14
-8.1366052e-14
8.1118706e-14
-3.0331859e-13
3.2248997e-14
-5.6832691e-13
-5.2294327e-14
-7.6437354e-13
-6.8665648e-14
-8.2164575e-13
-1.4858677e-14
-7.227312e-13
5.9351236e-14
-5.0112636e-13
9.2255819e-14
-2.3878228e-13
4.3908012e-14
-4.7648747e-14
-6.4678252e-14
-1.0838441e-13
-2.2070309e-14
1.031889e-13
-1.1697901e-13
1.2715768e-13
-2.4787249e-13
7.8599169e-14
-3.5166338e-13
3.5125225e-14
-3.8252328e-13
1.6001271e-14
-3.2788751e-13
4.7155271e-15
-2.1072588e-13
-2.4905799e-14
-8.3261712e-14
-8.3556114e-14
-6.0020998e-15
-1.4193787e-13
-1.1438648e-13
4.352479e-15
9.8836425e-14
-2.1811092e-14
1.5332116e-13
-7.2399976e-14
1.2918802e-13
-1.1713389e-13
7.9859181e-14
-1.3011838e-13
2.8985762e-14
-1.0383645e-13
-2.1566388e-14
-5.2125292e-14
-7.6616917e-14
-4.1457116e-15
-1.3153567e-13
1.2447297e-14
-1.5853086e-13
-1.019392e-13
1.3898464e-14
8.4937925e-14
2.1066593e-14
1.4615309e-13
1.4162014e-14
1.3609258e-13
3.7083523e-15
9.0312881e-14
1.6725272e-15
3.1021611e-14
1.1620592e-14
-3.1514439e-14
2.6190996e-14
-9.1187286e-14
3.1541967e-14
-1.3688666e-13
1.8668748e-14
-1.4565761e-13
-8.3270453e-14
1.3966074e-14
7.0971838e-14
3.4270705e-14
1.258484e-13
4.8568162e-14
1.2179513e-13
5.6126952e-14
8.2754055e-14
6.0259405e-14
2.688913e-14
6.1928951e-14
-3.3183967e-14
5.7849084e-14
-8.7107393e-14
4.3298877e-14
-1.2233648e-13
1.9026252e-14
-1.2138496e-13
-6.4244196e-14
6.2019333e-15
6.4769891e-14
3.0919553e-14
1.0113079e-13
5.438789e-14
9.8326765e-14
7.0345778e-14
6.679609e-14
7.7642191e-14
1.9592731e-14
7.5899834e-14
-3.144152e-14
6.422322e-14
-7.5430785e-14
4.2798764e-14
-1.0091204e-13
1.6694756e-14
-9.5280949e-14
-4.7549447e-14
1.2976295e-17
-1.3006782e-17
-2.5763687e-16
2.7055945e-16
-7.8869454e-16
5.3108517e-16
-1.444942e-15
6.5624882e-16
-2.0914256e-15
6.4648383e-16
-2.6314671e-15
5.4001872e-16
-3.0165325e-15
3.8515252e-16
-3.2411017e-15
2.245991e-16
-3.3292607e-15
8.8164557e-17
-8.9139478e-18
-3.320394e-15
-2.7762711e-16
2.6458893e-16
-1.1737938e-15
1.1667354e-15
-2.550209e-15
1.9074694e-15
-4.1398823e-15
2.2459378e-15
-5.6727069e-15
2.1793324e-15
-6.9487916e-15
1.8161103e-15
-7.8652027e-15
1.3015131e-15
-8.4093754e-15
7.6874298e-16
-8.6342374e-15
3.1299741e-16
-1.4868825e-17
-8.6282361e-15
-5.520598e-16
8.1668448e-16
-1.9622122e-15
2.5768933e-15
-3.9207499e-15
3.8659229e-15
-6.072183e-15
4.3973181e-15
-8.0850091e-15
4.1920896e-15
-9.720114e-15
3.4511557e-15
-1.0859366e-14
2.4407627e-15
-1.1497383e-14
1.4067067e-15
-1.1710673e-14
5.2622662e-16
-1.0528639e-16
-1.1620308e-14
-7.0255727e-16
1.5192601e-15
-2.3820587e-15
4.2563435e-15
-4.6000268e-15
6.0839178e-15
-6.9377612e-15
6.7349839e-15
-9.0391346e-15
6.2934799e-15
-1.0663657e-14
5.0756437e-15
-1.1706179e-14
3.4832863e-15
-1.2182445e-14
1.8830695e-15
-1.2193516e-14
5.3728996e-16
-4.1457364e-16
-1.1884203e-14
-7.2287431e-16
2.242104e-15
-2.402291e-15
5.9357703e-15
-4.5441119e-15
8.2257881e-15
-6.706057e-15
8.8968909e-15
-8.5387206e-15
8.1262141e-15
-9.8264058e-15
6.363376e-15
-1.0495501e-14
4.1523918e-15
-1.059178e-14
1.9793173e-15
-1.0239847e-14
1.8541534e-16
-1.0539325e-15
-9.6004993e-15
-6.3572093e-16
2.8778594e-15
-2.0812817e-15
7.3813456e-15
-3.8560726e-15
1.000059e-14
-5.5399085e-15
1.0580779e-14
-6.8217265e-15
9.4080179e-15
-7.5315951e-15
7.0732327e-15
-7.6390523e-15
4.2599065e-15
-7.2225607e-15
1.5628451e-15
-6.4258113e-15
-6.1141173e-16
-2.0643441e-15
-5.4153052e-15
-4.7166172e-16
3.3495065e-15
-1.5098765e-15
8.4195757e-15
-2.7038452e-15
1.1194485e-14
-3.6992462e-15
1.1576162e-14
-4.2527776e-15
9.961437e-15
-4.2570824e-15
7.0775378e-15
-3.7303083e-15
3.733171e-15
-2.7800231e-15
6.1264507e-16
-1.5592861e-15
-1.8320909e-15
-2.2804992e-16
-3.3955986e-15
-3.2570202e-15
-6.3392709e-17
-3.1770925e-15
-7.9947473e-17
-3.1098535e-15
-6.7243813e-17
-3.0749651e-15
-3.4891829e-17
-3.0833388e-15
8.3768757e-18
-3.138899e-15
5.5546981e-17
-3.2402479e-15
1.0133113e-16
-3.3821616e-15
1.419231e-16
-3.5564418e-15
1.7423519e-16
-3.751843e-15
1.9544683e-16
-3.9541449e-15
2.0229123e-16
-4.1452231e-15
1.9108121e-16
-4.3034189e-15
1.5822271e-16
-4.4060675e-15
1.0263089e-16
-4.4401928e-15
3.4104272e-17
-4.4353916e-15
-4.8005909e-18
-4.5304091e-15
9.5005894e-17
-5.1021433e-15
5.717442e-16
-7.7181099e-15
2.6159631e-15
1.3152395e-14
-2.0870493e-14
-8.4894432e-15
-2.0216267e-16
-8.3071924e-15
-2.6218638e-16
-8.1523453e-15
-2.2210819e-16
-8.0739798e-15
-1.1323353e-16
-8.1008996e-15
3.5307695e-17
-8.2447689e-15
1.9938611e-16
-8.5040249e-15
3.6063588e-16
-8.867408e-15
5.0534658e-16
-9.316198e-15
6.2298812e-16
-9.8253771e-15
7.0461397e-16
-1.0364649e-14
7.414885e-16
-1.0899084e-14
7.2552046e-16
-1.1392825e-14
6.5193505e-16
-1.1817723e-14
5.275324e-16
-1.2173584e-14
3.8987106e-16
-1.2525671e-14
3.4733734e-16
-1.3080789e-14
6.5009162e-16
-1.4380561e-14
1.8714942e-15
-1.7397556e-14
5.6329001e-15
1.6063568e-14
-2.0308692e-14
-1.1359065e-14
-4.6347327e-16
-1.104782e-14
-5.734736e-16
-1.0782864e-14
-4.8716508e-16
-1.0631176e-14
-2.6492034e-16
-1.0632231e-14
3.6318768e-17
-1.0801874e-14
3.6906085e-16
-1.1137894e-14
6.9661209e-16
-1.1624372e-14
9.9177878e-16
-1.2235423e-14
1.2340788e-15
-1.2937638e-14
1.4069412e-15
-1.3692137e-14
1.4960016e-15
-1.4456718e-14
1.490095e-15
-1.5190927e-14
1.3860949e-15
-1.5864999e-14
1.2015794e-15
-1.6474432e-14
9.9925104e-16
-1.7057664e-14
9.3055376e-16
-1.771262e-14
1.3050901e-15
-1.8556993e-14
2.7159189e-15
-1.9209837e-14
6.2858851e-15
1.3677478e-14
-1.6823728e-14
-1.1407872e-14
-9.398246e-16
-1.0901405e-14
-1.0799935e-15
-1.0471952e-14
-9.1666174e-16
-1.019282e-14
-5.4404741e-16
-1.0105586e-14
-5.0878785e-17
-1.0225151e-14
4.8864071e-16
-1.0545785e-14
1.0172475e-15
-1.104668e-14
1.4926888e-15
-1.1696266e-14
1.8836875e-15
-1.2455522e-14
2.1661424e-15
-1.3280184e-14
2.3206475e-15
-1.412354e-14
2.333409e-15
-1.4939493e-14
2.2021172e-15
-1.5687337e-14
1.9493992e-15
-1.6334017e-14
1.6459089e-15
-1.6847978e-14
1.4445401e-15
-1.7164906e-14
1.6220166e-15
-1.7067539e-14
2.6185547e-15
-1.5818464e-14
5.0367642e-15
9.3598075e-15
-1.1500692e-14
-8.8353817e-15
-1.7050319e-15
-8.0835646e-15
-1.8317688e-15
-7.4504325e-15
-1.5498277e-15
-7.0046993e-15
-9.8969737e-16
-6.7822167e-15
-2.7337655e-16
-6.7915705e-15
4.9796995e-16
-7.0209208e-15
1.2466158e-15
-7.4439547e-15
1.9156954e-15
-8.0243038e-15
2.4640909e-15
-8.7192328e-15
2.8610453e-15
-9.4815744e-15
3.0829822e-15
-1.0261748e-14
3.1135311e-15
-1.1008635e-14
2.9490573e-15
-1.1669368e-14
2.6101333e-15
-1.218323e-14
2.1598136e-15
-1.2464303e-14
1.7256073e-15
-1.2358441e-14
1.5161275e-15
-1.1553975e-14
1.8140853e-15
-9.4229815e-15
2.9057449e-15
4.8404632e-15
-4.9035686e-15
-4.3486562e-15
-2.7716333e-15
-3.3545991e-15
-2.8258583e-15
-2.5250616e-15
-2.3793406e-15
-1.9153786e-15
-1.5994559e-15
-1.5490084e-15
-6.3975603e-16
-1.4245546e-15
3.7349968e-16
-1.5225444e-15
1.3445605e-15
-1.8113225e-15
2.2044625e-15
-2.2515367e-15
2.9043199e-15
-2.7992267e-15
3.4087635e-15
-3.4076726e-15
3.6913955e-15
-4.0280714e-15
3.7339703e-15
-4.6092193e-15
3.5302294e-15
-5.0942089e-15
3.0950756e-15
-5.4121155e-15
2.4776892e-15
-5.4607437e-15
1.7742443e-15
-5.0764313e-15
1.1318597e-15
-3.9905276e-15
7.2815313e-16
-1.7891887e-15
7.0436143e-16
1.0164704e-15
2.034826e-15
1.0735961e-15
-4.0732909e-15
2.2392413e-15
-3.9914836e-15
3.1997486e-15
-3.3398923e-15
3.9203029e-15
-2.3199905e-15
4.3936329e-15
-1.1131296e-15
4.6329775e-15
1.3411492e-16
4.6651469e-15
1.3123884e-15
4.5252455e-15
2.3443616e-15
4.2528838e-15
3.1767366e-15
3.8894103e-15
3.7722159e-15
3.4769125e-15
4.1038901e-15
3.0579585e-15
4.1529654e-15
2.6767323e-15
3.91142e-15
2.3830648e-15
3.3888163e-15
2.2392635e-15
2.6215224e-15
2.3324415e-15
1.6810519e-15
2.7901837e-15
6.740926e-16
3.7934749e-15
-2.7513812e-16
5.5680156e-15
-1.0701964e-15
8.3060875e-15
-1.7216019e-15
-5.7841155e-15
4.9683441e-14
2.2755023e-14
7.2591616e-14
5.0707841e-14
7.0373949e-14
7.0699859e-14
4.6804092e-14
7.9694251e-14
1.0598266e-14
7.6785857e-14
-2.8533123e-14
6.2428426e-14
-6.1073412e-14
3.9304813e-14
-7.7788442e-14
1.4280189e-14
-7.0256291e-14
-3.326924e-14
-7.0399785e-15
3.6414795e-14
1.6560913e-14
4.8990625e-14
4.0757987e-14
4.6176866e-14
5.8722651e-14
2.8839378e-14
6.6787092e-14
2.5337969e-15
6.3772235e-14
-2.5518277e-14
5.0628877e-14
-4.7930024e-14
3.0750789e-14
-5.7910396e-14
1.0638277e-14
-5.0143731e-14
-2.2630972e-14
-5.0285952e-15
2.4619697e-14
1.3323091e-14
3.0638984e-14
3.2239984e-14
2.726002e-14
4.6417497e-14
1.4661899e-14
5.2584997e-14
-3.6336673e-15
4.9656174e-14
-2.2589461e-14
3.8672281e-14
-3.6946094e-14
2.2851204e-14
-4.2089357e-14
7.604783e-15
-3.4897338e-14
-1.502617e-14
-1.5513515e-15
1.4670336e-14
1.2255838e-14
1.6831808e-14
2.6136958e-14
1.3378886e-14
3.6346125e-14
4.4526989e-15
4.0395279e-14
-7.6828106e-15
3.7489964e-14
-1.9684206e-14
2.8617907e-14
-2.8073972e-14
1.6492407e-14
-2.9963825e-14
5.3030669e-15
-2.370803e-14
-9.7230755e-15
2.9167813e-15
6.8499193e-15
1.2820836e-14
6.9277418e-15
2.2359083e-14
3.8406293e-15
2.9017728e-14
-2.2059579e-15
3.1089228e-14
-9.754254e-15
2.8103291e-14
-1.6698241e-14
2.0946025e-14
-2.0916659e-14
1.1767107e-14
-2.0784929e-14
3.6618312e-15
-1.5602728e-14
-6.0612429e-15
7.6864765e-15
1.1982956e-15
1.428862e-14
3.2554834e-16
2.0259489e-14
-2.130217e-15
2.3983309e-14
-5.9297256e-15
2.4386844e-14
-1.0157717e-14
2.126974e-14
-1.3581166e-14
1.5401169e-14
-1.5048108e-14
8.4196654e-15
-1.3803405e-14
2.5375755e-15
-9.7205548e-15
-3.5236591e-15
1.1940208e-14
-2.4357629e-15
1.5842083e-14
-3.5762821e-15
1.9011381e-14
-5.2995623e-15
2.0462206e-14
-7.3805614e-15
1.9585474e-14
-9.2809568e-15
1.6371618e-14
-1.0367286e-14
1.1469595e-14
-1.0146051e-14
6.0929772e-15
-8.4267427e-15
1.7804663e-15
-5.4079691e-15
-1.7431941e-15
-2.5196521e-16
3.6014328e-15
-7.6055651e-16
8.9281227e-15
-1.240177e-15
1.1674091e-14
-1.4496717e-15
1.1785655e-14
-1.2430265e-15
9.7548393e-15
-5.8626534e-16
6.4208426e-15
4.5947639e-16
2.6874718e-15
1.7737384e-15
-7.0172814e-16
3.215328e-15
-3.27374e-15
-4.8324854e-15
4.6522105e-15
-3.746093e-17
3.6388494e-15
-3.3863812e-17
8.9245148e-15
1.6481831e-16
1.1475407e-14
6.8007333e-16
1.1270276e-14
1.5588169e-15
8.8760198e-15
2.7658466e-15
5.2137711e-15
4.2050484e-15
1.2483042e-15
5.7523001e-15
-2.2489649e-15
7.286334e-15
-4.8078344e-15
-6.2553183e-15
8.7092012e-15
1.7982392e-16
3.4590228e-15
6.9098484e-16
8.4133267e-15
1.5348542e-15
1.0631542e-14
2.696456e-15
1.0108706e-14
4.1172025e-15
7.4552113e-15
5.6982557e-15
3.632719e-15
7.3223373e-15
-3.7577075e-16
8.8791946e-15
-3.8059357e-15
1.0284481e-14
-6.2130953e-15
-7.4580189e-15
1.1487283e-14
3.7992605e-16
3.0790752e-15
1.3435737e-15
7.4496252e-15
2.7307085e-15
9.2443787e-15
4.385139e-15
8.454189e-15
6.1475095e-15
5.692797e-15
7.8686948e-15
1.9114849e-15
9.4288293e-15
-1.9359621e-15
1.075018e-14
-5.1273621e-15
1.1800223e-14
-7.2630531e-15
-8.242703e-15
1.258486e-14
5.3920168e-16
2.5398926e-15
1.846615e-15
6.1421278e-15
3.6094559e-15
7.4815425e-15
5.5416693e-15
6.5219473e-15
7.3996286e-15
3.8347584e-15
9.0040889e-15
3.069451e-16
1.0252154e-14
-3.184026e-15
1.1114168e-14
-5.9894119e-15
1.1619146e-14
-7.7680079e-15
-8.4574614e-15
1.1833966e-14
6.3224491e-16
1.9076198e-15
2.123817e-15
4.6505555e-15
4.0420173e-15
5.563357e-15
6.0008692e-15
4.563012e-15
7.6999078e-15
2.1356745e-15
8.9524286e-15
-9.455391e-16
9.6882098e-15
-3.9198607e-15
9.9341614e-15
-6.2353622e-15
9.7820707e-15
-7.615932e-15
-8.0312201e-15
9.3557943e-15
6.3913885e-16
1.2685002e-15
2.1220455e-15
3.1675964e-15
3.9532663e-15
3.7321383e-15
5.6930187e-15
2.8232629e-15
7.0180261e-15
8.1063156e-16
7.7541887e-15
-1.6816842e-15
7.8715349e-15
-4.0373144e-15
7.4511038e-15
-5.8148774e-15
6.6387794e-15
-6.8037351e-15
-6.9959428e-15
5.603543e-15
5.61107e-16
7.0739173e-16
1.8459805e-15
1.8827796e-15
3.3725874e-15
2.2055746e-15
4.7057179e-15
1.4901127e-15
5.5317084e-15
-1.5312219e-17
5.7008508e-15
-1.8508153e-15
5.2203083e-15
-3.5567381e-15
4.2116975e-15
-4.8062819e-15
2.8575018e-15
-5.4495636e-15
1.3531105e-15
-5.4915433e-15
5.9795681e-15
-5.4006099e-15
7.1266085e-15
-5.1385802e-15
8.0556669e-15
-4.2689156e-15
8.7561423e-15
-3.0204422e-15
9.2375836e-15
-1.594602e-15
9.5228915e-15
-1.5113325e-16
9.6423006e-15
1.1929802e-15
9.6294742e-15
2.3571298e-15
9.5186844e-15
3.2875112e-15
9.3430079e-15
3.9479419e-15
9.1337447e-15
4.3131581e-15
8.920614e-15
4.3660485e-15
8.7332781e-15
4.0987927e-15
8.6040456e-15
3.5180933e-15
8.5729722e-15
2.6526109e-15
8.6945038e-15
1.5594635e-15
9.043649e-15
3.2495042e-16
9.7149174e-15
-9.4639768e-16
1.0802871e-14
-2.1582212e-15
-3.2626567e-15
1.2343893e-14
9.9549307e-15
-6.646344e-15
1.0989927e-14
-6.1735927e-15
1.1807301e-14
-5.086399e-15
1.2419616e-14
-3.6327332e-15
1.2851037e-14
-2.0260582e-15
1.3131821e-14
-4.3191739e-16
1.3293521e-14
1.0312992e-15
1.3366275e-14
2.2843726e-15
1.3377176e-14
3.2766252e-15
1.3349347e-14
3.9757429e-15
1.3302061e-14
4.3604799e-15
1.3251021e-14
4.4170903e-15
1.3209852e-14
4.1399766e-15
1.3192175e-14
3.5357673e-15
1.3215e-14
2.6297282e-15
1.3302449e-14
1.4719397e-15
1.3487481e-14
1.3988707e-16
1.3807512e-14
-1.2663898e-15
1.4287263e-14
-2.6380343e-15
-3.8779612e-15
1.4902535e-14
1.2469161e-14
-7.6282393e-15
1.3237687e-14
-6.9421719e-15
1.3817537e-14
-5.6662466e-15
1.4242081e-14
-4.0572548e-15
1.4546794e-14
-2.3307983e-15
1.4765076e-14
-6.5021017e-16
1.4925398e-14
8.7091634e-16
1.5050462e-14
2.1593422e-15
1.5156549e-14
3.1706159e-15
1.5253868e-14
3.8784127e-15
1.5347162e-14
4.2671706e-15
1.5436245e-14
4.3279662e-15
1.5517463e-14
4.0587651e-15
1.5585183e-14
3.4680043e-15
1.5634385e-14
2.5804134e-15
1.5662967e-14
1.4433572e-15
1.5672254e-14
1.3060383e-16
1.566371e-14
-1.2578594e-15
1.5628345e-14
-2.6026381e-15
-3.7771655e-15
1.5527506e-14
1.3137862e-14
-8.1812338e-15
1.3507961e-14
-7.3123145e-15
1.3748338e-14
-5.9066592e-15
1.3908691e-14
-4.217551e-15
1.4030501e-14
-2.4526006e-15
1.4145255e-14
-7.6489345e-16
1.4273822e-14
7.4231249e-16
1.4427654e-14
2.0055032e-15
1.4609512e-14
2.9886959e-15
1.4814876e-14
3.6730282e-15
1.503292e-14
4.0491265e-15
1.524748e-14
4.1133454e-15
1.5438499e-14
3.8677517e-15
1.5583291e-14
3.3232043e-15
1.5658886e-14
2.5048521e-15
1.564377e-14
1.458399e-15
1.5519497e-14
2.5485817e-16
1.5269303e-14
-1.0076639e-15
1.4873857e-14
-2.2072776e-15
-3.2068753e-15
1.4303603e-14
1.1843139e-14
-8.1904533e-15
1.1732349e-14
-7.2015814e-15
1.1577162e-14
-5.7514502e-15
1.143688e-14
-4.0773512e-15
1.1352915e-14
-2.3686929e-15
1.1349616e-14
-7.6160297e-16
1.1436412e-14
6.5551524e-16
1.1610765e-14
1.8311715e-15
1.1860512e-14
2.7389974e-15
1.2165921e-14
3.3676709e-15
1.2501233e-14
3.7138203e-15
1.2835954e-14
3.7786208e-15
1.3136125e-14
3.5675967e-15
1.3365777e-14
3.0935125e-15
1.3489253e-14
2.3814498e-15
1.3473161e-14
1.4744666e-15
1.3289178e-14
4.3883377e-16
1.291504e-14
-6.3352903e-16
1.2334663e-14
-1.6268592e-15
-2.4090028e-15
1.1536778e-14
8.783572e-15
-7.6182452e-15
8.1792855e-15
-6.5973098e-15
7.6322726e-15
-5.2044655e-15
7.2041182e-15
-3.6491586e-15
6.9301167e-15
-2.0946553e-15
6.8231986e-15
-6.5471949e-16
6.8788927e-15
5.9979599e-16
7.0796433e-15
1.630378e-15
7.3985955e-15
2.4200873e-15
7.8020089e-15
2.9641838e-15
8.2515311e-15
3.2642866e-15
8.7051701e-15
3.3249622e-15
9.1187708e-15
3.1539465e-15
9.4476683e-15
2.7646304e-15
9.6487282e-15
2.180391e-15
9.6833412e-15
1.4398313e-15
9.5205787e-15
6.0154162e-16
9.1404608e-15
-2.5341281e-16
8.5363658e-15
-1.0227914e-15
-1.589659e-15
7.717005e-15
4.5045133e-15
-6.5192603e-15
3.4722307e-15
-5.565059e-15
2.6002903e-15
-4.3325349e-15
1.9452829e-15
-2.9942178e-15
1.531858e-15
-1.681248e-15
1.359319e-15
-4.8216533e-16
1.4085999e-15
5.5045129e-16
1.6483816e-15
1.3906731e-15
2.0390326e-15
2.0294191e-15
2.5361143e-15
2.4671459e-15
3.0919859e-15
2.7084183e-15
3.6572708e-15
2.7596868e-15
4.1819818e-15
2.6292002e-15
4.6172724e-15
2.3293133e-15
4.9175361e-15
1.8800801e-15
5.0437376e-15
1.3136069e-15
4.967243e-15
6.780608e-16
4.6739235e-15
3.9853376e-17
4.1682402e-15
-5.1708748e-16
-8.9739883e-16
3.4759838e-15
-1.276037e-16
-5.0385612e-15
-1.4505001e-15
-4.2422217e-15
-2.526872e-15
-3.256184e-15
-3.3103978e-15
-2.2106881e-15
-3.7895162e-15
-1.2020973e-15
-3.9783944e-15
-2.9329776e-16
-3.9084277e-15
4.8053098e-16
-3.6218561e-15
1.1040313e-15
-3.1665397e-15
1.574153e-15
-2.5935815e-15
1.8941698e-15
-1.9549287e-15
2.0698072e-15
-1.3027893e-15
2.1075424e-15
-6.8825625e-16
2.0146671e-15
-1.6008897e-16
1.8011558e-15
2.3769996e-16
1.4823065e-15
4.6908225e-16
1.0822339e-15
5.1008109e-16
6.3704319e-16
3.5347705e-16
1.9645977e-16
1.3007654e-17
-1.7667033e-16
-4.7342943e-16
-4.1093864e-16
1.4202903e-14
-4.2948154e-15
1.596725e-14
-5.3406165e-15
1.7052294e-14
-6.3846256e-15
1.6917504e-14
-7.2457914e-15
1.527678e-14
-7.6401846e-15
1.2228811e-14
-7.3193637e-15
8.2825215e-15
-6.1997515e-15
4.2787449e-15
-4.4229646e-15
1.2175472e-15
-2.346764e-15
-5.2563713e-16
1.5525465e-14
-4.9177179e-15
1.5890462e-14
-5.7055673e-15
1.5661811e-14
-6.1559166e-15
1.4560399e-14
-6.1443489e-15
1.2486679e-14
-5.5664399e-15
9.5926249e-15
-4.4253023e-15
6.2845548e-15
-2.8916191e-15
3.1578662e-15
-1.2962394e-15
8.749551e-16
-6.3880772e-17
3.4931659e-16
1.5270091e-14
-4.6602895e-15
1.4706412e-14
-5.1419351e-15
1.3671388e-14
-5.1208786e-15
1.2055961e-14
-4.5288984e-15
9.8729431e-15
-3.3834351e-15
7.2895858e-15
-1.8419021e-15
4.6155684e-15
-2.176854e-16
2.2512284e-15
1.0681088e-15
6.0571904e-16
1.5816708e-15
9.550666e-16
1.3511112e-14
-3.8677533e-15
1.2434482e-14
-4.0652753e-15
1.1022732e-14
-3.7090918e-15
9.2723193e-15
-2.7784753e-15
7.2563985e-15
-1.3675125e-15
5.131661e-15
2.8279351e-16
3.1187308e-15
1.7952523e-15
1.4614323e-15
2.725387e-15
3.7579359e-16
2.6672427e-15
1.3308464e-15
1.051442e-14
-2.8453789e-15
9.2689766e-15
-2.819853e-15
7.8227435e-15
-2.2628518e-15
6.2328904e-15
-1.188644e-15
4.5976337e-15
2.6764826e-16
3.0476588e-15
1.8327392e-15
1.7226032e-15
3.1202929e-15
7.404036e-16
3.7075004e-15
1.6796269e-16
3.2396687e-15
1.4987747e-15
6.7078485e-15
-1.8362467e-15
5.5532846e-15
-1.6652954e-15
4.3194229e-15
-1.0289678e-15
3.0937432e-15
3.7076037e-17
1.9769374e-15
1.3843967e-15
1.0655742e-15
2.7441417e-15
4.2789338e-16
3.7579556e-15
8.1643447e-17
4.0537345e-15
-2.1247407e-17
3.3425383e-15
1.4775386e-15
2.6458417e-15
-1.0060951e-15
1.7485983e-15
-7.6806729e-16
8.7328467e-16
-1.5360255e-16
1.1741869e-16
7.9290926e-16
-4.2908421e-16
1.9309614e-15
-7.0633204e-16
3.0213624e-15
-7.0627576e-16
3.757876e-15
-4.8815181e-16
3.8356306e-15
-1.8421422e-16
3.0386054e-15
1.2933108e-15
-1.0433562e-15
-4.3618468e-16
-1.612794e-15
-1.9863401e-16
-2.0847994e-15
3.1837314e-16
-2.3643736e-15
1.072474e-15
-2.3795441e-15
1.9460678e-15
-2.1046509e-15
2.7464742e-15
-1.5800018e-15
3.2332656e-15
-9.1948373e-16
3.1750152e-15
-3.068491e-16
2.4260087e-15
9.8645561e-16
1.5673408e-16
5.5070299e-16
4.9916924e-16
1.5403772e-15
9.0220184e-16
1.8025784e-15
1.2336073e-15
1.1587136e-15
1.395969e-15
-1.7763749e-16
1.346604e-15
-1.801441e-15
1.0934169e-15
-3.3035569e-15
6.8048058e-16
-4.3933417e-15
1.7015688e-16
-4.9392552e-15
-3.7276689e-16
-4.9486247e-15
-8.9215252e-16
-4.519175e-15
-1.3461308e-15
-3.788245e-15
-1.7084193e-15
-2.8939099e-15
-1.9667576e-15
-1.9523158e-15
-2.1201065e-15
-1.0487359e-15
-2.1753779e-15
-2.3803576e-16
-2.1445553e-15
4.4974213e-16
-2.0425864e-15
1.0020529e-15
-1.8857639e-15
1.4173329e-15
-1.6909096e-15
1.699303e-15
-1.4748226e-15
1.8537192e-15
-1.2540337e-15
1.8867414e-15
-1.0445034e-15
1.8051713e-15
-8.6125392e-16
1.617918e-15
-7.1764792e-16
1.3386762e-15
-6.24313e-16
9.8893011e-16
-5.8791316e-16
6.0061528e-16
-6.095583e-16
2.1809253e-16
-6.8347053e-16
-1.0273724e-16
-7.9604594e-16
-2.9838407e-16
-9.2580307e-16
-3.0640124e-16
-1.0448323e-15
-7.9630788e-17
-1.1220295e-15
3.955428e-16
-1.1286026e-15
1.0790772e-15
-1.0452772e-15
1.8627431e-15
-8.6978179e-16
2.5709615e-15
-6.2266004e-16
2.9861072e-15
-3.4984476e-16
2.902182e-15
-1.1651668e-16
2.1926662e-15
8.699421e-16
3.4550579e-16
2.0523801e-16
1.1603699e-15
7.2559097e-16
2.0891168e-15
8.7380871e-16
2.7767153e-15
4.7115791e-16
2.9640973e-15
-3.6498478e-16
2.5414368e-15
-1.3787534e-15
1.5447349e-15
-2.3068231e-15
1.1418704e-16
-2.9627162e-15
-1.560114e-15
-3.2649381e-15
-3.2232486e-15
-3.2854619e-15
1.759993e-16
2.9310143e-17
6.4567878e-16
2.5588203e-16
1.1791664e-15
3.4026858e-16
1.4989128e-15
1.515225e-16
1.3947846e-15
-2.6081332e-16
7.8119471e-16
-7.6516505e-16
-3.0168357e-16
-1.2239883e-15
-1.7236805e-15
-1.5406165e-15
-3.3139794e-15
-1.6746122e-15
-1.6335314e-15
-4.903699e-15
4.7325554e-17
-1.8002544e-17
2.5352113e-16
4.9772746e-17
5.0711935e-16
8.6746439e-17
6.1928946e-16
3.9432558e-17
4.3714552e-16
-7.8665782e-17
-1.0191774e-16
-2.2606606e-16
-9.6623671e-16
-3.5962653e-16
-2.0571093e-15
-4.4974916e-16
-3.2469907e-15
-4.8470391e-16
-4.6780156e-16
-4.4126527e-15
-1.7957384e-17
3.1874203e-17
1.1863656e-16
1.5806732e-16
7.9429669e-17
-1.4660213e-16
-5.0624234e-16
-9.5595556e-16
-1.4406139e-15
-1.9084318e-15
-4.8989915e-15
-2.9056096e-15
-6.2832448e-15
-2.403989e-15
-7.3684749e-15
-1.8087038e-15
-8.1267105e-15
-1.1940281e-15
-8.5623767e-15
-6.1303325e-16
-8.702048e-15
-9.8377663e-17
-8.5856325e-15
3.332527e-16
-8.2600039e-15
6.764047e-16
-7.7745988e-15
9.3194915e-16
-7.1792186e-15
1.1038964e-15
-6.5224819e-15
1.1969467e-15
-5.8513808e-15
1.2156582e-15
-5.2108505e-15
1.1646273e-15
-4.642446e-15
1.049603e-15
-4.1827569e-15
8.7898827e-16
-3.8600153e-15
6.6619505e-16
-3.6906764e-15
4.3127882e-16
-3.6748144e-15
2.0220837e-16
-3.7922053e-15
1.4619147e-17
-9.0901249e-17
-3.9996837e-15
-6.3544588e-15
-1.4548629e-15
-7.570864e-15
-1.1875365e-15
-8.5011571e-15
-8.7844563e-16
-9.1301824e-15
-5.6502957e-16
-9.4699316e-15
-2.732154e-16
-9.550084e-15
-1.8259448e-17
-9.4097178e-15
1.929605e-16
-9.0921974e-15
3.5885597e-16
-8.6412499e-15
4.8108698e-16
-8.09958e-15
5.6224159e-16
-7.5078905e-15
6.0523801e-16
-6.9048143e-15
6.1257448e-16
-6.3266813e-15
5.865876e-16
-5.8069154e-15
5.2987514e-16
-5.3744425e-15
4.4649573e-16
-5.0510344e-15
3.4284238e-16
-4.8484352e-15
2.2865972e-16
-4.7640867e-15
1.1788188e-16
-4.7779142e-15
2.842596e-17
-1.8942556e-17
-4.849877e-15
-5.4561921e-15
-4.113347e-16
-6.3133476e-15
-3.3040973e-16
-6.9526097e-15
-2.3918629e-16
-7.3691635e-15
-1.4850943e-16
-7.5768457e-15
-6.5567473e-17
-7.6007687e-15
5.6800652e-18
-7.4716059e-15
6.3744686e-17
-7.2213356e-15
1.086692e-16
-6.881502e-15
1.4120618e-16
-6.4816387e-15
1.624016e-16
-6.0495982e-15
1.7317525e-16
-5.6112894e-15
1.7431867e-16
-5.1911027e-15
1.6639872e-16
-4.8112272e-15
1.5005698e-16
-4.4910096e-15
1.2632475e-16
-4.2450623e-15
9.6862307e-17
-4.0808063e-15
6.4349953e-17
-3.995688e-15
3.2702124e-17
-3.9744516e-15
7.1777194e-18
-6.0695933e-18
-3.9872756e-15
-2.3197433e-15
-2.6501725e-15
-2.8893267e-15
-3.0378186e-15
-3.1034113e-15
-3.0977183e-15
-3.0339857e-15
-2.9252833e-15
-2.7841111e-15
-2.6216812e-15
-2.4485197e-15
-2.2741882e-15
-2.1078166e-15
-1.9577028e-15
-1.8313453e-15
-1.7344665e-15
-1.6701241e-15
-1.6374112e-15
-1.6302031e-15
-1.6363258e-15
-4.2315672e-15
-7.4486019e-17
-4.404717e-15
9.3529813e-17
-4.4293913e-15
4.2024421e-16
-4.2270127e-15
8.7662914e-16
-3.7521681e-15
1.3879061e-15
-3.0150288e-15
1.8338237e-15
-2.0957921e-15
2.0668483e-15
-1.1433736e-15
1.9497889e-15
-3.6028489e-16
1.4094991e-15
5.0962282e-16
-4.9206794e-15
-3.6813446e-18
-4.9167443e-15
8.95821e-17
-4.7610404e-15
2.6447269e-16
-4.3897114e-15
5.0534948e-16
-3.7735136e-15
7.7169565e-16
-2.937719e-15
9.9805613e-16
-1.9739655e-15
1.1030774e-15
-1.0347552e-15
1.0105846e-15
-3.0960802e-16
6.8435967e-16
1.9998375e-16
-3.990152e-15
-8.296633e-19
-3.928438e-15
2.7880435e-17
-3.7454163e-15
8.138165e-17
-3.395301e-15
1.5525057e-16
-2.860523e-15
2.3694432e-16
-2.1680918e-15
3.0564491e-16
-1.3995048e-15
3.345806e-16
-6.8606956e-16
2.9711908e-16
-1.8059413e-16
1.7898154e-16
1.9390332e-17
-1.6371391e-15
-1.6092896e-15
-1.5279209e-15
-1.3726649e-15
-1.1357143e-15
-8.3007945e-16
-4.9555059e-16
-1.9842761e-16
-1.9388065e-17
)
;

boundaryField
{
    needle_inlet
    {
        type            calculated;
        value           uniform 0;
    }
    needle_outlet
    {
        type            calculated;
        value           uniform 0;
    }
    sclera_left
    {
        type            calculated;
        value           uniform 0;
    }
    sclera_top
    {
        type            calculated;
        value           uniform 0;
    }
    sclera_bot
    {
        type            calculated;
        value           uniform 0;
    }
    sclera_right
    {
        type            calculated;
        value           uniform 0;
    }
    lens_wall
    {
        type            calculated;
        value           uniform 0;
    }
    iris_wall
    {
        type            calculated;
        value           uniform 0;
    }
    ac_inlet
    {
        type            calculated;
        value           nonuniform List<scalar> 5(-1.0020141e-11 -1.0020141e-11 -1.0020141e-11 -1.0020141e-11 -1.0020141e-11);
    }
    outlet_tm
    {
        type            calculated;
        value           nonuniform List<scalar> 5(4.6208975e-12 9.8605188e-12 1.2424424e-11 1.2562519e-11 1.0632348e-11);
    }
    front
    {
        type            empty;
    }
    back
    {
        type            empty;
    }
}


// ************************************************************************* //
