/*--------------------------------*- C++ -*----------------------------------*\
| =========                 |                                                 |
| \\      /  F ield         | OpenFOAM: The Open Source CFD Toolbox           |
|  \\    /   O peration     | Version:  2512                                  |
|   \\  /    A nd           | Website:  www.openfoam.com                      |
|    \\/     M anipulation  |                                                 |
\*---------------------------------------------------------------------------*/
FoamFile
{
    version     2.0;
    format      ascii;
    arch        "LSB;label=32;scalar=64";
    class       volVectorField;
    location    "0.01";
    object      D_0;
}
// * * * * * * * * * * * * * * * * * * * * * * * * * * * * * * * * * * * * * //

dimensions      [0 1 0 0 0 0 0];

internalField   nonuniform List<vector> 
480
(
(5.2193285e-06 -8.4227132e-07 -5.9912538e-08)
(5.2227283e-06 -7.949633e-07 -1.8190531e-07)
(5.2241979e-06 -7.5753404e-07 -3.0360086e-07)
(5.2280514e-06 -6.9785834e-07 -4.2060787e-07)
(5.2299994e-06 -6.2194794e-07 -5.2826076e-07)
(5.2299995e-06 -5.2826074e-07 -6.2194797e-07)
(5.2280515e-06 -4.2060787e-07 -6.978584e-07)
(5.2241981e-06 -3.0360087e-07 -7.5753412e-07)
(5.2227285e-06 -1.8190532e-07 -7.9496341e-07)
(5.2193287e-06 -5.9912542e-08 -8.4227146e-07)
(5.316079e-06 -3.8015005e-07 -2.6255079e-08)
(5.3240153e-06 -3.7221481e-07 -8.6905134e-08)
(5.3309502e-06 -3.5360419e-07 -1.4358084e-07)
(5.3341742e-06 -3.2686711e-07 -1.985535e-07)
(5.3361783e-06 -2.9143557e-07 -2.4816827e-07)
(5.3361783e-06 -2.4816824e-07 -2.914356e-07)
(5.3341743e-06 -1.9855348e-07 -3.2686715e-07)
(5.3309503e-06 -1.4358083e-07 -3.5360424e-07)
(5.3240154e-06 -8.6905124e-08 -3.7221488e-07)
(5.3160792e-06 -2.6255076e-08 -3.8015012e-07)
(5.2868651e-06 9.2589393e-08 7.9135807e-09)
(5.2908951e-06 8.601397e-08 1.9507216e-08)
(5.2968494e-06 7.9288904e-08 3.1435235e-08)
(5.2988032e-06 7.2334076e-08 4.3311243e-08)
(5.3004195e-06 6.4027046e-08 5.4252434e-08)
(5.3004195e-06 5.4252458e-08 6.4027023e-08)
(5.2988033e-06 4.3311264e-08 7.2334054e-08)
(5.2968495e-06 3.1435253e-08 7.9288884e-08)
(5.2908953e-06 1.9507229e-08 8.6013954e-08)
(5.2868652e-06 7.9135847e-09 9.2589378e-08)
(5.1393987e-06 5.8287414e-07 4.1214212e-08)
(5.1252787e-06 5.2770932e-07 1.1767804e-07)
(5.1232011e-06 5.0024957e-07 1.9674307e-07)
(5.1241533e-06 4.57943e-07 2.7311199e-07)
(5.1253315e-06 4.0717379e-07 3.4462589e-07)
(5.1253315e-06 3.4462591e-07 4.0717377e-07)
(5.1241534e-06 2.7311202e-07 4.5794299e-07)
(5.1232012e-06 1.967431e-07 5.0024958e-07)
(5.1252788e-06 1.1767806e-07 5.2770934e-07)
(5.1393988e-06 4.1214218e-08 5.8287417e-07)
(4.9374604e-06 -8.0084842e-07 -5.827824e-08)
(4.9342319e-06 -7.7480073e-07 -1.7889241e-07)
(4.9375907e-06 -7.3670377e-07 -2.952733e-07)
(4.9403044e-06 -6.7940546e-07 -4.0880476e-07)
(4.9424213e-06 -6.0442077e-07 -5.1296889e-07)
(4.9424214e-06 -5.1296889e-07 -6.0442078e-07)
(4.9403045e-06 -4.0880478e-07 -6.7940549e-07)
(4.9375909e-06 -2.9527332e-07 -7.3670383e-07)
(4.9342321e-06 -1.7889242e-07 -7.7480082e-07)
(4.9374607e-06 -5.8278248e-08 -8.0084853e-07)
(5.0051438e-06 -3.3693649e-07 -2.6460441e-08)
(5.0109295e-06 -3.2847167e-07 -7.8231754e-08)
(5.0182441e-06 -3.1227468e-07 -1.2807429e-07)
(5.0235221e-06 -2.8840627e-07 -1.7561266e-07)
(5.0262787e-06 -2.5706294e-07 -2.1905834e-07)
(5.0262787e-06 -2.1905832e-07 -2.5706296e-07)
(5.0235222e-06 -1.7561264e-07 -2.884063e-07)
(5.0182442e-06 -1.2807428e-07 -3.1227472e-07)
(5.0109297e-06 -7.8231749e-08 -3.2847173e-07)
(5.005144e-06 -2.646044e-08 -3.3693655e-07)
(4.9699938e-06 1.1573008e-07 9.2820861e-09)
(4.9748804e-06 1.1190847e-07 2.6577533e-08)
(4.9812805e-06 1.0569728e-07 4.2654261e-08)
(4.9860285e-06 9.7131564e-08 5.8417031e-08)
(4.9885486e-06 8.6172898e-08 7.3089343e-08)
(4.9885487e-06 7.3089362e-08 8.6172879e-08)
(4.9860286e-06 5.841705e-08 9.7131547e-08)
(4.9812806e-06 4.2654277e-08 1.0569726e-07)
(4.9748806e-06 2.6577545e-08 1.1190845e-07)
(4.969994e-06 9.2820901e-09 1.1573007e-07)
(4.8363496e-06 5.9672102e-07 4.1205728e-08)
(4.8281244e-06 5.6939299e-07 1.2980735e-07)
(4.8289918e-06 5.3942523e-07 2.1322526e-07)
(4.8300713e-06 4.9548182e-07 2.9570107e-07)
(4.8315341e-06 4.3968333e-07 3.7205044e-07)
(4.8315341e-06 3.7205047e-07 4.3968331e-07)
(4.8300714e-06 2.9570109e-07 4.954818e-07)
(4.8289919e-06 2.1322529e-07 5.3942523e-07)
(4.8281245e-06 1.2980737e-07 5.69393e-07)
(4.8363498e-06 4.1205736e-08 5.9672105e-07)
(4.5923521e-06 -7.7398422e-07 -5.7991162e-08)
(4.5913808e-06 -7.6226973e-07 -1.7942721e-07)
(4.5960324e-06 -7.2455811e-07 -2.9338541e-07)
(4.5995294e-06 -6.6901693e-07 -4.0454942e-07)
(4.6019219e-06 -5.9522417e-07 -5.059671e-07)
(4.6019219e-06 -5.059671e-07 -5.9522418e-07)
(4.5995295e-06 -4.0454943e-07 -6.6901695e-07)
(4.5960326e-06 -2.9338543e-07 -7.2455816e-07)
(4.591381e-06 -1.7942722e-07 -7.622698e-07)
(4.5923524e-06 -5.7991169e-08 -7.7398431e-07)
(4.6415602e-06 -3.0603376e-07 -2.4262935e-08)
(4.647103e-06 -2.992963e-07 -7.1842456e-08)
(4.6554651e-06 -2.8498807e-07 -1.1742631e-07)
(4.6618477e-06 -2.6321511e-07 -1.6058809e-07)
(4.6652531e-06 -2.3462302e-07 -2.000589e-07)
(4.6652531e-06 -2.0005888e-07 -2.3462304e-07)
(4.6618478e-06 -1.6058808e-07 -2.6321513e-07)
(4.6554652e-06 -1.1742629e-07 -2.849881e-07)
(4.6471032e-06 -7.184245e-08 -2.9929634e-07)
(4.6415605e-06 -2.4262933e-08 -3.0603381e-07)
(4.6045563e-06 1.3542273e-07 1.0674738e-08)
(4.6096678e-06 1.3317982e-07 3.1604209e-08)
(4.6175674e-06 1.27092e-07 5.1635531e-08)
(4.6236814e-06 1.1719929e-07 7.0788973e-08)
(4.6269671e-06 1.0414827e-07 8.8485286e-08)
(4.6269671e-06 8.84853e-08 1.0414826e-07)
(4.6236815e-06 7.0788989e-08 1.1719928e-07)
(4.6175675e-06 5.1635546e-08 1.2709199e-07)
(4.6096679e-06 3.160422e-08 1.3317981e-07)
(4.6045565e-06 1.0674742e-08 1.3542273e-07)
(4.4845324e-06 6.1486353e-07 4.3077081e-08)
(4.480132e-06 6.0346188e-07 1.4003284e-07)
(4.4837101e-06 5.7232621e-07 2.2893854e-07)
(4.4861838e-06 5.2740225e-07 3.1685263e-07)
(4.4881691e-06 4.6825079e-07 3.9712549e-07)
(4.4881692e-06 3.9712551e-07 4.6825078e-07)
(4.4861839e-06 3.1685265e-07 5.2740225e-07)
(4.4837102e-06 2.2893856e-07 5.7232621e-07)
(4.4801322e-06 1.4003286e-07 6.034619e-07)
(4.4845325e-06 4.3077088e-08 6.1486355e-07)
(4.1981929e-06 -7.5422144e-07 -5.6461515e-08)
(4.1998576e-06 -7.5259571e-07 -1.7757461e-07)
(4.2055023e-06 -7.1695534e-07 -2.9180045e-07)
(4.2098488e-06 -6.6282106e-07 -4.0207609e-07)
(4.2125129e-06 -5.9008113e-07 -5.0220152e-07)
(4.2125129e-06 -5.0220152e-07 -5.9008113e-07)
(4.2098489e-06 -4.020761e-07 -6.6282108e-07)
(4.2055024e-06 -2.9180045e-07 -7.1695538e-07)
(4.1998578e-06 -1.7757462e-07 -7.5259578e-07)
(4.1981931e-06 -5.6461521e-08 -7.5422152e-07)
(4.2299914e-06 -2.8174694e-07 -2.2521643e-08)
(4.2362994e-06 -2.7664278e-07 -6.6882335e-08)
(4.2455415e-06 -2.6401044e-07 -1.0932579e-07)
(4.2525013e-06 -2.4405249e-07 -1.4929975e-07)
(4.2561989e-06 -2.1767957e-07 -1.8577777e-07)
(4.2561989e-06 -1.8577776e-07 -2.1767958e-07)
(4.2525013e-06 -1.4929974e-07 -2.440525e-07)
(4.2455417e-06 -1.0932578e-07 -2.6401046e-07)
(4.2362996e-06 -6.6882326e-08 -2.766428e-07)
(4.2299916e-06 -2.252164e-08 -2.8174697e-07)
(4.1925139e-06 1.5083225e-07 1.1804929e-08)
(4.1985249e-06 1.4966044e-07 3.5506699e-08)
(4.2074722e-06 1.4355091e-07 5.8500927e-08)
(4.2142574e-06 1.3271944e-07 8.0361076e-08)
(4.2178784e-06 1.1811147e-07 1.0045221e-07)
(4.2178784e-06 1.0045222e-07 1.1811147e-07)
(4.2142575e-06 8.0361089e-08 1.3271944e-07)
(4.2074723e-06 5.8500942e-08 1.4355091e-07)
(4.1985251e-06 3.5506711e-08 1.4966044e-07)
(4.192514e-06 1.1804934e-08 1.5083225e-07)
(4.088876e-06 6.3118046e-07 4.3346481e-08)
(4.0872192e-06 6.3035484e-07 1.4534663e-07)
(4.0920921e-06 5.9991833e-07 2.4058657e-07)
(4.0957373e-06 5.5413283e-07 3.337135e-07)
(4.0981483e-06 4.9243203e-07 4.1810707e-07)
(4.0981483e-06 4.1810708e-07 4.9243202e-07)
(4.0957374e-06 3.3371352e-07 5.5413283e-07)
(4.0920921e-06 2.4058659e-07 5.9991835e-07)
(4.0872193e-06 1.4534665e-07 6.3035487e-07)
(4.0888761e-06 4.3346488e-08 6.3118049e-07)
(3.7654321e-06 -7.3111526e-07 -5.5984208e-08)
(3.7696501e-06 -7.3712587e-07 -1.755119e-07)
(3.7759823e-06 -7.0398191e-07 -2.8861273e-07)
(3.7808529e-06 -6.5167362e-07 -3.9688445e-07)
(3.7836248e-06 -5.8080691e-07 -4.9499061e-07)
(3.7836248e-06 -4.9499061e-07 -5.8080692e-07)
(3.7808529e-06 -3.9688445e-07 -6.5167363e-07)
(3.7759824e-06 -2.8861274e-07 -7.0398194e-07)
(3.7696503e-06 -1.7551191e-07 -7.3712592e-07)
(3.7654323e-06 -5.5984214e-08 -7.3111532e-07)
(3.7769517e-06 -2.5980315e-07 -2.1039507e-08)
(3.7841489e-06 -2.5601367e-07 -6.2467518e-08)
(3.7937922e-06 -2.4493782e-07 -1.0201823e-07)
(3.8008097e-06 -2.2673085e-07 -1.3916337e-07)
(3.8044865e-06 -2.024347e-07 -1.7295599e-07)
(3.8044865e-06 -1.7295598e-07 -2.024347e-07)
(3.8008097e-06 -1.3916336e-07 -2.2673085e-07)
(3.7937923e-06 -1.0201822e-07 -2.4493783e-07)
(3.784149e-06 -6.2467508e-08 -2.5601369e-07)
(3.7769519e-06 -2.1039504e-08 -2.5980317e-07)
(3.7395249e-06 1.6101855e-07 1.2636541e-08)
(3.7464386e-06 1.6061963e-07 3.8207719e-08)
(3.755819e-06 1.5456422e-07 6.3140727e-08)
(3.7626841e-06 1.4318606e-07 8.6853743e-08)
(3.7662958e-06 1.2757919e-07 1.0857889e-07)
(3.7662958e-06 1.0857889e-07 1.2757919e-07)
(3.7626842e-06 8.6853755e-08 1.4318607e-07)
(3.7558191e-06 6.3140742e-08 1.5456423e-07)
(3.7464387e-06 3.8207732e-08 1.6061965e-07)
(3.7395251e-06 1.2636547e-08 1.6101856e-07)
(3.656218e-06 6.3782101e-07 4.4281332e-08)
(3.6569319e-06 6.4494322e-07 1.4941195e-07)
(3.6624713e-06 6.1573077e-07 2.4835501e-07)
(3.6667621e-06 5.6975357e-07 3.4423124e-07)
(3.6693453e-06 5.0696952e-07 4.3098082e-07)
(3.6693453e-06 4.3098082e-07 5.0696953e-07)
(3.6667622e-06 3.4423126e-07 5.6975359e-07)
(3.6624714e-06 2.4835503e-07 6.157308e-07)
(3.656932e-06 1.4941197e-07 6.4494326e-07)
(3.6562181e-06 4.428134e-08 6.3782105e-07)
(3.3013899e-06 -6.980737e-07 -5.5584633e-08)
(3.3077626e-06 -7.1067413e-07 -1.7149249e-07)
(3.3141076e-06 -6.8050484e-07 -2.8137122e-07)
(3.3189349e-06 -6.3076312e-07 -3.8581823e-07)
(3.3215684e-06 -5.6287892e-07 -4.803866e-07)
(3.3215684e-06 -4.803866e-07 -5.6287893e-07)
(3.3189349e-06 -3.8581823e-07 -6.3076313e-07)
(3.3141077e-06 -2.8137123e-07 -6.8050487e-07)
(3.3077628e-06 -1.7149251e-07 -7.1067418e-07)
(3.30139e-06 -5.5584639e-08 -6.9807376e-07)
(3.2897144e-06 -2.3685918e-07 -1.9577511e-08)
(3.2971681e-06 -2.3420874e-07 -5.7907041e-08)
(3.3064162e-06 -2.2468352e-07 -9.4287872e-08)
(3.312948e-06 -2.0832239e-07 -1.2837904e-07)
(3.3163272e-06 -1.8623131e-07 -1.5931397e-07)
(3.3163272e-06 -1.5931397e-07 -1.862313e-07)
(3.312948e-06 -1.2837903e-07 -2.0832238e-07)
(3.3064163e-06 -9.4287861e-08 -2.2468352e-07)
(3.2971681e-06 -5.7907032e-08 -2.3420874e-07)
(3.2897145e-06 -1.9577507e-08 -2.368592e-07)
(3.2525387e-06 1.6479748e-07 1.3082671e-08)
(3.2596846e-06 1.651004e-07 3.9547855e-08)
(3.2686433e-06 1.5930662e-07 6.532492e-08)
(3.2750158e-06 1.4781728e-07 8.984911e-08)
(3.2783286e-06 1.3184217e-07 1.122818e-07)
(3.2783286e-06 1.122818e-07 1.3184218e-07)
(3.2750158e-06 8.9849118e-08 1.4781729e-07)
(3.2686433e-06 6.5324935e-08 1.5930663e-07)
(3.2596846e-06 3.954787e-08 1.6510042e-07)
(3.2525388e-06 1.3082677e-08 1.6479749e-07)
(3.1930446e-06 6.295447e-07 4.5043252e-08)
(3.1957341e-06 6.4354635e-07 1.5059057e-07)
(3.2011832e-06 6.1621839e-07 2.5036759e-07)
(3.2054569e-06 5.7102899e-07 3.4628203e-07)
(3.2079191e-06 5.0876323e-07 4.3304569e-07)
(3.2079191e-06 4.3304569e-07 5.0876325e-07)
(3.2054569e-06 3.4628204e-07 5.7102901e-07)
(3.2011832e-06 2.5036762e-07 6.1621843e-07)
(3.1957341e-06 1.5059059e-07 6.4354639e-07)
(3.1930446e-06 4.504326e-08 6.2954475e-07)
(2.8141418e-06 -6.4990187e-07 -5.5116314e-08)
(2.8220761e-06 -6.6820783e-07 -1.6451753e-07)
(2.8277229e-06 -6.4152378e-07 -2.6812094e-07)
(2.8319877e-06 -5.9540838e-07 -3.6601939e-07)
(2.834263e-06 -5.3202542e-07 -4.5473886e-07)
(2.834263e-06 -4.5473887e-07 -5.3202542e-07)
(2.8319877e-06 -3.660194e-07 -5.9540838e-07)
(2.8277229e-06 -2.6812095e-07 -6.415238e-07)
(2.8220761e-06 -1.6451754e-07 -6.6820787e-07)
(2.8141419e-06 -5.5116319e-08 -6.4990192e-07)
(2.7761884e-06 -2.105784e-07 -1.7933393e-08)
(2.7829164e-06 -2.089346e-07 -5.2596784e-08)
(2.7908448e-06 -2.0102395e-07 -8.5155722e-08)
(2.796359e-06 -1.8672508e-07 -1.1560597e-07)
(2.7992092e-06 -1.6715362e-07 -1.431942e-07)
(2.7992092e-06 -1.4319421e-07 -1.6715361e-07)
(2.7963589e-06 -1.1560597e-07 -1.8672507e-07)
(2.7908448e-06 -8.5155713e-08 -2.0102394e-07)
(2.7829164e-06 -5.2596774e-08 -2.089346e-07)
(2.7761885e-06 -1.7933388e-08 -2.1057841e-07)
(2.7393871e-06 1.6121086e-07 1.3043585e-08)
(2.7457739e-06 1.6218342e-07 3.9252371e-08)
(2.7533713e-06 1.5689985e-07 6.4652323e-08)
(2.7587113e-06 1.4579021e-07 8.8824919e-08)
(2.7614903e-06 1.3015197e-07 1.1091955e-07)
(2.7614902e-06 1.1091955e-07 1.3015198e-07)
(2.7587112e-06 8.8824924e-08 1.4579023e-07)
(2.7533713e-06 6.4652338e-08 1.5689987e-07)
(2.7457739e-06 3.9252386e-08 1.6218343e-07)
(2.7393871e-06 1.3043591e-08 1.6121088e-07)
(2.7071713e-06 6.0214966e-07 4.5468985e-08)
(2.7112853e-06 6.2215471e-07 1.4800829e-07)
(2.7159373e-06 5.973802e-07 2.4501834e-07)
(2.7196616e-06 5.5426286e-07 3.3759768e-07)
(2.721773e-06 4.9444102e-07 4.2142344e-07)
(2.721773e-06 4.2142343e-07 4.9444104e-07)
(2.7196616e-06 3.3759769e-07 5.5426289e-07)
(2.7159373e-06 2.4501837e-07 5.9738024e-07)
(2.7112853e-06 1.4800832e-07 6.2215475e-07)
(2.7071714e-06 4.5468994e-08 6.021497e-07)
(2.3121671e-06 -5.8266384e-07 -5.4068806e-08)
(2.3208468e-06 -6.0573068e-07 -1.5308432e-07)
(2.3251299e-06 -5.8308377e-07 -2.4670036e-07)
(2.328443e-06 -5.4181958e-07 -3.3482704e-07)
(2.3302138e-06 -4.8472283e-07 -4.1492814e-07)
(2.3302137e-06 -4.1492816e-07 -4.8472281e-07)
(2.3284429e-06 -3.3482706e-07 -5.4181957e-07)
(2.3251297e-06 -2.4670037e-07 -5.8308378e-07)
(2.3208468e-06 -1.5308433e-07 -6.0573071e-07)
(2.3121672e-06 -5.4068809e-08 -5.8266388e-07)
(2.2451115e-06 -1.7924986e-07 -1.5927616e-08)
(2.249936e-06 -1.78489e-07 -4.6012441e-08)
(2.2556867e-06 -1.7228151e-07 -7.3810674e-08)
(2.2597726e-06 -1.6034215e-07 -9.9782175e-08)
(2.2619411e-06 -1.4373617e-07 -1.2331384e-07)
(2.261941e-06 -1.2331386e-07 -1.4373615e-07)
(2.2597725e-06 -9.9782182e-08 -1.6034213e-07)
(2.2556866e-06 -7.3810667e-08 -1.722815e-07)
(2.249936e-06 -4.6012428e-08 -1.78489e-07)
(2.2451115e-06 -1.592761e-08 -1.7924986e-07)
(2.2088878e-06 1.493826e-07 1.2410625e-08)
(2.2133393e-06 1.5097267e-07 3.7014929e-08)
(2.2187216e-06 1.4643599e-07 6.0673195e-08)
(2.2226234e-06 1.3624001e-07 8.3207333e-08)
(2.224718e-06 1.2171813e-07 1.0380304e-07)
(2.224718e-06 1.0380303e-07 1.2171815e-07)
(2.2226233e-06 8.3207334e-08 1.3624003e-07)
(2.2187215e-06 6.0673208e-08 1.4643601e-07)
(2.2133393e-06 3.7014944e-08 1.5097269e-07)
(2.2088879e-06 1.2410632e-08 1.4938261e-07)
(2.2073224e-06 5.5221742e-07 4.5138513e-08)
(2.2121206e-06 5.7722914e-07 1.4029732e-07)
(2.2153679e-06 5.5569156e-07 2.3033459e-07)
(2.2181793e-06 5.1610237e-07 3.1579503e-07)
(2.2198019e-06 4.6089055e-07 3.9335278e-07)
(2.2198019e-06 3.9335277e-07 4.6089057e-07)
(2.2181792e-06 3.1579504e-07 5.1610239e-07)
(2.2153679e-06 2.3033461e-07 5.5569159e-07)
(2.2121206e-06 1.4029734e-07 5.7722917e-07)
(2.2073224e-06 4.5138522e-08 5.5221745e-07)
(1.8044587e-06 -4.9337791e-07 -5.2229886e-08)
(1.8130605e-06 -5.1996609e-07 -1.3625194e-07)
(1.8156811e-06 -5.0187916e-07 -2.1562084e-07)
(1.8179483e-06 -4.6687165e-07 -2.9021444e-07)
(1.8191922e-06 -4.1813401e-07 -3.5848707e-07)
(1.8191921e-06 -3.584871e-07 -4.1813398e-07)
(1.8179481e-06 -2.9021446e-07 -4.6687163e-07)
(1.8156809e-06 -2.1562085e-07 -5.0187916e-07)
(1.8130604e-06 -1.3625194e-07 -5.1996611e-07)
(1.8044587e-06 -5.2229885e-08 -4.9337793e-07)
(1.7059959e-06 -1.4170583e-07 -1.3336995e-08)
(1.7077514e-06 -1.4169067e-07 -3.761812e-08)
(1.7107413e-06 -1.3724565e-07 -5.9557952e-08)
(1.7132116e-06 -1.2799611e-07 -8.0078306e-08)
(1.7146554e-06 -1.1488463e-07 -9.8704682e-08)
(1.7146553e-06 -9.870471e-08 -1.148846e-07)
(1.7132115e-06 -8.0078319e-08 -1.2799609e-07)
(1.7107411e-06 -5.9557946e-08 -1.3724563e-07)
(1.7077513e-06 -3.7618106e-08 -1.4169067e-07)
(1.7059959e-06 -1.3336987e-08 -1.4170583e-07)
(1.6708456e-06 1.2849071e-07 1.1018143e-08)
(1.6722099e-06 1.3059771e-07 3.2449182e-08)
(1.6748115e-06 1.2699245e-07 5.2889905e-08)
(1.677101e-06 1.1827364e-07 7.2391599e-08)
(1.6784737e-06 1.0572021e-07 9.0215254e-08)
(1.6784736e-06 9.0215238e-08 1.0572023e-07)
(1.6771009e-06 7.2391597e-08 1.1827366e-07)
(1.6748114e-06 5.2889917e-08 1.2699247e-07)
(1.6722098e-06 3.2449198e-08 1.3059772e-07)
(1.6708456e-06 1.101815e-08 1.2849072e-07)
(1.7031858e-06 4.7687485e-07 4.3786798e-08)
(1.7079513e-06 5.054509e-07 1.2647036e-07)
(1.709586e-06 4.8776862e-07 2.0480369e-07)
(1.7114275e-06 4.533641e-07 2.7882966e-07)
(1.7125514e-06 4.0523996e-07 3.4634398e-07)
(1.7125513e-06 3.4634397e-07 4.0523998e-07)
(1.7114274e-06 2.7882967e-07 4.5336412e-07)
(1.7095859e-06 2.048037e-07 4.8776864e-07)
(1.7079513e-06 1.2647038e-07 5.0545092e-07)
(1.7031858e-06 4.3786806e-08 4.7687487e-07)
(1.2993715e-06 -3.8014342e-07 -4.792963e-08)
(1.3068014e-06 -4.0839246e-07 -1.1086492e-07)
(1.3077736e-06 -3.9496439e-07 -1.7202301e-07)
(1.3090512e-06 -3.6747688e-07 -2.2960807e-07)
(1.3098442e-06 -3.2935688e-07 -2.8274551e-07)
(1.3098441e-06 -2.8274555e-07 -3.2935685e-07)
(1.309051e-06 -2.2960809e-07 -3.6747685e-07)
(1.3077735e-06 -1.7202301e-07 -3.9496438e-07)
(1.3068013e-06 -1.1086491e-07 -4.0839246e-07)
(1.2993715e-06 -4.7929626e-08 -3.8014343e-07)
(1.1692431e-06 -9.7614285e-08 -9.7803227e-09)
(1.1669568e-06 -9.8085238e-08 -2.6912583e-08)
(1.1670303e-06 -9.5340065e-08 -4.1945413e-08)
(1.1680165e-06 -8.9128448e-08 -5.6029169e-08)
(1.1688049e-06 -8.0075536e-08 -6.8881415e-08)
(1.1688048e-06 -6.8881446e-08 -8.0075504e-08)
(1.1680163e-06 -5.6029184e-08 -8.9128426e-08)
(1.1670302e-06 -4.1945407e-08 -9.5340056e-08)
(1.1669567e-06 -2.6912567e-08 -9.8085235e-08)
(1.1692431e-06 -9.7803145e-09 -9.7614283e-08)
(1.1364121e-06 9.7895392e-08 8.5305658e-09)
(1.1338005e-06 1.0027866e-07 2.5106009e-08)
(1.133501e-06 9.7678825e-08 4.0818311e-08)
(1.1343269e-06 9.1058361e-08 5.578951e-08)
(1.1350539e-06 8.1402627e-08 6.9482925e-08)
(1.1350539e-06 6.9482909e-08 8.1402647e-08)
(1.1343268e-06 5.5789505e-08 9.1058376e-08)
(1.1335008e-06 4.0818319e-08 9.7678835e-08)
(1.1338004e-06 2.5106023e-08 1.0027867e-07)
(1.1364121e-06 8.530572e-09 9.7895399e-08)
(1.2048256e-06 3.7394843e-07 3.9988335e-08)
(1.2087707e-06 4.0382677e-07 1.0366814e-07)
(1.2089992e-06 3.9025244e-07 1.6565122e-07)
(1.2099797e-06 3.6264164e-07 2.240329e-07)
(1.2106881e-06 3.2433691e-07 2.7753574e-07)
(1.2106881e-06 2.7753573e-07 3.2433693e-07)
(1.2099796e-06 2.240329e-07 3.6264166e-07)
(1.2089991e-06 1.6565123e-07 3.9025245e-07)
(1.2087707e-06 1.0366815e-07 4.0382677e-07)
(1.2048256e-06 3.9988341e-08 3.7394844e-07)
(8.0175767e-07 -2.422353e-07 -4.160396e-08)
(8.0827223e-07 -2.6842575e-07 -8.1910449e-08)
(8.1009243e-07 -2.6149234e-07 -1.1744454e-07)
(8.1085806e-07 -2.433767e-07 -1.5337684e-07)
(8.1130487e-07 -2.1833981e-07 -1.8778066e-07)
(8.113048e-07 -1.877807e-07 -2.1833977e-07)
(8.1085789e-07 -1.5337686e-07 -2.4337667e-07)
(8.1009226e-07 -1.1744453e-07 -2.6149232e-07)
(8.0827215e-07 -8.1910435e-08 -2.6842575e-07)
(8.0175766e-07 -4.1603953e-08 -2.4223531e-07)
(6.4800539e-07 -4.854154e-08 -3.6742524e-09)
(6.4104723e-07 -4.9003652e-08 -1.3033532e-08)
(6.38448e-07 -4.7584761e-08 -2.1042899e-08)
(6.3839755e-07 -4.4484943e-08 -2.8070445e-08)
(6.3872189e-07 -3.9969995e-08 -3.4422791e-08)
(6.3872184e-07 -3.4422816e-08 -3.996997e-08)
(6.3839743e-07 -2.8070459e-08 -4.4484929e-08)
(6.3844788e-07 -2.1042895e-08 -4.7584757e-08)
(6.4104717e-07 -1.3033519e-08 -4.9003652e-08)
(6.4800537e-07 -3.6742456e-09 -4.8541539e-08)
(6.2083686e-07 5.7703184e-08 3.4636946e-09)
(6.1388758e-07 5.9858803e-08 1.3978977e-08)
(6.1101644e-07 5.8132636e-08 2.3994248e-08)
(6.1085951e-07 5.4084284e-08 3.3036784e-08)
(6.1114054e-07 4.8293075e-08 4.1196329e-08)
(6.111405e-07 4.1196316e-08 4.8293088e-08)
(6.1085942e-07 3.3036778e-08 5.4084293e-08)
(6.1101635e-07 2.3994252e-08 5.813264e-08)
(6.1388753e-07 1.3978986e-08 5.9858805e-08)
(6.2083683e-07 3.4636991e-09 5.7703186e-08)
(7.2069677e-07 2.4199739e-07 3.3148531e-08)
(7.2457644e-07 2.6864368e-07 7.6001611e-08)
(7.2595957e-07 2.6105148e-07 1.1380554e-07)
(7.2659256e-07 2.4255839e-07 1.5103571e-07)
(7.2699506e-07 2.1712673e-07 1.8612456e-07)
(7.2699503e-07 1.8612455e-07 2.1712673e-07)
(7.2659249e-07 1.510357e-07 2.4255839e-07)
(7.2595949e-07 1.1380554e-07 2.6105148e-07)
(7.2457639e-07 7.6001618e-08 2.6864368e-07)
(7.2069675e-07 3.3148534e-08 2.4199739e-07)
(2.935147e-07 -8.5295807e-08 1.5266226e-09)
(2.9786552e-07 -9.6463549e-08 -2.5513918e-08)
(2.9984614e-07 -9.3519286e-08 -4.1020596e-08)
(3.0031913e-07 -8.6648548e-08 -5.4325616e-08)
(3.0047116e-07 -7.7594387e-08 -6.6663552e-08)
(3.0047113e-07 -6.6663565e-08 -7.7594371e-08)
(3.0031905e-07 -5.432562e-08 -8.6648533e-08)
(2.9984606e-07 -4.1020591e-08 -9.3519276e-08)
(2.9786549e-07 -2.551391e-08 -9.6463545e-08)
(2.935147e-07 1.5266262e-09 -8.5295806e-08)
(1.7415539e-07 -6.2941097e-09 1.1496597e-08)
(1.5743911e-07 -2.9055437e-09 3.4329925e-09)
(1.536346e-07 -2.2363255e-09 7.2378608e-11)
(1.5314255e-07 -1.8250057e-09 -9.7077822e-10)
(1.5318767e-07 -1.5720849e-09 -1.342524e-09)
(1.5318765e-07 -1.3425333e-09 -1.5720776e-09)
(1.531425e-07 -9.7078432e-10 -1.8250035e-09)
(1.5363455e-07 7.2378711e-11 -2.2363269e-09)
(1.5743908e-07 3.4329964e-09 -2.9055454e-09)
(1.7415538e-07 1.1496599e-08 -6.2941102e-09)
(1.6076861e-07 1.5077002e-08 -1.0855709e-08)
(1.4544445e-07 1.3385973e-08 -1.6911702e-09)
(1.4174566e-07 1.2228491e-08 3.5374498e-09)
(1.4122815e-07 1.1015174e-08 6.2856186e-09)
(1.4125633e-07 9.6966696e-09 8.1696106e-09)
(1.4125631e-07 8.1696046e-09 9.6966746e-09)
(1.4122811e-07 6.285615e-09 1.1015176e-08)
(1.4174562e-07 3.5374505e-09 1.222849e-08)
(1.4544443e-07 -1.691167e-09 1.3385972e-08)
(1.6076861e-07 -1.0855707e-08 1.5077001e-08)
(2.4510214e-07 8.6760317e-08 -6.8039761e-09)
(2.5054134e-07 9.7396348e-08 2.3025418e-08)
(2.5264048e-07 9.4061738e-08 3.9942897e-08)
(2.5309455e-07 8.7018955e-08 5.3911637e-08)
(2.5323914e-07 7.7768012e-08 6.6603859e-08)
(2.5323913e-07 6.6603853e-08 7.7768016e-08)
(2.5309453e-07 5.3911632e-08 8.7018953e-08)
(2.5264045e-07 3.9942897e-08 9.4061734e-08)
(2.5054132e-07 2.302542e-08 9.7396345e-08)
(2.4510213e-07 -6.8039743e-09 8.6760315e-08)
)
;

boundaryField
{
    interface_upstream
    {
        type            solidForce;
        force           uniform (0 0 0);
        value           nonuniform List<vector> 
120
(
(5.0285309e-06 -1.0176034e-06 -1.2185176e-07)
(4.7951762e-06 -1.0378377e-06 -1.3167586e-07)
(4.4761639e-06 -1.0680083e-06 -1.1987515e-07)
(4.1104269e-06 -1.0857986e-06 -1.1068178e-07)
(3.7032558e-06 -1.0932307e-06 -1.0314494e-07)
(3.2658628e-06 -1.0826968e-06 -9.5901944e-08)
(2.8064916e-06 -1.0496871e-06 -8.8451208e-08)
(2.3340991e-06 -9.8998727e-07 -8.0256128e-08)
(1.8570531e-06 -9.0018482e-07 -7.096556e-08)
(1.3844995e-06 -7.7980096e-07 -5.9085251e-08)
(9.246084e-07 -6.29356e-07 -4.1809457e-08)
(4.7230512e-07 -4.1231389e-07 -7.3879826e-09)
(5.0438268e-06 -9.86156e-07 -2.2902101e-07)
(4.8116285e-06 -1.0057058e-06 -2.3581468e-07)
(4.4827533e-06 -1.0499682e-06 -2.5015272e-07)
(4.1121041e-06 -1.0743401e-06 -2.5643042e-07)
(3.7019963e-06 -1.0872851e-06 -2.6052988e-07)
(3.2639397e-06 -1.08114e-06 -2.6071679e-07)
(2.8050645e-06 -1.0519979e-06 -2.5629464e-07)
(2.3341372e-06 -9.9563575e-07 -2.4581293e-07)
(1.8585371e-06 -9.0766646e-07 -2.2786976e-07)
(1.3894174e-06 -7.8901438e-07 -2.0060641e-07)
(9.2464663e-07 -6.2392427e-07 -1.636366e-07)
(5.2124392e-07 -4.5740156e-07 -1.0673631e-07)
(5.0230273e-06 -9.382824e-07 -3.8692145e-07)
(4.7953174e-06 -9.5294054e-07 -3.9275569e-07)
(4.4710002e-06 -9.960686e-07 -4.1039826e-07)
(4.1065508e-06 -1.0211369e-06 -4.1948898e-07)
(3.700273e-06 -1.0359354e-06 -4.2593015e-07)
(3.2649512e-06 -1.032093e-06 -4.2586602e-07)
(2.8076917e-06 -1.0059671e-06 -4.1755398e-07)
(2.3377277e-06 -9.5348035e-07 -3.9857413e-07)
(1.8622593e-06 -8.6961699e-07 -3.6641654e-07)
(1.3952523e-06 -7.5703356e-07 -3.2055935e-07)
(9.2798462e-07 -5.9469898e-07 -2.542339e-07)
(5.2670564e-07 -4.3599201e-07 -1.8198629e-07)
(5.0278568e-06 -8.7017133e-07 -5.2367085e-07)
(4.7981311e-06 -8.8163952e-07 -5.3145774e-07)
(4.473018e-06 -9.2052892e-07 -5.575841e-07)
(4.1086861e-06 -9.4352605e-07 -5.7277474e-07)
(3.7028005e-06 -9.5784194e-07 -5.8298577e-07)
(3.2677558e-06 -9.5509516e-07 -5.8304593e-07)
(2.8103972e-06 -9.3171186e-07 -5.7075581e-07)
(2.3401364e-06 -8.8373281e-07 -5.4327063e-07)
(1.8641052e-06 -8.0610334e-07 -4.9728605e-07)
(1.3968982e-06 -7.0161924e-07 -4.3378089e-07)
(9.2923394e-07 -5.5087291e-07 -3.4140081e-07)
(5.2772007e-07 -4.0305551e-07 -2.4798833e-07)
(5.0257831e-06 -7.7462874e-07 -6.5961559e-07)
(4.7969638e-06 -7.8378052e-07 -6.670072e-07)
(4.4727935e-06 -8.1877131e-07 -6.9703087e-07)
(4.1094299e-06 -8.397631e-07 -7.1511342e-07)
(3.7041552e-06 -8.5333722e-07 -7.2718099e-07)
(3.2693686e-06 -8.5177592e-07 -7.2650986e-07)
(2.8119672e-06 -8.3175823e-07 -7.1018154e-07)
(2.3415017e-06 -7.8958943e-07 -6.7486715e-07)
(1.8651765e-06 -7.2066392e-07 -6.165482e-07)
(1.397686e-06 -6.2737392e-07 -5.3705962e-07)
(9.2969544e-07 -4.9261463e-07 -4.2190787e-07)
(5.2794735e-07 -3.5987937e-07 -3.0770086e-07)
(5.0257831e-06 -6.5961564e-07 -7.7462871e-07)
(4.7969638e-06 -6.6700727e-07 -7.8378047e-07)
(4.4727936e-06 -6.9703092e-07 -8.1877128e-07)
(4.1094299e-06 -7.1511345e-07 -8.3976309e-07)
(3.7041552e-06 -7.27181e-07 -8.5333723e-07)
(3.2693686e-06 -7.2650987e-07 -8.5177594e-07)
(2.8119672e-06 -7.1018154e-07 -8.3175826e-07)
(2.3415016e-06 -6.7486715e-07 -7.8958945e-07)
(1.8651765e-06 -6.165482e-07 -7.2066393e-07)
(1.3976859e-06 -5.3705962e-07 -6.2737392e-07)
(9.2969537e-07 -4.2190787e-07 -4.9261461e-07)
(5.279473e-07 -3.0770084e-07 -3.5987935e-07)
(5.0278569e-06 -5.2367091e-07 -8.7017134e-07)
(4.7981312e-06 -5.3145781e-07 -8.816395e-07)
(4.4730181e-06 -5.5758416e-07 -9.2052892e-07)
(4.1086861e-06 -5.7277479e-07 -9.4352606e-07)
(3.7028006e-06 -5.8298581e-07 -9.5784197e-07)
(3.2677558e-06 -5.8304597e-07 -9.5509521e-07)
(2.8103972e-06 -5.7075584e-07 -9.3171191e-07)
(2.3401362e-06 -5.4327066e-07 -8.8373285e-07)
(1.8641051e-06 -4.9728607e-07 -8.0610336e-07)
(1.396898e-06 -4.3378089e-07 -7.0161922e-07)
(9.2923377e-07 -3.414008e-07 -5.5087286e-07)
(5.2771995e-07 -2.479883e-07 -4.0305545e-07)
(5.0230274e-06 -3.8692151e-07 -9.3828246e-07)
(4.7953176e-06 -3.9275577e-07 -9.5294057e-07)
(4.4710003e-06 -4.1039833e-07 -9.9606862e-07)
(4.106551e-06 -4.1948904e-07 -1.0211369e-06)
(3.7002731e-06 -4.2593021e-07 -1.0359355e-06)
(3.2649512e-06 -4.2586608e-07 -1.032093e-06)
(2.8076917e-06 -4.1755404e-07 -1.0059671e-06)
(2.3377276e-06 -3.9857418e-07 -9.534804e-07)
(1.8622592e-06 -3.6641658e-07 -8.6961701e-07)
(1.3952521e-06 -3.2055937e-07 -7.5703355e-07)
(9.2798446e-07 -2.542339e-07 -5.9469895e-07)
(5.2670553e-07 -1.8198627e-07 -4.3599194e-07)
(5.043827e-06 -2.2902106e-07 -9.8615611e-07)
(4.8116287e-06 -2.3581474e-07 -1.0057059e-06)
(4.4827535e-06 -2.5015278e-07 -1.0499683e-06)
(4.1121043e-06 -2.5643047e-07 -1.0743402e-06)
(3.7019964e-06 -2.6052993e-07 -1.0872852e-06)
(3.2639398e-06 -2.6071685e-07 -1.0811401e-06)
(2.8050646e-06 -2.562947e-07 -1.051998e-06)
(2.3341372e-06 -2.4581299e-07 -9.9563582e-07)
(1.8585371e-06 -2.2786981e-07 -9.0766651e-07)
(1.3894173e-06 -2.0060644e-07 -7.890144e-07)
(9.2464656e-07 -1.6363661e-07 -6.2392425e-07)
(5.2124387e-07 -1.067363e-07 -4.5740153e-07)
(5.0285311e-06 -1.2185179e-07 -1.0176035e-06)
(4.7951764e-06 -1.3167589e-07 -1.0378378e-06)
(4.4761641e-06 -1.1987518e-07 -1.0680084e-06)
(4.1104271e-06 -1.106818e-07 -1.0857987e-06)
(3.703256e-06 -1.0314497e-07 -1.0932308e-06)
(3.2658629e-06 -9.5901971e-08 -1.0826969e-06)
(2.8064917e-06 -8.8451232e-08 -1.0496872e-06)
(2.3340992e-06 -8.0256149e-08 -9.8998736e-07)
(1.8570531e-06 -7.0965576e-08 -9.0018488e-07)
(1.3844995e-06 -5.908526e-08 -7.7980099e-07)
(9.2460842e-07 -4.1809459e-08 -6.2935601e-07)
(4.7230513e-07 -7.3879835e-09 -4.1231388e-07)
)
;
        gradient        uniform (0 0 0);
    }
    interface_downstream
    {
        type            solidForce;
        force           uniform (0 0 0);
        value           nonuniform List<vector> 
120
(
(4.9252383e-06 7.7439372e-07 1.1928217e-07)
(4.6557556e-06 8.4921923e-07 1.3004783e-07)
(4.3314974e-06 9.1369936e-07 1.1785194e-07)
(3.9628318e-06 9.6566272e-07 1.0986993e-07)
(3.556053e-06 1.0017946e-06 1.0317701e-07)
(3.1201746e-06 1.0159879e-06 9.6418795e-08)
(2.6633588e-06 1.0038526e-06 8.9103831e-08)
(2.1947681e-06 9.6128969e-07 8.0705006e-08)
(1.7239837e-06 8.8464779e-07 7.076492e-08)
(1.261538e-06 7.7154418e-07 5.7756933e-08)
(8.2062243e-07 6.2222427e-07 3.8631286e-08)
(3.9424696e-07 3.9291775e-07 2.7156119e-09)
(4.9300887e-06 7.3390612e-07 1.773946e-07)
(4.6775429e-06 8.1435502e-07 1.9294422e-07)
(4.3415173e-06 8.9743158e-07 2.1313818e-07)
(3.9661231e-06 9.5655268e-07 2.263221e-07)
(3.554962e-06 9.9822335e-07 2.3642762e-07)
(3.1171303e-06 1.0168233e-06 2.4188145e-07)
(2.6598344e-06 1.0085261e-06 2.4184419e-07)
(2.1920122e-06 9.6911076e-07 2.3487232e-07)
(1.7225169e-06 8.9392278e-07 2.1947506e-07)
(1.2635409e-06 7.8125247e-07 1.9347334e-07)
(8.2030758e-07 6.17468e-07 1.5650247e-07)
(4.4235887e-07 4.3072945e-07 9.7761296e-08)
(4.9045512e-06 6.9358831e-07 2.9109373e-07)
(4.6545884e-06 7.6649104e-07 3.197266e-07)
(4.3245593e-06 8.4866235e-07 3.5108871e-07)
(3.9564274e-06 9.0780705e-07 3.7196063e-07)
(3.5495333e-06 9.5045696e-07 3.8847696e-07)
(3.1147647e-06 9.7039679e-07 3.9729428e-07)
(2.6593921e-06 9.6421856e-07 3.9656436e-07)
(2.1928744e-06 9.2783434e-07 3.8382552e-07)
(1.7240414e-06 8.560334e-07 3.5648136e-07)
(1.2676857e-06 7.4870365e-07 3.1310947e-07)
(8.2306531e-07 5.8740074e-07 2.4795019e-07)
(4.4758715e-07 4.1016558e-07 1.7004987e-07)
(4.9063251e-06 6.4242868e-07 3.8668251e-07)
(4.6558974e-06 7.079682e-07 4.2653786e-07)
(4.3257286e-06 7.8347884e-07 4.7375156e-07)
(3.9578794e-06 8.3844765e-07 5.07296e-07)
(3.5513546e-06 8.787109e-07 5.3253458e-07)
(3.1168359e-06 8.9794475e-07 5.4549207e-07)
(2.6613751e-06 8.9290832e-07 5.440959e-07)
(2.1946342e-06 8.5967034e-07 5.2550429e-07)
(1.7254e-06 7.9304834e-07 4.8634981e-07)
(1.2690434e-06 6.9331743e-07 4.2618027e-07)
(8.2416937e-07 5.4358176e-07 3.3513936e-07)
(4.4856529e-07 3.7902419e-07 2.3263641e-07)
(4.9030869e-06 5.7138059e-07 4.8684674e-07)
(4.653446e-06 6.2830768e-07 5.3486683e-07)
(4.3244942e-06 6.9582836e-07 5.9223903e-07)
(3.9579267e-06 7.4531753e-07 6.3413062e-07)
(3.5522177e-06 7.8202037e-07 6.6555741e-07)
(3.1180643e-06 8.0001668e-07 6.8133882e-07)
(2.6626366e-06 7.9630607e-07 6.7879855e-07)
(2.1957645e-06 7.672515e-07 6.546447e-07)
(1.7263129e-06 7.0816513e-07 6.0479098e-07)
(1.2697384e-06 6.1924209e-07 5.2921897e-07)
(8.2458578e-07 4.856065e-07 4.1531438e-07)
(4.4878842e-07 3.3827687e-07 2.8904604e-07)
(4.9030869e-06 4.868468e-07 5.7138054e-07)
(4.653446e-06 5.3486689e-07 6.2830763e-07)
(4.3244942e-06 5.9223907e-07 6.9582833e-07)
(3.9579267e-06 6.3413065e-07 7.4531751e-07)
(3.5522177e-06 6.6555743e-07 7.8202037e-07)
(3.1180643e-06 6.8133882e-07 8.0001671e-07)
(2.6626366e-06 6.7879854e-07 7.963061e-07)
(2.1957645e-06 6.5464468e-07 7.6725154e-07)
(1.7263129e-06 6.0479095e-07 7.0816516e-07)
(1.2697384e-06 5.2921894e-07 6.1924212e-07)
(8.2458576e-07 4.1531435e-07 4.8560651e-07)
(4.4878841e-07 2.8904602e-07 3.3827687e-07)
(4.9063251e-06 3.8668257e-07 6.4242865e-07)
(4.6558974e-06 4.2653792e-07 7.0796816e-07)
(4.3257286e-06 4.7375161e-07 7.8347882e-07)
(3.9578795e-06 5.0729604e-07 8.3844765e-07)
(3.5513546e-06 5.3253462e-07 8.7871093e-07)
(3.1168359e-06 5.454921e-07 8.9794479e-07)
(2.661375e-06 5.4409592e-07 8.9290837e-07)
(2.1946342e-06 5.255043e-07 8.5967039e-07)
(1.7253999e-06 4.8634981e-07 7.9304837e-07)
(1.2690434e-06 4.2618026e-07 6.9331744e-07)
(8.2416932e-07 3.3513934e-07 5.4358175e-07)
(4.4856526e-07 2.3263639e-07 3.7902418e-07)
(4.9045513e-06 2.9109379e-07 6.935883e-07)
(4.6545885e-06 3.1972665e-07 7.6649102e-07)
(4.3245594e-06 3.5108876e-07 8.4866235e-07)
(3.9564275e-06 3.7196068e-07 9.0780707e-07)
(3.5495333e-06 3.8847701e-07 9.50457e-07)
(3.1147647e-06 3.9729433e-07 9.7039684e-07)
(2.6593921e-06 3.9656441e-07 9.6421861e-07)
(2.1928744e-06 3.8382555e-07 9.2783438e-07)
(1.7240413e-06 3.5648138e-07 8.5603343e-07)
(1.2676856e-06 3.1310948e-07 7.4870365e-07)
(8.2306525e-07 2.4795019e-07 5.8740072e-07)
(4.4758712e-07 1.7004986e-07 4.1016556e-07)
(4.9300888e-06 1.7739464e-07 7.3390613e-07)
(4.677543e-06 1.9294426e-07 8.1435502e-07)
(4.3415174e-06 2.1313822e-07 8.974316e-07)
(3.9661232e-06 2.2632214e-07 9.5655271e-07)
(3.5549621e-06 2.3642767e-07 9.982234e-07)
(3.1171303e-06 2.4188149e-07 1.0168234e-06)
(2.6598344e-06 2.4184423e-07 1.0085261e-06)
(2.1920121e-06 2.3487236e-07 9.6911081e-07)
(1.7225169e-06 2.194751e-07 8.9392281e-07)
(1.2635409e-06 1.9347336e-07 7.8125247e-07)
(8.2030755e-07 1.5650249e-07 6.1746798e-07)
(4.4235885e-07 9.7761297e-08 4.3072943e-07)
(4.9252384e-06 1.1928219e-07 7.7439375e-07)
(4.6557557e-06 1.3004786e-07 8.4921924e-07)
(4.3314975e-06 1.1785197e-07 9.1369938e-07)
(3.9628319e-06 1.0986995e-07 9.6566276e-07)
(3.5560531e-06 1.0317704e-07 1.0017946e-06)
(3.1201747e-06 9.6418818e-08 1.015988e-06)
(2.6633589e-06 8.9103851e-08 1.0038526e-06)
(2.1947681e-06 8.0705023e-08 9.6128975e-07)
(1.7239837e-06 7.0764934e-08 8.8464782e-07)
(1.2615379e-06 5.7756943e-08 7.7154418e-07)
(8.2062242e-07 3.8631292e-08 6.2222426e-07)
(3.9424695e-07 2.7156146e-09 3.9291773e-07)
)
;
        gradient        uniform (0 0 0);
    }
    rim
    {
        type            robin;
        coeff0          uniform 10000;
        coeff1          uniform 0;
        rhs             uniform (0 0 0);
        value           uniform (0 0 0);
    }
    axisApprox
    {
        type            solidTraction;
        nonOrthogonalCorrections true;
        useUndeformedArea false;
        traction        uniform (0 0 0);
        pressure        uniform 0;
        secondOrder     false;
        extrapolateValue false;
        setEffectiveTraction false;
        relaxationFactor 1;
        value           nonuniform List<vector> 
40
(
(5.3125012e-06 -8.896792e-07 -7.9207042e-08)
(5.4585919e-06 -4.164261e-07 -3.9849735e-08)
(5.4342723e-06 6.971448e-08 -9.6294851e-09)
(5.2461682e-06 5.8190126e-07 3.87414e-08)
(5.3182328e-06 -8.2699243e-07 -1.7867216e-07)
(5.4639676e-06 -4.0461541e-07 -8.9736733e-08)
(5.434892e-06 7.0928947e-08 9.2930596e-09)
(5.2369567e-06 5.1570287e-07 9.7042089e-08)
(5.3193331e-06 -7.9188008e-07 -3.2145436e-07)
(5.4691301e-06 -3.8682888e-07 -1.6063101e-07)
(5.4384553e-06 6.2246442e-08 2.212375e-08)
(5.2338541e-06 4.8984664e-07 1.9092185e-07)
(5.3232037e-06 -7.2836136e-07 -4.3977518e-07)
(5.472147e-06 -3.5729284e-07 -2.176011e-07)
(5.440219e-06 5.5296821e-08 3.1538226e-08)
(5.2349481e-06 4.4626233e-07 2.6425233e-07)
(5.3252372e-06 -6.494538e-07 -5.5335345e-07)
(5.4740326e-06 -3.186718e-07 -2.7235108e-07)
(5.4416824e-06 4.7963172e-08 4.0480543e-08)
(5.2362065e-06 3.9624304e-07 3.3605741e-07)
(5.3252373e-06 -5.5335342e-07 -6.4945384e-07)
(5.4740326e-06 -2.7235104e-07 -3.1867184e-07)
(5.4416824e-06 4.0480567e-08 4.7963148e-08)
(5.2362066e-06 3.3605743e-07 3.9624303e-07)
(5.3232038e-06 -4.3977516e-07 -7.2836143e-07)
(5.4721471e-06 -2.1760107e-07 -3.572929e-07)
(5.4402191e-06 3.1538248e-08 5.5296798e-08)
(5.2349482e-06 2.6425236e-07 4.4626232e-07)
(5.3193333e-06 -3.2145434e-07 -7.9188018e-07)
(5.4691303e-06 -1.6063098e-07 -3.8682895e-07)
(5.4384554e-06 2.2123769e-08 6.2246422e-08)
(5.2338542e-06 1.9092187e-07 4.8984665e-07)
(5.318233e-06 -1.7867215e-07 -8.2699255e-07)
(5.4639678e-06 -8.9736715e-08 -4.0461548e-07)
(5.4348922e-06 9.2930705e-09 7.0928931e-08)
(5.2369569e-06 9.7042098e-08 5.1570289e-07)
(5.3125014e-06 -7.9207039e-08 -8.8967935e-07)
(5.4585921e-06 -3.9849728e-08 -4.1642618e-07)
(5.4342725e-06 -9.6294814e-09 6.9714465e-08)
(5.2461683e-06 3.8741402e-08 5.819013e-07)
)
;
        gradient        uniform (0 0 0);
    }
    symmetry_z
    {
        type            symmetryPlane;
    }
    symmetry_y
    {
        type            symmetryPlane;
    }
}


// ************************************************************************* //
