/*--------------------------------*- C++ -*----------------------------------*\
| =========                 |                                                 |
| \\      /  F ield         | OpenFOAM: The Open Source CFD Toolbox           |
|  \\    /   O peration     | Version:  2512                                  |
|   \\  /    A nd           | Website:  www.openfoam.com                      |
|    \\/     M anipulation  |                                                 |
\*---------------------------------------------------------------------------*/
FoamFile
{
    version     2.0;
    format      ascii;
    arch        "LSB;label=32;scalar=64";
    class       volVectorField;
    location    "0.01";
    object      solidForce;
}
// * * * * * * * * * * * * * * * * * * * * * * * * * * * * * * * * * * * * * //

dimensions      [1 1 -2 0 0 0 0];

internalField   uniform (0 0 0);

boundaryField
{
    interface_upstream
    {
        type            calculated;
        value           nonuniform List<vector> 
120
(
(2.0603344e-05 -3.0754628e-07 -2.4674726e-08)
(2.5890584e-05 1.379245e-07 1.005723e-08)
(3.1128811e-05 2.3647337e-07 1.8143977e-08)
(3.6375772e-05 3.5821239e-07 2.8046019e-08)
(4.1627912e-05 5.1068749e-07 4.021547e-08)
(4.6890908e-05 7.0347541e-07 5.5458513e-08)
(5.2177837e-05 9.5537658e-07 7.5287598e-08)
(5.7508065e-05 1.3001594e-06 1.0240603e-07)
(6.2921693e-05 1.7868416e-06 1.4075564e-07)
(6.8765358e-05 2.4648996e-06 1.9447312e-07)
(7.6636121e-05 3.4195396e-06 2.6907658e-07)
(8.9821688e-05 3.931808e-06 3.0824718e-07)
(2.0606372e-05 -3.0028278e-07 -7.2046157e-08)
(2.5895353e-05 1.3457041e-07 3.2435529e-08)
(3.1132602e-05 2.308582e-07 5.5609416e-08)
(3.6378631e-05 3.4945547e-07 8.4114735e-08)
(4.1629844e-05 4.9813456e-07 1.197488e-07)
(4.6892095e-05 6.8610981e-07 1.6479536e-07)
(5.2178494e-05 9.3176207e-07 2.2366861e-07)
(5.7508741e-05 1.2681398e-06 3.0432666e-07)
(6.2922154e-05 1.7430836e-06 4.1827592e-07)
(6.8763393e-05 2.4046002e-06 5.7724499e-07)
(7.6628991e-05 3.3303843e-06 7.9868566e-07)
(8.9837629e-05 3.8401626e-06 9.2014416e-07)
(2.0605501e-05 -2.8514813e-07 -1.176771e-07)
(2.5892867e-05 1.2753026e-07 5.3642807e-08)
(3.1130098e-05 2.1910829e-07 9.1332795e-08)
(3.637662e-05 3.3179996e-07 1.3770388e-07)
(4.1628178e-05 4.73164e-07 1.9600065e-07)
(4.6890845e-05 6.5181786e-07 2.6983989e-07)
(5.2177686e-05 8.8525749e-07 3.6645151e-07)
(5.7508519e-05 1.2049054e-06 4.9883738e-07)
(6.2922524e-05 1.6560655e-06 6.8571031e-07)
(6.876504e-05 2.2849046e-06 9.4619562e-07)
(7.6629296e-05 3.1627777e-06 1.3098249e-06)
(8.9842426e-05 3.6504595e-06 1.512004e-06)
(2.0605453e-05 -2.6278909e-07 -1.6112666e-07)
(2.5892891e-05 1.1797752e-07 7.216503e-08)
(3.1129902e-05 2.0233589e-07 1.2386372e-07)
(3.6376276e-05 3.0622124e-07 1.8747818e-07)
(4.1627764e-05 4.366613e-07 2.6736279e-07)
(4.689045e-05 6.0154948e-07 3.6838699e-07)
(5.2177364e-05 8.170164e-07 5.0044233e-07)
(5.7508348e-05 1.1120565e-06 6.8128942e-07)
(6.2922479e-05 1.5283886e-06 9.3647742e-07)
(6.8765287e-05 2.1087766e-06 1.2921962e-06)
(7.6629815e-05 2.9189504e-06 1.7887261e-06)
(8.9843811e-05 3.3694939e-06 2.0649704e-06)
(2.0605199e-05 -2.3442824e-07 -2.0016694e-07)
(2.5892493e-05 1.0511322e-07 8.9862596e-08)
(3.1129533e-05 1.803575e-07 1.5405937e-07)
(3.6375977e-05 2.7300722e-07 2.3312739e-07)
(4.1627531e-05 3.8935054e-07 3.3245182e-07)
(4.6890287e-05 5.3642679e-07 4.5805015e-07)
(5.2177275e-05 7.28616e-07 6.2219876e-07)
(5.750835e-05 9.9177202e-07 8.469713e-07)
(6.2922573e-05 1.3630868e-06 1.1641258e-06)
(6.876549e-05 1.8807056e-06 1.6062372e-06)
(7.6630171e-05 2.6032649e-06 2.2233862e-06)
(8.9844592e-05 3.0051839e-06 2.566708e-06)
(2.0605201e-05 -2.001647e-07 -2.3443005e-07)
(2.5892496e-05 8.9865014e-08 1.051112e-07)
(3.1129541e-05 1.5406147e-07 1.8035546e-07)
(3.6375992e-05 2.3312937e-07 2.7300512e-07)
(4.1627555e-05 3.3245381e-07 3.893484e-07)
(4.689032e-05 4.5805219e-07 5.3642467e-07)
(5.2177318e-05 6.2220084e-07 7.2861404e-07)
(5.7508401e-05 8.4697324e-07 9.917707e-07)
(6.2922628e-05 1.1641271e-06 1.3630866e-06)
(6.876555e-05 1.6062374e-06 1.8807063e-06)
(7.6630238e-05 2.2233856e-06 2.6032663e-06)
(8.9844667e-05 2.5667066e-06 3.0051858e-06)
(2.0605458e-05 -1.6112341e-07 -2.6279063e-07)
(2.5892899e-05 7.2167777e-08 1.179762e-07)
(3.1129923e-05 1.2386561e-07 2.0233415e-07)
(3.6376317e-05 1.8747981e-07 3.0621912e-07)
(4.1627829e-05 2.6736448e-07 4.3665904e-07)
(4.6890539e-05 3.683888e-07 6.0154728e-07)
(5.2177477e-05 5.0044446e-07 8.1701471e-07)
(5.7508479e-05 6.8129196e-07 1.1120562e-06)
(6.292262e-05 9.3647981e-07 1.52839e-06)
(6.8765437e-05 1.2921977e-06 2.1087789e-06)
(7.6629979e-05 1.7887267e-06 2.9189532e-06)
(8.9844008e-05 2.0649706e-06 3.3694971e-06)
(2.0605513e-05 -1.1767234e-07 -2.8514899e-07)
(2.5892879e-05 5.3646519e-08 1.2753025e-07)
(3.1130125e-05 9.1334626e-08 2.1910705e-07)
(3.6376675e-05 1.3770513e-07 3.3179779e-07)
(4.1628266e-05 1.9600196e-07 4.7316157e-07)
(4.6890964e-05 2.698414e-07 6.5181551e-07)
(5.2177834e-05 3.6645338e-07 8.8525584e-07)
(5.7508687e-05 4.9883993e-07 1.2049056e-06)
(6.2922698e-05 6.8571328e-07 1.6560679e-06)
(6.8765218e-05 9.4619833e-07 2.2849079e-06)
(7.6629486e-05 1.3098271e-06 3.1627819e-06)
(8.9842646e-05 1.5120056e-06 3.6504648e-06)
(2.0606391e-05 -7.2041331e-08 -3.0028243e-07)
(2.5895371e-05 3.2439548e-08 1.3457259e-07)
(3.1132632e-05 5.5611499e-08 2.3085838e-07)
(3.637869e-05 8.4115866e-08 3.4945362e-07)
(4.1629938e-05 1.1974979e-07 4.9813204e-07)
(4.6892222e-05 1.647965e-07 6.8610739e-07)
(5.2178649e-05 2.2367002e-07 9.3176051e-07)
(5.7508914e-05 3.0432861e-07 1.2681403e-06)
(6.2922328e-05 4.1827849e-07 1.7430862e-06)
(6.8763566e-05 5.7724779e-07 2.4046036e-06)
(7.6629171e-05 7.9868827e-07 3.330388e-06)
(8.9837836e-05 9.2014535e-07 3.8401671e-06)
(2.0603367e-05 -2.4672713e-08 -3.0754479e-07)
(2.5890605e-05 1.0058939e-08 1.379285e-07)
(3.1128844e-05 1.8145033e-08 2.3647497e-07)
(3.6375831e-05 2.804661e-08 3.5821143e-07)
(4.1628006e-05 4.021593e-08 5.1068542e-07)
(4.6891034e-05 5.5458975e-08 7.0347322e-07)
(5.2177988e-05 7.5288158e-08 9.5537515e-07)
(5.7508231e-05 1.0240677e-07 1.3001597e-06)
(6.2921858e-05 1.4075671e-07 1.7868436e-06)
(6.8765522e-05 1.9447437e-07 2.464902e-06)
(7.6636288e-05 2.690778e-07 3.4195412e-06)
(8.9821879e-05 3.0824754e-07 3.9318093e-06)
)
;
    }
    interface_downstream
    {
        type            calculated;
        value           nonuniform List<vector> 
120
(
(-2.3336661e-07 -3.4602283e-08 -2.7013039e-09)
(-3.3173385e-07 -1.1509214e-07 -9.0390442e-09)
(-4.1734508e-07 -2.0130506e-07 -1.5820513e-08)
(-4.9583961e-07 -3.1154229e-07 -2.4497414e-08)
(-5.6962075e-07 -4.5197387e-07 -3.5558257e-08)
(-6.3338466e-07 -6.3275605e-07 -4.9803846e-08)
(-6.7379611e-07 -8.7291288e-07 -6.8734293e-08)
(-6.7122651e-07 -1.2064926e-06 -9.503963e-08)
(-5.8388052e-07 -1.6825113e-06 -1.3265939e-07)
(-5.9443201e-08 -2.3493224e-06 -1.8553052e-07)
(2.5052072e-06 -3.2887326e-06 -2.5956793e-07)
(1.0241487e-05 -3.6891475e-06 -2.8991429e-07)
(-2.3296782e-07 -3.3759091e-08 -8.06556e-09)
(-3.3152918e-07 -1.1225784e-07 -2.6939815e-08)
(-4.1713584e-07 -1.9634057e-07 -4.7126068e-08)
(-4.956299e-07 -3.0386251e-07 -7.2943682e-08)
(-5.6946683e-07 -4.4084834e-07 -1.0584466e-07)
(-6.3331198e-07 -6.1718774e-07 -1.4820026e-07)
(-6.7377167e-07 -8.5143917e-07 -2.0446107e-07)
(-6.7098977e-07 -1.1769105e-06 -2.8262202e-07)
(-5.8382684e-07 -1.6415907e-06 -3.9426455e-07)
(-6.2741275e-08 -2.2916419e-06 -5.5054906e-07)
(2.5013693e-06 -3.2056513e-06 -7.6982279e-07)
(1.0252575e-05 -3.5997173e-06 -8.6332135e-07)
(-2.3298366e-07 -3.208062e-08 -1.327936e-08)
(-3.3163609e-07 -1.0666726e-07 -4.4204289e-08)
(-4.1727417e-07 -1.8656438e-07 -7.7303077e-08)
(-4.9578732e-07 -2.8873009e-07 -1.1962623e-07)
(-5.6964431e-07 -4.1889615e-07 -1.7355389e-07)
(-6.3350383e-07 -5.8645083e-07 -2.4297339e-07)
(-6.7398215e-07 -8.0902736e-07 -3.3518652e-07)
(-6.7120053e-07 -1.1182762e-06 -4.6330155e-07)
(-5.8396661e-07 -1.559812e-06 -6.4621494e-07)
(-6.2859721e-08 -2.1774027e-06 -9.0205696e-07)
(2.5013618e-06 -3.0456711e-06 -1.2617024e-06)
(1.0252511e-05 -3.4197727e-06 -1.4166385e-06)
(-2.3302144e-07 -2.9613853e-08 -1.8135946e-08)
(-3.3167081e-07 -9.8448208e-08 -6.0332062e-08)
(-4.1730285e-07 -1.7218528e-07 -1.0552311e-07)
(-4.9581249e-07 -2.6647975e-07 -1.6331246e-07)
(-5.6967222e-07 -3.8661977e-07 -2.3694288e-07)
(-6.3353675e-07 -5.4126619e-07 -3.3172121e-07)
(-6.7402023e-07 -7.4669319e-07 -4.5761943e-07)
(-6.7123995e-07 -1.032112e-06 -6.3253816e-07)
(-5.8401039e-07 -1.4396182e-06 -8.8227547e-07)
(-6.2862908e-08 -2.0095884e-06 -1.2315743e-06)
(2.5015924e-06 -2.8109078e-06 -1.7226484e-06)
(1.0253257e-05 -3.1561852e-06 -1.9343129e-06)
(-2.3303217e-07 -2.640942e-08 -2.2552811e-08)
(-3.316849e-07 -8.7801591e-08 -7.499295e-08)
(-4.1731305e-07 -1.5356523e-07 -1.3116134e-07)
(-4.9581902e-07 -2.3766396e-07 -2.0298929e-07)
(-5.6967494e-07 -3.448134e-07 -2.9450529e-07)
(-6.3353284e-07 -4.8273667e-07 -4.1230519e-07)
(-6.7400256e-07 -6.6594744e-07 -5.6878418e-07)
(-6.712002e-07 -9.204975e-07 -7.8619234e-07)
(-5.8393945e-07 -1.2839294e-06 -1.0965943e-06)
(-6.2736128e-08 -1.792252e-06 -1.5307454e-06)
(2.50186e-06 -2.5069082e-06 -2.1411254e-06)
(1.0253798e-05 -2.814855e-06 -2.4041639e-06)
(-2.3303094e-07 -2.2553526e-08 -2.6409048e-08)
(-3.3168446e-07 -7.4993762e-08 -8.7800837e-08)
(-4.1731257e-07 -1.3116222e-07 -1.53564e-07)
(-4.9581624e-07 -2.0299092e-07 -2.3766185e-07)
(-5.6966834e-07 -2.9450786e-07 -3.4481044e-07)
(-6.3352158e-07 -4.1230861e-07 -4.827329e-07)
(-6.7398487e-07 -5.6878839e-07 -6.6594292e-07)
(-6.7117509e-07 -7.8619724e-07 -9.204925e-07)
(-5.8390693e-07 -1.0965996e-06 -1.2839242e-06)
(-6.269899e-08 -1.5307504e-06 -1.7922469e-06)
(2.5018997e-06 -2.1411297e-06 -2.5069032e-06)
(1.0253837e-05 -2.4041658e-06 -2.8148511e-06)
(-2.3301756e-07 -1.8138313e-08 -2.9613301e-08)
(-3.3166999e-07 -6.0333432e-08 -9.8447606e-08)
(-4.1730249e-07 -1.055237e-07 -1.7218389e-07)
(-4.9580633e-07 -1.6331346e-07 -2.664774e-07)
(-5.6965509e-07 -2.3694472e-07 -3.8661674e-07)
(-6.335091e-07 -3.3172382e-07 -5.4126262e-07)
(-6.7397816e-07 -4.5762273e-07 -7.4668928e-07)
(-6.7118241e-07 -6.3254214e-07 -1.0321083e-06)
(-5.8393853e-07 -8.8227979e-07 -1.4396152e-06)
(-6.2784514e-08 -1.2315781e-06 -2.0095856e-06)
(2.5016724e-06 -1.7226508e-06 -2.8109042e-06)
(1.0253334e-05 -1.9343126e-06 -3.1561806e-06)
(-2.3297353e-07 -1.3284168e-08 -3.2080582e-08)
(-3.3163453e-07 -4.4207406e-08 -1.0666768e-07)
(-4.172762e-07 -7.7303951e-08 -1.8656328e-07)
(-4.9578274e-07 -1.1962676e-07 -2.8872767e-07)
(-5.6962799e-07 -1.7355488e-07 -4.1889323e-07)
(-6.3347747e-07 -2.4297489e-07 -5.8644779e-07)
(-6.739461e-07 -3.3518847e-07 -8.0902457e-07)
(-6.7115484e-07 -4.6330401e-07 -1.1182744e-06)
(-5.8391805e-07 -6.4621762e-07 -1.5598118e-06)
(-6.2815008e-08 -9.0205908e-07 -2.1774029e-06)
(2.5014045e-06 -1.2617031e-06 -3.0456701e-06)
(1.0252551e-05 -1.4166377e-06 -3.4197694e-06)
(-2.3294875e-07 -8.0709318e-09 -3.3760414e-08)
(-3.3152376e-07 -2.6943824e-08 -1.122604e-07)
(-4.1714106e-07 -4.7127662e-08 -1.9634087e-07)
(-4.956332e-07 -7.2944222e-08 -3.0386055e-07)
(-5.6946284e-07 -1.0584513e-07 -4.4084582e-07)
(-6.3330537e-07 -1.4820088e-07 -6.1718546e-07)
(-6.7376668e-07 -2.0446175e-07 -8.5143763e-07)
(-6.7099205e-07 -2.8262275e-07 -1.1769107e-06)
(-5.8384881e-07 -3.9426527e-07 -1.6415931e-06)
(-6.2784664e-08 -5.5054911e-07 -2.2916454e-06)
(2.5013115e-06 -7.6982166e-07 -3.2056547e-06)
(1.0252513e-05 -8.6331975e-07 -3.5997183e-06)
(-2.3334229e-07 -2.7036549e-09 -3.46049e-08)
(-3.3172605e-07 -9.040843e-09 -1.1509651e-07)
(-4.1735183e-07 -1.582144e-08 -2.0130665e-07)
(-4.958483e-07 -2.4497775e-08 -3.1154115e-07)
(-5.6962965e-07 -3.5558459e-08 -4.5197189e-07)
(-6.3339658e-07 -4.9804043e-08 -6.3275446e-07)
(-6.7382233e-07 -6.8734437e-08 -8.7291251e-07)
(-6.7127527e-07 -9.5039642e-08 -1.2064943e-06)
(-5.839649e-07 -1.3265935e-07 -1.6825159e-06)
(-5.9565334e-08 -1.8553008e-07 -2.3493295e-06)
(2.505062e-06 -2.5956699e-07 -3.2887412e-06)
(1.0241334e-05 -2.8991338e-07 -3.6891549e-06)
)
;
    }
    rim
    {
        type            calculated;
        value           uniform (0 0 0);
    }
    axisApprox
    {
        type            calculated;
        value           uniform (0 0 0);
    }
    symmetry_z
    {
        type            symmetryPlane;
    }
    symmetry_y
    {
        type            symmetryPlane;
    }
}


// ************************************************************************* //
