/*--------------------------------*- C++ -*----------------------------------*\
| =========                 |                                                 |
| \\      /  F ield         | OpenFOAM: The Open Source CFD Toolbox           |
|  \\    /   O peration     | Version:  2512                                  |
|   \\  /    A nd           | Website:  www.openfoam.com                      |
|    \\/     M anipulation  |                                                 |
\*---------------------------------------------------------------------------*/
FoamFile
{
    version     2.0;
    format      ascii;
    arch        "LSB;label=32;scalar=64";
    class       pointVectorField;
    location    "2.7";
    object      pointD;
}
// * * * * * * * * * * * * * * * * * * * * * * * * * * * * * * * * * * * * * //

dimensions      [0 1 0 0 0 0 0];

internalField   nonuniform List<vector> 
252
(
(0.00022152356 0.00027532484 0)
(0 0 0)
(0 0 0)
(0 0 0)
(0 0 0)
(0.00022335113 -0.00027777685 0)
(0.00074408024 0.00068972108 0)
(0.00063402368 0.00025107616 0)
(0.00058448608 7.1870891e-05 0)
(0.00058487876 -7.3650169e-05 0)
(0.00063561733 -0.0002541525 0)
(0.00074787394 -0.00069692946 0)
(0.0013786922 0.00093689386 0)
(0.0012987846 0.00043066036 0)
(0.0012564792 0.00012912095 0)
(0.0012571279 -0.00013255777 0)
(0.0013010182 -0.00043617281 0)
(0.0013830151 -0.00094764082 0)
(0.0020553416 0.001092051 0)
(0.0020115392 0.0005397567 0)
(0.0019858142 0.00016503014 0)
(0.0019867181 -0.00016976237 0)
(0.0020143836 -0.00054688537 0)
(0.0020603053 -0.0011046696 0)
(0.0027328188 0.0011374438 0)
(0.0027219605 0.00058334189 0)
(0.0027128039 0.00018067092 0)
(0.0027138748 -0.00018624461 0)
(0.0027251803 -0.00059134675 0)
(0.0027381529 -0.0011507529 0)
(0.0033742584 0.0010905789 0)
(0.0033914353 0.00057156989 0)
(0.0033971717 0.0001784187 0)
(0.0033983487 -0.00018423643 0)
(0.0033948799 -0.00057965374 0)
(0.0033797747 -0.0011035034 0)
(0.0039455822 0.00096546587 0)
(0.0039857829 0.00051298427 0)
(0.0040039562 0.00016097189 0)
(0.0040051975 -0.0001664626 0)
(0.0039893554 -0.0005204341 0)
(0.0039511727 -0.00097705759 0)
(0.0044189494 0.0007783667 0)
(0.0044769844 0.00041727812 0)
(0.0045049095 0.00013138515 0)
(0.004506187 -0.00013601599 0)
(0.0044806203 -0.00042345979 0)
(0.0044245456 -0.0007878094 0)
(0.0047725853 0.0005446863 0)
(0.0048433561 0.00029364187 0)
(0.0048782759 9.2655821e-05 0)
(0.0048795728 -9.5998177e-05 0)
(0.0048470203 -0.00029805582 0)
(0.0047781608 -0.00055134743 0)
(0.0049909743 0.00028007913 0)
(0.0050693689 0.00015146197 0)
(0.0051084883 4.7849024e-05 0)
(0.0051097942 -4.9598234e-05 0)
(0.0050730429 -0.0001537581 0)
(0.0049965267 -0.00028352065 0)
(0.0050648037 -1.0943019e-10 0)
(0.0051457411 -4.3541323e-11 0)
(0.0051862621 3.9055867e-12 0)
(0.0051875707 4.5085094e-11 0)
(0.0051494174 8.8532632e-11 0)
(0.0050703468 1.474784e-10 0)
(0.0049909742 -0.00028007934 0)
(0.0050693687 -0.00015146205 0)
(0.0051084881 -4.7849016e-05 0)
(0.005109794 4.9598322e-05 0)
(0.0050730427 0.00015375827 0)
(0.0049965265 0.00028352093 0)
(0.004772585 -0.00054468648 0)
(0.0048433558 -0.00029364194 0)
(0.0048782756 -9.265581e-05 0)
(0.0048795725 9.5998258e-05 0)
(0.00484702 0.00029805597 0)
(0.0047781605 0.00055134768 0)
(0.004418949 -0.00077836683 0)
(0.0044769839 -0.00041727817 0)
(0.0045049091 -0.00013138513 0)
(0.0045061866 0.00013601606 0)
(0.0044806199 0.00042345991 0)
(0.0044245452 0.0007878096 0)
(0.0039455817 -0.00096546595 0)
(0.0039857824 -0.0005129843 0)
(0.0040039558 -0.00016097187 0)
(0.004005197 0.00016646266 0)
(0.0039893549 0.0005204342 0)
(0.0039511723 0.00097705772 0)
(0.0033742579 -0.001090579 0)
(0.0033914348 -0.00057156988 0)
(0.0033971712 -0.00017841867 0)
(0.0033983482 0.00018423647 0)
(0.0033948794 0.0005796538 0)
(0.0033797742 0.0011035034 0)
(0.0027328183 -0.0011374437 0)
(0.00272196 -0.00058334186 0)
(0.0027128034 -0.0001806709 0)
(0.0027138744 0.00018624463 0)
(0.0027251799 0.00059134676 0)
(0.0027381525 0.0011507529 0)
(0.0020553411 -0.0010920509 0)
(0.0020115388 -0.00053975666 0)
(0.0019858138 -0.00016503012 0)
(0.0019867177 0.00016976238 0)
(0.0020143832 0.00054688536 0)
(0.0020603049 0.0011046696 0)
(0.0013786918 -0.00093689373 0)
(0.0012987842 -0.00043066031 0)
(0.0012564789 -0.00012912094 0)
(0.0012571276 0.00013255777 0)
(0.0013010179 0.00043617279 0)
(0.0013830148 0.00094764072 0)
(0.00074408 -0.00068972094 0)
(0.00063402349 -0.00025107613 0)
(0.00058448591 -7.1870882e-05 0)
(0.0005848786 7.3650165e-05 0)
(0.00063561718 0.00025415247 0)
(0.00074787379 0.00069692935 0)
(0.00022152348 -0.00027532477 0)
(0 0 0)
(0 0 0)
(0 0 0)
(0 0 0)
(0.00022335109 0.0002777768 0)
(0.00022152356 0.00027532484 0)
(0 0 0)
(0 0 0)
(0 0 0)
(0 0 0)
(0.00022335113 -0.00027777685 0)
(0.00074408024 0.00068972108 0)
(0.00063402368 0.00025107616 0)
(0.00058448608 7.1870891e-05 0)
(0.00058487876 -7.3650169e-05 0)
(0.00063561733 -0.0002541525 0)
(0.00074787394 -0.00069692946 0)
(0.0013786922 0.00093689386 0)
(0.0012987846 0.00043066036 0)
(0.0012564792 0.00012912095 0)
(0.0012571279 -0.00013255777 0)
(0.0013010182 -0.00043617281 0)
(0.0013830151 -0.00094764082 0)
(0.0020553416 0.001092051 0)
(0.0020115392 0.0005397567 0)
(0.0019858142 0.00016503014 0)
(0.0019867181 -0.00016976237 0)
(0.0020143836 -0.00054688537 0)
(0.0020603053 -0.0011046696 0)
(0.0027328188 0.0011374438 0)
(0.0027219605 0.00058334189 0)
(0.0027128039 0.00018067092 0)
(0.0027138748 -0.00018624461 0)
(0.0027251803 -0.00059134675 0)
(0.0027381529 -0.0011507529 0)
(0.0033742584 0.0010905789 0)
(0.0033914353 0.00057156989 0)
(0.0033971717 0.0001784187 0)
(0.0033983487 -0.00018423643 0)
(0.0033948799 -0.00057965374 0)
(0.0033797747 -0.0011035034 0)
(0.0039455822 0.00096546587 0)
(0.0039857829 0.00051298427 0)
(0.0040039562 0.00016097189 0)
(0.0040051975 -0.0001664626 0)
(0.0039893554 -0.0005204341 0)
(0.0039511727 -0.00097705759 0)
(0.0044189494 0.0007783667 0)
(0.0044769844 0.00041727812 0)
(0.0045049095 0.00013138515 0)
(0.004506187 -0.00013601599 0)
(0.0044806203 -0.00042345979 0)
(0.0044245456 -0.0007878094 0)
(0.0047725853 0.0005446863 0)
(0.0048433561 0.00029364187 0)
(0.0048782759 9.2655821e-05 0)
(0.0048795728 -9.5998177e-05 0)
(0.0048470203 -0.00029805582 0)
(0.0047781608 -0.00055134743 0)
(0.0049909743 0.00028007913 0)
(0.0050693689 0.00015146197 0)
(0.0051084883 4.7849024e-05 0)
(0.0051097942 -4.9598234e-05 0)
(0.0050730429 -0.0001537581 0)
(0.0049965267 -0.00028352065 0)
(0.0050648037 -1.0943019e-10 0)
(0.0051457411 -4.3541323e-11 0)
(0.0051862621 3.9055867e-12 0)
(0.0051875707 4.5085094e-11 0)
(0.0051494174 8.8532632e-11 0)
(0.0050703468 1.474784e-10 0)
(0.0049909742 -0.00028007934 0)
(0.0050693687 -0.00015146205 0)
(0.0051084881 -4.7849016e-05 0)
(0.005109794 4.9598322e-05 0)
(0.0050730427 0.00015375827 0)
(0.0049965265 0.00028352093 0)
(0.004772585 -0.00054468648 0)
(0.0048433558 -0.00029364194 0)
(0.0048782756 -9.265581e-05 0)
(0.0048795725 9.5998258e-05 0)
(0.00484702 0.00029805597 0)
(0.0047781605 0.00055134768 0)
(0.004418949 -0.00077836683 0)
(0.0044769839 -0.00041727817 0)
(0.0045049091 -0.00013138513 0)
(0.0045061866 0.00013601606 0)
(0.0044806199 0.00042345991 0)
(0.0044245452 0.0007878096 0)
(0.0039455817 -0.00096546595 0)
(0.0039857824 -0.0005129843 0)
(0.0040039558 -0.00016097187 0)
(0.004005197 0.00016646266 0)
(0.0039893549 0.0005204342 0)
(0.0039511723 0.00097705772 0)
(0.0033742579 -0.001090579 0)
(0.0033914348 -0.00057156988 0)
(0.0033971712 -0.00017841867 0)
(0.0033983482 0.00018423647 0)
(0.0033948794 0.0005796538 0)
(0.0033797742 0.0011035034 0)
(0.0027328183 -0.0011374437 0)
(0.00272196 -0.00058334186 0)
(0.0027128034 -0.0001806709 0)
(0.0027138744 0.00018624463 0)
(0.0027251799 0.00059134676 0)
(0.0027381525 0.0011507529 0)
(0.0020553411 -0.0010920509 0)
(0.0020115388 -0.00053975666 0)
(0.0019858138 -0.00016503012 0)
(0.0019867177 0.00016976238 0)
(0.0020143832 0.00054688536 0)
(0.0020603049 0.0011046696 0)
(0.0013786918 -0.00093689373 0)
(0.0012987842 -0.00043066031 0)
(0.0012564789 -0.00012912094 0)
(0.0012571276 0.00013255777 0)
(0.0013010179 0.00043617279 0)
(0.0013830148 0.00094764072 0)
(0.00074408 -0.00068972094 0)
(0.00063402349 -0.00025107613 0)
(0.00058448591 -7.1870882e-05 0)
(0.0005848786 7.3650165e-05 0)
(0.00063561718 0.00025415247 0)
(0.00074787379 0.00069692935 0)
(0.00022152348 -0.00027532477 0)
(0 0 0)
(0 0 0)
(0 0 0)
(0 0 0)
(0.00022335109 0.0002777768 0)
)
;

boundaryField
{
    bottom
    {
        type            calculated;
    }
    top
    {
        type            calculated;
    }
    interface_left
    {
        type            calculated;
    }
    interface_right
    {
        type            calculated;
    }
    frontAndBack
    {
        type            empty;
    }
}


// ************************************************************************* //
