/*--------------------------------*- C++ -*----------------------------------*\
| =========                 |                                                 |
| \\      /  F ield         | OpenFOAM: The Open Source CFD Toolbox           |
|  \\    /   O peration     | Version:  2512                                  |
|   \\  /    A nd           | Website:  www.openfoam.com                      |
|    \\/     M anipulation  |                                                 |
\*---------------------------------------------------------------------------*/
FoamFile
{
    version     2.0;
    format      ascii;
    arch        "LSB;label=32;scalar=64";
    class       volVectorField;
    location    "2";
    object      Force;
}
// * * * * * * * * * * * * * * * * * * * * * * * * * * * * * * * * * * * * * //

dimensions      [1 1 -2 0 0 0 0];

internalField   uniform (0 0 0);

boundaryField
{
    inlet
    {
        type            calculated;
        value           uniform (0 0 0);
    }
    fsi_pia
    {
        type            calculated;
        value           nonuniform List<vector> 
960
(
(-0.0001341773 0.00011011793 -4.5135388e-08)
(-0.00015308235 8.1825318e-05 -4.8286703e-08)
(-0.00016610875 5.0386182e-05 -5.1696705e-08)
(-0.00017275282 1.7012643e-05 -5.3147467e-08)
(-0.00017275282 -1.7012643e-05 -5.3147462e-08)
(-0.00016610875 -5.0386182e-05 -5.1696672e-08)
(-0.00015308235 -8.1825318e-05 -4.8286592e-08)
(-0.0001341773 -0.00011011793 -4.5135145e-08)
(-0.00013415807 0.00011009275 -3.9463236e-08)
(-0.000153063 8.1797477e-05 -4.3397065e-08)
(-0.00016608136 5.0366317e-05 -4.8061155e-08)
(-0.00017271558 1.700607e-05 -5.0603246e-08)
(-0.00017271558 -1.700607e-05 -5.0603239e-08)
(-0.00016608136 -5.0366317e-05 -4.806112e-08)
(-0.000153063 -8.1797477e-05 -4.3396952e-08)
(-0.00013415807 -0.00011009275 -3.9463005e-08)
(-0.00013415546 0.0001100863 4.7065573e-09)
(-0.0001530612 8.1788179e-05 5.1991089e-09)
(-0.00016607734 5.0358858e-05 5.5716323e-09)
(-0.0001727089 1.7003461e-05 5.5860417e-09)
(-0.0001727089 -1.7003461e-05 5.5860481e-09)
(-0.00016607734 -5.0358858e-05 5.5716672e-09)
(-0.0001530612 -8.1788179e-05 5.1992201e-09)
(-0.00013415546 -0.0001100863 4.7067821e-09)
(-0.00013415906 0.00011009003 1.3486126e-09)
(-0.00015306526 8.1791367e-05 1.2372797e-09)
(-0.00016608302 5.0360539e-05 9.5212974e-10)
(-0.00017271639 1.7003878e-05 6.4519139e-10)
(-0.00017271639 -1.7003878e-05 6.4519763e-10)
(-0.00016608302 -5.0360539e-05 9.5216347e-10)
(-0.00015306526 -8.1791367e-05 1.2373868e-09)
(-0.00013415906 -0.00011009003 1.3488277e-09)
(-0.00013415938 0.00011009034 1.3235834e-09)
(-0.00015306576 8.1791557e-05 1.3766073e-09)
(-0.00016608391 5.0360388e-05 1.4356983e-09)
(-0.00017271769 1.7003692e-05 1.4516705e-09)
(-0.00017271769 -1.7003692e-05 1.4516767e-09)
(-0.00016608391 -5.0360388e-05 1.4357314e-09)
(-0.00015306576 -8.1791557e-05 1.3767113e-09)
(-0.00013415938 -0.00011009034 1.3237914e-09)
(-0.00013416005 0.00011009086 8.4024604e-10)
(-0.00015306652 8.1791949e-05 7.9338171e-10)
(-0.0001660847 5.0360783e-05 7.995569e-10)
(-0.00017271853 1.7003923e-05 8.920525e-10)
(-0.00017271853 -1.7003923e-05 8.9205859e-10)
(-0.0001660847 -5.0360783e-05 7.995891e-10)
(-0.00015306652 -8.1791949e-05 7.9348234e-10)
(-0.00013416005 -0.00011009086 8.4044692e-10)
(-0.00013416061 0.00011009009 2.3234758e-09)
(-0.00015306753 8.1790092e-05 1.360476e-09)
(-0.00016608526 5.0359014e-05 4.4218802e-11)
(-0.00017271856 1.7003209e-05 -8.9747986e-10)
(-0.00017271856 -1.7003209e-05 -8.9747386e-10)
(-0.00016608526 -5.0359014e-05 4.4250176e-11)
(-0.00015306753 -8.1790092e-05 1.3605733e-09)
(-0.00013416061 -0.00011009009 2.3236696e-09)
(-0.00013416082 0.00011008978 5.2281767e-10)
(-0.00015306797 8.1789307e-05 1.0479476e-09)
(-0.00016608567 5.0358047e-05 1.6995882e-09)
(-0.00017271897 1.7002703e-05 2.0975598e-09)
(-0.00017271897 -1.7002703e-05 2.0975656e-09)
(-0.00016608567 -5.0358047e-05 1.6996185e-09)
(-0.00015306797 -8.1789307e-05 1.0480413e-09)
(-0.00013416082 -0.00011008978 5.2300425e-10)
(-0.00013416051 0.00011008953 3.5920286e-10)
(-0.00015306761 8.1789133e-05 -1.5880694e-10)
(-0.00016608529 5.0357944e-05 -8.0122095e-10)
(-0.00017271857 1.7002669e-05 -1.1930292e-09)
(-0.00017271857 -1.7002669e-05 -1.1930235e-09)
(-0.00016608529 -5.0357944e-05 -8.011916e-10)
(-0.00015306761 -8.1789133e-05 -1.5871674e-10)
(-0.00013416051 -0.00011008953 3.5938203e-10)
(-0.00013415982 0.00011008949 -1.148945e-09)
(-0.00015306661 8.1789699e-05 -1.5991641e-10)
(-0.00016608427 5.0358804e-05 1.1957063e-09)
(-0.00017271754 1.7003146e-05 2.1674125e-09)
(-0.00017271754 -1.7003146e-05 2.1674181e-09)
(-0.00016608427 -5.0358805e-05 1.1957347e-09)
(-0.00015306661 -8.1789699e-05 -1.5982989e-10)
(-0.00013415982 -0.00011008949 -1.1487735e-09)
(-0.00013415916 0.00011009021 1.1069326e-09)
(-0.00015306546 8.1791556e-05 1.1666924e-09)
(-0.00016608353 5.0360603e-05 1.1811495e-09)
(-0.00017271728 1.7003879e-05 1.1079712e-09)
(-0.00017271728 -1.7003879e-05 1.1079766e-09)
(-0.00016608353 -5.0360603e-05 1.1811767e-09)
(-0.00015306546 -8.1791556e-05 1.1667752e-09)
(-0.00013415916 -0.00011009021 1.1070963e-09)
(-0.00013415874 0.00011008997 2.123434e-10)
(-0.00015306495 8.1791466e-05 2.1248148e-10)
(-0.00016608306 5.036042e-05 2.1270796e-10)
(-0.00017271689 1.7003712e-05 2.129333e-10)
(-0.00017271689 -1.7003712e-05 2.1293844e-10)
(-0.00016608306 -5.036042e-05 2.127339e-10)
(-0.00015306495 -8.1791466e-05 2.1256022e-10)
(-0.00013415874 -0.00011008997 2.1249938e-10)
(-0.00013415851 0.00011008968 -6.6933175e-10)
(-0.00015306471 8.1791156e-05 -7.2915223e-10)
(-0.0001660827 5.0360351e-05 -7.4383561e-10)
(-0.00017271638 1.7003791e-05 -6.7092295e-10)
(-0.00017271638 -1.7003791e-05 -6.7091798e-10)
(-0.0001660827 -5.0360351e-05 -7.4381076e-10)
(-0.00015306471 -8.1791156e-05 -7.2907727e-10)
(-0.00013415851 -0.00011008968 -6.6918347e-10)
(-0.00013415831 0.00011008825 1.6069451e-09)
(-0.00015306489 8.1788779e-05 6.18471e-10)
(-0.00016608242 5.0358243e-05 -7.3678433e-10)
(-0.00017271564 1.7002959e-05 -1.7086108e-09)
(-0.00017271564 -1.7002959e-05 -1.708606e-09)
(-0.00016608242 -5.0358243e-05 -7.3676061e-10)
(-0.00015306489 -8.1788779e-05 6.1854205e-10)
(-0.00013415831 -0.00011008825 1.6070854e-09)
(-0.00013415838 0.00011008778 1.4900915e-10)
(-0.00015306517 8.1787836e-05 6.6925077e-10)
(-0.00016608264 5.0357147e-05 1.3145936e-09)
(-0.00017271582 1.70024e-05 1.7083933e-09)
(-0.00017271582 -1.70024e-05 1.7083978e-09)
(-0.00016608264 -5.0357147e-05 1.314616e-09)
(-0.00015306517 -8.1787836e-05 6.693176e-10)
(-0.00013415838 -0.00011008778 1.4914115e-10)
(-0.00013415808 0.00011008754 1.8316495e-10)
(-0.00015306484 8.1787656e-05 -3.3683244e-10)
(-0.00016608228 5.0357036e-05 -9.819156e-10)
(-0.00017271544 1.7002363e-05 -1.3755445e-09)
(-0.00017271544 -1.7002363e-05 -1.3755404e-09)
(-0.00016608228 -5.0357036e-05 -9.8189493e-10)
(-0.00015306484 -8.1787656e-05 -3.3677018e-10)
(-0.00013415808 -0.00011008754 1.8328833e-10)
(-0.00013415755 0.00011008763 -1.274201e-09)
(-0.00015306402 8.1788312e-05 -2.8560539e-10)
(-0.00016608144 5.0357946e-05 1.0697739e-09)
(-0.00017271457 1.7002854e-05 2.0416942e-09)
(-0.00017271457 -1.7002854e-05 2.0416979e-09)
(-0.00016608144 -5.0357946e-05 1.0697927e-09)
(-0.00015306402 -8.1788312e-05 -2.8554812e-10)
(-0.00013415755 -0.00011008763 -1.2740869e-09)
(-0.00013415688 0.00011008835 1.0025473e-09)
(-0.00015306287 8.1790176e-05 1.0624186e-09)
(-0.00016608074 5.0359759e-05 1.0770599e-09)
(-0.0001727144 1.7003596e-05 1.0040996e-09)
(-0.0001727144 -1.7003596e-05 1.0041028e-09)
(-0.00016608074 -5.0359759e-05 1.0770767e-09)
(-0.00015306287 -8.1790176e-05 1.0624704e-09)
(-0.00013415688 -0.00011008835 1.0026513e-09)
(-0.00013415666 0.00011008827 1.2282708e-10)
(-0.00015306259 8.1790205e-05 1.2332597e-10)
(-0.0001660805 5.0359644e-05 1.2366189e-10)
(-0.00017271422 1.700345e-05 1.2373614e-10)
(-0.00017271422 -1.700345e-05 1.2373884e-10)
(-0.0001660805 -5.0359644e-05 1.2367643e-10)
(-0.00015306259 -8.1790205e-05 1.2337222e-10)
(-0.00013415666 -0.00011008827 1.2292094e-10)
(-0.00013415663 0.00011008815 -7.6724812e-10)
(-0.00015306257 8.1790018e-05 -8.2690638e-10)
(-0.00016608037 5.0359645e-05 -8.4157084e-10)
(-0.00017271394 1.7003551e-05 -7.6867411e-10)
(-0.00017271394 -1.7003551e-05 -7.6867201e-10)
(-0.00016608037 -5.0359645e-05 -8.4155865e-10)
(-0.00015306257 -8.1790018e-05 -8.2686587e-10)
(-0.00013415663 -0.00011008815 -7.6716451e-10)
(-0.00013415644 0.00011008673 1.4980074e-09)
(-0.00015306277 8.1787655e-05 5.1120928e-10)
(-0.00016608014 5.0357558e-05 -8.4163721e-10)
(-0.00017271329 1.700273e-05 -1.8115326e-09)
(-0.00017271329 -1.700273e-05 -1.8115311e-09)
(-0.00016608014 -5.0357558e-05 -8.416273e-10)
(-0.00015306277 -8.1787655e-05 5.1124409e-10)
(-0.00013415644 -0.00011008673 1.4980807e-09)
(-0.00013415669 0.00011008641 3.24643e-12)
(-0.00015306325 8.1786827e-05 5.259757e-10)
(-0.00016608056 5.0356535e-05 1.1759109e-09)
(-0.00017271366 1.7002196e-05 1.5737632e-09)
(-0.00017271366 -1.7002196e-05 1.5737643e-09)
(-0.00016608056 -5.0356535e-05 1.1759188e-09)
(-0.00015306325 -8.1786827e-05 5.2600519e-10)
(-0.00013415669 -0.00011008641 3.3098642e-12)
(-0.00013415645 0.00011008621 -1.1193345e-10)
(-0.00015306298 8.1786682e-05 -6.3439541e-10)
(-0.00016608026 5.035645e-05 -1.2813748e-09)
(-0.00017271335 1.7002169e-05 -1.6751274e-09)
(-0.00017271335 -1.7002169e-05 -1.6751268e-09)
(-0.00016608026 -5.035645e-05 -1.2813689e-09)
(-0.00015306298 -8.1786682e-05 -6.3437116e-10)
(-0.00013415645 -0.00011008621 -1.1187968e-10)
(-0.00013415586 0.00011008623 -1.8262083e-09)
(-0.0001530621 8.1787252e-05 -8.5889362e-10)
(-0.00016607935 5.0357277e-05 4.6186867e-10)
(-0.00017271238 1.7002624e-05 1.4055846e-09)
(-0.00017271238 -1.7002624e-05 1.4055847e-09)
(-0.00016607935 -5.0357277e-05 4.618727e-10)
(-0.0001530621 -8.1787252e-05 -8.5887434e-10)
(-0.00013415586 -0.00011008623 -1.8261639e-09)
(-0.00013415458 0.00011008641 -3.5997028e-10)
(-0.00015306029 8.178868e-05 -3.1602682e-10)
(-0.00016607799 5.0358796e-05 -3.2896177e-10)
(-0.0001727116 1.7003258e-05 -4.2869964e-10)
(-0.0001727116 -1.7003258e-05 -4.2869988e-10)
(-0.00016607799 -5.0358796e-05 -3.2895948e-10)
(-0.00015306029 -8.178868e-05 -3.1601235e-10)
(-0.00013415458 -0.00011008641 -3.5993485e-10)
(-0.00013415354 0.00011008556 -1.1164092e-09)
(-0.00015305911 8.1788003e-05 -1.196969e-09)
(-0.00016607676 5.0358173e-05 -1.3079214e-09)
(-0.00017271034 1.7002931e-05 -1.3748914e-09)
(-0.00017271034 -1.7002931e-05 -1.3748919e-09)
(-0.00016607676 -5.0358173e-05 -1.3079205e-09)
(-0.00015305911 -8.1788003e-05 -1.1969587e-09)
(-0.00013415354 -0.00011008556 -1.1163821e-09)
(-0.00013415279 0.00011008477 -1.5597721e-09)
(-0.00015305814 8.1787312e-05 -1.5353292e-09)
(-0.00016607529 5.0357954e-05 -1.3498435e-09)
(-0.00017270844 1.7002988e-05 -1.0932037e-09)
(-0.00017270844 -1.7002988e-05 -1.0932046e-09)
(-0.00016607529 -5.0357954e-05 -1.3498442e-09)
(-0.00015305814 -8.1787312e-05 -1.5353234e-09)
(-0.00013415279 -0.00011008477 -1.5597535e-09)
(-0.00013414812 0.00011008013 -9.5222683e-09)
(-0.00015305284 8.1783446e-05 -9.9234139e-09)
(-0.0001660682 5.0355949e-05 -1.0142478e-08)
(-0.00017269933 1.700251e-05 -1.0016591e-08)
(-0.00017269933 -1.700251e-05 -1.0016592e-08)
(-0.0001660682 -5.0355949e-05 -1.0142479e-08)
(-0.00015305284 -8.1783446e-05 -9.9234107e-09)
(-0.00013414812 -0.00011008013 -9.5222561e-09)
(-0.00013414533 0.00011008239 2.3196113e-08)
(-0.00015304851 8.1789999e-05 2.7247904e-08)
(-0.00016606581 5.0361938e-05 3.2057289e-08)
(-0.00017269944 1.700465e-05 3.4670666e-08)
(-0.00017269944 -1.700465e-05 3.4670665e-08)
(-0.00016606581 -5.0361938e-05 3.2057285e-08)
(-0.00015304851 -8.1789999e-05 2.72479e-08)
(-0.00013414533 -0.00011008239 2.3196112e-08)
(-0.00013401304 0.00010998027 1.1169935e-07)
(-0.0001528954 8.1721128e-05 1.1303178e-07)
(-0.00016590221 5.0322549e-05 1.1518402e-07)
(-0.00017253305 1.6991634e-05 1.1684155e-07)
(-0.00017253305 -1.6991634e-05 1.1684155e-07)
(-0.00016590221 -5.0322549e-05 1.1518402e-07)
(-0.0001528954 -8.1721128e-05 1.1303177e-07)
(-0.00013401304 -0.00010998027 1.1169933e-07)
(-0.00011011793 -0.0001341773 -4.5135116e-08)
(-8.1825318e-05 -0.00015308235 -4.8286498e-08)
(-5.0386182e-05 -0.00016610875 -5.169651e-08)
(-1.7012643e-05 -0.00017275282 -5.3147234e-08)
(1.7012643e-05 -0.00017275282 -5.3147166e-08)
(5.0386182e-05 -0.00016610875 -5.169632e-08)
(8.1825318e-05 -0.00015308235 -4.8286221e-08)
(0.00011011793 -0.0001341773 -4.5134778e-08)
(-0.00011009275 -0.00013415807 -3.9462993e-08)
(-8.1797477e-05 -0.000153063 -4.3396919e-08)
(-5.0366317e-05 -0.00016608136 -4.8061077e-08)
(-1.700607e-05 -0.00017271558 -5.0603192e-08)
(1.700607e-05 -0.00017271558 -5.0603176e-08)
(5.0366317e-05 -0.00016608136 -4.8061029e-08)
(8.1797477e-05 -0.000153063 -4.3396835e-08)
(0.00011009275 -0.00013415807 -3.9462876e-08)
(-0.0001100863 -0.00013415546 4.7068033e-09)
(-8.1788179e-05 -0.0001530612 5.1992831e-09)
(-5.0358857e-05 -0.00016607734 5.5717645e-09)
(-1.700346e-05 -0.0001727089 5.5861677e-09)
(1.7003461e-05 -0.0001727089 5.5861885e-09)
(5.0358858e-05 -0.00016607734 5.5718335e-09)
(8.1788179e-05 -0.0001530612 5.199404e-09)
(0.0001100863 -0.00013415546 4.7069682e-09)
(-0.00011009003 -0.00013415906 1.3488587e-09)
(-8.1791367e-05 -0.00015306526 1.2374834e-09)
(-5.0360539e-05 -0.00016608302 9.5232988e-10)
(-1.7003878e-05 -0.00017271639 6.4542955e-10)
(1.7003878e-05 -0.00017271639 6.4547708e-10)
(5.0360539e-05 -0.00016608302 9.5246465e-10)
(8.1791367e-05 -0.00015306526 1.237686e-09)
(0.00011009003 -0.00013415906 1.3491144e-09)
(-0.00011009034 -0.00013415938 1.3238006e-09)
(-8.1791557e-05 -0.00015306576 1.3767203e-09)
(-5.0360388e-05 -0.00016608391 1.4357006e-09)
(-1.7003692e-05 -0.00017271769 1.4515876e-09)
(1.7003692e-05 -0.00017271769 1.4515552e-09)
(5.0360388e-05 -0.00016608391 1.4356339e-09)
(8.1791557e-05 -0.00015306576 1.3766776e-09)
(0.00011009034 -0.00013415938 1.323803e-09)
(-0.00011009086 -0.00013416005 8.4050271e-10)
(-8.1791949e-05 -0.00015306652 7.9365307e-10)
(-5.0360783e-05 -0.0001660847 7.9986746e-10)
(-1.7003923e-05 -0.00017271853 8.9241924e-10)
(1.7003923e-05 -0.00017271853 8.9249604e-10)
(5.0360783e-05 -0.0001660847 8.0010494e-10)
(8.1791949e-05 -0.00015306652 7.9403559e-10)
(0.00011009086 -0.00013416005 8.4099609e-10)
(-0.00011009009 -0.00013416061 2.3236885e-09)
(-8.1790092e-05 -0.00015306753 1.3606251e-09)
(-5.0359014e-05 -0.00016608526 4.4328539e-11)
(-1.7003209e-05 -0.00017271856 -8.9736859e-10)
(1.7003209e-05 -0.00017271856 -8.9735159e-10)
(5.0359014e-05 -0.00016608526 4.4375639e-11)
(8.1790092e-05 -0.00015306753 1.3607031e-09)
(0.00011009009 -0.00013416061 2.3237993e-09)
(-0.00011008978 -0.00013416082 5.2304496e-10)
(-8.1789307e-05 -0.00015306797 1.0481613e-09)
(-5.0358047e-05 -0.00016608567 1.6998052e-09)
(-1.7002703e-05 -0.00017271897 2.0978008e-09)
(1.7002703e-05 -0.00017271897 2.0978443e-09)
(5.0358047e-05 -0.00016608567 1.6999421e-09)
(8.1789307e-05 -0.00015306797 1.0483923e-09)
(0.00011008978 -0.00013416082 5.2335586e-10)
(-0.00011008953 -0.00013416051 3.5941477e-10)
(-8.1789133e-05 -0.00015306761 -1.5862634e-10)
(-5.0357943e-05 -0.00016608529 -8.0106272e-10)
(-1.7002669e-05 -0.00017271857 -1.1928693e-09)
(1.7002669e-05 -0.00017271857 -1.1928368e-09)
(5.0357944e-05 -0.00016608529 -8.0095561e-10)
(8.1789133e-05 -0.00015306761 -1.5843411e-10)
(0.00011008953 -0.00013416051 3.5968412e-10)
(-0.00011008949 -0.00013415982 -1.1487067e-09)
(-8.1789699e-05 -0.00015306661 -1.5963707e-10)
(-5.0358804e-05 -0.00016608427 1.1960157e-09)
(-1.7003146e-05 -0.00017271754 2.1677404e-09)
(1.7003146e-05 -0.00017271754 2.1678005e-09)
(5.0358804e-05 -0.00016608427 1.196229e-09)
(8.1789699e-05 -0.00015306661 -1.5924323e-10)
(0.00011008949 -0.00013415982 -1.1481569e-09)
(-0.00011009021 -0.00013415916 1.1071227e-09)
(-8.1791556e-05 -0.00015306546 1.1668704e-09)
(-5.0360603e-05 -0.00016608353 1.1813774e-09)
(-1.7003879e-05 -0.00017271728 1.108298e-09)
(1.7003879e-05 -0.00017271728 1.1083633e-09)
(5.0360603e-05 -0.00016608353 1.1815375e-09)
(8.1791556e-05 -0.00015306546 1.1670667e-09)
(0.00011009021 -0.00013415916 1.1073369e-09)
(-0.00011008997 -0.00013415874 2.1247918e-10)
(-8.1791465e-05 -0.00015306495 2.1245894e-10)
(-5.0360419e-05 -0.00016608306 2.1247901e-10)
(-1.7003712e-05 -0.00017271689 2.1252419e-10)
(1.7003712e-05 -0.00017271689 2.1246077e-10)
(5.0360419e-05 -0.00016608306 2.1233611e-10)
(8.1791465e-05 -0.00015306495 2.1233123e-10)
(0.00011008997 -0.00013415874 2.1240621e-10)
(-0.00011008968 -0.00013415851 -6.6908261e-10)
(-8.1791156e-05 -0.00015306471 -7.2876295e-10)
(-5.036035e-05 -0.0001660827 -7.4330752e-10)
(-1.7003791e-05 -0.00017271638 -6.7030541e-10)
(1.7003791e-05 -0.00017271638 -6.7019831e-10)
(5.036035e-05 -0.0001660827 -7.4294981e-10)
(8.1791156e-05 -0.00015306471 -7.2814645e-10)
(0.00011008968 -0.00013415851 -6.68257e-10)
(-0.00011008825 -0.00013415831 1.6070459e-09)
(-8.1788778e-05 -0.00015306489 6.184195e-10)
(-5.0358242e-05 -0.00016608242 -7.3694264e-10)
(-1.7002958e-05 -0.00017271564 -1.7087876e-09)
(1.7002958e-05 -0.00017271564 -1.7087858e-09)
(5.0358242e-05 -0.00016608242 -7.3696647e-10)
(8.1788778e-05 -0.00015306489 6.1835075e-10)
(0.00011008825 -0.00013415831 1.6069564e-09)
(-0.00011008778 -0.00013415838 1.491564e-10)
(-8.1787835e-05 -0.00015306517 6.6937159e-10)
(-5.0357146e-05 -0.00016608264 1.3147072e-09)
(-1.70024e-05 -0.00017271582 1.7085055e-09)
(1.70024e-05 -0.00017271582 1.7085234e-09)
(5.0357146e-05 -0.00016608264 1.3147748e-09)
(8.1787835e-05 -0.00015306517 6.69509e-10)
(0.00011008778 -0.00013415838 1.4936847e-10)
(-0.00011008754 -0.00013415808 1.8324191e-10)
(-8.1787655e-05 -0.00015306483 -3.3691888e-10)
(-5.0357035e-05 -0.00016608227 -9.8214653e-10)
(-1.7002362e-05 -0.00017271544 -1.3758484e-09)
(1.7002362e-05 -0.00017271544 -1.375818e-09)
(5.0357035e-05 -0.00016608228 -9.8205429e-10)
(8.1787655e-05 -0.00015306484 -3.3676389e-10)
(0.00011008754 -0.00013415808 1.8346595e-10)
(-0.00011008763 -0.00013415755 -1.2740443e-09)
(-8.1788309e-05 -0.00015306401 -2.854292e-10)
(-5.0357943e-05 -0.00016608143 1.0699212e-09)
(-1.7002853e-05 -0.00017271457 2.0417577e-09)
(1.7002853e-05 -0.00017271457 2.041793e-09)
(5.0357943e-05 -0.00016608143 1.0700992e-09)
(8.1788309e-05 -0.00015306402 -2.8503267e-10)
(0.00011008763 -0.00013415755 -1.2734499e-09)
(-0.00011008835 -0.00013415689 1.0025338e-09)
(-8.1790172e-05 -0.00015306287 1.062199e-09)
(-5.0359755e-05 -0.00016608074 1.0768358e-09)
(-1.7003595e-05 -0.00017271439 1.004018e-09)
(1.7003595e-05 -0.0001727144 1.0040883e-09)
(5.0359755e-05 -0.00016608074 1.0769574e-09)
(8.1790172e-05 -0.00015306287 1.0622324e-09)
(0.00011008835 -0.00013415689 1.0024411e-09)
(-0.00011008827 -0.00013415667 1.2248574e-10)
(-8.17902e-05 -0.00015306259 1.2209681e-10)
(-5.035964e-05 -0.00016608049 1.2178073e-10)
(-1.7003449e-05 -0.00017271422 1.2165339e-10)
(1.7003448e-05 -0.00017271422 1.2186659e-10)
(5.0359639e-05 -0.00016608049 1.2230247e-10)
(8.17902e-05 -0.00015306259 1.2266574e-10)
(0.00011008827 -0.00013415667 1.2288962e-10)
(-0.00011008814 -0.00013415664 -7.6725597e-10)
(-8.179001e-05 -0.00015306257 -8.2687136e-10)
(-5.035964e-05 -0.00016608036 -8.4106724e-10)
(-1.700355e-05 -0.00017271393 -7.6769281e-10)
(1.7003548e-05 -0.00017271393 -7.6744192e-10)
(5.0359639e-05 -0.00016608036 -8.4022161e-10)
(8.1790011e-05 -0.00015306257 -8.2546795e-10)
(0.00011008814 -0.00013415664 -7.6563987e-10)
(-0.00011008672 -0.00013415645 1.4973311e-09)
(-8.1787643e-05 -0.00015306277 5.0876579e-10)
(-5.035755e-05 -0.00016608013 -8.459665e-10)
(-1.7002728e-05 -0.00017271328 -1.8169558e-09)
(1.7002723e-05 -0.00017271328 -1.8164931e-09)
(5.0357546e-05 -0.00016608014 -8.4458613e-10)
(8.1787644e-05 -0.00015306277 5.1088039e-10)
(0.00011008672 -0.00013415645 1.4996127e-09)
(-0.00011008639 -0.00013415669 2.6515216e-12)
(-8.1786806e-05 -0.00015306325 5.2297316e-10)
(-5.0356516e-05 -0.00016608055 1.168799e-09)
(-1.700219e-05 -0.00017271365 1.5631915e-09)
(1.7002182e-05 -0.00017271365 1.5635535e-09)
(5.0356509e-05 -0.00016608056 1.1699647e-09)
(8.1786805e-05 -0.00015306326 5.2498655e-10)
(0.0001100864 -0.0001341567 5.1601751e-12)
(-0.00011008619 -0.00013415645 -1.1146125e-10)
(-8.1786656e-05 -0.00015306298 -6.3309565e-10)
(-5.0356424e-05 -0.00016608025 -1.2794378e-09)
(-1.700216e-05 -0.00017271333 -1.6730461e-09)
(1.7002151e-05 -0.00017271334 -1.6732359e-09)
(5.0356417e-05 -0.00016608026 -1.2798944e-09)
(8.1786654e-05 -0.00015306298 -6.3359125e-10)
(0.0001100862 -0.00013415646 -1.1180111e-10)
(-0.00011008622 -0.00013415587 -1.8260907e-09)
(-8.1787231e-05 -0.0001530621 -8.5772076e-10)
(-5.0357258e-05 -0.00016607934 4.6589531e-10)
(-1.7002618e-05 -0.00017271236 1.4124508e-09)
(1.700261e-05 -0.00017271237 1.412202e-09)
(5.0357252e-05 -0.00016607934 4.6497055e-10)
(8.178723e-05 -0.00015306211 -8.5958277e-10)
(0.00011008622 -0.00013415587 -1.8287589e-09)
(-0.0001100864 -0.00013415459 -3.5967688e-10)
(-8.1788666e-05 -0.00015306029 -3.1494232e-10)
(-5.0358787e-05 -0.00016607798 -3.2655872e-10)
(-1.7003257e-05 -0.0001727116 -4.2519672e-10)
(1.7003251e-05 -0.0001727116 -4.2569895e-10)
(5.0358783e-05 -0.00016607799 -3.2825339e-10)
(8.1788667e-05 -0.00015306029 -3.1790424e-10)
(0.0001100864 -0.00013415459 -3.6340619e-10)
(-0.00011008555 -0.00013415354 -1.115483e-09)
(-8.1787996e-05 -0.00015305911 -1.194381e-09)
(-5.035817e-05 -0.00016607675 -1.3042468e-09)
(-1.7002931e-05 -0.00017271033 -1.3710162e-09)
(1.7002928e-05 -0.00017271033 -1.3714265e-09)
(5.0358168e-05 -0.00016607675 -1.3054013e-09)
(8.1787997e-05 -0.00015305911 -1.1959829e-09)
(0.00011008555 -0.00013415354 -1.1170063e-09)
(-0.00011008476 -0.00013415279 -1.5596833e-09)
(-8.1787308e-05 -0.00015305814 -1.5353018e-09)
(-5.0357951e-05 -0.00016607529 -1.3502214e-09)
(-1.7002987e-05 -0.00017270844 -1.0941146e-09)
(1.7002986e-05 -0.00017270844 -1.0944774e-09)
(5.0357951e-05 -0.00016607529 -1.3512126e-09)
(8.1787309e-05 -0.00015305814 -1.5366545e-09)
(0.00011008476 -0.0001341528 -1.5611499e-09)
(-0.00011008013 -0.00013414812 -9.5223566e-09)
(-8.1783443e-05 -0.00015305284 -9.9237115e-09)
(-5.0355946e-05 -0.0001660682 -1.0142925e-08)
(-1.7002509e-05 -0.00017269933 -1.0017095e-08)
(1.7002509e-05 -0.00017269933 -1.0017208e-08)
(5.0355947e-05 -0.0001660682 -1.0143325e-08)
(8.1783444e-05 -0.00015305284 -9.9244565e-09)
(0.00011008013 -0.00013414812 -9.5234118e-09)
(-0.00011008239 -0.00013414533 2.3195949e-08)
(-8.1789997e-05 -0.00015304851 2.7247464e-08)
(-5.0361937e-05 -0.00016606581 3.2056675e-08)
(-1.700465e-05 -0.00017269944 3.4669896e-08)
(1.700465e-05 -0.00017269944 3.4669633e-08)
(5.0361938e-05 -0.00016606581 3.2055885e-08)
(8.1789998e-05 -0.00015304851 2.7246161e-08)
(0.00011008239 -0.00013414533 2.3194183e-08)
(-0.00010998027 -0.00013401304 1.1169956e-07)
(-8.1721127e-05 -0.0001528954 1.1303242e-07)
(-5.0322549e-05 -0.00016590221 1.1518504e-07)
(-1.6991633e-05 -0.00017253305 1.1684289e-07)
(1.6991634e-05 -0.00017253305 1.1684314e-07)
(5.0322549e-05 -0.00016590221 1.151858e-07)
(8.1721127e-05 -0.0001528954 1.1303364e-07)
(0.00010998027 -0.00013401304 1.1170118e-07)
(0.0001341773 -0.00011011793 -4.5134744e-08)
(0.00015308235 -8.1825318e-05 -4.8286112e-08)
(0.00016610875 -5.0386182e-05 -5.1696133e-08)
(0.00017275282 -1.7012643e-05 -5.3146908e-08)
(0.00017275282 1.7012643e-05 -5.3146908e-08)
(0.00016610875 5.0386182e-05 -5.1696132e-08)
(0.00015308235 8.1825318e-05 -4.8286111e-08)
(0.0001341773 0.00011011793 -4.5134743e-08)
(0.00013415807 -0.00011009275 -3.9462869e-08)
(0.000153063 -8.1797477e-05 -4.3396817e-08)
(0.00016608136 -5.0366317e-05 -4.806101e-08)
(0.00017271558 -1.700607e-05 -5.0603157e-08)
(0.00017271558 1.700607e-05 -5.0603157e-08)
(0.00016608136 5.0366317e-05 -4.806101e-08)
(0.000153063 8.1797477e-05 -4.3396817e-08)
(0.00013415807 0.00011009275 -3.9462869e-08)
(0.00013415546 -0.0001100863 4.7069859e-09)
(0.0001530612 -8.1788179e-05 5.1994578e-09)
(0.00016607734 -5.0358857e-05 5.571918e-09)
(0.0001727089 -1.700346e-05 5.586292e-09)
(0.0001727089 1.700346e-05 5.5862919e-09)
(0.00016607734 5.0358857e-05 5.5719177e-09)
(0.0001530612 8.1788179e-05 5.1994573e-09)
(0.00013415546 0.0001100863 4.7069852e-09)
(0.00013415906 -0.00011009003 1.3491403e-09)
(0.00015306526 -8.1791367e-05 1.2377703e-09)
(0.00016608302 -5.0360539e-05 9.5261716e-10)
(0.00017271639 -1.7003878e-05 6.4569494e-10)
(0.00017271639 1.7003878e-05 6.4569486e-10)
(0.00016608302 5.0360539e-05 9.5261693e-10)
(0.00015306526 8.1791367e-05 1.2377699e-09)
(0.00013415906 0.00011009003 1.3491397e-09)
(0.00013415938 -0.00011009034 1.323795e-09)
(0.00015306576 -8.1791556e-05 1.3766331e-09)
(0.00016608391 -5.0360387e-05 1.4355146e-09)
(0.00017271769 -1.7003692e-05 1.4513546e-09)
(0.00017271769 1.7003692e-05 1.4513545e-09)
(0.00016608391 5.0360387e-05 1.4355143e-09)
(0.00015306576 8.1791556e-05 1.3766326e-09)
(0.00013415938 0.00011009034 1.3237942e-09)
(0.00013416005 -0.00011009086 8.4104856e-10)
(0.00015306652 -8.1791949e-05 7.9419917e-10)
(0.0001660847 -5.0360783e-05 8.0037489e-10)
(0.00017271853 -1.7003923e-05 8.9284495e-10)
(0.00017271853 1.7003923e-05 8.9284476e-10)
(0.0001660847 5.0360783e-05 8.003743e-10)
(0.00015306652 8.1791949e-05 7.9419817e-10)
(0.00013416005 0.00011009086 8.4104714e-10)
(0.00013416061 -0.00011009009 2.3238036e-09)
(0.00015306753 -8.1790092e-05 1.360715e-09)
(0.00016608526 -5.0359013e-05 4.4397879e-11)
(0.00017271856 -1.7003209e-05 -8.9730958e-10)
(0.00017271856 1.7003209e-05 -8.9730991e-10)
(0.00016608526 5.0359013e-05 4.4396909e-11)
(0.00015306753 8.1790092e-05 1.3607134e-09)
(0.00013416061 0.00011009009 2.3238014e-09)
(0.00013416082 -0.00011008978 5.2338199e-10)
(0.00015306797 -8.1789307e-05 1.048469e-09)
(0.00016608567 -5.0358047e-05 1.700061e-09)
(0.00017271897 -1.7002703e-05 2.0979965e-09)
(0.00017271897 1.7002703e-05 2.0979961e-09)
(0.00016608567 5.0358047e-05 1.7000596e-09)
(0.00015306797 8.1789307e-05 1.0484666e-09)
(0.00013416082 0.00011008978 5.233788e-10)
(0.00013416051 -0.00011008953 3.5970926e-10)
(0.00015306761 -8.1789132e-05 -1.5836108e-10)
(0.00016608529 -5.0357943e-05 -8.0084647e-10)
(0.00017271857 -1.7002669e-05 -1.1927042e-09)
(0.00017271857 1.7002669e-05 -1.1927048e-09)
(0.00016608529 5.0357943e-05 -8.008482e-10)
(0.00015306761 8.1789132e-05 -1.5836394e-10)
(0.00013416051 0.00011008953 3.5970535e-10)
(0.00013415982 -0.00011008949 -1.1481042e-09)
(0.00015306661 -8.1789698e-05 -1.5909624e-10)
(0.00016608427 -5.0358803e-05 1.1964297e-09)
(0.00017271754 -1.7003145e-05 2.1680177e-09)
(0.00017271754 1.7003145e-05 2.168017e-09)
(0.00016608427 5.0358803e-05 1.1964277e-09)
(0.00015306661 8.1789698e-05 -1.5909953e-10)
(0.00013415982 0.00011008949 -1.1481086e-09)
(0.00013415916 -0.00011009021 1.1073609e-09)
(0.00015306546 -8.1791556e-05 1.1671542e-09)
(0.00016608353 -5.0360602e-05 1.1817253e-09)
(0.00017271728 -1.7003879e-05 1.1086689e-09)
(0.00017271728 1.7003879e-05 1.1086682e-09)
(0.00016608353 5.0360602e-05 1.1817231e-09)
(0.00015306546 8.1791556e-05 1.1671506e-09)
(0.00013415916 0.00011009021 1.1073559e-09)
(0.00013415874 -0.00011008997 2.1241724e-10)
(0.00015306495 -8.1791465e-05 2.1234097e-10)
(0.00016608306 -5.0360418e-05 2.122863e-10)
(0.00017271689 -1.7003711e-05 2.1231401e-10)
(0.00017271689 1.7003711e-05 2.123132e-10)
(0.00016608306 5.0360418e-05 2.1228389e-10)
(0.00015306495 8.1791465e-05 2.1233702e-10)
(0.00013415874 0.00011008997 2.1241186e-10)
(0.00013415851 -0.00011008968 -6.6816653e-10)
(0.00015306471 -8.1791155e-05 -7.2788995e-10)
(0.0001660827 -5.0360349e-05 -7.4257862e-10)
(0.00017271638 -1.700379e-05 -6.6976534e-10)
(0.00017271638 1.700379e-05 -6.6976622e-10)
(0.0001660827 5.0360349e-05 -7.4258124e-10)
(0.00015306471 8.1791155e-05 -7.2789425e-10)
(0.00013415851 0.00011008968 -6.6817237e-10)
(0.00013415831 -0.00011008825 1.6070009e-09)
(0.00015306489 -8.1788778e-05 6.1848982e-10)
(0.00016608242 -5.0358241e-05 -7.3672479e-10)
(0.00017271564 -1.7002957e-05 -1.7084567e-09)
(0.00017271564 1.7002957e-05 -1.7084576e-09)
(0.00016608242 5.0358241e-05 -7.367275e-10)
(0.00015306489 8.1788778e-05 6.184854e-10)
(0.00013415831 0.00011008825 1.6069949e-09)
(0.00013415838 -0.00011008778 1.4942195e-10)
(0.00015306517 -8.1787836e-05 6.6964514e-10)
(0.00016608264 -5.0357146e-05 1.3149471e-09)
(0.00017271582 -1.7002399e-05 1.708707e-09)
(0.00017271582 1.7002399e-05 1.708706e-09)
(0.00016608264 5.0357146e-05 1.3149444e-09)
(0.00015306517 8.1787836e-05 6.6964068e-10)
(0.00013415838 0.00011008778 1.4941591e-10)
(0.00013415808 -0.00011008754 1.8359408e-10)
(0.00015306484 -8.1787656e-05 -3.3638892e-10)
(0.00016608228 -5.0357035e-05 -9.8148088e-10)
(0.00017271544 -1.7002362e-05 -1.3751325e-09)
(0.00017271544 1.7002362e-05 -1.3751334e-09)
(0.00016608228 5.0357035e-05 -9.8148348e-10)
(0.00015306484 8.1787656e-05 -3.3639315e-10)
(0.00013415808 0.00011008754 1.8358833e-10)
(0.00013415755 -0.00011008763 -1.2733486e-09)
(0.00015306402 -8.1788311e-05 -2.8475852e-10)
(0.00016608144 -5.0357944e-05 1.0704635e-09)
(0.00017271457 -1.7002853e-05 2.0421668e-09)
(0.00017271457 1.7002853e-05 2.0421661e-09)
(0.00016608144 5.0357944e-05 1.0704614e-09)
(0.00015306402 8.1788311e-05 -2.84762e-10)
(0.00013415755 0.00011008763 -1.2733533e-09)
(0.00013415688 -0.00011008835 1.0024938e-09)
(0.00015306287 -8.1790175e-05 1.0623635e-09)
(0.00016608074 -5.0359757e-05 1.0771552e-09)
(0.0001727144 -1.7003595e-05 1.0043886e-09)
(0.0001727144 1.7003595e-05 1.0043881e-09)
(0.00016608074 5.0359757e-05 1.0771539e-09)
(0.00015306287 8.1790175e-05 1.0623613e-09)
(0.00013415688 0.00011008835 1.0024908e-09)
(0.00013415666 -0.00011008827 1.2307631e-10)
(0.00015306259 -8.1790204e-05 1.2328217e-10)
(0.0001660805 -5.0359642e-05 1.2343034e-10)
(0.00017271422 -1.7003449e-05 1.234566e-10)
(0.00017271422 1.7003449e-05 1.2345644e-10)
(0.0001660805 5.0359642e-05 1.2342989e-10)
(0.00015306259 8.1790204e-05 1.2328141e-10)
(0.00013415666 0.00011008827 1.2307525e-10)
(0.00013415664 -0.00011008815 -7.656747e-10)
(0.00015306258 -8.1790016e-05 -8.2556465e-10)
(0.00016608037 -5.0359643e-05 -8.4031663e-10)
(0.00017271394 -1.700355e-05 -7.6743058e-10)
(0.00017271394 1.700355e-05 -7.6743043e-10)
(0.00016608037 5.0359643e-05 -8.4031621e-10)
(0.00015306258 8.1790016e-05 -8.2556399e-10)
(0.00013415664 0.00011008815 -7.6567385e-10)
(0.00013415645 -0.00011008673 1.4995309e-09)
(0.00015306278 -8.1787649e-05 5.1067913e-10)
(0.00016608014 -5.0357551e-05 -8.4474824e-10)
(0.00017271329 -1.7002727e-05 -1.8163989e-09)
(0.00017271329 1.7002727e-05 -1.8163984e-09)
(0.00016608014 5.0357551e-05 -8.4474697e-10)
(0.00015306278 8.1787649e-05 5.1068118e-10)
(0.00013415645 0.00011008673 1.4995336e-09)
(0.00013415669 -0.0001100864 5.1428171e-12)
(0.00015306326 -8.1786811e-05 5.2499574e-10)
(0.00016608056 -5.0356515e-05 1.1701357e-09)
(0.00017271366 -1.7002187e-05 1.5639925e-09)
(0.00017271366 1.7002187e-05 1.5639931e-09)
(0.00016608056 5.0356515e-05 1.1701377e-09)
(0.00015306326 8.1786811e-05 5.2499891e-10)
(0.00013415669 0.0001100864 5.1470759e-12)
(0.00013415646 -0.0001100862 -1.1190711e-10)
(0.00015306299 -8.178666e-05 -6.3393084e-10)
(0.00016608026 -5.0356423e-05 -1.2804822e-09)
(0.00017271334 -1.7002156e-05 -1.674053e-09)
(0.00017271334 1.7002156e-05 -1.6740521e-09)
(0.00016608026 5.0356423e-05 -1.2804797e-09)
(0.00015306299 8.178666e-05 -6.339267e-10)
(0.00013415646 0.0001100862 -1.1190155e-10)
(0.00013415587 -0.00011008622 -1.8287407e-09)
(0.00015306211 -8.1787236e-05 -8.5952326e-10)
(0.00016607935 -5.0357257e-05 4.6505062e-10)
(0.00017271237 -1.7002615e-05 1.4122283e-09)
(0.00017271237 1.7002615e-05 1.4122293e-09)
(0.00016607935 5.0357257e-05 4.6505362e-10)
(0.00015306211 8.1787236e-05 -8.595184e-10)
(0.00013415587 0.00011008622 -1.8287342e-09)
(0.00013415459 -0.00011008641 -3.6343687e-10)
(0.00015306029 -8.1788672e-05 -3.1803781e-10)
(0.00016607799 -5.0358788e-05 -3.286128e-10)
(0.0001727116 -1.7003255e-05 -4.264024e-10)
(0.0001727116 1.7003255e-05 -4.2640128e-10)
(0.00016607799 5.0358788e-05 -3.2860948e-10)
(0.00015306029 8.1788672e-05 -3.1803242e-10)
(0.00013415459 0.00011008641 -3.6342963e-10)
(0.00013415354 -0.00011008555 -1.1171921e-09)
(0.00015305911 -8.1788001e-05 -1.196586e-09)
(0.00016607675 -5.0358172e-05 -1.3065024e-09)
(0.00017271034 -1.7002931e-05 -1.3730358e-09)
(0.00017271034 1.7002931e-05 -1.3730347e-09)
(0.00016607675 5.0358172e-05 -1.306499e-09)
(0.00015305911 8.1788001e-05 -1.1965805e-09)
(0.00013415354 0.00011008555 -1.1171847e-09)
(0.00013415279 -0.00011008477 -1.5613066e-09)
(0.00015305814 -8.1787311e-05 -1.5371101e-09)
(0.00016607529 -5.0357953e-05 -1.3519731e-09)
(0.00017270844 -1.7002987e-05 -1.0955841e-09)
(0.00017270844 1.7002987e-05 -1.095583e-09)
(0.00016607529 5.0357953e-05 -1.3519698e-09)
(0.00015305814 8.1787311e-05 -1.5371047e-09)
(0.00013415279 0.00011008477 -1.5612993e-09)
(0.00013414812 -0.00011008013 -9.523571e-09)
(0.00015305284 -8.1783446e-05 -9.9249098e-09)
(0.0001660682 -5.0355948e-05 -1.0144008e-08)
(0.00017269933 -1.7002509e-05 -1.0018039e-08)
(0.00017269933 1.7002509e-05 -1.0018038e-08)
(0.0001660682 5.0355948e-05 -1.0144005e-08)
(0.00015305284 8.1783446e-05 -9.9249047e-09)
(0.00013414812 0.00011008013 -9.5235642e-09)
(0.00013414533 -0.00011008239 2.3193972e-08)
(0.00015304851 -8.1789999e-05 2.7245546e-08)
(0.00016606581 -5.0361938e-05 3.2054955e-08)
(0.00017269944 -1.700465e-05 3.4668479e-08)
(0.00017269944 1.700465e-05 3.466848e-08)
(0.00016606581 5.0361938e-05 3.2054958e-08)
(0.00015304851 8.1789999e-05 2.7245551e-08)
(0.00013414533 0.00011008239 2.3193978e-08)
(0.00013401304 -0.00010998027 1.1170125e-07)
(0.0001528954 -8.1721127e-05 1.1303384e-07)
(0.00016590221 -5.0322549e-05 1.1518615e-07)
(0.00017253305 -1.6991634e-05 1.1684366e-07)
(0.00017253305 1.6991634e-05 1.1684366e-07)
(0.00016590221 5.0322549e-05 1.1518615e-07)
(0.0001528954 8.1721127e-05 1.1303385e-07)
(0.00013401304 0.00010998027 1.1170125e-07)
(0.00011011793 0.0001341773 -4.5134777e-08)
(8.1825318e-05 0.00015308235 -4.8286219e-08)
(5.0386182e-05 0.00016610875 -5.1696318e-08)
(1.7012643e-05 0.00017275282 -5.3147166e-08)
(-1.7012643e-05 0.00017275282 -5.3147246e-08)
(-5.0386182e-05 0.00016610875 -5.1696563e-08)
(-8.1825318e-05 0.00015308235 -4.8286592e-08)
(-0.00011011793 0.0001341773 -4.5135108e-08)
(0.00011009275 0.00013415807 -3.9462876e-08)
(8.1797477e-05 0.000153063 -4.3396835e-08)
(5.0366317e-05 0.00016608136 -4.8061029e-08)
(1.700607e-05 0.00017271558 -5.0603178e-08)
(-1.700607e-05 0.00017271558 -5.0603206e-08)
(-5.0366317e-05 0.00016608136 -4.806113e-08)
(-8.1797477e-05 0.000153063 -4.339701e-08)
(-0.00011009275 0.00013415807 -3.9462997e-08)
(0.0001100863 0.00013415546 4.7069673e-09)
(8.1788179e-05 0.0001530612 5.199403e-09)
(5.0358858e-05 0.00016607734 5.571832e-09)
(1.7003461e-05 0.0001727089 5.5861849e-09)
(-1.700346e-05 0.0001727089 5.586153e-09)
(-5.0358857e-05 0.00016607734 5.5717129e-09)
(-8.1788179e-05 0.0001530612 5.1991941e-09)
(-0.0001100863 0.00013415546 4.7067983e-09)
(0.00011009003 0.00013415906 1.3491136e-09)
(8.1791367e-05 0.00015306526 1.237685e-09)
(5.0360539e-05 0.00016608302 9.5246334e-10)
(1.7003878e-05 0.00017271639 6.454737e-10)
(-1.7003878e-05 0.00017271639 6.454156e-10)
(-5.0360539e-05 0.00016608302 9.5228078e-10)
(-8.1791367e-05 0.00015306526 1.2373985e-09)
(-0.00011009003 0.00013415906 1.3488533e-09)
(0.00011009034 0.00013415938 1.3238021e-09)
(8.1791557e-05 0.00015306576 1.3766765e-09)
(5.0360388e-05 0.00016608391 1.4356324e-09)
(1.7003692e-05 0.00017271769 1.4515517e-09)
(-1.7003692e-05 0.00017271769 1.4515739e-09)
(-5.0360388e-05 0.00016608391 1.435653e-09)
(-8.1791557e-05 0.00015306576 1.3766381e-09)
(-0.00011009034 0.00013415938 1.3237948e-09)
(0.00011009086 0.00013416005 8.4099429e-10)
(8.1791949e-05 0.00015306652 7.9403347e-10)
(5.0360783e-05 0.0001660847 8.0010235e-10)
(1.7003923e-05 0.00017271853 8.9249149e-10)
(-1.7003923e-05 0.00017271853 8.9240491e-10)
(-5.0360783e-05 0.0001660847 7.9982058e-10)
(-8.1791949e-05 0.00015306652 7.9357301e-10)
(-0.00011009086 0.00013416005 8.4049621e-10)
(0.00011009009 0.00013416061 2.3237965e-09)
(8.1790092e-05 0.00015306753 1.3606998e-09)
(5.0359014e-05 0.00016608526 4.4371807e-11)
(1.7003209e-05 0.00017271856 -8.9735737e-10)
(-1.7003209e-05 0.00017271856 -8.9738377e-10)
(-5.0359014e-05 0.00016608526 4.4282178e-11)
(-8.1790092e-05 0.00015306753 1.3605471e-09)
(-0.00011009009 0.00013416061 2.3236813e-09)
(0.00011008978 0.00013416082 5.2335191e-10)
(8.1789307e-05 0.00015306797 1.0483877e-09)
(5.0358047e-05 0.00016608567 1.6999369e-09)
(1.7002703e-05 0.00017271897 2.0978371e-09)
(-1.7002703e-05 0.00017271897 2.0977845e-09)
(-5.0358047e-05 0.00016608567 1.6997591e-09)
(-8.1789307e-05 0.00015306797 1.0480849e-09)
(-0.00011008978 0.00013416082 5.2303657e-10)
(0.00011008953 0.00013416051 3.5967928e-10)
(8.1789133e-05 0.00015306761 -1.584397e-10)
(5.0357944e-05 0.00016608529 -8.0096193e-10)
(1.7002669e-05 0.00017271857 -1.1928451e-09)
(-1.7002669e-05 0.00017271857 -1.1928861e-09)
(-5.0357943e-05 0.00016608529 -8.0110803e-10)
(-8.1789133e-05 0.00015306761 -1.587004e-10)
(-0.00011008953 0.00013416051 3.5940599e-10)
(0.00011008949 0.00013415982 -1.1481624e-09)
(8.1789699e-05 0.00015306661 -1.5924957e-10)
(5.0358804e-05 0.00016608427 1.1962219e-09)
(1.7003146e-05 0.00017271754 2.1677916e-09)
(-1.7003146e-05 0.00017271754 2.1677233e-09)
(-5.0358804e-05 0.00016608427 1.1959717e-09)
(-8.1789699e-05 0.00015306661 -1.5970824e-10)
(-0.00011008949 0.00013415982 -1.1487153e-09)
(0.00011009021 0.00013415916 1.1073308e-09)
(8.1791556e-05 0.00015306546 1.1670597e-09)
(5.0360603e-05 0.00016608353 1.1815297e-09)
(1.7003879e-05 0.00017271728 1.1083537e-09)
(-1.7003879e-05 0.00017271728 1.1082807e-09)
(-5.0360603e-05 0.00016608353 1.1813345e-09)
(-8.1791556e-05 0.00015306546 1.1668019e-09)
(-0.00011009021 0.00013415916 1.107114e-09)
(0.00011008997 0.00013415874 2.1239961e-10)
(8.1791465e-05 0.00015306495 2.1232366e-10)
(5.0360419e-05 0.00016608306 2.1232769e-10)
(1.7003712e-05 0.00017271689 2.1245062e-10)
(-1.7003712e-05 0.00017271689 2.1250662e-10)
(-5.0360419e-05 0.00016608306 2.124372e-10)
(-8.1791465e-05 0.00015306495 2.1239287e-10)
(-0.00011008997 0.00013415874 2.1246997e-10)
(0.00011008968 0.00013415851 -6.6826417e-10)
(8.1791156e-05 0.00015306471 -7.2815469e-10)
(5.036035e-05 0.0001660827 -7.4295897e-10)
(1.7003791e-05 0.00017271638 -6.7020919e-10)
(-1.7003791e-05 0.00017271638 -6.703233e-10)
(-5.036035e-05 0.0001660827 -7.4334825e-10)
(-8.1791156e-05 0.00015306471 -7.2882641e-10)
(-0.00011008968 0.00013415851 -6.69092e-10)
(0.00011008825 0.00013415831 1.606949e-09)
(8.1788778e-05 0.00015306489 6.1834229e-10)
(5.0358242e-05 0.00016608242 -7.3697584e-10)
(1.7002958e-05 0.00017271564 -1.7087968e-09)
(-1.7002958e-05 0.00017271564 -1.7088052e-09)
(-5.0358242e-05 0.00016608242 -7.3698153e-10)
(-8.1788778e-05 0.00015306489 6.1835949e-10)
(-0.00011008825 0.00013415831 1.6070372e-09)
(0.00011008778 0.00013415838 1.4936106e-10)
(8.1787835e-05 0.00015306517 6.695005e-10)
(5.0357146e-05 0.00016608264 1.3147655e-09)
(1.70024e-05 0.00017271582 1.7085125e-09)
(-1.70024e-05 0.00017271582 1.7084884e-09)
(-5.0357146e-05 0.00016608264 1.3146702e-09)
(-8.1787835e-05 0.00015306517 6.6931489e-10)
(-0.00011008778 0.00013415838 1.4914811e-10)
(0.00011008754 0.00013415808 1.834589e-10)
(8.1787655e-05 0.00015306484 -3.3677198e-10)
(5.0357035e-05 0.00016608228 -9.8206326e-10)
(1.7002362e-05 0.00017271544 -1.3758285e-09)
(-1.7002362e-05 0.00017271544 -1.3758647e-09)
(-5.0357035e-05 0.00016608227 -9.8218143e-10)
(-8.1787655e-05 0.00015306483 -3.3697212e-10)
(-0.00011008754 0.00013415808 1.8323404e-10)
(0.00011008763 0.00013415755 -1.2734557e-09)
(8.1788309e-05 0.00015306402 -2.8503933e-10)
(5.0357943e-05 0.00016608143 1.0700918e-09)
(1.7002853e-05 0.00017271457 2.0417843e-09)
(-1.7002853e-05 0.00017271457 2.0417436e-09)
(-5.0357943e-05 0.00016608143 1.0698897e-09)
(-8.1788309e-05 0.00015306401 -2.8547766e-10)
(-0.00011008763 0.00013415755 -1.2740505e-09)
(0.00011008835 0.00013415689 1.0024375e-09)
(8.1790172e-05 0.00015306287 1.0622282e-09)
(5.0359755e-05 0.00016608074 1.0769528e-09)
(1.7003595e-05 0.0001727144 1.0040825e-09)
(-1.7003595e-05 0.00017271439 1.0040073e-09)
(-5.0359755e-05 0.00016608074 1.0768091e-09)
(-8.1790172e-05 0.00015306287 1.0621567e-09)
(-0.00011008835 0.00013415689 1.0025307e-09)
(0.00011008827 0.00013415667 1.228883e-10)
(8.17902e-05 0.00015306259 1.226642e-10)
(5.0359639e-05 0.00016608049 1.2230067e-10)
(1.7003448e-05 0.00017271422 1.2186386e-10)
(-1.7003449e-05 0.00017271422 1.2164618e-10)
(-5.035964e-05 0.00016608049 1.217588e-10)
(-8.17902e-05 0.00015306259 1.2206054e-10)
(-0.00011008827 0.00013415667 1.2248544e-10)
(0.00011008814 0.00013415664 -7.6563886e-10)
(8.1790011e-05 0.00015306257 -8.2546683e-10)
(5.0359639e-05 0.00016608036 -8.4022051e-10)
(1.7003548e-05 0.00017271393 -7.6744156e-10)
(-1.700355e-05 0.00017271393 -7.6769657e-10)
(-5.035964e-05 0.00016608036 -8.410845e-10)
(-8.179001e-05 0.00015306257 -8.2690177e-10)
(-0.00011008814 0.00013415664 -7.6725372e-10)
(0.00011008672 0.00013415645 1.499616e-09)
(8.1787644e-05 0.00015306277 5.1088414e-10)
(5.0357546e-05 0.00016608014 -8.4458221e-10)
(1.7002723e-05 0.00017271328 -1.8164897e-09)
(-1.7002728e-05 0.00017271328 -1.8169562e-09)
(-5.035755e-05 0.00016608013 -8.4597902e-10)
(-8.1787643e-05 0.00015306277 5.0874142e-10)
(-0.00011008672 0.00013415645 1.4973362e-09)
(0.0001100864 0.0001341567 5.1653518e-12)
(8.1786805e-05 0.00015306326 5.2499245e-10)
(5.0356509e-05 0.00016608056 1.169971e-09)
(1.7002182e-05 0.00017271365 1.5635595e-09)
(-1.700219e-05 0.00017271365 1.5631942e-09)
(-5.0356516e-05 0.00016608055 1.168791e-09)
(-8.1786806e-05 0.00015306325 5.2295466e-10)
(-0.00011008639 0.00013415669 2.6593738e-12)
(0.0001100862 0.00013415646 -1.1179434e-10)
(8.1786654e-05 0.00015306298 -6.3358355e-10)
(5.0356417e-05 0.00016608026 -1.2798861e-09)
(1.7002151e-05 0.00017271334 -1.6732278e-09)
(-1.700216e-05 0.00017271333 -1.6730408e-09)
(-5.0356424e-05 0.00016608025 -1.279442e-09)
(-8.1786656e-05 0.00015306298 -6.3310896e-10)
(-0.00011008619 0.00013415645 -1.1145136e-10)
(0.00011008622 0.00013415587 -1.8287509e-09)
(8.178723e-05 0.00015306211 -8.5957374e-10)
(5.0357252e-05 0.00016607934 4.6498028e-10)
(1.700261e-05 0.00017271237 1.4122116e-09)
(-1.7002618e-05 0.00017271236 1.412458e-09)
(-5.0357258e-05 0.00016607934 4.6589435e-10)
(-8.1787231e-05 0.0001530621 -8.5772952e-10)
(-0.00011008622 0.00013415587 -1.8260794e-09)
(0.0001100864 0.00013415459 -3.6339737e-10)
(8.1788667e-05 0.00015306029 -3.1789419e-10)
(5.0358783e-05 0.00016607799 -3.2824256e-10)
(1.7003251e-05 0.0001727116 -4.2568811e-10)
(-1.7003257e-05 0.0001727116 -4.251879e-10)
(-5.0358787e-05 0.00016607798 -3.2655673e-10)
(-8.1788666e-05 0.00015306029 -3.1494675e-10)
(-0.0001100864 0.00013415459 -3.5966428e-10)
(0.00011008555 0.00013415354 -1.1169972e-09)
(8.1787997e-05 0.00015305911 -1.1959726e-09)
(5.0358168e-05 0.00016607675 -1.3053902e-09)
(1.7002928e-05 0.00017271033 -1.3714152e-09)
(-1.7002931e-05 0.00017271033 -1.3710065e-09)
(-5.035817e-05 0.00016607675 -1.3042425e-09)
(-8.1787996e-05 0.00015305911 -1.1943816e-09)
(-0.00011008555 0.00013415354 -1.1154695e-09)
(0.00011008476 0.0001341528 -1.561141e-09)
(8.1787309e-05 0.00015305814 -1.5366443e-09)
(5.0357951e-05 0.00016607529 -1.3512015e-09)
(1.7002986e-05 0.00017270844 -1.094466e-09)
(-1.7002987e-05 0.00017270844 -1.0941043e-09)
(-5.0357951e-05 0.00016607529 -1.350215e-09)
(-8.1787308e-05 0.00015305814 -1.5352988e-09)
(-0.00011008476 0.00013415279 -1.559669e-09)
(0.00011008013 0.00013414812 -9.5234036e-09)
(8.1783444e-05 0.00015305284 -9.9244471e-09)
(5.0355947e-05 0.0001660682 -1.0143315e-08)
(1.7002509e-05 0.00017269933 -1.0017197e-08)
(-1.7002509e-05 0.00017269933 -1.0017085e-08)
(-5.0355946e-05 0.0001660682 -1.0142918e-08)
(-8.1783443e-05 0.00015305284 -9.9237067e-09)
(-0.00011008013 0.00013414812 -9.5223435e-09)
(0.00011008239 0.00013414533 2.3194191e-08)
(8.1789998e-05 0.00015304851 2.7246169e-08)
(5.0361938e-05 0.00016606581 3.2055893e-08)
(1.700465e-05 0.00017269944 3.4669642e-08)
(-1.700465e-05 0.00017269944 3.4669904e-08)
(-5.0361937e-05 0.00016606581 3.2056683e-08)
(-8.1789997e-05 0.00015304851 2.7247473e-08)
(-0.00011008239 0.00013414533 2.3195962e-08)
(0.00010998027 0.00013401304 1.1170119e-07)
(8.1721127e-05 0.0001528954 1.1303365e-07)
(5.0322549e-05 0.00016590221 1.151858e-07)
(1.6991634e-05 0.00017253305 1.1684315e-07)
(-1.6991633e-05 0.00017253305 1.1684289e-07)
(-5.0322549e-05 0.00016590221 1.1518505e-07)
(-8.1721127e-05 0.0001528954 1.1303242e-07)
(-0.00010998027 0.00013401304 1.1169956e-07)
)
;
    }
    fsi_dura
    {
        type            calculated;
        value           nonuniform List<vector> 
960
(
(0.00020372217 -0.00016719472 -3.9846054e-07)
(0.0002324226 -0.00012423947 -3.9953749e-07)
(0.00025219457 -7.6505097e-05 -4.0170597e-07)
(0.00026227746 -2.5831608e-05 -4.0382903e-07)
(0.00026227746 2.5831608e-05 -4.0382902e-07)
(0.00025219457 7.6505097e-05 -4.0170592e-07)
(0.0002324226 0.00012423947 -3.9953731e-07)
(0.00020372217 0.00016719472 -3.9846013e-07)
(0.00020387223 -0.00016732025 -5.551818e-07)
(0.00023259236 -0.00012433693 -5.5822465e-07)
(0.00025237872 -7.6568707e-05 -5.6315023e-07)
(0.00026246712 -2.5853731e-05 -5.6695162e-07)
(0.00026246712 2.5853731e-05 -5.6695161e-07)
(0.00025237872 7.6568707e-05 -5.6315018e-07)
(0.00023259236 0.00012433693 -5.5822447e-07)
(0.00020387223 0.00016732025 -5.551814e-07)
(0.00020396229 -0.00016739703 -1.4812646e-07)
(0.0002326933 -0.0001243979 -1.4956194e-07)
(0.00025248798 -7.6609453e-05 -1.5176254e-07)
(0.00026258113 -2.5868261e-05 -1.5353048e-07)
(0.00026258113 2.5868261e-05 -1.5353047e-07)
(0.00025248798 7.6609453e-05 -1.5176249e-07)
(0.0002326933 0.0001243979 -1.4956176e-07)
(0.00020396229 0.00016739703 -1.4812606e-07)
(0.00020398609 -0.00016741727 3.3178786e-08)
(0.00023272008 -0.00012441399 3.3464565e-08)
(0.00025251682 -7.6620571e-05 3.3627234e-08)
(0.00026261143 -2.5872486e-05 3.3583223e-08)
(0.00026261143 2.5872486e-05 3.3583232e-08)
(0.00025251682 7.6620571e-05 3.3627287e-08)
(0.00023272008 0.00012441399 3.3464743e-08)
(0.00020398609 0.00016741727 3.3179165e-08)
(0.00020397669 -0.00016740932 3.3201934e-08)
(0.00023270948 -0.0001244081 3.3111028e-08)
(0.00025250523 -7.6616992e-05 3.3069902e-08)
(0.00026259913 -2.5871253e-05 3.3127313e-08)
(0.00026259913 2.5871253e-05 3.3127322e-08)
(0.00025250523 7.6616992e-05 3.3069953e-08)
(0.00023270948 0.0001244081 3.31112e-08)
(0.00020397669 0.00016740932 3.32023e-08)
(0.00020396902 -0.00016740333 3.1178446e-09)
(0.00023270065 -0.00012440388 2.8631103e-09)
(0.00025249589 -7.6614586e-05 2.4810032e-09)
(0.00026258961 -2.5870536e-05 2.1153398e-09)
(0.00026258961 2.5870536e-05 2.1153482e-09)
(0.00025249589 7.6614585e-05 2.481053e-09)
(0.00023270065 0.00012440388 2.8632767e-09)
(0.00020396902 0.00016740333 3.1181967e-09)
(0.00020396778 -0.00016740279 -5.0267365e-09)
(0.00023269887 -0.00012440415 -5.5360827e-09)
(0.00025249391 -7.6615088e-05 -6.2661274e-09)
(0.00026258772 -2.5870707e-05 -6.6326566e-09)
(0.00026258772 2.5870707e-05 -6.6326484e-09)
(0.00025249391 7.6615088e-05 -6.2660793e-09)
(0.00023269887 0.00012440415 -5.5359224e-09)
(0.00020396778 0.00016740279 -5.0263978e-09)
(0.00020396783 -0.00016740329 -9.8204601e-13)
(0.0002326987 -0.00012440496 -1.0051483e-10)
(0.00025249377 -7.6615615e-05 -9.0576765e-11)
(0.00026258776 -2.5870798e-05 -7.1799623e-11)
(0.00026258776 2.5870798e-05 -7.1791814e-11)
(0.00025249377 7.6615615e-05 -9.0530709e-11)
(0.0002326987 0.00012440496 -1.0036136e-10)
(0.00020396783 0.00016740329 -6.5753684e-13)
(0.00020396747 -0.00016740298 -1.259016e-09)
(0.00023269829 -0.00012440471 -1.1499813e-09)
(0.00025249333 -7.661545e-05 -1.1378998e-09)
(0.00026258729 -2.5870739e-05 -1.1389568e-09)
(0.00026258729 2.5870739e-05 -1.1389493e-09)
(0.00025249333 7.661545e-05 -1.1378557e-09)
(0.00023269829 0.00012440471 -1.1498346e-09)
(0.00020396747 0.00016740298 -1.2587059e-09)
(0.0002039667 -0.00016740186 2.227511e-09)
(0.00023269765 -0.00012440341 2.7487284e-09)
(0.00025249257 -7.6614606e-05 3.4944065e-09)
(0.00026258631 -2.587054e-05 3.8684365e-09)
(0.00026258631 2.587054e-05 3.8684437e-09)
(0.00025249257 7.6614606e-05 3.4944486e-09)
(0.00023269765 0.00012440341 2.748868e-09)
(0.0002039667 0.00016740186 2.2278064e-09)
(0.00020396574 -0.00016740053 3.461449e-10)
(0.00023269695 -0.00012440168 6.4946044e-10)
(0.00025249183 -7.6613175e-05 1.1133551e-09)
(0.00026258534 -2.5870053e-05 1.5351843e-09)
(0.00026258534 2.5870053e-05 1.5351912e-09)
(0.00025249183 7.6613175e-05 1.113395e-09)
(0.00023269695 0.00012440168 6.4959308e-10)
(0.00020396574 0.00016740053 3.4642568e-10)
(0.00020396525 -0.00016739988 2.1713702e-10)
(0.00023269645 -0.00012440095 2.0542825e-10)
(0.00025249108 -7.6612402e-05 1.9667848e-10)
(0.00026258442 -2.5869636e-05 1.9188636e-10)
(0.00026258442 2.5869636e-05 1.9189275e-10)
(0.00025249108 7.6612402e-05 1.9671612e-10)
(0.00023269645 0.00012440095 2.055537e-10)
(0.00020396525 0.00016739988 2.1740309e-10)
(0.00020396471 -0.00016739969 1.5766943e-10)
(0.00023269577 -0.00012440107 -1.6948298e-10)
(0.00025249055 -7.6612795e-05 -6.5070605e-10)
(0.00026258399 -2.5869924e-05 -1.0816698e-09)
(0.00026258399 2.5869924e-05 -1.0816638e-09)
(0.00025249055 7.6612795e-05 -6.506705e-10)
(0.00023269577 0.00012440107 -1.6936449e-10)
(0.00020396471 0.00016739969 1.5792098e-10)
(0.0002039643 -0.00016739993 -1.536248e-09)
(0.00023269492 -0.00012440198 -2.0828967e-09)
(0.00025248962 -7.6613731e-05 -2.84658e-09)
(0.00026258326 -2.5870247e-05 -3.229617e-09)
(0.00026258326 2.5870247e-05 -3.2296112e-09)
(0.00025248962 7.6613731e-05 -2.8465462e-09)
(0.00023269492 0.00012440198 -2.0827849e-09)
(0.0002039643 0.00016739993 -1.5360108e-09)
(0.000203964 -0.0001674002 1.7167314e-09)
(0.00023269435 -0.00012440265 1.5826145e-09)
(0.00025248906 -7.6614183e-05 1.556031e-09)
(0.00026258286 -2.5870311e-05 1.5508217e-09)
(0.00026258286 2.5870311e-05 1.5508272e-09)
(0.00025248906 7.6614183e-05 1.5560626e-09)
(0.00023269435 0.00012440265 1.5827193e-09)
(0.000203964 0.0001674002 1.7169542e-09)
(0.00020396353 -0.00016739986 -1.4037682e-09)
(0.00023269382 -0.0001244024 -1.3249364e-09)
(0.00025248849 -7.661403e-05 -1.3393842e-09)
(0.00026258227 -2.587026e-05 -1.3560026e-09)
(0.00026258227 2.587026e-05 -1.3559975e-09)
(0.00025248849 7.661403e-05 -1.3393548e-09)
(0.00023269382 0.0001244024 -1.3248386e-09)
(0.00020396353 0.00016739986 -1.40356e-09)
(0.00020396304 -0.00016739903 1.8517083e-09)
(0.00023269351 -0.00012440133 2.3394259e-09)
(0.0002524881 -7.6613334e-05 3.0588749e-09)
(0.00026258167 -2.5870111e-05 3.4181813e-09)
(0.00026258167 2.5870111e-05 3.4181859e-09)
(0.0002524881 7.6613334e-05 3.058902e-09)
(0.00023269351 0.00012440133 2.3395162e-09)
(0.00020396304 0.00016739903 1.8519013e-09)
(0.00020396213 -0.00016739783 1.6391001e-10)
(0.00023269289 -0.00012439971 4.2402902e-10)
(0.00025248748 -7.6611978e-05 8.5433379e-10)
(0.00026258086 -2.5869653e-05 1.2578089e-09)
(0.00026258086 2.5869653e-05 1.2578131e-09)
(0.00025248748 7.6611978e-05 8.5435849e-10)
(0.00023269289 0.00012439971 4.2411182e-10)
(0.00020396213 0.00016739783 1.6408762e-10)
(0.00020396188 -0.0001673975 1.2562317e-10)
(0.0002326927 -0.00012439923 5.3454994e-11)
(0.00025248708 -7.6611366e-05 -3.2381988e-12)
(0.00026258029 -2.586929e-05 -3.377688e-11)
(0.00026258029 2.586929e-05 -3.3773188e-11)
(0.00025248708 7.6611366e-05 -3.2161062e-12)
(0.0002326927 0.00012439923 5.3529967e-11)
(0.00020396188 0.0001673975 1.257851e-10)
(0.00020396156 -0.00016739766 3.6047212e-11)
(0.0002326923 -0.00012439965 -3.838821e-10)
(0.00025248688 -7.6611959e-05 -9.4839663e-10)
(0.00026258022 -2.5869647e-05 -1.4283181e-09)
(0.00026258022 2.5869647e-05 -1.4283149e-09)
(0.00025248688 7.6611959e-05 -9.4837722e-10)
(0.0002326923 0.00012439965 -3.8381501e-10)
(0.00020396156 0.00016739766 3.6193464e-11)
(0.00020396115 -0.00016739813 -1.8338802e-09)
(0.00023269145 -0.00012440082 -2.5124777e-09)
(0.00025248602 -7.661312e-05 -3.4238832e-09)
(0.00026257963 -2.5870063e-05 -3.9085114e-09)
(0.00026257963 2.5870063e-05 -3.9085088e-09)
(0.00025248602 7.661312e-05 -3.4238663e-09)
(0.00023269145 0.00012440082 -2.5124182e-09)
(0.00020396115 0.00016739813 -1.8337493e-09)
(0.00020396112 -0.00016739884 1.5443776e-09)
(0.00023269118 -0.00012440196 1.3028322e-09)
(0.0002524858 -7.6613976e-05 1.125383e-09)
(0.0002625796 -2.5870293e-05 1.0026154e-09)
(0.0002625796 2.5870293e-05 1.0026176e-09)
(0.0002524858 7.6613976e-05 1.1253977e-09)
(0.00023269118 0.00012440196 1.3028842e-09)
(0.00020396112 0.00016739884 1.5444933e-09)
(0.00020396062 -0.00016739855 6.3630948e-11)
(0.0002326906 -0.00012440183 1.6878705e-10)
(0.00025248518 -7.6613982e-05 1.6160148e-10)
(0.00026257898 -2.5870319e-05 1.4193452e-10)
(0.00026257898 2.5870319e-05 1.4193636e-10)
(0.00025248518 7.6613982e-05 1.6161375e-10)
(0.0002326906 0.00012440183 1.6883168e-10)
(0.00020396062 0.00016739855 6.3731452e-11)
(0.00020395986 -0.00016739736 5.8029727e-09)
(0.00023268997 -0.00012440044 6.4470521e-09)
(0.00025248444 -7.6613031e-05 7.3396162e-09)
(0.00026257797 -2.5870065e-05 7.8268979e-09)
(0.00026257797 2.5870065e-05 7.8268993e-09)
(0.00025248444 7.6613031e-05 7.3396262e-09)
(0.00023268997 0.00012440044 6.4470894e-09)
(0.00020395986 0.00016739736 5.8030581e-09)
(0.0002039594 -0.00016739624 8.9776235e-10)
(0.00023268981 -0.00012439881 1.3087263e-09)
(0.0002524843 -7.661159e-05 1.8521292e-09)
(0.0002625777 -2.5869553e-05 2.3265164e-09)
(0.0002625777 2.5869553e-05 2.3265174e-09)
(0.0002524843 7.661159e-05 1.8521369e-09)
(0.00023268981 0.00012439881 1.3087564e-09)
(0.0002039594 0.00016739624 8.9783299e-10)
(0.00020396552 -0.00016740075 -2.6526093e-08)
(0.00023269682 -0.00012440187 -2.6359291e-08)
(0.00025249161 -7.6613214e-05 -2.6267181e-08)
(0.0002625851 -2.5869981e-05 -2.6284052e-08)
(0.0002625851 2.5869981e-05 -2.6284052e-08)
(0.00025249161 7.6613214e-05 -2.6267176e-08)
(0.00023269682 0.00012440187 -2.6359268e-08)
(0.00020396552 0.00016740075 -2.6526037e-08)
(0.00020397732 -0.00016741052 -4.3744825e-08)
(0.00023271007 -0.00012440916 -4.3990297e-08)
(0.00025250602 -7.6617653e-05 -4.4160961e-08)
(0.00026260032 -2.5871499e-05 -4.4140698e-08)
(0.00026260032 2.5871499e-05 -4.4140698e-08)
(0.00025250602 7.6617653e-05 -4.4160958e-08)
(0.00023271007 0.00012440916 -4.3990282e-08)
(0.00020397732 0.00016741052 -4.3744784e-08)
(0.00020396255 -0.00016739768 9.5254991e-08)
(0.00023269358 -0.0001243986 9.6682118e-08)
(0.00025248844 -7.6610007e-05 9.8869289e-08)
(0.00026258161 -2.5868491e-05 1.0058992e-07)
(0.00026258161 2.5868491e-05 1.0058992e-07)
(0.00025248844 7.6610007e-05 9.8869291e-08)
(0.00023269358 0.0001243986 9.6682127e-08)
(0.00020396255 0.00016739768 9.5255016e-08)
(0.00020388701 -0.00016733259 5.3971853e-07)
(0.00023260915 -0.00012434644 5.4293083e-07)
(0.00025239703 -7.657483e-05 5.4786397e-07)
(0.00026248624 -2.585579e-05 5.5168146e-07)
(0.00026248624 2.585579e-05 5.5168146e-07)
(0.00025239703 7.657483e-05 5.4786397e-07)
(0.00023260915 0.00012434644 5.4293083e-07)
(0.00020388701 0.00016733259 5.3971853e-07)
(0.00020372873 -0.0001671982 9.0460719e-07)
(0.00023243122 -0.00012424173 9.0766988e-07)
(0.00025220334 -7.6508022e-05 9.1124434e-07)
(0.00026228393 -2.5833199e-05 9.1295566e-07)
(0.00026228393 2.5833199e-05 9.1295565e-07)
(0.00025220334 7.6508022e-05 9.1124434e-07)
(0.00023243122 0.00012424173 9.0766988e-07)
(0.00020372873 0.0001671982 9.0460719e-07)
(0.00016719472 0.00020372218 -3.9845879e-07)
(0.00012423947 0.0002324226 -3.9953332e-07)
(7.6505096e-05 0.00025219457 -4.0169937e-07)
(2.5831607e-05 0.00026227746 -4.0382004e-07)
(-2.583161e-05 0.00026227746 -4.038178e-07)
(-7.65051e-05 0.00025219457 -4.0169272e-07)
(-0.00012423947 0.0002324226 -3.9952247e-07)
(-0.00016719473 0.00020372218 -3.9844416e-07)
(0.00016732025 0.00020387223 -5.5517837e-07)
(0.00012433693 0.00023259237 -5.5821542e-07)
(7.6568705e-05 0.00025237873 -5.6313523e-07)
(2.5853728e-05 0.00026246713 -5.6693099e-07)
(-2.5853736e-05 0.00026246713 -5.6692575e-07)
(-7.6568714e-05 0.00025237873 -5.631197e-07)
(-0.00012433694 0.00023259237 -5.5819023e-07)
(-0.00016732026 0.00020387223 -5.5514448e-07)
(0.00016739703 0.0002039623 -1.4812276e-07)
(0.0001243979 0.00023269331 -1.4955188e-07)
(7.6609449e-05 0.00025248799 -1.517461e-07)
(2.5868256e-05 0.00026258114 -1.5350775e-07)
(-2.5868269e-05 0.00026258114 -1.5350173e-07)
(-7.6609463e-05 0.00025248799 -1.517283e-07)
(-0.00012439792 0.00023269331 -1.4952296e-07)
(-0.00016739704 0.0002039623 -1.4808384e-07)
(0.00016741727 0.0002039861 3.318257e-08)
(0.00012441399 0.00023272008 3.3474954e-08)
(7.6620569e-05 0.00025251683 3.3644278e-08)
(2.587248e-05 0.00026261144 3.3606914e-08)
(-2.5872494e-05 0.00026261144 3.3613382e-08)
(-7.6620583e-05 0.00025251683 3.3663452e-08)
(-0.00012441401 0.00023272008 3.3506123e-08)
(-0.00016741729 0.0002039861 3.3224548e-08)
(0.00016740933 0.00020397669 3.3206168e-08)
(0.0001244081 0.00023270948 3.3122833e-08)
(7.6616992e-05 0.00025250523 3.3089401e-08)
(2.5871249e-05 0.00026259913 3.315452e-08)
(-2.5871262e-05 0.00026259913 3.3161959e-08)
(-7.6617005e-05 0.00025250524 3.3111398e-08)
(-0.00012440812 0.00023270948 3.3158476e-08)
(-0.00016740934 0.00020397669 3.3254069e-08)
(0.00016740334 0.00020396902 3.1227579e-09)
(0.00012440389 0.00023270065 2.8769342e-09)
(7.6614588e-05 0.00025249589 2.5037253e-09)
(2.5870534e-05 0.00026258962 2.1468642e-09)
(-2.5870545e-05 0.00026258962 2.155336e-09)
(-7.66146e-05 0.00025249589 2.5288252e-09)
(-0.0001244039 0.00023270066 2.9177399e-09)
(-0.00016740335 0.00020396902 3.177741e-09)
(0.0001674028 0.00020396777 -5.0210228e-09)
(0.00012440416 0.00023269886 -5.5198392e-09)
(7.6615095e-05 0.00025249391 -6.2394479e-09)
(2.5870706e-05 0.00026258772 -6.5958298e-09)
(-2.5870715e-05 0.00026258772 -6.5862782e-09)
(-7.6615104e-05 0.00025249391 -6.211159e-09)
(-0.00012440417 0.00023269886 -5.4739102e-09)
(-0.00016740281 0.00020396777 -4.9592178e-09)
(0.0001674033 0.00020396782 5.6618595e-12)
(0.00012440497 0.00023269869 -8.1527039e-11)
(7.6615624e-05 0.00025249377 -5.9560336e-11)
(2.5870799e-05 0.00026258776 -2.9360929e-11)
(-2.5870806e-05 0.00026258776 -1.8936507e-11)
(-7.6615632e-05 0.00025249377 -2.8689252e-11)
(-0.00012440498 0.00023269869 -3.1396699e-11)
(-0.00016740331 0.00020396782 7.3131804e-11)
(0.000167403 0.00020396746 -1.2512098e-09)
(0.00012440473 0.00023269828 -1.1275804e-09)
(7.6615461e-05 0.00025249332 -1.1015521e-09)
(2.5870741e-05 0.00026258729 -1.0897908e-09)
(-2.5870746e-05 0.00026258729 -1.078605e-09)
(-7.6615467e-05 0.00025249333 -1.0684408e-09)
(-0.00012440473 0.00023269828 -1.0738547e-09)
(-0.000167403 0.00020396746 -1.1789638e-09)
(0.00016740188 0.00020396669 2.2368154e-09)
(0.00012440343 0.00023269765 2.7754755e-09)
(7.6614618e-05 0.00025249257 3.5374392e-09)
(2.5870543e-05 0.00026258631 3.9258593e-09)
(-2.5870546e-05 0.00026258631 3.9376255e-09)
(-7.6614621e-05 0.00025249257 3.5722308e-09)
(-0.00012440343 0.00023269765 2.8318534e-09)
(-0.00016740188 0.00020396669 2.3125264e-09)
(0.00016740054 0.00020396573 3.5758138e-10)
(0.0001244017 0.00023269695 6.823513e-10)
(7.6613185e-05 0.00025249183 1.1656962e-09)
(2.5870056e-05 0.00026258534 1.6038407e-09)
(-2.5870058e-05 0.00026258534 1.6161975e-09)
(-7.6613186e-05 0.00025249183 1.2022696e-09)
(-0.0001244017 0.00023269695 7.416224e-10)
(-0.00016740054 0.00020396573 4.370613e-10)
(0.00016739989 0.00020396525 2.3121851e-10)
(0.00012440096 0.00023269645 2.4598635e-10)
(7.6612407e-05 0.00025249108 2.6076796e-10)
(2.5869638e-05 0.00026258442 2.7479783e-10)
(-2.5869638e-05 0.00026258442 2.8760765e-10)
(-7.6612407e-05 0.00025249108 2.9853445e-10)
(-0.00012440096 0.00023269645 3.0682634e-10)
(-0.00016739989 0.00020396525 3.1234301e-10)
(0.00016739969 0.00020396471 1.7529848e-10)
(0.00012440106 0.00023269578 -1.1883771e-10)
(7.661279e-05 0.00025249056 -5.7155377e-10)
(2.5869922e-05 0.000262584 -9.8092367e-10)
(-2.5869921e-05 0.000262584 -9.6800862e-10)
(-7.6612788e-05 0.00025249056 -5.3350098e-10)
(-0.00012440106 0.00023269578 -5.7575292e-11)
(-0.00016739968 0.00020396472 2.5682322e-10)
(0.0001673999 0.00020396433 -1.5139912e-09)
(0.00012440195 0.00023269494 -2.0189766e-09)
(7.6613709e-05 0.00025248963 -2.7474777e-09)
(2.5870239e-05 0.00026258327 -3.1053051e-09)
(-2.5870238e-05 0.00026258327 -3.0922499e-09)
(-7.6613706e-05 0.00025248963 -2.7090347e-09)
(-0.00012440194 0.00023269494 -1.9572712e-09)
(-0.00016739989 0.00020396433 -1.4322477e-09)
(0.00016740013 0.00020396406 1.7448488e-09)
(0.00012440259 0.00023269439 1.6631869e-09)
(7.6614135e-05 0.00025248909 1.6799161e-09)
(2.5870294e-05 0.00026258287 1.704119e-09)
(-2.5870293e-05 0.00026258287 1.7166386e-09)
(-7.6614131e-05 0.00025248909 1.7167762e-09)
(-0.00012440258 0.00023269439 1.7224003e-09)
(-0.00016740012 0.00020396407 1.8234258e-09)
(0.00016739973 0.00020396363 -1.3683518e-09)
(0.00012440228 0.00023269389 -1.2236814e-09)
(7.6613946e-05 0.00025248853 -1.1850196e-09)
(2.587023e-05 0.00026258229 -1.1676758e-09)
(-2.5870227e-05 0.00026258229 -1.1564718e-09)
(-7.661394e-05 0.00025248853 -1.1518434e-09)
(-0.00012440227 0.00023269389 -1.1698237e-09)
(-0.00016739972 0.00020396364 -1.2958785e-09)
(0.00016739884 0.00020396321 1.8961875e-09)
(0.00012440114 0.00023269363 2.4661362e-09)
(7.6613202e-05 0.00025248816 3.2502231e-09)
(2.5870066e-05 0.0002625817 3.648027e-09)
(-2.5870055e-05 0.0002625817 3.6558296e-09)
(-7.6613189e-05 0.00025248816 3.2740061e-09)
(-0.00012440113 0.00023269363 2.5068877e-09)
(-0.00016739882 0.00020396321 1.9548173e-09)
(0.00016739753 0.00020396238 2.2042413e-10)
(0.00012439943 0.00023269306 5.8404895e-10)
(7.6611784e-05 0.00025248757 1.0926416e-09)
(2.5869594e-05 0.0002625809 1.5381192e-09)
(-2.5869561e-05 0.0002625809 1.5394741e-09)
(-7.6611755e-05 0.00025248757 1.0991811e-09)
(-0.00012439941 0.00023269306 6.0204857e-10)
(-0.00016739751 0.00020396238 2.5709123e-10)
(0.00016739706 0.00020396225 1.98955e-10)
(0.00012439883 0.00023269294 2.5918895e-10)
(7.6611097e-05 0.0002524872 2.9721966e-10)
(2.5869223e-05 0.00026258035 3.1006109e-10)
(-2.5869139e-05 0.00026258035 3.0002476e-10)
(-7.6611034e-05 0.0002524872 2.7299551e-10)
(-0.0001243988 0.00023269294 2.3635781e-10)
(-0.00016739706 0.00020396223 1.971016e-10)
(0.00016739704 0.00020396209 1.3048134e-10)
(0.00012439907 0.00023269265 -1.1825604e-10)
(7.661159e-05 0.00025248705 -5.6036076e-10)
(2.5869578e-05 0.00026258028 -9.8818948e-10)
(-2.5869401e-05 0.00026258029 -1.0131056e-09)
(-7.6611462e-05 0.00025248706 -6.2591413e-10)
(-0.00012439902 0.00023269264 -1.9822064e-10)
(-0.00016739706 0.00020396203 7.3271147e-11)
(0.00016739726 0.00020396188 -1.7286353e-09)
(0.0001244 0.00023269194 -2.2033579e-09)
(7.6612577e-05 0.00025248625 -2.9429705e-09)
(2.5869969e-05 0.00026257971 -3.3374092e-09)
(-2.5869664e-05 0.00026257973 -3.3717804e-09)
(-7.6612355e-05 0.00025248628 -3.036282e-09)
(-0.00012439992 0.00023269192 -2.3262134e-09)
(-0.00016739731 0.00020396175 -1.8336695e-09)
(0.00016739775 0.00020396202 1.6153943e-09)
(0.00012440087 0.00023269179 1.5250104e-09)
(7.6613188e-05 0.00025248612 1.5026354e-09)
(2.5870131e-05 0.00026257974 1.4785539e-09)
(-2.5869707e-05 0.00026257976 1.4487145e-09)
(-7.6612874e-05 0.00025248616 1.4193563e-09)
(-0.00012440075 0.00023269177 1.4078981e-09)
(-0.00016739782 0.00020396184 1.4995962e-09)
(0.00016739737 0.00020396159 5.1757568e-11)
(0.00012440062 0.00023269126 1.3408533e-10)
(7.6613063e-05 0.00025248554 1.0772705e-10)
(2.5870111e-05 0.00026257914 7.330611e-11)
(-2.5869638e-05 0.00026257917 6.1197474e-11)
(-7.661271e-05 0.00025248559 7.1883835e-11)
(-0.00012440048 0.00023269124 7.6168545e-11)
(-0.00016739745 0.00020396137 -2.5512552e-11)
(0.00016739628 0.00020396075 5.7109329e-09)
(0.00012439937 0.00023269058 6.1629267e-09)
(7.6612246e-05 0.00025248475 6.863131e-09)
(2.5869902e-05 0.0002625781 7.2196675e-09)
(-2.5869481e-05 0.00026257813 7.2259378e-09)
(-7.6611935e-05 0.00025248479 6.8769503e-09)
(-0.00012439925 0.00023269056 6.168186e-09)
(-0.00016739636 0.00020396057 5.6781365e-09)
(0.0001673954 0.00020396011 7.7074871e-10)
(0.00012439802 0.00023269028 9.3510129e-10)
(7.661106e-05 0.00025248453 1.2676518e-09)
(2.5869463e-05 0.00026257779 1.6194396e-09)
(-2.5869165e-05 0.00026257781 1.6320727e-09)
(-7.6610847e-05 0.00025248456 1.2968894e-09)
(-0.00012439795 0.00023269026 9.5452022e-10)
(-0.00016739547 0.00020395998 7.3744465e-10)
(0.00016740016 0.00020396602 -2.6643903e-08)
(0.00012440133 0.00023269716 -2.6693953e-08)
(7.6612868e-05 0.00025249178 -2.6763859e-08)
(2.5869916e-05 0.00026258517 -2.6862626e-08)
(-2.5869755e-05 0.00026258518 -2.6857709e-08)
(-7.6612757e-05 0.0002524918 -2.6757622e-08)
(-0.00012440131 0.00023269715 -2.671031e-08)
(-0.0001674002 0.00020396595 -2.6716583e-08)
(0.00016741014 0.00020397765 -4.3838019e-08)
(0.0001244088 0.00023271029 -4.4254463e-08)
(7.6617415e-05 0.00025250614 -4.4553923e-08)
(2.5871435e-05 0.00026260038 -4.4604103e-08)
(-2.5871376e-05 0.00026260038 -4.4611533e-08)
(-7.6617379e-05 0.00025250615 -4.4581563e-08)
(-0.0001244088 0.00023271029 -4.4316366e-08)
(-0.00016741017 0.00020397762 -4.3951078e-08)
(0.00016739745 0.00020396275 9.5181093e-08)
(0.00012439838 0.00023269373 9.6470639e-08)
(7.6609854e-05 0.00025248853 9.8549037e-08)
(2.5868437e-05 0.00026258166 1.0020292e-07)
(-2.5868435e-05 0.00026258167 1.0018431e-07)
(-7.6609858e-05 0.00025248854 9.8491566e-08)
(-0.0001243984 0.00023269373 9.6370187e-08)
(-0.00016739747 0.00020396275 9.503368e-08)
(0.00016733248 0.00020388712 5.3965942e-07)
(0.00012434634 0.00023260924 5.427605e-07)
(7.6574753e-05 0.00025239711 5.4760244e-07)
(2.5855759e-05 0.0002624863 5.5135884e-07)
(-2.5855771e-05 0.0002624863 5.5133351e-07)
(-7.6574768e-05 0.00025239711 5.4752695e-07)
(-0.00012434636 0.00023260925 5.4263645e-07)
(-0.0001673325 0.00020388713 5.3948989e-07)
(0.00016719817 0.00020372877 9.0456254e-07)
(0.00012424171 0.00023243127 9.075407e-07)
(7.650801e-05 0.0002522034 9.1104433e-07)
(2.5833193e-05 0.000262284 9.1270551e-07)
(-2.5833199e-05 0.000262284 9.1268028e-07)
(-7.6508018e-05 0.00025220341 9.1096973e-07)
(-0.00012424173 0.00023243129 9.0741998e-07)
(-0.0001671982 0.00020372879 9.0440086e-07)
(-0.00020372218 0.00016719473 -3.9844231e-07)
(-0.00023242261 0.00012423947 -3.9951704e-07)
(-0.00025219457 7.6505098e-05 -4.01684e-07)
(-0.00026227747 2.5831609e-05 -4.0380624e-07)
(-0.00026227747 -2.5831609e-05 -4.0380624e-07)
(-0.00025219457 -7.6505098e-05 -4.01684e-07)
(-0.00023242261 -0.00012423947 -3.9951704e-07)
(-0.00020372218 -0.00016719473 -3.9844231e-07)
(-0.00020387224 0.00016732026 -5.5514011e-07)
(-0.00023259238 0.00012433694 -5.5817734e-07)
(-0.00025237874 7.656871e-05 -5.63099e-07)
(-0.00026246714 2.5853732e-05 -5.6689834e-07)
(-0.00026246714 -2.5853732e-05 -5.6689834e-07)
(-0.00025237874 -7.656871e-05 -5.63099e-07)
(-0.00023259238 -0.00012433694 -5.5817734e-07)
(-0.00020387224 -0.00016732026 -5.5514011e-07)
(-0.00020396231 0.00016739703 -1.4807862e-07)
(-0.00023269332 0.00012439791 -1.4950764e-07)
(-0.000252488 7.6609454e-05 -1.5170376e-07)
(-0.00026258115 2.5868262e-05 -1.5346939e-07)
(-0.00026258115 -2.5868262e-05 -1.5346939e-07)
(-0.000252488 -7.6609454e-05 -1.5170376e-07)
(-0.00023269332 -0.00012439791 -1.4950764e-07)
(-0.00020396231 -0.00016739703 -1.4807862e-07)
(-0.00020398611 0.00016741727 3.3230324e-08)
(-0.00023272009 0.00012441399 3.3523087e-08)
(-0.00025251684 7.6620572e-05 3.3690547e-08)
(-0.00026261145 2.5872486e-05 3.3648981e-08)
(-0.00026261145 -2.5872486e-05 3.3648981e-08)
(-0.00025251684 -7.6620572e-05 3.3690546e-08)
(-0.00023272009 -0.00012441399 3.3523087e-08)
(-0.00020398611 -0.00016741727 3.3230324e-08)
(-0.0002039767 0.00016740932 3.3260686e-08)
(-0.0002327095 0.0001244081 3.3177938e-08)
(-0.00025250525 7.6616993e-05 3.3142557e-08)
(-0.00026259914 2.5871253e-05 3.3202959e-08)
(-0.00026259914 -2.5871253e-05 3.3202959e-08)
(-0.00025250525 -7.6616993e-05 3.3142557e-08)
(-0.0002327095 -0.0001244081 3.3177938e-08)
(-0.0002039767 -0.00016740932 3.3260686e-08)
(-0.00020396904 0.00016740333 3.185222e-09)
(-0.00023270067 0.00012440388 2.9397093e-09)
(-0.0002524959 7.6614586e-05 2.5639355e-09)
(-0.00026258963 2.5870536e-05 2.2015251e-09)
(-0.00026258963 -2.5870536e-05 2.2015251e-09)
(-0.0002524959 -7.6614586e-05 2.5639355e-09)
(-0.00023270067 -0.00012440388 2.9397092e-09)
(-0.00020396904 -0.00016740333 3.1852217e-09)
(-0.00020396779 0.00016740279 -4.9510595e-09)
(-0.00023269888 0.00012440415 -5.4499026e-09)
(-0.00025249392 7.6615089e-05 -6.1726711e-09)
(-0.00026258773 2.5870707e-05 -6.5354769e-09)
(-0.00026258773 -2.5870707e-05 -6.535477e-09)
(-0.00025249392 -7.6615089e-05 -6.1726713e-09)
(-0.00023269888 -0.00012440415 -5.4499031e-09)
(-0.00020396779 -0.00016740279 -4.9510602e-09)
(-0.00020396784 0.00016740329 8.1562716e-11)
(-0.0002326987 0.00012440496 -6.5494076e-12)
(-0.00025249378 7.6615616e-05 1.1276573e-11)
(-0.00026258777 2.5870798e-05 3.4097937e-11)
(-0.00026258777 -2.5870798e-05 3.4097799e-11)
(-0.00025249378 -7.6615616e-05 1.1276144e-11)
(-0.0002326987 -0.00012440496 -6.5501663e-12)
(-0.00020396784 -0.00016740329 8.1561585e-11)
(-0.00020396748 0.00016740298 -1.1707269e-09)
(-0.0002326983 0.00012440471 -1.0494936e-09)
(-0.00025249333 7.661545e-05 -1.0289822e-09)
(-0.00026258729 2.5870739e-05 -1.0257174e-09)
(-0.00026258729 -2.5870739e-05 -1.0257176e-09)
(-0.00025249333 -7.661545e-05 -1.0289827e-09)
(-0.0002326983 -0.00012440471 -1.0494946e-09)
(-0.00020396748 -0.00016740298 -1.1707282e-09)
(-0.00020396671 0.00016740186 2.3198646e-09)
(-0.00023269766 0.00012440341 2.853706e-09)
(-0.00025249257 7.6614606e-05 3.6081052e-09)
(-0.00026258631 2.587054e-05 3.9866404e-09)
(-0.00026258631 -2.587054e-05 3.9866402e-09)
(-0.00025249257 -7.6614606e-05 3.6081047e-09)
(-0.00023269766 -0.00012440341 2.8537051e-09)
(-0.00020396671 -0.00016740186 2.3198633e-09)
(-0.00020396575 0.00016740053 4.4282734e-10)
(-0.00023269696 0.00012440168 7.5903552e-10)
(-0.00025249184 7.6613175e-05 1.2316078e-09)
(-0.00026258534 2.5870053e-05 1.6577565e-09)
(-0.00026258534 -2.5870053e-05 1.6577563e-09)
(-0.00025249184 -7.6613175e-05 1.2316072e-09)
(-0.00023269696 -0.00012440168 7.5903458e-10)
(-0.00020396575 -0.00016740053 4.4282599e-10)
(-0.00020396525 0.00016739988 3.154248e-10)
(-0.00023269645 0.00012440095 3.1668677e-10)
(-0.00025249108 7.6612403e-05 3.1686649e-10)
(-0.00026258442 2.5869637e-05 3.1665134e-10)
(-0.00026258442 -2.5869637e-05 3.1665115e-10)
(-0.00025249108 -7.6612403e-05 3.1686592e-10)
(-0.00023269645 -0.00012440095 3.1668582e-10)
(-0.00020396525 -0.00016739988 3.1542346e-10)
(-0.0002039647 0.0001673997 2.5596745e-10)
(-0.00023269577 0.00012440107 -5.8947991e-11)
(-0.00025249055 7.6612798e-05 -5.3204821e-10)
(-0.00026258399 2.5869924e-05 -9.5890894e-10)
(-0.00026258399 -2.5869924e-05 -9.5890913e-10)
(-0.00025249055 -7.6612798e-05 -5.320488e-10)
(-0.00023269577 -0.00012440107 -5.8948997e-11)
(-0.0002039647 -0.0001673997 2.5596601e-10)
(-0.00020396429 0.00016739993 -1.438087e-09)
(-0.00023269491 0.00012440198 -1.9728016e-09)
(-0.00025248961 7.6613735e-05 -2.7286709e-09)
(-0.00026258325 2.5870248e-05 -3.1079035e-09)
(-0.00026258325 -2.5870248e-05 -3.1079037e-09)
(-0.00025248961 -7.6613735e-05 -2.7286717e-09)
(-0.00023269491 -0.00012440198 -1.9728029e-09)
(-0.00020396429 -0.00016739993 -1.4380888e-09)
(-0.00020396399 0.00016740021 1.8112531e-09)
(-0.00023269434 0.00012440266 1.6888017e-09)
(-0.00025248905 7.6614189e-05 1.6699554e-09)
(-0.00026258285 2.5870313e-05 1.6686059e-09)
(-0.00026258285 -2.5870313e-05 1.6686056e-09)
(-0.00025248905 -7.6614189e-05 1.6699545e-09)
(-0.00023269434 -0.00012440266 1.6888002e-09)
(-0.00020396399 -0.00016740021 1.811251e-09)
(-0.00020396351 0.00016739986 -1.3152367e-09)
(-0.0002326938 0.00012440241 -1.2240491e-09)
(-0.00025248848 7.6614037e-05 -1.2299783e-09)
(-0.00026258226 2.5870262e-05 -1.2422548e-09)
(-0.00026258226 -2.5870262e-05 -1.2422551e-09)
(-0.00025248848 -7.6614037e-05 -1.2299793e-09)
(-0.0002326938 -0.00012440241 -1.2240507e-09)
(-0.00020396351 -0.00016739986 -1.315239e-09)
(-0.00020396302 0.00016739904 1.9282522e-09)
(-0.00023269349 0.00012440133 2.4317325e-09)
(-0.00025248808 7.6613338e-05 3.1632775e-09)
(-0.00026258165 2.5870112e-05 3.5292733e-09)
(-0.00026258165 -2.5870112e-05 3.529273e-09)
(-0.00025248808 -7.6613338e-05 3.1632767e-09)
(-0.00023269349 -0.00012440133 2.4317311e-09)
(-0.00020396302 -0.00016739904 1.9282503e-09)
(-0.00020396211 0.00016739782 2.2437289e-10)
(-0.00023269288 0.0001243997 5.0853819e-10)
(-0.00025248747 7.6611969e-05 9.5838804e-10)
(-0.00026258084 2.586965e-05 1.3727403e-09)
(-0.00026258084 -2.586965e-05 1.3727401e-09)
(-0.00025248747 -7.6611969e-05 9.5838751e-10)
(-0.00023269288 -0.0001243997 5.085373e-10)
(-0.00020396211 -0.00016739782 2.2437164e-10)
(-0.00020396189 0.00016739746 1.6083653e-10)
(-0.0002326927 0.00012439918 1.3138701e-10)
(-0.00025248707 7.6611327e-05 1.1104717e-10)
(-0.00026258028 2.5869276e-05 1.0084865e-10)
(-0.00026258028 -2.5869276e-05 1.008486e-10)
(-0.00025248707 -7.6611327e-05 1.1104702e-10)
(-0.0002326927 -0.00012439918 1.3138675e-10)
(-0.00020396189 -0.00016739746 1.6083615e-10)
(-0.00020396162 0.00016739755 3.8274679e-11)
(-0.00023269235 0.0001243995 -3.0091287e-10)
(-0.0002524869 7.6611844e-05 -7.8903417e-10)
(-0.00026258021 2.5869603e-05 -1.2229675e-09)
(-0.00026258021 -2.5869603e-05 -1.2229674e-09)
(-0.0002524869 -7.6611844e-05 -7.8903395e-10)
(-0.00023269235 -0.0001243995 -3.0091253e-10)
(-0.00020396162 -0.00016739755 3.8275121e-11)
(-0.00020396128 0.00016739787 -1.8624615e-09)
(-0.00023269159 0.00012440048 -2.4118559e-09)
(-0.00025248609 7.6612824e-05 -3.17605e-09)
(-0.00026257964 2.5869944e-05 -3.5591256e-09)
(-0.00026257964 -2.5869944e-05 -3.5591254e-09)
(-0.00025248609 -7.6612824e-05 -3.1760496e-09)
(-0.00023269159 -0.00012440048 -2.4118553e-09)
(-0.00020396128 -0.00016739787 -1.8624607e-09)
(-0.00020396133 0.00016739843 1.481607e-09)
(-0.00023269141 0.00012440137 1.353769e-09)
(-0.00025248595 7.6613406e-05 1.3291027e-09)
(-0.00026257967 2.5870051e-05 1.3237877e-09)
(-0.00026257967 -2.5870051e-05 1.3237879e-09)
(-0.00025248595 -7.6613406e-05 1.3291032e-09)
(-0.00023269141 -0.00012440137 1.3537698e-09)
(-0.00020396133 -0.00016739843 1.4816082e-09)
(-0.00020396086 0.00016739806 -2.9364727e-11)
(-0.00023269088 0.00012440111 6.4232799e-11)
(-0.00025248538 7.6613262e-05 5.0718368e-11)
(-0.00026257907 2.5870006e-05 2.9282958e-11)
(-0.00026257907 -2.5870006e-05 2.9283183e-11)
(-0.00025248538 -7.6613262e-05 5.0719032e-11)
(-0.00023269088 -0.00012440111 6.4233872e-11)
(-0.00020396086 -0.00016739806 -2.9363283e-11)
(-0.00020396008 0.00016739694 5.6881766e-09)
(-0.00023269022 0.00012439985 6.1976979e-09)
(-0.0002524846 7.6612453e-05 6.9239896e-09)
(-0.00026257804 2.5869818e-05 7.2865155e-09)
(-0.00026257804 -2.5869818e-05 7.2865158e-09)
(-0.0002524846 -7.6612453e-05 6.9239903e-09)
(-0.00023269022 -0.00012439985 6.1976991e-09)
(-0.00020396008 -0.00016739694 5.6881783e-09)
(-0.00020395955 0.00016739598 7.5906689e-10)
(-0.00023268996 0.00012439847 1.0179782e-09)
(-0.00025248439 7.6611285e-05 1.3976261e-09)
(-0.00026257773 2.5869431e-05 1.7610047e-09)
(-0.00026257773 -2.5869431e-05 1.7610049e-09)
(-0.00025248439 -7.6611285e-05 1.3976269e-09)
(-0.00023268996 -0.00012439847 1.0179795e-09)
(-0.00020395955 -0.00016739598 7.5906866e-10)
(-0.0002039656 0.00016740062 -2.6687667e-08)
(-0.0002326969 0.00012440172 -2.6626529e-08)
(-0.00025249166 7.6613092e-05 -2.6628296e-08)
(-0.00026258512 2.5869935e-05 -2.6699226e-08)
(-0.00026258512 -2.5869936e-05 -2.6699226e-08)
(-0.00025249166 -7.6613092e-05 -2.6628295e-08)
(-0.0002326969 -0.00012440172 -2.6626527e-08)
(-0.0002039656 -0.00016740062 -2.6687665e-08)
(-0.00020397736 0.00016741048 -4.3920901e-08)
(-0.00023271011 0.0001244091 -4.4230174e-08)
(-0.00025250605 7.6617609e-05 -4.4452259e-08)
(-0.00026260034 2.5871482e-05 -4.4460487e-08)
(-0.00026260034 -2.5871482e-05 -4.4460487e-08)
(-0.00025250605 -7.6617609e-05 -4.4452258e-08)
(-0.00023271011 -0.0001244091 -4.4230173e-08)
(-0.00020397736 -0.00016741048 -4.3920899e-08)
(-0.00020396258 0.00016739767 9.5059921e-08)
(-0.00023269361 0.00012439859 9.6443847e-08)
(-0.00025248847 7.6609997e-05 9.8597953e-08)
(-0.00026258164 2.5868487e-05 1.0030054e-07)
(-0.00026258164 -2.5868487e-05 1.0030054e-07)
(-0.00025248847 -7.6609997e-05 9.8597954e-08)
(-0.00023269361 -0.00012439859 9.6443849e-08)
(-0.00020396258 -0.00016739767 9.5059923e-08)
(-0.00020388704 0.00016733261 5.3950856e-07)
(-0.00023260919 0.00012434645 5.426877e-07)
(-0.00025239708 7.6574837e-05 5.4759712e-07)
(-0.00026248629 2.5855793e-05 5.5140215e-07)
(-0.00026248629 -2.5855793e-05 5.5140215e-07)
(-0.00025239708 -7.6574837e-05 5.4759712e-07)
(-0.00023260919 -0.00012434645 5.4268771e-07)
(-0.00020388704 -0.00016733261 5.3950857e-07)
(-0.00020372877 0.00016719823 9.0441122e-07)
(-0.00023243127 0.00012424176 9.0744739e-07)
(-0.0002522034 7.6508037e-05 9.1100392e-07)
(-0.00026228399 2.5833204e-05 9.1270628e-07)
(-0.00026228399 -2.5833204e-05 9.1270628e-07)
(-0.0002522034 -7.6508037e-05 9.1100392e-07)
(-0.00023243127 -0.00012424176 9.0744739e-07)
(-0.00020372877 -0.00016719823 9.0441122e-07)
(-0.00016719473 -0.00020372218 -3.9844416e-07)
(-0.00012423947 -0.0002324226 -3.9952247e-07)
(-7.65051e-05 -0.00025219457 -4.0169271e-07)
(-2.583161e-05 -0.00026227746 -4.0381779e-07)
(2.5831607e-05 -0.00026227746 -4.0382004e-07)
(7.6505096e-05 -0.00025219457 -4.0169944e-07)
(0.00012423947 -0.0002324226 -3.9953355e-07)
(0.00016719472 -0.00020372218 -3.9845885e-07)
(-0.00016732026 -0.00020387223 -5.5514448e-07)
(-0.00012433694 -0.00023259237 -5.5819023e-07)
(-7.6568714e-05 -0.00025237873 -5.631197e-07)
(-2.5853736e-05 -0.00026246713 -5.6692575e-07)
(2.5853728e-05 -0.00026246713 -5.66931e-07)
(7.6568705e-05 -0.00025237873 -5.6313528e-07)
(0.00012433693 -0.00023259237 -5.5821562e-07)
(0.00016732025 -0.00020387223 -5.551784e-07)
(-0.00016739704 -0.0002039623 -1.4808384e-07)
(-0.00012439792 -0.00023269331 -1.4952296e-07)
(-7.6609463e-05 -0.00025248799 -1.517283e-07)
(-2.5868269e-05 -0.00026258114 -1.5350173e-07)
(2.5868256e-05 -0.00026258114 -1.5350775e-07)
(7.6609449e-05 -0.00025248799 -1.5174616e-07)
(0.0001243979 -0.00023269331 -1.4955207e-07)
(0.00016739703 -0.0002039623 -1.481228e-07)
(-0.00016741729 -0.0002039861 3.3224548e-08)
(-0.00012441401 -0.00023272008 3.3506123e-08)
(-7.6620583e-05 -0.00025251683 3.3663451e-08)
(-2.5872494e-05 -0.00026261144 3.3613381e-08)
(2.587248e-05 -0.00026261144 3.3606906e-08)
(7.6620569e-05 -0.00025251683 3.3644225e-08)
(0.00012441399 -0.00023272008 3.3474773e-08)
(0.00016741727 -0.0002039861 3.3182537e-08)
(-0.00016740934 -0.00020397669 3.3254069e-08)
(-0.00012440812 -0.00023270948 3.3158476e-08)
(-7.6617005e-05 -0.00025250524 3.3111398e-08)
(-2.5871262e-05 -0.00026259913 3.3161958e-08)
(2.5871249e-05 -0.00026259913 3.3154512e-08)
(7.6616992e-05 -0.00025250523 3.3089349e-08)
(0.0001244081 -0.00023270948 3.3122658e-08)
(0.00016740933 -0.00020397669 3.3206133e-08)
(-0.00016740335 -0.00020396902 3.1777406e-09)
(-0.0001244039 -0.00023270065 2.9177394e-09)
(-7.66146e-05 -0.00025249589 2.5288245e-09)
(-2.5870545e-05 -0.00026258962 2.1553345e-09)
(2.5870534e-05 -0.00026258962 2.1468561e-09)
(7.6614588e-05 -0.00025249589 2.5036749e-09)
(0.00012440389 -0.00023270065 2.8767652e-09)
(0.00016740334 -0.00020396902 3.1227243e-09)
(-0.00016740281 -0.00020396777 -4.9592188e-09)
(-0.00012440417 -0.00023269886 -5.4739115e-09)
(-7.6615104e-05 -0.00025249391 -6.2111605e-09)
(-2.5870715e-05 -0.00026258772 -6.5862805e-09)
(2.5870706e-05 -0.00026258772 -6.5958384e-09)
(7.6615095e-05 -0.00025249391 -6.2394972e-09)
(0.00012440416 -0.00023269886 -5.5200022e-09)
(0.0001674028 -0.00020396777 -5.0210557e-09)
(-0.00016740331 -0.00020396782 7.313029e-11)
(-0.00012440498 -0.00023269869 -3.1398554e-11)
(-7.6615632e-05 -0.00025249377 -2.8691432e-11)
(-2.5870806e-05 -0.00026258776 -1.8939559e-11)
(2.5870799e-05 -0.00026258776 -2.9370131e-11)
(7.6615624e-05 -0.00025249377 -5.9608571e-11)
(0.00012440497 -0.00023269869 -8.1684186e-11)
(0.0001674033 -0.00020396782 5.6292864e-12)
(-0.000167403 -0.00020396746 -1.1789656e-09)
(-0.00012440473 -0.00023269828 -1.0738568e-09)
(-7.6615467e-05 -0.00025249333 -1.0684433e-09)
(-2.5870746e-05 -0.00026258729 -1.0786084e-09)
(2.5870741e-05 -0.00026258729 -1.0898e-09)
(7.6615461e-05 -0.00025249332 -1.1015986e-09)
(0.00012440473 -0.00023269828 -1.1277308e-09)
(0.000167403 -0.00020396746 -1.2512411e-09)
(-0.00016740188 -0.00020396669 2.3125247e-09)
(-0.00012440343 -0.00023269765 2.8318514e-09)
(-7.6614621e-05 -0.00025249257 3.5722284e-09)
(-2.5870546e-05 -0.00026258631 3.9376224e-09)
(2.5870543e-05 -0.00026258631 3.9258507e-09)
(7.6614618e-05 -0.00025249257 3.5373952e-09)
(0.00012440343 -0.00023269765 2.7753325e-09)
(0.00016740188 -0.00020396669 2.2367863e-09)
(-0.00016740054 -0.00020396573 4.3705955e-10)
(-0.0001244017 -0.00023269695 7.4162034e-10)
(-7.6613186e-05 -0.00025249183 1.2022672e-09)
(-2.5870058e-05 -0.00026258534 1.6161945e-09)
(2.5870056e-05 -0.00026258534 1.6038325e-09)
(7.6613185e-05 -0.00025249183 1.1656543e-09)
(0.0001244017 -0.00023269695 6.8221529e-10)
(0.00016740054 -0.00020396573 3.5755379e-10)
(-0.00016739989 -0.00020396525 3.1234129e-10)
(-0.00012440096 -0.00023269645 3.0682426e-10)
(-7.6612407e-05 -0.00025249108 2.9853204e-10)
(-2.5869638e-05 -0.00026258442 2.8760448e-10)
(2.5869638e-05 -0.00026258442 2.7478962e-10)
(7.6612407e-05 -0.00025249108 2.6072775e-10)
(0.00012440096 -0.00023269645 2.4585686e-10)
(0.00016739989 -0.00020396525 2.311919e-10)
(-0.00016739968 -0.00020396472 2.5682136e-10)
(-0.00012440106 -0.00023269578 -5.7577492e-11)
(-7.6612788e-05 -0.00025249056 -5.3350348e-10)
(-2.5869921e-05 -0.000262584 -9.6801183e-10)
(2.5869922e-05 -0.000262584 -9.8093165e-10)
(7.661279e-05 -0.00025249056 -5.7159204e-10)
(0.00012440106 -0.00023269578 -1.1896037e-10)
(0.00016739969 -0.00020396471 1.7527325e-10)
(-0.00016739989 -0.00020396433 -1.4322499e-09)
(-0.00012440194 -0.00023269494 -1.9572739e-09)
(-7.6613706e-05 -0.00025248963 -2.7090376e-09)
(-2.5870238e-05 -0.00026258327 -3.0922535e-09)
(2.5870239e-05 -0.00026258327 -3.1053132e-09)
(7.6613709e-05 -0.00025248963 -2.7475141e-09)
(0.00012440195 -0.00023269494 -2.0190923e-09)
(0.0001673999 -0.00020396433 -1.5140147e-09)
(-0.00016740012 -0.00020396407 1.8234232e-09)
(-0.00012440258 -0.00023269439 1.7223973e-09)
(-7.6614131e-05 -0.00025248909 1.7167728e-09)
(-2.5870293e-05 -0.00026258287 1.7166346e-09)
(2.5870294e-05 -0.00026258287 1.7041108e-09)
(7.6614135e-05 -0.00025248909 1.6798813e-09)
(0.00012440259 -0.00023269439 1.6630779e-09)
(0.00016740013 -0.00020396406 1.7448266e-09)
(-0.00016739972 -0.00020396364 -1.2958814e-09)
(-0.00012440227 -0.00023269389 -1.169827e-09)
(-7.661394e-05 -0.00025248853 -1.1518471e-09)
(-2.5870227e-05 -0.00026258229 -1.1564761e-09)
(2.587023e-05 -0.00026258229 -1.1676841e-09)
(7.6613946e-05 -0.00025248853 -1.1850528e-09)
(0.00012440228 -0.00023269389 -1.2237841e-09)
(0.00016739973 -0.00020396363 -1.3683732e-09)
(-0.00016739882 -0.00020396321 1.9548149e-09)
(-0.00012440113 -0.00023269363 2.5068849e-09)
(-7.6613189e-05 -0.00025248816 3.2740029e-09)
(-2.5870055e-05 -0.0002625817 3.6558258e-09)
(2.5870066e-05 -0.0002625817 3.6480195e-09)
(7.6613202e-05 -0.00025248816 3.2501925e-09)
(0.00012440114 -0.00023269363 2.4660411e-09)
(0.00016739884 -0.00020396321 1.8961683e-09)
(-0.00016739751 -0.00020396238 2.5708965e-10)
(-0.00012439941 -0.00023269306 6.0204673e-10)
(-7.6611755e-05 -0.00025248757 1.099179e-09)
(-2.5869561e-05 -0.0002625809 1.5394716e-09)
(2.5869594e-05 -0.0002625809 1.5381134e-09)
(7.6611784e-05 -0.00025248757 1.0926145e-09)
(0.00012439943 -0.00023269306 5.8396234e-10)
(0.00016739753 -0.00020396238 2.2040797e-10)
(-0.00016739706 -0.00020396223 1.971011e-10)
(-0.0001243988 -0.00023269294 2.3635721e-10)
(-7.6611034e-05 -0.0002524872 2.729948e-10)
(-2.5869139e-05 -0.00026258035 3.0002367e-10)
(2.5869223e-05 -0.00026258035 3.1005696e-10)
(7.6611097e-05 -0.0002524872 2.9719589e-10)
(0.00012439883 -0.00023269294 2.5911066e-10)
(0.00016739706 -0.00020396225 1.9894163e-10)
(-0.00016739706 -0.00020396203 7.327165e-11)
(-0.00012439902 -0.00023269264 -1.982201e-10)
(-7.6611462e-05 -0.00025248706 -6.259136e-10)
(-2.5869401e-05 -0.00026258029 -1.0131054e-09)
(2.5869578e-05 -0.00026258028 -9.8819209e-10)
(7.661159e-05 -0.00025248705 -5.6038131e-10)
(0.00012439907 -0.00023269265 -1.1832627e-10)
(0.00016739704 -0.00020396209 1.3047039e-10)
(-0.00016739731 -0.00020396175 -1.8336685e-09)
(-0.00012439992 -0.00023269192 -2.3262123e-09)
(-7.6612355e-05 -0.00025248628 -3.0362808e-09)
(-2.5869664e-05 -0.00026257973 -3.3717794e-09)
(2.5869969e-05 -0.00026257971 -3.3374107e-09)
(7.6612577e-05 -0.00025248625 -2.9429882e-09)
(0.0001244 -0.00023269194 -2.2034203e-09)
(0.00016739726 -0.00020396188 -1.728644e-09)
(-0.00016739782 -0.00020396184 1.4995977e-09)
(-0.00012440075 -0.00023269177 1.4078997e-09)
(-7.6612874e-05 -0.00025248616 1.4193582e-09)
(-2.5869707e-05 -0.00026257976 1.4487162e-09)
(2.5870131e-05 -0.00026257974 1.4785535e-09)
(7.6613188e-05 -0.00025248612 1.5026207e-09)
(0.00012440087 -0.00023269179 1.5249561e-09)
(0.00016739775 -0.00020396202 1.6153885e-09)
(-0.00016739745 -0.00020396137 -2.5510777e-11)
(-0.00012440048 -0.00023269124 7.6170616e-11)
(-7.661271e-05 -0.00025248559 7.1886137e-11)
(-2.5869638e-05 -0.00026257917 6.1199727e-11)
(2.5870111e-05 -0.00026257914 7.3306477e-11)
(7.6613063e-05 -0.00025248554 1.0771484e-10)
(0.00012440062 -0.00023269126 1.3403853e-10)
(0.00016739737 -0.00020396159 5.1753766e-11)
(-0.00016739636 -0.00020396057 5.6781385e-09)
(-0.00012439925 -0.00023269056 6.1681883e-09)
(-7.6611935e-05 -0.00025248479 6.8769529e-09)
(-2.5869481e-05 -0.00026257813 7.2259404e-09)
(2.5869902e-05 -0.0002625781 7.2196684e-09)
(7.6612246e-05 -0.00025248475 6.863121e-09)
(0.00012439937 -0.00023269058 6.1628871e-09)
(0.00016739628 -0.00020396075 5.7109309e-09)
(-0.00016739547 -0.00020395998 7.3744682e-10)
(-0.00012439795 -0.00023269026 9.5452271e-10)
(-7.6610847e-05 -0.00025248456 1.2968921e-09)
(-2.5869165e-05 -0.00026257781 1.6320754e-09)
(2.5869463e-05 -0.00026257779 1.6194409e-09)
(7.661106e-05 -0.00025248453 1.267644e-09)
(0.00012439802 -0.00023269028 9.3506893e-10)
(0.0001673954 -0.00020396011 7.7074847e-10)
(-0.0001674002 -0.00020396595 -2.6716581e-08)
(-0.00012440131 -0.00023269715 -2.6710307e-08)
(-7.6612757e-05 -0.0002524918 -2.6757619e-08)
(-2.5869755e-05 -0.00026258518 -2.6857705e-08)
(2.5869916e-05 -0.00026258517 -2.6862624e-08)
(7.6612868e-05 -0.00025249178 -2.6763864e-08)
(0.00012440133 -0.00023269716 -2.6693978e-08)
(0.00016740016 -0.00020396602 -2.6643901e-08)
(-0.00016741017 -0.00020397762 -4.3951075e-08)
(-0.0001244088 -0.00023271029 -4.4316363e-08)
(-7.6617379e-05 -0.00025250615 -4.458156e-08)
(-2.5871376e-05 -0.00026260038 -4.461153e-08)
(2.5871435e-05 -0.00026260038 -4.46041e-08)
(7.6617415e-05 -0.00025250614 -4.4553926e-08)
(0.0001244088 -0.00023271029 -4.425448e-08)
(0.00016741014 -0.00020397765 -4.3838015e-08)
(-0.00016739747 -0.00020396275 9.5033682e-08)
(-0.0001243984 -0.00023269373 9.637019e-08)
(-7.6609858e-05 -0.00025248854 9.8491569e-08)
(-2.5868435e-05 -0.00026258167 1.0018432e-07)
(2.5868437e-05 -0.00026258166 1.0020292e-07)
(7.6609854e-05 -0.00025248853 9.8549035e-08)
(0.00012439838 -0.00023269373 9.6470628e-08)
(0.00016739745 -0.00020396275 9.5181096e-08)
(-0.0001673325 -0.00020388713 5.3948989e-07)
(-0.00012434636 -0.00023260925 5.4263645e-07)
(-7.6574768e-05 -0.00025239711 5.4752695e-07)
(-2.5855771e-05 -0.0002624863 5.5133351e-07)
(2.5855759e-05 -0.0002624863 5.5135884e-07)
(7.6574753e-05 -0.00025239711 5.4760244e-07)
(0.00012434634 -0.00023260924 5.427605e-07)
(0.00016733248 -0.00020388712 5.3965943e-07)
(-0.0001671982 -0.00020372879 9.0440086e-07)
(-0.00012424173 -0.00023243129 9.0741999e-07)
(-7.6508018e-05 -0.00025220341 9.1096973e-07)
(-2.5833199e-05 -0.000262284 9.1268028e-07)
(2.5833193e-05 -0.000262284 9.1270551e-07)
(7.650801e-05 -0.0002522034 9.1104433e-07)
(0.00012424171 -0.00023243127 9.075407e-07)
(0.00016719817 -0.00020372877 9.0456254e-07)
)
;
    }
    lid_wall_inner
    {
        type            calculated;
        value           uniform (0 0 0);
    }
    lid_wall_outer
    {
        type            calculated;
        value           uniform (0 0 0);
    }
    outlet_peri
    {
        type            calculated;
        value           uniform (0 0 0);
    }
}


// ************************************************************************* //
