/*--------------------------------*- C++ -*----------------------------------*\
| =========                 |                                                 |
| \\      /  F ield         | OpenFOAM: The Open Source CFD Toolbox           |
|  \\    /   O peration     | Version:  2512                                  |
|   \\  /    A nd           | Website:  www.openfoam.com                      |
|    \\/     M anipulation  |                                                 |
\*---------------------------------------------------------------------------*/
FoamFile
{
    version     2.0;
    format      ascii;
    arch        "LSB;label=32;scalar=64";
    class       volVectorField;
    location    "2.2";
    object      Force;
}
// * * * * * * * * * * * * * * * * * * * * * * * * * * * * * * * * * * * * * //

dimensions      [1 1 -2 0 0 0 0];

internalField   uniform (0 0 0);

boundaryField
{
    needle_inlet_left
    {
        type            calculated;
        value           uniform (0 0 0);
    }
    needle_inlet_right
    {
        type            calculated;
        value           uniform (0 0 0);
    }
    needle_outlet_left
    {
        type            calculated;
        value           uniform (0 0 0);
    }
    needle_outlet_right
    {
        type            calculated;
        value           uniform (0 0 0);
    }
    sclera_left_lower
    {
        type            calculated;
        value           nonuniform List<vector> 7((-0.00040050495 -5.5920722e-12 0) (-0.00030037872 3.3392213e-12 0) (-0.00030037871 1.1679305e-12 0) (-0.00041051757 3.8964393e-13 0) (-0.00041051757 2.225908e-13 0) (-0.00041051757 1.4498324e-13 0) (-0.00041051757 -8.4550517e-15 0));
    }
    sclera_left_upper
    {
        type            calculated;
        value           nonuniform List<vector> 
29
(
(-0.00050161948 3.3877552e-12 0)
(-0.00049804194 1.3667889e-12 0)
(-0.00049493127 1.0120414e-12 0)
(-0.00049327238 6.1734492e-13 0)
(-0.000492131 4.2688522e-13 0)
(-0.00049137719 2.9389874e-13 0)
(-0.0004908478 2.0985824e-13 0)
(-0.00049047053 1.5225372e-13 0)
(-0.00049019497 1.1260667e-13 0)
(-0.00048999028 8.4502685e-14 0)
(-0.00052481872 6.8345099e-14 0)
(-0.00052468474 5.1819336e-14 0)
(-0.0005245843 3.9849295e-14 0)
(-0.00052450591 3.1017415e-14 0)
(-0.0005244446 2.441497e-14 0)
(-0.00052439511 1.9406574e-14 0)
(-0.00052435747 1.5559742e-14 0)
(-0.00049956693 1.202321e-14 0)
(-0.00049954386 9.8477073e-15 0)
(-0.00049952495 8.0859716e-15 0)
(-0.00049950942 6.6425109e-15 0)
(-0.00049949668 5.4424738e-15 0)
(-0.00049948627 4.430388e-15 0)
(-0.00049947785 3.5610924e-15 0)
(-0.00049947114 2.80759e-15 0)
(-0.00048927142 1.8921391e-15 0)
(-0.00048926811 1.3144472e-15 0)
(-0.00048926595 7.7575972e-16 0)
(-0.00048926489 1.1488835e-16 0)
)
;
    }
    sclera_right
    {
        type            calculated;
        value           nonuniform List<vector> 7((0.00040050495 -5.5920722e-12 0) (0.00030037872 3.3392223e-12 0) (0.00030037871 1.1679313e-12 0) (0.00041051757 3.8964453e-13 0) (0.00041051757 2.2259104e-13 0) (0.00041051757 1.4498327e-13 0) (0.00041051757 -8.4550333e-15 0));
    }
    sclera_right_upper
    {
        type            calculated;
        value           nonuniform List<vector> 
29
(
(0.00050161948 3.3877552e-12 0)
(0.00049804194 1.3667889e-12 0)
(0.00049493127 1.0120414e-12 0)
(0.00049327238 6.1734492e-13 0)
(0.000492131 4.2688522e-13 0)
(0.00049137719 2.9389874e-13 0)
(0.0004908478 2.0985824e-13 0)
(0.00049047053 1.5225372e-13 0)
(0.00049019497 1.1260667e-13 0)
(0.00048999028 8.4502685e-14 0)
(0.00052481872 6.8345099e-14 0)
(0.00052468474 5.1819336e-14 0)
(0.0005245843 3.9849295e-14 0)
(0.00052450591 3.1017415e-14 0)
(0.0005244446 2.441497e-14 0)
(0.00052439511 1.9406574e-14 0)
(0.00052435747 1.5559742e-14 0)
(0.00049956693 1.202321e-14 0)
(0.00049954386 9.8477073e-15 0)
(0.00049952495 8.0859716e-15 0)
(0.00049950942 6.6425109e-15 0)
(0.00049949668 5.4424738e-15 0)
(0.00049948627 4.430388e-15 0)
(0.00049947785 3.5610924e-15 0)
(0.00049947114 2.80759e-15 0)
(0.00048927142 1.8921391e-15 0)
(0.00048926811 1.3144472e-15 0)
(0.00048926595 7.7575972e-16 0)
(0.00048926489 1.1488835e-16 0)
)
;
    }
    sclera_top
    {
        type            calculated;
        value           nonuniform List<vector> 
80
(
(-3.0524459e-17 0.00050949901 0)
(-9.200342e-17 0.00050949913 0)
(-1.5477448e-16 0.00050949939 0)
(-2.1970533e-16 0.00050949977 0)
(-2.8767228e-16 0.0005095003 0)
(-3.5956189e-16 0.00050950097 0)
(-4.3627074e-16 0.00050950179 0)
(-5.1870267e-16 0.00050950277 0)
(-6.0776261e-16 0.00050950393 0)
(-7.0434611e-16 0.00050950529 0)
(-8.0932363e-16 0.00050950685 0)
(-9.2351823e-16 0.00050950864 0)
(-1.0476756e-15 0.00050951067 0)
(-1.1824251e-15 0.00050951297 0)
(-1.3282304e-15 0.00050951556 0)
(-1.4853286e-15 0.00050951847 0)
(-1.6536581e-15 0.0005095217 0)
(-1.8327738e-15 0.0005095253 0)
(-2.0217516e-15 0.00050952928 0)
(-2.2190845e-15 0.00050953366 0)
(-2.4225749e-15 0.00050953844 0)
(-2.629229e-15 0.00050954366 0)
(-2.8351642e-15 0.0005095493 0)
(-3.03554e-15 0.00050955536 0)
(-3.22453e-15 0.00050956182 0)
(-3.3953496e-15 0.00050956865 0)
(-3.5403608e-15 0.00050957581 0)
(-3.6512668e-15 0.00050958323 0)
(-3.7194122e-15 0.00050959084 0)
(-3.7361902e-15 0.00050959854 0)
(-3.6935497e-15 0.00050960621 0)
(-3.5845792e-15 0.00050961372 0)
(-3.4041275e-15 0.00050962094 0)
(-3.1494072e-15 0.0005096277 0)
(-2.8205153e-15 0.00050963387 0)
(-2.4208039e-15 0.00050963928 0)
(-1.9570395e-15 0.0005096438 0)
(-1.4393093e-15 0.00050964731 0)
(-8.8065487e-16 0.00050964971 0)
(-1.620134e-16 0.00050965092 0)
(7.0434611e-16 0.00050950529 0)
(6.0776261e-16 0.00050950393 0)
(5.1870267e-16 0.00050950277 0)
(4.3627074e-16 0.00050950179 0)
(3.5956189e-16 0.00050950097 0)
(2.8767228e-16 0.0005095003 0)
(2.1970533e-16 0.00050949977 0)
(1.5477448e-16 0.00050949939 0)
(9.2003421e-17 0.00050949913 0)
(3.0524459e-17 0.00050949901 0)
(3.7361902e-15 0.00050959854 0)
(3.7194122e-15 0.00050959084 0)
(3.6512668e-15 0.00050958323 0)
(3.5403608e-15 0.00050957581 0)
(3.3953496e-15 0.00050956865 0)
(3.22453e-15 0.00050956182 0)
(3.03554e-15 0.00050955536 0)
(2.8351642e-15 0.0005095493 0)
(2.629229e-15 0.00050954366 0)
(2.4225749e-15 0.00050953844 0)
(2.2190845e-15 0.00050953366 0)
(2.0217516e-15 0.00050952928 0)
(1.8327738e-15 0.0005095253 0)
(1.6536581e-15 0.0005095217 0)
(1.4853286e-15 0.00050951847 0)
(1.3282304e-15 0.00050951556 0)
(1.1824251e-15 0.00050951297 0)
(1.0476756e-15 0.00050951067 0)
(9.2351823e-16 0.00050950864 0)
(8.0932363e-16 0.00050950685 0)
(8.8065487e-16 0.00050964971 0)
(1.4393093e-15 0.00050964731 0)
(1.9570395e-15 0.0005096438 0)
(2.4208039e-15 0.00050963928 0)
(2.8205153e-15 0.00050963387 0)
(3.1494072e-15 0.0005096277 0)
(3.4041275e-15 0.00050962094 0)
(3.5845792e-15 0.00050961372 0)
(3.6935497e-15 0.00050960621 0)
(1.620134e-16 0.00050965092 0)
)
;
    }
    cornea_fsi
    {
        type            calculated;
        value           nonuniform List<vector> 
80
(
(7.9046998e-14 -0.00050063119 0)
(2.431229e-13 -0.00050063119 0)
(4.2303252e-13 -0.00050063119 0)
(6.2320504e-13 -0.00050063119 0)
(8.4248931e-13 -0.00050063119 0)
(1.0762434e-12 -0.00050063119 0)
(1.3163636e-12 -0.00050063119 0)
(1.5511811e-12 -0.00050063119 0)
(1.7664992e-12 -0.00050063119 0)
(1.9483533e-12 -0.00050063119 0)
(2.0870255e-12 -0.00050063119 0)
(2.1811058e-12 -0.00050063119 0)
(2.2371533e-12 -0.00050063119 0)
(2.2652223e-12 -0.00050063119 0)
(2.2752345e-12 -0.00050063119 0)
(2.2750858e-12 -0.00050063119 0)
(2.270193e-12 -0.00050063119 0)
(2.2637818e-12 -0.00050063119 0)
(2.2574939e-12 -0.00050063119 0)
(2.252016e-12 -0.00050063119 0)
(2.2474969e-12 -0.00050063119 0)
(2.2438367e-12 -0.00050063119 0)
(2.2408638e-12 -0.00050063118 0)
(2.2384468e-12 -0.00050063118 0)
(2.2365851e-12 -0.00050063118 0)
(2.2355187e-12 -0.00050063118 0)
(2.2359243e-12 -0.00050063118 0)
(2.2392307e-12 -0.00050063118 0)
(2.2481249e-12 -0.00050063118 0)
(2.2673746e-12 -0.00050063118 0)
(2.3050257e-12 -0.00050063118 0)
(2.373941e-12 -0.00050063118 0)
(2.4932032e-12 -0.00050063118 0)
(2.6878338e-12 -0.00050063118 0)
(2.9839174e-12 -0.00050063118 0)
(3.398449e-12 -0.00050063118 0)
(3.9039597e-12 -0.00050063118 0)
(4.4360747e-12 -0.00050063118 0)
(2.2626496e-12 -0.00050063117 0)
(3.4074124e-12 -0.00050063118 0)
(-1.9483526e-12 -0.00050063119 0)
(-1.7664978e-12 -0.00050063119 0)
(-1.5511789e-12 -0.00050063119 0)
(-1.3163608e-12 -0.00050063119 0)
(-1.0762402e-12 -0.00050063119 0)
(-8.4248611e-13 -0.00050063119 0)
(-6.2320213e-13 -0.00050063119 0)
(-4.2303007e-13 -0.00050063119 0)
(-2.4312091e-13 -0.00050063119 0)
(-7.9045346e-14 -0.00050063119 0)
(-2.2673753e-12 -0.00050063118 0)
(-2.248126e-12 -0.00050063118 0)
(-2.2392318e-12 -0.00050063118 0)
(-2.2359254e-12 -0.00050063118 0)
(-2.2355196e-12 -0.00050063118 0)
(-2.2365858e-12 -0.00050063118 0)
(-2.2384471e-12 -0.00050063118 0)
(-2.2408641e-12 -0.00050063118 0)
(-2.2438368e-12 -0.00050063119 0)
(-2.2474969e-12 -0.00050063119 0)
(-2.2520159e-12 -0.00050063119 0)
(-2.2574938e-12 -0.00050063119 0)
(-2.2637816e-12 -0.00050063119 0)
(-2.2701928e-12 -0.00050063119 0)
(-2.2750856e-12 -0.00050063119 0)
(-2.2752344e-12 -0.00050063119 0)
(-2.2652223e-12 -0.00050063119 0)
(-2.2371534e-12 -0.00050063119 0)
(-2.1811058e-12 -0.00050063119 0)
(-2.0870253e-12 -0.00050063119 0)
(-2.2626491e-12 -0.00050063117 0)
(-4.4360737e-12 -0.00050063118 0)
(-3.903958e-12 -0.00050063118 0)
(-3.3984469e-12 -0.00050063118 0)
(-2.9839154e-12 -0.00050063118 0)
(-2.687832e-12 -0.00050063118 0)
(-2.4932019e-12 -0.00050063118 0)
(-2.3739404e-12 -0.00050063118 0)
(-2.3050259e-12 -0.00050063118 0)
(-3.4074124e-12 -0.00050063118 0)
)
;
    }
    lens_bottom
    {
        type            calculated;
        value           nonuniform List<vector> 
30
(
(-1.5642631e-13 0.00050063119 0)
(-4.9864838e-13 0.00050063119 0)
(-9.3647156e-13 0.00050063119 0)
(-1.5608855e-12 0.00050063119 0)
(-2.5125003e-12 0.00050063119 0)
(-4.0197986e-12 0.00050063119 0)
(-6.4524391e-12 0.00050063119 0)
(-1.0405502e-11 0.0005006312 0)
(-1.683513e-11 0.0005006312 0)
(-2.7285623e-11 0.00050063122 0)
(-3.3666637e-11 0.00050063125 0)
(-3.4692715e-11 0.00050063129 0)
(-3.4630702e-11 0.00050063133 0)
(-3.4646468e-11 0.00050063136 0)
(-3.466608e-11 0.0005006314 0)
(-3.4672792e-11 0.00050063143 0)
(-3.4674547e-11 0.00050063146 0)
(-3.4675227e-11 0.0005006315 0)
(-3.4675557e-11 0.00050063153 0)
(-3.4675722e-11 0.00050063157 0)
(-3.4675854e-11 0.0005006316 0)
(-3.4676082e-11 0.00050063164 0)
(-3.4676624e-11 0.00050063167 0)
(-3.4677915e-11 0.00050063171 0)
(-3.4680744e-11 0.00050063174 0)
(-3.4686703e-11 0.00050063178 0)
(-3.4700236e-11 0.00050063181 0)
(-3.4709815e-11 0.00050063185 0)
(-3.4561955e-11 0.00050063188 0)
(-3.4473433e-11 0.00050063191 0)
)
;
    }
    lens_bottom_left
    {
        type            calculated;
        value           nonuniform List<vector> 
30
(
(2.7285623e-11 0.00050063122 0)
(1.683513e-11 0.0005006312 0)
(1.0405502e-11 0.0005006312 0)
(6.452438e-12 0.00050063119 0)
(4.0197973e-12 0.00050063119 0)
(2.5124993e-12 0.00050063119 0)
(1.560885e-12 0.00050063119 0)
(9.3647174e-13 0.00050063119 0)
(4.9864916e-13 0.00050063119 0)
(1.564274e-13 0.00050063119 0)
(3.4473434e-11 0.00050063191 0)
(3.4561955e-11 0.00050063188 0)
(3.4709815e-11 0.00050063185 0)
(3.4700236e-11 0.00050063181 0)
(3.4686703e-11 0.00050063178 0)
(3.4680744e-11 0.00050063174 0)
(3.4677916e-11 0.00050063171 0)
(3.4676624e-11 0.00050063167 0)
(3.4676083e-11 0.00050063164 0)
(3.4675854e-11 0.0005006316 0)
(3.4675722e-11 0.00050063157 0)
(3.4675558e-11 0.00050063153 0)
(3.4675228e-11 0.0005006315 0)
(3.4674548e-11 0.00050063146 0)
(3.4672793e-11 0.00050063143 0)
(3.4666081e-11 0.0005006314 0)
(3.4646469e-11 0.00050063136 0)
(3.4630703e-11 0.00050063133 0)
(3.4692715e-11 0.00050063129 0)
(3.3666637e-11 0.00050063125 0)
)
;
    }
    lens_right
    {
        type            calculated;
        value           uniform (0 0 0);
    }
    lens_left
    {
        type            calculated;
        value           uniform (0 0 0);
    }
    lens_top
    {
        type            calculated;
        value           nonuniform List<vector> 
30
(
(3.4467997e-17 -0.00050948321 0)
(1.0409795e-16 -0.00050948307 0)
(1.7582959e-16 -0.00050948278 0)
(2.5113101e-16 -0.00050948234 0)
(3.3157434e-16 -0.00050948173 0)
(4.1888488e-16 -0.00050948096 0)
(5.1499847e-16 -0.00050948 0)
(6.2213065e-16 -0.00050947882 0)
(7.4286246e-16 -0.00050947742 0)
(8.8024899e-16 -0.00050947574 0)
(1.0379596e-15 -0.00050947376 0)
(1.2204623e-15 -0.00050947143 0)
(1.4332695e-15 -0.00050946869 0)
(1.6832718e-15 -0.00050946548 0)
(1.9791978e-15 -0.0005094617 0)
(2.3322592e-15 -0.00050945725 0)
(2.7570698e-15 -0.000509452 0)
(3.2729885e-15 -0.00050944578 0)
(3.9060976e-15 -0.00050943837 0)
(4.6922905e-15 -0.0005094295 0)
(5.6818203e-15 -0.0005094188 0)
(6.9477531e-15 -0.00050940576 0)
(8.5956813e-15 -0.00050938971 0)
(1.0797932e-14 -0.00050936969 0)
(1.3786113e-14 -0.00050934423 0)
(1.8113618e-14 -0.00050931132 0)
(2.4060601e-14 -0.00050926691 0)
(3.4904873e-14 -0.00050920748 0)
(4.5672223e-14 -0.00050911307 0)
(5.9030141e-14 -0.00050900197 0)
)
;
    }
    lens_top_left
    {
        type            calculated;
        value           nonuniform List<vector> 
30
(
(-8.8024899e-16 -0.00050947574 0)
(-7.4286246e-16 -0.00050947742 0)
(-6.2213065e-16 -0.00050947882 0)
(-5.1499846e-16 -0.00050948 0)
(-4.1888488e-16 -0.00050948096 0)
(-3.3157434e-16 -0.00050948173 0)
(-2.5113101e-16 -0.00050948234 0)
(-1.7582959e-16 -0.00050948278 0)
(-1.0409795e-16 -0.00050948307 0)
(-3.4467996e-17 -0.00050948321 0)
(-5.9030141e-14 -0.00050900197 0)
(-4.5672223e-14 -0.00050911307 0)
(-3.4904873e-14 -0.00050920748 0)
(-2.4060601e-14 -0.00050926691 0)
(-1.8113618e-14 -0.00050931132 0)
(-1.3786113e-14 -0.00050934423 0)
(-1.0797932e-14 -0.00050936969 0)
(-8.5956813e-15 -0.00050938971 0)
(-6.9477531e-15 -0.00050940576 0)
(-5.6818203e-15 -0.0005094188 0)
(-4.6922905e-15 -0.0005094295 0)
(-3.9060976e-15 -0.00050943837 0)
(-3.2729885e-15 -0.00050944578 0)
(-2.7570698e-15 -0.000509452 0)
(-2.3322592e-15 -0.00050945725 0)
(-1.9791978e-15 -0.0005094617 0)
(-1.6832718e-15 -0.00050946548 0)
(-1.4332695e-15 -0.00050946869 0)
(-1.2204623e-15 -0.00050947143 0)
(-1.0379596e-15 -0.00050947376 0)
)
;
    }
    iris_bottom
    {
        type            calculated;
        value           nonuniform List<vector> 
60
(
(2.4512147e-12 0.00050063119 0)
(2.3719938e-12 0.00050063119 0)
(2.2345818e-12 0.00050063119 0)
(2.1888051e-12 0.00050063119 0)
(2.1788302e-12 0.00050063119 0)
(2.1853105e-12 0.00050063119 0)
(2.196769e-12 0.00050063119 0)
(2.2078803e-12 0.00050063119 0)
(2.2170482e-12 0.00050063119 0)
(2.224167e-12 0.00050063119 0)
(2.2295893e-12 0.00050063119 0)
(2.233742e-12 0.00050063119 0)
(2.2369853e-12 0.00050063118 0)
(2.2395497e-12 0.00050063118 0)
(2.2414799e-12 0.00050063118 0)
(2.2425422e-12 0.00050063118 0)
(2.2420474e-12 0.00050063118 0)
(2.2385499e-12 0.00050063118 0)
(2.2293585e-12 0.00050063118 0)
(2.2097702e-12 0.00050063118 0)
(2.1720075e-12 0.00050063118 0)
(2.1039636e-12 0.00050063118 0)
(1.9882171e-12 0.00050063118 0)
(1.8024256e-12 0.00050063118 0)
(1.5232276e-12 0.00050063118 0)
(1.1375203e-12 0.00050063118 0)
(6.6522543e-13 0.00050063118 0)
(1.8988714e-13 0.00050063118 0)
(-2.0005343e-13 0.00050063118 0)
(-1.214999e-13 0.00050063118 0)
(-2.20977e-12 0.00050063118 0)
(-2.2293577e-12 0.00050063118 0)
(-2.238549e-12 0.00050063118 0)
(-2.2420463e-12 0.00050063118 0)
(-2.2425413e-12 0.00050063118 0)
(-2.2414791e-12 0.00050063118 0)
(-2.2395491e-12 0.00050063118 0)
(-2.2369849e-12 0.00050063118 0)
(-2.2337417e-12 0.00050063119 0)
(-2.2295892e-12 0.00050063119 0)
(-2.2241668e-12 0.00050063119 0)
(-2.2170481e-12 0.00050063119 0)
(-2.2078803e-12 0.00050063119 0)
(-2.196769e-12 0.00050063119 0)
(-2.1853105e-12 0.00050063119 0)
(-2.1788302e-12 0.00050063119 0)
(-2.1888052e-12 0.00050063119 0)
(-2.2345821e-12 0.00050063119 0)
(-2.3719947e-12 0.00050063119 0)
(-2.4512166e-12 0.00050063119 0)
(2.0005339e-13 0.00050063118 0)
(-1.8988759e-13 0.00050063118 0)
(-6.6522635e-13 0.00050063118 0)
(-1.1375216e-12 0.00050063118 0)
(-1.5232291e-12 0.00050063118 0)
(-1.8024272e-12 0.00050063118 0)
(-1.9882184e-12 0.00050063118 0)
(-2.1039645e-12 0.00050063118 0)
(-2.1720078e-12 0.00050063118 0)
(1.2149997e-13 0.00050063118 0)
)
;
    }
    iris_pupil
    {
        type            calculated;
        value           nonuniform List<vector> 5((0.00048060595 -2.4048134e-12 0) (0.00048060595 -2.8045041e-12 0) (0.00048060595 -3.3648041e-12 0) (0.00048060594 -4.0948656e-12 0) (0.00048060593 -3.9734673e-12 0));
    }
    iris_pupil_left
    {
        type            calculated;
        value           nonuniform List<vector> 5((-0.00048060595 -2.4048204e-12 0) (-0.00048060595 -2.8045092e-12 0) (-0.00048060595 -3.3648074e-12 0) (-0.00048060594 -4.0948674e-12 0) (-0.00048060593 -3.9734681e-12 0));
    }
    iris_top
    {
        type            calculated;
        value           nonuniform List<vector> 
40
(
(-3.1279253e-11 -0.00050063126 0)
(-3.3976608e-11 -0.00050063129 0)
(-3.4545038e-11 -0.00050063133 0)
(-3.4659493e-11 -0.00050063136 0)
(-3.4678078e-11 -0.0005006314 0)
(-3.4678475e-11 -0.00050063143 0)
(-3.4676995e-11 -0.00050063146 0)
(-3.4676235e-11 -0.0005006315 0)
(-3.4675927e-11 -0.00050063153 0)
(-3.4675776e-11 -0.00050063157 0)
(-3.4675645e-11 -0.0005006316 0)
(-3.4675415e-11 -0.00050063164 0)
(-3.4674891e-11 -0.00050063167 0)
(-3.4673574e-11 -0.00050063171 0)
(-3.4670003e-11 -0.00050063174 0)
(-3.4660784e-11 -0.00050063178 0)
(-3.4641568e-11 -0.00050063181 0)
(-3.4597234e-11 -0.00050063185 0)
(-3.4391995e-11 -0.00050063188 0)
(-3.3017343e-11 -0.00050063192 0)
(-3.1495015e-11 -0.00050063195 0)
(-2.9985972e-11 -0.00050063197 0)
(-2.9421822e-11 -0.000500632 0)
(-2.9051744e-11 -0.00050063202 0)
(-2.8701434e-11 -0.00050063204 0)
(-2.83218e-11 -0.00050063207 0)
(-2.791715e-11 -0.00050063209 0)
(-2.7641106e-11 -0.00050063212 0)
(-2.9420082e-11 -0.00050063214 0)
(-1.8295294e-11 -0.00050063219 0)
(2.9420083e-11 -0.00050063214 0)
(2.7641105e-11 -0.00050063212 0)
(2.7917149e-11 -0.00050063209 0)
(2.8321801e-11 -0.00050063207 0)
(2.8701434e-11 -0.00050063204 0)
(2.9051744e-11 -0.00050063202 0)
(2.9421822e-11 -0.000500632 0)
(2.9985972e-11 -0.00050063197 0)
(3.1495016e-11 -0.00050063195 0)
(1.8295294e-11 -0.00050063219 0)
)
;
    }
    tm_limbus_wall
    {
        type            calculated;
        value           nonuniform List<vector> 4((1.2855686e-11 -0.00050063112 0) (1.2016059e-11 0.00050063112 0) (-1.2855686e-11 -0.00050063112 0) (-1.2016058e-11 0.00050063112 0));
    }
    ac_inlet
    {
        type            calculated;
        value           uniform (0 0 0);
    }
    ac_inlet_left
    {
        type            calculated;
        value           uniform (0 0 0);
    }
    outlet_tm
    {
        type            calculated;
        value           uniform (0 0 0);
    }
    outlet_tm_left
    {
        type            calculated;
        value           uniform (0 0 0);
    }
    front
    {
        type            empty;
    }
    back
    {
        type            empty;
    }
    defaultFaces
    {
        type            calculated;
        value           uniform (0 0 0);
    }
    needle_int_inlet_master
    {
        type            calculated;
        value           uniform (0 0 0);
    }
    needle_int_inlet_slave
    {
        type            calculated;
        value           uniform (0 0 0);
    }
    needle_int_outlet_master
    {
        type            calculated;
        value           uniform (0 0 0);
    }
    needle_int_outlet_slave
    {
        type            calculated;
        value           uniform (0 0 0);
    }
}


// ************************************************************************* //
