/*--------------------------------*- C++ -*----------------------------------*\
| =========                 |                                                 |
| \\      /  F ield         | OpenFOAM: The Open Source CFD Toolbox           |
|  \\    /   O peration     | Version:  2512                                  |
|   \\  /    A nd           | Website:  www.openfoam.com                      |
|    \\/     M anipulation  |                                                 |
\*---------------------------------------------------------------------------*/
FoamFile
{
    version     2.0;
    format      ascii;
    arch        "LSB;label=32;scalar=64";
    class       volSymmTensorField;
    location    "3.7";
    object      sigma;
}
// * * * * * * * * * * * * * * * * * * * * * * * * * * * * * * * * * * * * * //

dimensions      [1 -1 -2 0 0 0 0];

internalField   nonuniform List<symmTensor> 
200
(
(-1374.3745 1240.6549 1.4771082e-13 8051.7659 -1.4771082e-13 1571.1509)
(879.89842 2477.4978 -7.3855412e-13 6430.5947 -8.8626494e-13 1720.116)
(633.79346 2078.3253 0 3916.9097 -7.3855412e-14 1070.7537)
(380.2755 1820.7433 7.3855412e-14 2231.0421 -5.5391559e-14 614.42767)
(100.13619 1674.0755 -3.6927706e-14 813.77997 9.2319265e-15 215.0391)
(-191.84315 1607.3381 0 -529.68425 4.9044609e-15 -169.77115)
(-483.27218 1615.5477 0 -1928.0379 -3.6927706e-14 -567.36708)
(-761.12658 1719.2451 -7.3855412e-14 -3552.59 1.8463853e-14 -1014.9921)
(-1037.0341 1944.8654 3.6927706e-14 -5853.095 -2.2156624e-13 -1621.2068)
(588.20469 871.8161 7.3855412e-14 -7373.5665 0 -1596.5557)
(-1349.3 771.71842 1.7725299e-12 7255.385 -5.9084329e-13 1389.6671)
(-656.53621 1790.8167 -1.6248191e-12 5855.9718 -3.9881922e-12 1223.3966)
(-221.34999 2081.5375 0 4051.4327 4.4313247e-13 901.19593)
(-112.79307 2080.7344 4.4313247e-13 2391.956 7.3855412e-14 536.27363)
(-147.57777 2025.9508 4.4313247e-13 916.28572 1.8463853e-13 180.87246)
(-233.03502 1973.6522 4.4313247e-13 -491.45281 -2.7118784e-14 -170.46773)
(-300.24619 1926.0107 1.4771082e-13 -1946.3514 0 -528.61119)
(-266.87935 1838.4111 0 -3561.5862 0 -900.81544)
(19.659521 1525.4545 7.3855412e-13 -5335.7996 0 -1250.8565)
(491.38187 645.3572 0 -6899.8523 -5.9084329e-13 -1507.8754)
(-1485.9808 517.05992 -8.8626494e-13 6397.2083 1.1816866e-12 1155.583)
(-1110.5281 1397.1927 -1.4771082e-12 5277.3673 -3.8404814e-12 980.43276)
(-723.62727 1884.8359 2.9542165e-13 3837.8033 0 732.74731)
(-477.94991 2087.0292 0 2366.5136 0 444.36793)
(-347.27606 2139.6798 -2.9542165e-13 951.9145 0 142.26787)
(-266.4661 2108.6961 -8.8626494e-13 -431.1055 -2.2502821e-14 -164.13449)
(-170.95577 2000.4442 0 -1837.8159 -3.6927706e-14 -472.65215)
(2.1447854 1765.9736 -2.9542165e-13 -3305.3242 -1.4771082e-13 -777.21867)
(286.33466 1295.1571 0 -4788.5505 -2.9542165e-13 -1059.3449)
(580.93553 482.14059 -2.9542165e-13 -6088.5612 2.9542165e-13 -1295.9119)
(-1459.8039 428.80339 5.9084329e-13 5716.5187 -1.1816866e-12 1001.58)
(-1234.8264 1177.9651 -4.1359031e-12 4707.655 -4.7267464e-12 817.13615)
(-942.05481 1698.4515 -1.1816866e-12 3503.9461 -8.8626494e-13 602.79795)
(-682.32333 1990.6287 1.1816866e-12 2222.245 -2.9542165e-13 362.33452)
(-476.19635 2110.2492 0 930.51863 7.3855412e-14 106.89936)
(-300.36343 2097.2474 2.9542165e-13 -358.84852 -4.8467614e-14 -155.1087)
(-119.72252 1957.1304 2.9542165e-13 -1656.1091 1.4771082e-13 -417.84274)
(93.450019 1660.6836 -2.9542165e-13 -2960.595 5.9084329e-13 -674.62234)
(334.16085 1157.5641 1.4771082e-12 -4231.0383 0 -916.91234)
(534.62212 426.02991 -1.7725299e-12 -5383.8423 -5.9084329e-13 -1140.993)
(-1409.1485 383.37849 5.9084329e-13 5069.7919 1.1816866e-12 861.32786)
(-1244.6301 1048.1163 -1.7725299e-12 4172.3383 -5.9084329e-12 688.87252)
(-1016.7666 1547.1422 0 3140.9174 -2.9542165e-13 499.80019)
(-775.92034 1862.435 5.9084329e-13 2027.3297 -4.4313247e-13 294.44927)
(-547.30931 2010.4297 -1.7725299e-12 877.03165 1.4771082e-13 77.581728)
(-330.8235 2008.8349 1.1816866e-12 -286.04853 -5.0775596e-14 -145.14636)
(-116.09237 1860.5071 1.7725299e-12 -1449.6682 -2.2156624e-13 -368.41426)
(102.23061 1551.6218 -5.9084329e-13 -2596.9878 -4.4313247e-13 -587.0017)
(310.54571 1062.3528 -5.9084329e-13 -3694.7039 0 -796.27253)
(473.05674 390.38779 0 -4698.4375 1.1816866e-12 -994.20724)
(-1350.5738 353.57156 1.1816866e-12 4461.8923 1.7725299e-12 732.07494)
(-1216.2961 956.60594 -1.7725299e-12 3675.4025 -5.3175897e-12 578.61327)
(-1026.849 1419.8667 1.7725299e-12 2785.8564 -2.9542165e-13 413.88408)
(-808.14533 1727.426 0 1820.215 -5.9084329e-13 238.13404)
(-580.80567 1880.5375 0 810.37945 1.4771082e-13 54.01736)
(-354.2915 1884.618 -3.5450598e-12 -217.90503 9.2319265e-15 -134.63448)
(-132.17212 1740.2417 -1.1816866e-12 -1243.5341 -2.9542165e-13 -323.69558)
(79.68788 1441.4819 -1.1816866e-12 -2243.7135 0 -509.1825)
(266.82495 981.32216 -3.5450598e-12 -3189.7851 -5.9084329e-13 -687.75534)
(407.59526 361.21125 -1.1816866e-12 -4051.4219 5.9084329e-13 -857.37098)
(-1292.4777 328.17984 0 3892.6999 5.9084329e-13 611.81699)
(-1175.9115 880.1956 -3.5450598e-12 3216.6735 -7.6809628e-12 480.17929)
(-1009.8394 1305.231 3.5450598e-12 2452.4442 -1.7725299e-12 339.43643)
(-809.90654 1592.7353 -7.0901195e-12 1618.9903 0 190.37266)
(-592.53606 1739.4798 3.5450598e-12 741.38139 -4.4313247e-13 35.022431)
(-370.30524 1745.4804 0 -155.56196 -3.6927706e-14 -123.73346)
(-153.13954 1609.9462 2.3633732e-12 -1048.1359 1.4771082e-13 -282.65304)
(48.184904 1330.2505 -1.1816866e-12 -1911.9041 1.1816866e-12 -438.52215)
(219.52106 904.1501 -1.1816866e-12 -2720.5652 -2.9542165e-13 -588.48096)
(344.70827 333.12729 1.1816866e-12 -3448.1831 -1.1816866e-12 -730.22938)
(-1237.2047 303.27903 0 3363.8027 1.1816866e-12 500.37598)
(-1133.091 808.67373 0 2795.1627 -1.0044336e-11 391.0757)
(-982.60644 1196.1419 0 2145.1754 0 273.54564)
(-797.75962 1459.5025 3.5450598e-12 1431.2061 0 149.04623)
(-592.52812 1595.0673 0 675.36936 4.4313247e-13 19.492056)
(-380.14118 1601.0059 0 -98.726765 9.2319265e-14 -112.67481)
(-172.93254 1475.9171 -1.1816866e-12 -867.14935 -7.3855412e-13 -244.72515)
(16.466293 1218.3712 3.5450598e-12 -1605.4645 5.9084329e-13 -373.88192)
(174.25366 827.706 3.5450598e-12 -2288.6485 -2.9542165e-12 -497.50468)
(286.161 304.99891 1.1816866e-12 -2892.1026 2.9542165e-12 -613.16273)
(-1185.4738 277.41934 -7.0901195e-12 2876.6612 1.1816866e-12 397.92646)
(-1091.3306 737.75708 1.1816866e-12 2410.1181 -5.9084329e-12 310.30295)
(-952.39481 1088.8035 2.3633732e-12 1865.0715 5.9084329e-13 214.74746)
(-779.80623 1327.2514 1.1816866e-12 1259.5036 0 112.86996)
(-586.41515 1450.1263 4.7267464e-12 614.56795 2.9542165e-13 6.6241864)
(-385.36604 1455.2679 3.5450598e-12 -46.969173 -7.3855412e-14 -101.72593)
(-189.66912 1341.105 0 -701.63218 5.9084329e-13 -209.71795)
(-12.449787 1106.5944 -1.1816866e-12 -1325.528 -2.9542165e-13 -314.8183)
(132.81825 751.53496 4.7267464e-12 -1894.5179 -1.7725299e-12 -414.51757)
(232.57151 276.80144 7.0901195e-12 -2384.5931 -1.1816866e-12 -506.35802)
(-1137.2863 250.09539 -3.5450598e-12 2432.596 0 304.77875)
(-1051.6734 665.7371 -2.3633732e-12 2061.0886 -7.6809628e-12 237.50948)
(-922.01119 981.34637 -1.1816866e-12 1611.9384 -5.9084329e-13 162.33583)
(-759.62787 1195.3231 2.3633732e-12 1104.3822 0 81.118662)
(-577.01301 1305.5085 3.5450598e-12 559.57003 2.9542165e-13 -4.1042315)
(-387.12214 1309.906 -1.1816866e-12 -0.15372645 0 -91.123734)
(-202.99486 1206.9478 -1.1816866e-12 -551.84256 1.4771082e-13 -177.60881)
(-37.687177 995.68111 1.1816866e-12 -1072.2753 0 -261.16765)
(95.713032 676.00611 -1.1816866e-12 -1538.1222 -5.9084329e-13 -339.39039)
(184.11382 248.8082 -1.1816866e-12 -1925.9924 -5.9084329e-13 -409.85378)
(-1092.2534 221.13449 2.3633732e-12 2032.6887 1.1816866e-12 221.27887)
(-1014.0724 591.99682 0 1747.8055 -7.0901195e-12 172.64308)
(-892.19785 872.92923 0 1385.2011 1.1816866e-12 116.00077)
(-738.48044 1063.2597 4.7267464e-12 965.4495 0 53.404485)
(-565.44693 1161.4138 -7.0901195e-12 510.13589 4.4313247e-13 -13.014363)
(-385.94592 1165.5982 4.7267464e-12 41.500594 7.3855412e-14 -81.045958)
(-212.8666 1074.2425 0 -417.93533 2.9542165e-13 -148.42398)
(-58.992453 886.32878 0 -845.62893 5.9084329e-13 -212.85209)
(63.064748 601.70004 -2.3633732e-12 -1219.1278 0 -272.01484)
(140.81366 221.33781 4.7267464e-12 -1515.9519 -1.7725299e-12 -323.56193)
(-1049.6861 190.4659 0 1677.7776 2.3633732e-12 147.78623)
(-977.94108 516.38324 2.3633732e-12 1470.0621 -8.8626494e-12 115.79319)
(-862.73566 763.25101 -7.0901195e-12 1184.1817 5.9084329e-13 75.634368)
(-716.4632 930.84884 2.3633732e-12 841.95429 -2.9542165e-13 29.527316)
(-551.88182 1017.9071 -4.7267464e-12 465.59961 0 -20.301696)
(-381.846 1022.7017 2.3633732e-12 77.47366 -3.6927706e-14 -71.617022)
(-219.10041 943.55256 0 -300.19293 1.4771082e-13 -122.18667)
(-76.131926 779.217 -4.7267464e-12 -645.50318 -2.9542165e-13 -169.7965)
(34.987094 529.28647 4.7267464e-12 -937.01773 0 -212.2425)
(102.65583 194.73018 -7.0901195e-12 -1153.6283 0 -247.28765)
(-1008.5996 158.06655 -7.0901195e-12 1368.4654 1.1816866e-12 84.674324)
(-942.40819 439.00456 9.4534927e-12 1227.6228 -8.8626494e-12 67.109321)
(-833.00903 652.3325 0 1008.185 1.1816866e-12 41.217882)
(-693.17586 798.088 2.3633732e-12 733.01673 -5.9084329e-13 9.3743227)
(-536.01951 875.08405 -2.3633732e-12 425.08066 2.9542165e-13 -26.103258)
(-374.4991 881.48293 0 107.01426 -3.6927706e-14 -62.937609)
(-221.27959 815.35793 4.7267464e-12 -199.0973 -2.9542165e-13 -98.912209)
(-88.661987 675.06109 2.3633732e-12 -471.91194 5.9084329e-13 -131.89975)
(11.749868 459.58372 2.3633732e-12 -691.12696 5.9084329e-13 -159.85343)
(69.631938 169.41055 2.3633732e-12 -837.6988 1.7725299e-12 -180.72161)
(-967.6255 124.02776 2.3633732e-12 1105.0536 1.1816866e-12 32.336013)
(-906.52715 360.29388 4.7267464e-12 1020.1495 -8.2718061e-12 26.734682)
(-802.39515 540.46391 2.3633732e-12 856.55963 1.1816866e-12 12.744582)
(-668.15644 665.14822 -4.7267464e-12 637.76692 0 -7.1504743)
(-517.5022 733.09768 -2.3633732e-12 387.62932 0 -30.558326)
(-363.54407 742.13702 4.7267464e-12 129.22166 0 -55.134686)
(-218.86494 690.01019 -4.7267464e-12 -115.36169 -1.4771082e-13 -78.64156)
(-95.831631 574.57497 2.3633732e-12 -325.08167 5.9084329e-13 -99.038423)
(-6.0443843 393.67741 2.3633732e-12 -480.67597 -1.1816866e-12 -114.52244)
(41.769279 146.02923 4.7267464e-12 -566.18979 -1.7725299e-12 -123.39306)
(-924.9311 88.931583 -4.7267464e-12 886.80124 -1.1816866e-12 -8.9717319)
(-869.62457 281.28149 0 847.14102 -9.4534927e-12 -5.2902465)
(-770.64199 428.19801 -2.3633732e-12 728.83612 1.1816866e-12 -9.8366756)
(-641.19806 532.34679 1.1816866e-11 555.48787 0 -20.167104)
(-496.30272 592.17669 -4.7267464e-12 352.38644 2.9542165e-13 -33.862653)
(-349.05796 604.71573 4.7267464e-12 143.20105 0 -48.436919)
(-211.57491 567.46203 4.7267464e-12 -49.919686 -7.3855412e-13 -61.52814)
(-96.582941 478.16937 2.3633732e-12 -205.66257 -2.9542165e-13 -71.11659)
(-17.111596 333.0004 2.3633732e-12 -304.87242 -5.9084329e-13 -75.760945)
(19.150046 125.764 0 -335.83791 5.9084329e-13 -74.51479)
(-876.82906 54.442454 2.3633732e-12 710.69623 2.3633732e-12 -39.090079)
(-832.07831 204.02055 -2.3633732e-12 707.83281 -8.2718061e-12 -29.234236)
(-738.10219 316.11538 0 625.02843 5.9084329e-13 -26.60559)
(-612.37312 400.12257 0 485.71484 5.9084329e-13 -29.80195)
(-473.0929 452.83548 2.3633732e-12 318.77131 8.8626494e-13 -36.310964)
(-332.39186 469.15543 -2.3633732e-12 148.45532 -7.3855412e-14 -43.279187)
(-200.42897 446.7176 4.7267464e-12 -3.6779026 2.9542165e-13 -48.025147)
(-90.039615 384.96828 9.4534927e-12 -115.06711 -2.9542165e-13 -48.260406)
(-18.870201 279.06466 2.3633732e-12 -163.13919 -2.9542165e-12 -42.82574)
(1.449023 110.98717 4.7267464e-12 -139.95839 -5.9084329e-13 -32.59044)
(-816.70498 26.876344 4.7267464e-12 555.11231 1.1816866e-12 -61.551215)
(-795.08208 130.57103 7.0901195e-12 600.63438 -8.2718061e-12 -45.752402)
(-704.31512 203.48667 -2.3633732e-12 545.72608 0 -37.315069)
(-581.11247 269.13653 0 427.75823 0 -36.083351)
(-449.49428 316.73311 -2.3633732e-12 286.52838 0 -38.344917)
(-317.50468 335.9162 0 145.84762 0 -40.389898)
(-190.32177 325.21537 -4.7267464e-12 23.681355 1.4771082e-13 -39.20951)
(-78.378823 290.26934 1.4180239e-11 -55.500538 5.9084329e-13 -31.501026)
(-8.1275977 231.22091 -4.7267464e-12 -55.44166 0 -14.957472)
(-13.500282 107.61671 2.3633732e-12 42.479172 1.1816866e-12 6.8185623)
(-702.81111 18.189281 -2.3633732e-12 369.14067 0 -78.510691)
(-753.30421 59.29628 2.3633732e-12 521.17658 -1.0635179e-11 -54.618264)
(-660.15763 86.113554 7.0901195e-12 490.65297 1.1816866e-12 -39.883451)
(-544.33824 142.13526 2.3633732e-12 378.24624 0 -39.08047)
(-428.56022 189.09839 4.7267464e-12 255.34249 0 -40.757113)
(-312.16277 208.29971 0 139.53789 7.3855412e-14 -40.617619)
(-194.41372 200.00567 7.0901195e-12 37.721126 2.9542165e-13 -36.868846)
(-78.362851 181.23524 4.7267464e-12 -27.3693 2.9542165e-13 -24.878153)
(8.0066774 178.51389 7.0901195e-12 19.828876 -3.5450598e-12 6.549542)
(-56.429253 123.27531 7.0901195e-12 269.31892 5.9084329e-13 50.091686)
(-463.93863 88.193115 9.4534927e-12 -242.37147 -2.3633732e-12 -166.19061)
(-596.29103 -55.342436 4.7267464e-12 452.11776 -9.4534927e-12 -33.923121)
(-563.03829 -41.816494 0 438.93732 -1.1816866e-12 -29.200227)
(-498.80373 31.113893 -4.7267464e-12 323.49814 -5.9084329e-13 -41.248374)
(-416.95771 81.867033 4.7267464e-12 224.29856 0 -45.331565)
(-325.81283 96.346059 0 138.72252 0 -44.021249)
(-233.70634 76.688329 4.7267464e-12 58.631228 -4.4313247e-13 -41.194144)
(-150.80354 40.467467 4.7267464e-12 -8.2177342 -2.9542165e-13 -37.41677)
(-91.321356 60.035591 0 69.328424 5.9084329e-13 -5.1748074)
(-176.88361 209.4594 -9.4534927e-12 885.49325 1.7725299e-12 166.73168)
(1272.0174 -49.435883 0 -1237.7386 -1.1816866e-12 8.0656024)
(214.5454 -233.03373 0 270.35222 -1.1816866e-11 114.09356)
(-393.99675 -87.324355 0 289.72124 0 -24.535415)
(-475.48007 -18.785295 -4.7267464e-12 252.14612 0 -52.549163)
(-434.20692 13.561978 0 198.41907 2.9542165e-13 -55.479495)
(-356.28229 18.439707 9.4534927e-12 150.53746 0 -48.410549)
(-302.09384 -2.6766538 -9.4534927e-12 111.04669 0 -44.952271)
(-352.49915 -53.119712 4.7267464e-12 112.34667 0 -56.506465)
(-870.14397 -178.58766 -4.7267464e-12 208.04252 -1.1816866e-12 -155.78858)
(-1699.3117 0.63547205 -9.4534927e-12 1732.0993 0 7.7147206)
)
;

boundaryField
{
    bottom
    {
        type            calculated;
        value           nonuniform List<symmTensor> 10((-882.41537 2717.5775 0 10476.522 0 2257.437) (1761.3369 2599.5513 0 5724.3451 0 1761.3369) (1094.1341 1882.0463 0 3555.9358 0 1094.1341) (630.88373 1562.0637 0 2050.3721 0 630.88373) (225.8831 1403.9257 0 734.12006 0 225.8831) (-163.71867 1335.1955 0 -532.08568 0 -163.71867) (-566.20325 1348.9278 0 -1840.1606 0 -566.20325) (-1019.5688 1497.9882 0 -3313.5986 0 -1019.5688) (-1640.4609 1969.6716 0 -5331.4978 0 -1640.4609) (172.73964 1883.3918 0 -9403.004 0 -2171.8269));
    }
    interface
    {
        type            calculated;
        value           nonuniform List<symmTensor> 
50
(
(-1810.5409 13.419981 0 8700.2914 0 1621.1178)
(-1704.1956 9.7167021 0 7742.5256 0 1420.7835)
(-1608.0081 10.283788 0 6834.9728 0 1229.8741)
(-1536.4056 11.182329 0 6156.0854 0 1086.9835)
(-1465.3664 11.987087 0 5480.0769 0 944.63776)
(-1397.0763 12.483038 0 4828.0632 0 807.29104)
(-1332.3169 12.503606 0 4208.331 0 676.7092)
(-1271.5962 11.906402 0 3627.532 0 554.33785)
(-1215.08 10.552783 0 3089.8647 0 441.1258)
(-1162.6489 8.2961746 0 2598.2493 0 337.78832)
(-1113.9267 4.9846417 0 2154.7592 0 244.90175)
(-1068.2753 0.44988754 0 1760.9075 0 162.9723)
(-1024.7525 -5.5108959 0 1417.8146 0 92.485198)
(-982.00639 -13.175085 0 1126.1839 0 33.924111)
(-937.89279 -22.979782 0 885.06325 0 -12.430479)
(-888.80623 -35.30724 0 689.08306 0 -46.993686)
(-825.46058 -53.430504 0 497.98839 0 -77.052279)
(-721.83365 -68.865643 0 204.20693 0 -121.79452)
(-501.44841 -119.27064 0 -943.21091 0 -339.91984)
(-6.4208964 -106.58579 0 -3274.8524 0 -772.06431)
(3431.0334 88.409197 0 161.76375 0 845.36402)
(933.69069 11.494475 0 259.73931 0 280.80706)
(-266.09498 -10.17927 0 265.55696 0 -0.12659388)
(-470.73003 -10.035671 0 233.59743 0 -55.795906)
(-452.36159 -11.479643 0 192.71632 0 -61.093003)
(-376.09064 -11.726293 0 153.26298 0 -52.430037)
(-346.49229 -11.440732 0 123.4546 0 -52.479457)
(-519.61659 -10.681277 0 118.18535 0 -94.45441)
(-1578.529 -9.2673732 0 209.71706 0 -322.07339)
(-3655.0504 -6.6641076 0 413.68228 0 -762.67485)
(826.59115 0.14515801 0 -7960.0506 0 -1678.461)
(781.96264 0.11840884 0 -7535.6901 0 -1589.1124)
(690.01673 0.056227018 0 -6661.0614 0 -1404.9517)
(611.94244 -0.064614261 0 -5918.3591 0 -1248.5686)
(533.46966 -0.22778565 0 -5172.2824 0 -1091.4853)
(458.4008 -0.41312221 0 -4459.1003 0 -941.34107)
(387.94728 -0.59862406 0 -3790.4327 0 -800.5848)
(322.78419 -0.75940836 0 -3172.7793 0 -670.58708)
(263.19038 -0.86660991 0 -2608.831 0 -551.91544)
(209.25683 -0.8872493 0 -2099.404 0 -444.74051)
(160.97731 -0.78572679 0 -1644.2443 0 -349.00399)
(118.29421 -0.52733903 0 -1242.3986 0 -264.49514)
(81.106395 -0.085076156 0 -892.26087 0 -190.85988)
(49.230608 0.56523661 0 -591.27628 0 -127.54016)
(22.284153 1.4298177 0 -334.68604 0 -73.506325)
(-0.82174426 2.4973666 0 -111.02573 0 -26.317052)
(-24.18782 3.7564732 0 119.82916 0 22.503844)
(-60.676786 5.1937388 0 480.49518 0 98.780799)
(-179.65362 6.8310935 0 1628.8487 0 340.98708)
(-394.74901 7.9620745 0 3695.8613 0 776.7323)
)
;
    }
    frontAndBack
    {
        type            empty;
    }
}


// ************************************************************************* //
