/*--------------------------------*- C++ -*----------------------------------*\
| =========                 |                                                 |
| \\      /  F ield         | OpenFOAM: The Open Source CFD Toolbox           |
|  \\    /   O peration     | Version:  2512                                  |
|   \\  /    A nd           | Website:  www.openfoam.com                      |
|    \\/     M anipulation  |                                                 |
\*---------------------------------------------------------------------------*/
FoamFile
{
    version     2.0;
    format      ascii;
    arch        "LSB;label=32;scalar=64";
    class       volVectorField;
    location    "11.4";
    object      Force;
}
// * * * * * * * * * * * * * * * * * * * * * * * * * * * * * * * * * * * * * //

dimensions      [1 1 -2 0 0 0 0];

internalField   uniform (0 0 0);

boundaryField
{
    needle_inlet_left
    {
        type            calculated;
        value           uniform (0 0 0);
    }
    needle_inlet_right
    {
        type            calculated;
        value           uniform (0 0 0);
    }
    needle_outlet_left
    {
        type            calculated;
        value           uniform (0 0 0);
    }
    needle_outlet_right
    {
        type            calculated;
        value           uniform (0 0 0);
    }
    sclera_left_lower
    {
        type            calculated;
        value           nonuniform List<vector> 7((-0.00040050497 -5.5922035e-12 0) (-0.00030037873 3.3895939e-12 0) (-0.00030037872 1.2181964e-12 0) (-0.00041051758 4.4578337e-13 0) (-0.00041051758 2.5534119e-13 0) (-0.00041051758 1.5593935e-13 0) (-0.00041051758 -8.6789875e-15 0));
    }
    sclera_left_upper
    {
        type            calculated;
        value           nonuniform List<vector> 
29
(
(-0.00050161949 3.3877552e-12 0)
(-0.00049804195 1.3667889e-12 0)
(-0.00049493128 1.0120414e-12 0)
(-0.0004932724 6.1734492e-13 0)
(-0.00049213101 4.2688522e-13 0)
(-0.0004913772 2.9389874e-13 0)
(-0.00049084781 2.0985824e-13 0)
(-0.00049047055 1.5225372e-13 0)
(-0.00049019499 1.1260667e-13 0)
(-0.00048999029 8.4502685e-14 0)
(-0.00052481873 6.8345099e-14 0)
(-0.00052468475 5.1819336e-14 0)
(-0.00052458432 3.9849295e-14 0)
(-0.00052450592 3.1017415e-14 0)
(-0.00052444461 2.441497e-14 0)
(-0.00052439512 1.9406574e-14 0)
(-0.00052435748 1.5559742e-14 0)
(-0.00049956695 1.202321e-14 0)
(-0.00049954388 9.8477074e-15 0)
(-0.00049952497 8.0859717e-15 0)
(-0.00049950944 6.6425109e-15 0)
(-0.00049949669 5.4424738e-15 0)
(-0.00049948629 4.430388e-15 0)
(-0.00049947786 3.5610924e-15 0)
(-0.00049947115 2.80759e-15 0)
(-0.00048927143 1.8921391e-15 0)
(-0.00048926812 1.3144472e-15 0)
(-0.00048926596 7.7575973e-16 0)
(-0.0004892649 1.1488835e-16 0)
)
;
    }
    sclera_right
    {
        type            calculated;
        value           nonuniform List<vector> 7((0.00040050497 -5.5922036e-12 0) (0.00030037873 3.3895948e-12 0) (0.00030037872 1.2181975e-12 0) (0.00041051758 4.4578476e-13 0) (0.00041051758 2.5534195e-13 0) (0.00041051758 1.5593959e-13 0) (0.00041051758 -8.6789856e-15 0));
    }
    sclera_right_upper
    {
        type            calculated;
        value           nonuniform List<vector> 
29
(
(0.00050161949 3.3877552e-12 0)
(0.00049804195 1.3667889e-12 0)
(0.00049493128 1.0120414e-12 0)
(0.0004932724 6.1734492e-13 0)
(0.00049213101 4.2688522e-13 0)
(0.0004913772 2.9389874e-13 0)
(0.00049084781 2.0985824e-13 0)
(0.00049047055 1.5225372e-13 0)
(0.00049019499 1.1260667e-13 0)
(0.00048999029 8.4502685e-14 0)
(0.00052481873 6.8345099e-14 0)
(0.00052468475 5.1819336e-14 0)
(0.00052458432 3.9849295e-14 0)
(0.00052450592 3.1017415e-14 0)
(0.00052444461 2.441497e-14 0)
(0.00052439512 1.9406574e-14 0)
(0.00052435748 1.5559742e-14 0)
(0.00049956695 1.202321e-14 0)
(0.00049954388 9.8477074e-15 0)
(0.00049952497 8.0859717e-15 0)
(0.00049950944 6.6425109e-15 0)
(0.00049949669 5.4424738e-15 0)
(0.00049948629 4.430388e-15 0)
(0.00049947786 3.5610924e-15 0)
(0.00049947115 2.80759e-15 0)
(0.00048927143 1.8921391e-15 0)
(0.00048926812 1.3144472e-15 0)
(0.00048926596 7.7575973e-16 0)
(0.0004892649 1.1488835e-16 0)
)
;
    }
    sclera_top
    {
        type            calculated;
        value           nonuniform List<vector> 
80
(
(-3.0524444e-17 0.00050949902 0)
(-9.2003426e-17 0.00050949915 0)
(-1.5477447e-16 0.0005094994 0)
(-2.1970533e-16 0.00050949979 0)
(-2.8767228e-16 0.00050950031 0)
(-3.5956188e-16 0.00050950098 0)
(-4.3627075e-16 0.0005095018 0)
(-5.1870267e-16 0.00050950279 0)
(-6.0776262e-16 0.00050950395 0)
(-7.0434612e-16 0.0005095053 0)
(-8.0932364e-16 0.00050950686 0)
(-9.2351824e-16 0.00050950865 0)
(-1.0476756e-15 0.00050951069 0)
(-1.1824252e-15 0.00050951299 0)
(-1.3282304e-15 0.00050951558 0)
(-1.4853286e-15 0.00050951848 0)
(-1.6536582e-15 0.00050952172 0)
(-1.8327739e-15 0.00050952532 0)
(-2.0217516e-15 0.00050952929 0)
(-2.2190845e-15 0.00050953367 0)
(-2.4225749e-15 0.00050953846 0)
(-2.629229e-15 0.00050954367 0)
(-2.8351642e-15 0.00050954931 0)
(-3.0355401e-15 0.00050955537 0)
(-3.22453e-15 0.00050956183 0)
(-3.3953497e-15 0.00050956866 0)
(-3.5403608e-15 0.00050957582 0)
(-3.6512668e-15 0.00050958325 0)
(-3.7194122e-15 0.00050959085 0)
(-3.7361903e-15 0.00050959855 0)
(-3.6935498e-15 0.00050960622 0)
(-3.5845792e-15 0.00050961374 0)
(-3.4041275e-15 0.00050962095 0)
(-3.1494072e-15 0.00050962772 0)
(-2.8205153e-15 0.00050963388 0)
(-2.4208039e-15 0.0005096393 0)
(-1.9570395e-15 0.00050964382 0)
(-1.4393093e-15 0.00050964732 0)
(-8.8065487e-16 0.00050964972 0)
(-1.620134e-16 0.00050965094 0)
(7.0434612e-16 0.0005095053 0)
(6.0776262e-16 0.00050950395 0)
(5.1870267e-16 0.00050950279 0)
(4.3627074e-16 0.0005095018 0)
(3.5956188e-16 0.00050950098 0)
(2.8767228e-16 0.00050950031 0)
(2.1970533e-16 0.00050949979 0)
(1.5477446e-16 0.0005094994 0)
(9.2003424e-17 0.00050949915 0)
(3.0524442e-17 0.00050949902 0)
(3.7361903e-15 0.00050959855 0)
(3.7194122e-15 0.00050959085 0)
(3.6512668e-15 0.00050958325 0)
(3.5403608e-15 0.00050957582 0)
(3.3953497e-15 0.00050956866 0)
(3.22453e-15 0.00050956183 0)
(3.0355401e-15 0.00050955537 0)
(2.8351642e-15 0.00050954931 0)
(2.629229e-15 0.00050954367 0)
(2.4225749e-15 0.00050953846 0)
(2.2190845e-15 0.00050953367 0)
(2.0217516e-15 0.00050952929 0)
(1.8327739e-15 0.00050952532 0)
(1.6536582e-15 0.00050952172 0)
(1.4853286e-15 0.00050951848 0)
(1.3282304e-15 0.00050951558 0)
(1.1824252e-15 0.00050951299 0)
(1.0476756e-15 0.00050951069 0)
(9.2351824e-16 0.00050950865 0)
(8.0932364e-16 0.00050950686 0)
(8.8065487e-16 0.00050964972 0)
(1.4393093e-15 0.00050964732 0)
(1.9570395e-15 0.00050964382 0)
(2.4208039e-15 0.0005096393 0)
(2.8205153e-15 0.00050963388 0)
(3.1494072e-15 0.00050962772 0)
(3.4041275e-15 0.00050962095 0)
(3.5845792e-15 0.00050961374 0)
(3.6935498e-15 0.00050960622 0)
(1.620134e-16 0.00050965094 0)
)
;
    }
    cornea_fsi
    {
        type            calculated;
        value           nonuniform List<vector> 
80
(
(8.5888022e-14 -0.00050063121 0)
(2.6440695e-13 -0.00050063121 0)
(4.6029823e-13 -0.00050063121 0)
(6.7700789e-13 -0.00050063121 0)
(9.1077454e-13 -0.00050063121 0)
(1.1538589e-12 -0.00050063121 0)
(1.395679e-12 -0.00050063121 0)
(1.6236555e-12 -0.00050063121 0)
(1.8247234e-12 -0.00050063121 0)
(1.9877874e-12 -0.00050063121 0)
(2.1066338e-12 -0.00050063121 0)
(2.182518e-12 -0.0005006312 0)
(2.2232273e-12 -0.0005006312 0)
(2.2390393e-12 -0.0005006312 0)
(2.2396019e-12 -0.0005006312 0)
(2.2323984e-12 -0.0005006312 0)
(2.2223979e-12 -0.0005006312 0)
(2.2124258e-12 -0.0005006312 0)
(2.2037888e-12 -0.0005006312 0)
(2.1968304e-12 -0.0005006312 0)
(2.1913713e-12 -0.0005006312 0)
(2.1870046e-12 -0.0005006312 0)
(2.1832841e-12 -0.0005006312 0)
(2.1798498e-12 -0.0005006312 0)
(2.1765443e-12 -0.0005006312 0)
(2.1735631e-12 -0.0005006312 0)
(2.171681e-12 -0.0005006312 0)
(2.1726547e-12 -0.0005006312 0)
(2.1797943e-12 -0.0005006312 0)
(2.1987645e-12 -0.0005006312 0)
(2.2386977e-12 -0.0005006312 0)
(2.313473e-12 -0.0005006312 0)
(2.4426959e-12 -0.0005006312 0)
(2.6509239e-12 -0.00050063119 0)
(2.9624623e-12 -0.00050063119 0)
(3.3913387e-12 -0.00050063119 0)
(3.9066703e-12 -0.00050063119 0)
(4.4413888e-12 -0.00050063119 0)
(2.267825e-12 -0.00050063119 0)
(3.4086467e-12 -0.0005006312 0)
(-1.9877868e-12 -0.00050063121 0)
(-1.8247233e-12 -0.00050063121 0)
(-1.623656e-12 -0.00050063121 0)
(-1.3956802e-12 -0.00050063121 0)
(-1.1538604e-12 -0.00050063121 0)
(-9.1077613e-13 -0.00050063121 0)
(-6.7700945e-13 -0.00050063121 0)
(-4.6029949e-13 -0.00050063121 0)
(-2.644078e-13 -0.00050063121 0)
(-8.5888556e-14 -0.00050063121 0)
(-2.1987631e-12 -0.0005006312 0)
(-2.179793e-12 -0.0005006312 0)
(-2.1726536e-12 -0.0005006312 0)
(-2.1716801e-12 -0.0005006312 0)
(-2.1735626e-12 -0.0005006312 0)
(-2.176544e-12 -0.0005006312 0)
(-2.1798496e-12 -0.0005006312 0)
(-2.1832839e-12 -0.0005006312 0)
(-2.1870045e-12 -0.0005006312 0)
(-2.1913712e-12 -0.0005006312 0)
(-2.1968304e-12 -0.0005006312 0)
(-2.2037887e-12 -0.0005006312 0)
(-2.2124257e-12 -0.0005006312 0)
(-2.2223978e-12 -0.0005006312 0)
(-2.2323985e-12 -0.0005006312 0)
(-2.239602e-12 -0.0005006312 0)
(-2.2390394e-12 -0.0005006312 0)
(-2.2232272e-12 -0.0005006312 0)
(-2.1825175e-12 -0.0005006312 0)
(-2.1066331e-12 -0.00050063121 0)
(-2.2678252e-12 -0.00050063119 0)
(-4.4413898e-12 -0.00050063119 0)
(-3.9066722e-12 -0.00050063119 0)
(-3.3913409e-12 -0.00050063119 0)
(-2.9624643e-12 -0.00050063119 0)
(-2.6509254e-12 -0.00050063119 0)
(-2.4426965e-12 -0.0005006312 0)
(-2.3134728e-12 -0.0005006312 0)
(-2.2386967e-12 -0.0005006312 0)
(-3.4086466e-12 -0.0005006312 0)
)
;
    }
    lens_bottom
    {
        type            calculated;
        value           nonuniform List<vector> 
30
(
(-1.7097865e-13 0.00050063121 0)
(-5.4209195e-13 0.00050063121 0)
(-1.0074802e-12 0.00050063121 0)
(-1.6552787e-12 0.00050063121 0)
(-2.6213954e-12 0.00050063121 0)
(-4.1289017e-12 0.00050063121 0)
(-6.5436644e-12 0.00050063121 0)
(-1.046206e-11 0.00050063121 0)
(-1.6851539e-11 0.00050063122 0)
(-2.7277878e-11 0.00050063123 0)
(-3.3659755e-11 0.00050063127 0)
(-3.469033e-11 0.00050063131 0)
(-3.4630069e-11 0.00050063134 0)
(-3.4646235e-11 0.00050063137 0)
(-3.4665971e-11 0.00050063141 0)
(-3.4672747e-11 0.00050063144 0)
(-3.4674531e-11 0.00050063148 0)
(-3.4675221e-11 0.00050063151 0)
(-3.4675555e-11 0.00050063155 0)
(-3.4675721e-11 0.00050063158 0)
(-3.4675854e-11 0.00050063162 0)
(-3.4676083e-11 0.00050063165 0)
(-3.4676624e-11 0.00050063169 0)
(-3.4677916e-11 0.00050063172 0)
(-3.4680744e-11 0.00050063176 0)
(-3.4686703e-11 0.00050063179 0)
(-3.4700249e-11 0.00050063183 0)
(-3.4709878e-11 0.00050063186 0)
(-3.4562125e-11 0.00050063189 0)
(-3.4473789e-11 0.00050063193 0)
)
;
    }
    lens_bottom_left
    {
        type            calculated;
        value           nonuniform List<vector> 
30
(
(2.7277878e-11 0.00050063123 0)
(1.6851538e-11 0.00050063122 0)
(1.0462059e-11 0.00050063121 0)
(6.5436633e-12 0.00050063121 0)
(4.1289002e-12 0.00050063121 0)
(2.6213936e-12 0.00050063121 0)
(1.6552771e-12 0.00050063121 0)
(1.0074789e-12 0.00050063121 0)
(5.4209086e-13 0.00050063121 0)
(1.7097769e-13 0.00050063121 0)
(3.4473789e-11 0.00050063193 0)
(3.4562125e-11 0.00050063189 0)
(3.4709877e-11 0.00050063186 0)
(3.4700248e-11 0.00050063183 0)
(3.4686703e-11 0.00050063179 0)
(3.4680744e-11 0.00050063176 0)
(3.4677916e-11 0.00050063172 0)
(3.4676624e-11 0.00050063169 0)
(3.4676082e-11 0.00050063165 0)
(3.4675853e-11 0.00050063162 0)
(3.4675721e-11 0.00050063158 0)
(3.4675555e-11 0.00050063155 0)
(3.4675221e-11 0.00050063151 0)
(3.467453e-11 0.00050063148 0)
(3.4672747e-11 0.00050063144 0)
(3.4665971e-11 0.00050063141 0)
(3.4646235e-11 0.00050063137 0)
(3.4630069e-11 0.00050063134 0)
(3.4690329e-11 0.00050063131 0)
(3.3659754e-11 0.00050063127 0)
)
;
    }
    lens_right
    {
        type            calculated;
        value           uniform (0 0 0);
    }
    lens_left
    {
        type            calculated;
        value           uniform (0 0 0);
    }
    lens_top
    {
        type            calculated;
        value           nonuniform List<vector> 
30
(
(3.4467995e-17 -0.00050948322 0)
(1.0409795e-16 -0.00050948308 0)
(1.7582959e-16 -0.00050948279 0)
(2.51131e-16 -0.00050948235 0)
(3.3157433e-16 -0.00050948175 0)
(4.1888487e-16 -0.00050948098 0)
(5.1499845e-16 -0.00050948001 0)
(6.2213064e-16 -0.00050947884 0)
(7.4286244e-16 -0.00050947743 0)
(8.8024897e-16 -0.00050947576 0)
(1.0379596e-15 -0.00050947378 0)
(1.2204623e-15 -0.00050947145 0)
(1.4332695e-15 -0.00050946871 0)
(1.6832717e-15 -0.00050946549 0)
(1.9791978e-15 -0.00050946172 0)
(2.3322592e-15 -0.00050945727 0)
(2.7570698e-15 -0.00050945202 0)
(3.2729885e-15 -0.0005094458 0)
(3.9060976e-15 -0.00050943839 0)
(4.6922905e-15 -0.00050942952 0)
(5.6818203e-15 -0.00050941881 0)
(6.9477531e-15 -0.00050940578 0)
(8.5956813e-15 -0.00050938973 0)
(1.0797932e-14 -0.0005093697 0)
(1.3786113e-14 -0.00050934424 0)
(1.8113618e-14 -0.00050931133 0)
(2.4060601e-14 -0.00050926693 0)
(3.4904873e-14 -0.00050920749 0)
(4.5672223e-14 -0.00050911308 0)
(5.9030141e-14 -0.00050900199 0)
)
;
    }
    lens_top_left
    {
        type            calculated;
        value           nonuniform List<vector> 
30
(
(-8.8024898e-16 -0.00050947576 0)
(-7.4286245e-16 -0.00050947743 0)
(-6.2213064e-16 -0.00050947884 0)
(-5.1499845e-16 -0.00050948001 0)
(-4.1888487e-16 -0.00050948098 0)
(-3.3157433e-16 -0.00050948175 0)
(-2.51131e-16 -0.00050948235 0)
(-1.7582959e-16 -0.00050948279 0)
(-1.0409795e-16 -0.00050948308 0)
(-3.4467997e-17 -0.00050948322 0)
(-5.9030141e-14 -0.00050900199 0)
(-4.5672223e-14 -0.00050911308 0)
(-3.4904873e-14 -0.00050920749 0)
(-2.4060601e-14 -0.00050926693 0)
(-1.8113618e-14 -0.00050931133 0)
(-1.3786113e-14 -0.00050934424 0)
(-1.0797932e-14 -0.0005093697 0)
(-8.5956813e-15 -0.00050938973 0)
(-6.9477531e-15 -0.00050940578 0)
(-5.6818203e-15 -0.00050941881 0)
(-4.6922905e-15 -0.00050942952 0)
(-3.9060976e-15 -0.00050943839 0)
(-3.2729885e-15 -0.0005094458 0)
(-2.7570698e-15 -0.00050945202 0)
(-2.3322592e-15 -0.00050945727 0)
(-1.9791978e-15 -0.00050946172 0)
(-1.6832717e-15 -0.00050946549 0)
(-1.4332695e-15 -0.00050946871 0)
(-1.2204623e-15 -0.00050947145 0)
(-1.0379596e-15 -0.00050947378 0)
)
;
    }
    iris_bottom
    {
        type            calculated;
        value           nonuniform List<vector> 
60
(
(2.3012907e-12 0.0005006312 0)
(2.2523584e-12 0.0005006312 0)
(2.1427184e-12 0.0005006312 0)
(2.1120228e-12 0.0005006312 0)
(2.1115443e-12 0.0005006312 0)
(2.1241269e-12 0.0005006312 0)
(2.1396557e-12 0.0005006312 0)
(2.1535383e-12 0.0005006312 0)
(2.1645336e-12 0.0005006312 0)
(2.1727943e-12 0.0005006312 0)
(2.1789305e-12 0.0005006312 0)
(2.1836313e-12 0.0005006312 0)
(2.1875072e-12 0.0005006312 0)
(2.191003e-12 0.0005006312 0)
(2.1943131e-12 0.0005006312 0)
(2.197249e-12 0.0005006312 0)
(2.199015e-12 0.0005006312 0)
(2.1978319e-12 0.0005006312 0)
(2.1903929e-12 0.0005006312 0)
(2.171116e-12 0.0005006312 0)
(2.1312074e-12 0.0005006312 0)
(2.0577348e-12 0.0005006312 0)
(1.9331817e-12 0.00050063119 0)
(1.7364905e-12 0.00050063119 0)
(1.4474556e-12 0.00050063119 0)
(1.0578751e-12 0.00050063119 0)
(5.9290126e-13 0.00050063119 0)
(1.3886112e-13 0.00050063119 0)
(-2.1972451e-13 0.00050063119 0)
(-1.2025218e-13 0.0005006312 0)
(-2.1711149e-12 0.0005006312 0)
(-2.1903922e-12 0.0005006312 0)
(-2.1978317e-12 0.0005006312 0)
(-2.1990151e-12 0.0005006312 0)
(-2.1972492e-12 0.0005006312 0)
(-2.1943133e-12 0.0005006312 0)
(-2.1910032e-12 0.0005006312 0)
(-2.1875073e-12 0.0005006312 0)
(-2.1836313e-12 0.0005006312 0)
(-2.1789305e-12 0.0005006312 0)
(-2.1727943e-12 0.0005006312 0)
(-2.1645336e-12 0.0005006312 0)
(-2.1535382e-12 0.0005006312 0)
(-2.1396555e-12 0.0005006312 0)
(-2.1241267e-12 0.0005006312 0)
(-2.1115439e-12 0.0005006312 0)
(-2.1120221e-12 0.0005006312 0)
(-2.1427174e-12 0.0005006312 0)
(-2.2523571e-12 0.0005006312 0)
(-2.3012894e-12 0.0005006312 0)
(2.1972396e-13 0.00050063119 0)
(-1.3886251e-13 0.00050063119 0)
(-5.9290299e-13 0.00050063119 0)
(-1.0578765e-12 0.00050063119 0)
(-1.4474564e-12 0.00050063119 0)
(-1.7364905e-12 0.00050063119 0)
(-1.9331809e-12 0.00050063119 0)
(-2.0577335e-12 0.0005006312 0)
(-2.1312059e-12 0.0005006312 0)
(1.2025221e-13 0.0005006312 0)
)
;
    }
    iris_pupil
    {
        type            calculated;
        value           nonuniform List<vector> 5((0.00048060596 -2.068574e-12 0) (0.00048060596 -2.5257268e-12 0) (0.00048060596 -3.1572072e-12 0) (0.00048060596 -3.9568972e-12 0) (0.00048060595 -3.9051658e-12 0));
    }
    iris_pupil_left
    {
        type            calculated;
        value           nonuniform List<vector> 5((-0.00048060596 -2.0685703e-12 0) (-0.00048060596 -2.5257232e-12 0) (-0.00048060596 -3.1572041e-12 0) (-0.00048060596 -3.9568948e-12 0) (-0.00048060595 -3.9051646e-12 0));
    }
    iris_top
    {
        type            calculated;
        value           nonuniform List<vector> 
40
(
(-3.128737e-11 -0.00050063128 0)
(-3.397851e-11 -0.00050063131 0)
(-3.4545938e-11 -0.00050063134 0)
(-3.46598e-11 -0.00050063137 0)
(-3.4678177e-11 -0.00050063141 0)
(-3.4678513e-11 -0.00050063144 0)
(-3.4677013e-11 -0.00050063148 0)
(-3.4676242e-11 -0.00050063151 0)
(-3.467593e-11 -0.00050063155 0)
(-3.4675778e-11 -0.00050063158 0)
(-3.4675645e-11 -0.00050063162 0)
(-3.4675416e-11 -0.00050063165 0)
(-3.4674891e-11 -0.00050063169 0)
(-3.4673574e-11 -0.00050063172 0)
(-3.4670001e-11 -0.00050063176 0)
(-3.4660775e-11 -0.00050063179 0)
(-3.4641544e-11 -0.00050063183 0)
(-3.4597177e-11 -0.00050063186 0)
(-3.4391817e-11 -0.0005006319 0)
(-3.3016879e-11 -0.00050063193 0)
(-3.1494396e-11 -0.00050063196 0)
(-2.9985168e-11 -0.00050063199 0)
(-2.9420933e-11 -0.00050063201 0)
(-2.9050896e-11 -0.00050063203 0)
(-2.8700676e-11 -0.00050063206 0)
(-2.8321153e-11 -0.00050063208 0)
(-2.7916647e-11 -0.00050063211 0)
(-2.7640771e-11 -0.00050063213 0)
(-2.9419963e-11 -0.00050063216 0)
(-1.8295353e-11 -0.0005006322 0)
(2.9419963e-11 -0.00050063216 0)
(2.7640771e-11 -0.00050063213 0)
(2.7916647e-11 -0.00050063211 0)
(2.8321153e-11 -0.00050063208 0)
(2.8700676e-11 -0.00050063206 0)
(2.9050896e-11 -0.00050063203 0)
(2.9420933e-11 -0.00050063201 0)
(2.9985168e-11 -0.00050063199 0)
(3.1494395e-11 -0.00050063196 0)
(1.8295353e-11 -0.0005006322 0)
)
;
    }
    tm_limbus_wall
    {
        type            calculated;
        value           nonuniform List<vector> 4((1.2855012e-11 -0.00050063113 0) (1.2033657e-11 0.00050063113 0) (-1.2855012e-11 -0.00050063113 0) (-1.2033657e-11 0.00050063113 0));
    }
    ac_inlet
    {
        type            calculated;
        value           uniform (0 0 0);
    }
    ac_inlet_left
    {
        type            calculated;
        value           uniform (0 0 0);
    }
    outlet_tm
    {
        type            calculated;
        value           uniform (0 0 0);
    }
    outlet_tm_left
    {
        type            calculated;
        value           uniform (0 0 0);
    }
    front
    {
        type            empty;
    }
    back
    {
        type            empty;
    }
    defaultFaces
    {
        type            calculated;
        value           uniform (0 0 0);
    }
    needle_int_inlet_master
    {
        type            calculated;
        value           uniform (0 0 0);
    }
    needle_int_inlet_slave
    {
        type            calculated;
        value           uniform (0 0 0);
    }
    needle_int_outlet_master
    {
        type            calculated;
        value           uniform (0 0 0);
    }
    needle_int_outlet_slave
    {
        type            calculated;
        value           uniform (0 0 0);
    }
}


// ************************************************************************* //
