/*--------------------------------*- C++ -*----------------------------------*\
| =========                 |                                                 |
| \\      /  F ield         | OpenFOAM: The Open Source CFD Toolbox           |
|  \\    /   O peration     | Version:  2512                                  |
|   \\  /    A nd           | Website:  www.openfoam.com                      |
|    \\/     M anipulation  |                                                 |
\*---------------------------------------------------------------------------*/
FoamFile
{
    version     2.0;
    format      ascii;
    arch        "LSB;label=32;scalar=64";
    class       volVectorField;
    location    "11";
    object      D;
}
// * * * * * * * * * * * * * * * * * * * * * * * * * * * * * * * * * * * * * //

dimensions      [0 1 0 0 0 0 0];

internalField   nonuniform List<vector> 
1196
(
(-3.8464361e-06 -2.9299761e-06 0)
(-5.2307531e-06 -1.2297416e-05 0)
(-6.3907501e-06 -2.7192168e-05 0)
(-7.3081058e-06 -4.6670285e-05 0)
(-7.998923e-06 -6.9820844e-05 0)
(-8.4770347e-06 -9.57726e-05 0)
(-8.7562403e-06 -0.00012370475 0)
(-8.850289e-06 -0.00015284996 0)
(-8.7729138e-06 -0.00018249531 0)
(-8.5378411e-06 -0.00021198265 0)
(-8.1587937e-06 -0.00024070866 0)
(-7.649492e-06 -0.0002681249 0)
(-7.0236544e-06 -0.00029373779 0)
(-6.2949973e-06 -0.00031710862 0)
(-5.4772349e-06 -0.00033785355 0)
(-4.5840793e-06 -0.00035564359 0)
(-3.6292408e-06 -0.00037020458 0)
(-2.626428e-06 -0.00038131722 0)
(-1.5893485e-06 -0.00038881703 0)
(-5.3170911e-07 -0.00039259435 0)
(5.3278347e-07 -0.00039259435 0)
(1.5904228e-06 -0.00038881705 0)
(2.6275024e-06 -0.00038131725 0)
(3.6303152e-06 -0.00037020462 0)
(4.5851538e-06 -0.00035564364 0)
(5.4783096e-06 -0.00033785361 0)
(6.2960722e-06 -0.00031710869 0)
(7.0247297e-06 -0.00029373786 0)
(7.6505677e-06 -0.00026812498 0)
(8.1598698e-06 -0.00024070875 0)
(8.5389177e-06 -0.00021198274 0)
(8.7739908e-06 -0.0001824954 0)
(8.8513665e-06 -0.00015285004 0)
(8.7573184e-06 -0.00012370483 0)
(8.4781132e-06 -9.5772665e-05 0)
(8.0000017e-06 -6.9820898e-05 0)
(7.3091846e-06 -4.6670328e-05 0)
(6.3918291e-06 -2.7192198e-05 0)
(5.2318321e-06 -1.2297433e-05 0)
(3.847515e-06 -2.9299799e-06 0)
(-1.0206091e-06 -2.9657109e-06 0)
(5.7483576e-07 -1.2344197e-05 0)
(1.9742902e-06 -2.7242743e-05 0)
(3.1401151e-06 -4.6722072e-05 0)
(4.0823284e-06 -6.9873023e-05 0)
(4.8127829e-06 -9.5824907e-05 0)
(5.3446378e-06 -0.0001237571 0)
(5.691435e-06 -0.00015290232 0)
(5.8668406e-06 -0.00018254768 0)
(5.8845591e-06 -0.00021203502 0)
(5.7583064e-06 -0.00024076103 0)
(5.5018005e-06 -0.00026817727 0)
(5.128759e-06 -0.00029379015 0)
(4.6528981e-06 -0.00031716099 0)
(4.087932e-06 -0.00033790592 0)
(3.4475728e-06 -0.00035569595 0)
(2.7455307e-06 -0.00037025695 0)
(1.9955143e-06 -0.00038136959 0)
(1.2112312e-06 -0.0003888694 0)
(4.0638827e-07 -0.00039264671 0)
(-4.0530793e-07 -0.00039264672 0)
(-1.210151e-06 -0.00038886941 0)
(-1.9944343e-06 -0.00038136962 0)
(-2.7444509e-06 -0.00037025699 0)
(-3.4464934e-06 -0.000355696 0)
(-4.086853e-06 -0.00033790598 0)
(-4.6518195e-06 -0.00031716105 0)
(-5.1276808e-06 -0.00029379023 0)
(-5.5007228e-06 -0.00026817735 0)
(-5.7572294e-06 -0.00024076111 0)
(-5.8834828e-06 -0.0002120351 0)
(-5.865765e-06 -0.00018254776 0)
(-5.6903601e-06 -0.0001529024 0)
(-5.3435634e-06 -0.00012375718 0)
(-4.811709e-06 -9.5824971e-05 0)
(-4.081255e-06 -6.9873078e-05 0)
(-3.1390423e-06 -4.6722114e-05 0)
(-1.973218e-06 -2.7242773e-05 0)
(-5.7376408e-07 -1.2344214e-05 0)
(1.0216805e-06 -2.9657148e-06 0)
(0.00010135384 -0.0012221268 0)
(0.00010371477 -0.0011741284 0)
(0.00010512122 -0.0011227266 0)
(0.00010612803 -0.0010707529 0)
(0.0001069512 -0.0010184492 0)
(0.00010762206 -0.00096585448 0)
(0.00010812282 -0.00091302169 0)
(0.00010842432 -0.00086002908 0)
(0.00010849554 -0.00080697425 0)
(0.00010830546 -0.00075397062 0)
(0.00010782321 -0.0007011463 0)
(0.00010701799 -0.0006486437 0)
(0.00010585903 -0.00059661946 0)
(0.00010431558 -0.00054524448 0)
(0.00010235687 -0.00049470389 0)
(9.995215e-05 -0.00044519706 0)
(9.7070654e-05 -0.0003969376 0)
(9.3681627e-05 -0.00035015338 0)
(8.975434e-05 -0.00030508654 0)
(8.5258158e-05 -0.00026199351 0)
(8.0162788e-05 -0.00022114493 0)
(7.443896e-05 -0.00018282495 0)
(6.8059865e-05 -0.00014732734 0)
(6.1002436e-05 -0.00011494039 0)
(5.3231267e-05 -8.589379e-05 0)
(4.4728333e-05 -6.0616017e-05 0)
(7.9545229e-05 -0.0012234698 0)
(8.0007801e-05 -0.0011743728 0)
(8.0544116e-05 -0.0011230414 0)
(8.1223004e-05 -0.0010710833 0)
(8.1872145e-05 -0.0010187655 0)
(8.2424654e-05 -0.00096614453 0)
(8.2847259e-05 -0.00091327838 0)
(8.3114415e-05 -0.00086024646 0)
(8.3202043e-05 -0.00080714663 0)
(8.3086259e-05 -0.00075409238 0)
(8.2743174e-05 -0.00070121182 0)
(8.2148878e-05 -0.00064864734 0)
(8.1279452e-05 -0.00059655561 0)
(8.0110975e-05 -0.00054510751 0)
(7.8619522e-05 -0.00049448817 0)
(7.678117e-05 -0.00044489697 0)
(7.4571995e-05 -0.00039654751 0)
(7.1968075e-05 -0.00034966767 0)
(6.8945481e-05 -0.00030449958 0)
(6.5480253e-05 -0.00026129967 0)
(6.1548296e-05 -0.00022033854 0)
(5.7125042e-05 -0.00018190031 0)
(5.2184572e-05 -0.00014627921 0)
(4.6698605e-05 -0.00011376828 0)
(4.0647504e-05 -8.4643559e-05 0)
(3.4029221e-05 -5.9322951e-05 0)
(5.5670743e-05 -0.001224296 0)
(5.5745805e-05 -0.0011744638 0)
(5.5933495e-05 -0.001123244 0)
(5.636813e-05 -0.0010713598 0)
(5.6858295e-05 -0.0010190538 0)
(5.7302775e-05 -0.00096641895 0)
(5.7659233e-05 -0.00091352884 0)
(5.7905023e-05 -0.00086046749 0)
(5.8022349e-05 -0.00080733386 0)
(5.7994232e-05 -0.0007542416 0)
(5.7803699e-05 -0.00070131883 0)
(5.7433715e-05 -0.00064870795 0)
(5.6867207e-05 -0.00059656559 0)
(5.608709e-05 -0.00054506265 0)
(5.5076277e-05 -0.00049438426 0)
(5.3817679e-05 -0.00044472978 0)
(5.2294209e-05 -0.00039631283 0)
(5.0488769e-05 -0.00034936126 0)
(4.8384228e-05 -0.00030411719 0)
(4.5963319e-05 -0.00026083694 0)
(4.3208366e-05 -0.00021979092 0)
(4.0100755e-05 -0.00018126298 0)
(3.6621049e-05 -0.00014554849 0)
(3.2755967e-05 -0.00011295136 0)
(2.8536995e-05 -8.3799837e-05 0)
(2.4146024e-05 -5.8679903e-05 0)
(3.0993364e-05 -0.0012248615 0)
(3.1089967e-05 -0.0011745798 0)
(3.1218825e-05 -0.001123423 0)
(3.1520909e-05 -0.0010716074 0)
(3.1885377e-05 -0.0010193219 0)
(3.2234583e-05 -0.0009666822 0)
(3.2534099e-05 -0.00091377713 0)
(3.2767633e-05 -0.00086069629 0)
(3.2924017e-05 -0.00080754009 0)
(3.2993062e-05 -0.00075442247 0)
(3.2964628e-05 -0.00070147156 0)
(3.2828513e-05 -0.00064882973 0)
(3.2574483e-05 -0.00059665363 0)
(3.2192289e-05 -0.00054511413 0)
(3.1671677e-05 -0.00049439636 0)
(3.1002394e-05 -0.0004446997 0)
(3.0174186e-05 -0.00039623774 0)
(2.9176786e-05 -0.00034923835 0)
(2.7999884e-05 -0.00030394358 0)
(2.6633025e-05 -0.00026060965 0)
(2.5065358e-05 -0.00021950675 0)
(2.3285345e-05 -0.00018091875 0)
(2.1281855e-05 -0.00014514349 0)
(1.9053184e-05 -0.0001124986 0)
(1.663958e-05 -8.3356101e-05 0)
(1.4146566e-05 -5.8301255e-05 0)
(6.0574708e-06 -0.00122525 0)
(6.2373867e-06 -0.0011747622 0)
(6.422103e-06 -0.0011236288 0)
(6.6654506e-06 -0.0010718504 0)
(6.9333871e-06 -0.0010195788 0)
(7.1981278e-06 -0.00096693828 0)
(7.4468042e-06 -0.00091402613 0)
(7.6735404e-06 -0.00086093559 0)
(7.8745415e-06 -0.00080776809 0)
(8.046418e-06 -0.00075463779 0)
(8.1857994e-06 -0.0007016728 0)
(8.2892886e-06 -0.0006490155 0)
(8.3534737e-06 -0.00059682252 0)
(8.3749381e-06 -0.00054526475 0)
(8.3502638e-06 -0.00049452729 0)
(8.2760321e-06 -0.00044480953 0)
(8.148822e-06 -0.00039632508 0)
(7.9652048e-06 -0.00034930176 0)
(7.7217275e-06 -0.00030398161 0)
(7.4148683e-06 -0.00026062078 0)
(7.0409476e-06 -0.00021948936 0)
(6.5960821e-06 -0.00018087136 0)
(6.0768896e-06 -0.00014506671 0)
(5.4845889e-06 -0.00011240189 0)
(4.8365335e-06 -8.3268248e-05 0)
(4.1659413e-06 -5.8231539e-05 0)
(-1.8943714e-05 -0.0012254991 0)
(-1.8672924e-05 -0.0011750141 0)
(-1.8403696e-05 -0.0011238811 0)
(-1.8194712e-05 -0.0010721023 0)
(-1.8012298e-05 -0.0010198304 0)
(-1.7827862e-05 -0.00096718958 0)
(-1.7627872e-05 -0.00091427733 0)
(-1.740611e-05 -0.00086118676 0)
(-1.7158646e-05 -0.00080801925 0)
(-1.6882051e-05 -0.00075488894 0)
(-1.6572948e-05 -0.00070192396 0)
(-1.6227944e-05 -0.00064926666 0)
(-1.5843632e-05 -0.00059707368 0)
(-1.5416596e-05 -0.00054551591 0)
(-1.4943421e-05 -0.00049477845 0)
(-1.442069e-05 -0.00044506069 0)
(-1.3844988e-05 -0.00039657623 0)
(-1.3212903e-05 -0.0003495529 0)
(-1.2521013e-05 -0.00030423274 0)
(-1.176585e-05 -0.00026087188 0)
(-1.0943791e-05 -0.00021974044 0)
(-1.0050926e-05 -0.00018112253 0)
(-9.0834876e-06 -0.00014531824 0)
(-8.0413409e-06 -0.00011265449 0)
(-6.9384887e-06 -8.3523203e-05 0)
(-5.8020972e-06 -5.8489979e-05 0)
(-4.3878888e-05 -0.0012256083 0)
(-4.3524134e-05 -0.0011753357 0)
(-4.3199152e-05 -0.0011241799 0)
(-4.3049508e-05 -0.001072363 0)
(-4.2964063e-05 -0.0010200764 0)
(-4.2864283e-05 -0.00096743608 0)
(-4.2715187e-05 -0.00091453073 0)
(-4.2500226e-05 -0.00086144979 0)
(-4.2208137e-05 -0.00080829355 0)
(-4.1828702e-05 -0.00075517594 0)
(-4.135178e-05 -0.00070222503 0)
(-4.076717e-05 -0.00064958321 0)
(-4.0064642e-05 -0.00059740711 0)
(-3.9233947e-05 -0.00054586761 0)
(-3.8264834e-05 -0.00049514984 0)
(-3.7147052e-05 -0.00044545317 0)
(-3.587035e-05 -0.00039699121 0)
(-3.4424473e-05 -0.00034999178 0)
(-3.2799134e-05 -0.00030469696 0)
(-3.0983916e-05 -0.00026136296 0)
(-2.8968014e-05 -0.00022026003 0)
(-2.6739879e-05 -0.00018167225 0)
(-2.4288113e-05 -0.00014589801 0)
(-2.1610059e-05 -0.00011325609 0)
(-1.8743822e-05 -8.4120098e-05 0)
(-1.5792097e-05 -5.9074863e-05 0)
(-6.8552584e-05 -0.0012255395 0)
(-6.8176212e-05 -0.001175724 0)
(-6.7911205e-05 -0.0011245053 0)
(-6.7895571e-05 -0.0010726189 0)
(-6.7936645e-05 -0.0010203111 0)
(-6.7932451e-05 -0.00096767532 0)
(-6.7840372e-05 -0.0009147848 0)
(-6.7637663e-05 -0.00086172331 0)
(-6.7306497e-05 -0.00080858964 0)
(-6.6829886e-05 -0.00075549738 0)
(-6.6190857e-05 -0.00070257462 0)
(-6.5372374e-05 -0.00064996374 0)
(-6.4357366e-05 -0.00059782139 0)
(-6.3128749e-05 -0.00054631845 0)
(-6.1669436e-05 -0.00049564006 0)
(-5.9962339e-05 -0.00044598557 0)
(-5.799037e-05 -0.0003975686 0)
(-5.5736438e-05 -0.00035061699 0)
(-5.3183417e-05 -0.00030537284 0)
(-5.0314054e-05 -0.00026209249 0)
(-4.7110685e-05 -0.00022104642 0)
(-4.3554694e-05 -0.0001825188 0)
(-3.962654e-05 -0.0001468058 0)
(-3.531255e-05 -0.00011421301 0)
(-3.0643619e-05 -8.5070691e-05 0)
(-2.5805136e-05 -5.9963408e-05 0)
(-9.2414941e-05 -0.0012252068 0)
(-9.2430049e-05 -0.0011761377 0)
(-9.2518058e-05 -0.0011248066 0)
(-9.2749219e-05 -0.0010728454 0)
(-9.2950269e-05 -0.0010205253 0)
(-9.305439e-05 -0.0009679033 0)
(-9.3028491e-05 -0.00091503668 0)
(-9.2847119e-05 -0.0008620046 0)
(-9.2486225e-05 -0.00080890473 0)
(-9.1921928e-05 -0.00075585048 0)
(-9.1130337e-05 -0.00070296992 0)
(-9.0087538e-05 -0.00065040545 0)
(-8.8769612e-05 -0.00059831372 0)
(-8.7152636e-05 -0.00054686563 0)
(-8.5212684e-05 -0.00049624629 0)
(-8.2925833e-05 -0.00044665508 0)
(-8.0268158e-05 -0.0003983056 0)
(-7.7215731e-05 -0.00035142572 0)
(-7.3744612e-05 -0.00030625755 0)
(-6.9830817e-05 -0.00026305751 0)
(-6.5450208e-05 -0.00022209634 0)
(-6.057817e-05 -0.00018365848 0)
(-5.5188773e-05 -0.00014803916 0)
(-4.9253805e-05 -0.00011553343 0)
(-4.2753707e-05 -8.6419446e-05 0)
(-3.5691692e-05 -6.1106996e-05 0)
(-0.00011418162 -0.0012243523 0)
(-0.00011612233 -0.0011763958 0)
(-0.00011709152 -0.001124994 0)
(-0.00011765369 -0.0010730172 0)
(-0.00011802947 -0.0010207113 0)
(-0.000118252 -0.00096811558 0)
(-0.00011830419 -0.00091528233 0)
(-0.00011815709 -0.00086228955 0)
(-0.00011777975 -0.00080923467 0)
(-0.00011714114 -0.00075623105 0)
(-0.00011621037 -0.00070340673 0)
(-0.00011495665 -0.00065090413 0)
(-0.00011334919 -0.0005988799 0)
(-0.00011135724 -0.00054750492 0)
(-0.00010895004 -0.00049696433 0)
(-0.00010609682 -0.00044745749 0)
(-0.00010276682 -0.00039919801 0)
(-9.8929285e-05 -0.00035241374 0)
(-9.4553445e-05 -0.00030734683 0)
(-8.9608603e-05 -0.0002642537 0)
(-8.4064347e-05 -0.00022340512 0)
(-7.7891232e-05 -0.00018508558 0)
(-7.1062356e-05 -0.00014958988 0)
(-6.3555194e-05 -0.00011720846 0)
(-5.5337455e-05 -8.8173384e-05 0)
(-4.6401081e-05 -6.2890425e-05 0)
(3.6119518e-05 -4.1691309e-05 0)
(2.7147435e-05 -2.5124023e-05 0)
(1.7074739e-05 -1.2356906e-05 0)
(6.3017393e-06 -4.1540149e-06 0)
(2.8153567e-05 -4.0292509e-05 0)
(2.0601241e-05 -2.3403531e-05 0)
(1.2552405e-05 -1.0566809e-05 0)
(3.8786228e-06 -2.2930001e-06 0)
(1.9636326e-05 -3.9056682e-05 0)
(1.431443e-05 -2.2099962e-05 0)
(8.5677712e-06 -9.2522733e-06 0)
(2.5212765e-06 -1.2424304e-06 0)
(1.1451789e-05 -3.8298371e-05 0)
(8.3374875e-06 -2.1307661e-05 0)
(4.9711731e-06 -8.4638035e-06 0)
(1.4677659e-06 -6.8462391e-07 0)
(3.4199826e-06 -3.8045534e-05 0)
(2.544892e-06 -2.1033015e-05 0)
(1.5755047e-06 -8.1782053e-06 0)
(5.0824704e-07 -4.7674323e-07 0)
(-4.5724702e-06 -3.8304843e-05 0)
(-3.1989109e-06 -2.1280457e-05 0)
(-1.7689276e-06 -8.3794478e-06 0)
(-4.3105319e-07 -5.6513181e-07 0)
(-1.262851e-05 -3.9074795e-05 0)
(-9.0281739e-06 -2.2051272e-05 0)
(-5.2002295e-06 -9.074267e-06 0)
(-1.3998436e-06 -9.5784661e-07 0)
(-2.0860203e-05 -4.0345023e-05 0)
(-1.5079425e-05 -2.3342359e-05 0)
(-8.8790808e-06 -1.0291477e-05 0)
(-2.4840773e-06 -1.7277916e-06 0)
(-2.944743e-05 -4.2081892e-05 0)
(-2.1474737e-05 -2.5145038e-05 0)
(-1.3015621e-05 -1.2062292e-05 0)
(-3.9415214e-06 -3.0492263e-06 0)
(-3.746494e-05 -4.3966822e-05 0)
(-2.8139822e-05 -2.7354451e-05 0)
(-1.7778626e-05 -1.4321537e-05 0)
(-6.7206012e-06 -5.3047449e-06 0)
(-4.4728332e-05 -6.0616016e-05 0)
(-5.3231266e-05 -8.5893789e-05 0)
(-6.1002435e-05 -0.00011494039 0)
(-6.8059864e-05 -0.00014732734 0)
(-7.4438959e-05 -0.00018282495 0)
(-8.0162786e-05 -0.00022114493 0)
(-8.5258156e-05 -0.0002619935 0)
(-8.9754338e-05 -0.00030508653 0)
(-9.3681625e-05 -0.00035015337 0)
(-9.7070652e-05 -0.00039693759 0)
(-9.9952148e-05 -0.00044519705 0)
(-0.00010235687 -0.00049470388 0)
(-0.00010431558 -0.00054524447 0)
(-0.00010585903 -0.00059661945 0)
(-0.00010701798 -0.00064864369 0)
(-0.0001078232 -0.00070114629 0)
(-0.00010830546 -0.00075397061 0)
(-0.00010849554 -0.00080697423 0)
(-0.00010842431 -0.00086002907 0)
(-0.00010812282 -0.00091302167 0)
(-0.00010762206 -0.00096585446 0)
(-0.0001069512 -0.0010184492 0)
(-0.00010612803 -0.0010707529 0)
(-0.00010512122 -0.0011227266 0)
(-0.00010371476 -0.0011741284 0)
(-0.00010135383 -0.0012221268 0)
(-3.402922e-05 -5.932295e-05 0)
(-4.0647504e-05 -8.4643558e-05 0)
(-4.6698604e-05 -0.00011376828 0)
(-5.2184571e-05 -0.00014627921 0)
(-5.7125041e-05 -0.0001819003 0)
(-6.1548295e-05 -0.00022033853 0)
(-6.5480252e-05 -0.00026129966 0)
(-6.894548e-05 -0.00030449958 0)
(-7.1968074e-05 -0.00034966767 0)
(-7.4571994e-05 -0.00039654751 0)
(-7.6781168e-05 -0.00044489696 0)
(-7.861952e-05 -0.00049448816 0)
(-8.0110973e-05 -0.0005451075 0)
(-8.127945e-05 -0.00059655559 0)
(-8.2148876e-05 -0.00064864733 0)
(-8.2743172e-05 -0.0007012118 0)
(-8.3086257e-05 -0.00075409237 0)
(-8.3202041e-05 -0.00080714662 0)
(-8.3114413e-05 -0.00086024645 0)
(-8.2847256e-05 -0.00091327836 0)
(-8.2424652e-05 -0.00096614451 0)
(-8.1872143e-05 -0.0010187654 0)
(-8.1223002e-05 -0.0010710833 0)
(-8.0544113e-05 -0.0011230414 0)
(-8.0007798e-05 -0.0011743727 0)
(-7.9545226e-05 -0.0012234698 0)
(-2.4146024e-05 -5.8679902e-05 0)
(-2.8536994e-05 -8.3799835e-05 0)
(-3.2755966e-05 -0.00011295136 0)
(-3.6621048e-05 -0.00014554849 0)
(-4.0100754e-05 -0.00018126298 0)
(-4.3208365e-05 -0.00021979091 0)
(-4.5963318e-05 -0.00026083693 0)
(-4.8384227e-05 -0.00030411718 0)
(-5.0488768e-05 -0.00034936125 0)
(-5.2294208e-05 -0.00039631282 0)
(-5.3817678e-05 -0.00044472977 0)
(-5.5076275e-05 -0.00049438425 0)
(-5.6087088e-05 -0.00054506264 0)
(-5.6867205e-05 -0.00059656558 0)
(-5.7433714e-05 -0.00064870793 0)
(-5.7803698e-05 -0.00070131882 0)
(-5.799423e-05 -0.00075424158 0)
(-5.8022348e-05 -0.00080733384 0)
(-5.7905022e-05 -0.00086046748 0)
(-5.7659232e-05 -0.00091352882 0)
(-5.7302773e-05 -0.00096641893 0)
(-5.6858293e-05 -0.0010190537 0)
(-5.6368128e-05 -0.0010713598 0)
(-5.5933493e-05 -0.0011232439 0)
(-5.5745803e-05 -0.0011744638 0)
(-5.5670741e-05 -0.001224296 0)
(-1.4146566e-05 -5.8301254e-05 0)
(-1.663958e-05 -8.3356099e-05 0)
(-1.9053184e-05 -0.0001124986 0)
(-2.1281854e-05 -0.00014514349 0)
(-2.3285345e-05 -0.00018091875 0)
(-2.5065357e-05 -0.00021950675 0)
(-2.6633025e-05 -0.00026060964 0)
(-2.7999884e-05 -0.00030394357 0)
(-2.9176785e-05 -0.00034923834 0)
(-3.0174185e-05 -0.00039623774 0)
(-3.1002394e-05 -0.00044469969 0)
(-3.1671676e-05 -0.00049439635 0)
(-3.2192288e-05 -0.00054511412 0)
(-3.2574483e-05 -0.00059665362 0)
(-3.2828513e-05 -0.00064882972 0)
(-3.2964627e-05 -0.00070147154 0)
(-3.2993061e-05 -0.00075442245 0)
(-3.2924016e-05 -0.00080754007 0)
(-3.2767632e-05 -0.00086069628 0)
(-3.2534098e-05 -0.00091377712 0)
(-3.2234582e-05 -0.00096668218 0)
(-3.1885376e-05 -0.0010193218 0)
(-3.1520908e-05 -0.0010716073 0)
(-3.1218824e-05 -0.001123423 0)
(-3.1089966e-05 -0.0011745798 0)
(-3.0993362e-05 -0.0012248614 0)
(-4.1659412e-06 -5.8231539e-05 0)
(-4.8365334e-06 -8.3268247e-05 0)
(-5.4845888e-06 -0.00011240189 0)
(-6.0768895e-06 -0.00014506671 0)
(-6.5960819e-06 -0.00018087136 0)
(-7.0409474e-06 -0.00021948935 0)
(-7.4148681e-06 -0.00026062078 0)
(-7.7217272e-06 -0.00030398161 0)
(-7.9652046e-06 -0.00034930175 0)
(-8.1488217e-06 -0.00039632507 0)
(-8.2760318e-06 -0.00044480953 0)
(-8.3502636e-06 -0.00049452728 0)
(-8.3749379e-06 -0.00054526474 0)
(-8.3534735e-06 -0.00059682251 0)
(-8.2892883e-06 -0.00064901549 0)
(-8.1857991e-06 -0.00070167278 0)
(-8.0464178e-06 -0.00075463777 0)
(-7.8745412e-06 -0.00080776808 0)
(-7.6735402e-06 -0.00086093558 0)
(-7.4468038e-06 -0.00091402611 0)
(-7.1981276e-06 -0.00096693826 0)
(-6.9333866e-06 -0.0010195788 0)
(-6.6654504e-06 -0.0010718504 0)
(-6.4221024e-06 -0.0011236288 0)
(-6.2373864e-06 -0.0011747622 0)
(-6.0574704e-06 -0.00122525 0)
(5.8020971e-06 -5.8489978e-05 0)
(6.9384886e-06 -8.3523202e-05 0)
(8.0413408e-06 -0.00011265449 0)
(9.0834875e-06 -0.00014531824 0)
(1.0050926e-05 -0.00018112253 0)
(1.0943791e-05 -0.00021974044 0)
(1.176585e-05 -0.00026087188 0)
(1.2521013e-05 -0.00030423273 0)
(1.3212903e-05 -0.00034955289 0)
(1.3844988e-05 -0.00039657622 0)
(1.4420689e-05 -0.00044506068 0)
(1.494342e-05 -0.00049477844 0)
(1.5416596e-05 -0.0005455159 0)
(1.5843631e-05 -0.00059707367 0)
(1.6227944e-05 -0.00064926665 0)
(1.6572948e-05 -0.00070192394 0)
(1.688205e-05 -0.00075488893 0)
(1.7158646e-05 -0.00080801923 0)
(1.7406109e-05 -0.00086118674 0)
(1.7627872e-05 -0.00091427731 0)
(1.7827862e-05 -0.00096718956 0)
(1.8012298e-05 -0.0010198303 0)
(1.8194711e-05 -0.0010721023 0)
(1.8403696e-05 -0.0011238811 0)
(1.8672923e-05 -0.0011750141 0)
(1.8943714e-05 -0.001225499 0)
(1.5792097e-05 -5.9074862e-05 0)
(1.8743821e-05 -8.4120097e-05 0)
(2.1610059e-05 -0.00011325609 0)
(2.4288113e-05 -0.00014589801 0)
(2.6739879e-05 -0.00018167225 0)
(2.8968014e-05 -0.00022026002 0)
(3.0983915e-05 -0.00026136295 0)
(3.2799133e-05 -0.00030469695 0)
(3.4424472e-05 -0.00034999178 0)
(3.587035e-05 -0.0003969912 0)
(3.7147052e-05 -0.00044545316 0)
(3.8264834e-05 -0.00049514983 0)
(3.9233946e-05 -0.0005458676 0)
(4.0064641e-05 -0.00059740709 0)
(4.076717e-05 -0.00064958319 0)
(4.1351779e-05 -0.00070222502 0)
(4.1828701e-05 -0.00075517592 0)
(4.2208136e-05 -0.00080829354 0)
(4.2500225e-05 -0.00086144977 0)
(4.2715186e-05 -0.00091453071 0)
(4.2864282e-05 -0.00096743606 0)
(4.2964062e-05 -0.0010200764 0)
(4.3049507e-05 -0.001072363 0)
(4.3199151e-05 -0.0011241799 0)
(4.3524133e-05 -0.0011753356 0)
(4.3878887e-05 -0.0012256083 0)
(2.5805136e-05 -5.9963407e-05 0)
(3.0643619e-05 -8.5070689e-05 0)
(3.531255e-05 -0.00011421301 0)
(3.962654e-05 -0.0001468058 0)
(4.3554693e-05 -0.00018251879 0)
(4.7110684e-05 -0.00022104642 0)
(5.0314053e-05 -0.00026209249 0)
(5.3183416e-05 -0.00030537284 0)
(5.5736437e-05 -0.00035061699 0)
(5.7990369e-05 -0.00039756859 0)
(5.9962338e-05 -0.00044598556 0)
(6.1669435e-05 -0.00049564005 0)
(6.3128748e-05 -0.00054631844 0)
(6.4357365e-05 -0.00059782138 0)
(6.5372373e-05 -0.00064996373 0)
(6.6190855e-05 -0.00070257461 0)
(6.6829884e-05 -0.00075549737 0)
(6.7306495e-05 -0.00080858962 0)
(6.7637661e-05 -0.00086172329 0)
(6.784037e-05 -0.00091478478 0)
(6.793245e-05 -0.0009676753 0)
(6.7936643e-05 -0.0010203111 0)
(6.7895569e-05 -0.0010726189 0)
(6.7911203e-05 -0.0011245053 0)
(6.817621e-05 -0.001175724 0)
(6.8552582e-05 -0.0012255395 0)
(3.5691691e-05 -6.1106995e-05 0)
(4.2753706e-05 -8.6419445e-05 0)
(4.9253804e-05 -0.00011553343 0)
(5.5188772e-05 -0.00014803915 0)
(6.0578169e-05 -0.00018365848 0)
(6.5450207e-05 -0.00022209633 0)
(6.9830816e-05 -0.00026305751 0)
(7.3744611e-05 -0.00030625754 0)
(7.7215729e-05 -0.00035142571 0)
(8.0268156e-05 -0.0003983056 0)
(8.2925831e-05 -0.00044665507 0)
(8.5212682e-05 -0.00049624628 0)
(8.7152634e-05 -0.00054686562 0)
(8.876961e-05 -0.00059831371 0)
(9.0087536e-05 -0.00065040544 0)
(9.1130335e-05 -0.00070296991 0)
(9.1921926e-05 -0.00075585047 0)
(9.2486223e-05 -0.00080890472 0)
(9.2847117e-05 -0.00086200459 0)
(9.3028489e-05 -0.00091503666 0)
(9.3054388e-05 -0.00096790328 0)
(9.2950266e-05 -0.0010205253 0)
(9.2749216e-05 -0.0010728453 0)
(9.2518056e-05 -0.0011248065 0)
(9.2430046e-05 -0.0011761376 0)
(9.2414938e-05 -0.0012252068 0)
(4.6401081e-05 -6.2890424e-05 0)
(5.5337454e-05 -8.8173382e-05 0)
(6.3555193e-05 -0.00011720846 0)
(7.1062355e-05 -0.00014958988 0)
(7.789123e-05 -0.00018508558 0)
(8.4064345e-05 -0.00022340512 0)
(8.9608602e-05 -0.0002642537 0)
(9.4553443e-05 -0.00030734682 0)
(9.8929283e-05 -0.00035241374 0)
(0.00010276682 -0.000399198 0)
(0.00010609682 -0.00044745748 0)
(0.00010895003 -0.00049696432 0)
(0.00011135724 -0.00054750491 0)
(0.00011334919 -0.00059887989 0)
(0.00011495664 -0.00065090412 0)
(0.00011621037 -0.00070340672 0)
(0.00011714114 -0.00075623103 0)
(0.00011777975 -0.00080923466 0)
(0.00011815709 -0.00086228954 0)
(0.00011830418 -0.00091528231 0)
(0.000118252 -0.00096811556 0)
(0.00011802947 -0.0010207113 0)
(0.00011765369 -0.0010730172 0)
(0.00011709152 -0.001124994 0)
(0.00011612233 -0.0011763958 0)
(0.00011418162 -0.0012243523 0)
(-6.3017392e-06 -4.1540148e-06 0)
(-1.7074739e-05 -1.2356906e-05 0)
(-2.7147435e-05 -2.5124023e-05 0)
(-3.6119518e-05 -4.1691308e-05 0)
(-3.8786228e-06 -2.293e-06 0)
(-1.2552405e-05 -1.0566808e-05 0)
(-2.060124e-05 -2.3403531e-05 0)
(-2.8153566e-05 -4.0292508e-05 0)
(-2.5212764e-06 -1.2424304e-06 0)
(-8.567771e-06 -9.2522732e-06 0)
(-1.431443e-05 -2.2099961e-05 0)
(-1.9636326e-05 -3.9056681e-05 0)
(-1.4677659e-06 -6.8462391e-07 0)
(-4.9711731e-06 -8.4638034e-06 0)
(-8.3374874e-06 -2.1307661e-05 0)
(-1.1451789e-05 -3.829837e-05 0)
(-5.0824703e-07 -4.7674324e-07 0)
(-1.5755046e-06 -8.1782052e-06 0)
(-2.544892e-06 -2.1033015e-05 0)
(-3.4199826e-06 -3.8045534e-05 0)
(4.3105318e-07 -5.6513182e-07 0)
(1.7689276e-06 -8.3794477e-06 0)
(3.1989108e-06 -2.1280457e-05 0)
(4.5724701e-06 -3.8304842e-05 0)
(1.3998436e-06 -9.5784661e-07 0)
(5.2002294e-06 -9.0742669e-06 0)
(9.0281737e-06 -2.2051272e-05 0)
(1.262851e-05 -3.9074795e-05 0)
(2.4840773e-06 -1.7277916e-06 0)
(8.8790806e-06 -1.0291477e-05 0)
(1.5079425e-05 -2.3342359e-05 0)
(2.0860202e-05 -4.0345022e-05 0)
(3.9415213e-06 -3.0492262e-06 0)
(1.3015621e-05 -1.2062292e-05 0)
(2.1474737e-05 -2.5145038e-05 0)
(2.944743e-05 -4.2081892e-05 0)
(6.7206011e-06 -5.3047448e-06 0)
(1.7778625e-05 -1.4321537e-05 0)
(2.8139822e-05 -2.7354451e-05 0)
(3.7464939e-05 -4.3966821e-05 0)
(1.6454026e-05 1.4596056e-05 0)
(4.0220604e-05 4.5803471e-05 0)
(5.8928514e-05 8.7658177e-05 0)
(7.2738988e-05 0.00013818242 0)
(8.1957323e-05 0.00019472103 0)
(8.6947493e-05 0.00025463304 0)
(8.8101564e-05 0.00031548679 0)
(8.582062e-05 0.00037509153 0)
(8.0508221e-05 0.00043150091 0)
(7.2568498e-05 0.00048301257 0)
(6.2405677e-05 0.0005281676 0)
(5.0423977e-05 0.00056575037 0)
(3.7027604e-05 0.00059478836 0)
(2.2620753e-05 0.00061455223 0)
(7.607616e-06 0.00062455573 0)
(-7.607616e-06 0.00062455573 0)
(-2.2620753e-05 0.00061455223 0)
(-3.7027604e-05 0.00059478836 0)
(-5.0423977e-05 0.00056575037 0)
(-6.2405677e-05 0.0005281676 0)
(-7.2568498e-05 0.00048301257 0)
(-8.0508221e-05 0.00043150091 0)
(-8.582062e-05 0.00037509153 0)
(-8.8101564e-05 0.00031548679 0)
(-8.6947493e-05 0.00025463304 0)
(-8.1957323e-05 0.00019472103 0)
(-7.2738988e-05 0.00013818242 0)
(-5.8928514e-05 8.7658177e-05 0)
(-4.0220604e-05 4.5803471e-05 0)
(-1.6454026e-05 1.4596056e-05 0)
(8.5093173e-06 9.7584567e-06 0)
(2.6142601e-05 4.1598774e-05 0)
(3.9954357e-05 8.4330297e-05 0)
(5.0078791e-05 0.00013570714 0)
(5.684908e-05 0.00019302487 0)
(6.0579037e-05 0.00025364317 0)
(6.1564549e-05 0.00031513191 0)
(6.0095821e-05 0.00037530092 0)
(5.6461778e-05 0.00043220401 0)
(5.0951136e-05 0.00048413884 0)
(4.38526e-05 0.00052964651 0)
(3.545488e-05 0.00056751139 0)
(2.6046683e-05 0.00059676097 0)
(1.5916717e-05 0.00061666589 0)
(5.3536902e-06 0.00062673991 0)
(-5.3536902e-06 0.00062673991 0)
(-1.5916717e-05 0.00061666589 0)
(-2.6046683e-05 0.00059676097 0)
(-3.545488e-05 0.00056751139 0)
(-4.38526e-05 0.00052964651 0)
(-5.0951136e-05 0.00048413884 0)
(-5.6461778e-05 0.00043220401 0)
(-6.0095821e-05 0.00037530092 0)
(-6.1564549e-05 0.00031513191 0)
(-6.0579037e-05 0.00025364317 0)
(-5.684908e-05 0.00019302487 0)
(-5.0078791e-05 0.00013570714 0)
(-3.9954357e-05 8.4330297e-05 0)
(-2.6142601e-05 4.1598774e-05 0)
(-8.5093173e-06 9.7584567e-06 0)
(4.3441112e-06 7.3255181e-06 0)
(1.4615055e-05 3.8708088e-05 0)
(2.304977e-05 8.1961883e-05 0)
(2.9251401e-05 0.00013392414 0)
(3.3402031e-05 0.00019177309 0)
(3.5712589e-05 0.00025286644 0)
(3.6371798e-05 0.00031477969 0)
(3.5557373e-05 0.00037532516 0)
(3.3443586e-05 0.00043255742 0)
(3.0203853e-05 0.00048477436 0)
(2.601141e-05 0.00053051712 0)
(2.1039471e-05 0.00056857006 0)
(1.5461253e-05 0.00059796069 0)
(9.4499758e-06 0.00061795965 0)
(3.1788626e-06 0.00062808069 0)
(-3.1788626e-06 0.00062808069 0)
(-9.4499758e-06 0.00061795965 0)
(-1.5461253e-05 0.00059796069 0)
(-2.1039471e-05 0.00056857006 0)
(-2.601141e-05 0.00053051712 0)
(-3.0203853e-05 0.00048477436 0)
(-3.3443586e-05 0.00043255742 0)
(-3.5557373e-05 0.00037532516 0)
(-3.6371798e-05 0.00031477969 0)
(-3.5712589e-05 0.00025286644 0)
(-3.3402031e-05 0.00019177309 0)
(-2.9251401e-05 0.00013392414 0)
(-2.304977e-05 8.1961883e-05 0)
(-1.4615055e-05 3.8708088e-05 0)
(-4.3441112e-06 7.3255181e-06 0)
(1.2758371e-06 6.2554591e-06 0)
(4.5924812e-06 3.7196803e-05 0)
(7.4363416e-06 8.064229e-05 0)
(9.5451935e-06 0.00013289601 0)
(1.0957527e-05 0.00019101592 0)
(1.1748456e-05 0.00025234963 0)
(1.1985685e-05 0.00031447616 0)
(1.1730673e-05 0.00037521016 0)
(1.1042303e-05 0.00043260709 0)
(9.9785983e-06 0.00048496509 0)
(8.597344e-06 0.00053082539 0)
(6.9562735e-06 0.00056897236 0)
(5.1131174e-06 0.00059843352 0)
(3.1256113e-06 0.00061847949 0)
(1.0514939e-06 0.00062862404 0)
(-1.0514939e-06 0.00062862404 0)
(-3.1256113e-06 0.00061847949 0)
(-5.1131174e-06 0.00059843352 0)
(-6.9562735e-06 0.00056897236 0)
(-8.597344e-06 0.00053082539 0)
(-9.9785983e-06 0.00048496509 0)
(-1.1042303e-05 0.00043260709 0)
(-1.1730673e-05 0.00037521016 0)
(-1.1985685e-05 0.00031447616 0)
(-1.1748456e-05 0.00025234963 0)
(-1.0957527e-05 0.00019101592 0)
(-9.5451935e-06 0.00013289601 0)
(-7.4363416e-06 8.064229e-05 0)
(-4.5924812e-06 3.7196803e-05 0)
(-1.2758371e-06 6.2554591e-06 0)
(-1.5394018e-06 6.155237e-06 0)
(-4.9424226e-06 3.699122e-05 0)
(-7.7304245e-06 8.0406528e-05 0)
(-9.7781427e-06 0.00013265784 0)
(-1.1149666e-05 0.0001907808 0)
(-1.1914141e-05 0.00025211688 0)
(-1.2131462e-05 0.00031424455 0)
(-1.1858816e-05 0.00037497896 0)
(-1.1153381e-05 0.000432376 0)
(-1.0072665e-05 0.00048473401 0)
(-8.674354e-06 0.0005305943 0)
(-7.0161892e-06 0.00056874126 0)
(-5.1559203e-06 0.00059820242 0)
(-3.1512943e-06 0.00061824839 0)
(-1.0600551e-06 0.00062839294 0)
(1.0600551e-06 0.00062839294 0)
(3.1512943e-06 0.00061824839 0)
(5.1559203e-06 0.00059820242 0)
(7.0161892e-06 0.00056874126 0)
(8.674354e-06 0.0005305943 0)
(1.0072665e-05 0.00048473401 0)
(1.1153381e-05 0.000432376 0)
(1.1858816e-05 0.00037497896 0)
(1.2131462e-05 0.00031424455 0)
(1.1914141e-05 0.00025211688 0)
(1.1149666e-05 0.0001907808 0)
(9.7781427e-06 0.00013265784 0)
(7.7304245e-06 8.0406528e-05 0)
(4.9424226e-06 3.699122e-05 0)
(1.5394018e-06 6.155237e-06 0)
(-4.5873871e-06 7.0131888e-06 0)
(-1.4920047e-05 3.808548e-05 0)
(-2.3311638e-05 8.1255337e-05 0)
(-2.9469205e-05 0.00013321157 0)
(-3.3588853e-05 0.00019106895 0)
(-3.5876951e-05 0.00025216872 0)
(-3.6517465e-05 0.00031408501 0)
(-3.5685632e-05 0.00037463157 0)
(-3.3554757e-05 0.00043186413 0)
(-3.0297964e-05 0.00048408111 0)
(-2.6088436e-05 0.00052982385 0)
(-2.1099391e-05 0.00056787677 0)
(-1.5504056e-05 0.0005972674 0)
(-9.4756587e-06 0.00061726635 0)
(-3.1874237e-06 0.00062738739 0)
(3.1874237e-06 0.00062738739 0)
(9.4756587e-06 0.00061726635 0)
(1.5504056e-05 0.0005972674 0)
(2.1099391e-05 0.00056787677 0)
(2.6088436e-05 0.00052982385 0)
(3.0297964e-05 0.00048408111 0)
(3.3554757e-05 0.00043186413 0)
(3.5685632e-05 0.00037463157 0)
(3.6517465e-05 0.00031408501 0)
(3.5876951e-05 0.00025216872 0)
(3.3588853e-05 0.00019106895 0)
(2.9469205e-05 0.00013321157 0)
(2.3311638e-05 8.1255337e-05 0)
(1.4920047e-05 3.808548e-05 0)
(4.5873871e-06 7.0131888e-06 0)
(-8.6778743e-06 9.1931958e-06 0)
(-2.6345179e-05 4.0544821e-05 0)
(-4.015664e-05 8.3157065e-05 0)
(-5.0271915e-05 0.00013452591 0)
(-5.7028144e-05 0.00019185497 0)
(-6.0741795e-05 0.0002524818 0)
(-6.171026e-05 0.00031397457 0)
(-6.0224338e-05 0.00037414504 0)
(-5.6573113e-05 0.00043104852 0)
(-5.104532e-05 0.0004829834 0)
(-4.3929652e-05 0.00052849105 0)
(-3.5514806e-05 0.0005663559 0)
(-2.6089487e-05 0.00059560547 0)
(-1.5942399e-05 0.00061551039 0)
(-5.362251e-06 0.00062558441 0)
(5.362251e-06 0.00062558441 0)
(1.5942399e-05 0.00061551039 0)
(2.6089487e-05 0.00059560547 0)
(3.5514806e-05 0.0005663559 0)
(4.3929652e-05 0.00052849105 0)
(5.104532e-05 0.0004829834 0)
(5.6573113e-05 0.00043104852 0)
(6.0224338e-05 0.00037414504 0)
(6.171026e-05 0.00031397457 0)
(6.0741795e-05 0.0002524818 0)
(5.7028144e-05 0.00019185497 0)
(5.0271915e-05 0.00013452591 0)
(4.015664e-05 8.3157065e-05 0)
(2.6345179e-05 4.0544821e-05 0)
(8.6778743e-06 9.1931958e-06 0)
(-1.6351414e-05 1.3683975e-05 0)
(-4.0252386e-05 4.4312663e-05 0)
(-5.9060271e-05 8.6030247e-05 0)
(-7.2909488e-05 0.00013654122 0)
(-8.2131222e-05 0.00019308939 0)
(-8.7109989e-05 0.00025300946 0)
(-8.8247825e-05 0.00031386717 0)
(-8.5949537e-05 0.00037347339 0)
(-8.0619743e-05 0.00042988319 0)
(-7.2662749e-05 0.00048139492 0)
(-6.2482746e-05 0.00052654994 0)
(-5.0483906e-05 0.00056413268 0)
(-3.7070407e-05 0.00059317067 0)
(-2.2646434e-05 0.00061293453 0)
(-7.6161765e-06 0.00062293803 0)
(7.6161765e-06 0.00062293803 0)
(2.2646434e-05 0.00061293453 0)
(3.7070407e-05 0.00059317067 0)
(5.0483906e-05 0.00056413268 0)
(6.2482746e-05 0.00052654994 0)
(7.2662749e-05 0.00048139492 0)
(8.0619743e-05 0.00042988319 0)
(8.5949537e-05 0.00037347339 0)
(8.8247825e-05 0.00031386717 0)
(8.7109989e-05 0.00025300946 0)
(8.2131222e-05 0.00019308939 0)
(7.2909488e-05 0.00013654122 0)
(5.9060271e-05 8.6030247e-05 0)
(4.0252386e-05 4.4312663e-05 0)
(1.6351414e-05 1.3683975e-05 0)
(2.738199e-06 -1.0644285e-06 0)
(2.2154805e-06 -1.0645316e-06 0)
(2.7164228e-06 -7.2222707e-07 0)
(2.2264868e-06 -7.1483324e-07 0)
(2.0138614e-06 -1.0262566e-06 0)
(1.9665367e-06 -7.5029022e-07 0)
(1.955666e-06 -7.7981712e-07 0)
(2.3943945e-06 -7.5880681e-07 0)
(3.1269168e-06 -7.5833153e-07 0)
(4.0593269e-06 -7.5850592e-07 0)
(5.1240754e-06 1.4779114e-07 0)
(6.2194836e-06 2.0459454e-07 0)
(7.3363545e-06 2.3053483e-07 0)
(8.4659697e-06 2.3325189e-07 0)
(9.5768632e-06 2.2409044e-07 0)
(1.0645901e-05 2.0702279e-07 0)
(1.1658222e-05 1.8431307e-07 0)
(1.2602961e-05 1.5717798e-07 0)
(1.3471641e-05 1.2640163e-07 0)
(1.4257338e-05 9.2562133e-08 0)
(1.4954287e-05 5.6144098e-08 0)
(1.5557704e-05 1.7588752e-08 0)
(1.6063694e-05 -2.2682738e-08 0)
(1.646921e-05 -6.4258529e-08 0)
(1.6772037e-05 -1.0673111e-07 0)
(1.6970776e-05 -1.49695e-07 0)
(1.7064846e-05 -1.9274564e-07 0)
(1.7054479e-05 -2.3547893e-07 0)
(1.6940716e-05 -2.77491e-07 0)
(1.6725413e-05 -3.1837806e-07 0)
(1.6411236e-05 -3.577364e-07 0)
(1.6001662e-05 -3.9516232e-07 0)
(1.5500979e-05 -4.3025215e-07 0)
(1.4914288e-05 -4.626022e-07 0)
(1.4247498e-05 -4.9180881e-07 0)
(1.3507332e-05 -5.1746831e-07 0)
(1.2701322e-05 -5.3917709e-07 0)
(1.1837812e-05 -5.5653151e-07 0)
(1.0925956e-05 -5.6912803e-07 0)
(9.9757203e-06 -5.7656319e-07 0)
(8.9978791e-06 -5.7843374e-07 0)
(8.0040169e-06 -5.7433684e-07 0)
(7.0065249e-06 -5.638706e-07 0)
(6.0185963e-06 -5.4663505e-07 0)
(5.0542169e-06 -5.2223437e-07 0)
(4.1281444e-06 -4.9028145e-07 0)
(3.2558657e-06 -4.5040775e-07 0)
(2.4535069e-06 -4.0228406e-07 0)
(1.7376435e-06 -3.4566538e-07 0)
(1.1248999e-06 -2.8048415e-07 0)
(6.3112228e-07 -2.0706683e-07 0)
(2.6953359e-07 -1.2649207e-07 0)
(4.7386195e-08 -4.2042419e-08 0)
(5.2416975e-06 -8.9563243e-07 0)
(6.2132444e-06 -9.1573939e-07 0)
(7.3238625e-06 -9.0241044e-07 0)
(8.4571545e-06 -8.8174484e-07 0)
(9.5691252e-06 -8.5279442e-07 0)
(1.063871e-05 -8.1792047e-07 0)
(1.1651243e-05 -7.7814723e-07 0)
(1.2596073e-05 -7.3427077e-07 0)
(1.3464791e-05 -6.8688474e-07 0)
(1.4250503e-05 -6.3649067e-07 0)
(1.4947459e-05 -5.8354093e-07 0)
(1.5550878e-05 -5.2846342e-07 0)
(1.6056869e-05 -4.7167378e-07 0)
(1.6462386e-05 -4.1358157e-07 0)
(1.6765213e-05 -3.5459333e-07 0)
(1.6963952e-05 -2.9511416e-07 0)
(1.7058023e-05 -2.3554839e-07 0)
(1.7047655e-05 -1.7630007e-07 0)
(1.6933892e-05 -1.1777304e-07 0)
(1.6718589e-05 -6.0371061e-08 0)
(1.6404412e-05 -4.4978716e-09 0)
(1.5994838e-05 4.9442836e-08 0)
(1.5494156e-05 1.0104738e-07 0)
(1.4907464e-05 1.4991209e-07 0)
(1.4240675e-05 1.9563331e-07 0)
(1.3500508e-05 2.3780738e-07 0)
(1.2694498e-05 2.7603064e-07 0)
(1.1830988e-05 3.0989948e-07 0)
(1.0919133e-05 3.3901033e-07 0)
(9.9688968e-06 3.6295974e-07 0)
(8.9910557e-06 3.8134444e-07 0)
(7.9971936e-06 3.9376157e-07 0)
(6.9997018e-06 3.9980911e-07 0)
(6.0117737e-06 3.9908671e-07 0)
(5.0473954e-06 3.9119759e-07 0)
(4.1213255e-06 3.757523e-07 0)
(3.2490535e-06 3.5237667e-07 0)
(2.4467104e-06 3.2072793e-07 0)
(1.7308849e-06 2.8052855e-07 0)
(1.1182323e-06 2.316324e-07 0)
(6.2467592e-07 1.7417878e-07 0)
(2.6361775e-07 1.0878466e-07 0)
(4.304394e-08 3.7694991e-08 0)
(-2.7371205e-06 -1.0644325e-06 0)
(-2.2144069e-06 -1.064535e-06 0)
(-2.7153442e-06 -7.2223643e-07 0)
(-2.225413e-06 -7.1484328e-07 0)
(-2.0127947e-06 -1.0262596e-06 0)
(-1.9654676e-06 -7.5030057e-07 0)
(-1.9546067e-06 -7.7982656e-07 0)
(-2.3933491e-06 -7.5881622e-07 0)
(-3.1258901e-06 -7.5834121e-07 0)
(-4.0583225e-06 -7.5851595e-07 0)
(-5.1230973e-06 1.478046e-07 0)
(-6.2185344e-06 2.046096e-07 0)
(-7.3354358e-06 2.3055086e-07 0)
(-8.4650831e-06 2.332684e-07 0)
(-9.5760096e-06 2.2410722e-07 0)
(-1.064508e-05 2.0703972e-07 0)
(-1.1657435e-05 1.8433007e-07 0)
(-1.2602208e-05 1.5719497e-07 0)
(-1.3470923e-05 1.2641854e-07 0)
(-1.4256653e-05 9.2578893e-08 0)
(-1.4953636e-05 5.616065e-08 0)
(-1.5557086e-05 1.7605067e-08 0)
(-1.6063109e-05 -2.2666662e-08 0)
(-1.6468658e-05 -6.4242675e-08 0)
(-1.6771516e-05 -1.0671546e-07 0)
(-1.6970287e-05 -1.4967953e-07 0)
(-1.7064388e-05 -1.9273037e-07 0)
(-1.705405e-05 -2.3546391e-07 0)
(-1.6940317e-05 -2.7747627e-07 0)
(-1.6725043e-05 -3.183637e-07 0)
(-1.6410893e-05 -3.5772246e-07 0)
(-1.6001346e-05 -3.9514886e-07 0)
(-1.550069e-05 -4.302392e-07 0)
(-1.4914024e-05 -4.6258981e-07 0)
(-1.4247259e-05 -4.91797e-07 0)
(-1.3507116e-05 -5.174571e-07 0)
(-1.2701128e-05 -5.3916647e-07 0)
(-1.183764e-05 -5.5652148e-07 0)
(-1.0925804e-05 -5.6911856e-07 0)
(-9.9755874e-06 -5.7655423e-07 0)
(-8.9977643e-06 -5.7842526e-07 0)
(-8.0039191e-06 -5.7432885e-07 0)
(-7.0064428e-06 -5.6386311e-07 0)
(-6.0185287e-06 -5.4662811e-07 0)
(-5.0541625e-06 -5.2222805e-07 0)
(-4.1281019e-06 -4.9027583e-07 0)
(-3.2558338e-06 -4.5040286e-07 0)
(-2.453484e-06 -4.0227994e-07 0)
(-1.7376281e-06 -3.4566203e-07 0)
(-1.1248906e-06 -2.8048159e-07 0)
(-6.3111744e-07 -2.0706504e-07 0)
(-2.6953175e-07 -1.2649105e-07 0)
(-4.7385947e-08 -4.2042109e-08 0)
(-5.2407227e-06 -8.9564665e-07 0)
(-6.2122953e-06 -9.1575486e-07 0)
(-7.3229437e-06 -9.0242635e-07 0)
(-8.4562679e-06 -8.8176107e-07 0)
(-9.5682715e-06 -8.5281084e-07 0)
(-1.063789e-05 -8.17937e-07 0)
(-1.1650457e-05 -7.7816383e-07 0)
(-1.259532e-05 -7.3428742e-07 0)
(-1.3464072e-05 -6.8690143e-07 0)
(-1.4249818e-05 -6.3650738e-07 0)
(-1.4946808e-05 -5.8355762e-07 0)
(-1.555026e-05 -5.2848002e-07 0)
(-1.6056284e-05 -4.716902e-07 0)
(-1.6461834e-05 -4.1359772e-07 0)
(-1.6764692e-05 -3.5460914e-07 0)
(-1.6963463e-05 -2.9512957e-07 0)
(-1.7057564e-05 -2.3556339e-07 0)
(-1.7047226e-05 -1.7631464e-07 0)
(-1.6933493e-05 -1.1778719e-07 0)
(-1.6718219e-05 -6.0384819e-08 0)
(-1.640407e-05 -4.5112448e-09 0)
(-1.5994523e-05 4.9429833e-08 0)
(-1.5493866e-05 1.0103474e-07 0)
(-1.49072e-05 1.498998e-07 0)
(-1.4240435e-05 1.9562137e-07 0)
(-1.3500292e-05 2.3779581e-07 0)
(-1.2694305e-05 2.7601949e-07 0)
(-1.1830816e-05 3.0988881e-07 0)
(-1.0918981e-05 3.3900021e-07 0)
(-9.968764e-06 3.6295023e-07 0)
(-8.9909409e-06 3.813356e-07 0)
(-7.9970958e-06 3.9375342e-07 0)
(-6.9996197e-06 3.9980165e-07 0)
(-6.0117061e-06 3.9907993e-07 0)
(-5.0473409e-06 3.9119147e-07 0)
(-4.121283e-06 3.7574684e-07 0)
(-3.2490215e-06 3.5237189e-07 0)
(-2.4466875e-06 3.2072386e-07 0)
(-1.7308695e-06 2.8052523e-07 0)
(-1.118223e-06 2.3162984e-07 0)
(-6.2467109e-07 1.7417699e-07 0)
(-2.6361592e-07 1.0878363e-07 0)
(-4.3043709e-08 3.7694679e-08 0)
(1.7616569e-07 2.1692419e-07 0)
(4.2335479e-07 1.5631665e-06 0)
(6.4034358e-07 3.8146763e-06 0)
(8.2086948e-07 6.845987e-06 0)
(9.6598986e-07 1.0519944e-05 0)
(1.0773543e-06 1.470013e-05 0)
(1.1568955e-06 1.9256009e-05 0)
(1.2066325e-06 2.4064529e-05 0)
(1.2286116e-06 2.9010629e-05 0)
(1.2248876e-06 3.3987411e-05 0)
(1.1975179e-06 3.8896184e-05 0)
(1.1485601e-06 4.3646484e-05 0)
(1.0800719e-06 4.8156074e-05 0)
(9.9411052e-07 5.2350948e-05 0)
(8.9273293e-07 5.6165329e-05 0)
(7.7799554e-07 5.9541666e-05 0)
(6.5195442e-07 6.2430631e-05 0)
(5.1666533e-07 6.4791122e-05 0)
(3.7418378e-07 6.6590258e-05 0)
(2.2656503e-07 6.7803381e-05 0)
(7.5864089e-08 6.8414052e-05 0)
(-7.5864233e-08 6.8414052e-05 0)
(-2.2656519e-07 6.7803381e-05 0)
(-3.7418395e-07 6.6590259e-05 0)
(-5.1666549e-07 6.4791123e-05 0)
(-6.5195456e-07 6.2430632e-05 0)
(-7.7799566e-07 5.9541667e-05 0)
(-8.9273303e-07 5.616533e-05 0)
(-9.941106e-07 5.2350949e-05 0)
(-1.0800719e-06 4.8156075e-05 0)
(-1.1485601e-06 4.3646485e-05 0)
(-1.1975179e-06 3.8896185e-05 0)
(-1.2248877e-06 3.3987412e-05 0)
(-1.2286116e-06 2.901063e-05 0)
(-1.2066326e-06 2.4064529e-05 0)
(-1.1568956e-06 1.9256009e-05 0)
(-1.0773543e-06 1.470013e-05 0)
(-9.6598993e-07 1.0519944e-05 0)
(-8.2086953e-07 6.8459872e-06 0)
(-6.403436e-07 3.8146764e-06 0)
(-4.233548e-07 1.5631665e-06 0)
(-1.7616569e-07 2.1692418e-07 0)
(-1.7627045e-07 2.168537e-07 0)
(-4.235034e-07 1.563073e-06 0)
(-6.4050142e-07 3.814578e-06 0)
(-8.210242e-07 6.8458871e-06 0)
(-9.6613752e-07 1.0519844e-05 0)
(-1.0774936e-06 1.4700029e-05 0)
(-1.1570261e-06 1.9255908e-05 0)
(-1.2067541e-06 2.4064428e-05 0)
(-1.2287242e-06 2.9010529e-05 0)
(-1.2249913e-06 3.398731e-05 0)
(-1.1976126e-06 3.8896084e-05 0)
(-1.1486458e-06 4.3646383e-05 0)
(-1.0801486e-06 4.8155973e-05 0)
(-9.9417832e-07 5.2350847e-05 0)
(-8.9279174e-07 5.6165228e-05 0)
(-7.7804538e-07 5.9541565e-05 0)
(-6.5199527e-07 6.243053e-05 0)
(-5.1669717e-07 6.4791021e-05 0)
(-3.7420659e-07 6.6590158e-05 0)
(-2.2657878e-07 6.780328e-05 0)
(-7.5868782e-08 6.8413951e-05 0)
(7.586858e-08 6.8413951e-05 0)
(2.2657855e-07 6.780328e-05 0)
(3.7420633e-07 6.6590158e-05 0)
(5.1669691e-07 6.4791022e-05 0)
(6.5199504e-07 6.2430531e-05 0)
(7.780452e-07 5.9541566e-05 0)
(8.9279163e-07 5.6165229e-05 0)
(9.9417824e-07 5.2350848e-05 0)
(1.0801486e-06 4.8155974e-05 0)
(1.1486458e-06 4.3646384e-05 0)
(1.1976126e-06 3.8896084e-05 0)
(1.2249913e-06 3.3987311e-05 0)
(1.2287242e-06 2.9010529e-05 0)
(1.2067541e-06 2.4064428e-05 0)
(1.157026e-06 1.9255909e-05 0)
(1.0774935e-06 1.4700029e-05 0)
(9.6613748e-07 1.0519844e-05 0)
(8.2102418e-07 6.8458872e-06 0)
(6.4050142e-07 3.8145782e-06 0)
(4.2350341e-07 1.563073e-06 0)
(1.7627046e-07 2.1685372e-07 0)
)
;

boundaryField
{
    cornea_bottom
    {
        type            solidTraction;
        nonOrthogonalCorrections true;
        useUndeformedArea false;
        traction        uniform (0 0 0);
        pressure        uniform 0;
        secondOrder     false;
        extrapolateValue false;
        setEffectiveTraction false;
        relaxationFactor 1;
        value           nonuniform List<vector> 
40
(
(-5.3305385e-06 -3.5272048e-06 0)
(-8.2447209e-06 -1.2842812e-05 0)
(-1.0663301e-05 -2.7639004e-05 0)
(-1.2613785e-05 -4.7023303e-05 0)
(-1.4115029e-05 -7.0084545e-05 0)
(-1.519219e-05 -9.5952286e-05 0)
(-1.5871962e-05 -0.00012380594 0)
(-1.6181557e-05 -0.00015287823 0)
(-1.6148349e-05 -0.00018245627 0)
(-1.5799761e-05 -0.0002118819 0)
(-1.5163229e-05 -0.00024055182 0)
(-1.4266191e-05 -0.00026791758 0)
(-1.3136082e-05 -0.0002934856 -2.4952036e-21)
(-1.1800334e-05 -0.00031681717 4.063958e-22)
(-1.0286377e-05 -0.00033752845 2.3735468e-21)
(-8.6216344e-06 -0.00035529045 -4.5331486e-37)
(-6.8335265e-06 -0.00036982902 2.5679657e-53)
(-4.9494703e-06 -0.00038092484 1.0780003e-69)
(-2.9968809e-06 -0.00038841343 5.8779558e-86)
(-1.003172e-06 -0.00039218514 0)
(1.0042434e-06 -0.00039218515 -3.0308483e-70)
(2.9979523e-06 -0.00038841345 -1.1494713e-53)
(4.9505418e-06 -0.00038092487 -8.2812456e-38)
(6.8345982e-06 -0.00036982906 -1.3845949e-21)
(8.6227065e-06 -0.0003552905 -2.4346234e-21)
(1.028745e-05 -0.00033752852 6.2304921e-21)
(1.1801407e-05 -0.00031681724 2.8103828e-21)
(1.3137155e-05 -0.00029348567 0)
(1.4267265e-05 -0.00026791766 0)
(1.5164305e-05 -0.0002405519 0)
(1.5800838e-05 -0.00021188199 0)
(1.6149427e-05 -0.00018245635 0)
(1.6182636e-05 -0.00015287831 0)
(1.5873042e-05 -0.00012380601 0)
(1.5193271e-05 -9.5952351e-05 0)
(1.4116111e-05 -7.0084599e-05 0)
(1.2614866e-05 -4.7023345e-05 -5.8252785e-22)
(1.0664383e-05 -2.7639034e-05 -8.1947433e-22)
(8.245803e-06 -1.2842829e-05 -2.1834636e-22)
(5.3316199e-06 -3.5272091e-06 0)
)
;
        gradient        nonuniform List<vector> 
40
(
(-0.0059364095 -0.0023889151 0)
(-0.012055871 -0.0021815844 0)
(-0.017090203 -0.001787344 0)
(-0.021222715 -0.0014120704 0)
(-0.024464425 -0.0010548019 0)
(-0.026860621 -0.00071874486 0)
(-0.028462886 -0.00040474084 0)
(-0.029325072 -0.00011306741 0)
(-0.029501741 0.00015618919 0)
(-0.02904768 0.00040300356 0)
(-0.028017742 0.00062736966 0)
(-0.026466795 0.00082928754 0)
(-0.024449708 0.0010087593 -9.9808143e-18)
(-0.022021347 0.0011657879 1.6255832e-18)
(-0.019236569 0.0013003768 9.4941871e-18)
(-0.01615022 0.0014125293 -4.0778555e-33)
(-0.012817143 0.0015022485 -8.6526676e-50)
(-0.0092921693 0.0015695363 -6.6522859e-66)
(-0.0056301298 0.0016143942 -4.1593406e-82)
(-0.0018858516 0.001636823 0)
(0.0018858395 0.001636823 -8.7541826e-68)
(0.005630118 0.0016143942 1.4632859e-51)
(0.0092921578 0.0015695364 -9.9176935e-34)
(0.012817132 0.0015022487 -5.5383794e-18)
(0.016150211 0.0014125297 -9.7384935e-18)
(0.01923656 0.0013003772 2.4921969e-17)
(0.02202134 0.0011657885 1.1241531e-17)
(0.024449702 0.00100876 0)
(0.026466791 0.00082928835 0)
(0.02801774 0.00062737062 0)
(0.029047681 0.00040300462 0)
(0.029501744 0.00015619029 0)
(0.029325077 -0.00011306635 0)
(0.028462894 -0.00040473989 0)
(0.02686063 -0.00071874404 0)
(0.024464436 -0.0010548012 0)
(0.021222727 -0.0014120698 -2.3301114e-18)
(0.017090216 -0.0017873435 -3.2778973e-18)
(0.012055884 -0.0021815843 -8.7338542e-19)
(0.0059364193 -0.0023889169 0)
)
;
    }
    cornea_top
    {
        type            solidTraction;
        nonOrthogonalCorrections true;
        useUndeformedArea false;
        traction        uniform (0 0 0);
        pressure        uniform 1000;
        secondOrder     false;
        extrapolateValue false;
        setEffectiveTraction false;
        relaxationFactor 1;
        value           nonuniform List<vector> 
40
(
(4.7557951e-07 -3.5933191e-06 0)
(3.5931316e-06 -1.2935239e-05 0)
(6.2482179e-06 -2.7739743e-05 0)
(8.4462411e-06 -4.7126745e-05 0)
(1.0198579e-05 -7.0188861e-05 0)
(1.1527985e-05 -9.6056886e-05 0)
(1.2460375e-05 -0.00012391063 0)
(1.3022708e-05 -0.00015298295 0)
(1.3242277e-05 -0.000182561 0)
(1.314648e-05 -0.00021198663 0)
(1.2762742e-05 -0.00024065655 0)
(1.2118499e-05 -0.00026802231 0)
(1.1241186e-05 -0.00029359033 0)
(1.0158235e-05 -0.00031692191 0)
(8.8970742e-06 -0.00033763319 0)
(7.4851279e-06 -0.00035539519 0)
(5.9498164e-06 -0.00036993375 0)
(4.3185566e-06 -0.00038102957 0)
(2.6187637e-06 -0.00038851816 0)
(8.7785116e-07 -0.00039228988 0)
(-8.7676781e-07 -0.00039228988 0)
(-2.6176804e-06 -0.00038851818 0)
(-4.3174737e-06 -0.0003810296 0)
(-5.9487339e-06 -0.00036993379 0)
(-7.484046e-06 -0.00035539524 0)
(-8.895993e-06 -0.00033763325 0)
(-1.0157154e-05 -0.00031692197 0)
(-1.1240106e-05 -0.00029359041 0)
(-1.2117421e-05 -0.00026802239 0)
(-1.2761665e-05 -0.00024065664 0)
(-1.3145404e-05 -0.00021198672 0)
(-1.3241203e-05 -0.00018256108 0)
(-1.3021634e-05 -0.00015298303 0)
(-1.2459302e-05 -0.0001239107 0)
(-1.1526913e-05 -9.605695e-05 0)
(-1.0197509e-05 -7.0188915e-05 0)
(-8.4451713e-06 -4.7126787e-05 0)
(-6.2471488e-06 -2.7739773e-05 0)
(-3.5920631e-06 -1.2935256e-05 0)
(-4.7451037e-07 -3.5933236e-06 0)
)
;
        gradient        nonuniform List<vector> 
40
(
(0.0059847543 -0.0025104328 0)
(0.012073184 -0.0023641695 0)
(0.017095711 -0.0019879986 0)
(0.021224504 -0.0016186927 0)
(0.024465004 -0.0012633493 0)
(0.026860808 -0.00092791585 0)
(0.028462947 -0.00061411361 0)
(0.029325092 -0.00032250546 0)
(0.029501748 -5.3270078e-05 0)
(0.029047683 0.00019353729 0)
(0.028017743 0.00041790106 0)
(0.026466795 0.00061981819 0)
(0.024449708 0.00079928973 0)
(0.022021347 0.00095631826 0)
(0.019236569 0.0010909071 0)
(0.01615022 0.0012030596 0)
(0.012817143 0.0012927787 0)
(0.0092921693 0.0013600665 0)
(0.0056301298 0.0014049245 0)
(0.0018858516 0.0014273533 0)
(-0.0018858395 0.0014273534 0)
(-0.005630118 0.0014049247 0)
(-0.0092921578 0.0013600669 0)
(-0.012817132 0.0012927791 0)
(-0.016150211 0.0012030601 0)
(-0.01923656 0.0010909076 0)
(-0.02202134 0.0009563188 0)
(-0.024449702 0.00079929037 0)
(-0.026466791 0.00061981901 0)
(-0.028017741 0.00041790201 0)
(-0.029047683 0.00019353825 0)
(-0.029501751 -5.3269245e-05 0)
(-0.029325097 -0.00032250473 0)
(-0.028462954 -0.00061411291 0)
(-0.026860818 -0.00092791523 0)
(-0.024465015 -0.0012633489 0)
(-0.021224516 -0.0016186924 0)
(-0.017095723 -0.0019879984 0)
(-0.012073196 -0.0023641699 0)
(-0.0059847634 -0.0025104352 0)
)
;
    }
    iris_pupil
    {
        type            solidTraction;
        nonOrthogonalCorrections true;
        useUndeformedArea false;
        traction        uniform (0 0 0);
        pressure        uniform 0;
        secondOrder     false;
        extrapolateValue false;
        setEffectiveTraction false;
        relaxationFactor 1;
        value           nonuniform List<vector> 10((9.6131941e-05 -0.0012384847 0) (7.7271944e-05 -0.0012451353 0) (5.453422e-05 -0.001248669 0) (3.0475936e-05 -0.0012502269 0) (5.8326068e-06 -0.001250987 0) (-1.8939188e-05 -0.0012512343 0) (-4.357899e-05 -0.0012509668 0) (-6.7627472e-05 -0.0012498907 0) (-9.0333369e-05 -0.0012468223 0) (-0.0001091291 -0.0012405653 0));
        gradient        nonuniform List<vector> 10((-0.020887577 -0.065431401 0) (-0.0090931366 -0.086661919 0) (-0.0045460903 -0.097491684 0) (-0.0020697105 -0.10146169 0) (-0.00089945599 -0.10294817 0) (1.8103906e-05 -0.10294083 0) (0.0011995902 -0.10143392 0) (0.0037004506 -0.097404956 0) (0.0083262852 -0.086461722 0) (0.020210086 -0.06485182 0));
    }
    iris_bottom
    {
        type            solidTraction;
        nonOrthogonalCorrections true;
        useUndeformedArea false;
        traction        uniform (0 0 0);
        pressure        uniform 1000;
        secondOrder     false;
        extrapolateValue false;
        setEffectiveTraction false;
        relaxationFactor 1;
        value           nonuniform List<vector> 
26
(
(0.00010922583 -0.0012210115 0)
(0.00011553874 -0.0011736144 0)
(0.00011748792 -0.0011224784 0)
(0.00011863233 -0.0010705586 0)
(0.0001195343 -0.0010182759 0)
(0.00012026866 -0.0009656994 0)
(0.00012081642 -0.00091288754 6.3887947e-21)
(0.0001211437 -0.00085991942 6.699179e-22)
(0.00012121539 -0.00080689266 -5.5099252e-21)
(0.0001209968 -0.00075392066 -3.7139961e-36)
(0.00012045358 -0.00070113149 -2.2860054e-21)
(0.0001195515 -0.00064866755 -6.0774418e-22)
(0.00011825639 -0.0005966855 1.2327591e-36)
(0.00011653406 -0.00054535622 -7.919713e-37)
(0.00011435033 -0.00049486485 -2.0998845e-21)
(0.00011167103 -0.00044541075 -5.3392987e-21)
(0.00010846197 -0.00039720753 -2.7994632e-22)
(0.00010468899 -0.00035048307 7.1071743e-37)
(0.00010031792 -0.0003054795 3.0086697e-52)
(9.5314726e-05 -0.00026245321 -1.1593172e-67)
(8.9645819e-05 -0.00022167476 -1.399233e-82)
(8.327921e-05 -0.00018342795 0)
(7.6187423e-05 -0.00014800601 0)
(6.8349559e-05 -0.0001156983 0)
(5.9716951e-05 -8.6779985e-05 0)
(4.9384662e-05 -6.1650931e-05 -4.0887994e-24)
)
;
        gradient        nonuniform List<vector> 
26
(
(0.065599962 0.0092944051 0)
(0.098533116 0.0042837531 0)
(0.10305583 0.0020686825 0)
(0.10420248 0.0016198768 0)
(0.10485916 0.0014441405 0)
(0.10538833 0.0012923358 0)
(0.10577998 0.0011178762 5.3239956e-17)
(0.10599488 0.00091384511 5.5826492e-18)
(0.10599876 0.00067989802 -4.5916044e-17)
(0.10576117 0.00041636658 1.673587e-33)
(0.10525311 0.00012344499 -1.9050045e-17)
(0.10444599 -0.00019879529 -5.0645348e-18)
(0.10331133 -0.00055033439 1.642289e-32)
(0.10182065 -0.00093116855 1.4649433e-32)
(0.099945478 -0.001341298 -1.7499038e-17)
(0.097657318 -0.0017807235 -4.4494155e-17)
(0.094927675 -0.0022494446 -2.332886e-18)
(0.091728032 -0.0027474509 8.7554837e-33)
(0.088029857 -0.0032746849 -3.3087079e-48)
(0.083804739 -0.0038309015 2.5641763e-63)
(0.07902526 -0.0044152214 1.4114083e-78)
(0.073668748 -0.0050250269 0)
(0.06772965 -0.0056555645 0)
(0.061226026 -0.0063159165 0)
(0.054047372 -0.0073849558 1.6274522e-320)
(0.038802747 -0.0086242821 -3.4073328e-20)
)
;
    }
    iris_top
    {
        type            solidTraction;
        nonOrthogonalCorrections true;
        useUndeformedArea false;
        traction        uniform (0 0 0);
        pressure        uniform 1300;
        secondOrder     false;
        extrapolateValue false;
        setEffectiveTraction false;
        relaxationFactor 1;
        value           nonuniform List<vector> 
26
(
(-0.00012199973 -0.0012234732 0)
(-0.00012793962 -0.0011761281 0)
(-0.00012945805 -0.0011249958 0)
(-0.00013015849 -0.0010730737 0)
(-0.00013061291 -0.0010207892 0)
(-0.00013089878 -0.00096821167 0)
(-0.00013099786 -0.00091539936 0)
(-0.0001308765 -0.00086243106 0)
(-0.00013049961 -0.00080940425 0)
(-0.00012983248 -0.00075643224 0)
(-0.00012884074 -0.00070364308 0)
(-0.00012749016 -0.00065117915 0)
(-0.00012574655 -0.0005991971 0)
(-0.00012357572 -0.00054786782 0)
(-0.00012094349 -0.00049737645 0)
(-0.0001178157 -0.00044792233 0)
(-0.00011415815 -0.0003997191 0)
(-0.00010993666 -0.0003529946 0)
(-0.00010511704 -0.00030799096 0)
(-9.9665177e-05 -0.0002649646 0)
(-9.3547312e-05 -0.00022418618 0)
(-8.6731185e-05 -0.00018593989 0)
(-7.9189055e-05 -0.00015051991 0)
(-7.0900682e-05 -0.0001182174 0)
(-6.1824151e-05 -8.9307507e-05 0)
(-5.1101615e-05 -6.4161604e-05 0)
)
;
        gradient        nonuniform List<vector> 
26
(
(-0.065150953 0.0073262894 0)
(-0.098477387 0.0022307055 0)
(-0.1030544 -1.4768598e-05 0)
(-0.10420664 -0.00047077111 0)
(-0.10486205 -0.00064844866 0)
(-0.1053898 -0.0008007373 0)
(-0.10578061 -0.0009752591 0)
(-0.10599511 -0.0011792509 0)
(-0.10599882 -0.0014131536 0)
(-0.10576117 -0.0016766565 0)
(-0.1052531 -0.0019695635 0)
(-0.10444598 -0.0022917973 0)
(-0.10331133 -0.0026433336 0)
(-0.10182065 -0.0030241661 0)
(-0.099945488 -0.003434294 0)
(-0.097657345 -0.0038737189 0)
(-0.094927734 -0.0043424448 0)
(-0.09172814 -0.0048404742 0)
(-0.088029998 -0.0053677793 0)
(-0.083804779 -0.0059241712 0)
(-0.079024709 -0.0065088538 0)
(-0.073666276 -0.0071192529 0)
(-0.067722491 -0.0077502154 0)
(-0.061212399 -0.008407816 0)
(-0.054055799 -0.0094510285 0)
(-0.039171117 -0.010593153 0)
)
;
    }
    sclera_stub_bottom
    {
        type            solidTraction;
        nonOrthogonalCorrections true;
        useUndeformedArea false;
        traction        uniform (0 0 0);
        pressure        uniform 1000;
        secondOrder     false;
        extrapolateValue false;
        setEffectiveTraction false;
        relaxationFactor 1;
        value           nonuniform List<vector> 4((3.8852188e-05 -4.1999431e-05 6.7187984e-37) (3.0575536e-05 -2.6025656e-05 9.2466343e-52) (1.9587107e-05 -1.3431924e-05 0) (7.9390741e-06 -5.0892597e-06 0));
        gradient        nonuniform List<vector> 4((0.022772249 -0.0025676875 9.3599075e-33) (0.028567507 -0.0075136063 -2.2387551e-48) (0.020936396 -0.0089584836 0) (0.013644457 -0.0077937074 0));
    }
    sclera_stub_top
    {
        type            solidTraction;
        nonOrthogonalCorrections true;
        useUndeformedArea false;
        traction        uniform (0 0 0);
        pressure        uniform 1300;
        secondOrder     false;
        extrapolateValue false;
        setEffectiveTraction false;
        relaxationFactor 1;
        value           nonuniform List<vector> 4((-4.0161528e-05 -4.4504981e-05 0) (-3.1606118e-05 -2.8485708e-05 0) (-2.0418202e-05 -1.5619184e-05 0) (-8.627423e-06 -6.4892388e-06 0));
        gradient        nonuniform List<vector> 4((-0.022471564 -0.0044846622 0) (-0.028885797 -0.0094271396 0) (-0.021996469 -0.010813726 0) (-0.015890182 -0.0098707823 0));
    }
    iris_base
    {
        type            fixedValue;
        value           uniform (0 0 0);
    }
    iris_pupil_left
    {
        type            solidTraction;
        nonOrthogonalCorrections true;
        useUndeformedArea false;
        traction        uniform (0 0 0);
        pressure        uniform 0;
        secondOrder     false;
        extrapolateValue false;
        setEffectiveTraction false;
        relaxationFactor 1;
        value           nonuniform List<vector> 10((-9.6131938e-05 -0.0012384846 0) (-7.7271942e-05 -0.0012451352 0) (-5.4534218e-05 -0.0012486689 0) (-3.0475935e-05 -0.0012502269 0) (-5.8326065e-06 -0.001250987 0) (1.8939188e-05 -0.0012512342 0) (4.3578989e-05 -0.0012509667 0) (6.762747e-05 -0.0012498907 0) (9.0333367e-05 -0.0012468222 0) (0.00010912909 -0.0012405653 0));
        gradient        nonuniform List<vector> 10((0.020887576 -0.065431398 0) (0.009093136 -0.086661916 0) (0.0045460898 -0.097491681 0) (0.0020697101 -0.10146169 0) (0.00089945564 -0.10294817 0) (-1.8104222e-05 -0.10294082 0) (-0.0011995904 -0.10143392 0) (-0.0037004506 -0.097404953 0) (-0.0083262851 -0.086461719 0) (-0.020210085 -0.064851817 0));
    }
    iris_bottom_left
    {
        type            solidTraction;
        nonOrthogonalCorrections true;
        useUndeformedArea false;
        traction        uniform (0 0 0);
        pressure        uniform 1000;
        secondOrder     false;
        extrapolateValue false;
        setEffectiveTraction false;
        relaxationFactor 1;
        value           nonuniform List<vector> 
26
(
(-4.9384661e-05 -6.165093e-05 0)
(-5.971695e-05 -8.6779984e-05 0)
(-6.8349558e-05 -0.0001156983 0)
(-7.6187422e-05 -0.00014800601 0)
(-8.3279208e-05 -0.00018342795 0)
(-8.9645817e-05 -0.00022167476 7.1875263e-22)
(-9.5314724e-05 -0.00026245321 2.2117575e-21)
(-0.00010031792 -0.00030547949 1.8234482e-21)
(-0.00010468899 -0.00035048306 -5.1266386e-38)
(-0.00010846197 -0.00039720752 0)
(-0.00011167103 -0.00044541074 -4.8906194e-99)
(-0.00011435033 -0.00049486484 2.3090715e-66)
(-0.00011653405 -0.00054535621 -1.4157099e-51)
(-0.00011825639 -0.00059668549 3.70884e-37)
(-0.0001195515 -0.00064866754 -2.7384302e-21)
(-0.00012045358 -0.00070113148 -1.927027e-21)
(-0.0001209968 -0.00075392064 0)
(-0.00012121539 -0.00080689264 0)
(-0.0001211437 -0.0008599194 0)
(-0.00012081641 -0.00091288752 0)
(-0.00012026866 -0.00096569938 0)
(-0.0001195343 -0.0010182759 0)
(-0.00011863233 -0.0010705585 0)
(-0.00011748792 -0.0011224783 0)
(-0.00011553874 -0.0011736144 0)
(-0.00010922583 -0.0012210114 0)
)
;
        gradient        nonuniform List<vector> 
26
(
(-0.038802746 -0.0086242819 0)
(-0.054047371 -0.0073849557 0)
(-0.061226025 -0.0063159164 0)
(-0.067729649 -0.0056555644 0)
(-0.073668747 -0.0050250268 0)
(-0.079025258 -0.0044152212 5.9896053e-18)
(-0.083804737 -0.0038309013 1.8431313e-17)
(-0.088029855 -0.0032746848 1.5195402e-17)
(-0.091728031 -0.0027474507 -5.1199487e-34)
(-0.094927673 -0.0022494445 0)
(-0.097657316 -0.0017807234 -1.4882142e-95)
(-0.099945476 -0.0013412979 -5.2446215e-63)
(-0.10182065 -0.00093116846 -2.0908885e-48)
(-0.10331133 -0.00055033431 3.0801479e-32)
(-0.10444599 -0.00019879522 -2.2820252e-17)
(-0.1052531 0.00012344505 -1.6058559e-17)
(-0.10576117 0.00041636663 0)
(-0.10599876 0.00067989806 0)
(-0.10599488 0.00091384517 0)
(-0.10577998 0.0011178763 0)
(-0.10538833 0.0012923358 0)
(-0.10485916 0.0014441405 0)
(-0.10420248 0.0016198769 0)
(-0.10305583 0.0020686825 0)
(-0.098533114 0.0042837534 0)
(-0.06559996 0.0092944052 0)
)
;
    }
    iris_top_left
    {
        type            solidTraction;
        nonOrthogonalCorrections true;
        useUndeformedArea false;
        traction        uniform (0 0 0);
        pressure        uniform 1300;
        secondOrder     false;
        extrapolateValue false;
        setEffectiveTraction false;
        relaxationFactor 1;
        value           nonuniform List<vector> 
26
(
(5.1101614e-05 -6.4161603e-05 0)
(6.182415e-05 -8.9307506e-05 0)
(7.0900681e-05 -0.0001182174 0)
(7.9189054e-05 -0.0001505199 0)
(8.6731183e-05 -0.00018593989 0)
(9.354731e-05 -0.00022418618 0)
(9.9665175e-05 -0.0002649646 0)
(0.00010511704 -0.00030799096 0)
(0.00010993666 -0.00035299459 0)
(0.00011415815 -0.00039971909 0)
(0.0001178157 -0.00044792233 0)
(0.00012094349 -0.00049737644 0)
(0.00012357572 -0.00054786781 0)
(0.00012574655 -0.00059919709 0)
(0.00012749016 -0.00065117914 0)
(0.00012884074 -0.00070364307 0)
(0.00012983248 -0.00075643223 0)
(0.00013049961 -0.00080940424 0)
(0.0001308765 -0.00086243105 0)
(0.00013099786 -0.00091539934 0)
(0.00013089877 -0.00096821165 0)
(0.00013061291 -0.0010207891 0)
(0.00013015849 -0.0010730737 0)
(0.00012945804 -0.0011249958 0)
(0.00012793961 -0.0011761281 0)
(0.00012199973 -0.0012234732 0)
)
;
        gradient        nonuniform List<vector> 
26
(
(0.039171116 -0.010593153 0)
(0.054055798 -0.0094510284 0)
(0.061212398 -0.0084078158 0)
(0.06772249 -0.0077502153 0)
(0.073666274 -0.0071192527 0)
(0.079024707 -0.0065088536 0)
(0.083804777 -0.005924171 0)
(0.088029996 -0.0053677792 0)
(0.091728138 -0.0048404741 0)
(0.094927732 -0.0043424446 0)
(0.097657342 -0.0038737188 0)
(0.099945486 -0.0034342939 0)
(0.10182065 -0.003024166 0)
(0.10331132 -0.0026433335 0)
(0.10444598 -0.0022917972 0)
(0.10525309 -0.0019695634 0)
(0.10576117 -0.0016766565 0)
(0.10599882 -0.0014131536 0)
(0.1059951 -0.0011792508 0)
(0.10578061 -0.00097525904 0)
(0.1053898 -0.00080073725 0)
(0.10486205 -0.00064844858 0)
(0.10420663 -0.00047077103 0)
(0.1030544 -1.4768402e-05 0)
(0.098477384 0.0022307057 0)
(0.06515095 0.0073262892 0)
)
;
    }
    sclera_stub_bottom_left
    {
        type            solidTraction;
        nonOrthogonalCorrections true;
        useUndeformedArea false;
        traction        uniform (0 0 0);
        pressure        uniform 1000;
        secondOrder     false;
        extrapolateValue false;
        setEffectiveTraction false;
        relaxationFactor 1;
        value           nonuniform List<vector> 4((-7.939074e-06 -5.0892597e-06 0) (-1.9587106e-05 -1.3431924e-05 0) (-3.0575535e-05 -2.6025656e-05 0) (-3.8852187e-05 -4.1999431e-05 0));
        gradient        nonuniform List<vector> 4((-0.013644457 -0.0077937073 0) (-0.020936396 -0.0089584834 0) (-0.028567507 -0.0075136062 0) (-0.022772249 -0.0025676875 0));
    }
    sclera_stub_top_left
    {
        type            solidTraction;
        nonOrthogonalCorrections true;
        useUndeformedArea false;
        traction        uniform (0 0 0);
        pressure        uniform 1300;
        secondOrder     false;
        extrapolateValue false;
        setEffectiveTraction false;
        relaxationFactor 1;
        value           nonuniform List<vector> 4((8.6274229e-06 -6.4892387e-06 0) (2.0418202e-05 -1.5619184e-05 0) (3.1606117e-05 -2.8485707e-05 0) (4.0161527e-05 -4.4504981e-05 0));
        gradient        nonuniform List<vector> 4((0.015890181 -0.0098707821 0) (0.021996469 -0.010813726 0) (0.028885797 -0.0094271395 0) (0.022471563 -0.0044846621 0));
    }
    iris_base_left
    {
        type            fixedValue;
        value           uniform (0 0 0);
    }
    lens_bottom
    {
        type            solidTraction;
        nonOrthogonalCorrections true;
        useUndeformedArea false;
        traction        uniform (0 0 0);
        pressure        uniform 1300;
        secondOrder     false;
        extrapolateValue false;
        setEffectiveTraction false;
        relaxationFactor 1;
        value           nonuniform List<vector> 
30
(
(2.245875e-05 1.7448522e-05 -4.4748908e-22)
(4.8805958e-05 4.8440588e-05 -4.1756988e-38)
(6.9769121e-05 8.9746235e-05 -1.3841838e-70)
(8.5327799e-05 0.00013972992 -1.9642643e-82)
(9.5669443e-05 0.00019575728 -3.7263662e-67)
(0.00010118252 0.00025520041 -2.6659353e-53)
(0.00010231112 0.00031563121 -7.241788e-37)
(9.9513544e-05 0.0003748598 6.2224514e-21)
(9.3251257e-05 0.00043094004 2.5988535e-21)
(8.3986249e-05 0.00048216957 -4.7198831e-22)
(7.2180539e-05 0.00052708951 8.4426534e-37)
(5.8296109e-05 0.0005644842 -1.512446e-53)
(4.2794908e-05 0.00059338115 0)
(2.6138877e-05 0.00061305098 0)
(8.7899475e-06 0.00062300745 0)
(-8.7899475e-06 0.00062300745 0)
(-2.6138877e-05 0.00061305098 0)
(-4.2794908e-05 0.00059338115 4.5078625e-37)
(-5.8296109e-05 0.0005644842 2.8677266e-21)
(-7.2180539e-05 0.00052708951 4.3241667e-21)
(-8.3986249e-05 0.00048216957 -5.1640476e-21)
(-9.3251257e-05 0.00043094004 -7.5027328e-21)
(-9.9513544e-05 0.0003748598 -8.0564173e-37)
(-0.00010231112 0.00031563121 -7.6412649e-53)
(-0.00010118252 0.00025520041 0)
(-9.5669443e-05 0.00019575728 0)
(-8.5327799e-05 0.00013972992 0)
(-6.9769121e-05 8.9746235e-05 0)
(-4.8805958e-05 4.8440588e-05 0)
(-2.245875e-05 1.7448522e-05 0)
)
;
        gradient        nonuniform List<vector> 
30
(
(0.02528305 0.012010385 -1.8841646e-18)
(0.036148856 0.011103651 9.6419055e-34)
(0.045644665 0.0087918231 1.5258396e-68)
(0.053005521 0.0065157833 -1.1725231e-79)
(0.057735246 0.0043631549 -1.6585986e-64)
(0.059936966 0.0023889299 -3.306294e-49)
(0.059829696 0.00060807609 -9.7729143e-33)
(0.057654415 -0.0009756842 2.6199795e-17)
(0.053654886 -0.0023615632 1.0942541e-17)
(0.048074739 -0.0035494394 -1.9873192e-18)
(0.041157315 -0.0045393157 4.7614087e-33)
(0.033145816 -0.0053312067 4.0263579e-49)
(0.024283387 -0.0059251211 0)
(0.014813153 -0.006321063 0)
(0.004978238 -0.0065190337 0)
(-0.004978238 -0.0065190337 0)
(-0.014813153 -0.006321063 0)
(-0.024283387 -0.0059251211 3.7308363e-33)
(-0.033145816 -0.0053312067 1.2074638e-17)
(-0.041157315 -0.0045393157 1.8207018e-17)
(-0.048074739 -0.0035494394 -2.1743358e-17)
(-0.053654886 -0.0023615632 -3.1590454e-17)
(-0.057654415 -0.0009756842 1.6061723e-33)
(-0.059829696 0.00060807609 1.6382729e-49)
(-0.059936966 0.0023889299 0)
(-0.057735246 0.0043631549 0)
(-0.053005521 0.0065157833 0)
(-0.045644665 0.0087918231 0)
(-0.036148856 0.011103651 0)
(-0.02528305 0.012010385 0)
)
;
    }
    lens_top
    {
        type            solidTraction;
        nonOrthogonalCorrections true;
        useUndeformedArea false;
        traction        uniform (0 0 0);
        pressure        uniform 0;
        secondOrder     false;
        extrapolateValue false;
        setEffectiveTraction false;
        relaxationFactor 1;
        value           nonuniform List<vector> 
30
(
(-2.2137904e-05 1.6302482e-05 0)
(-4.8754609e-05 4.6742435e-05 0)
(-6.9880792e-05 8.7900147e-05 0)
(-8.54965e-05 0.00013786261 0)
(-9.5844877e-05 0.00019389603 0)
(-0.00010134627 0.00025334602 0)
(-0.00010245798 0.00031378047 0)
(-9.9642685e-05 0.00037301051 0)
(-9.3362841e-05 0.00042909119 0)
(-8.4080509e-05 0.00048032081 0)
(-7.2257606e-05 0.00052524075 0)
(-5.8356034e-05 0.00056263542 0)
(-4.283771e-05 0.00059153235 0)
(-2.6164557e-05 0.00061120218 0)
(-8.7985078e-06 0.00062115866 0)
(8.7985078e-06 0.00062115866 0)
(2.6164557e-05 0.00061120218 0)
(4.283771e-05 0.00059153235 0)
(5.8356034e-05 0.00056263542 0)
(7.2257606e-05 0.00052524075 0)
(8.4080509e-05 0.00048032081 0)
(9.3362841e-05 0.00042909119 0)
(9.9642685e-05 0.00037301051 0)
(0.00010245798 0.00031378047 0)
(0.00010134627 0.00025334602 0)
(9.5844877e-05 0.00019389603 0)
(8.54965e-05 0.00013786261 0)
(6.9880792e-05 8.7900147e-05 0)
(4.8754609e-05 4.6742435e-05 0)
(2.2137904e-05 1.6302482e-05 0)
)
;
        gradient        nonuniform List<vector> 
30
(
(-0.02436417 0.011025292 0)
(-0.035798833 0.010230619 0)
(-0.045560088 0.0078732622 0)
(-0.052997942 0.0055637325 0)
(-0.057741703 0.0033963786 0)
(-0.05994222 0.0014170944 0)
(-0.059832248 -0.00036505321 0)
(-0.057655358 -0.0019489592 0)
(-0.053655149 -0.003334752 0)
(-0.048074779 -0.0045225504 0)
(-0.041157305 -0.0055123875 0)
(-0.033145804 -0.0063042635 0)
(-0.02428338 -0.0068981736 0)
(-0.014813151 -0.0072941147 0)
(-0.0049782373 -0.0074920854 0)
(0.0049782373 -0.0074920854 0)
(0.014813151 -0.0072941147 0)
(0.02428338 -0.0068981736 0)
(0.033145804 -0.0063042635 0)
(0.041157305 -0.0055123875 0)
(0.048074779 -0.0045225504 0)
(0.053655149 -0.003334752 0)
(0.057655358 -0.0019489592 0)
(0.059832248 -0.00036505321 0)
(0.05994222 0.0014170944 0)
(0.057741703 0.0033963786 0)
(0.052997942 0.0055637325 0)
(0.045560088 0.0078732622 0)
(0.035798833 0.010230619 0)
(0.02436417 0.011025292 0)
)
;
    }
    lens_left
    {
        type            fixedValue;
        value           uniform (0 0 0);
    }
    lens_right
    {
        type            fixedValue;
        value           uniform (0 0 0);
    }
    sclera_R_bottom
    {
        type            solidTraction;
        nonOrthogonalCorrections true;
        useUndeformedArea false;
        traction        uniform (0 0 0);
        pressure        uniform 0;
        secondOrder     false;
        extrapolateValue false;
        setEffectiveTraction false;
        relaxationFactor 1;
        value           nonuniform List<vector> 2((2.8577339e-06 -1.0399331e-06 -9.0844003e-109) (2.8323154e-06 -7.5960364e-07 -1.5303828e-76));
        gradient        nonuniform List<vector> 2((0.00047813968 9.7981475e-05 -3.03893e-105) (0.00046357055 -0.00014950629 -6.1215313e-73));
    }
    sclera_R_top
    {
        type            fixedValue;
        value           uniform (0 0 0);
    }
    sclera_R_inner
    {
        type            solidTraction;
        nonOrthogonalCorrections true;
        useUndeformedArea false;
        traction        uniform (0 0 0);
        pressure        uniform 1500;
        secondOrder     false;
        extrapolateValue false;
        setEffectiveTraction false;
        relaxationFactor 1;
        value           nonuniform List<vector> 
44
(
(2.0679662e-06 -1.1194593e-06 0)
(5.2894864e-06 4.8528756e-07 0)
(6.2784274e-06 7.1735677e-07 0)
(7.3500738e-06 7.7431169e-07 0)
(8.4636504e-06 7.8425533e-07 0)
(9.5643377e-06 7.6243435e-07 -1.0551781e-22)
(1.0627041e-05 7.2224916e-07 8.3489074e-23)
(1.1634828e-05 6.6931669e-07 1.357765e-22)
(1.2576078e-05 6.0686184e-07 0)
(1.3441929e-05 5.3679359e-07 2.7487447e-68)
(1.4225281e-05 4.6044047e-07 1.7465861e-53)
(1.4920287e-05 3.7885376e-07 -6.7690888e-38)
(1.5522123e-05 2.9295568e-07 1.2434133e-22)
(1.6026878e-05 2.0360767e-07 -7.2686815e-23)
(1.6431495e-05 1.1164264e-07 1.7088028e-22)
(1.6733755e-05 1.7880023e-08 2.31379e-22)
(1.6932259e-05 -7.6867101e-08 1.0846417e-22)
(1.7026423e-05 -1.7178863e-07 2.7512343e-22)
(1.7016478e-05 -2.6607589e-07 1.680168e-22)
(1.6903467e-05 -3.5892088e-07 1.3757277e-38)
(1.6689244e-05 -4.4951595e-07 -1.88206e-54)
(1.6376476e-05 -5.3705358e-07 -7.2419362e-85)
(1.596864e-05 -6.2072637e-07 0)
(1.5470025e-05 -6.9972693e-07 8.3940348e-53)
(1.4885729e-05 -7.7324792e-07 7.5094694e-38)
(1.4221664e-05 -8.40482e-07 -2.0978053e-22)
(1.3484551e-05 -9.0062186e-07 -3.8646617e-22)
(1.2681923e-05 -9.5286028e-07 -1.2242593e-22)
(1.1822123e-05 -9.9639007e-07 -4.1381125e-38)
(1.0914306e-05 -1.0304042e-06 2.6751194e-71)
(9.9684376e-06 -1.0540961e-06 -3.9394265e-86)
(8.9952916e-06 -1.0666597e-06 -4.0920651e-101)
(8.0064516e-06 -1.0672905e-06 1.4570135e-134)
(7.0143069e-06 -1.0551869e-06 2.1111145e-148)
(6.0320466e-06 -1.0295539e-06 2.9252718e-180)
(5.073648e-06 -9.896097e-07 -6.3761873e-214)
(4.1538509e-06 -9.3460097e-07 2.1309017e-228)
(3.2881044e-06 -8.6383414e-07 0)
(2.4924545e-06 -7.7674202e-07 0)
(1.7833066e-06 -6.7302373e-07 1.6992911e-23)
(1.1769312e-06 -5.5294752e-07 -7.1776865e-24)
(6.8838446e-07 -4.1795086e-07 -2.3491684e-23)
(3.2947202e-07 -2.7218244e-07 -4.3559748e-39)
(1.0291274e-07 -1.2404106e-07 0)
)
;
        gradient        nonuniform List<vector> 
44
(
(0.00021641917 -0.00037281085 0)
(0.00066164388 0.0013499857 0)
(0.00023577495 0.0020510489 0)
(5.4877208e-05 0.0021751074 0)
(-9.277381e-06 0.0022040137 0)
(-5.0101979e-05 0.0021533757 -4.2207122e-19)
(-7.5438969e-05 0.0020609055 3.3395629e-19)
(-9.3575248e-05 0.0019400145 5.4310601e-19)
(-0.00010753054 0.0017987354 0)
(-0.00011884923 0.0016415678 6.7769691e-65)
(-0.00012822981 0.0014715134 -1.0752966e-50)
(-0.00013600317 0.0012908387 4.3774391e-34)
(-0.00014232389 0.0011014677 4.9736534e-19)
(-0.00014726472 0.00090516165 -2.9074726e-19)
(-0.00015085991 0.00070360469 6.8352113e-19)
(-0.00015312558 0.00049844454 9.2551601e-19)
(-0.00015406936 0.00029131158 4.3385668e-19)
(-0.00015369485 8.3828022e-05 1.1004937e-18)
(-0.00015200375 -0.00012238783 6.7206719e-19)
(-0.00014899687 -0.00032571954 6.9327841e-34)
(-0.00014467462 -0.00052455155 8.2498452e-52)
(-0.00013903719 -0.00071726872 -5.108535e-82)
(-0.00013208467 -0.00090225618 0)
(-0.00012381712 -0.0010778991 -3.334949e-49)
(-0.00011423458 -0.0012425829 9.5510955e-34)
(-0.00010333709 -0.0013946928 -8.3912213e-19)
(-9.1124713e-05 -0.0015326142 -1.5458647e-18)
(-7.7597555e-05 -0.0016547328 -4.8970371e-19)
(-6.2755811e-05 -0.0017594343 7.6459992e-34)
(-4.6599907e-05 -0.0018451048 7.3425924e-68)
(-2.9130674e-05 -0.0019101317 -1.3376584e-82)
(-1.0349855e-05 -0.0019529039 1.705181e-98)
(9.7389127e-06 -0.0019718146 5.8280541e-131)
(3.1127953e-05 -0.0019652654 1.1360337e-145)
(5.3801142e-05 -0.0019316754 -8.6285129e-177)
(7.7724476e-05 -0.0018695013 -2.5504749e-210)
(0.00010282619 -0.001777278 3.6793326e-225)
(0.00012895467 -0.0016537055 0)
(0.00015579014 -0.0014978319 0)
(0.00018265221 -0.0013094334 6.7971642e-20)
(0.00020812513 -0.0010898535 -2.8710746e-20)
(0.00022904873 -0.00084353614 -9.3966735e-20)
(0.00023975372 -0.00058276146 1.2551106e-34)
(0.00022210616 -0.00032799456 0)
)
;
    }
    sclera_R_outer
    {
        type            solidTraction;
        nonOrthogonalCorrections true;
        useUndeformedArea false;
        traction        uniform (0 0 0);
        pressure        uniform 0;
        secondOrder     false;
        extrapolateValue false;
        setEffectiveTraction false;
        relaxationFactor 1;
        value           nonuniform List<vector> 
50
(
(2.6750039e-06 -5.763601e-07 -3.5998909e-58)
(2.2488447e-06 -5.5711127e-07 -1.4131053e-42)
(2.0478666e-06 -6.8330791e-07 6.9423774e-27)
(2.0304179e-06 -8.8125574e-07 -4.6335888e-24)
(2.4539431e-06 -1.0450638e-06 0)
(3.1754426e-06 -1.1723821e-06 -1.5380522e-39)
(4.1101425e-06 -1.2823006e-06 1.6520442e-23)
(5.2711598e-06 -1.4208783e-06 5.105746e-24)
(6.2203556e-06 -1.4269439e-06 5.6487601e-40)
(7.3254873e-06 -1.4558061e-06 -2.7149605e-55)
(8.4442327e-06 -1.4349241e-06 0)
(9.548495e-06 -1.3923388e-06 0)
(1.0612447e-05 -1.3335966e-06 5.0749579e-314)
(1.1620793e-05 -1.2633459e-06 -9.8800501e-281)
(1.2562268e-05 -1.1840344e-06 1.75133e-247)
(1.3428214e-05 -1.0973101e-06 1.1892689e-216)
(1.4211605e-05 -1.0043829e-06 1.0551591e-199)
(1.4906627e-05 -9.0625636e-07 1.2478498e-184)
(1.5508471e-05 -8.0383275e-07 -2.1692061e-169)
(1.6013228e-05 -6.9796521e-07 7.700391e-155)
(1.6417847e-05 -5.8948318e-07 1.4733804e-121)
(1.6720107e-05 -4.7920466e-07 1.2009298e-89)
(1.6918611e-05 -3.6794214e-07 1.2776518e-56)
(1.7012775e-05 -2.5650545e-07 -8.9792814e-23)
(1.700283e-05 -1.4570315e-07 -6.8304507e-23)
(1.6889819e-05 -3.6343182e-08 -2.4259716e-38)
(1.6675597e-05 7.0766793e-08 0)
(1.6362829e-05 1.7481928e-07 0)
(1.5954993e-05 2.7500685e-07 0)
(1.5456378e-05 3.7052213e-07 6.9398748e-23)
(1.4872082e-05 4.6055779e-07 3.4072604e-22)
(1.4208017e-05 5.4430648e-07 3.4469939e-22)
(1.3470904e-05 6.209609e-07 1.6652301e-22)
(1.2668276e-05 6.8971381e-07 2.0281394e-22)
(1.1808476e-05 7.4975802e-07 2.1385074e-22)
(1.0900659e-05 8.0028651e-07 8.7371804e-23)
(9.9547907e-06 8.4049262e-07 -1.6527468e-22)
(8.9816448e-06 8.6957034e-07 -4.6447189e-23)
(7.9928051e-06 8.8671506e-07 1.5563126e-22)
(7.0006608e-06 8.9112504e-07 1.5847174e-23)
(6.0184017e-06 8.8200457e-07 1.2354075e-23)
(5.060006e-06 8.5857051e-07 3.790191e-23)
(4.1402157e-06 8.2006601e-07 1.1021954e-24)
(3.2744858e-06 7.6578905e-07 -3.9704004e-23)
(2.4788756e-06 6.9515219e-07 -3.0565918e-24)
(1.7698234e-06 6.0780563e-07 -1.7795558e-23)
(1.163679e-06 5.0390119e-07 -4.6096659e-24)
(6.7568318e-07 3.8458869e-07 6.5499301e-24)
(3.1812509e-07 2.5337268e-07 2.1625353e-24)
(9.4641337e-08 1.1686906e-07 -1.4003053e-24)
)
;
        gradient        nonuniform List<vector> 
50
(
(-0.00016567555 0.00058346789 -2.1040179e-54)
(8.9431364e-05 0.00063088788 -6.4958501e-39)
(0.00032531926 0.00026792924 2.776951e-23)
(0.00029900735 -0.0004057545 -1.8534355e-20)
(0.0002381944 -0.0011450281 -9.1253925e-321)
(0.00019410293 -0.0016562023 2.3292091e-35)
(0.00020326236 -0.0020951788 6.6081767e-20)
(0.00011784921 -0.0021009835 2.0422984e-20)
(2.8444967e-05 -0.0020448179 7.1083329e-36)
(6.4990535e-06 -0.0022135825 -2.433224e-52)
(-5.1687419e-05 -0.0022127171 0)
(-8.252059e-05 -0.0021581773 0)
(-0.00010505105 -0.0020627044 2.0299832e-310)
(-0.0001218026 -0.0019407947 4.2190486e-277)
(-0.00013521861 -0.0017990544 -4.927165e-244)
(-0.00014630711 -0.0016417013 2.5664379e-212)
(-0.00015559298 -0.0014715687 1.3079346e-197)
(-0.00016332679 -0.0012908617 -7.6416429e-182)
(-0.00016963109 -0.0011014773 -4.9881248e-167)
(-0.00017456508 -0.0009051657 5.8457417e-151)
(-0.0001781574 -0.00070360643 -8.0956014e-119)
(-0.00018042186 -0.0004984453 -2.477534e-86)
(-0.00018136509 -0.00029131195 5.1106073e-53)
(-0.00018099029 -8.3828226e-05 -3.5917126e-19)
(-0.000179299 0.00012238769 -2.7321803e-19)
(-0.00017629196 0.00032571942 -3.5650878e-34)
(-0.00017196955 0.00052455142 0)
(-0.00016633196 0.0007172686 0)
(-0.0001593793 0.00090225606 0)
(-0.00015111161 0.001077899 2.7759499e-19)
(-0.00014152895 0.0012425828 1.3629042e-18)
(-0.00013063135 0.0013946927 1.3787976e-18)
(-0.00011841888 0.0015326141 6.6609204e-19)
(-0.00010489163 0.0016547327 8.1125578e-19)
(-9.0049801e-05 0.0017594341 8.5540297e-19)
(-7.3893805e-05 0.0018451047 3.4948722e-19)
(-5.6424442e-05 0.0019101315 -6.6109872e-19)
(-3.7643383e-05 0.0019529036 -1.8578876e-19)
(-1.7554091e-05 0.001971814 6.2252503e-19)
(3.8361662e-06 0.0019652637 6.3388697e-20)
(2.6512243e-05 0.0019316715 4.9416298e-20)
(5.0442488e-05 0.0018694917 1.5160764e-19)
(7.5560801e-05 0.0017772548 4.4087816e-21)
(0.00010172921 0.0016536495 -1.5881602e-19)
(0.00012866089 0.0014976971 -1.2226367e-20)
(0.00015575381 0.0013091083 -7.1182233e-20)
(0.00018178666 0.0010890751 -1.8438663e-20)
(0.00020402902 0.00084163963 2.619972e-20)
(0.00021802936 0.00057835206 8.6501411e-21)
(0.00020638959 0.00031669628 -5.6012212e-21)
)
;
    }
    sclera_tm_gap
    {
        type            solidTraction;
        nonOrthogonalCorrections true;
        useUndeformedArea false;
        traction        uniform (0 0 0);
        pressure        uniform 1500;
        secondOrder     false;
        extrapolateValue false;
        setEffectiveTraction false;
        relaxationFactor 1;
        value           nonuniform List<vector> 6((1.9187173e-06 -1.0256108e-06 0) (4.9223345e-06 -9.4324762e-08 -4.9781874e-25) (2.0663241e-06 -6.4548991e-07 0) (2.456023e-06 -4.8509897e-07 0) (3.1611521e-06 -3.4467799e-07 -4.3752021e-23) (4.1106344e-06 -3.1820978e-07 2.6401756e-23));
        gradient        nonuniform List<vector> 6((-0.00047572054 3.2288112e-06 0) (-0.00080322766 -0.00096397998 -1.9820561e-21) (0.00044263228 0.00053730883 0) (0.00024651417 0.0010948314 0) (0.000136941 0.0016546142 -1.7500808e-19) (0.00020522977 0.0017611845 1.0560702e-19));
    }
    sclera_L_bottom
    {
        type            solidTraction;
        nonOrthogonalCorrections true;
        useUndeformedArea false;
        traction        uniform (0 0 0);
        pressure        uniform 0;
        secondOrder     false;
        extrapolateValue false;
        setEffectiveTraction false;
        relaxationFactor 1;
        value           nonuniform List<vector> 2((-2.8566537e-06 -1.0399376e-06 0) (-2.8312352e-06 -7.5961252e-07 0));
        gradient        nonuniform List<vector> 2((-0.00047813301 9.7979471e-05 0) (-0.00046356392 -0.00014950434 0));
    }
    sclera_L_top
    {
        type            fixedValue;
        value           uniform (0 0 0);
    }
    sclera_L_inner
    {
        type            solidTraction;
        nonOrthogonalCorrections true;
        useUndeformedArea false;
        traction        uniform (0 0 0);
        pressure        uniform 1500;
        secondOrder     false;
        extrapolateValue false;
        setEffectiveTraction false;
        relaxationFactor 1;
        value           nonuniform List<vector> 
44
(
(-2.0668985e-06 -1.1194601e-06 2.4592918e-40)
(-5.2885127e-06 4.8531004e-07 0)
(-6.2774799e-06 7.1738574e-07 0)
(-7.3491558e-06 7.7434296e-07 0)
(-8.4627641e-06 7.8428792e-07 0)
(-9.5634843e-06 7.6246763e-07 0)
(-1.0626221e-05 7.2228281e-07 0)
(-1.1634042e-05 6.6935052e-07 0)
(-1.2575325e-05 6.0689569e-07 0)
(-1.344121e-05 5.3682734e-07 0)
(-1.4224596e-05 4.60474e-07 0)
(-1.4919635e-05 3.7888697e-07 0)
(-1.5521505e-05 2.9298849e-07 0)
(-1.6026292e-05 2.0364005e-07 0)
(-1.6430943e-05 1.1167456e-07 -2.453169e-86)
(-1.6733235e-05 1.7911466e-08 3.2477432e-71)
(-1.6931769e-05 -7.6836147e-08 -2.7236422e-38)
(-1.7025964e-05 -1.717582e-07 8.480037e-23)
(-1.7016049e-05 -2.6604605e-07 2.4166396e-22)
(-1.6903067e-05 -3.588917e-07 -6.0182722e-38)
(-1.6688874e-05 -4.4948751e-07 6.0603435e-53)
(-1.6376134e-05 -5.3702596e-07 -1.0830249e-68)
(-1.5968325e-05 -6.2069965e-07 0)
(-1.5469735e-05 -6.9970117e-07 -1.8250878e-23)
(-1.4885465e-05 -7.7322316e-07 -4.3494011e-22)
(-1.4221424e-05 -8.404583e-07 -3.0097296e-22)
(-1.3484334e-05 -9.0059926e-07 -2.5146883e-22)
(-1.2681729e-05 -9.5283878e-07 -2.4275533e-22)
(-1.182195e-05 -9.9636968e-07 -2.659133e-22)
(-1.0914154e-05 -1.0303849e-06 -5.5588331e-23)
(-9.9683043e-06 -1.0540779e-06 2.0603245e-22)
(-8.9951763e-06 -1.0666425e-06 1.5354426e-22)
(-8.0063533e-06 -1.0672744e-06 -6.9032671e-23)
(-7.0142243e-06 -1.0551719e-06 -2.5555873e-23)
(-6.0319785e-06 -1.0295401e-06 -2.120756e-23)
(-5.0735931e-06 -9.8959714e-07 -4.0886185e-23)
(-4.1538079e-06 -9.3458977e-07 2.7469735e-23)
(-3.2880719e-06 -8.6382439e-07 4.0064889e-23)
(-2.492431e-06 -7.7673377e-07 1.0012133e-23)
(-1.7832906e-06 -6.73017e-07 2.0089306e-23)
(-1.1769213e-06 -5.5294232e-07 7.344978e-24)
(-6.8837902e-07 -4.1794719e-07 -8.9847392e-24)
(-3.294696e-07 -2.7218023e-07 -8.0351764e-25)
(-1.0291203e-07 -1.2404015e-07 3.3939603e-24)
)
;
        gradient        nonuniform List<vector> 
44
(
(-0.00021641551 -0.00037280192 -1.2885921e-36)
(-0.00066166142 0.0013500218 0)
(-0.00023578208 0.0020511046 0)
(-5.4880089e-05 0.0021751684 0)
(9.2758395e-06 0.0022040781 0)
(5.01012e-05 0.0021534416 0)
(7.5438571e-05 0.0020609723 0)
(9.3575067e-05 0.0019400818 0)
(0.00010753051 0.0017988029 0)
(0.00011884931 0.0016416352 0)
(0.00012823002 0.0014715804 0)
(0.00013600353 0.0012909053 0)
(0.00014232441 0.0011015337 0)
(0.00014726541 0.00090522684 0)
(0.00015086075 0.00070366894 3.7797995e-83)
(0.00015312656 0.0004985077 2.9173168e-68)
(0.00015407046 0.00029137354 2.1318744e-34)
(0.00015369603 8.3888691e-05 3.3920148e-19)
(0.00015200499 -0.00012232854 9.6665585e-19)
(0.00014899816 -0.00032566171 3.9294881e-34)
(0.00014467594 -0.00052449524 -4.6383109e-50)
(0.00013903853 -0.00071721402 8.4816409e-65)
(0.00013208604 -0.00090220315 0)
(0.00012381851 -0.0010778479 -7.3003514e-20)
(0.00011423602 -0.0012425334 -1.7397604e-18)
(0.00010333859 -0.0013946452 -1.2038918e-18)
(9.1126293e-05 -0.0015325686 -1.0058753e-18)
(7.7599236e-05 -0.0016546892 -9.7102131e-19)
(6.2757596e-05 -0.0017593928 -1.0636532e-18)
(4.6601784e-05 -0.0018450655 -2.2235333e-19)
(2.9132621e-05 -0.0019100946 8.241298e-19)
(1.0351847e-05 -0.0019528691 6.1417704e-19)
(-9.7368958e-06 -0.0019717822 -2.7613069e-19)
(-3.1125918e-05 -0.0019652353 -1.0222349e-19)
(-5.3799082e-05 -0.0019316479 -8.4830241e-20)
(-7.7722372e-05 -0.0018694763 -1.6354474e-19)
(-0.00010282402 -0.0017772558 1.0987894e-19)
(-0.00012895242 -0.0016536861 1.6025956e-19)
(-0.00015578781 -0.0014978153 4.0048534e-20)
(-0.0001826498 -0.0013094199 8.0357225e-20)
(-0.00020812267 -0.0010898429 2.9379912e-20)
(-0.00022904629 -0.00084352861 -3.5938957e-20)
(-0.00023975143 -0.00058275673 -3.2140706e-21)
(-0.00022210433 -0.00032799217 1.3575841e-20)
)
;
    }
    sclera_L_outer
    {
        type            solidTraction;
        nonOrthogonalCorrections true;
        useUndeformedArea false;
        traction        uniform (0 0 0);
        pressure        uniform 0;
        secondOrder     false;
        extrapolateValue false;
        setEffectiveTraction false;
        relaxationFactor 1;
        value           nonuniform List<vector> 
50
(
(-2.6739261e-06 -5.7637125e-07 5.7624526e-90)
(-2.2477716e-06 -5.5712371e-07 2.1679858e-74)
(-2.0467982e-06 -6.8332266e-07 2.5025346e-40)
(-2.0293592e-06 -8.8127121e-07 1.4101082e-41)
(-2.4528986e-06 -1.0450815e-06 0)
(-3.1744169e-06 -1.1724022e-06 1.8826833e-23)
(-4.1091397e-06 -1.2823237e-06 2.9045761e-23)
(-5.2701863e-06 -1.4209061e-06 2.1010845e-24)
(-6.2194073e-06 -1.4269732e-06 1.3312483e-39)
(-7.3245692e-06 -1.4558375e-06 6.6811398e-56)
(-8.4433464e-06 -1.4349565e-06 0)
(-9.5476416e-06 -1.3923717e-06 1.50224e-22)
(-1.0611627e-05 -1.3336298e-06 -7.49334e-23)
(-1.1620006e-05 -1.2633793e-06 -1.2997485e-22)
(-1.2561516e-05 -1.1840679e-06 -1.7524269e-55)
(-1.3427495e-05 -1.0973436e-06 0)
(-1.421092e-05 -1.0044163e-06 2.3468268e-54)
(-1.4905976e-05 -9.062897e-07 9.9660074e-40)
(-1.5507852e-05 -8.0386584e-07 -1.0924658e-22)
(-1.6012643e-05 -6.9799792e-07 -1.6798554e-22)
(-1.6417294e-05 -5.8951539e-07 -1.9594762e-22)
(-1.6719587e-05 -4.7923626e-07 -1.347742e-22)
(-1.6918122e-05 -3.6797305e-07 -2.4369478e-23)
(-1.7012316e-05 -2.5653561e-07 -1.3161523e-22)
(-1.7002401e-05 -1.4573255e-07 -6.7453572e-23)
(-1.688942e-05 -3.6371802e-08 -1.5020595e-37)
(-1.6675226e-05 7.0738954e-08 -9.7437845e-53)
(-1.6362486e-05 1.7479222e-07 3.7823827e-68)
(-1.5954678e-05 2.7498059e-07 0)
(-1.5456088e-05 3.7049667e-07 5.6265469e-54)
(-1.4871818e-05 4.6053313e-07 3.6436819e-38)
(-1.4207777e-05 5.4428265e-07 3.1378492e-22)
(-1.3470687e-05 6.2093794e-07 3.8945978e-22)
(-1.2668082e-05 6.8969178e-07 1.6971533e-22)
(-1.1808303e-05 7.4973698e-07 7.12738e-38)
(-1.0900507e-05 8.0026657e-07 0)
(-9.9546575e-06 8.4047385e-07 0)
(-8.9815296e-06 8.695528e-07 0)
(-7.9927068e-06 8.866988e-07 0)
(-7.0005782e-06 8.9111006e-07 0)
(-6.0183336e-06 8.819909e-07 0)
(-5.059951e-06 8.5855814e-07 0)
(-4.1401726e-06 8.2005498e-07 0)
(-3.2744531e-06 7.657794e-07 0)
(-2.478852e-06 6.9514399e-07 0)
(-1.7698073e-06 6.0779892e-07 -2.1743463e-23)
(-1.163669e-06 5.03896e-07 1.0296025e-25)
(-6.7567774e-07 3.8458502e-07 2.145465e-23)
(-3.1812271e-07 2.5337046e-07 0)
(-9.4640663e-08 1.1686815e-07 0)
)
;
        gradient        nonuniform List<vector> 
50
(
(0.00016567263 0.00058346074 1.9600106e-87)
(-8.9434326e-05 0.00063087831 8.6719432e-71)
(-0.00032532227 0.00026791164 -1.7882567e-36)
(-0.00029900975 -0.00040577862 -1.6293613e-36)
(-0.00023819817 -0.0011450612 0)
(-0.00019410734 -0.0016562439 7.5307334e-20)
(-0.00020326866 -0.002095231 1.1618304e-19)
(-0.00011785426 -0.0021010378 8.4043378e-21)
(-2.8447918e-05 -0.0020448732 7.3203528e-36)
(-6.5016343e-06 -0.0022136444 1.4841327e-51)
(5.1686063e-05 -0.0022127816 0)
(8.2519776e-05 -0.0021582434 6.0089599e-19)
(0.0001050506 -0.0020627713 -2.997336e-19)
(0.00012180241 -0.001940862 -5.1989938e-19)
(0.00013521863 -0.0017991218 8.3725718e-51)
(0.00014630732 -0.0016417687 0)
(0.00015559337 -0.0014716358 2.1133092e-50)
(0.00016332734 -0.0012909283 -2.0351236e-34)
(0.00016963175 -0.0011015433 -4.3698634e-19)
(0.00017456583 -0.00090523087 -6.7194217e-19)
(0.00017815821 -0.00070367065 -7.8379049e-19)
(0.00018042272 -0.00049850846 -5.390968e-19)
(0.00018136599 -0.00029137392 -9.7477911e-20)
(0.00018099125 -8.3888913e-05 -5.2646092e-19)
(0.00017930003 0.00012232837 -2.6981429e-19)
(0.00017629309 0.00032566156 -1.1132987e-33)
(0.00017197079 0.00052449509 1.321707e-49)
(0.0001663333 0.00071721388 -2.1756827e-64)
(0.00015938073 0.00090220301 0)
(0.00015111313 0.0010778477 8.6336245e-50)
(0.00014153054 0.0012425333 -9.0406737e-34)
(0.00013063299 0.0013946451 1.2551397e-18)
(0.00011842055 0.0015325685 1.5578391e-18)
(0.00010489332 0.0016546891 6.7886131e-19)
(9.0051504e-05 0.0017593927 -4.356383e-34)
(7.3895519e-05 0.0018450654 0)
(5.6426178e-05 0.0019100945 0)
(3.7645159e-05 0.0019528688 0)
(1.7555936e-05 0.0019717815 0)
(-3.8342206e-06 0.0019652337 0)
(-2.6510173e-05 0.0019316439 0)
(-5.0440283e-05 0.0018694667 0)
(-7.5558468e-05 0.0017772325 0)
(-0.00010172677 0.0016536301 0)
(-0.00012865839 0.0014976805 0)
(-0.00015575128 0.0013090948 -8.6973852e-20)
(-0.00018178416 0.0010890646 4.1184101e-22)
(-0.00020402661 0.00084163209 8.58186e-20)
(-0.00021802714 0.00057834732 0)
(-0.00020638782 0.00031669389 0)
)
;
    }
    sclera_tm_gap_left
    {
        type            solidTraction;
        nonOrthogonalCorrections true;
        useUndeformedArea false;
        traction        uniform (0 0 0);
        pressure        uniform 1500;
        secondOrder     false;
        extrapolateValue false;
        setEffectiveTraction false;
        relaxationFactor 1;
        value           nonuniform List<vector> 6((-1.9176512e-06 -1.0256153e-06 7.0674742e-24) (-4.9213509e-06 -9.4317329e-08 -8.6515854e-25) (-2.0652654e-06 -6.4549392e-07 -4.4487809e-23) (-2.4549786e-06 -4.8510029e-07 0) (-3.1601258e-06 -3.4467731e-07 1.0906003e-38) (-4.1096313e-06 -3.1820911e-07 4.1944414e-23));
        gradient        nonuniform List<vector> 6((0.00047571725 3.2213969e-06 3.5337371e-20) (0.0008032495 -0.00096400399 -3.4446127e-21) (-0.00044263487 0.00053733057 -1.7795123e-19) (-0.00024651801 0.0010948637 8.9623508e-321) (-0.00013694264 0.0016546556 1.1135559e-34) (-0.00020523531 0.0017612274 1.6777765e-19));
    }
    sclera_top_bottom
    {
        type            solidTraction;
        nonOrthogonalCorrections true;
        useUndeformedArea false;
        traction        uniform (0 0 0);
        pressure        uniform 1500;
        secondOrder     false;
        extrapolateValue false;
        setEffectiveTraction false;
        relaxationFactor 1;
        value           nonuniform List<vector> 
42
(
(3.877453e-07 3.1077945e-07 0)
(8.7137759e-07 1.6562917e-06 0)
(1.2973371e-06 3.8949724e-06 0)
(1.6555279e-06 6.9122567e-06 0)
(1.9443414e-06 1.0572262e-05 0)
(2.1661163e-06 1.4739098e-05 -2.0449231e-144)
(2.3243967e-06 1.9282392e-05 4.7883933e-129)
(2.4231173e-06 2.4079144e-05 9.5101917e-115)
(2.4663381e-06 2.9014312e-05 -5.518803e-99)
(2.4581581e-06 3.3981e-05 -1.555136e-83)
(2.4026884e-06 3.8880521e-05 2.2388161e-68)
(2.3040432e-06 4.362241e-05 6.7599467e-54)
(2.1663374e-06 4.8124431e-05 1.5091522e-38)
(1.9936856e-06 5.2312578e-05 8.5796158e-22)
(1.7902015e-06 5.6121074e-05 4.0357427e-22)
(1.559998e-06 5.9492365e-05 -7.7269634e-22)
(1.3071871e-06 6.2377127e-05 1.3370375e-56)
(1.0358803e-06 6.4734255e-05 6.8491721e-71)
(7.5018864e-07 6.6530869e-05 0)
(4.5422269e-07 6.7742311e-05 -2.939926e-103)
(1.5209243e-07 6.8352141e-05 8.6307354e-87)
(-1.5209255e-07 6.8352141e-05 3.8528539e-71)
(-4.5422281e-07 6.7742311e-05 3.5490692e-55)
(-7.5018875e-07 6.653087e-05 2.9812315e-38)
(-1.0358804e-06 6.4734256e-05 8.7001682e-22)
(-1.3071871e-06 6.2377128e-05 7.7976918e-22)
(-1.5599981e-06 5.9492366e-05 -4.5017489e-22)
(-1.7902016e-06 5.6121075e-05 -4.7623597e-22)
(-1.9936857e-06 5.2312579e-05 2.5991361e-41)
(-2.1663375e-06 4.8124432e-05 -2.2717166e-54)
(-2.3040433e-06 4.3622411e-05 0)
(-2.4026885e-06 3.8880522e-05 0)
(-2.4581583e-06 3.3981001e-05 -3.8409044e-99)
(-2.4663383e-06 2.9014312e-05 -9.815941e-84)
(-2.4231175e-06 2.4079145e-05 1.088367e-68)
(-2.3243967e-06 1.9282392e-05 1.1302668e-53)
(-2.1661164e-06 1.4739098e-05 -1.4149597e-38)
(-1.9443415e-06 1.0572263e-05 4.1712768e-23)
(-1.6555279e-06 6.9122569e-06 8.0902593e-23)
(-1.2973371e-06 3.8949725e-06 8.6674455e-23)
(-8.7137762e-07 1.6562918e-06 0)
(-3.8774531e-07 3.1077945e-07 0)
)
;
        gradient        nonuniform List<vector> 
42
(
(0.00084631847 0.00037542107 0)
(0.0017920912 0.00037250111 0)
(0.0026279741 0.00032118413 0)
(0.0033386336 0.00026507898 0)
(0.0039134062 0.00020927249 0)
(0.0043550482 0.00015587255 -4.9414409e-142)
(0.0046700044 0.00010553221 1.6098509e-126)
(0.0048659393 5.8462409e-05 2.0016685e-111)
(0.0049509063 1.4730322e-05 -5.2190978e-96)
(0.0049330821 -2.5643074e-05 2.1634107e-82)
(0.0048206821 -6.2651552e-05 -1.6500884e-65)
(0.0046219324 -9.6293536e-05 -1.6659118e-50)
(0.0043450622 -0.00012656895 -1.2898067e-33)
(0.0039983004 -0.00015347827 3.4318463e-18)
(0.0035898744 -0.00017702217 1.6142971e-18)
(0.0031280097 -0.00019720132 -3.0907853e-18)
(0.0026209305 -0.00021401627 5.3481499e-53)
(0.0020768598 -0.00022746746 -9.5652367e-69)
(0.0015040194 -0.00023755529 0)
(0.00091063065 -0.00024428019 -9.5902078e-100)
(0.00030491336 -0.00024764252 1.2659423e-83)
(-0.00030491328 -0.00024764253 1.6530104e-67)
(-0.00091063051 -0.0002442802 -4.0720702e-51)
(-0.0015040192 -0.0002375553 3.9079692e-34)
(-0.0020768595 -0.00022746746 3.4800673e-18)
(-0.0026209303 -0.00021401626 3.1190767e-18)
(-0.0031280096 -0.00019720131 -1.8006996e-18)
(-0.0035898743 -0.00017702217 -1.9049439e-18)
(-0.0039983004 -0.00015347828 4.5447971e-34)
(-0.0043450623 -0.00012656898 3.4165835e-50)
(-0.0046219324 -9.6293576e-05 0)
(-0.0048206822 -6.2651593e-05 0)
(-0.0049330823 -2.5643106e-05 -2.6699991e-96)
(-0.0049509065 1.4730299e-05 -9.1435792e-81)
(-0.0048659395 5.8462389e-05 1.2636684e-65)
(-0.0046700045 0.00010553219 6.3987698e-51)
(-0.0043550482 0.00015587253 -2.1579065e-34)
(-0.0039134063 0.00020927248 1.6685107e-19)
(-0.0033386336 0.00026507896 3.2361037e-19)
(-0.0026279742 0.00032118413 3.4669782e-19)
(-0.0017920913 0.00037250111 0)
(-0.00084631849 0.00037542109 0)
)
;
    }
    sclera_top_top
    {
        type            solidTraction;
        nonOrthogonalCorrections true;
        useUndeformedArea false;
        traction        uniform (0 0 0);
        pressure        uniform 0;
        secondOrder     false;
        extrapolateValue false;
        setEffectiveTraction false;
        relaxationFactor 1;
        value           nonuniform List<vector> 
42
(
(-3.8782475e-07 3.106257e-07 0)
(-8.7152091e-07 1.6561072e-06 0)
(-1.2974931e-06 3.8947763e-06 0)
(-1.655682e-06 6.912057e-06 0)
(-1.9444889e-06 1.0572061e-05 0)
(-2.1662556e-06 1.4738896e-05 0)
(-2.3245272e-06 1.9282191e-05 0)
(-2.423239e-06 2.4078943e-05 0)
(-2.4664508e-06 2.901411e-05 0)
(-2.4582619e-06 3.3980799e-05 0)
(-2.4027831e-06 3.888032e-05 0)
(-2.3041289e-06 4.3622209e-05 0)
(-2.1664142e-06 4.812423e-05 0)
(-1.9937534e-06 5.2312377e-05 0)
(-1.7902603e-06 5.6120872e-05 0)
(-1.5600478e-06 5.9492164e-05 0)
(-1.3072279e-06 6.2376925e-05 0)
(-1.0359121e-06 6.4734054e-05 0)
(-7.5021145e-07 6.6530668e-05 0)
(-4.5423645e-07 6.774211e-05 0)
(-1.5209713e-07 6.835194e-05 0)
(1.520969e-07 6.835194e-05 0)
(4.5423618e-07 6.774211e-05 0)
(7.5021114e-07 6.6530668e-05 0)
(1.0359118e-06 6.4734054e-05 0)
(1.3072276e-06 6.2376926e-05 0)
(1.5600476e-06 5.9492165e-05 0)
(1.7902602e-06 5.6120873e-05 0)
(1.9937534e-06 5.2312378e-05 0)
(2.1664142e-06 4.8124231e-05 0)
(2.3041289e-06 4.362221e-05 0)
(2.4027831e-06 3.8880321e-05 0)
(2.4582619e-06 3.39808e-05 0)
(2.4664509e-06 2.9014111e-05 0)
(2.423239e-06 2.4078943e-05 0)
(2.3245271e-06 1.9282191e-05 0)
(2.1662555e-06 1.4738897e-05 0)
(1.9444889e-06 1.0572062e-05 0)
(1.655682e-06 6.9120572e-06 0)
(1.2974931e-06 3.8947764e-06 0)
(8.7152093e-07 1.6561072e-06 0)
(3.8782477e-07 3.1062572e-07 0)
)
;
        gradient        nonuniform List<vector> 
42
(
(-0.0008462172 0.00037508802 0)
(-0.0017920701 0.00037213688 0)
(-0.0026279666 0.00032079301 0)
(-0.0033386312 0.00026467995 0)
(-0.0039134055 0.00020887087 0)
(-0.0043550479 0.00015547008 0)
(-0.0046700043 0.00010512946 0)
(-0.0048659393 5.8059572e-05 0)
(-0.0049509063 1.4327474e-05 0)
(-0.0049330821 -2.6045917e-05 0)
(-0.0048206821 -6.3054396e-05 0)
(-0.0046219324 -9.6696383e-05 0)
(-0.0043450622 -0.00012697179 0)
(-0.0039983004 -0.00015388107 0)
(-0.0035898744 -0.00017742494 0)
(-0.0031280097 -0.00019760406 0)
(-0.0026209305 -0.00021441901 0)
(-0.0020768597 -0.00022787022 0)
(-0.0015040194 -0.00023795807 0)
(-0.00091063065 -0.00024468296 0)
(-0.00030491337 -0.00024804528 0)
(0.00030491327 -0.00024804526 0)
(0.00091063051 -0.00024468292 0)
(0.0015040192 -0.00023795803 0)
(0.0020768595 -0.00022787022 0)
(0.0026209303 -0.00021441906 0)
(0.0031280096 -0.00019760414 0)
(0.0035898743 -0.00017742499 0)
(0.0039983004 -0.00015388109 0)
(0.0043450623 -0.00012697177 0)
(0.0046219324 -9.6696366e-05 0)
(0.0048206822 -6.3054396e-05 0)
(0.0049330823 -2.6045914e-05 0)
(0.0049509065 1.4327509e-05 0)
(0.0048659394 5.8059638e-05 0)
(0.0046700044 0.00010512952 0)
(0.0043550479 0.00015547011 0)
(0.0039134055 0.00020887087 0)
(0.0033386312 0.00026467996 0)
(0.0026279666 0.00032079302 0)
(0.0017920701 0.00037213689 0)
(0.00084621723 0.00037508802 0)
)
;
    }
    sclera_top_left
    {
        type            fixedValue;
        value           uniform (0 0 0);
    }
    sclera_top_right
    {
        type            fixedValue;
        value           uniform (0 0 0);
    }
    front
    {
        type            empty;
    }
    back
    {
        type            empty;
    }
}


// ************************************************************************* //
