/*--------------------------------*- C++ -*----------------------------------*\
| =========                 |                                                 |
| \\      /  F ield         | OpenFOAM: The Open Source CFD Toolbox           |
|  \\    /   O peration     | Version:  2512                                  |
|   \\  /    A nd           | Website:  www.openfoam.com                      |
|    \\/     M anipulation  |                                                 |
\*---------------------------------------------------------------------------*/
FoamFile
{
    version     2.0;
    format      ascii;
    arch        "LSB;label=32;scalar=64";
    class       volVectorField;
    location    "3.9";
    object      D_0;
}
// * * * * * * * * * * * * * * * * * * * * * * * * * * * * * * * * * * * * * //

dimensions      [0 1 0 0 0 0 0];

internalField   nonuniform List<vector> 
200
(
(6.3855346e-05 5.7566952e-05 0)
(3.6369719e-05 2.7784414e-05 0)
(2.6332819e-05 1.727526e-05 0)
(2.185971e-05 9.9769259e-06 0)
(1.9652132e-05 3.5957576e-06 0)
(1.8696503e-05 -2.5429967e-06 0)
(1.8896158e-05 -8.8848684e-06 0)
(2.09923e-05 -1.6028751e-05 0)
(2.7610009e-05 -2.5813928e-05 0)
(4.8177057e-05 -5.0620119e-05 0)
(0.00016222832 0.00015032694 0)
(0.000127481 9.4026931e-05 0)
(0.00010571823 5.9417002e-05 0)
(9.3108341e-05 3.4235979e-05 0)
(8.6225478e-05 1.2957653e-05 0)
(8.3453808e-05 -7.1451263e-06 0)
(8.4564719e-05 -2.8073594e-05 0)
(9.0641401e-05 -5.2284327e-05 0)
(0.0001043678 -8.4406942e-05 0)
(0.00012900788 -0.00013432538 0)
(0.00026050683 0.00023094314 0)
(0.00022609309 0.00015766621 0)
(0.00020067695 0.00010359549 0)
(0.00018378065 6.0859405e-05 0)
(0.00017379522 2.3892366e-05 0)
(0.00016961469 -1.1146895e-05 0)
(0.00017102408 -4.746631e-05 0)
(0.00017870288 -8.8649879e-05 0)
(0.0001939296 -0.00013967213 0)
(0.00021737863 -0.00020755492 0)
(0.00036493098 0.00030207913 0)
(0.00033270574 0.00021576678 0)
(0.00030714566 0.0001460391 0)
(0.00028881592 8.7559521e-05 0)
(0.00027732487 3.5466917e-05 0)
(0.00027220041 -1.4352392e-05 0)
(0.00027330855 -6.5663591e-05 0)
(0.0002808955 -0.00012244565 0)
(0.00029529348 -0.00018935268 0)
(0.00031625352 -0.00027170354 0)
(0.00047760653 0.00036522344 0)
(0.00044784627 0.00026790009 0)
(0.00042344451 0.00018516995 0)
(0.00040518142 0.0001129253 0)
(0.00039323846 4.6965329e-05 0)
(0.00038755346 -1.6691113e-05 0)
(0.00038807183 -8.1895033e-05 0)
(0.00039478691 -0.00015260823 0)
(0.00040757334 -0.00023307606 0)
(0.00042589691 -0.00032772392 0)
(0.00059849853 0.00042118922 0)
(0.00057115001 0.000314323 0)
(0.00054832706 0.00022053513 0)
(0.00053080318 0.00013632263 0)
(0.00051898083 5.7980083e-05 0)
(0.00051300252 -1.8198448e-05 0)
(0.00051286655 -9.5905722e-05 0)
(0.00051845207 -0.00017889823 0)
(0.00052944468 -0.00027104325 0)
(0.00054522619 -0.00037623951 0)
(0.00072681181 0.00047055673 0)
(0.0007017359 0.00035543669 0)
(0.00068056812 0.00025215912 0)
(0.00066403438 0.0001575669 0)
(0.00065260249 6.8329579e-05 0)
(0.00064649816 -1.8951484e-05 0)
(0.00064574627 -0.00010770966 0)
(0.000650182 -0.00020142293 0)
(0.00065942189 -0.00030361369 0)
(0.00067282691 -0.00041779954 0)
(0.00086146101 0.0005138229 0)
(0.00083849608 0.00039166117 0)
(0.00081892656 0.00028025214 0)
(0.00080343698 0.00017669359 0)
(0.00079250096 7.7964187e-05 0)
(0.00078636782 -1.9031046e-05 0)
(0.00078507046 -0.00011743391 0)
(0.00078842788 -0.00022042197 0)
(0.00079603471 -0.00033119404 0)
(0.00080725022 -0.0004529393 0)
(0.0010012789 0.00055146295 0)
(0.00098025763 0.00042340945 0)
(0.00096218029 0.00030508924 0)
(0.00094770347 0.00019383372 0)
(0.00093728783 8.6901233e-05 0)
(0.00093118045 -1.8509732e-05 0)
(0.00092941112 -0.00012524477 0)
(0.00093179099 -0.00023617966 0)
(0.0009379088 -0.00035420354 0)
(0.00094712798 -0.00048219669 0)
(0.0011451114 0.00058395221 0)
(0.0011258672 0.00045108543 0)
(0.0011091616 0.00032696242 0)
(0.0010956338 0.00020915332 0)
(0.0010857281 9.5186772e-05 0)
(0.0010796793 -1.7452973e-05 0)
(0.0010775077 -0.00013131939 0)
(0.0010790177 -0.00024899236 0)
(0.0010837961 -0.00037306248 0)
(0.0010912126 -0.00050611166 0)
(0.0012918653 0.00061177224 0)
(0.001274236 0.00047508557 0)
(0.0012587821 0.00034616252 0)
(0.0012461327 0.00022282561 0)
(0.0012367157 0.00010287458 0)
(0.0012307507 -1.592428e-05 0)
(0.0012282451 -0.00013583783 0)
(0.0012289943 -0.00025915804 0)
(0.0012325834 -0.00038818786 0)
(0.0012383894 -0.00052522171 0)
(0.0014405339 0.00063541069 0)
(0.0014243647 0.00049580002 0)
(0.0014100503 0.00036297257 0)
(0.0013982126 0.00023501865 0)
(0.0013892653 0.00011001493 0)
(0.0013834112 -1.3990718e-05 0)
(0.0013806423 -0.00013898305 0)
(0.0013807426 -0.00026697429 0)
(0.0013832932 -0.00039999167 0)
(0.0013876783 -0.00054005689 0)
(0.001590213 0.00065535887 0)
(0.0015753596 0.00051361275 0)
(0.0015620828 0.00037766552 0)
(0.0015509994 0.00024589021 0)
(0.0015425102 0.00011664875 0)
(0.0015368009 -1.1727287e-05 0)
(0.0015338461 -0.00014094351 0)
(0.0015334154 -0.00027273963 0)
(0.0015350812 -0.00040888001 0)
(0.0015382327 -0.00055113457 0)
(0.0017401142 0.00067210742 0)
(0.0017264456 0.00052890103 0)
(0.0017141151 0.00039050413 0)
(0.0017037379 0.00025558623 0)
(0.0016957037 0.0001228052 0)
(0.0016901808 -9.2197015e-06 0)
(0.0016871258 -0.00014191634 0)
(0.0016862913 -0.00027675662 0)
(0.0016872335 -0.00041525329 0)
(0.0016893368 -0.00055895283 0)
(0.0018895803 0.00068613814 0)
(0.0018769808 0.00054203579 0)
(0.0018655111 0.00040174311 0)
(0.0018557972 0.00026424193 0)
(0.0018482199 0.00012850208 0)
(0.0018429287 -6.5646153e-06 0)
(0.0018398645 -0.00014210988 0)
(0.0018387649 -0.0002793373 0)
(0.0018391603 -0.00041950947 0)
(0.0018404036 -0.00056398052 0)
(0.0020381073 0.00069790672 0)
(0.0020264732 0.00055338657 0)
(0.0020157715 0.00041163506 0)
(0.0020066773 0.00027198463 0)
(0.0019995579 0.00013374928 0)
(0.0019945357 -3.8646658e-06 0)
(0.001991544 -0.00014174243 0)
(0.0019903244 -0.00028081192 0)
(0.0019903795 -0.00042205554 0)
(0.0019909674 -0.00056664037 0)
(0.0021853743 0.00070779959 0)
(0.0021745869 0.00056334196 0)
(0.0021645325 0.00042043936 0)
(0.0021560167 0.00027893332 0)
(0.0021493527 0.00013855477 0)
(0.002144607 -1.2124094e-06 0)
(0.0021417221 -0.00014102746 0)
(0.0021405003 -0.00028153696 0)
(0.0021404616 -0.00042333929 0)
(0.0021406536 -0.00056727536 0)
(0.0023310954 0.00071601734 0)
(0.002321037 0.00057234623 0)
(0.0023115288 0.00042840956 0)
(0.0023036133 0.00028517724 0)
(0.0022974096 0.0001429297 0)
(0.002292884 1.3460026e-06 0)
(0.0022900141 -0.00014011921 0)
(0.0022887587 -0.00028187112 0)
(0.0022888323 -0.00042390651 0)
(0.002288965 -0.00056608337 0)
(0.0024745367 0.00072230168 0)
(0.0024652295 0.00058092178 0)
(0.0024565999 0.00043566757 0)
(0.0024495216 0.00029071262 0)
(0.0024437808 0.00014689505 0)
(0.0024393143 3.8680914e-06 0)
(0.0024361546 -0.00013898346 0)
(0.002434399 -0.00028199323 0)
(0.0024341684 -0.00042440159 0)
(0.0024343826 -0.00056286709 0)
(0.0026071656 0.00072531518 0)
(0.0026048681 0.00058849538 0)
(0.0025999661 0.00044164224 0)
(0.0025942647 0.00029538489 0)
(0.0025888291 0.00015051667 0)
(0.0025841442 6.5393584e-06 0)
(0.0025802805 -0.000137256 0)
(0.002576909 -0.00028124793 0)
(0.002573111 -0.00042439063 0)
(0.0025674644 -0.0005570425 0)
)
;

boundaryField
{
    bottom
    {
        nonOrthogonalCorrections true;
        type            fixedDisplacement;
        value           uniform (0 0 0);
    }
    interface
    {
        type            solidForce;
        force           uniform (0 0 0);
        value           nonuniform List<vector> 
50
(
(8.7855252e-05 0.00010340314 0)
(0.00018409018 0.00019831796 0)
(0.0002803593 0.00028059801 0)
(0.00038328136 0.00035544943 0)
(0.00049446235 0.00042271495 0)
(0.00061391403 0.00048261488 0)
(0.00074085912 0.00053546096 0)
(0.00087422596 0.00058165655 0)
(0.0010128551 0.00062165926 0)
(0.0011555966 0.00065596339 0)
(0.0013013587 0.00068508818 0)
(0.0014491337 0.00070956978 0)
(0.0015980143 0.00072995555 0)
(0.0017472059 0.00074679936 0)
(0.0018960383 0.00076065472 0)
(0.0020439793 0.00077204097 0)
(0.0021905921 0.00078137281 0)
(0.002335274 0.00078824606 0)
(0.0024756445 0.00079059887 0)
(0.0026017775 0.00077144036 0)
(0.0026541724 0.00072055177 0)
(0.0026742873 0.00058837007 0)
(0.0026725592 0.00044352583 0)
(0.0026669281 0.00029743444 0)
(0.002661028 0.00015231686 0)
(0.0026560612 8.0023955e-06 0)
(0.0026520566 -0.00013600153 0)
(0.0026479217 -0.00027973646 0)
(0.0026402434 -0.00042064435 0)
(0.0026128231 -0.00054877911 0)
(6.5745434e-05 -8.7026856e-05 0)
(0.00014563056 -0.00017590523 0)
(0.00023206788 -0.00025347267 0)
(0.00032930163 -0.00032301204 0)
(0.00043729628 -0.00038416408 0)
(0.00055504917 -0.00043721371 0)
(0.0006811715 -0.00048260189 0)
(0.00081422875 -0.00052087027 0)
(0.00095285873 -0.00055260361 0)
(0.0010958158 -0.00057840319 0)
(0.0012419846 -0.00059887204 0)
(0.0013903834 -0.0006146061 0)
(0.0015401622 -0.00062618766 0)
(0.0016906001 -0.00063417772 0)
(0.0018411 -0.00063910261 0)
(0.0019911715 -0.00064141868 0)
(0.0021403519 -0.0006413995 0)
(0.002287873 -0.00063861481 0)
(0.0024307598 -0.00063062691 0)
(0.0025592848 -0.0006024488 0)
)
;
        gradient        uniform (0 0 0);
    }
    frontAndBack
    {
        type            empty;
    }
}


// ************************************************************************* //
