/*--------------------------------*- C++ -*----------------------------------*\
| =========                 |                                                 |
| \\      /  F ield         | OpenFOAM: The Open Source CFD Toolbox           |
|  \\    /   O peration     | Version:  2512                                  |
|   \\  /    A nd           | Website:  www.openfoam.com                      |
|    \\/     M anipulation  |                                                 |
\*---------------------------------------------------------------------------*/
FoamFile
{
    version     2.0;
    format      ascii;
    arch        "LSB;label=32;scalar=64";
    class       volVectorField;
    location    "3";
    object      Force;
}
// * * * * * * * * * * * * * * * * * * * * * * * * * * * * * * * * * * * * * //

dimensions      [1 1 -2 0 0 0 0];

internalField   uniform (0 0 0);

boundaryField
{
    inlet
    {
        type            calculated;
        value           uniform (0 0 0);
    }
    fsi_pia
    {
        type            calculated;
        value           nonuniform List<vector> 
960
(
(-0.00015649309 0.00012843258 -6.1432225e-08)
(-0.00017854247 9.5434438e-05 -6.5724018e-08)
(-0.0001937363 5.8766055e-05 -7.0368958e-08)
(-0.00020148649 1.9841931e-05 -7.234625e-08)
(-0.00020148649 -1.9841931e-05 -7.2346245e-08)
(-0.0001937363 -5.8766055e-05 -7.0368938e-08)
(-0.00017854247 -9.5434438e-05 -6.5723973e-08)
(-0.00015649309 -0.00012843258 -6.1432163e-08)
(-0.00015646708 0.00012839844 -5.3627201e-08)
(-0.00017851633 9.539663e-05 -5.8986121e-08)
(-0.00019369922 5.8739065e-05 -6.5340376e-08)
(-0.00020143602 1.9832999e-05 -6.8804212e-08)
(-0.00020143602 -1.9832999e-05 -6.8804206e-08)
(-0.00019369922 -5.8739065e-05 -6.5340356e-08)
(-0.00017851633 -9.539663e-05 -5.8986076e-08)
(-0.00015646708 -0.00012839844 -5.3627138e-08)
(-0.00015646381 0.00012838988 6.3236605e-09)
(-0.0001785142 9.5384129e-05 6.991046e-09)
(-0.0001936941 5.8729002e-05 7.4944402e-09)
(-0.00020142728 1.9829477e-05 7.511874e-09)
(-0.00020142728 -1.9829477e-05 7.5118793e-09)
(-0.0001936941 -5.8729002e-05 7.49446e-09)
(-0.0001785142 -9.5384129e-05 6.9910895e-09)
(-0.00015646381 -0.00012838988 6.3237214e-09)
(-0.000156469 0.00012839519 1.6921877e-09)
(-0.00017852005 9.538864e-05 1.5409121e-09)
(-0.00019370218 5.8731394e-05 1.1532759e-09)
(-0.00020143784 1.983008e-05 7.3594319e-10)
(-0.00020143784 -1.983008e-05 7.3594831e-10)
(-0.00019370218 -5.8731394e-05 1.1532951e-09)
(-0.00017852005 -9.538864e-05 1.540954e-09)
(-0.000156469 -0.00012839519 1.6922462e-09)
(-0.00015646972 0.00012839585 1.644227e-09)
(-0.00017852106 9.5389076e-05 1.7165292e-09)
(-0.00019370376 5.8731299e-05 1.7971381e-09)
(-0.00020143999 1.9829865e-05 1.8189361e-09)
(-0.00020143999 -1.9829865e-05 1.8189409e-09)
(-0.00019370376 -5.8731299e-05 1.7971563e-09)
(-0.00017852106 -9.5389076e-05 1.7165694e-09)
(-0.00015646972 -0.00012839585 1.6442833e-09)
(-0.00015647091 0.00012839679 9.8996957e-10)
(-0.00017852241 9.5389775e-05 9.2527885e-10)
(-0.00019370517 5.8731938e-05 9.3258955e-10)
(-0.00020144148 1.9830214e-05 1.0577627e-09)
(-0.00020144148 -1.9830214e-05 1.0577676e-09)
(-0.00019370517 -5.8731938e-05 9.3260753e-10)
(-0.00017852241 -9.5389775e-05 9.2531824e-10)
(-0.00015647091 -0.00012839679 9.9002498e-10)
(-0.00015647194 0.00012839597 3.0156748e-09)
(-0.0001785241 9.5387415e-05 1.7043468e-09)
(-0.00019370627 5.8729633e-05 -8.7877666e-11)
(-0.00020144189 1.9829276e-05 -1.3699846e-09)
(-0.00020144189 -1.9829276e-05 -1.3699799e-09)
(-0.00019370627 -5.8729633e-05 -8.7860357e-11)
(-0.0001785241 -9.5387415e-05 1.7043846e-09)
(-0.00015647194 -0.00012839597 3.0157279e-09)
(-0.0001564725 0.00012839575 5.6701687e-10)
(-0.00017852501 9.5386505e-05 1.2811222e-09)
(-0.00019370717 5.8728413e-05 2.1672208e-09)
(-0.00020144278 1.982862e-05 2.7083049e-09)
(-0.00020144278 -1.982862e-05 2.7083093e-09)
(-0.00019370717 -5.8728413e-05 2.1672372e-09)
(-0.00017852501 -9.5386505e-05 1.2811582e-09)
(-0.0001564725 -0.00012839575 5.6706713e-10)
(-0.00015647233 0.00012839562 3.5380819e-10)
(-0.00017852481 9.5386422e-05 -3.507754e-10)
(-0.00019370695 5.8728368e-05 -1.2243544e-09)
(-0.00020144256 1.9828606e-05 -1.7570056e-09)
(-0.00020144256 -1.9828606e-05 -1.7570014e-09)
(-0.00019370695 -5.8728368e-05 -1.2243387e-09)
(-0.00017852481 -9.5386421e-05 -3.5074108e-10)
(-0.00015647233 -0.00012839562 3.5385612e-10)
(-0.00015647163 0.00012839577 -1.6961085e-09)
(-0.00017852372 9.5387339e-05 -3.495338e-10)
(-0.00019370587 5.8729631e-05 1.4961708e-09)
(-0.00020144147 1.9829286e-05 2.8190752e-09)
(-0.00020144147 -1.9829286e-05 2.8190791e-09)
(-0.00019370587 -5.8729631e-05 1.4961856e-09)
(-0.00017852372 -9.5387339e-05 -3.4950126e-10)
(-0.00015647163 -0.00012839577 -1.6960631e-09)
(-0.00015647096 0.00012839694 1.3814527e-09)
(-0.00017852241 9.5390013e-05 1.4636071e-09)
(-0.00019370515 5.8732169e-05 1.4843619e-09)
(-0.0002014414 1.9830314e-05 1.3854439e-09)
(-0.0002014414 -1.9830314e-05 1.3854476e-09)
(-0.00019370515 -5.8732169e-05 1.4843757e-09)
(-0.00017852241 -9.5390013e-05 1.4636376e-09)
(-0.00015647096 -0.00012839694 1.3814953e-09)
(-0.00015647061 0.0001283968 1.7215983e-10)
(-0.00017852197 9.5390027e-05 1.7226073e-10)
(-0.00019370478 5.8732004e-05 1.7252389e-10)
(-0.00020144117 1.9830116e-05 1.7282134e-10)
(-0.00020144117 -1.9830116e-05 1.7282468e-10)
(-0.00019370478 -5.8732004e-05 1.7253656e-10)
(-0.00017852197 -9.5390026e-05 1.7228886e-10)
(-0.00015647061 -0.0001283968 1.721989e-10)
(-0.00015647049 0.00012839656 -1.0196353e-09)
(-0.00017852187 9.5389722e-05 -1.1020473e-09)
(-0.00019370453 5.8731982e-05 -1.1232023e-09)
(-0.00020144073 1.9830248e-05 -1.0246673e-09)
(-0.00020144073 -1.9830248e-05 -1.0246643e-09)
(-0.00019370453 -5.8731982e-05 -1.1231907e-09)
(-0.00017852187 -9.5389722e-05 -1.1020214e-09)
(-0.00015647049 -0.00012839656 -1.0195992e-09)
(-0.00015647043 0.00012839478 2.0857296e-09)
(-0.00017852235 9.5386609e-05 7.3972845e-10)
(-0.0001937044 5.8729187e-05 -1.1055782e-09)
(-0.00020143998 1.9829139e-05 -2.4286752e-09)
(-0.00020143998 -1.9829139e-05 -2.4286725e-09)
(-0.0001937044 -5.8729187e-05 -1.1055677e-09)
(-0.00017852235 -9.5386609e-05 7.3975221e-10)
(-0.00015647043 -0.00012839478 2.0857626e-09)
(-0.0001564707 0.00012839429 1.0410175e-10)
(-0.00017852294 9.5385433e-05 8.1155846e-10)
(-0.00019370493 5.8727761e-05 1.6890498e-09)
(-0.00020144046 1.9828401e-05 2.2244057e-09)
(-0.00020144046 -1.9828401e-05 2.2244081e-09)
(-0.00019370493 -5.8727761e-05 1.6890591e-09)
(-0.00017852294 -9.5385433e-05 8.1157988e-10)
(-0.0001564707 -0.00012839429 1.041314e-10)
(-0.00015647046 0.0001283941 1.5967938e-10)
(-0.00017852267 9.5385292e-05 -5.4759208e-10)
(-0.00019370464 5.8727674e-05 -1.424808e-09)
(-0.00020144016 1.9828372e-05 -1.9599512e-09)
(-0.00020144016 -1.9828372e-05 -1.9599492e-09)
(-0.00019370464 -5.8727674e-05 -1.4248e-09)
(-0.00017852267 -9.5385291e-05 -5.4757318e-10)
(-0.00015647046 -0.0001283941 1.5970536e-10)
(-0.00015646989 0.00012839435 -1.8212537e-09)
(-0.00017852173 9.5386279e-05 -4.7524498e-10)
(-0.00019370369 5.8728972e-05 1.3701422e-09)
(-0.00020143918 1.9829061e-05 2.6933434e-09)
(-0.00020143918 -1.9829061e-05 2.6933451e-09)
(-0.00019370369 -5.8728972e-05 1.3701491e-09)
(-0.00017852173 -9.5386279e-05 -4.7522827e-10)
(-0.00015646989 -0.00012839435 -1.8212309e-09)
(-0.00015646915 0.00012839546 1.2846159e-09)
(-0.00017852036 9.5388915e-05 1.3669421e-09)
(-0.00019370294 5.87315e-05 1.3879495e-09)
(-0.00020143913 1.9830091e-05 1.2893215e-09)
(-0.00020143913 -1.9830091e-05 1.2893228e-09)
(-0.00019370294 -5.87315e-05 1.3879554e-09)
(-0.00017852036 -9.5388915e-05 1.3669566e-09)
(-0.00015646915 -0.00012839546 1.2846358e-09)
(-0.00015646898 0.00012839547 9.5138991e-11)
(-0.00017852012 9.538904e-05 9.5778083e-11)
(-0.00019370277 5.8731398e-05 9.6213765e-11)
(-0.00020143908 1.9829911e-05 9.6307577e-11)
(-0.00020143908 -1.9829911e-05 9.6308681e-11)
(-0.00019370277 -5.8731398e-05 9.6218731e-11)
(-0.00017852012 -9.538904e-05 9.5790661e-11)
(-0.00015646898 -0.00012839547 9.5156065e-11)
(-0.00015646905 0.00012839538 -1.1093621e-09)
(-0.00017852022 9.5388848e-05 -1.1915384e-09)
(-0.00019370273 5.8731438e-05 -1.2126941e-09)
(-0.00020143883 1.9830061e-05 -1.1142155e-09)
(-0.00020143883 -1.9830061e-05 -1.1142147e-09)
(-0.00019370273 -5.8731438e-05 -1.2126902e-09)
(-0.00017852022 -9.5388848e-05 -1.1915281e-09)
(-0.00015646905 -0.00012839538 -1.1093482e-09)
(-0.00015646892 0.00012839356 1.9781514e-09)
(-0.00017852064 9.5385709e-05 6.3464599e-10)
(-0.00019370258 5.8728643e-05 -1.2071204e-09)
(-0.0002014381 1.9828959e-05 -2.5274182e-09)
(-0.0002014381 -1.9828959e-05 -2.5274176e-09)
(-0.00019370258 -5.8728643e-05 -1.2071174e-09)
(-0.00017852064 -9.5385709e-05 6.3465447e-10)
(-0.00015646892 -0.00012839356 1.9781626e-09)
(-0.00015646934 0.00012839319 -6.0671935e-11)
(-0.00017852139 9.5384634e-05 6.5028856e-10)
(-0.00019370326 5.8727282e-05 1.5342878e-09)
(-0.00020143873 1.9828243e-05 2.0754261e-09)
(-0.00020143873 -1.9828243e-05 2.0754264e-09)
(-0.00019370326 -5.8727282e-05 1.53429e-09)
(-0.00017852139 -9.5384634e-05 6.5029529e-10)
(-0.00015646934 -0.00012839319 -6.0663121e-11)
(-0.00015646909 0.00012839298 -2.1834051e-10)
(-0.00017852111 9.5384482e-05 -9.2968679e-10)
(-0.00019370295 5.8727195e-05 -1.8104517e-09)
(-0.0002014384 1.9828216e-05 -2.3464003e-09)
(-0.0002014384 -1.9828216e-05 -2.3464001e-09)
(-0.00019370295 -5.8727195e-05 -1.8104502e-09)
(-0.00017852111 -9.5384482e-05 -9.2968163e-10)
(-0.00015646909 -0.00012839298 -2.1833396e-10)
(-0.00015646833 0.00012839304 -2.5674114e-09)
(-0.00017851997 9.538528e-05 -1.2521313e-09)
(-0.00019370176 5.8728335e-05 5.4369043e-10)
(-0.00020143714 1.982884e-05 1.826835e-09)
(-0.00020143714 -1.982884e-05 1.826835e-09)
(-0.00019370176 -5.8728335e-05 5.4369132e-10)
(-0.00017851997 -9.538528e-05 -1.2521276e-09)
(-0.00015646833 -0.00012839304 -2.567407e-09)
(-0.00015646662 0.00012839331 -5.9392431e-10)
(-0.00017851754 9.5387235e-05 -5.3590792e-10)
(-0.00019369994 5.8730403e-05 -5.5602994e-10)
(-0.00020143611 1.9829702e-05 -6.9355154e-10)
(-0.00020143611 -1.9829702e-05 -6.9355171e-10)
(-0.00019369994 -5.8730403e-05 -5.5602969e-10)
(-0.00017851754 -9.5387235e-05 -5.3590567e-10)
(-0.00015646662 -0.00012839331 -5.9392195e-10)
(-0.00015646514 0.0001283921 -1.671991e-09)
(-0.00017851587 9.538628e-05 -1.7805685e-09)
(-0.0001936982 5.8729536e-05 -1.9308272e-09)
(-0.00020143433 1.982925e-05 -2.0223419e-09)
(-0.00020143433 -1.982925e-05 -2.0223421e-09)
(-0.0001936982 -5.8729536e-05 -1.9308271e-09)
(-0.00017851587 -9.538628e-05 -1.7805669e-09)
(-0.00015646514 -0.0001283921 -1.6719895e-09)
(-0.00015646392 0.00012839086 -2.3888562e-09)
(-0.0001785143 9.5385232e-05 -2.3458045e-09)
(-0.00019369595 5.872918e-05 -2.0805755e-09)
(-0.00020143151 1.982931e-05 -1.7230771e-09)
(-0.00020143151 -1.982931e-05 -1.7230774e-09)
(-0.00019369595 -5.872918e-05 -2.080576e-09)
(-0.0001785143 -9.5385232e-05 -2.3458047e-09)
(-0.00015646392 -0.00012839086 -2.3888566e-09)
(-0.00015645726 0.00012838433 -1.2769381e-08)
(-0.00017850674 9.5379828e-05 -1.3308299e-08)
(-0.00019368593 5.8726378e-05 -1.359337e-08)
(-0.0002014187 1.982864e-05 -1.3409091e-08)
(-0.0002014187 -1.982864e-05 -1.3409091e-08)
(-0.00019368593 -5.8726378e-05 -1.359337e-08)
(-0.00017850674 -9.5379828e-05 -1.3308299e-08)
(-0.00015645726 -0.00012838433 -1.2769384e-08)
(-0.00015645358 0.00012838751 3.4957159e-08)
(-0.000178501 9.5388822e-05 4.0466525e-08)
(-0.00019368281 5.8734583e-05 4.7006765e-08)
(-0.00020141895 1.9831572e-05 5.0561663e-08)
(-0.00020141895 -1.9831572e-05 5.0561663e-08)
(-0.00019368281 -5.8734583e-05 4.7006764e-08)
(-0.000178501 -9.5388822e-05 4.0466522e-08)
(-0.00015645358 -0.00012838751 3.4957157e-08)
(-0.00015629794 0.00012826854 1.4813005e-07)
(-0.00017832043 9.5309958e-05 1.4994767e-07)
(-0.00019349033 5.8690121e-05 1.5287819e-07)
(-0.00020122388 1.9816941e-05 1.5512997e-07)
(-0.00020122388 -1.9816941e-05 1.5512997e-07)
(-0.00019349033 -5.8690121e-05 1.5287818e-07)
(-0.00017832043 -9.5309958e-05 1.4994766e-07)
(-0.00015629794 -0.00012826854 1.4813004e-07)
(-0.00012843258 -0.00015649309 -6.1432118e-08)
(-9.5434438e-05 -0.00017854247 -6.5723831e-08)
(-5.8766055e-05 -0.0001937363 -7.0368693e-08)
(-1.9841931e-05 -0.00020148649 -7.23459e-08)
(1.9841931e-05 -0.00020148649 -7.23458e-08)
(5.8766055e-05 -0.0001937363 -7.0368413e-08)
(9.5434438e-05 -0.00017854247 -6.5723421e-08)
(0.00012843258 -0.00015649309 -6.1431619e-08)
(-0.00012839844 -0.00015646708 -5.3627119e-08)
(-9.539663e-05 -0.00017851633 -5.8986024e-08)
(-5.8739065e-05 -0.00019369922 -6.5340287e-08)
(-1.9832999e-05 -0.00020143602 -6.8804127e-08)
(1.9832999e-05 -0.00020143602 -6.8804103e-08)
(5.8739065e-05 -0.00019369922 -6.5340212e-08)
(9.539663e-05 -0.00017851633 -5.8985895e-08)
(0.00012839844 -0.00015646708 -5.3626939e-08)
(-0.00012838988 -0.00015646381 6.3237533e-09)
(-9.5384129e-05 -0.0001785142 6.9911844e-09)
(-5.8729002e-05 -0.0001936941 7.4946072e-09)
(-1.9829477e-05 -0.00020142728 7.5120607e-09)
(1.9829478e-05 -0.00020142728 7.5120921e-09)
(5.8729002e-05 -0.0001936941 7.494711e-09)
(9.5384129e-05 -0.0001785142 6.9913661e-09)
(0.00012838988 -0.00015646381 6.3240011e-09)
(-0.00012839519 -0.000156469 1.6922922e-09)
(-9.538864e-05 -0.00017852005 1.541097e-09)
(-5.8731394e-05 -0.00019370218 1.1535415e-09)
(-1.983008e-05 -0.00020143784 7.3629125e-10)
(1.983008e-05 -0.00020143784 7.363608e-10)
(5.8731394e-05 -0.00019370218 1.1537389e-09)
(9.538864e-05 -0.00017852005 1.5413941e-09)
(0.00012839519 -0.000156469 1.6926677e-09)
(-0.00012839585 -0.00015646972 1.6442963e-09)
(-9.5389076e-05 -0.00017852106 1.7165811e-09)
(-5.8731299e-05 -0.00019370376 1.7971089e-09)
(-1.9829865e-05 -0.00020143999 1.8188073e-09)
(1.9829865e-05 -0.00020143999 1.8187595e-09)
(5.8731299e-05 -0.00019370376 1.79701e-09)
(9.5389076e-05 -0.00017852106 1.7165166e-09)
(0.00012839585 -0.00015646972 1.6442972e-09)
(-0.00012839679 -0.00015647091 9.9010575e-10)
(-9.5389775e-05 -0.00017852241 9.2556544e-10)
(-5.8731938e-05 -0.00019370517 9.3301049e-10)
(-1.9830213e-05 -0.00020144148 1.0582889e-09)
(1.9830214e-05 -0.00020144148 1.0583996e-09)
(5.8731938e-05 -0.00019370517 9.3335301e-10)
(9.5389775e-05 -0.00017852241 9.2611723e-10)
(0.00012839679 -0.00015647091 9.9081739e-10)
(-0.00012839597 -0.00015647194 3.0157539e-09)
(-9.5387415e-05 -0.0001785241 1.7044561e-09)
(-5.8729633e-05 -0.00019370627 -8.7752527e-11)
(-1.9829276e-05 -0.00020144189 -1.3698355e-09)
(1.9829276e-05 -0.00020144189 -1.3698131e-09)
(5.8729633e-05 -0.00019370628 -8.7690818e-11)
(9.5387416e-05 -0.0001785241 1.7045588e-09)
(0.00012839597 -0.00015647194 3.0159011e-09)
(-0.00012839575 -0.0001564725 5.6712424e-10)
(-9.5386505e-05 -0.00017852501 1.2813262e-09)
(-5.8728413e-05 -0.00019370717 2.1674981e-09)
(-1.982862e-05 -0.00020144278 2.7086365e-09)
(1.982862e-05 -0.00020144278 2.7086969e-09)
(5.8728413e-05 -0.00019370717 2.1676887e-09)
(9.5386505e-05 -0.00017852501 1.2816487e-09)
(0.00012839575 -0.0001564725 5.6755848e-10)
(-0.00012839562 -0.00015647233 3.5390212e-10)
(-9.5386422e-05 -0.00017852481 -3.506143e-10)
(-5.8728367e-05 -0.00019370695 -1.2241591e-09)
(-1.9828606e-05 -0.00020144256 -1.7567888e-09)
(1.9828606e-05 -0.00020144256 -1.7567452e-09)
(5.8728367e-05 -0.00019370696 -1.2240139e-09)
(9.5386422e-05 -0.00017852481 -3.5035148e-10)
(0.00012839562 -0.00015647233 3.5427172e-10)
(-0.00012839577 -0.00015647163 -1.6959682e-09)
(-9.5387339e-05 -0.00017852372 -3.4922794e-10)
(-5.872963e-05 -0.00019370586 1.4965822e-09)
(-1.9829286e-05 -0.00020144147 2.8195303e-09)
(1.9829286e-05 -0.00020144147 2.8196142e-09)
(5.872963e-05 -0.00019370587 1.4968822e-09)
(9.5387339e-05 -0.00017852372 -3.4867114e-10)
(0.00012839577 -0.00015647163 -1.6951898e-09)
(-0.00012839694 -0.00015647096 1.3815321e-09)
(-9.5390013e-05 -0.00017852241 1.463771e-09)
(-5.8732168e-05 -0.00019370515 1.4846583e-09)
(-1.9830314e-05 -0.0002014414 1.3859011e-09)
(1.9830314e-05 -0.0002014414 1.3859926e-09)
(5.8732168e-05 -0.00019370515 1.4848809e-09)
(9.5390013e-05 -0.00017852241 1.4640396e-09)
(0.00012839694 -0.00015647096 1.3818204e-09)
(-0.0001283968 -0.00015647061 1.7217053e-10)
(-9.5390026e-05 -0.00017852197 1.7214503e-10)
(-5.8732004e-05 -0.00019370478 1.7217132e-10)
(-1.9830115e-05 -0.00020144117 1.7222631e-10)
(1.9830115e-05 -0.00020144117 1.7212951e-10)
(5.8732004e-05 -0.00019370478 1.719504e-10)
(9.5390026e-05 -0.00017852197 1.7193909e-10)
(0.0001283968 -0.00015647061 1.7203809e-10)
(-0.00012839656 -0.00015647049 -1.0194539e-09)
(-9.5389721e-05 -0.00017852187 -1.1015696e-09)
(-5.873198e-05 -0.00019370453 -1.1224695e-09)
(-1.9830247e-05 -0.00020144073 -1.0237895e-09)
(1.9830247e-05 -0.00020144073 -1.0236365e-09)
(5.873198e-05 -0.00019370453 -1.1219571e-09)
(9.5389721e-05 -0.00017852187 -1.1006855e-09)
(0.00012839656 -0.00015647049 -1.0182703e-09)
(-0.00012839478 -0.00015647043 2.0857073e-09)
(-9.5386608e-05 -0.00017852235 7.3958009e-10)
(-5.8729186e-05 -0.0001937044 -1.1058244e-09)
(-1.9829138e-05 -0.00020143997 -2.4289306e-09)
(1.9829138e-05 -0.00020143998 -2.4289314e-09)
(5.8729186e-05 -0.0001937044 -1.1058697e-09)
(9.5386608e-05 -0.00017852235 7.3946266e-10)
(0.00012839478 -0.00015647043 2.0855535e-09)
(-0.00012839429 -0.0001564707 1.0415575e-10)
(-9.5385431e-05 -0.00017852294 8.1166369e-10)
(-5.8727759e-05 -0.00019370493 1.6891976e-09)
(-1.98284e-05 -0.00020144046 2.2245682e-09)
(1.9828401e-05 -0.00020144046 2.2245914e-09)
(5.8727759e-05 -0.00019370493 1.6892873e-09)
(9.5385431e-05 -0.00017852294 8.118495e-10)
(0.00012839429 -0.0001564707 1.0444521e-10)
(-0.00012839409 -0.00015647046 1.5964346e-10)
(-9.5385289e-05 -0.00017852267 -5.4777393e-10)
(-5.8727672e-05 -0.00019370464 -1.4251445e-09)
(-1.9828371e-05 -0.00020144016 -1.9603758e-09)
(1.9828371e-05 -0.00020144016 -1.9603354e-09)
(5.8727672e-05 -0.00019370464 -1.425021e-09)
(9.5385289e-05 -0.00017852267 -5.4756429e-10)
(0.00012839409 -0.00015647046 1.5994986e-10)
(-0.00012839434 -0.00015646989 -1.8211639e-09)
(-9.5386276e-05 -0.00017852173 -4.750415e-10)
(-5.8728969e-05 -0.00019370368 1.370356e-09)
(-1.9829059e-05 -0.00020143918 2.6934541e-09)
(1.982906e-05 -0.00020143918 2.6935028e-09)
(5.8728969e-05 -0.00019370369 1.3706081e-09)
(9.5386276e-05 -0.00017852173 -4.7447406e-10)
(0.00012839434 -0.00015646989 -1.8203095e-09)
(-0.00012839545 -0.00015646915 1.2844749e-09)
(-9.538891e-05 -0.00017852035 1.3665873e-09)
(-5.8731495e-05 -0.00019370293 1.3876356e-09)
(-1.9830089e-05 -0.00020143913 1.2892271e-09)
(1.9830089e-05 -0.00020143913 1.2893258e-09)
(5.8731495e-05 -0.00019370293 1.3878017e-09)
(9.538891e-05 -0.00017852036 1.36662e-09)
(0.00012839545 -0.00015646915 1.2843237e-09)
(-0.00012839546 -0.00015646898 9.4541132e-11)
(-9.5389032e-05 -0.00017852012 9.3987871e-11)
(-5.8731392e-05 -0.00019370277 9.3539491e-11)
(-1.982991e-05 -0.00020143907 9.3363185e-11)
(1.9829908e-05 -0.00020143907 9.3665517e-11)
(5.8731391e-05 -0.00019370277 9.4277742e-11)
(9.5389033e-05 -0.00017852012 9.4789354e-11)
(0.00012839546 -0.00015646898 9.5106011e-11)
(-0.00012839537 -0.00015646905 -1.1094685e-09)
(-9.5388838e-05 -0.00017852022 -1.191498e-09)
(-5.8731431e-05 -0.00019370272 -1.2119136e-09)
(-1.9830061e-05 -0.00020143882 -1.1127131e-09)
(1.9830056e-05 -0.00020143882 -1.1123503e-09)
(5.8731429e-05 -0.00019370272 -1.2106885e-09)
(9.5388839e-05 -0.00017852023 -1.1894602e-09)
(0.00012839537 -0.00015646905 -1.1071134e-09)
(-0.00012839354 -0.00015646893 1.9770818e-09)
(-9.5385692e-05 -0.00017852064 6.3106894e-10)
(-5.8728631e-05 -0.00019370256 -1.2134181e-09)
(-1.9828956e-05 -0.00020143809 -2.5353121e-09)
(1.9828949e-05 -0.00020143809 -2.53464e-09)
(5.8728626e-05 -0.00019370257 -1.2114123e-09)
(9.5385693e-05 -0.00017852065 6.3414599e-10)
(0.00012839355 -0.00015646893 1.9804104e-09)
(-0.00012839317 -0.00015646935 -6.1614016e-11)
(-9.5384604e-05 -0.00017852139 6.4588895e-10)
(-5.8727255e-05 -0.00019370325 1.5239028e-09)
(-1.9828235e-05 -0.00020143871 2.059976e-09)
(1.9828223e-05 -0.00020143871 2.0605021e-09)
(5.8727245e-05 -0.00019370326 1.5255998e-09)
(9.5384602e-05 -0.0001785214 6.4882744e-10)
(0.00012839317 -0.00015646935 -5.7941623e-11)
(-0.00012839296 -0.0001564691 -2.1772195e-10)
(-9.5384445e-05 -0.00017852111 -9.2781541e-10)
(-5.8727158e-05 -0.00019370294 -1.8076218e-09)
(-1.9828203e-05 -0.00020143838 -2.3433462e-09)
(1.982819e-05 -0.00020143839 -2.3436167e-09)
(5.8727147e-05 -0.00019370295 -1.80827e-09)
(9.5384442e-05 -0.00017852112 -9.2851139e-10)
(0.00012839297 -0.0001564691 -2.181829e-10)
(-0.00012839302 -0.00015646834 -2.567307e-09)
(-9.538525e-05 -0.00017851997 -1.2504516e-09)
(-5.8728306e-05 -0.00019370174 5.4958103e-10)
(-1.9828831e-05 -0.00020143712 1.8369097e-09)
(1.982882e-05 -0.00020143712 1.8365536e-09)
(5.8728298e-05 -0.00019370176 5.4825153e-10)
(9.5385249e-05 -0.00017851998 -1.2531393e-09)
(0.00012839303 -0.00015646835 -2.571168e-09)
(-0.0001283933 -0.00015646663 -5.9355348e-10)
(-9.5387216e-05 -0.00017851753 -5.3436252e-10)
(-5.8730391e-05 -0.00019369993 -5.5254411e-10)
(-1.9829701e-05 -0.00020143609 -6.8845016e-10)
(1.9829692e-05 -0.0002014361 -6.8917339e-10)
(5.8730385e-05 -0.00019369994 -5.549898e-10)
(9.5387217e-05 -0.00017851754 -5.3864557e-10)
(0.0001283933 -0.00015646663 -5.9895332e-10)
(-0.00012839209 -0.00015646515 -1.6706989e-09)
(-9.538627e-05 -0.00017851587 -1.7768687e-09)
(-5.8729531e-05 -0.00019369819 -1.9255636e-09)
(-1.982925e-05 -0.00020143433 -2.0167971e-09)
(1.9829246e-05 -0.00020143433 -2.0173799e-09)
(5.8729529e-05 -0.0001936982 -1.9272042e-09)
(9.5386272e-05 -0.00017851587 -1.7791444e-09)
(0.00012839209 -0.00015646515 -1.6728552e-09)
(-0.00012839086 -0.00015646392 -2.388767e-09)
(-9.5385226e-05 -0.0001785143 -2.3458055e-09)
(-5.8729175e-05 -0.00019369594 -2.0811647e-09)
(-1.9829308e-05 -0.0002014315 -1.7244385e-09)
(1.9829308e-05 -0.0002014315 -1.7249591e-09)
(5.8729175e-05 -0.00019369595 -2.0825859e-09)
(9.5385227e-05 -0.0001785143 -2.3477425e-09)
(0.00012839086 -0.00015646392 -2.3908668e-09)
(-0.00012838432 -0.00015645726 -1.2769539e-08)
(-9.5379824e-05 -0.00017850674 -1.3308763e-08)
(-5.8726375e-05 -0.00019368593 -1.3594054e-08)
(-1.9828638e-05 -0.0002014187 -1.340986e-08)
(1.9828639e-05 -0.0002014187 -1.341002e-08)
(5.8726376e-05 -0.00019368593 -1.3594625e-08)
(9.5379825e-05 -0.00017850674 -1.3309831e-08)
(0.00012838433 -0.00015645726 -1.2771059e-08)
(-0.00012838751 -0.00015645358 3.4956914e-08)
(-9.538882e-05 -0.000178501 4.0465872e-08)
(-5.8734581e-05 -0.00019368281 4.7005854e-08)
(-1.9831571e-05 -0.00020141895 5.0560521e-08)
(1.9831571e-05 -0.00020141895 5.0560139e-08)
(5.8734582e-05 -0.00019368281 4.7004705e-08)
(9.538882e-05 -0.00017850099 4.0463975e-08)
(0.00012838751 -0.00015645358 3.495434e-08)
(-0.00012826854 -0.00015629794 1.4813036e-07)
(-9.5309957e-05 -0.00017832043 1.4994858e-07)
(-5.8690121e-05 -0.00019349033 1.5287963e-07)
(-1.9816941e-05 -0.00020122388 1.5513188e-07)
(1.9816941e-05 -0.00020122388 1.5513225e-07)
(5.8690121e-05 -0.00019349033 1.5288074e-07)
(9.5309957e-05 -0.00017832043 1.4995038e-07)
(0.00012826854 -0.00015629794 1.4813274e-07)
(0.00015649309 -0.00012843258 -6.1431569e-08)
(0.00017854247 -9.5434438e-05 -6.5723263e-08)
(0.0001937363 -5.8766055e-05 -7.036814e-08)
(0.00020148649 -1.9841931e-05 -7.2345424e-08)
(0.00020148649 1.9841931e-05 -7.2345424e-08)
(0.0001937363 5.8766055e-05 -7.036814e-08)
(0.00017854247 9.5434438e-05 -6.5723263e-08)
(0.00015649309 0.00012843258 -6.143157e-08)
(0.00015646708 -0.00012839844 -5.3626927e-08)
(0.00017851633 -9.539663e-05 -5.8985866e-08)
(0.00019369922 -5.8739065e-05 -6.534018e-08)
(0.00020143602 -1.9832999e-05 -6.8804069e-08)
(0.00020143602 1.9832999e-05 -6.880407e-08)
(0.00019369922 5.8739065e-05 -6.5340182e-08)
(0.00017851633 9.539663e-05 -5.898587e-08)
(0.00015646708 0.00012839844 -5.3626932e-08)
(0.00015646381 -0.00012838988 6.3240278e-09)
(0.0001785142 -9.5384129e-05 6.9914469e-09)
(0.0001936941 -5.8729002e-05 7.4948379e-09)
(0.00020142728 -1.9829477e-05 7.5122475e-09)
(0.00020142728 1.9829477e-05 7.5122466e-09)
(0.0001936941 5.8729002e-05 7.4948351e-09)
(0.0001785142 9.5384129e-05 6.9914424e-09)
(0.00015646381 0.00012838988 6.3240218e-09)
(0.000156469 -0.00012839519 1.6927059e-09)
(0.00017852005 -9.5388639e-05 1.5415177e-09)
(0.00019370218 -5.8731394e-05 1.1539616e-09)
(0.00020143784 -1.983008e-05 7.3667821e-10)
(0.00020143784 1.983008e-05 7.3667722e-10)
(0.00019370218 5.8731394e-05 1.1539587e-09)
(0.00017852005 9.5388639e-05 1.5415131e-09)
(0.000156469 0.00012839519 1.6926999e-09)
(0.00015646972 -0.00012839585 1.6442857e-09)
(0.00017852106 -9.5389076e-05 1.7164524e-09)
(0.00019370376 -5.8731299e-05 1.7968369e-09)
(0.00020143999 -1.9829865e-05 1.8184671e-09)
(0.00020143999 1.9829865e-05 1.8184661e-09)
(0.00019370376 5.8731299e-05 1.796834e-09)
(0.00017852106 9.5389076e-05 1.7164477e-09)
(0.00015646972 0.00012839585 1.6442796e-09)
(0.00015647091 -0.00012839679 9.9089308e-10)
(0.00017852241 -9.5389774e-05 9.263533e-10)
(0.00019370517 -5.8731937e-05 9.3374244e-10)
(0.00020144148 -1.9830213e-05 1.0589023e-09)
(0.00020144148 1.9830213e-05 1.0589012e-09)
(0.00019370517 5.8731937e-05 9.3373928e-10)
(0.00017852241 9.5389774e-05 9.2634829e-10)
(0.00015647091 0.00012839679 9.908865e-10)
(0.00015647194 -0.00012839596 3.0159059e-09)
(0.0001785241 -9.5387415e-05 1.7045715e-09)
(0.00019370627 -5.8729632e-05 -8.7666652e-11)
(0.00020144189 -1.9829276e-05 -1.3697637e-09)
(0.00020144189 1.9829276e-05 -1.3697647e-09)
(0.00019370627 5.8729632e-05 -8.7669635e-11)
(0.0001785241 9.5387415e-05 1.7045668e-09)
(0.00015647194 0.00012839596 3.0158996e-09)
(0.0001564725 -0.00012839575 5.6759495e-10)
(0.00017852501 -9.5386504e-05 1.2817558e-09)
(0.00019370717 -5.8728412e-05 2.1678543e-09)
(0.00020144278 -1.982862e-05 2.7089079e-09)
(0.00020144278 1.982862e-05 2.7089069e-09)
(0.00019370717 5.8728412e-05 2.1678515e-09)
(0.00017852501 9.5386504e-05 1.2817513e-09)
(0.0001564725 0.00012839575 5.675891e-10)
(0.00015647233 -0.00012839562 3.5430532e-10)
(0.00017852481 -9.5386421e-05 -3.502544e-10)
(0.00019370695 -5.8728366e-05 -1.2238704e-09)
(0.00020144256 -1.9828605e-05 -1.7565729e-09)
(0.00020144256 1.9828605e-05 -1.7565738e-09)
(0.00019370695 5.8728366e-05 -1.223873e-09)
(0.00017852481 9.5386421e-05 -3.5025853e-10)
(0.00015647233 0.00012839562 3.5429989e-10)
(0.00015647163 -0.00012839577 -1.6951152e-09)
(0.00017852372 -9.5387339e-05 -3.4846357e-10)
(0.00019370587 -5.8729629e-05 1.4971642e-09)
(0.00020144147 -1.9829285e-05 2.8199163e-09)
(0.00020144147 1.9829285e-05 2.8199156e-09)
(0.00019370587 5.8729629e-05 1.4971619e-09)
(0.00017852372 9.5387339e-05 -3.4846723e-10)
(0.00015647163 0.00012839577 -1.69512e-09)
(0.00015647096 -0.00012839694 1.3818519e-09)
(0.00017852241 -9.5390012e-05 1.4641573e-09)
(0.00019370515 -5.8732167e-05 1.48514e-09)
(0.0002014414 -1.9830313e-05 1.3864196e-09)
(0.0002014414 1.9830313e-05 1.3864189e-09)
(0.00019370515 5.8732167e-05 1.4851381e-09)
(0.00017852241 9.5390012e-05 1.4641542e-09)
(0.00015647096 0.00012839694 1.3818479e-09)
(0.00015647061 -0.0001283968 1.7204713e-10)
(0.00017852197 -9.5390026e-05 1.7193137e-10)
(0.00019370478 -5.8732003e-05 1.7184098e-10)
(0.00020144117 -1.9830115e-05 1.718678e-10)
(0.00020144117 1.9830115e-05 1.7186731e-10)
(0.00019370478 5.8732003e-05 1.7183954e-10)
(0.00017852197 9.5390026e-05 1.7192908e-10)
(0.00015647061 0.0001283968 1.7204415e-10)
(0.00015647049 -0.00012839655 -1.0181413e-09)
(0.00017852187 -9.5389721e-05 -1.1003184e-09)
(0.00019370453 -5.8731979e-05 -1.121425e-09)
(0.00020144073 -1.9830246e-05 -1.0230166e-09)
(0.00020144073 1.9830246e-05 -1.023017e-09)
(0.00019370453 5.8731979e-05 -1.121426e-09)
(0.00017852187 9.5389721e-05 -1.10032e-09)
(0.00015647049 0.00012839655 -1.0181433e-09)
(0.00015647043 -0.00012839478 2.0856103e-09)
(0.00017852235 -9.5386608e-05 7.3964201e-10)
(0.0001937044 -5.8729185e-05 -1.1055532e-09)
(0.00020143998 -1.9829137e-05 -2.4284947e-09)
(0.00020143998 1.9829137e-05 -2.4284949e-09)
(0.0001937044 5.8729185e-05 -1.1055537e-09)
(0.00017852235 9.5386608e-05 7.3964128e-10)
(0.00015647043 0.00012839478 2.0856094e-09)
(0.0001564707 -0.00012839429 1.0451651e-10)
(0.00017852294 -9.5385432e-05 8.1202935e-10)
(0.00019370493 -5.8727759e-05 1.6895108e-09)
(0.00020144046 -1.98284e-05 2.2248257e-09)
(0.00020144046 1.98284e-05 2.2248257e-09)
(0.00019370493 5.8727759e-05 1.6895109e-09)
(0.00017852294 9.5385432e-05 8.1202951e-10)
(0.0001564707 0.00012839429 1.0451681e-10)
(0.00015647046 -0.0001283941 1.6012785e-10)
(0.00017852267 -9.5385291e-05 -5.4704292e-10)
(0.00019370464 -5.8727672e-05 -1.4242238e-09)
(0.00020144016 -1.9828371e-05 -1.9593835e-09)
(0.00020144016 1.9828371e-05 -1.9593833e-09)
(0.00019370464 5.8727672e-05 -1.4242232e-09)
(0.00017852267 9.5385291e-05 -5.4704189e-10)
(0.00015647046 0.0001283941 1.6012933e-10)
(0.00015646989 -0.00012839435 -1.8201669e-09)
(0.00017852173 -9.5386278e-05 -4.7408953e-10)
(0.00019370369 -5.8728969e-05 1.3711138e-09)
(0.00020143918 -1.9829059e-05 2.6940138e-09)
(0.00020143918 1.9829059e-05 2.6940142e-09)
(0.00019370369 5.8728969e-05 1.3711149e-09)
(0.00017852173 9.5386278e-05 -4.7408771e-10)
(0.00015646989 0.00012839435 -1.8201644e-09)
(0.00015646915 -0.00012839546 1.2843946e-09)
(0.00017852036 -9.5388914e-05 1.3667964e-09)
(0.00019370294 -5.8731497e-05 1.3880723e-09)
(0.00020143913 -1.9830089e-05 1.2897457e-09)
(0.00020143913 1.9830089e-05 1.2897462e-09)
(0.00019370294 5.8731497e-05 1.3880739e-09)
(0.00017852036 9.5388914e-05 1.366799e-09)
(0.00015646915 0.00012839546 1.2843981e-09)
(0.00015646898 -0.00012839547 9.5369595e-11)
(0.00017852012 -9.5389038e-05 9.5660166e-11)
(0.00019370277 -5.8731395e-05 9.5872259e-11)
(0.00020143908 -1.9829909e-05 9.5915304e-11)
(0.00020143908 1.9829909e-05 9.5915934e-11)
(0.00019370277 5.8731395e-05 9.5874143e-11)
(0.00017852012 9.5389038e-05 9.5663274e-11)
(0.00015646898 0.00012839547 9.5373843e-11)
(0.00015646905 -0.00012839538 -1.107161e-09)
(0.00017852023 -9.5388846e-05 -1.1895928e-09)
(0.00019370273 -5.8731434e-05 -1.2108188e-09)
(0.00020143883 -1.9830059e-05 -1.112331e-09)
(0.00020143883 1.9830059e-05 -1.1123302e-09)
(0.00019370273 5.8731434e-05 -1.2108166e-09)
(0.00017852023 9.5388846e-05 -1.1895891e-09)
(0.00015646905 0.00012839538 -1.107156e-09)
(0.00015646893 -0.00012839356 1.9802918e-09)
(0.00017852065 -9.53857e-05 6.3385538e-10)
(0.00019370258 -5.8728633e-05 -1.2116421e-09)
(0.0002014381 -1.9828954e-05 -2.5344929e-09)
(0.0002014381 1.9828954e-05 -2.5344921e-09)
(0.00019370258 5.8728633e-05 -1.2116396e-09)
(0.00017852065 9.53857e-05 6.338595e-10)
(0.00015646893 0.00012839356 1.9802974e-09)
(0.00015646935 -0.00012839318 -5.7965114e-11)
(0.0001785214 -9.538461e-05 6.4884444e-10)
(0.00019370326 -5.8727253e-05 1.5258513e-09)
(0.00020143872 -1.982823e-05 2.0611414e-09)
(0.00020143872 1.982823e-05 2.0611423e-09)
(0.00019370326 5.8727253e-05 1.525854e-09)
(0.0001785214 9.538461e-05 6.4884884e-10)
(0.00015646935 0.00012839318 -5.7959149e-11)
(0.0001564691 -0.00012839297 -2.1833056e-10)
(0.00017852112 -9.538445e-05 -9.2898536e-10)
(0.00019370295 -5.8727155e-05 -1.8090921e-09)
(0.00020143839 -1.9828197e-05 -2.3447624e-09)
(0.00020143839 1.9828197e-05 -2.3447615e-09)
(0.00019370295 5.8727155e-05 -1.8090893e-09)
(0.00017852112 9.538445e-05 -9.2898085e-10)
(0.0001564691 0.00012839297 -2.1832445e-10)
(0.00015646835 -0.00012839304 -2.5711347e-09)
(0.00017851998 -9.5385257e-05 -1.2530338e-09)
(0.00019370176 -5.8728305e-05 5.4839448e-10)
(0.00020143713 -1.9828826e-05 1.8366224e-09)
(0.00020143713 1.9828826e-05 1.8366233e-09)
(0.00019370176 5.8728305e-05 5.4839717e-10)
(0.00017851998 9.5385257e-05 -1.2530295e-09)
(0.00015646835 0.00012839304 -2.5711288e-09)
(0.00015646663 -0.00012839331 -5.9899542e-10)
(0.00017851754 -9.5387224e-05 -5.3883223e-10)
(0.00019369994 -5.8730392e-05 -5.5549725e-10)
(0.0002014361 -1.9829697e-05 -6.901702e-10)
(0.0002014361 1.9829697e-05 -6.9016935e-10)
(0.00019369994 5.8730392e-05 -5.5549471e-10)
(0.00017851754 9.5387224e-05 -5.3882807e-10)
(0.00015646663 0.00012839331 -5.9898979e-10)
(0.00015646515 -0.0001283921 -1.6731111e-09)
(0.00017851587 -9.5386277e-05 -1.7799756e-09)
(0.0001936982 -5.8729533e-05 -1.9287251e-09)
(0.00020143433 -1.9829249e-05 -2.0196112e-09)
(0.00020143433 1.9829249e-05 -2.0196105e-09)
(0.0001936982 5.8729533e-05 -1.9287228e-09)
(0.00017851587 9.5386277e-05 -1.779972e-09)
(0.00015646515 0.0001283921 -1.6731062e-09)
(0.00015646392 -0.00012839086 -2.3910888e-09)
(0.0001785143 -9.5385231e-05 -2.34839e-09)
(0.00019369595 -5.8729178e-05 -2.0836726e-09)
(0.0002014315 -1.9829309e-05 -1.7265463e-09)
(0.0002014315 1.9829309e-05 -1.7265457e-09)
(0.00019369595 5.8729178e-05 -2.0836708e-09)
(0.0001785143 9.5385231e-05 -2.348387e-09)
(0.00015646392 0.00012839086 -2.3910848e-09)
(0.00015645726 -0.00012838433 -1.2771284e-08)
(0.00017850674 -9.5379827e-05 -1.3310471e-08)
(0.00019368593 -5.8726377e-05 -1.3595588e-08)
(0.0002014187 -1.9828639e-05 -1.3411188e-08)
(0.0002014187 1.9828639e-05 -1.3411188e-08)
(0.00019368593 5.8726377e-05 -1.3595586e-08)
(0.00017850674 9.5379827e-05 -1.3310469e-08)
(0.00015645726 0.00012838433 -1.2771281e-08)
(0.00015645358 -0.00012838751 3.4954034e-08)
(0.00017850099 -9.5388821e-05 4.0463085e-08)
(0.00019368281 -5.8734582e-05 4.700336e-08)
(0.00020141895 -1.9831571e-05 5.055847e-08)
(0.00020141895 1.9831571e-05 5.055847e-08)
(0.00019368281 5.8734582e-05 4.7003361e-08)
(0.00017850099 9.5388821e-05 4.0463087e-08)
(0.00015645358 0.00012838751 3.4954036e-08)
(0.00015629794 -0.00012826854 1.4813284e-07)
(0.00017832043 -9.5309957e-05 1.4995071e-07)
(0.00019349033 -5.8690121e-05 1.528813e-07)
(0.00020122388 -1.9816941e-05 1.5513306e-07)
(0.00020122388 1.9816941e-05 1.5513306e-07)
(0.00019349033 5.8690121e-05 1.528813e-07)
(0.00017832043 9.5309957e-05 1.4995071e-07)
(0.00015629794 0.00012826854 1.4813284e-07)
(0.00012843258 0.00015649309 -6.143162e-08)
(9.5434438e-05 0.00017854247 -6.5723423e-08)
(5.8766055e-05 0.0001937363 -7.0368414e-08)
(1.9841931e-05 0.00020148649 -7.2345803e-08)
(-1.9841931e-05 0.00020148649 -7.2345906e-08)
(-5.8766055e-05 0.0001937363 -7.03687e-08)
(-9.5434438e-05 0.00017854247 -6.5723828e-08)
(-0.00012843258 0.00015649309 -6.1432109e-08)
(0.00012839844 0.00015646708 -5.3626945e-08)
(9.539663e-05 0.00017851633 -5.8985902e-08)
(5.8739065e-05 0.00019369922 -6.534022e-08)
(1.9832999e-05 0.00020143602 -6.8804113e-08)
(-1.9832999e-05 0.00020143602 -6.880414e-08)
(-5.8739065e-05 0.00019369922 -6.5340302e-08)
(-9.539663e-05 0.00017851633 -5.898603e-08)
(-0.00012839844 0.00015646708 -5.3627118e-08)
(0.00012838988 0.00015646381 6.323994e-09)
(9.5384129e-05 0.0001785142 6.9913579e-09)
(5.8729002e-05 0.0001936941 7.4947018e-09)
(1.9829478e-05 0.00020142728 7.5120813e-09)
(-1.9829477e-05 0.00020142728 7.5120471e-09)
(-5.8729002e-05 0.0001936941 7.4945922e-09)
(-9.5384129e-05 0.0001785142 6.9911785e-09)
(-0.00012838988 0.00015646381 6.323754e-09)
(0.00012839519 0.000156469 1.6926606e-09)
(9.538864e-05 0.00017852005 1.541386e-09)
(5.8731394e-05 0.00019370218 1.1537298e-09)
(1.983008e-05 0.00020143784 7.363501e-10)
(-1.983008e-05 0.00020143784 7.3627777e-10)
(-5.8731394e-05 0.00019370218 1.1535266e-09)
(-9.538864e-05 0.00017852005 1.5410907e-09)
(-0.00012839519 0.000156469 1.6922922e-09)
(0.00012839585 0.00015646972 1.64429e-09)
(9.5389076e-05 0.00017852106 1.7165084e-09)
(5.8731299e-05 0.00019370376 1.7970009e-09)
(1.9829865e-05 0.00020143999 1.8187488e-09)
(-1.9829865e-05 0.00020143999 1.818794e-09)
(-5.8731299e-05 0.00019370376 1.7970942e-09)
(-9.5389076e-05 0.00017852106 1.7165747e-09)
(-0.00012839585 0.00015646972 1.6442962e-09)
(0.00012839679 0.00015647091 9.9080952e-10)
(9.5389775e-05 0.00017852241 9.2610828e-10)
(5.8731938e-05 0.00019370517 9.3334298e-10)
(1.9830214e-05 0.00020144148 1.058388e-09)
(-1.9830213e-05 0.00020144148 1.0582748e-09)
(-5.8731938e-05 0.00019370517 9.3299519e-10)
(-9.5389775e-05 0.00017852241 9.2555857e-10)
(-0.00012839679 0.00015647091 9.9010546e-10)
(0.00012839597 0.00015647194 3.0158936e-09)
(9.5387416e-05 0.0001785241 1.7045503e-09)
(5.8729633e-05 0.00019370628 -8.7700434e-11)
(1.9829276e-05 0.00020144189 -1.3698243e-09)
(-1.9829276e-05 0.00020144189 -1.3698492e-09)
(-5.8729633e-05 0.00019370627 -8.7767409e-11)
(-9.5387415e-05 0.0001785241 1.7044491e-09)
(-0.00012839597 0.00015647194 3.015753e-09)
(0.00012839575 0.0001564725 5.6755147e-10)
(9.5386505e-05 0.00017852501 1.2816407e-09)
(5.8728413e-05 0.00019370717 2.1676798e-09)
(1.982862e-05 0.00020144278 2.7086865e-09)
(-1.982862e-05 0.00020144278 2.7086238e-09)
(-5.8728413e-05 0.00019370717 2.1674842e-09)
(-9.5386505e-05 0.00017852501 1.2813199e-09)
(-0.00012839575 0.0001564725 5.6712346e-10)
(0.00012839562 0.00015647233 3.5426522e-10)
(9.5386422e-05 0.00017852481 -3.5035887e-10)
(5.8728367e-05 0.00019370696 -1.2240222e-09)
(1.9828606e-05 0.00020144256 -1.7567549e-09)
(-1.9828606e-05 0.00020144256 -1.7568007e-09)
(-5.8728367e-05 0.00019370695 -1.2241721e-09)
(-9.5386422e-05 0.00017852481 -3.5062029e-10)
(-0.00012839562 0.00015647233 3.5390138e-10)
(0.00012839577 0.00015647163 -1.6951955e-09)
(9.5387339e-05 0.00017852372 -3.4867773e-10)
(5.8729631e-05 0.00019370587 1.4968747e-09)
(1.9829286e-05 0.00020144147 2.8196055e-09)
(-1.9829286e-05 0.00020144147 2.8195193e-09)
(-5.872963e-05 0.00019370586 1.49657e-09)
(-9.5387339e-05 0.00017852372 -3.4923349e-10)
(-0.00012839577 0.00015647163 -1.6959688e-09)
(0.00012839694 0.00015647096 1.3818157e-09)
(9.5390013e-05 0.00017852241 1.4640341e-09)
(5.8732168e-05 0.00019370515 1.4848746e-09)
(1.9830314e-05 0.0002014414 1.3859851e-09)
(-1.9830313e-05 0.0002014414 1.3858915e-09)
(-5.8732168e-05 0.00019370515 1.4846476e-09)
(-9.5390013e-05 0.00017852241 1.4637664e-09)
(-0.00012839694 0.00015647096 1.381532e-09)
(0.0001283968 0.00015647061 1.7203454e-10)
(9.5390026e-05 0.00017852197 1.7193505e-10)
(5.8732004e-05 0.00019370478 1.719458e-10)
(1.9830115e-05 0.00020144117 1.7212385e-10)
(-1.9830115e-05 0.00020144117 1.7221874e-10)
(-5.8732004e-05 0.00019370478 1.7216266e-10)
(-9.5390026e-05 0.00017852197 1.7214198e-10)
(-0.0001283968 0.00015647061 1.7217136e-10)
(0.00012839656 0.00015647049 -1.0182727e-09)
(9.5389721e-05 0.00017852187 -1.1006882e-09)
(5.873198e-05 0.00019370453 -1.1219603e-09)
(1.9830247e-05 0.00020144073 -1.0236405e-09)
(-1.9830247e-05 0.00020144073 -1.0237953e-09)
(-5.873198e-05 0.00019370453 -1.1224765e-09)
(-9.5389721e-05 0.00017852187 -1.1015715e-09)
(-0.00012839656 0.00015647049 -1.0194524e-09)
(0.00012839478 0.00015647043 2.0855525e-09)
(9.5386608e-05 0.00017852235 7.3946151e-10)
(5.8729186e-05 0.0001937044 -1.1058713e-09)
(1.9829138e-05 0.00020143998 -2.4289339e-09)
(-1.9829138e-05 0.00020143997 -2.4289348e-09)
(-5.8729186e-05 0.0001937044 -1.1058297e-09)
(-9.5386608e-05 0.00017852235 7.3957936e-10)
(-0.00012839478 0.00015647043 2.0857096e-09)
(0.00012839429 0.0001564707 1.0444566e-10)
(9.5385431e-05 0.00017852294 8.1185001e-10)
(5.8727759e-05 0.00019370493 1.6892876e-09)
(1.9828401e-05 0.00020144046 2.2245909e-09)
(-1.98284e-05 0.00020144046 2.2245661e-09)
(-5.8727759e-05 0.00019370493 1.6891943e-09)
(-9.5385431e-05 0.00017852294 8.1166448e-10)
(-0.00012839429 0.0001564707 1.0415899e-10)
(0.00012839409 0.00015647046 1.5995174e-10)
(9.5385289e-05 0.00017852267 -5.4756213e-10)
(5.8727672e-05 0.00019370464 -1.4250189e-09)
(1.9828371e-05 0.00020144016 -1.9603339e-09)
(-1.9828371e-05 0.00020144016 -1.9603758e-09)
(-5.8727672e-05 0.00019370464 -1.4251456e-09)
(-9.5385289e-05 0.00017852267 -5.4777146e-10)
(-0.00012839409 0.00015647046 1.5964777e-10)
(0.00012839434 0.00015646989 -1.8203064e-09)
(9.5386276e-05 0.00017852173 -4.7447044e-10)
(5.8728969e-05 0.00019370369 1.3706119e-09)
(1.982906e-05 0.00020143918 2.6935061e-09)
(-1.9829059e-05 0.00020143918 2.6934561e-09)
(-5.8728969e-05 0.00019370368 1.3703568e-09)
(-9.5386276e-05 0.00017852173 -4.7503768e-10)
(-0.00012839434 0.00015646989 -1.8211588e-09)
(0.00012839545 0.00015646915 1.2843281e-09)
(9.538891e-05 0.00017852036 1.366625e-09)
(5.8731495e-05 0.00019370293 1.387807e-09)
(1.9830089e-05 0.00020143913 1.2893306e-09)
(-1.9830089e-05 0.00020143913 1.2892306e-09)
(-5.8731495e-05 0.00019370293 1.3876379e-09)
(-9.538891e-05 0.00017852035 1.3665921e-09)
(-0.00012839545 0.00015646915 1.2844806e-09)
(0.00012839546 0.00015646898 9.5111236e-11)
(9.5389033e-05 0.00017852012 9.4795293e-11)
(5.8731391e-05 0.00019370277 9.4283998e-11)
(1.9829908e-05 0.00020143907 9.3671451e-11)
(-1.982991e-05 0.00020143907 9.3367923e-11)
(-5.8731392e-05 0.00019370277 9.3543082e-11)
(-9.5389032e-05 0.00017852012 9.399358e-11)
(-0.00012839546 0.00015646898 9.4547382e-11)
(0.00012839537 0.00015646905 -1.1071073e-09)
(9.5388839e-05 0.00017852023 -1.1894531e-09)
(5.8731429e-05 0.00019370272 -1.210681e-09)
(1.9830056e-05 0.00020143882 -1.112343e-09)
(-1.983006e-05 0.00020143882 -1.1127068e-09)
(-5.8731431e-05 0.00019370272 -1.2119084e-09)
(-9.5388838e-05 0.00017852022 -1.1914912e-09)
(-0.00012839537 0.00015646905 -1.1094617e-09)
(0.00012839355 0.00015646893 1.9804173e-09)
(9.5385693e-05 0.00017852065 6.3415386e-10)
(5.8728626e-05 0.00019370257 -1.2114038e-09)
(1.9828949e-05 0.00020143809 -2.5346317e-09)
(-1.9828956e-05 0.00020143809 -2.5353047e-09)
(-5.8728631e-05 0.00019370256 -1.2134118e-09)
(-9.5385692e-05 0.00017852064 6.310765e-10)
(-0.00012839354 0.00015646893 1.977089e-09)
(0.00012839317 0.00015646935 -5.7934311e-11)
(9.5384602e-05 0.0001785214 6.4883578e-10)
(5.8727245e-05 0.00019370326 1.5256087e-09)
(1.9828223e-05 0.00020143871 2.060511e-09)
(-1.9828235e-05 0.00020143871 2.059984e-09)
(-5.8727255e-05 0.00019370325 1.5239097e-09)
(-9.5384604e-05 0.00017852139 6.4589671e-10)
(-0.00012839317 0.00015646935 -6.1606866e-11)
(0.00012839297 0.0001564691 -2.1817542e-10)
(9.5384442e-05 0.00017852112 -9.2850286e-10)
(5.8727147e-05 0.00019370295 -1.8082608e-09)
(1.982819e-05 0.00020143839 -2.3436076e-09)
(-1.9828203e-05 0.00020143838 -2.3433378e-09)
(-5.8727158e-05 0.00019370294 -1.8076144e-09)
(-9.5384445e-05 0.00017852111 -9.2780757e-10)
(-0.00012839296 0.0001564691 -2.1771502e-10)
(0.00012839303 0.00015646835 -2.5711607e-09)
(9.5385249e-05 0.00017851998 -1.253131e-09)
(5.8728298e-05 0.00019370176 5.4826046e-10)
(1.982882e-05 0.00020143712 1.8365626e-09)
(-1.9828831e-05 0.00020143712 1.8369181e-09)
(-5.8728306e-05 0.00019370174 5.4958851e-10)
(-9.538525e-05 0.00017851997 -1.250444e-09)
(-0.00012839302 0.00015646834 -2.5673006e-09)
(0.0001283933 0.00015646663 -5.9894642e-10)
(9.5387217e-05 0.00017851754 -5.3863769e-10)
(5.8730385e-05 0.00019369994 -5.5498131e-10)
(1.9829692e-05 0.0002014361 -6.8916479e-10)
(-1.9829701e-05 0.00020143609 -6.8844208e-10)
(-5.8730391e-05 0.00019369993 -5.5253686e-10)
(-9.5387216e-05 0.00017851753 -5.3435545e-10)
(-0.0001283933 0.00015646663 -5.9354782e-10)
(0.00012839209 0.00015646515 -1.6728492e-09)
(9.5386272e-05 0.00017851587 -1.7791375e-09)
(5.8729529e-05 0.0001936982 -1.9271968e-09)
(1.9829246e-05 0.00020143433 -2.0173725e-09)
(-1.982925e-05 0.00020143433 -2.0167901e-09)
(-5.8729531e-05 0.00019369819 -1.9255574e-09)
(-9.538627e-05 0.00017851587 -1.7768628e-09)
(-0.00012839209 0.00015646515 -1.6706945e-09)
(0.00012839086 0.00015646392 -2.3908619e-09)
(9.5385227e-05 0.0001785143 -2.3477368e-09)
(5.8729175e-05 0.00019369595 -2.0825797e-09)
(1.9829308e-05 0.0002014315 -1.7249529e-09)
(-1.9829308e-05 0.0002014315 -1.7244325e-09)
(-5.8729175e-05 0.00019369594 -2.0811592e-09)
(-9.5385226e-05 0.0001785143 -2.3458001e-09)
(-0.00012839086 0.00015646392 -2.3887624e-09)
(0.00012838433 0.00015645726 -1.2771055e-08)
(9.5379825e-05 0.00017850674 -1.3309826e-08)
(5.8726376e-05 0.00019368593 -1.3594621e-08)
(1.9828639e-05 0.0002014187 -1.3410015e-08)
(-1.9828638e-05 0.0002014187 -1.3409855e-08)
(-5.8726375e-05 0.00019368593 -1.3594051e-08)
(-9.5379824e-05 0.00017850674 -1.3308761e-08)
(-0.00012838432 0.00015645726 -1.2769541e-08)
(0.00012838751 0.00015645358 3.4954343e-08)
(9.538882e-05 0.00017850099 4.0463978e-08)
(5.8734582e-05 0.00019368281 4.7004708e-08)
(1.9831571e-05 0.00020141895 5.0560143e-08)
(-1.9831571e-05 0.00020141895 5.0560524e-08)
(-5.8734581e-05 0.00019368281 4.7005857e-08)
(-9.538882e-05 0.000178501 4.0465877e-08)
(-0.00012838751 0.00015645358 3.495692e-08)
(0.00012826854 0.00015629794 1.4813274e-07)
(9.5309957e-05 0.00017832043 1.4995038e-07)
(5.8690121e-05 0.00019349033 1.5288074e-07)
(1.9816941e-05 0.00020122388 1.5513225e-07)
(-1.9816941e-05 0.00020122388 1.5513188e-07)
(-5.8690121e-05 0.00019349033 1.5287964e-07)
(-9.5309957e-05 0.00017832043 1.4994858e-07)
(-0.00012826854 0.00015629794 1.4813035e-07)
)
;
    }
    fsi_dura
    {
        type            calculated;
        value           nonuniform List<vector> 
960
(
(0.00023766135 -0.0001950494 -5.429013e-07)
(0.00027114269 -0.00014493825 -5.4434651e-07)
(0.00029420879 -8.9250899e-05 -5.4726968e-07)
(0.00030597219 -3.0134974e-05 -5.5014111e-07)
(0.00030597219 3.0134974e-05 -5.5014111e-07)
(0.00029420879 8.9250899e-05 -5.4726966e-07)
(0.00027114269 0.00014493825 -5.4434647e-07)
(0.00023766135 0.0001950494 -5.4290124e-07)
(0.00023786618 -0.0001952207 -7.5662736e-07)
(0.00027137445 -0.00014507119 -7.6072987e-07)
(0.00029446021 -8.9337622e-05 -7.6737922e-07)
(0.0003062311 -3.0165127e-05 -7.72515e-07)
(0.0003062311 3.0165127e-05 -7.72515e-07)
(0.00029446021 8.9337622e-05 -7.673792e-07)
(0.00027137445 0.00014507119 -7.6072983e-07)
(0.00023786618 0.0001952207 -7.566273e-07)
(0.00023798945 -0.00019532571 -2.0246972e-07)
(0.00027151265 -0.00014515451 -2.0439675e-07)
(0.00029460978 -8.9393246e-05 -2.0735316e-07)
(0.00030638717 -3.0184952e-05 -2.097316e-07)
(0.00030638717 3.0184952e-05 -2.0973159e-07)
(0.00029460978 8.9393246e-05 -2.0735314e-07)
(0.00027151265 0.00014515451 -2.0439671e-07)
(0.00023798945 0.00019532571 -2.0246966e-07)
(0.00023802244 -0.00019535372 4.4604038e-08)
(0.00027154978 -0.00014517672 4.5002318e-08)
(0.00029464978 -8.9408549e-05 4.5237459e-08)
(0.00030642917 -3.0190755e-05 4.5187296e-08)
(0.00030642917 3.0190755e-05 4.5187301e-08)
(0.00029464978 8.9408549e-05 4.5237478e-08)
(0.00027154978 0.00014517672 4.5002357e-08)
(0.00023802244 0.00019535372 4.4604098e-08)
(0.00023801012 -0.00019534329 4.4904805e-08)
(0.00027153592 -0.00014516898 4.4782327e-08)
(0.00029463461 -8.9403847e-05 4.4728622e-08)
(0.00030641307 -3.0189133e-05 4.4808544e-08)
(0.00030641307 3.0189133e-05 4.4808549e-08)
(0.00029463461 8.9403847e-05 4.472864e-08)
(0.00027153592 0.00014516898 4.4782365e-08)
(0.00023801012 0.00019534329 4.4904864e-08)
(0.00023800013 -0.00019533549 4.0614235e-09)
(0.00027152441 -0.00014516349 3.7167823e-09)
(0.00029462244 -8.9400727e-05 3.2001211e-09)
(0.00030640067 -3.0188209e-05 2.7050163e-09)
(0.00030640067 3.0188209e-05 2.705021e-09)
(0.00029462244 8.9400727e-05 3.2001385e-09)
(0.00027152441 0.00014516349 3.7168177e-09)
(0.00023800013 0.00019533549 4.0614787e-09)
(0.00023799885 -0.00019533509 -7.0326819e-09)
(0.00027152245 -0.00014516411 -7.7231862e-09)
(0.00029462026 -8.9401559e-05 -8.7126304e-09)
(0.00030639862 -3.0188491e-05 -9.2084698e-09)
(0.00030639862 3.0188491e-05 -9.2084652e-09)
(0.00029462026 8.9401559e-05 -8.7126137e-09)
(0.00027152245 0.00014516411 -7.723152e-09)
(0.00023799885 0.00019533509 -7.0326288e-09)
(0.00023799932 -0.00019533609 -1.9882084e-10)
(0.00027152267 -0.00014516544 -3.3371103e-10)
(0.00029462056 -8.9402419e-05 -3.1876741e-10)
(0.00030639919 -3.0188662e-05 -2.920987e-10)
(0.00030639919 3.0188662e-05 -2.9209438e-10)
(0.00029462056 8.9402419e-05 -3.1875154e-10)
(0.00027152267 0.00014516544 -3.3367828e-10)
(0.00023799932 0.00019533609 -1.9877001e-10)
(0.00023799922 -0.00019533599 -1.9089539e-09)
(0.00027152256 -0.00014516534 -1.7629668e-09)
(0.00029462043 -8.9402339e-05 -1.7495833e-09)
(0.00030639905 -3.0188631e-05 -1.7530978e-09)
(0.00030639905 3.0188631e-05 -1.7530936e-09)
(0.00029462043 8.9402339e-05 -1.7495681e-09)
(0.00027152256 0.00014516534 -1.7629354e-09)
(0.00023799922 0.00019533599 -1.908905e-09)
(0.00023799853 -0.00019533476 2.8583562e-09)
(0.0002715221 -0.0001451638 3.562966e-09)
(0.00029461985 -8.9401334e-05 4.5717575e-09)
(0.00030639818 -3.018841e-05 5.0766709e-09)
(0.00030639818 3.018841e-05 5.0766748e-09)
(0.00029461985 8.9401334e-05 4.571772e-09)
(0.0002715221 0.0001451638 3.5629959e-09)
(0.00023799853 0.00019533476 2.8584026e-09)
(0.00023799758 -0.00019533325 3.0447237e-10)
(0.00027152155 -0.00014516167 7.1323765e-10)
(0.00029461929 -8.939953e-05 1.339295e-09)
(0.00030639732 -3.0187796e-05 1.909685e-09)
(0.00030639732 3.0187796e-05 1.9096887e-09)
(0.00029461929 8.939953e-05 1.3393088e-09)
(0.00027152155 0.00014516167 7.1326624e-10)
(0.00023799758 0.00019533325 3.0451679e-10)
(0.00023799724 -0.00019533264 1.3018055e-10)
(0.00027152124 -0.00014516088 1.1364004e-10)
(0.00029461867 -8.9398607e-05 1.0136234e-10)
(0.00030639649 -3.0187273e-05 9.4681465e-11)
(0.00030639649 3.0187273e-05 9.4684916e-11)
(0.00029461867 8.9398607e-05 1.0137518e-10)
(0.00027152124 0.00014516088 1.1366705e-10)
(0.00023799724 0.00019533264 1.3022249e-10)
(0.0002379968 -0.00019533263 4.9822803e-11)
(0.00027152067 -0.00014516122 -3.9266024e-10)
(0.00029461832 -8.9399251e-05 -1.0430889e-09)
(0.0003063963 -3.01877e-05 -1.6262517e-09)
(0.0003063963 3.01877e-05 -1.6262485e-09)
(0.00029461832 8.9399251e-05 -1.0430768e-09)
(0.00027152067 0.00014516122 -3.9263465e-10)
(0.0002379968 0.00019533263 4.9862589e-11)
(0.00023799656 -0.0001953332 -2.2518159e-09)
(0.00027151986 -0.00014516264 -2.9925386e-09)
(0.00029461744 -8.9400629e-05 -4.0268367e-09)
(0.0003063957 -3.0188174e-05 -4.5444775e-09)
(0.0003063957 3.0188174e-05 -4.5444745e-09)
(0.00029461744 8.9400629e-05 -4.0268253e-09)
(0.00027151986 0.00014516264 -2.9925143e-09)
(0.00023799656 0.0001953332 -2.2517781e-09)
(0.00023799643 -0.00019533379 2.1951608e-09)
(0.0002715194 -0.00014516371 2.0131009e-09)
(0.00029461702 -8.9401339e-05 1.9785526e-09)
(0.00030639551 -3.0188294e-05 1.9727997e-09)
(0.00030639551 3.0188294e-05 1.9728025e-09)
(0.00029461702 8.9401339e-05 1.9785633e-09)
(0.0002715194 0.00014516371 2.0131237e-09)
(0.00023799643 0.00019533379 2.1951963e-09)
(0.00023799604 -0.00019533353 -2.0417071e-09)
(0.00027151897 -0.00014516353 -1.9376116e-09)
(0.00029461657 -8.9401229e-05 -1.9607819e-09)
(0.00030639504 -3.0188257e-05 -1.9856663e-09)
(0.00030639504 3.0188257e-05 -1.9856637e-09)
(0.00029461657 8.9401229e-05 -1.9607721e-09)
(0.00027151897 0.00014516353 -1.9375903e-09)
(0.00023799604 0.00019533353 -2.041674e-09)
(0.0002379956 -0.00019533261 2.4086867e-09)
(0.00027151881 -0.00014516222 3.0660747e-09)
(0.00029461632 -8.9400377e-05 4.0379547e-09)
(0.00030639452 -3.0188087e-05 4.5221731e-09)
(0.00030639452 3.0188087e-05 4.5221755e-09)
(0.00029461632 8.9400377e-05 4.0379637e-09)
(0.00027151881 0.00014516222 3.0660947e-09)
(0.0002379956 0.00019533261 2.4087177e-09)
(0.0002379946 -0.00019533117 1.1571955e-10)
(0.00027151823 -0.00014516018 4.6294716e-10)
(0.00029461577 -8.9398633e-05 1.0411572e-09)
(0.00030639372 -3.0187499e-05 1.5853991e-09)
(0.00030639372 3.0187499e-05 1.5854013e-09)
(0.00029461577 8.9398633e-05 1.0411656e-09)
(0.00027151823 0.00014516018 4.6296565e-10)
(0.0002379946 0.00019533117 1.1574822e-10)
(0.00023799446 -0.00019533089 6.5438919e-11)
(0.00027151819 -0.00014515966 -3.8090701e-11)
(0.00029461546 -8.9397883e-05 -1.1935928e-10)
(0.00030639321 -3.0187034e-05 -1.6310427e-10)
(0.00030639321 3.0187034e-05 -1.6310229e-10)
(0.00029461546 8.9397883e-05 -1.1935165e-10)
(0.00027151819 0.00014515966 -3.8073662e-11)
(0.00023799446 0.00019533089 6.5465273e-11)
(0.00023799419 -0.00019533127 -5.2467897e-11)
(0.00027151785 -0.00014516033 -6.2966135e-10)
(0.0002946154 -8.9398758e-05 -1.4010238e-09)
(0.00030639333 -3.0187541e-05 -2.0552626e-09)
(0.00030639333 3.0187541e-05 -2.0552609e-09)
(0.0002946154 8.9398758e-05 -1.4010171e-09)
(0.00027151785 0.00014516033 -6.2964596e-10)
(0.00023799419 0.00019533127 -5.2444138e-11)
(0.00023799381 -0.00019533206 -2.5884506e-09)
(0.00027151691 -0.00014516205 -3.5221164e-09)
(0.00029461446 -8.9400417e-05 -4.772431e-09)
(0.00030639277 -3.0188135e-05 -5.4386557e-09)
(0.00030639277 3.0188135e-05 -5.4386542e-09)
(0.00029461446 8.9400417e-05 -4.772425e-09)
(0.00027151691 0.00014516205 -3.5221024e-09)
(0.00023799381 0.00019533206 -2.5884291e-09)
(0.00023799391 -0.00019533316 2.0255637e-09)
(0.00027151669 -0.00014516371 1.6859501e-09)
(0.00029461434 -8.9401656e-05 1.4307429e-09)
(0.00030639292 -3.0188477e-05 1.2530657e-09)
(0.00030639292 3.0188477e-05 1.253067e-09)
(0.00029461434 8.9401656e-05 1.4307482e-09)
(0.00027151669 0.00014516371 1.6859624e-09)
(0.00023799391 0.00019533316 2.0255826e-09)
(0.00023799336 -0.00019533289 -1.3225286e-11)
(0.00027151605 -0.00014516364 1.2924397e-10)
(0.00029461367 -8.9401732e-05 1.1798882e-10)
(0.00030639224 -3.0188536e-05 8.9990197e-11)
(0.00030639224 3.0188536e-05 8.9991316e-11)
(0.00029461367 8.9401732e-05 1.1799336e-10)
(0.00027151605 0.00014516364 1.2925477e-10)
(0.00023799336 0.00019533289 -1.3208925e-11)
(0.00023799244 -0.00019533135 7.8076202e-09)
(0.00027151533 -0.00014516181 8.6942651e-09)
(0.00029461279 -8.9400469e-05 9.9213147e-09)
(0.00030639102 -3.01882e-05 1.0594036e-08)
(0.00030639102 3.01882e-05 1.0594037e-08)
(0.00029461279 8.9400469e-05 9.9213184e-09)
(0.00027151533 0.00014516181 8.6942745e-09)
(0.00023799244 0.00019533135 7.8076342e-09)
(0.00023799192 -0.0001953299 1.3321209e-09)
(0.00027151522 -0.00014515963 1.9044934e-09)
(0.00029461273 -8.9398522e-05 2.6574673e-09)
(0.00030639077 -3.0187505e-05 3.3120988e-09)
(0.00030639077 3.0187505e-05 3.3120995e-09)
(0.00029461273 8.9398522e-05 2.6574702e-09)
(0.00027151522 0.00014515963 1.9045012e-09)
(0.00023799192 0.0001953299 1.3321326e-09)
(0.0002380002 -0.00019533598 -3.5513031e-08)
(0.00027152472 -0.00014516375 -3.527899e-08)
(0.00029462264 -8.9400704e-05 -3.5148207e-08)
(0.00030640079 -3.0188077e-05 -3.5167037e-08)
(0.00030640079 3.0188077e-05 -3.5167036e-08)
(0.00029462264 8.9400704e-05 -3.5148205e-08)
(0.00027152472 0.00014516375 -3.5278983e-08)
(0.0002380002 0.00019533598 -3.5513021e-08)
(0.00023801627 -0.00019534929 -5.9460272e-08)
(0.00027154275 -0.00014517367 -5.9798649e-08)
(0.00029464224 -8.9406752e-05 -6.0040168e-08)
(0.0003064215 -3.0190145e-05 -6.0019732e-08)
(0.0003064215 3.0190145e-05 -6.0019732e-08)
(0.00029464224 8.9406752e-05 -6.0040167e-08)
(0.00027154275 0.00014517367 -5.9798646e-08)
(0.00023801627 0.00019534929 -5.946027e-08)
(0.00023799701 -0.00019533251 1.2537687e-07)
(0.00027152125 -0.00014515984 1.273076e-07)
(0.00029461934 -8.9396693e-05 1.3026481e-07)
(0.00030639711 -3.0186171e-05 1.3259179e-07)
(0.00030639711 3.0186171e-05 1.3259179e-07)
(0.00029461934 8.9396693e-05 1.3026481e-07)
(0.00027152125 0.00014515984 1.273076e-07)
(0.00023799701 0.00019533251 1.2537688e-07)
(0.00023789471 -0.00019524439 7.2892405e-07)
(0.00027140692 -0.00014508924 7.3326592e-07)
(0.00029449557 -8.9349078e-05 7.3993711e-07)
(0.00030626798 -3.0168978e-05 7.4510361e-07)
(0.00030626798 3.0168978e-05 7.4510361e-07)
(0.00029449557 8.9349078e-05 7.3993711e-07)
(0.00027140692 0.00014508924 7.3326591e-07)
(0.00023789471 0.00019524439 7.2892403e-07)
(0.00023768425 -0.0001950656 1.242548e-06)
(0.00027117037 -0.00014494985 1.2466711e-06)
(0.00029423804 -8.9260114e-05 1.2514688e-06)
(0.00030599898 -3.0138902e-05 1.2537488e-06)
(0.00030599898 3.0138902e-05 1.2537488e-06)
(0.00029423804 8.9260114e-05 1.2514688e-06)
(0.00027117037 0.00014494985 1.2466711e-06)
(0.00023768425 0.0001950656 1.242548e-06)
(0.0001950494 0.00023766135 -5.4289925e-07)
(0.00014493825 0.00027114269 -5.4434056e-07)
(8.9250898e-05 0.0002942088 -5.4725996e-07)
(3.0134972e-05 0.00030597219 -5.5012783e-07)
(-3.0134977e-05 0.0003059722 -5.5012456e-07)
(-8.9250903e-05 0.0002942088 -5.4725027e-07)
(-0.00014493826 0.0002711427 -5.4432477e-07)
(-0.0001950494 0.00023766135 -5.4287795e-07)
(0.00019522069 0.00023786618 -7.566228e-07)
(0.00014507119 0.00027137446 -7.6071639e-07)
(8.9337619e-05 0.00029446021 -7.6735702e-07)
(3.0165122e-05 0.00030623112 -7.724845e-07)
(-3.0165134e-05 0.00030623112 -7.7247686e-07)
(-8.9337632e-05 0.00029446022 -7.6733441e-07)
(-0.00014507121 0.00027137447 -7.606797e-07)
(-0.00019522071 0.00023786619 -7.5657345e-07)
(0.00019532571 0.00023798945 -2.0246474e-07)
(0.0001451545 0.00027151266 -2.04382e-07)
(8.939324e-05 0.00029460979 -2.0732879e-07)
(3.0184944e-05 0.00030638718 -2.0969792e-07)
(-3.0184963e-05 0.00030638718 -2.0968916e-07)
(-8.939326e-05 0.00029460979 -2.0730285e-07)
(-0.00014515452 0.00027151266 -2.0433987e-07)
(-0.00019532573 0.00023798946 -2.0240802e-07)
(0.00019535372 0.00023802244 4.4609172e-08)
(0.00014517671 0.00027154978 4.5017559e-08)
(8.9408545e-05 0.00029464979 4.5262723e-08)
(3.0190747e-05 0.00030642918 4.5222386e-08)
(-3.0190767e-05 0.00030642918 4.5231816e-08)
(-8.9408566e-05 0.00029464979 4.5290676e-08)
(-0.00014517674 0.00027154978 4.5063e-08)
(-0.00019535374 0.00023802244 4.4670368e-08)
(0.0001953433 0.00023801012 4.4910604e-08)
(0.00014516898 0.00027153593 4.4799614e-08)
(8.9403846e-05 0.00029463462 4.4757429e-08)
(3.0189127e-05 0.00030641307 4.4848721e-08)
(-3.0189146e-05 0.00030641307 4.4859576e-08)
(-8.9403866e-05 0.00029463462 4.4789528e-08)
(-0.000145169 0.00027153593 4.4851624e-08)
(-0.00019534332 0.00023801012 4.49805e-08)
(0.0001953355 0.00023800012 4.0682008e-09)
(0.0001451635 0.0002715244 3.7369371e-09)
(8.940073e-05 0.00029462244 3.2335105e-09)
(3.0188205e-05 0.00030640068 2.7513558e-09)
(-3.0188222e-05 0.00030640068 2.7637289e-09)
(-8.9400747e-05 0.00029462244 3.2701682e-09)
(-0.00014516352 0.00027152441 3.7965314e-09)
(-0.00019533552 0.00023800013 4.1484977e-09)
(0.00019533511 0.00023799883 -7.0247719e-09)
(0.00014516412 0.00027152244 -7.6996426e-09)
(8.9401567e-05 0.00029462026 -8.6736857e-09)
(3.0188489e-05 0.00030639863 -9.1546475e-09)
(-3.0188503e-05 0.00030639863 -9.1406885e-09)
(-8.9401581e-05 0.00029462026 -8.6323441e-09)
(-0.00014516414 0.00027152244 -7.6325231e-09)
(-0.00019533512 0.00023799884 -6.9344537e-09)
(0.00019533611 0.0002379993 -1.896182e-10)
(0.00014516546 0.00027152266 -3.0639028e-10)
(8.9402431e-05 0.00029462056 -2.7384264e-10)
(3.0188663e-05 0.0003063992 -2.3049572e-10)
(-3.0188674e-05 0.0003063992 -2.1525296e-10)
(-8.9402442e-05 0.00029462057 -2.2870234e-10)
(-0.00014516547 0.00027152266 -2.3308889e-10)
(-0.00019533613 0.0002379993 -9.096253e-11)
(0.00019533601 0.0002379992 -1.8981509e-09)
(0.00014516536 0.00027152255 -1.7309831e-09)
(8.9402355e-05 0.00029462043 -1.6973618e-09)
(3.0188635e-05 0.00030639905 -1.6822434e-09)
(-3.0188642e-05 0.00030639905 -1.6658792e-09)
(-8.9402363e-05 0.00029462043 -1.648921e-09)
(-0.00014516537 0.00027152255 -1.6523821e-09)
(-0.00019533602 0.0002379992 -1.7924508e-09)
(0.00019533479 0.00023799851 2.871215e-09)
(0.00014516382 0.00027152209 3.6008758e-09)
(8.9401351e-05 0.00029461985 4.6331018e-09)
(3.0188414e-05 0.00030639818 5.1588295e-09)
(-3.0188419e-05 0.00030639818 5.1760499e-09)
(-8.9401356e-05 0.00029461985 4.6840233e-09)
(-0.00014516383 0.00027152209 3.6833977e-09)
(-0.0001953348 0.00023799851 2.9820465e-09)
(0.00019533327 0.00023799757 3.2027617e-10)
(0.0001451617 0.00027152154 7.5959376e-10)
(8.9399546e-05 0.00029461929 1.413437e-09)
(3.0187801e-05 0.00030639732 2.0073113e-09)
(-3.0187803e-05 0.00030639733 2.0254024e-09)
(-8.9399548e-05 0.00029461929 1.4669866e-09)
(-0.0001451617 0.00027152155 8.4638807e-10)
(-0.00019533327 0.00023799757 4.3668437e-10)
(0.00019533265 0.00023799723 1.4964736e-10)
(0.0001451609 0.00027152124 1.7057918e-10)
(8.9398616e-05 0.00029461867 1.917352e-10)
(3.0187276e-05 0.0003063965 2.1203921e-10)
(-3.0187276e-05 0.0003063965 2.3080068e-10)
(-8.9398616e-05 0.00029461867 2.4705443e-10)
(-0.00014516089 0.00027152124 2.5971305e-10)
(-0.00019533265 0.00023799723 2.6853038e-10)
(0.00019533263 0.00023799681 7.4242991e-11)
(0.00014516122 0.00027152068 -3.2168108e-10)
(8.9399246e-05 0.00029461833 -9.3176337e-10)
(3.0187699e-05 0.00030639631 -1.4840836e-09)
(-3.0187698e-05 0.00030639631 -1.4651577e-09)
(-8.9399244e-05 0.00029461833 -8.7599315e-10)
(-0.00014516121 0.00027152068 -2.3187385e-10)
(-0.00019533262 0.00023799681 1.9379109e-10)
(0.00019533316 0.00023799659 -2.2208787e-09)
(0.0001451626 0.00027151989 -2.9029042e-09)
(8.9400602e-05 0.00029461746 -3.8874731e-09)
(3.0188165e-05 0.00030639572 -4.3691737e-09)
(-3.0188163e-05 0.00030639571 -4.3500234e-09)
(-8.9400598e-05 0.00029461746 -3.8310772e-09)
(-0.00014516259 0.00027151989 -2.8123658e-09)
(-0.00019533315 0.0002379966 -2.1009087e-09)
(0.0001953337 0.00023799651 2.2344149e-09)
(0.00014516363 0.00027151946 2.1263254e-09)
(8.9401277e-05 0.00029461706 2.1530205e-09)
(3.0188271e-05 0.00030639553 2.1891711e-09)
(-3.0188269e-05 0.00030639553 2.2075778e-09)
(-8.9401271e-05 0.00029461706 2.2072113e-09)
(-0.00014516361 0.00027151946 2.2133736e-09)
(-0.00019533368 0.00023799651 2.3499184e-09)
(0.00019533337 0.00023799618 -1.9920139e-09)
(0.00014516337 0.00027151907 -1.7948465e-09)
(8.9401117e-05 0.00029461662 -1.7427801e-09)
(3.0188217e-05 0.00030639507 -1.7192456e-09)
(-3.0188212e-05 0.00030639507 -1.7026941e-09)
(-8.9401107e-05 0.00029461662 -1.6937902e-09)
(-0.00014516336 0.00027151907 -1.7153802e-09)
(-0.00019533335 0.00023799618 -1.8851915e-09)
(0.00019533234 0.00023799583 2.4714509e-09)
(0.00014516197 0.00027151897 3.2455136e-09)
(8.9400197e-05 0.00029461641 4.3092488e-09)
(3.0188027e-05 0.00030639456 4.8484543e-09)
(-3.0188011e-05 0.00030639456 4.86015e-09)
(-8.9400178e-05 0.0002946164 4.3448193e-09)
(-0.00014516195 0.00027151897 3.3062291e-09)
(-0.00019533231 0.00023799583 2.5584139e-09)
(0.00019533076 0.00023799495 1.9596974e-10)
(0.00014515979 0.00027151847 6.9075056e-10)
(8.9398366e-05 0.00029461589 1.3806631e-09)
(3.0187419e-05 0.00030639377 1.9850519e-09)
(-3.0187371e-05 0.00030639378 1.9874828e-09)
(-8.9398324e-05 0.00029461589 1.3914582e-09)
(-0.00014515976 0.00027151847 7.1877089e-10)
(-0.00019533074 0.00023799494 2.5134176e-10)
(0.00019533028 0.00023799498 1.7035119e-10)
(0.0001451591 0.00027151854 2.5672118e-10)
(8.939751e-05 0.00029461563 3.1130921e-10)
(3.0186943e-05 0.00030639329 3.2988767e-10)
(-3.0186822e-05 0.00030639329 3.1583256e-10)
(-8.9397419e-05 0.00029461564 2.7758061e-10)
(-0.00014515905 0.00027151853 2.2564695e-10)
(-0.00019533028 0.00023799494 1.6996783e-10)
(0.00019533039 0.00023799493 8.3687596e-11)
(0.00014515953 0.00027151834 -2.4621408e-10)
(8.939824e-05 0.00029461564 -8.4071172e-10)
(3.0187448e-05 0.00030639342 -1.4195703e-09)
(-3.0187193e-05 0.00030639343 -1.4552791e-09)
(-8.9398056e-05 0.00029461566 -9.3458496e-10)
(-0.00014515945 0.00027151832 -3.6042839e-10)
(-0.00019533042 0.00023799484 2.7776135e-12)
(0.00019533084 0.00023799484 -2.4357709e-09)
(0.0001451609 0.00027151759 -3.072995e-09)
(8.9399648e-05 0.00029461479 -4.0730217e-09)
(3.0188005e-05 0.00030639289 -4.6074128e-09)
(-3.0187566e-05 0.00030639291 -4.6570073e-09)
(-8.9399327e-05 0.00029461483 -4.2076421e-09)
(-0.00014516077 0.00027151757 -3.2501227e-09)
(-0.00019533091 0.00023799466 -2.5867618e-09)
(0.00019533161 0.00023799519 2.1290246e-09)
(0.00014516216 0.00027151756 2.0102954e-09)
(8.9400528e-05 0.00029461479 1.9821667e-09)
(3.0188245e-05 0.00030639311 1.9493921e-09)
(-3.0187634e-05 0.00030639314 1.9061691e-09)
(-8.9400074e-05 0.00029461485 1.8615176e-09)
(-0.00014516197 0.00027151753 1.8406068e-09)
(-0.00019533171 0.00023799492 1.9613183e-09)
(0.0001953312 0.00023799474 -3.0220742e-11)
(0.0001451619 0.000271517 7.9837005e-11)
(8.9400411e-05 0.00029461418 4.1221592e-11)
(3.0188237e-05 0.00030639247 -8.0197325e-12)
(-3.0187555e-05 0.00030639251 -2.5708384e-11)
(-8.9399902e-05 0.00029461425 -1.1145076e-11)
(-0.00014516169 0.00027151697 -4.800949e-12)
(-0.00019533131 0.00023799443 -1.4319185e-10)
(0.00019532982 0.00023799371 7.6741956e-09)
(0.00014516027 0.0002715162 8.2821821e-09)
(8.9399345e-05 0.00029461324 9.2291763e-09)
(3.0187967e-05 0.00030639121 9.7109369e-09)
(-3.018736e-05 0.00030639124 9.7197145e-09)
(-8.9398897e-05 0.0002946133 9.2483001e-09)
(-0.00014516009 0.00027151617 8.2883462e-09)
(-0.00019532993 0.00023799344 7.6245918e-09)
(0.0001953287 0.00023799293 1.1484106e-09)
(0.0001451585 0.00027151589 1.3639938e-09)
(8.9397769e-05 0.00029461305 1.8112276e-09)
(3.0187378e-05 0.00030639089 2.2875444e-09)
(-3.018695e-05 0.00030639092 2.30534e-09)
(-8.9397462e-05 0.0002946131 1.8521144e-09)
(-0.00014515839 0.00027151587 1.3897904e-09)
(-0.0001953288 0.00023799275 1.0969902e-09)
(0.00019533515 0.00023800092 -3.5682615e-08)
(0.00014516299 0.0002715252 -3.5760602e-08)
(8.9400215e-05 0.00029462287 -3.5863083e-08)
(3.0187986e-05 0.00030640089 -3.6000091e-08)
(-3.0187755e-05 0.00030640091 -3.5993656e-08)
(-8.9400057e-05 0.00029462289 -3.5856035e-08)
(-0.00014516295 0.00027152518 -3.5787373e-08)
(-0.00019533521 0.00023800082 -3.5791804e-08)
(0.00019534875 0.00023801674 -5.9593625e-08)
(0.00014517317 0.00027154307 -6.0176544e-08)
(8.9406418e-05 0.00029464241 -6.0602441e-08)
(3.0190056e-05 0.00030642159 -6.0683229e-08)
(-3.0189973e-05 0.0003064216 -6.0694748e-08)
(-8.9406367e-05 0.00029464242 -6.0644648e-08)
(-0.00014517317 0.00027154306 -6.0269513e-08)
(-0.00019534879 0.0002380167 -5.9761426e-08)
(0.00019533219 0.0002379973 1.2527161e-07)
(0.00014515954 0.00027152146 1.2700634e-07)
(8.9396479e-05 0.00029461947 1.2980829e-07)
(3.0186096e-05 0.00030639719 1.3203946e-07)
(-3.0186094e-05 0.0003063972 1.3201178e-07)
(-8.9396486e-05 0.00029461947 1.2972296e-07)
(-0.00014515956 0.00027152146 1.2685766e-07)
(-0.00019533222 0.00023799729 1.2505418e-07)
(0.00019524422 0.00023789487 7.2883999e-07)
(0.00014508909 0.00027140705 7.3302362e-07)
(8.934897e-05 0.00029449567 7.3956471e-07)
(3.0168934e-05 0.00030626807 7.4464348e-07)
(-3.0168953e-05 0.00030626807 7.4460615e-07)
(-8.9348992e-05 0.00029449568 7.3945347e-07)
(-0.00014508912 0.00027140706 7.32841e-07)
(-0.00019524426 0.00023789489 7.285907e-07)
(0.00019506556 0.0002376843 1.2424845e-06)
(0.00014494983 0.00027117044 1.2464872e-06)
(8.9260097e-05 0.00029423812 1.2511837e-06)
(3.0138894e-05 0.00030599908 1.2533916e-06)
(-3.0138903e-05 0.00030599908 1.2533546e-06)
(-8.926011e-05 0.00029423814 1.2510741e-06)
(-0.00014494985 0.00027117047 1.2463099e-06)
(-0.00019506559 0.00023768434 1.2422471e-06)
(-0.00023766136 0.0001950494 -5.428753e-07)
(-0.0002711427 0.00014493826 -5.4431696e-07)
(-0.0002942088 8.9250901e-05 -5.4723774e-07)
(-0.0003059722 3.0134975e-05 -5.5010793e-07)
(-0.0003059722 -3.0134975e-05 -5.5010793e-07)
(-0.0002942088 -8.9250901e-05 -5.4723774e-07)
(-0.0002711427 -0.00014493826 -5.4431696e-07)
(-0.00023766136 -0.0001950494 -5.428753e-07)
(-0.0002378662 0.0001952207 -7.5656717e-07)
(-0.00027137448 0.0001450712 -7.606612e-07)
(-0.00029446023 8.9337626e-05 -7.6730466e-07)
(-0.00030623113 3.0165128e-05 -7.7243742e-07)
(-0.00030623113 -3.0165128e-05 -7.7243742e-07)
(-0.00029446023 -8.9337626e-05 -7.6730466e-07)
(-0.00027137448 -0.0001450712 -7.606612e-07)
(-0.0002378662 -0.0001952207 -7.5656717e-07)
(-0.00023798947 0.00019532571 -2.0240054e-07)
(-0.00027151268 0.00014515451 -2.0431786e-07)
(-0.00029460981 8.9393248e-05 -2.0726758e-07)
(-0.00030638719 3.0184953e-05 -2.096426e-07)
(-0.00030638719 -3.0184953e-05 -2.096426e-07)
(-0.00029460981 -8.9393248e-05 -2.0726758e-07)
(-0.00027151268 -0.00014515451 -2.0431786e-07)
(-0.00023798947 -0.00019532571 -2.0240054e-07)
(-0.00023802246 0.00019535372 4.4678677e-08)
(-0.0002715498 0.00014517672 4.5087408e-08)
(-0.0002946498 8.940855e-05 4.5329696e-08)
(-0.0003064292 3.0190755e-05 4.5283146e-08)
(-0.0003064292 -3.0190755e-05 4.5283146e-08)
(-0.0002946498 -8.940855e-05 4.5329695e-08)
(-0.0002715498 -0.00014517672 4.5087408e-08)
(-0.00023802246 -0.00019535372 4.4678676e-08)
(-0.00023801014 0.0001953433 4.4990056e-08)
(-0.00027153594 0.00014516898 4.4879741e-08)
(-0.00029463464 8.9403848e-05 4.4834574e-08)
(-0.00030641309 3.0189133e-05 4.4918909e-08)
(-0.00030641309 -3.0189133e-05 4.4918909e-08)
(-0.00029463464 -8.9403848e-05 4.4834575e-08)
(-0.00027153594 -0.00014516898 4.4879741e-08)
(-0.00023801014 -0.0001953433 4.4990055e-08)
(-0.00023800015 0.00019533549 4.1593592e-09)
(-0.00027152442 0.00014516349 3.8284342e-09)
(-0.00029462246 8.9400727e-05 3.3211731e-09)
(-0.00030640069 3.0188209e-05 2.8308656e-09)
(-0.00030640069 -3.0188209e-05 2.8308657e-09)
(-0.00029462246 -8.9400727e-05 3.3211732e-09)
(-0.00027152442 -0.00014516349 3.8284341e-09)
(-0.00023800015 -0.00019533549 4.1593585e-09)
(-0.00023799886 0.0001953351 -6.9225356e-09)
(-0.00027152246 0.00014516411 -7.5974508e-09)
(-0.00029462028 8.940156e-05 -8.5761155e-09)
(-0.00030639864 3.0188491e-05 -9.0664677e-09)
(-0.00030639864 -3.0188491e-05 -9.0664675e-09)
(-0.00029462028 -8.940156e-05 -8.5761152e-09)
(-0.00027152246 -0.00014516411 -7.5974507e-09)
(-0.00023799886 -0.0001953351 -6.922536e-09)
(-0.00023799933 0.00019533609 -7.8545222e-11)
(-0.00027152268 0.00014516544 -1.9650195e-10)
(-0.00029462058 8.9402419e-05 -1.6988174e-10)
(-0.00030639921 3.0188662e-05 -1.3725365e-10)
(-0.00030639921 -3.0188662e-05 -1.3725348e-10)
(-0.00029462058 -8.9402419e-05 -1.6988135e-10)
(-0.00027152268 -0.00014516544 -1.9650167e-10)
(-0.00023799933 -0.00019533609 -7.8545392e-11)
(-0.00023799923 0.00019533599 -1.7801802e-09)
(-0.00027152257 0.00014516534 -1.6161155e-09)
(-0.00029462045 8.940234e-05 -1.5902558e-09)
(-0.00030639906 3.0188631e-05 -1.5873997e-09)
(-0.00030639906 -3.0188631e-05 -1.5873996e-09)
(-0.00029462045 -8.940234e-05 -1.5902554e-09)
(-0.00027152257 -0.00014516534 -1.6161153e-09)
(-0.00023799923 -0.00019533599 -1.7801804e-09)
(-0.00023799854 0.00019533477 2.9931801e-09)
(-0.00027152211 0.0001451638 3.7165011e-09)
(-0.00029461985 8.9401334e-05 4.7382047e-09)
(-0.00030639819 3.018841e-05 5.2497641e-09)
(-0.00030639819 -3.018841e-05 5.2497642e-09)
(-0.00029461985 -8.9401334e-05 4.7382051e-09)
(-0.00027152211 -0.0001451638 3.7165013e-09)
(-0.00023799854 -0.00019533477 2.9931799e-09)
(-0.00023799759 0.00019533325 4.4573779e-10)
(-0.00027152156 0.00014516167 8.7362244e-10)
(-0.00029461929 8.9399531e-05 1.5125426e-09)
(-0.00030639732 3.0187797e-05 2.0893167e-09)
(-0.00030639732 -3.0187797e-05 2.0893168e-09)
(-0.00029461929 -8.9399531e-05 1.5125428e-09)
(-0.00027152156 -0.00014516167 8.7362253e-10)
(-0.00023799759 -0.00019533325 4.4573749e-10)
(-0.00023799724 0.00019533264 2.7391007e-10)
(-0.00027152124 0.00014516089 2.7662052e-10)
(-0.00029461867 8.9398609e-05 2.7758978e-10)
(-0.00030639649 3.0187274e-05 2.7767985e-10)
(-0.00030639649 -3.0187274e-05 2.7767998e-10)
(-0.00029461867 -8.9398609e-05 2.7759008e-10)
(-0.00027152124 -0.00014516089 2.7662076e-10)
(-0.00023799724 -0.00019533264 2.7391001e-10)
(-0.0002379968 0.00019533264 1.9368907e-10)
(-0.00027152066 0.00014516123 -2.306072e-10)
(-0.00029461832 8.9399254e-05 -8.6896135e-10)
(-0.00030639629 3.0187702e-05 -1.4460411e-09)
(-0.00030639629 -3.0187702e-05 -1.446041e-09)
(-0.00029461832 -8.9399254e-05 -8.6896102e-10)
(-0.00027152066 -0.00014516123 -2.3060689e-10)
(-0.0002379968 -0.00019533264 1.9368913e-10)
(-0.00023799654 0.00019533321 -2.1080197e-09)
(-0.00027151985 0.00014516265 -2.8310062e-09)
(-0.00029461743 8.9400635e-05 -3.8536879e-09)
(-0.00030639569 3.0188177e-05 -4.3656847e-09)
(-0.00030639569 -3.0188177e-05 -4.3656846e-09)
(-0.00029461743 -8.9400635e-05 -3.8536876e-09)
(-0.00027151985 -0.00014516265 -2.831006e-09)
(-0.00023799654 -0.00019533321 -2.1080198e-09)
(-0.00023799641 0.0001953338 2.3337968e-09)
(-0.00027151938 0.00014516372 2.1690298e-09)
(-0.00029461701 8.9401348e-05 2.1459366e-09)
(-0.0003063955 3.0188297e-05 2.1458797e-09)
(-0.0003063955 -3.0188297e-05 2.1458798e-09)
(-0.00029461701 -8.9401348e-05 2.145937e-09)
(-0.00027151938 -0.00014516372 2.1690301e-09)
(-0.00023799641 -0.0001953338 2.3337969e-09)
(-0.00023799601 0.00019533354 -1.9116346e-09)
(-0.00027151894 0.00014516354 -1.7893482e-09)
(-0.00029461655 8.9401238e-05 -1.8000238e-09)
(-0.00030639502 3.0188261e-05 -1.8185666e-09)
(-0.00030639502 -3.0188261e-05 -1.8185664e-09)
(-0.00029461655 -8.9401238e-05 -1.8000234e-09)
(-0.00027151894 -0.00014516354 -1.7893477e-09)
(-0.00023799601 -0.00019533354 -1.9116343e-09)
(-0.00023799557 0.00019533261 2.5214916e-09)
(-0.00027151879 0.00014516223 3.2018404e-09)
(-0.00029461629 8.9400382e-05 4.1912481e-09)
(-0.0003063945 3.0188089e-05 4.6851224e-09)
(-0.0003063945 -3.0188089e-05 4.6851225e-09)
(-0.00029461629 -8.9400382e-05 4.1912486e-09)
(-0.00027151879 -0.00014516223 3.2018409e-09)
(-0.00023799557 -0.00019533261 2.521492e-09)
(-0.00023799458 0.00019533116 2.0533852e-10)
(-0.00027151821 0.00014516016 5.8732376e-10)
(-0.00029461575 8.9398621e-05 1.1936587e-09)
(-0.0003063937 3.0187495e-05 1.7535043e-09)
(-0.0003063937 -3.0187495e-05 1.7535044e-09)
(-0.00029461575 -8.9398621e-05 1.1936591e-09)
(-0.00027151821 -0.00014516016 5.8732428e-10)
(-0.00023799458 -0.00019533116 2.0533897e-10)
(-0.00023799447 0.00019533083 1.1850687e-10)
(-0.0002715182 0.00014515959 7.669243e-11)
(-0.00029461545 8.9397829e-05 4.778933e-11)
(-0.00030639319 3.0187014e-05 3.3281361e-11)
(-0.00030639319 -3.0187014e-05 3.3281543e-11)
(-0.00029461545 -8.9397829e-05 4.7789808e-11)
(-0.0002715182 -0.00014515959 7.6693036e-11)
(-0.00023799447 -0.00019533083 1.1850744e-10)
(-0.00023799427 0.0001953311 -4.727538e-11)
(-0.00027151792 0.00014516013 -5.0731632e-10)
(-0.00029461543 8.9398593e-05 -1.1679483e-09)
(-0.00030639332 3.018748e-05 -1.7555753e-09)
(-0.00030639332 -3.018748e-05 -1.7555751e-09)
(-0.00029461543 -8.9398593e-05 -1.1679477e-09)
(-0.00027151792 -0.00014516013 -5.0731556e-10)
(-0.00023799427 -0.0001953311 -4.7274563e-11)
(-0.000237994 0.0001953317 -2.6282773e-09)
(-0.0002715171 0.00014516157 -3.3736123e-09)
(-0.00029461457 8.9399989e-05 -4.4091821e-09)
(-0.00030639279 3.0187963e-05 -4.9271693e-09)
(-0.00030639279 -3.0187963e-05 -4.9271691e-09)
(-0.00029461457 -8.9399989e-05 -4.4091815e-09)
(-0.0002715171 -0.00014516157 -3.3736115e-09)
(-0.000237994 -0.0001953317 -2.6282764e-09)
(-0.00023799421 0.00019533257 1.9350126e-09)
(-0.00027151703 0.00014516285 1.7615001e-09)
(-0.00029461456 8.9400828e-05 1.7297499e-09)
(-0.00030639301 3.0188125e-05 1.7240047e-09)
(-0.00030639301 -3.0188125e-05 1.7240049e-09)
(-0.00029461456 -8.9400828e-05 1.7297505e-09)
(-0.00027151703 -0.00014516285 1.761501e-09)
(-0.00023799421 -0.00019533257 1.9350137e-09)
(-0.00023799371 0.00019533218 -1.4941218e-10)
(-0.00027151646 0.00014516259 -2.3925854e-11)
(-0.00029461396 8.9400683e-05 -4.4589914e-11)
(-0.00030639238 3.018808e-05 -7.530567e-11)
(-0.00030639238 -3.018808e-05 -7.530543e-11)
(-0.00029461396 -8.9400683e-05 -4.4589245e-11)
(-0.00027151646 -0.00014516259 -2.392488e-11)
(-0.00023799371 -0.00019533218 -1.4941104e-10)
(-0.00023799276 0.00019533075 7.6381184e-09)
(-0.00027151568 0.00014516094 8.3281712e-09)
(-0.00029461303 8.939963e-05 9.3119718e-09)
(-0.00030639112 3.0187842e-05 9.8020128e-09)
(-0.00030639112 -3.0187842e-05 9.802013e-09)
(-0.00029461303 -8.939963e-05 9.3119724e-09)
(-0.00027151568 -0.00014516094 8.3281721e-09)
(-0.00023799276 -0.00019533075 7.6381195e-09)
(-0.00023799214 0.00019532953 1.1269295e-09)
(-0.00027151544 0.00014515913 1.4777308e-09)
(-0.00029461286 8.9398082e-05 1.9919232e-09)
(-0.00030639081 3.0187329e-05 2.4845837e-09)
(-0.00030639081 -3.0187329e-05 2.4845839e-09)
(-0.00029461286 -8.9398082e-05 1.9919237e-09)
(-0.00027151544 -0.00014515913 1.4777316e-09)
(-0.00023799214 -0.00019532953 1.1269305e-09)
(-0.00023800033 0.0001953358 -3.5751653e-08)
(-0.00027152484 0.00014516353 -3.5671021e-08)
(-0.0002946227 8.940053e-05 -3.5676406e-08)
(-0.00030640082 3.0188011e-05 -3.5773594e-08)
(-0.00030640082 -3.0188011e-05 -3.5773593e-08)
(-0.0002946227 -8.940053e-05 -3.5676406e-08)
(-0.00027152484 -0.00014516353 -3.567102e-08)
(-0.00023800033 -0.0001953358 -3.5751652e-08)
(-0.00023801634 0.00019534923 -5.9719721e-08)
(-0.00027154281 0.00014517359 -6.0150449e-08)
(-0.00029464228 8.940669e-05 -6.0466237e-08)
(-0.00030642153 3.0190121e-05 -6.0486901e-08)
(-0.00030642153 -3.0190121e-05 -6.0486901e-08)
(-0.00029464228 -8.940669e-05 -6.0466236e-08)
(-0.00027154281 -0.00014517359 -6.0150448e-08)
(-0.00023801634 -0.00019534923 -5.971972e-08)
(-0.00023799705 0.0001953325 1.2509003e-07)
(-0.0002715213 0.00014515983 1.2695813e-07)
(-0.00029461939 8.939668e-05 1.2986751e-07)
(-0.00030639715 3.0186166e-05 1.3216843e-07)
(-0.00030639715 -3.0186166e-05 1.3216843e-07)
(-0.00029461939 -8.939668e-05 1.2986751e-07)
(-0.0002715213 -0.00014515983 1.2695813e-07)
(-0.00023799705 -0.0001953325 1.2509003e-07)
(-0.00023789476 0.00019524441 7.2861567e-07)
(-0.00027140697 0.00014508926 7.3290924e-07)
(-0.00029449563 8.9349089e-05 7.3954594e-07)
(-0.00030626805 3.0168982e-05 7.4469436e-07)
(-0.00030626805 -3.0168982e-05 7.4469436e-07)
(-0.00029449563 -8.9349089e-05 7.3954594e-07)
(-0.00027140697 -0.00014508926 7.3290924e-07)
(-0.00023789476 -0.00019524441 7.2861567e-07)
(-0.0002376843 0.00019506563 1.2422604e-06)
(-0.00027117043 0.00014494989 1.2463447e-06)
(-0.00029423812 8.9260137e-05 1.2511162e-06)
(-0.00030599907 3.013891e-05 1.2533831e-06)
(-0.00030599907 -3.013891e-05 1.2533831e-06)
(-0.00029423812 -8.9260137e-05 1.2511162e-06)
(-0.00027117043 -0.00014494989 1.2463447e-06)
(-0.0002376843 -0.00019506563 1.2422604e-06)
(-0.0001950494 -0.00023766135 -5.4287795e-07)
(-0.00014493826 -0.0002711427 -5.4432477e-07)
(-8.9250903e-05 -0.0002942088 -5.4725027e-07)
(-3.0134977e-05 -0.0003059722 -5.5012456e-07)
(3.0134972e-05 -0.00030597219 -5.5012783e-07)
(8.9250898e-05 -0.0002942088 -5.4725998e-07)
(0.00014493825 -0.00027114269 -5.4434057e-07)
(0.0001950494 -0.00023766135 -5.4289926e-07)
(-0.00019522071 -0.00023786619 -7.5657345e-07)
(-0.00014507121 -0.00027137447 -7.606797e-07)
(-8.9337632e-05 -0.00029446022 -7.6733442e-07)
(-3.0165134e-05 -0.00030623112 -7.7247687e-07)
(3.0165122e-05 -0.00030623112 -7.7248451e-07)
(8.9337619e-05 -0.00029446021 -7.6735704e-07)
(0.00014507119 -0.00027137446 -7.6071641e-07)
(0.00019522069 -0.00023786618 -7.5662281e-07)
(-0.00019532573 -0.00023798946 -2.0240803e-07)
(-0.00014515452 -0.00027151266 -2.0433987e-07)
(-8.939326e-05 -0.00029460979 -2.0730286e-07)
(-3.0184963e-05 -0.00030638718 -2.0968916e-07)
(3.0184944e-05 -0.00030638718 -2.0969793e-07)
(8.939324e-05 -0.00029460979 -2.0732881e-07)
(0.0001451545 -0.00027151266 -2.0438201e-07)
(0.00019532571 -0.00023798945 -2.0246475e-07)
(-0.00019535374 -0.00023802244 4.4670366e-08)
(-0.00014517674 -0.00027154978 4.5062997e-08)
(-8.9408566e-05 -0.00029464979 4.5290673e-08)
(-3.0190767e-05 -0.00030642918 4.5231811e-08)
(3.0190747e-05 -0.00030642918 4.5222376e-08)
(8.9408545e-05 -0.00029464979 4.5262707e-08)
(0.00014517671 -0.00027154978 4.5017545e-08)
(0.00019535372 -0.00023802244 4.4609164e-08)
(-0.00019534332 -0.00023801012 4.4980499e-08)
(-0.000145169 -0.00027153593 4.4851622e-08)
(-8.9403866e-05 -0.00029463462 4.4789526e-08)
(-3.0189146e-05 -0.00030641307 4.4859573e-08)
(3.0189127e-05 -0.00030641307 4.4848713e-08)
(8.9403846e-05 -0.00029463462 4.4757414e-08)
(0.00014516898 -0.00027153593 4.4799602e-08)
(0.0001953433 -0.00023801012 4.4910598e-08)
(-0.00019533552 -0.00023800013 4.1484963e-09)
(-0.00014516352 -0.00027152441 3.7965294e-09)
(-8.9400747e-05 -0.00029462244 3.2701658e-09)
(-3.0188222e-05 -0.00030640068 2.7637252e-09)
(3.0188205e-05 -0.00030640068 2.751348e-09)
(8.940073e-05 -0.00029462244 3.2334963e-09)
(0.0001451635 -0.0002715244 3.7369255e-09)
(0.0001953355 -0.00023800012 4.0681942e-09)
(-0.00019533512 -0.00023799884 -6.9344547e-09)
(-0.00014516414 -0.00027152244 -7.6325247e-09)
(-8.9401581e-05 -0.00029462026 -8.6323461e-09)
(-3.0188503e-05 -0.00030639863 -9.1406918e-09)
(3.0188489e-05 -0.00030639863 -9.1546548e-09)
(8.9401567e-05 -0.00029462026 -8.6736991e-09)
(0.00014516412 -0.00027152244 -7.6996535e-09)
(0.00019533511 -0.00023799883 -7.024778e-09)
(-0.00019533613 -0.0002379993 -9.0963294e-11)
(-0.00014516547 -0.00027152266 -2.3309013e-10)
(-8.9402442e-05 -0.00029462057 -2.2870396e-10)
(-3.0188674e-05 -0.0003063992 -2.152557e-10)
(3.0188663e-05 -0.0003063992 -2.3050221e-10)
(8.9402431e-05 -0.00029462056 -2.7385492e-10)
(0.00014516546 -0.00027152266 -3.0639999e-10)
(0.00019533611 -0.0002379993 -1.8962321e-10)
(-0.00019533602 -0.0002379992 -1.7924516e-09)
(-0.00014516537 -0.00027152255 -1.6523833e-09)
(-8.9402363e-05 -0.00029462043 -1.6489226e-09)
(-3.0188642e-05 -0.00030639905 -1.6658818e-09)
(3.0188635e-05 -0.00030639905 -1.6822496e-09)
(8.9402355e-05 -0.00029462043 -1.6973736e-09)
(0.00014516536 -0.00027152255 -1.7309924e-09)
(0.00019533601 -0.0002379992 -1.8981556e-09)
(-0.0001953348 -0.00023799851 2.9820458e-09)
(-0.00014516383 -0.00027152209 3.6833966e-09)
(-8.9401356e-05 -0.00029461985 4.6840219e-09)
(-3.0188419e-05 -0.00030639818 5.1760474e-09)
(3.0188414e-05 -0.00030639818 5.1588236e-09)
(8.9401351e-05 -0.00029461985 4.6330906e-09)
(0.00014516382 -0.00027152209 3.6008668e-09)
(0.00019533479 -0.00023799851 2.8712103e-09)
(-0.00019533327 -0.00023799757 4.3668358e-10)
(-0.0001451617 -0.00027152155 8.4638689e-10)
(-8.9399548e-05 -0.00029461929 1.4669851e-09)
(-3.0187803e-05 -0.00030639733 2.0253999e-09)
(3.0187801e-05 -0.00030639732 2.0073055e-09)
(8.9399546e-05 -0.00029461929 1.4134262e-09)
(0.0001451617 -0.00027152154 7.595852e-10)
(0.00019533327 -0.00023799757 3.2027184e-10)
(-0.00019533265 -0.00023799723 2.6852992e-10)
(-0.00014516089 -0.00027152124 2.5971228e-10)
(-8.9398616e-05 -0.00029461867 2.470534e-10)
(-3.0187276e-05 -0.0003063965 2.3079876e-10)
(3.0187276e-05 -0.0003063965 2.1203425e-10)
(8.9398616e-05 -0.00029461867 1.9172559e-10)
(0.0001451609 -0.00027152124 1.7057187e-10)
(0.00019533265 -0.00023799723 1.4964412e-10)
(-0.00019533262 -0.00023799681 1.937908e-10)
(-0.00014516121 -0.00027152068 -2.3187439e-10)
(-8.9399244e-05 -0.00029461833 -8.7599389e-10)
(-3.0187698e-05 -0.00030639631 -1.4651593e-09)
(3.0187699e-05 -0.00030639631 -1.484088e-09)
(8.9399246e-05 -0.00029461833 -9.3177218e-10)
(0.00014516122 -0.00027152068 -3.2168766e-10)
(0.00019533263 -0.00023799681 7.4240348e-11)
(-0.00019533315 -0.0002379966 -2.1009091e-09)
(-0.00014516259 -0.00027151989 -2.8123666e-09)
(-8.9400598e-05 -0.00029461746 -3.8310781e-09)
(-3.0188163e-05 -0.00030639571 -4.3500252e-09)
(3.0188165e-05 -0.00030639572 -4.3691782e-09)
(8.9400602e-05 -0.00029461746 -3.8874818e-09)
(0.0001451626 -0.00027151989 -2.9029108e-09)
(0.00019533316 -0.00023799659 -2.2208815e-09)
(-0.00019533368 -0.00023799651 2.3499182e-09)
(-0.00014516361 -0.00027151946 2.2133732e-09)
(-8.9401271e-05 -0.00029461706 2.2072107e-09)
(-3.0188269e-05 -0.00030639553 2.2075765e-09)
(3.0188271e-05 -0.00030639553 2.1891673e-09)
(8.9401277e-05 -0.00029461706 2.1530128e-09)
(0.00014516363 -0.00027151946 2.1263197e-09)
(0.0001953337 -0.00023799651 2.2344128e-09)
(-0.00019533335 -0.00023799618 -1.8851915e-09)
(-0.00014516336 -0.00027151907 -1.7153803e-09)
(-8.9401107e-05 -0.00029461662 -1.6937904e-09)
(-3.0188212e-05 -0.00030639507 -1.7026949e-09)
(3.0188217e-05 -0.00030639507 -1.7192488e-09)
(8.9401117e-05 -0.00029461662 -1.7427867e-09)
(0.00014516337 -0.00027151907 -1.7948511e-09)
(0.00019533337 -0.00023799618 -1.9920151e-09)
(-0.00019533231 -0.00023799583 2.5584142e-09)
(-0.00014516195 -0.00027151897 3.3062293e-09)
(-8.9400178e-05 -0.0002946164 4.3448194e-09)
(-3.0188011e-05 -0.00030639456 4.8601494e-09)
(3.0188027e-05 -0.00030639456 4.8484517e-09)
(8.9400197e-05 -0.00029461641 4.3092429e-09)
(0.00014516197 -0.00027151897 3.2455098e-09)
(0.00019533234 -0.00023799583 2.4714502e-09)
(-0.00019533074 -0.00023799494 2.5134207e-10)
(-0.00014515976 -0.00027151847 7.1877107e-10)
(-8.9398324e-05 -0.00029461589 1.3914583e-09)
(-3.0187371e-05 -0.00030639378 1.9874823e-09)
(3.0187419e-05 -0.00030639377 1.9850493e-09)
(8.9398366e-05 -0.00029461589 1.3806575e-09)
(0.00014515979 -0.00027151847 6.9074674e-10)
(0.00019533076 -0.00023799495 1.9596896e-10)
(-0.00019533028 -0.00023799494 1.6996828e-10)
(-0.00014515905 -0.00027151853 2.2564733e-10)
(-8.9397419e-05 -0.00029461564 2.7758093e-10)
(-3.0186822e-05 -0.00030639329 3.158324e-10)
(3.0186943e-05 -0.00030639329 3.2988567e-10)
(8.939751e-05 -0.00029461563 3.1130442e-10)
(0.0001451591 -0.00027151854 2.5671805e-10)
(0.00019533028 -0.00023799498 1.703508e-10)
(-0.00019533042 -0.00023799484 2.7784079e-12)
(-0.00014515945 -0.00027151832 -3.6042761e-10)
(-8.9398056e-05 -0.00029461566 -9.3458421e-10)
(-3.0187193e-05 -0.00030639343 -1.4552788e-09)
(3.0187448e-05 -0.00030639342 -1.4195716e-09)
(8.939824e-05 -0.00029461564 -8.4071549e-10)
(0.00014515953 -0.00027151834 -2.4621619e-10)
(0.00019533039 -0.00023799493 8.3688011e-11)
(-0.00019533091 -0.00023799466 -2.5867609e-09)
(-0.00014516077 -0.00027151757 -3.2501219e-09)
(-8.9399327e-05 -0.00029461483 -4.2076412e-09)
(-3.0187566e-05 -0.00030639291 -4.6570067e-09)
(3.0188005e-05 -0.00030639289 -4.6074137e-09)
(8.9399648e-05 -0.00029461479 -4.0730247e-09)
(0.0001451609 -0.00027151759 -3.0729965e-09)
(0.00019533084 -0.00023799484 -2.4357701e-09)
(-0.00019533171 -0.00023799492 1.9613193e-09)
(-0.00014516197 -0.00027151753 1.8406079e-09)
(-8.9400074e-05 -0.00029461485 1.8615187e-09)
(-3.0187634e-05 -0.00030639314 1.9061699e-09)
(3.0188245e-05 -0.00030639311 1.9493916e-09)
(8.9400528e-05 -0.00029461479 1.9821642e-09)
(0.00014516216 -0.00027151756 2.0102943e-09)
(0.00019533161 -0.00023799519 2.1290253e-09)
(-0.00019533131 -0.00023799443 -1.4319063e-10)
(-0.00014516169 -0.00027151697 -4.799668e-12)
(-8.9399902e-05 -0.00029461425 -1.1143763e-11)
(-3.0187555e-05 -0.00030639251 -2.5707334e-11)
(3.0188237e-05 -0.00030639247 -8.0198137e-12)
(8.9400411e-05 -0.00029461418 4.121983e-11)
(0.0001451619 -0.000271517 7.9836446e-11)
(0.0001953312 -0.00023799474 -3.0219781e-11)
(-0.00019532993 -0.00023799344 7.6245931e-09)
(-0.00014516009 -0.00027151617 8.2883475e-09)
(-8.9398897e-05 -0.0002946133 9.2483015e-09)
(-3.018736e-05 -0.00030639124 9.7197157e-09)
(3.0187967e-05 -0.00030639121 9.7109372e-09)
(8.9399345e-05 -0.00029461324 9.2291752e-09)
(0.00014516027 -0.0002715162 8.2821822e-09)
(0.00019532982 -0.00023799371 7.674197e-09)
(-0.0001953288 -0.00023799275 1.0969914e-09)
(-0.00014515839 -0.00027151587 1.3897916e-09)
(-8.9397462e-05 -0.0002946131 1.8521157e-09)
(-3.018695e-05 -0.00030639092 2.3053412e-09)
(3.0187378e-05 -0.00030639089 2.2875448e-09)
(8.9397769e-05 -0.00029461305 1.8112269e-09)
(0.0001451585 -0.00027151589 1.3639944e-09)
(0.0001953287 -0.00023799293 1.1484124e-09)
(-0.00019533521 -0.00023800082 -3.5791803e-08)
(-0.00014516295 -0.00027152518 -3.5787372e-08)
(-8.9400057e-05 -0.00029462289 -3.5856034e-08)
(-3.0187755e-05 -0.00030640091 -3.5993655e-08)
(3.0187986e-05 -0.00030640089 -3.6000091e-08)
(8.9400215e-05 -0.00029462287 -3.5863083e-08)
(0.00014516299 -0.0002715252 -3.5760602e-08)
(0.00019533515 -0.00023800092 -3.5682613e-08)
(-0.00019534879 -0.0002380167 -5.9761425e-08)
(-0.00014517317 -0.00027154306 -6.0269512e-08)
(-8.9406367e-05 -0.00029464242 -6.0644647e-08)
(-3.0189973e-05 -0.0003064216 -6.0694748e-08)
(3.0190056e-05 -0.00030642159 -6.0683228e-08)
(8.9406418e-05 -0.00029464241 -6.0602441e-08)
(0.00014517317 -0.00027154307 -6.0176544e-08)
(0.00019534875 -0.00023801674 -5.9593626e-08)
(-0.00019533222 -0.00023799729 1.2505419e-07)
(-0.00014515956 -0.00027152146 1.2685766e-07)
(-8.9396486e-05 -0.00029461947 1.2972296e-07)
(-3.0186094e-05 -0.0003063972 1.3201178e-07)
(3.0186096e-05 -0.00030639719 1.3203946e-07)
(8.9396479e-05 -0.00029461947 1.2980829e-07)
(0.00014515954 -0.00027152146 1.2700635e-07)
(0.00019533219 -0.0002379973 1.2527162e-07)
(-0.00019524426 -0.00023789489 7.285907e-07)
(-0.00014508912 -0.00027140706 7.32841e-07)
(-8.9348992e-05 -0.00029449568 7.3945347e-07)
(-3.0168953e-05 -0.00030626807 7.4460615e-07)
(3.0168934e-05 -0.00030626807 7.4464348e-07)
(8.934897e-05 -0.00029449567 7.3956471e-07)
(0.00014508909 -0.00027140705 7.3302362e-07)
(0.00019524422 -0.00023789487 7.2883998e-07)
(-0.00019506559 -0.00023768434 1.2422471e-06)
(-0.00014494985 -0.00027117047 1.2463099e-06)
(-8.926011e-05 -0.00029423814 1.2510741e-06)
(-3.0138903e-05 -0.00030599908 1.2533546e-06)
(3.0138894e-05 -0.00030599908 1.2533916e-06)
(8.9260097e-05 -0.00029423812 1.2511837e-06)
(0.00014494983 -0.00027117044 1.2464872e-06)
(0.00019506556 -0.0002376843 1.2424845e-06)
)
;
    }
    lid_wall_inner
    {
        type            calculated;
        value           uniform (0 0 0);
    }
    lid_wall_outer
    {
        type            calculated;
        value           uniform (0 0 0);
    }
    outlet_peri
    {
        type            calculated;
        value           uniform (0 0 0);
    }
}


// ************************************************************************* //
