/*--------------------------------*- C++ -*----------------------------------*\
| =========                 |                                                 |
| \\      /  F ield         | OpenFOAM: The Open Source CFD Toolbox           |
|  \\    /   O peration     | Version:  2512                                  |
|   \\  /    A nd           | Website:  www.openfoam.com                      |
|    \\/     M anipulation  |                                                 |
\*---------------------------------------------------------------------------*/
FoamFile
{
    version     2.0;
    format      ascii;
    arch        "LSB;label=32;scalar=64";
    class       surfaceScalarField;
    location    "2.1";
    object      phi;
}
// * * * * * * * * * * * * * * * * * * * * * * * * * * * * * * * * * * * * * //

dimensions      [0 3 -1 0 0 0 0];

oriented        oriented;

internalField   nonuniform List<scalar> 
3860
(
9.3089016e-05
6.9109838e-06
8.245919e-05
1.0629826e-05
7.2094287e-05
1.0364903e-05
6.2674342e-05
9.4199439e-06
5.4421667e-05
8.2526756e-06
4.7514496e-05
6.9071702e-06
4.1969567e-05
5.544929e-06
3.7654481e-05
4.3150863e-06
3.435548e-05
3.2989998e-06
3.1853503e-05
2.5019768e-06
2.995821e-05
1.8952937e-06
2.851011e-05
1.4480998e-06
2.7383795e-05
1.1263138e-06
2.6486066e-05
8.9772922e-07
2.575066e-05
7.3540553e-07
2.5131821e-05
6.1883854e-07
2.459854e-05
5.3328092e-07
2.41299e-05
4.6863994e-07
2.3711861e-05
4.1803799e-07
2.3334704e-05
3.7715745e-07
2.2991723e-05
3.4298047e-07
2.2677856e-05
3.1386675e-07
2.2389586e-05
2.8826939e-07
2.2123859e-05
2.6572642e-07
2.1878857e-05
2.4500166e-07
2.1652509e-05
2.2634828e-07
2.1444314e-05
2.0819456e-07
2.1252705e-05
1.9160864e-07
2.1078677e-05
1.7402743e-07
2.0920778e-05
1.5789924e-07
2.0782146e-05
1.3863153e-07
2.0660706e-05
1.2144027e-07
2.0563228e-05
9.7477603e-08
2.0486462e-05
7.6766937e-08
2.0445022e-05
4.144022e-08
2.0433868e-05
1.1154249e-08
2.0475967e-05
-4.2099106e-08
2.0557303e-05
-8.1335749e-08
2.0731184e-05
-1.7388041e-07
2.0967087e-05
-2.359034e-07
2.1371138e-05
-4.0405119e-07
2.1880579e-05
-5.0944141e-07
2.2708536e-05
-8.2795754e-07
2.3760835e-05
-1.052299e-06
2.5425247e-05
-1.6644124e-06
2.7769148e-05
-2.3439027e-06
3.1176549e-05
-3.407404e-06
3.7510083e-05
-6.3335469e-06
4.4438905e-05
-6.9288369e-06
-2.139834e-05
0.00010314534
3.7656416e-06
0.00010500236
8.7728062e-06
0.00010462539
1.0741873e-05
0.00010294138
1.1103956e-05
0.00010033469
1.0859366e-05
9.705407e-05
1.0187788e-05
9.340543e-05
9.1935684e-06
8.9665433e-05
8.0550836e-06
8.6035008e-05
6.9294246e-06
8.2636222e-05
5.9007625e-06
7.9531595e-05
4.9999196e-06
7.6746031e-05
4.2336638e-06
7.4276431e-05
3.5959141e-06
7.2101386e-05
3.0727731e-06
7.0190185e-05
2.6466066e-06
6.8509221e-05
2.2998024e-06
6.7025661e-05
2.0168405e-06
6.5709658e-05
1.7846429e-06
6.4535456e-05
1.5922391e-06
6.3481202e-05
1.4314113e-06
6.2529074e-05
1.2951084e-06
6.1664246e-05
1.1786934e-06
6.0875165e-05
1.0773505e-06
6.0152002e-05
9.8888922e-07
5.9487718e-05
9.0928471e-07
5.887575e-05
8.3831652e-07
5.8312493e-05
7.7145097e-07
5.7793415e-05
7.1068613e-07
5.7318034e-05
6.4940843e-07
5.6882946e-05
5.9298766e-07
5.6491307e-05
5.3026988e-07
5.6140235e-05
4.725128e-07
5.5838222e-05
3.9949036e-07
5.5581697e-05
3.3329174e-07
5.5386514e-05
2.3662354e-07
5.5244826e-05
1.5284254e-07
5.5193353e-05
9.3741567e-09
5.5215066e-05
-1.03048e-07
5.5364343e-05
-3.2315805e-07
5.5635382e-05
-5.069414e-07
5.6098065e-05
-8.6673465e-07
5.6781102e-05
-1.1924786e-06
5.7737181e-05
-1.7840373e-06
5.9168851e-05
-2.4839699e-06
6.0899898e-05
-3.3954591e-06
6.382213e-05
-5.2661353e-06
6.6785113e-05
-6.3703937e-06
7.2443711e-05
-1.1992168e-05
7.8120198e-05
-1.2605316e-05
-2.5947815e-05
0.00010163989
2.1257518e-06
0.00010455298
5.859718e-06
0.00010705744
8.23741e-06
0.00010885559
9.3058088e-06
0.0001100052
9.7097586e-06
0.00011049598
9.6970005e-06
0.00011035685
9.3327031e-06
0.00010969594
8.715995e-06
0.0001086529
7.9724648e-06
0.00010735216
7.2015006e-06
0.00010589284
6.4592324e-06
0.00010435284
5.7736649e-06
0.00010279168
5.1570812e-06
0.00010125191
4.6125424e-06
9.9761633e-05
4.1368795e-06
9.833758e-05
3.7238554e-06
9.6988712e-05
3.3657079e-06
9.5718299e-05
3.0550553e-06
9.4526114e-05
2.7844243e-06
9.3409463e-05
2.5480615e-06
9.2364723e-05
2.3398485e-06
9.1387305e-05
2.1561112e-06
9.0473081e-05
1.9915733e-06
8.9617369e-05
1.8446012e-06
8.8816863e-05
1.7097904e-06
8.8067403e-05
1.5877764e-06
8.7367178e-05
1.4716755e-06
8.6712635e-05
1.3652293e-06
8.6104007e-05
1.2580358e-06
8.5538233e-05
1.1587613e-06
8.5018339e-05
1.0501645e-06
8.4541679e-05
9.4917265e-07
8.4114917e-05
8.2625208e-07
8.3735985e-05
7.1222379e-07
8.3415627e-05
5.5698135e-07
8.3155304e-05
4.1316583e-07
8.2964853e-05
1.9982607e-07
8.2856058e-05
5.7469872e-09
8.284446e-05
-3.1155945e-07
8.2968881e-05
-6.3136175e-07
8.3206057e-05
-1.103911e-06
8.3687513e-05
-1.6739346e-06
8.4280617e-05
-2.3771412e-06
8.5316071e-05
-3.5194234e-06
8.6449239e-05
-4.5286278e-06
8.8199777e-05
-7.0166741e-06
9.0225126e-05
-8.3957479e-06
9.201402e-05
-1.3781077e-05
9.4596592e-05
-1.518789e-05
-2.4793113e-05
0.00010077015
1.3556048e-06
0.00010268299
3.9468771e-06
0.00010497635
5.9440464e-06
0.00010717396
7.1082003e-06
0.00010916752
7.7161976e-06
0.00011089497
7.9695527e-06
0.00011228049
7.9471774e-06
0.00011329418
7.7023085e-06
0.00011395971
7.3069344e-06
0.00011432697
6.834241e-06
0.00011444875
6.3374532e-06
0.00011437369
5.8487265e-06
0.0001141457
5.3850676e-06
0.00011380252
4.9557164e-06
0.0001133751
4.564308e-06
0.00011288782
4.211131e-06
0.00011235976
3.8937673e-06
0.00011180547
3.6093455e-06
0.00011123616
3.3537302e-06
0.00011066021
3.1240182e-06
0.00011008416
2.9158945e-06
0.00010951273
2.7275362e-06
0.00010894988
2.554423e-06
0.00010839819
2.3962985e-06
0.00010786025
2.2477232e-06
0.00010733743
2.1106003e-06
0.00010683179
1.9773124e-06
0.00010634405
1.8529721e-06
0.00010587628
1.7258075e-06
0.00010542912
1.6059147e-06
0.0001050049
1.4743894e-06
0.0001046051
1.348969e-06
0.00010423184
1.1995138e-06
0.00010388945
1.0546157e-06
0.00010357804
8.6838851e-07
0.00010330897
6.8223491e-07
0.00010307486
4.3393787e-07
0.00010290606
1.7454825e-07
0.00010277136
-1.7685401e-07
0.00010274199
-6.0199863e-07
0.00010275292
-1.1148394e-06
0.00010291541
-1.8364254e-06
0.00010312228
-2.5840111e-06
0.00010349731
-3.8944532e-06
0.0001039551
-4.9864101e-06
0.00010435543
-7.4170051e-06
0.00010492816
-8.9684811e-06
0.00010441175
-1.3264687e-05
0.00010414496
-1.4921089e-05
-2.1358263e-05
0.00010042958
9.2602747e-07
0.00010164576
2.7306959e-06
0.00010333471
4.2550897e-06
0.00010515715
5.2857682e-06
0.00010697852
5.8948219e-06
0.00010873802
6.2100528e-06
0.00011037388
6.3113151e-06
0.00011183381
6.2423811e-06
0.00011309482
6.0459218e-06
0.00011415987
5.7691991e-06
0.00011504438
5.4529335e-06
0.00011576797
5.1251451e-06
0.00011635055
4.8024824e-06
0.00011681154
4.4947314e-06
0.00011716881
4.2070282e-06
0.00011743811
3.9418364e-06
0.00011763287
3.6990028e-06
0.00011776447
3.4777515e-06
0.00011784249
3.2757079e-06
0.00011787504
3.0914694e-06
0.00011786901
2.9219227e-06
0.00011783029
2.7662565e-06
0.00011776392
2.6207914e-06
0.00011767432
2.4859013e-06
0.0001175652
2.3568396e-06
0.00011744007
2.2357297e-06
0.00011730158
2.1157982e-06
0.00011715286
2.0016951e-06
0.00011699547
1.8832032e-06
0.00011683284
1.7685366e-06
0.00011666502
1.642216e-06
0.00011649692
1.5170679e-06
0.00011632588
1.370549e-06
0.0001161603
1.2201981e-06
0.00011599263
1.0360582e-06
0.00011583777
8.3709082e-07
0.00011568076
5.9095067e-07
0.00011554931
3.0600571e-07
0.00011540286
-3.0403078e-08
0.00011529384
-4.9298063e-07
0.00011517679
-9.9778855e-07
0.00011507839
-1.7380313e-06
0.00011497521
-2.4808313e-06
0.00011480176
-3.7209996e-06
0.00011462702
-4.8116677e-06
0.00011407014
-6.8601212e-06
0.0001134588
-8.3571413e-06
0.00011170433
-1.1510222e-05
0.0001097727
-1.2989453e-05
-1.7064442e-05
0.00010028252
6.4350406e-07
0.00010111085
1.9023688e-06
0.0001023505
3.0154423e-06
0.00010379278
3.8434815e-06
0.00010531233
4.3752753e-06
0.00010684645
4.6759332e-06
0.00010835001
4.8077574e-06
0.00010978207
4.8103154e-06
0.00011111419
4.7138075e-06
0.00011233433
4.5490509e-06
0.00011344227
4.3450006e-06
0.00011444338
4.1240295e-06
0.00011534519
3.9006789e-06
0.0001161561
3.6838122e-06
0.0001168848
3.4783361e-06
0.00011753962
3.2870128e-06
0.00011812815
3.1104739e-06
0.00011865717
2.9487261e-06
0.00011913256
2.8003186e-06
0.00011955959
2.6644466e-06
0.00011994267
2.5388331e-06
0.00012028599
2.4229392e-06
0.00012059283
2.3139554e-06
0.00012086661
2.2121152e-06
0.00012110964
2.113816e-06
0.00012132495
2.0204173e-06
0.00012151378
1.9269692e-06
0.00012167918
1.8362964e-06
0.00012182101
1.7413707e-06
0.00012194283
1.6467149e-06
0.00012204252
1.5425209e-06
0.00012212484
1.4347561e-06
0.00012218469
1.3106965e-06
0.0001222288
1.1760838e-06
0.0001222479
1.0169568e-06
0.00012225128
8.3371498e-07
0.00012222502
6.1720881e-07
0.00012218035
3.5067615e-07
0.00012209764
5.2306104e-08
0.00012197749
-3.7282966e-07
0.00012180843
-8.2872561e-07
0.00012155774
-1.4873437e-06
0.0001212384
-2.1614876e-06
0.00012071925
-3.2018467e-06
0.00012008377
-4.1761798e-06
0.0001189791
-5.7554565e-06
0.00011764416
-7.0221961e-06
0.00011533398
-9.2000337e-06
0.00011268765
-1.0343131e-05
-1.2771229e-05
0.00010020708
4.3642411e-07
0.00010081785
1.2915986e-06
0.00010176691
2.0663831e-06
0.00010293394
2.6764456e-06
0.00010421534
3.0938752e-06
0.00010554722
3.3440612e-06
0.00010688773
3.4672438e-06
0.00010820326
3.4947837e-06
0.00010946775
3.4493168e-06
0.00011066553
3.3512766e-06
0.0001117903
3.2202278e-06
0.00011284169
3.0726366e-06
0.00011382225
2.9201202e-06
0.00011473599
2.7700668e-06
0.00011558765
2.6266826e-06
0.00011638223
2.4924347e-06
0.00011712451
2.3681842e-06
0.00011781902
2.2542249e-06
0.0001184696
2.1497372e-06
0.00011907985
2.0541935e-06
0.00011965264
1.9660459e-06
0.00012019079
1.884785e-06
0.00012069626
1.8084859e-06
0.00012117135
1.7370257e-06
0.00012161712
1.668042e-06
0.00012203559
1.6019514e-06
0.00012242682
1.5357331e-06
0.00012279276
1.470364e-06
0.0001231322
1.401925e-06
0.0001234472
1.3317213e-06
0.00012373484
1.2548803e-06
0.00012399736
1.1722333e-06
0.00012422955
1.078503e-06
0.00012443363
9.7201039e-07
0.00012460155
8.4903671e-07
0.00012473441
7.0085362e-07
0.00012482135
5.3026763e-07
0.00012485904
3.1298196e-07
0.00012484087
7.048096e-08
0.00012473778
-2.6973993e-07
0.00012455
-6.4094251e-07
0.00012422353
-1.1608773e-06
0.00012377009
-1.7080394e-06
0.00012306392
-2.4956772e-06
0.00012215679
-3.26905e-06
0.00012079195
-4.390618e-06
0.00011911659
-5.3468288e-06
0.00011667844
-6.7618714e-06
0.00011389764
-7.5623375e-06
-8.9032416e-06
0.00010016459
2.7183685e-07
0.0001006509
8.0528152e-07
0.00010142239
1.2949016e-06
0.00010240589
1.6929378e-06
0.00010352248
1.9772835e-06
0.00010471161
2.1549309e-06
0.00010593092
2.2479412e-06
0.0001071486
2.2771012e-06
0.00010834005
2.2578653e-06
0.00010948828
2.2030463e-06
0.00011058382
2.1246855e-06
0.000111623
2.0334546e-06
0.00011260574
1.9373871e-06
0.00011353399
1.8418133e-06
0.00011441082
1.7498547e-06
0.00011523989
1.6633647e-06
0.00011602494
1.5831279e-06
0.00011676969
1.5094811e-06
0.00011747738
1.4420426e-06
0.00011815109
1.3804849e-06
0.00011879324
1.3238939e-06
0.00011940619
1.2718372e-06
0.0001199915
1.2231758e-06
0.00012055092
1.1776057e-06
0.00012108516
1.1338041e-06
0.00012159547
1.091634e-06
0.00012208166
1.0495484e-06
0.00012254455
1.0074732e-06
0.00012298285
9.6362801e-07
0.0001233969
9.1766653e-07
0.00012378405
8.6773393e-07
0.00012414384
8.1244306e-07
0.00012447189
7.504475e-07
0.00012476617
6.7773469e-07
0.00012502029
5.9491248e-07
0.00012522884
4.9230883e-07
0.00012538358
3.7552077e-07
0.00012547269
2.2388163e-07
0.00012548878
5.4383259e-08
0.00012539905
-1.8001097e-07
0.00012519791
-4.3979799e-07
0.00012483152
-7.944866e-07
0.00012429925
-1.1757637e-06
0.00012350102
-1.6974506e-06
0.00012245704
-2.2250674e-06
0.00012100164
-2.9352133e-06
0.00011922033
-3.5655144e-06
0.00011685798
-4.3995094e-06
0.00011419386
-4.8982158e-06
-5.5660678e-06
0.00010014115
1.3068825e-07
0.00010055903
3.8739742e-07
0.00010122942
6.245135e-07
0.00010210194
8.2042108e-07
0.00010311539
9.6382572e-07
0.00010421462
1.0557011e-06
0.00010535715
1.1054107e-06
0.00010651117
1.1230846e-06
0.00010765246
1.1165774e-06
0.00010876337
1.092139e-06
0.00010983255
1.0555001e-06
0.00011085414
1.0118658e-06
0.00011182621
9.6531688e-07
0.00011274938
9.1864229e-07
0.00011362572
8.7351051e-07
0.00011445817
8.3091652e-07
0.00011524998
7.9132251e-07
0.00011600452
7.5494175e-07
0.00011672492
7.2164271e-07
0.00011741413
6.9126982e-07
0.00011807461
6.6341242e-07
0.00011870863
6.378216e-07
0.00011931782
6.1398432e-07
0.00011990375
5.9167077e-07
0.00012046724
5.7031226e-07
0.00012100918
5.4969779e-07
0.00012152951
5.2921539e-07
0.0001220284
5.0858725e-07
0.00012250483
4.8719559e-07
0.00012295802
4.6448099e-07
0.0001233858
4.3994814e-07
0.00012378593
4.1231772e-07
0.00012415482
3.8155048e-07
0.00012448774
3.4482129e-07
0.00012477938
3.0326775e-07
0.00012502064
2.5105667e-07
0.00012520434
1.9182137e-07
0.00012531387
1.1435115e-07
0.0001253408
2.7445955e-08
0.00012525237
-9.1577158e-08
0.00012503732
-2.2474822e-07
0.00012464654
-4.0370042e-07
0.00012406919
-5.9841775e-07
0.00012322854
-8.5679681e-07
0.00012212616
-1.1226877e-06
0.0001206563
-1.4653481e-06
0.00011886729
-1.7764975e-06
0.00011662747
-2.159669e-06
0.00011412659
-2.3973423e-06
-2.6644064e-06
0.00010013069
-9.4276045e-15
0.00010051809
-3.0593947e-14
0.0001011426
-5.5852355e-14
0.00010196302
-8.2578622e-14
0.00010292685
-1.0979161e-13
0.00010398255
-1.3911328e-13
0.00010508796
-1.7208658e-13
0.00010621104
-2.0827308e-13
0.00010732762
-2.4522737e-13
0.00010841976
-2.7991245e-13
0.00010947526
-3.0993014e-13
0.00011048712
-3.3428544e-13
0.00011145244
-3.5314377e-13
0.00011237108
-3.6759114e-13
0.00011324459
-3.7884426e-13
0.00011407551
-3.8811234e-13
0.00011486683
-3.9595146e-13
0.00011562178
-4.0259161e-13
0.00011634342
-4.0745563e-13
0.00011703469
-4.0983372e-13
0.0001176981
-4.0838267e-13
0.00011833592
-4.0194926e-13
0.00011894991
-3.8900029e-13
0.00011954158
-3.6846078e-13
0.00012011189
-3.3913815e-13
0.00012066159
-3.0042845e-13
0.0001211908
-2.5171705e-13
0.00012169939
-1.9319955e-13
0.00012218659
-1.238223e-13
0.00012265107
-4.4423989e-14
0.00012309102
4.3797964e-14
0.00012350333
1.42518e-13
0.00012388488
2.5368212e-13
0.0001242297
3.7648384e-13
0.00012453297
5.1358424e-13
0.00012478403
6.7076982e-13
0.00012497585
8.375838e-13
0.0001250902
1.0365417e-12
0.00012511764
1.2841506e-12
0.00012502607
1.5664686e-12
0.00012480132
1.9079564e-12
0.00012439762
2.2745047e-12
0.0001237992
2.7363429e-12
0.0001229424
3.2841552e-12
0.00012181971
3.8326998e-12
0.00012035436
4.4761649e-12
0.00011857786
4.4506561e-12
0.00011641821
3.840498e-12
0.00011402086
4.1792816e-12
3.870094e-12
0.00010013069
-1.3068826e-07
0.00010051809
-3.8739748e-07
0.0001011426
-6.2451362e-07
0.00010196302
-8.2042125e-07
0.00010292685
-9.6382594e-07
0.00010398255
-1.0557014e-06
0.00010508796
-1.1054111e-06
0.00010621104
-1.1230851e-06
0.00010732762
-1.1165779e-06
0.00010841976
-1.0921396e-06
0.00010947526
-1.0555007e-06
0.00011048712
-1.0118664e-06
0.00011145244
-9.6531758e-07
0.00011237108
-9.1864302e-07
0.00011324459
-8.7351127e-07
0.00011407551
-8.309173e-07
0.00011486683
-7.9132331e-07
0.00011562178
-7.5494255e-07
0.00011634342
-7.2164353e-07
0.00011703469
-6.9127064e-07
0.0001176981
-6.6341324e-07
0.00011833592
-6.3782241e-07
0.00011894991
-6.139851e-07
0.00011954158
-5.916715e-07
0.00012011189
-5.7031294e-07
0.00012066159
-5.4969839e-07
0.0001211908
-5.2921589e-07
0.00012169939
-5.0858763e-07
0.00012218659
-4.8719583e-07
0.00012265107
-4.6448107e-07
0.00012309102
-4.3994803e-07
0.00012350333
-4.1231741e-07
0.00012388488
-3.8154995e-07
0.0001242297
-3.4482051e-07
0.00012453297
-3.0326669e-07
0.00012478403
-2.5105529e-07
0.00012497585
-1.9181965e-07
0.0001250902
-1.1434904e-07
0.00012511764
-2.7443407e-08
0.00012502607
9.1580301e-08
0.00012480132
2.2475202e-07
0.00012439762
4.037049e-07
0.0001237992
5.9842316e-07
0.0001229424
8.5680312e-07
0.00012181971
1.1226955e-06
0.00012035436
1.4653563e-06
0.00011857786
1.7765069e-06
0.00011641821
2.1596784e-06
0.00011402086
2.3973492e-06
2.6644119e-06
0.00010014115
-2.7183687e-07
0.00010055903
-8.0528159e-07
0.00010122942
-1.2949018e-06
0.00010210194
-1.692938e-06
0.00010311539
-1.9772837e-06
0.00010421462
-2.1549312e-06
0.00010535715
-2.2479415e-06
0.00010651117
-2.2771016e-06
0.00010765246
-2.2578658e-06
0.00010876337
-2.2030469e-06
0.00010983255
-2.1246861e-06
0.00011085414
-2.0334552e-06
0.00011182621
-1.9373878e-06
0.00011274938
-1.8418141e-06
0.00011362572
-1.7498554e-06
0.00011445817
-1.6633655e-06
0.00011524998
-1.5831287e-06
0.00011600452
-1.5094819e-06
0.00011672492
-1.4420435e-06
0.00011741413
-1.3804857e-06
0.00011807461
-1.3238948e-06
0.00011870863
-1.271838e-06
0.00011931782
-1.2231766e-06
0.00011990375
-1.1776064e-06
0.00012046724
-1.1338048e-06
0.00012100918
-1.0916346e-06
0.00012152951
-1.0495489e-06
0.0001220284
-1.0074736e-06
0.00012250483
-9.6362823e-07
0.00012295802
-9.1766658e-07
0.0001233858
-8.6773378e-07
0.00012378593
-8.124427e-07
0.00012415482
-7.504469e-07
0.00012448774
-6.7773383e-07
0.00012477938
-5.9491132e-07
0.00012502064
-4.9230736e-07
0.00012520433
-3.7551893e-07
0.00012531387
-2.2387936e-07
0.0001253408
-5.4380759e-08
0.00012525237
1.8001423e-07
0.00012503732
4.3980171e-07
0.00012464654
7.9449094e-07
0.00012406919
1.1757688e-06
0.00012322854
1.6974566e-06
0.00012212617
2.2250743e-06
0.0001206563
2.9352214e-06
0.00011886729
3.5655236e-06
0.00011662747
4.3995165e-06
0.00011412659
4.8982242e-06
5.5660756e-06
0.00010016459
-4.3642413e-07
0.0001006509
-1.2915987e-06
0.00010142239
-2.0663832e-06
0.00010240589
-2.6764458e-06
0.00010352248
-3.0938754e-06
0.00010471161
-3.3440615e-06
0.00010593092
-3.4672442e-06
0.0001071486
-3.4947841e-06
0.00010834005
-3.4493173e-06
0.00010948828
-3.3512772e-06
0.00011058382
-3.2202284e-06
0.000111623
-3.0726373e-06
0.00011260574
-2.9201209e-06
0.00011353399
-2.7700675e-06
0.00011441082
-2.6266833e-06
0.00011523989
-2.4924355e-06
0.00011602494
-2.368185e-06
0.00011676969
-2.2542257e-06
0.00011747738
-2.149738e-06
0.00011815109
-2.0541943e-06
0.00011879324
-1.9660467e-06
0.00011940619
-1.8847858e-06
0.0001199915
-1.8084867e-06
0.00012055092
-1.7370264e-06
0.00012108516
-1.6680427e-06
0.00012159547
-1.601952e-06
0.00012208166
-1.5357336e-06
0.00012254455
-1.4703643e-06
0.00012298285
-1.4019252e-06
0.0001233969
-1.3317213e-06
0.00012378405
-1.2548801e-06
0.00012414384
-1.1722328e-06
0.00012447189
-1.0785023e-06
0.00012476617
-9.720094e-07
0.00012502029
-8.4903543e-07
0.00012522884
-7.0085199e-07
0.00012538358
-5.3026563e-07
0.00012547268
-3.1297961e-07
0.00012548878
-7.047829e-08
0.00012539905
2.6974319e-07
0.00012519791
6.4094616e-07
0.00012483152
1.1608814e-06
0.00012429925
1.7080441e-06
0.00012350102
2.4956824e-06
0.00012245704
3.2690563e-06
0.00012100164
4.3906244e-06
0.00011922033
5.346836e-06
0.00011685799
6.7618804e-06
0.00011419386
7.562347e-06
8.9032441e-06
0.00010020708
-6.4350409e-07
0.00010081785
-1.9023689e-06
0.00010176691
-3.0154424e-06
0.00010293394
-3.8434817e-06
0.00010421534
-4.3752755e-06
0.00010554722
-4.6759335e-06
0.00010688773
-4.8077578e-06
0.00010820326
-4.8103159e-06
0.00010946775
-4.713808e-06
0.00011066553
-4.5490515e-06
0.0001117903
-4.3450012e-06
0.00011284169
-4.1240302e-06
0.00011382225
-3.9006796e-06
0.00011473599
-3.683813e-06
0.00011558765
-3.4783369e-06
0.00011638223
-3.2870136e-06
0.00011712451
-3.1104747e-06
0.00011781902
-2.9487269e-06
0.0001184696
-2.8003194e-06
0.00011907985
-2.6644474e-06
0.00011965264
-2.5388339e-06
0.00012019079
-2.42294e-06
0.00012069626
-2.3139561e-06
0.00012117135
-2.2121159e-06
0.00012161712
-2.1138167e-06
0.00012203559
-2.0204178e-06
0.00012242682
-1.9269696e-06
0.00012279276
-1.8362967e-06
0.0001231322
-1.7413708e-06
0.0001234472
-1.6467148e-06
0.00012373484
-1.5425206e-06
0.00012399736
-1.4347556e-06
0.00012422955
-1.3106957e-06
0.00012443363
-1.1760827e-06
0.00012460155
-1.0169554e-06
0.00012473441
-8.337132e-07
0.00012482135
-6.172067e-07
0.00012485904
-3.5067363e-07
0.00012484087
-5.230336e-08
0.00012473778
3.7283294e-07
0.00012455
8.2872913e-07
0.00012422353
1.4873476e-06
0.00012377009
2.1614918e-06
0.00012306392
3.2018512e-06
0.00012215679
4.1761848e-06
0.00012079195
5.7554617e-06
0.00011911659
7.0222038e-06
0.00011667845
9.2000391e-06
0.00011389765
1.0343138e-05
1.2771234e-05
0.00010028252
-9.260275e-07
0.00010111085
-2.730696e-06
0.0001023505
-4.2550898e-06
0.00010379278
-5.2857684e-06
0.00010531233
-5.8948221e-06
0.00010684645
-6.2100531e-06
0.00010835001
-6.3113155e-06
0.00010978207
-6.2423816e-06
0.00011111419
-6.0459224e-06
0.00011233433
-5.7691997e-06
0.00011344227
-5.4529342e-06
0.00011444338
-5.1251458e-06
0.00011534519
-4.8024831e-06
0.00011615611
-4.4947322e-06
0.0001168848
-4.2070289e-06
0.00011753962
-3.9418372e-06
0.00011812815
-3.6990035e-06
0.00011865717
-3.4777522e-06
0.00011913256
-3.2757087e-06
0.00011955959
-3.0914702e-06
0.00011994267
-2.9219235e-06
0.00012028599
-2.7662572e-06
0.00012059283
-2.6207921e-06
0.00012086661
-2.4859019e-06
0.00012110964
-2.3568402e-06
0.00012132495
-2.2357302e-06
0.00012151378
-2.1157985e-06
0.00012167918
-2.0016954e-06
0.00012182101
-1.8832032e-06
0.00012194283
-1.7685365e-06
0.00012204252
-1.6422156e-06
0.00012212484
-1.5170673e-06
0.00012218469
-1.3705481e-06
0.0001222288
-1.2201968e-06
0.0001222479
-1.0360567e-06
0.00012225128
-8.3708897e-07
0.00012222502
-5.9094853e-07
0.00012218035
-3.0600332e-07
0.00012209764
3.0406135e-08
0.00012197749
4.929837e-07
0.00012180843
9.977918e-07
0.00012155775
1.7380348e-06
0.0001212384
2.4808348e-06
0.00012071925
3.7210031e-06
0.00012008377
4.811671e-06
0.00011897911
6.8601241e-06
0.00011764417
8.3571443e-06
0.00011533399
1.1510225e-05
0.00011268766
1.298946e-05
1.7064444e-05
0.00010042958
-1.3556048e-06
0.00010164576
-3.9468772e-06
0.00010333471
-5.9440465e-06
0.00010515715
-7.1082005e-06
0.00010697852
-7.7161979e-06
0.00010873802
-7.9695531e-06
0.00011037388
-7.9471778e-06
0.00011183381
-7.702309e-06
0.00011309482
-7.3069349e-06
0.00011415987
-6.8342416e-06
0.00011504438
-6.3374538e-06
0.00011576797
-5.8487271e-06
0.00011635055
-5.3850682e-06
0.00011681154
-4.9557171e-06
0.00011716881
-4.5643087e-06
0.00011743811
-4.2111317e-06
0.00011763287
-3.893768e-06
0.00011776447
-3.6093462e-06
0.00011784249
-3.3537309e-06
0.00011787504
-3.1240189e-06
0.00011786901
-2.9158952e-06
0.00011783029
-2.7275368e-06
0.00011776392
-2.5544236e-06
0.00011767432
-2.396299e-06
0.0001175652
-2.2477237e-06
0.00011744007
-2.1106007e-06
0.00011730158
-1.9773127e-06
0.00011715286
-1.8529723e-06
0.00011699546
-1.7258075e-06
0.00011683284
-1.6059146e-06
0.00011666502
-1.4743889e-06
0.00011649692
-1.3489684e-06
0.00011632588
-1.1995129e-06
0.0001161603
-1.0546145e-06
0.00011599263
-8.6838702e-07
0.00011583778
-6.8223313e-07
0.00011568076
-4.3393583e-07
0.00011554931
-1.7454598e-07
0.00011540286
1.7685664e-07
0.00011529384
6.0200137e-07
0.00011517679
1.1148421e-06
0.0001150784
1.8364282e-06
0.00011497522
2.5840136e-06
0.00011480177
3.8944553e-06
0.00011462703
4.9864116e-06
0.00011407014
7.4170053e-06
0.00011345881
8.9684807e-06
0.00011170435
1.3264688e-05
0.00010977271
1.4921092e-05
2.1358263e-05
0.00010077015
-2.1257519e-06
0.00010268299
-5.8597181e-06
0.00010497635
-8.2374101e-06
0.00010717396
-9.3058091e-06
0.00010916752
-9.7097589e-06
0.00011089497
-9.6970009e-06
0.00011228049
-9.3327035e-06
0.00011329418
-8.7159955e-06
0.00011395971
-7.9724653e-06
0.00011432697
-7.2015011e-06
0.00011444875
-6.4592329e-06
0.00011437369
-5.7736654e-06
0.0001141457
-5.1570817e-06
0.00011380252
-4.612543e-06
0.0001133751
-4.1368801e-06
0.00011288782
-3.723856e-06
0.00011235976
-3.3657084e-06
0.00011180547
-3.0550559e-06
0.00011123616
-2.7844248e-06
0.00011066021
-2.548062e-06
0.00011008416
-2.339849e-06
0.00010951273
-2.1561116e-06
0.00010894988
-1.9915738e-06
0.00010839819
-1.8446016e-06
0.00010786025
-1.7097907e-06
0.00010733743
-1.5877767e-06
0.00010683179
-1.4716757e-06
0.00010634405
-1.3652293e-06
0.00010587628
-1.2580357e-06
0.00010542912
-1.1587611e-06
0.0001050049
-1.0501641e-06
0.0001046051
-9.4917206e-07
0.00010423184
-8.2625128e-07
0.00010388945
-7.1222278e-07
0.00010357804
-5.5698012e-07
0.00010330897
-4.1316441e-07
0.00010307486
-1.9982447e-07
0.00010290606
-5.7451485e-09
0.00010277136
3.1156136e-07
0.000102742
6.3136367e-07
0.00010275293
1.1039129e-06
0.00010291542
1.6739362e-06
0.00010312229
2.3771426e-06
0.00010349732
3.5194238e-06
0.0001039551
4.5286272e-06
0.00010435544
7.0166726e-06
0.00010492817
8.3957468e-06
0.00010441177
1.3781073e-05
0.00010414497
1.5187885e-05
2.4793119e-05
0.00010163989
-3.7656416e-06
0.00010455298
-8.7728063e-06
0.00010705744
-1.0741873e-05
0.00010885559
-1.1103957e-05
0.0001100052
-1.0859366e-05
0.00011049598
-1.0187789e-05
0.00011035685
-9.1935688e-06
0.00010969594
-8.055084e-06
0.0001086529
-6.9294249e-06
0.00010735216
-5.9007629e-06
0.00010589284
-4.99992e-06
0.00010435284
-4.2336642e-06
0.00010279168
-3.5959145e-06
0.00010125191
-3.0727735e-06
9.9761632e-05
-2.646607e-06
9.8337578e-05
-2.2998028e-06
9.6988711e-05
-2.0168409e-06
9.5718298e-05
-1.7846432e-06
9.4526112e-05
-1.5922395e-06
9.3409462e-05
-1.4314117e-06
9.2364721e-05
-1.2951087e-06
9.1387303e-05
-1.1786937e-06
9.047308e-05
-1.0773507e-06
8.9617367e-05
-9.8888947e-07
8.8816861e-05
-9.0928492e-07
8.8067401e-05
-8.3831668e-07
8.7367176e-05
-7.7145107e-07
8.6712633e-05
-7.1068616e-07
8.6104006e-05
-6.4940837e-07
8.5538232e-05
-5.929875e-07
8.5018337e-05
-5.3026962e-07
8.4541678e-05
-4.7251242e-07
8.4114917e-05
-3.9948986e-07
8.3735985e-05
-3.3329111e-07
8.3415628e-05
-2.3662279e-07
8.3155306e-05
-1.5284171e-07
8.2964854e-05
-9.3731068e-09
8.2856061e-05
1.0304895e-07
8.2844463e-05
3.2315904e-07
8.2968885e-05
5.0694231e-07
8.3206062e-05
8.6673545e-07
8.3687519e-05
1.1924789e-06
8.4280623e-05
1.7840374e-06
8.5316077e-05
2.4839689e-06
8.6449245e-05
3.3954573e-06
8.8199785e-05
5.2661325e-06
9.022514e-05
6.3703876e-06
9.2014023e-05
1.1992167e-05
9.4596598e-05
1.2605311e-05
2.5947818e-05
0.00010314534
-6.9109839e-06
0.00010500236
-1.0629826e-05
0.00010462539
-1.0364903e-05
0.00010294138
-9.4199441e-06
0.00010033469
-8.2526758e-06
9.705407e-05
-6.9071704e-06
9.340543e-05
-5.5449292e-06
8.9665432e-05
-4.3150865e-06
8.6035007e-05
-3.299e-06
8.2636221e-05
-2.501977e-06
7.9531595e-05
-1.8952939e-06
7.674603e-05
-1.4480999e-06
7.4276429e-05
-1.126314e-06
7.2101385e-05
-8.9772941e-07
7.0190184e-05
-7.3540573e-07
6.8509219e-05
-6.1883874e-07
6.7025659e-05
-5.3328112e-07
6.5709656e-05
-4.6864014e-07
6.4535454e-05
-4.1803819e-07
6.34812e-05
-3.7715765e-07
6.2529072e-05
-3.4298066e-07
6.1664245e-05
-3.1386693e-07
6.0875163e-05
-2.8826956e-07
6.0152e-05
-2.6572658e-07
5.9487717e-05
-2.4500181e-07
5.8875748e-05
-2.263484e-07
5.8312492e-05
-2.0819466e-07
5.7793414e-05
-1.916087e-07
5.7318033e-05
-1.7402745e-07
5.6882945e-05
-1.5789922e-07
5.6491307e-05
-1.3863146e-07
5.6140235e-05
-1.2144015e-07
5.5838222e-05
-9.747743e-08
5.5581698e-05
-7.6766714e-08
5.5386516e-05
-4.1439945e-08
5.5244828e-05
-1.1153904e-08
5.5193356e-05
4.2099433e-08
5.5215069e-05
8.1336059e-08
5.5364347e-05
1.7388068e-07
5.5635386e-05
2.3590358e-07
5.609807e-05
4.0405122e-07
5.6781106e-05
5.0944116e-07
5.7737186e-05
8.2795685e-07
5.9168856e-05
1.0522979e-06
6.0899902e-05
1.6644106e-06
6.3822131e-05
2.3439015e-06
6.6785106e-05
3.4074024e-06
7.2443709e-05
6.3335449e-06
7.812019e-05
6.9288353e-06
2.1398335e-05
9.3089016e-05
8.245919e-05
7.2094286e-05
6.2674342e-05
5.4421666e-05
4.7514496e-05
4.1969567e-05
3.765448e-05
3.435548e-05
3.1853503e-05
2.9958209e-05
2.8510109e-05
2.7383795e-05
2.6486065e-05
2.5750659e-05
2.513182e-05
2.4598539e-05
2.4129899e-05
2.3711861e-05
2.3334703e-05
2.2991722e-05
2.2677855e-05
2.2389585e-05
2.2123859e-05
2.1878857e-05
2.1652508e-05
2.1444314e-05
2.1252705e-05
2.1078677e-05
2.0920778e-05
2.0782147e-05
2.0660707e-05
2.0563229e-05
2.0486463e-05
2.0445023e-05
2.0433869e-05
2.0475969e-05
2.0557305e-05
2.0731185e-05
2.0967089e-05
2.137114e-05
2.188058e-05
2.2708537e-05
2.3760835e-05
2.5425244e-05
2.7769143e-05
3.117654e-05
3.7510076e-05
4.4438908e-05
0.00014662621
-1.0961305e-05
0.00014684456
-2.1833044e-07
0.00013825684
8.587736e-06
0.0001277035
1.0553336e-05
0.00011832712
9.3763874e-06
0.00011044711
7.8800105e-06
0.00010339159
7.0555204e-06
9.6720199e-05
6.671396e-06
9.0402134e-05
6.318065e-06
8.4574171e-05
5.8279627e-06
7.9403602e-05
5.1705689e-06
7.4967455e-05
4.4361466e-06
7.1231586e-05
3.7358687e-06
6.8112057e-05
3.119528e-06
6.5512142e-05
2.5999147e-06
6.3339915e-05
2.1722257e-06
6.151614e-05
1.8237745e-06
5.9974869e-05
1.5412705e-06
5.8661165e-05
1.3137034e-06
5.7529209e-05
1.1319558e-06
5.6541085e-05
9.8812377e-07
5.566623e-05
8.7485454e-07
5.4880612e-05
7.8561785e-07
5.4165797e-05
7.1481446e-07
5.3507752e-05
6.5804477e-07
5.2896051e-05
6.1169986e-07
5.2322927e-05
5.7312343e-07
5.1782691e-05
5.40236e-07
5.1271075e-05
5.1161533e-07
5.0784887e-05
4.8618818e-07
5.032168e-05
4.6320673e-07
4.9879476e-05
4.4220328e-07
4.9456774e-05
4.2270151e-07
4.9052113e-05
4.046612e-07
4.866453e-05
3.8758215e-07
4.8292677e-05
3.7185252e-07
4.7936019e-05
3.5665834e-07
4.7593024e-05
3.4299476e-07
4.7263673e-05
3.2935022e-07
4.6945928e-05
3.1774508e-07
4.6640577e-05
3.0535126e-07
4.6344554e-05
2.9602221e-07
4.6060039e-05
2.8451545e-07
4.5781999e-05
2.7803964e-07
4.5515097e-05
2.6690188e-07
4.5250456e-05
2.6464009e-07
4.4997246e-05
2.532104e-07
4.4738297e-05
2.5894939e-07
4.4490529e-05
2.4776772e-07
2.795422e-07
0.0001825046
-1.9936978e-05
0.00018962771
-7.341426e-06
0.0001948378
3.3777183e-06
0.00019658729
8.8038264e-06
0.00019621284
9.7508459e-06
0.00019461554
9.4773214e-06
0.00019248941
9.1816509e-06
0.00019003546
9.1253508e-06
0.0001872241
9.1294213e-06
0.0001840861
8.9659678e-06
0.00018071095
8.5457188e-06
0.00017722349
7.9236011e-06
0.00017374633
7.2130297e-06
0.00017035827
6.5075915e-06
0.00016710095
5.8572305e-06
0.00016399691
5.2762681e-06
0.00016105919
4.7614943e-06
0.00015829496
4.3054962e-06
0.00015570589
3.9027768e-06
0.00015328869
3.5491536e-06
0.00015103581
3.2410001e-06
0.00014893703
2.9736353e-06
0.00014698098
2.7416665e-06
0.00014515605
2.5397503e-06
0.00014345044
2.363645e-06
0.00014185336
2.2087838e-06
0.00014035447
2.0720124e-06
0.00013894475
1.9499581e-06
0.00013761563
1.8407376e-06
0.00013635994
1.7418778e-06
0.00013517074
1.6523992e-06
0.00013404256
1.5703895e-06
0.00013296977
1.495492e-06
0.00013194828
1.4261454e-06
0.00013097345
1.3624133e-06
0.00013004233
1.3029684e-06
0.00012915087
1.2481199e-06
0.00012829712
1.1967421e-06
0.00012747725
1.1492235e-06
0.0001266903
1.1046955e-06
0.0001259322
1.063455e-06
0.0001252032
1.0250216e-06
0.00012449827
9.8944193e-07
0.00012381953
9.567752e-07
0.00012315964
9.2679901e-07
0.00012252412
9.0015557e-07
0.00012190041
8.7692144e-07
0.00012130101
8.583533e-07
0.00012070254
8.4623779e-07
8.3939915e-07
0.00019793383
-2.1711651e-05
0.00020195983
-1.1367419e-05
0.00020667453
-1.3369219e-06
0.00021087169
4.6066546e-06
0.00021353622
7.0863118e-06
0.00021523693
7.7766307e-06
0.00021641054
8.0080364e-06
0.00021726468
8.2712141e-06
0.00021782614
8.5679595e-06
0.00021805431
8.7378046e-06
0.00021793064
8.6693869e-06
0.00021748543
8.3688091e-06
0.00021678202
7.9164401e-06
0.00021588574
7.403867e-06
0.0002148485
6.8944779e-06
0.00021370852
6.4162409e-06
0.00021249448
5.9755326e-06
0.00021122999
5.5699872e-06
0.00020993492
5.1978444e-06
0.00020862614
4.8579349e-06
0.00020731665
4.550492e-06
0.00020601666
4.2736286e-06
0.00020473269
4.025635e-06
0.00020346987
3.8025702e-06
0.0002022312
3.6023098e-06
0.00020101942
3.4205706e-06
0.00019983538
3.2560486e-06
0.00019868055
3.1047835e-06
0.0001975545
2.9667901e-06
0.00019645815
2.8382283e-06
0.00019539015
2.7204017e-06
0.0001943514
2.6091337e-06
0.00019333979
2.5071012e-06
0.00019235661
2.409325e-06
0.00019139889
2.3201304e-06
0.0001904687
2.2331621e-06
0.00018956194
2.1548765e-06
0.00018868192
2.0767692e-06
0.00018782292
2.0082157e-06
0.00018699013
1.9374846e-06
0.00018617548
1.8781075e-06
0.00018538692
1.8135791e-06
0.00018461291
1.7634602e-06
0.00018386542
1.7042623e-06
0.00018312792
1.6642931e-06
0.00018241797
1.6101112e-06
0.00018171257
1.5823165e-06
0.00018103692
1.534002e-06
0.00018036252
1.5206404e-06
1.4768168e-06
0.00020938579
-1.9672283e-05
0.00021032469
-1.2306318e-05
0.00021290915
-3.9213505e-06
0.00021602994
1.4858623e-06
0.00021862186
4.4943927e-06
0.00022070676
5.6917396e-06
0.0002224968
6.2179924e-06
0.0002241393
6.6287178e-06
0.00022567801
7.0292482e-06
0.00022707634
7.3394788e-06
0.00022828173
7.4639931e-06
0.00022926806
7.3824806e-06
0.00023004193
7.1425756e-06
0.00023063001
6.815784e-06
0.00023106214
6.4623441e-06
0.00023136316
6.1152206e-06
0.00023155138
5.7873122e-06
0.00023164185
5.4795187e-06
0.0002316478
5.1918959e-06
0.00023158208
4.9236537e-06
0.00023145577
4.6768017e-06
0.00023127898
4.4504142e-06
0.00023105916
4.2454606e-06
0.00023080322
4.0585068e-06
0.00023051589
3.8896443e-06
0.00023020231
3.7341506e-06
0.00022986538
3.5929796e-06
0.00022950926
3.4609031e-06
0.00022913553
3.3405177e-06
0.00022874791
3.225842e-06
0.00022834691
3.1214012e-06
0.00022793621
3.0198345e-06
0.0002275153
2.9280102e-06
0.00022708817
2.8364557e-06
0.00022665325
2.7550567e-06
0.00022621511
2.6712928e-06
0.00022577097
2.5990181e-06
0.00022532631
2.5214299e-06
0.00022487686
2.4576627e-06
0.00022442931
2.3850336e-06
0.0002239777
2.3297235e-06
0.00022353013
2.261148e-06
0.00022307879
2.2148e-06
0.0002226333
2.1497531e-06
0.00022218409
2.1135053e-06
0.00022174212
2.0520814e-06
0.00022129683
2.0276055e-06
0.00022086051
1.9703173e-06
0.00022042322
1.9579349e-06
1.9091834e-06
0.00021787663
-1.6113235e-05
0.00021685694
-1.1286634e-05
0.00021783404
-4.8984483e-06
0.0002196509
-3.3100059e-07
0.00022157401
2.5712806e-06
0.00022330834
3.9574143e-06
0.00022489691
4.629418e-06
0.00022643681
5.088819e-06
0.00022797195
5.4941178e-06
0.00022948384
5.8275833e-06
0.00023092535
6.022487e-06
0.00023225662
6.0512045e-06
0.00023346034
5.9388578e-06
0.00023454005
5.73608e-06
0.00023550895
5.493435e-06
0.00023638097
5.243202e-06
0.00023716673
5.0015511e-06
0.00023787452
4.7717289e-06
0.00023851124
4.5551817e-06
0.00023908409
4.3508036e-06
0.00023959963
4.1612552e-06
0.00024006444
3.9856085e-06
0.00024048353
3.8263643e-06
0.0002408618
3.6802445e-06
0.00024120249
3.5489529e-06
0.00024150924
3.4273935e-06
0.00024178414
3.3180864e-06
0.00024203011
3.2149315e-06
0.00024224842
3.1222045e-06
0.00024244166
3.0326042e-06
0.0002426105
2.9525609e-06
0.00024275737
2.8729636e-06
0.00024288251
2.8028667e-06
0.00024298832
2.7306479e-06
0.00024307472
2.6686609e-06
0.00024314408
2.6019288e-06
0.00024319614
2.5469593e-06
0.00024323318
2.4843895e-06
0.00024325491
2.4359259e-06
0.00024326333
2.376621e-06
0.00024325844
2.334614e-06
0.00024324152
2.2780633e-06
0.00024321344
2.2428833e-06
0.00024317415
2.1890439e-06
0.00024312618
2.1614686e-06
0.00024306738
2.1108791e-06
0.00024300313
2.0918648e-06
0.0002429279
2.0455469e-06
0.00024284983
2.0359957e-06
1.9994655e-06
0.00022369874
-1.2257761e-05
0.00022167784
-9.2657457e-06
0.00022157309
-4.7937371e-06
0.00022237583
-1.1337326e-06
0.00022366315
1.2839652e-06
0.00022498794
2.6326194e-06
0.00022628403
3.3333255e-06
0.00022759228
3.7805746e-06
0.00022894229
4.1441093e-06
0.00023032371
4.4461601e-06
0.00023169823
4.6479723e-06
0.00023302591
4.7235258e-06
0.00023428112
4.683643e-06
0.00023545553
4.5616735e-06
0.00023655221
4.396753e-06
0.00023757841
4.217003e-06
0.00023854092
4.039043e-06
0.00023944513
3.8675109e-06
0.00024029541
3.7049006e-06
0.00024109613
3.5500889e-06
0.00024185166
3.4057265e-06
0.0002425664
3.2708625e-06
0.00024324429
3.1484788e-06
0.00024388876
3.0357689e-06
0.00024450265
2.9350657e-06
0.00024508832
2.8417224e-06
0.00024564778
2.7586279e-06
0.00024618264
2.6800739e-06
0.00024669443
2.6104121e-06
0.0002471842
2.5428312e-06
0.00024765328
2.483481e-06
0.00024810223
2.4240179e-06
0.00024853239
2.3727067e-06
0.00024894383
2.3192075e-06
0.00024933816
2.2743301e-06
0.00024971485
2.2252356e-06
0.00025007604
2.1857638e-06
0.00025042041
2.1400204e-06
0.00025075095
2.1053858e-06
0.00025106522
2.062356e-06
0.00025136748
2.03235e-06
0.00025165376
1.9917892e-06
0.00025193012
1.9665163e-06
0.00025219054
1.9286219e-06
0.00025244355
1.908462e-06
0.00025268049
1.873935e-06
0.00025291287
1.8594912e-06
0.00025312859
1.8298225e-06
0.0002533421
1.8224842e-06
1.800647e-06
0.00022738043
-8.6526033e-06
0.00022500875
-6.8940786e-06
0.00022417988
-3.9649227e-06
0.00022436753
-1.3213699e-06
0.00022511067
5.408266e-07
0.00022608143
1.6618503e-06
0.00022713345
2.2813124e-06
0.00022824644
2.6675839e-06
0.00022942763
2.9629203e-06
0.00023066784
3.2059507e-06
0.00023193603
3.3797775e-06
0.00023319535
3.4642057e-06
0.00023441706
3.4619342e-06
0.00023558553
3.3932091e-06
0.00023669642
3.2858605e-06
0.00023775154
3.161883e-06
0.00023875474
3.0358435e-06
0.00023970958
2.9126675e-06
0.00024061933
2.7951474e-06
0.00024148696
2.6824655e-06
0.00024231589
2.5767954e-06
0.00024310938
2.4773748e-06
0.00024387101
2.3868477e-06
0.00024460357
2.3032e-06
0.00024531009
2.2285519e-06
0.00024599243
2.1593851e-06
0.000246653
2.0980556e-06
0.00024729286
2.0402096e-06
0.0002479141
1.9891775e-06
0.00024851706
1.9398665e-06
0.00024910374
1.8967998e-06
0.00024967385
1.8539128e-06
0.00025022949
1.8170619e-06
0.00025076972
1.7789822e-06
0.00025129699
1.7470537e-06
0.00025180962
1.7126043e-06
0.00025231067
1.6847176e-06
0.00025279757
1.6531203e-06
0.00025327422
1.6287343e-06
0.00025373702
1.5995525e-06
0.00025419098
1.5783943e-06
0.00025463126
1.5515121e-06
0.00025506423
1.5335417e-06
0.00025548366
1.5091884e-06
0.00025589754
1.4945892e-06
0.00025629805
1.4734187e-06
0.00025669485
1.4626965e-06
0.00025707859
1.4460824e-06
0.00025746076
1.4403158e-06
1.4293917e-06
0.00022952836
-5.4596652e-06
0.00022713624
-4.5019784e-06
0.00022593817
-2.7669224e-06
0.00022570332
-1.0865e-06
0.00022607624
1.6790492e-07
0.00022677716
9.6091629e-07
0.00022764227
1.4162144e-06
0.00022861109
1.6987603e-06
0.00022966704
1.906966e-06
0.00023079705
2.0759416e-06
0.00023197557
2.2012637e-06
0.00023316979
2.269978e-06
0.00023435035
2.2813817e-06
0.00023549706
2.2464931e-06
0.00023660008
2.1828403e-06
0.00023765661
2.1053521e-06
0.00023866777
2.024685e-06
0.00023963553
1.944908e-06
0.00024056233
1.8683488e-06
0.00024145024
1.7945549e-06
0.00024230204
1.7249987e-06
0.00024312021
1.659201e-06
0.00024390803
1.5990239e-06
0.00024466796
1.5432735e-06
0.00024540308
1.4934287e-06
0.00024611519
1.4472796e-06
0.00024680691
1.4063298e-06
0.00024747929
1.3678373e-06
0.00024813463
1.3338375e-06
0.00024877329
1.3011994e-06
0.00024939748
1.272612e-06
0.00025000694
1.2444542e-06
0.0002506039
1.2201038e-06
0.00025118751
1.1953634e-06
0.00025176021
1.174355e-06
0.00025232056
1.1522535e-06
0.00025287132
1.1339567e-06
0.00025341046
1.1139845e-06
0.0002539412
1.0979939e-06
0.00025446088
1.0798752e-06
0.00025497331
1.0659657e-06
0.00025547518
1.0496409e-06
0.00025597097
1.037748e-06
0.00025645677
1.0233898e-06
0.00025693773
1.0136307e-06
0.00025740942
1.0017253e-06
0.00025787762
9.9449438e-07
0.00025833776
9.8594118e-07
0.00025879623
9.8185142e-07
9.7716934e-07
0.00023066267
-2.6279209e-06
0.00022837074
-2.2100615e-06
0.00022701399
-1.4102427e-06
0.00022652753
-6.0002707e-07
0.00022666794
2.7498718e-08
0.00022719195
4.3689655e-07
0.00022793144
6.7672673e-07
0.00022880469
8.2551142e-07
0.00022977852
9.331302e-07
0.00023083486
1.0196034e-06
0.00023195126
1.0848678e-06
0.00023309843
1.1227994e-06
0.00023424748
1.13234e-06
0.00023537575
1.1182176e-06
0.00023646977
1.0888224e-06
0.00023752346
1.0516647e-06
0.0002385358
1.0123403e-06
0.00023950757
9.7313926e-07
0.00024044055
9.3536765e-07
0.00024133626
8.9884626e-07
0.00024219696
8.6430223e-07
0.00024302464
8.3151804e-07
0.00024382223
8.0143187e-07
0.00024459199
7.735147e-07
0.00024533692
7.4849954e-07
0.00024605884
7.2535514e-07
0.00024676039
7.0477937e-07
0.00024744274
6.8548955e-07
0.00024810817
6.6840417e-07
0.00024875729
6.5208697e-07
0.00024939217
6.377307e-07
0.00025001291
6.2371201e-07
0.00025062151
6.1149751e-07
0.00025121762
5.9925275e-07
0.00025180325
5.8872571e-07
0.00025237764
5.7786874e-07
0.00025294289
5.6870417e-07
0.00025349789
5.5898312e-07
0.00025404492
5.5096861e-07
0.00025458254
5.4224881e-07
0.00025511324
5.352632e-07
0.00025563537
5.2751687e-07
0.00025615159
5.2152249e-07
0.00025666014
5.1483978e-07
0.00025716387
5.099049e-07
0.00025766105
5.0454067e-07
0.00025815467
5.0087621e-07
0.00025864337
4.9724275e-07
0.0002591301
4.9512159e-07
4.9349205e-07
0.00023114276
3.4983915e-12
0.00022893267
4.5034242e-12
0.00022752235
6.5443155e-12
0.00022692233
6.5039979e-12
0.00022694983
5.9168967e-12
0.0002273867
5.3632317e-12
0.00022806343
4.9675062e-12
0.00022888893
4.5826316e-12
0.00022982206
4.1354622e-12
0.00023084166
3.5689536e-12
0.00023192652
2.8950417e-12
0.00023304932
2.1462175e-12
0.00023418166
1.3678116e-12
0.00023529988
6.0955024e-13
0.0002363887
-1.4633421e-13
0.00023744037
-8.5212193e-13
0.00023845271
-1.5598491e-12
0.00023942585
-2.295514e-12
0.00024036122
-3.0645164e-12
0.00024126007
-3.839108e-12
0.00024212438
-4.5872415e-12
0.0002429559
-5.2682417e-12
0.00024375734
-5.8570514e-12
0.00024453086
-6.3221952e-12
0.00024527936
-6.6535408e-12
0.00024600473
-6.8335536e-12
0.00024670951
-6.8736699e-12
0.00024739501
-6.7719903e-12
0.00024806342
-6.559348e-12
0.00024871551
-6.2432042e-12
0.00024935325
-5.86726e-12
0.00024997696
-5.4401181e-12
0.00025058847
-5.0113996e-12
0.00025118772
-4.58081e-12
0.00025177645
-4.1994584e-12
0.00025235433
-3.848338e-12
0.00025292303
-3.5798149e-12
0.00025348202
-3.3507398e-12
0.00025403299
-3.2158618e-12
0.00025457524
-3.1103676e-12
0.00025511051
-3.0920273e-12
0.00025563803
-3.0833042e-12
0.00025615955
-3.1406276e-12
0.0002566744
-3.1905417e-12
0.0002571843
-3.2816832e-12
0.00025768885
-3.305649e-12
0.00025818973
-3.4512765e-12
0.00025868697
-3.5942567e-12
0.0002591821
-3.4903357e-12
-3.532031e-12
0.00023114275
2.6279344e-06
0.00022893266
2.2100745e-06
0.00022752234
1.4102528e-06
0.00022692234
6.0003736e-07
0.00022694983
-2.7487737e-08
0.00022738671
-4.3688695e-07
0.00022806343
-6.7671786e-07
0.00022888894
-8.2550321e-07
0.00022982206
-9.3312277e-07
0.00023084167
-1.019597e-06
0.00023192653
-1.0848626e-06
0.00023304933
-1.1227956e-06
0.00023418167
-1.1323377e-06
0.00023529989
-1.1182167e-06
0.00023638871
-1.0888229e-06
0.00023744037
-1.0516666e-06
0.00023845272
-1.0123434e-06
0.00023942586
-9.7314377e-07
0.00024036123
-9.3537358e-07
0.00024126008
-8.9885362e-07
0.00024212438
-8.6431099e-07
0.00024295591
-8.3152808e-07
0.00024375734
-8.0144303e-07
0.00024453086
-7.7352675e-07
0.00024527937
-7.4851224e-07
0.00024600473
-7.253682e-07
0.00024670951
-7.0479253e-07
0.00024739501
-6.8550254e-07
0.00024806342
-6.6841677e-07
0.00024871551
-6.5209899e-07
0.00024935325
-6.3774201e-07
0.00024997696
-6.2372252e-07
0.00025058847
-6.1150721e-07
0.00025118772
-5.9926163e-07
0.00025177645
-5.8873387e-07
0.00025235432
-5.7787624e-07
0.00025292303
-5.6871117e-07
0.00025348202
-5.5898969e-07
0.00025403299
-5.5097493e-07
0.00025457524
-5.4225494e-07
0.00025511051
-5.352693e-07
0.00025563803
-5.2752295e-07
0.00025615955
-5.2152869e-07
0.0002566744
-5.1484608e-07
0.0002571843
-5.0991136e-07
0.00025768885
-5.0454721e-07
0.00025818973
-5.00883e-07
0.00025868697
-4.9724981e-07
0.0002591821
-4.9512847e-07
-4.9349899e-07
0.00023066268
5.4596675e-06
0.00022837075
4.5019829e-06
0.000227014
2.7669316e-06
0.00022652755
1.0865094e-06
0.00022666796
-1.6789606e-07
0.00022719197
-9.6090789e-07
0.00022793146
-1.4162064e-06
0.0002288047
-1.6987529e-06
0.00022977854
-1.9069594e-06
0.00023083488
-2.075936e-06
0.00023195128
-2.2012593e-06
0.00023309846
-2.2699749e-06
0.0002342475
-2.2813799e-06
0.00023537577
-2.2464926e-06
0.00023646979
-2.182841e-06
0.00023752348
-2.1053539e-06
0.00023853582
-2.0246879e-06
0.00023950759
-1.9449121e-06
0.00024044057
-1.8683539e-06
0.00024133628
-1.7945613e-06
0.00024219697
-1.7250061e-06
0.00024302465
-1.6592095e-06
0.00024382224
-1.5990334e-06
0.000244592
-1.5432838e-06
0.00024533693
-1.4934396e-06
0.00024605885
-1.4472909e-06
0.0002467604
-1.4063413e-06
0.00024744275
-1.3678487e-06
0.00024810818
-1.3338487e-06
0.00024875729
-1.3012101e-06
0.00024939217
-1.2726222e-06
0.00025001291
-1.2444637e-06
0.00025062151
-1.2201126e-06
0.00025121762
-1.1953716e-06
0.00025180325
-1.1743626e-06
0.00025237764
-1.1522605e-06
0.00025294289
-1.1339633e-06
0.00025349789
-1.1139907e-06
0.00025404491
-1.0979999e-06
0.00025458254
-1.0798811e-06
0.00025511324
-1.0659716e-06
0.00025563536
-1.0496468e-06
0.00025615159
-1.037754e-06
0.00025666014
-1.0233959e-06
0.00025716386
-1.0136369e-06
0.00025766105
-1.0017315e-06
0.00025815467
-9.9450086e-07
0.00025864337
-9.8594795e-07
0.00025913009
-9.8185794e-07
-9.7717587e-07
0.00022952836
8.6526135e-06
0.00022713623
6.8940861e-06
0.00022593818
3.9649258e-06
0.00022570333
1.3213742e-06
0.00022607626
-5.4082108e-07
0.00022677718
-1.6618449e-06
0.00022764228
-2.2813073e-06
0.00022861111
-2.6675792e-06
0.00022966707
-2.9629162e-06
0.00023079708
-3.2059473e-06
0.00023197559
-3.379775e-06
0.00023316982
-3.4642042e-06
0.00023435037
-3.4619337e-06
0.00023549709
-3.3932096e-06
0.00023660011
-3.2858619e-06
0.00023765664
-3.1618851e-06
0.0002386678
-3.0358464e-06
0.00023963556
-2.912671e-06
0.00024056236
-2.7951516e-06
0.00024145027
-2.6824704e-06
0.00024230206
-2.5768011e-06
0.00024312023
-2.4773812e-06
0.00024390805
-2.3868548e-06
0.00024466798
-2.3032078e-06
0.0002454031
-2.2285602e-06
0.0002461152
-2.1593939e-06
0.00024680692
-2.0980647e-06
0.00024747929
-2.0402188e-06
0.00024813463
-1.9891865e-06
0.0002487733
-1.9398753e-06
0.00024939748
-1.8968083e-06
0.00025000694
-1.8539208e-06
0.00025060389
-1.8170695e-06
0.00025118751
-1.7789893e-06
0.00025176021
-1.7470603e-06
0.00025232056
-1.7126105e-06
0.00025287132
-1.6847235e-06
0.00025341045
-1.653126e-06
0.00025394119
-1.6287399e-06
0.00025446087
-1.5995579e-06
0.0002549733
-1.5783998e-06
0.00025547517
-1.5515176e-06
0.00025597096
-1.5335473e-06
0.00025645676
-1.5091941e-06
0.00025693772
-1.494595e-06
0.00025740941
-1.4734245e-06
0.00025787761
-1.4627024e-06
0.00025833775
-1.4460885e-06
0.00025879622
-1.4403217e-06
-1.4293976e-06
0.00022738044
1.2257758e-05
0.00022500877
9.2657429e-06
0.0002241799
4.7937389e-06
0.00022436756
1.1337352e-06
0.0002251107
-1.2839622e-06
0.00022608146
-2.6326159e-06
0.00022713348
-3.333322e-06
0.00022824647
-3.7805715e-06
0.00022942766
-4.1441068e-06
0.00023066787
-4.4461583e-06
0.00023193607
-4.6479711e-06
0.00023319539
-4.7235253e-06
0.0002344171
-4.6836431e-06
0.00023558556
-4.5616743e-06
0.00023669645
-4.3967543e-06
0.00023775157
-4.2170048e-06
0.00023875477
-4.0390451e-06
0.00023970961
-3.8675133e-06
0.00024061936
-3.7049033e-06
0.00024148699
-3.5500919e-06
0.00024231591
-3.4057298e-06
0.0002431094
-3.2708663e-06
0.00024387103
-3.148483e-06
0.00024460359
-3.0357738e-06
0.0002453101
-2.9350711e-06
0.00024599244
-2.8417283e-06
0.00024665301
-2.7586342e-06
0.00024729287
-2.6800805e-06
0.0002479141
-2.6104188e-06
0.00024851706
-2.542838e-06
0.00024910374
-2.4834876e-06
0.00024967384
-2.4240244e-06
0.00025022949
-2.3727129e-06
0.00025076971
-2.3192135e-06
0.00025129699
-2.2743358e-06
0.00025180962
-2.225241e-06
0.00025231066
-2.1857691e-06
0.00025279756
-2.1400254e-06
0.00025327421
-2.1053908e-06
0.00025373701
-2.062361e-06
0.00025419097
-2.032355e-06
0.00025463125
-1.9917942e-06
0.00025506422
-1.9665214e-06
0.00025548365
-1.928627e-06
0.00025589753
-1.9084673e-06
0.00025629804
-1.8739401e-06
0.00025669483
-1.8594965e-06
0.00025707857
-1.8298278e-06
0.00025746074
-1.8224894e-06
-1.8006522e-06
0.00022369874
1.6113237e-05
0.00022167783
1.1286634e-05
0.0002215731
4.8984484e-06
0.00022237585
3.3100111e-07
0.00022366317
-2.5712793e-06
0.00022498796
-3.9574132e-06
0.00022628406
-4.6294173e-06
0.0002275923
-5.0888188e-06
0.00022894231
-5.494118e-06
0.00023032374
-5.8275838e-06
0.00023169825
-6.0224878e-06
0.00023302593
-6.0512055e-06
0.00023428115
-5.938859e-06
0.00023545556
-5.7360815e-06
0.00023655224
-5.4934367e-06
0.00023757844
-5.2432037e-06
0.00023854094
-5.0015529e-06
0.00023944516
-4.7717305e-06
0.00024029544
-4.5551832e-06
0.00024109615
-4.3508049e-06
0.00024185168
-4.1612564e-06
0.00024256642
-3.9856099e-06
0.0002432443
-3.826366e-06
0.00024388878
-3.6802467e-06
0.00024450266
-3.5489556e-06
0.00024508833
-3.4273968e-06
0.00024564778
-3.3180902e-06
0.00024618264
-3.2149357e-06
0.00024669443
-3.1222091e-06
0.0002471842
-3.0326091e-06
0.00024765328
-2.9525658e-06
0.00024810222
-2.8729686e-06
0.00024853238
-2.8028716e-06
0.00024894382
-2.7306527e-06
0.00024933815
-2.6686656e-06
0.00024971484
-2.6019334e-06
0.00025007604
-2.5469638e-06
0.0002504204
-2.4843939e-06
0.00025075094
-2.4359303e-06
0.00025106521
-2.3766253e-06
0.00025136747
-2.3346183e-06
0.00025165374
-2.2780677e-06
0.00025193011
-2.2428877e-06
0.00025219053
-2.1890483e-06
0.00025244354
-2.1614731e-06
0.00025268048
-2.1108836e-06
0.00025291285
-2.0918692e-06
0.00025312858
-2.0455511e-06
0.00025334209
-2.036e-06
-1.9994698e-06
0.00021787663
1.9672288e-05
0.00021685694
1.2306322e-05
0.00021783404
3.9213503e-06
0.00021965091
-1.4858622e-06
0.00022157403
-4.4943932e-06
0.00022330836
-5.6917407e-06
0.00022489694
-6.217994e-06
0.00022643684
-6.6287199e-06
0.00022797197
-7.0292505e-06
0.00022948387
-7.3394812e-06
0.00023092537
-7.4639953e-06
0.00023225665
-7.3824826e-06
0.00023346037
-7.1425774e-06
0.00023454007
-6.8157856e-06
0.00023550898
-6.4623456e-06
0.000236381
-6.1152218e-06
0.00023716676
-5.787313e-06
0.00023787454
-5.4795191e-06
0.00023851126
-5.1918958e-06
0.00023908411
-4.9236532e-06
0.00023959965
-4.6768009e-06
0.00024006445
-4.4504135e-06
0.00024048355
-4.2454601e-06
0.00024086181
-4.0585067e-06
0.00024120249
-3.8896448e-06
0.00024150925
-3.7341518e-06
0.00024178414
-3.5929814e-06
0.00024203011
-3.4609054e-06
0.00024224842
-3.3405205e-06
0.00024244166
-3.2258452e-06
0.00024261049
-3.1214047e-06
0.00024275736
-3.0198381e-06
0.00024288251
-2.9280139e-06
0.00024298831
-2.8364594e-06
0.00024307471
-2.7550604e-06
0.00024314407
-2.6712964e-06
0.00024319613
-2.5990217e-06
0.00024323317
-2.5214334e-06
0.0002432549
-2.4576662e-06
0.00024326331
-2.3850371e-06
0.00024325842
-2.3297269e-06
0.00024324151
-2.2611515e-06
0.00024321342
-2.2148035e-06
0.00024317413
-2.1497565e-06
0.00024312617
-2.1135087e-06
0.00024306737
-2.0520849e-06
0.00024300311
-2.0276089e-06
0.00024292788
-1.9703204e-06
0.00024284981
-1.9579382e-06
-1.9091867e-06
0.0002093858
2.1711643e-05
0.00021032471
1.1367414e-05
0.00021290917
1.3369274e-06
0.00021602996
-4.6066517e-06
0.00021862188
-7.086312e-06
0.00022070678
-7.7766313e-06
0.00022249683
-8.0080375e-06
0.00022413932
-8.2712159e-06
0.00022567804
-8.5679617e-06
0.00022707636
-8.7378068e-06
0.00022828175
-8.6693888e-06
0.00022926808
-8.3688106e-06
0.00023004195
-7.9164412e-06
0.00023063003
-7.4038678e-06
0.00023106216
-6.8944784e-06
0.00023136318
-6.416241e-06
0.0002315514
-5.9755322e-06
0.00023164186
-5.5699863e-06
0.00023164781
-5.1978428e-06
0.00023158209
-4.8579329e-06
0.00023145578
-4.5504897e-06
0.00023127899
-4.2736264e-06
0.00023105916
-4.0256331e-06
0.00023080322
-3.8025688e-06
0.00023051589
-3.6023089e-06
0.00023020231
-3.4205704e-06
0.00022986537
-3.2560491e-06
0.00022950925
-3.1047847e-06
0.00022913552
-2.9667917e-06
0.00022874791
-2.8382303e-06
0.00022834691
-2.720404e-06
0.00022793621
-2.6091361e-06
0.00022751529
-2.5071037e-06
0.00022708816
-2.4093275e-06
0.00022665323
-2.320133e-06
0.0002262151
-2.2331647e-06
0.00022577096
-2.154879e-06
0.0002253263
-2.0767717e-06
0.00022487685
-2.0082182e-06
0.0002244293
-1.9374871e-06
0.00022397768
-1.8781099e-06
0.00022353011
-1.8135815e-06
0.00022307877
-1.7634626e-06
0.00022263328
-1.7042647e-06
0.00022218407
-1.6642955e-06
0.00022174209
-1.6101135e-06
0.0002212968
-1.5823188e-06
0.00022086049
-1.5340042e-06
0.00022042319
-1.5206426e-06
-1.4768189e-06
0.00019793382
1.9936987e-05
0.00020195981
7.3414329e-06
0.00020667451
-3.3777152e-06
0.00021087167
-8.8038261e-06
0.00021353621
-9.7508465e-06
0.00021523692
-9.4773226e-06
0.00021641053
-9.1816531e-06
0.00021726467
-9.1253535e-06
0.00021782614
-9.1294241e-06
0.0002180543
-8.9659705e-06
0.00021793063
-8.5457211e-06
0.00021748542
-7.9236029e-06
0.00021678201
-7.213031e-06
0.00021588574
-6.5075925e-06
0.00021484849
-5.857231e-06
0.00021370852
-5.2762682e-06
0.00021249448
-4.761494e-06
0.00021122999
-4.3054954e-06
0.00020993492
-3.9027755e-06
0.00020862614
-3.549152e-06
0.00020731664
-3.2409983e-06
0.00020601665
-2.9736335e-06
0.00020473268
-2.741665e-06
0.00020346986
-2.5397492e-06
0.0002022312
-2.3636443e-06
0.00020101941
-2.2087836e-06
0.00019983537
-2.0720127e-06
0.00019868055
-1.9499587e-06
0.00019755449
-1.8407385e-06
0.00019645814
-1.741879e-06
0.00019539014
-1.6524006e-06
0.00019435139
-1.5703909e-06
0.00019333978
-1.4954935e-06
0.0001923566
-1.4261469e-06
0.00019139888
-1.3624148e-06
0.00019046869
-1.3029699e-06
0.00018956193
-1.2481214e-06
0.0001886819
-1.1967435e-06
0.00018782291
-1.1492249e-06
0.00018699012
-1.1046969e-06
0.00018617546
-1.0634563e-06
0.00018538691
-1.0250229e-06
0.00018461289
-9.8944321e-07
0.0001838654
-9.5677644e-07
0.0001831279
-9.2680023e-07
0.00018241795
-9.0015679e-07
0.00018171255
-8.7692264e-07
0.0001810369
-8.5835439e-07
0.0001803625
-8.4623893e-07
-8.3940025e-07
0.00018250462
1.09613e-05
0.00018962773
2.1832941e-07
0.0001948378
-8.5877328e-06
0.0001965873
-1.0553331e-05
0.00019621283
-9.3763847e-06
0.00019461553
-7.8800098e-06
0.0001924894
-7.0555209e-06
0.00019003545
-6.6713971e-06
0.00018722409
-6.3180665e-06
0.00018408609
-5.8279643e-06
0.00018071093
-5.1705703e-06
0.00017722348
-4.4361477e-06
0.00017374632
-3.7358695e-06
0.00017035825
-3.1195285e-06
0.00016710094
-2.5999151e-06
0.00016399689
-2.1722259e-06
0.00016105917
-1.8237745e-06
0.00015829495
-1.5412703e-06
0.00015570588
-1.3137031e-06
0.00015328868
-1.1319554e-06
0.0001510358
-9.8812334e-07
0.00014893702
-8.7485413e-07
0.00014698098
-7.8561752e-07
0.00014515604
-7.1481425e-07
0.00014345044
-6.580447e-07
0.00014185336
-6.1169993e-07
0.00014035447
-5.7312365e-07
0.00013894474
-5.4023634e-07
0.00013761562
-5.1161576e-07
0.00013635993
-4.8618868e-07
0.00013517074
-4.6320727e-07
0.00013404255
-4.4220384e-07
0.00013296976
-4.2270208e-07
0.00013194827
-4.0466177e-07
0.00013097344
-3.875827e-07
0.00013004232
-3.7185306e-07
0.00012915086
-3.5665886e-07
0.00012829711
-3.4299527e-07
0.00012747724
-3.293507e-07
0.00012669029
-3.1774555e-07
0.00012593218
-3.0535171e-07
0.00012520318
-2.9602265e-07
0.00012449825
-2.8451587e-07
0.00012381952
-2.7804005e-07
0.00012315962
-2.6690229e-07
0.0001225241
-2.6464049e-07
0.00012190039
-2.5321077e-07
0.00012130099
-2.5894975e-07
0.00012070251
-2.4776806e-07
-2.7954259e-07
0.00014662622
0.00014684456
0.00013825685
0.00012770351
0.00011832712
0.00011044711
0.00010339159
9.6720197e-05
9.0402131e-05
8.4574167e-05
7.9403596e-05
7.4967448e-05
7.1231579e-05
6.811205e-05
6.5512135e-05
6.3339908e-05
6.1516134e-05
5.9974863e-05
5.866116e-05
5.7529204e-05
5.6541081e-05
5.5666226e-05
5.4880609e-05
5.4165794e-05
5.3507749e-05
5.2896049e-05
5.2322925e-05
5.1782689e-05
5.1271073e-05
5.0784884e-05
5.0321677e-05
4.9879473e-05
4.9456771e-05
4.9052109e-05
4.8664526e-05
4.8292673e-05
4.7936014e-05
4.7593018e-05
4.7263668e-05
4.6945922e-05
4.664057e-05
4.6344548e-05
4.6060032e-05
4.5781991e-05
4.5515089e-05
4.5250449e-05
4.4997238e-05
4.4738288e-05
4.449052e-05
)
;

boundaryField
{
    inlet
    {
        type            calculated;
        value           nonuniform List<scalar> 
20
(
-0.0001
-0.0001
-0.0001
-0.0001
-0.0001
-0.0001
-0.0001
-0.0001
-0.0001
-0.0001
-0.0001
-0.0001
-0.0001
-0.0001
-0.0001
-0.0001
-0.0001
-0.0001
-0.0001
-0.0001
)
;
    }
    outlet
    {
        type            calculated;
        value           nonuniform List<scalar> 
20
(
4.4210987e-05
0.00012014268
0.0001797251
0.00021999085
0.00024275955
0.00025354092
0.00025783201
0.00025924845
0.00025961378
0.0002596756
0.00025967559
0.00025961377
0.00025924844
0.000257832
0.0002535409
0.00024275953
0.00021999082
0.00017972508
0.00012014266
4.4210977e-05
)
;
    }
    top
    {
        type            calculated;
        value           uniform 0;
    }
    bottom
    {
        type            calculated;
        value           uniform 0;
    }
    frontAndBack
    {
        type            empty;
    }
    membraneFront
    {
        type            cyclic;
        value           nonuniform List<scalar> 
20
(
6.5837258e-05
8.2669764e-05
9.344199e-05
0.00010071017
0.00010547888
0.00010839441
0.0001100296
0.00011085663
0.00011122487
0.0001113564
0.0001113564
0.00011122487
0.00011085663
0.0001100296
0.00010839441
0.00010547889
0.00010071017
9.3441996e-05
8.2669763e-05
6.5837261e-05
)
;
    }
    membraneBack
    {
        type            cyclic;
        value           nonuniform List<scalar> 
20
(
-0.00013566493
-0.000173529
-0.0001961592
-0.00021142518
-0.00022143567
-0.00022755417
-0.00023098553
-0.00023272123
-0.00023349435
-0.00023377061
-0.00023377061
-0.00023349434
-0.00023272124
-0.00023098553
-0.00022755419
-0.00022143568
-0.00021142519
-0.00019615922
-0.00017352899
-0.00013566494
)
;
    }
}


// ************************************************************************* //
