/*--------------------------------*- C++ -*----------------------------------*\
| =========                 |                                                 |
| \\      /  F ield         | OpenFOAM: The Open Source CFD Toolbox           |
|  \\    /   O peration     | Version:  2512                                  |
|   \\  /    A nd           | Website:  www.openfoam.com                      |
|    \\/     M anipulation  |                                                 |
\*---------------------------------------------------------------------------*/
FoamFile
{
    version     2.0;
    format      ascii;
    arch        "LSB;label=32;scalar=64";
    class       surfaceScalarField;
    location    "21.7";
    object      phi;
}
// * * * * * * * * * * * * * * * * * * * * * * * * * * * * * * * * * * * * * //

dimensions      [0 3 -1 0 0 0 0];

oriented        oriented;

internalField   nonuniform List<scalar> 
6512
(
4.4356102e-14
-4.4356339e-14
2.2361355e-19
9.0411914e-14
-4.6055803e-14
1.3945259e-13
-4.9040682e-14
1.9158953e-13
-5.2136934e-14
2.4605214e-13
-5.4462623e-14
3.0125791e-13
-5.5205759e-14
3.5489935e-13
-5.3641426e-14
4.0420522e-13
-4.9305879e-14
4.4642305e-13
-4.2217805e-14
4.79478e-13
-3.3054932e-14
5.0263255e-13
-2.3154567e-14
5.1688354e-13
-1.4250986e-14
5.2425475e-13
-7.3712225e-15
5.2697908e-13
-2.7243381e-15
5.2697182e-13
7.2463756e-18
5.2564419e-13
1.3276153e-15
5.2387024e-13
1.773938e-15
5.2212968e-13
1.7405651e-15
5.2063069e-13
1.4990027e-15
5.1941795e-13
1.2127392e-15
5.1845289e-13
9.6506512e-16
5.1766639e-13
7.8650755e-16
5.1699332e-13
6.7307536e-16
5.1639939e-13
5.939347e-16
5.159103e-13
4.8909021e-16
5.1564614e-13
2.6414888e-16
5.1590238e-13
-2.5623032e-16
5.1724146e-13
-1.3390856e-15
5.2063909e-13
-3.3976148e-15
5.2769454e-13
-7.0554666e-15
5.4088994e-13
-1.3195404e-14
5.6384133e-13
-2.2951388e-14
6.013502e-13
-3.7508872e-14
6.5880518e-13
-5.7454985e-14
7.3966877e-13
-8.086359e-14
8.3653788e-13
-9.6869118e-14
9.0973093e-13
-7.3193054e-14
8.859227e-13
2.3808235e-14
5.0686935e-13
3.7905335e-13
5.0686934e-13
1.6070143e-13
-2.050588e-13
1.0446535e-18
3.2698242e-13
-2.1233681e-13
5.0255275e-13
-2.2461101e-13
6.8734409e-13
-2.3692827e-13
8.7856534e-13
-2.4568387e-13
1.0709588e-12
-2.4759921e-13
1.2570584e-12
-2.3974097e-13
1.4280019e-12
-2.2024947e-13
1.575047e-12
-1.8926291e-13
-1.496405e-13
1.6916326e-12
2.4201978e-13
-4.4708092e-13
2.3317077e-18
4.9466129e-13
-4.6497831e-13
7.6333786e-13
-4.9328761e-13
1.0464871e-12
-5.2007748e-13
1.3391104e-12
-5.3830722e-13
1.6331547e-12
-5.4164343e-13
1.9175045e-12
-5.2409075e-13
2.1788617e-12
-4.8160675e-13
2.4038477e-12
-4.1424892e-13
-3.2796538e-13
2.5821726e-12
2.8323356e-13
-7.3031813e-13
3.6461724e-18
5.8711933e-13
-7.6886407e-13
9.167943e-13
-8.2296257e-13
1.267071e-12
-8.7035417e-13
1.6306019e-12
-9.0183812e-13
1.9973607e-12
-9.0840224e-13
2.3534269e-12
-8.8015703e-13
2.6814329e-12
-8.0961275e-13
2.9630243e-12
-6.9584025e-13
-5.4823081e-13
3.1832897e-12
2.8154294e-13
-1.0118649e-12
3.8354137e-18
6.0659926e-13
-1.0939204e-12
9.7003399e-13
-1.1863973e-12
1.358527e-12
-1.2588472e-12
1.7645567e-12
-1.3078678e-12
2.1780914e-12
-1.3219369e-12
2.5833079e-12
-1.2853735e-12
2.9585039e-12
-1.1848088e-12
3.2788457e-12
-1.0161821e-12
3.5225912e-12
-7.9197636e-13
1.7754274e-12
-1.0694941e-13
1.8295061e-12
-6.8329693e-14
1.8602066e-12
-3.8071698e-14
1.8746108e-12
-1.7128583e-14
1.8789164e-12
-4.2983601e-15
1.8777367e-12
2.5073253e-15
1.8741304e-12
5.3802264e-15
1.8698839e-12
5.9870896e-15
1.8658871e-12
5.4957991e-15
1.8624745e-12
4.6253548e-15
1.8596778e-12
3.7617499e-15
1.857402e-12
3.0623535e-15
1.8555485e-12
2.526547e-15
1.8541155e-12
2.0270237e-15
1.8533036e-12
1.300953e-15
1.853669e-12
-1.0123996e-16
1.8563063e-12
-2.8935882e-15
1.8631803e-12
-8.2129946e-15
1.8775557e-12
-1.7773035e-14
-3.4083635e-14
1.9045839e-12
2.710078e-12
-2.3485484e-13
2.7929884e-12
-1.5124013e-13
2.8411661e-12
-8.6249327e-14
2.8654391e-12
-4.1401692e-14
2.8748838e-12
-1.3743001e-14
2.8761084e-12
1.2826788e-15
2.8733988e-12
8.0898181e-15
2.8692803e-12
1.010555e-14
2.8650638e-12
9.712345e-15
2.8613135e-12
8.3756499e-15
2.8581848e-12
6.8905286e-15
2.8556554e-12
5.5917175e-15
2.8536881e-12
4.4938818e-15
2.8523616e-12
3.3535614e-15
2.8520074e-12
1.6551789e-15
2.8533805e-12
-1.4744219e-15
2.8579136e-12
-7.4266769e-15
2.8680548e-12
-1.8354184e-14
2.887747e-12
-3.7465201e-14
-6.9370104e-14
2.9230334e-12
3.3363602e-12
-3.8792537e-13
3.4319813e-12
-2.4686117e-13
3.485901e-12
-1.4016904e-13
3.5128125e-12
-6.8313155e-14
3.5238387e-12
-2.4769273e-14
3.5263915e-12
-1.2701553e-15
3.5249634e-12
9.5179834e-15
3.5220451e-12
1.3023882e-14
3.5188886e-12
1.2868809e-14
3.5160333e-12
1.1230955e-14
3.5136476e-12
9.2762333e-15
3.5117441e-12
7.4952575e-15
3.5103205e-12
5.9174343e-15
3.5094684e-12
4.2057721e-15
3.5094807e-12
1.6427736e-15
3.5109886e-12
-2.9822343e-15
3.5151499e-12
-1.1588044e-14
3.5239026e-12
-2.710681e-14
3.5403107e-12
-5.3873355e-14
-9.8054791e-14
3.5689954e-12
3.6792213e-12
-5.445555e-13
3.7677565e-12
-3.3539632e-13
3.81262e-12
-1.8503249e-13
3.8327646e-12
-8.8457809e-14
3.8402836e-12
-3.2288289e-14
3.8419703e-12
-2.9568755e-15
3.8413082e-12
1.0180113e-14
3.8399211e-12
1.4410975e-14
3.8384953e-12
1.4294578e-14
3.8372706e-12
1.2455703e-14
3.8362944e-12
1.025241e-14
3.8355493e-12
8.2403589e-15
3.8350187e-12
6.4481243e-15
3.8347285e-12
4.4959836e-15
3.8347853e-12
1.5859978e-15
3.8354239e-12
-3.6208388e-15
3.8370701e-12
-1.3234338e-14
3.8404278e-12
-3.0464514e-14
3.8465899e-12
-6.0035502e-14
3.857172e-12
-1.0863681e-13
1.9520368e-12
-6.0648333e-14
2.0311287e-12
-1.0204329e-13
2.1572443e-12
-1.6362449e-13
2.3501928e-12
-2.5040348e-13
2.6335554e-12
-3.6422625e-13
3.0345446e-12
-4.9785827e-13
3.5860475e-12
-6.2469598e-13
4.2996822e-12
-6.8982643e-13
-6.1910238e-13
5.2978379e-12
2.9827681e-12
-1.2038306e-13
3.0793229e-12
-1.985981e-13
3.2290569e-12
-3.1335844e-13
3.4520504e-12
-4.7339699e-13
3.7702678e-12
-6.8244368e-13
4.2028992e-12
-9.304896e-13
4.7563092e-12
-1.178106e-12
5.4016438e-12
-1.3351611e-12
-1.2480912e-12
6.0306326e-12
3.6166303e-12
-1.6801796e-13
3.6924537e-12
-2.7442143e-13
3.8087032e-12
-4.2960795e-13
3.9807717e-12
-6.454655e-13
4.226752e-12
-9.2842395e-13
4.5666066e-12
-1.2703443e-12
5.0204046e-12
-1.6319041e-12
5.5841514e-12
-1.8989079e-12
-1.7977091e-12
6.1337693e-12
3.8744597e-12
-1.853057e-13
3.9015771e-12
-3.0153888e-13
3.9427449e-12
-4.7077573e-13
4.0038407e-12
-7.0656132e-13
4.0937485e-12
-1.0183317e-12
4.2292012e-12
-1.405797e-12
4.4552295e-12
-1.8579324e-12
4.8887668e-12
-2.3324451e-12
5.635884e-12
-2.5448263e-12
-4.5788041e-13
6.2625877e-12
-6.8983616e-13
6.2625884e-12
-8.1865527e-13
6.2625884e-12
6.2625877e-12
-1.445359e-12
-1.7322176e-19
-2.100403e-20
1.3140276e-19
1.426176e-13
-1.1544839e-12
1.4126945e-18
3.4380093e-13
-1.2951037e-12
5.669847e-13
-1.4095811e-12
8.036153e-13
-1.4954778e-12
1.0531423e-12
-1.5573948e-12
1.3111462e-12
-1.5799409e-12
1.5676287e-12
-1.541856e-12
1.8070961e-12
-1.4242762e-12
2.0102918e-12
-1.2193778e-12
-9.4052236e-13
2.1588378e-12
1.0096715e-13
-1.2554514e-12
3.7992556e-19
3.2522789e-13
-1.5193645e-12
5.4344255e-13
-1.6277958e-12
7.7269888e-13
-1.7247342e-12
1.0186686e-12
-1.8033645e-12
1.2779063e-12
-1.8391785e-12
1.5397474e-12
-1.8036971e-12
1.7865045e-12
-1.6710332e-12
1.9948964e-12
-1.4277696e-12
2.1410267e-12
-1.0866527e-12
2.2423204e-12
-6.2803806e-13
2.2807881e-12
-3.7386402e-13
2.2955849e-12
-1.9982936e-13
2.2999992e-12
-9.2872104e-14
2.3006851e-12
-3.2974147e-14
2.3004374e-12
-2.7092117e-15
2.3001989e-12
1.0418601e-14
2.3001634e-12
1.4446523e-14
2.3002883e-12
1.4169748e-14
2.3004929e-12
1.2251031e-14
2.3007171e-12
1.0028237e-14
2.3009251e-12
8.0324203e-15
2.3010934e-12
6.2798525e-15
2.3011941e-12
4.3952884e-15
2.3011762e-12
1.6038446e-15
2.3009433e-12
-3.3879935e-15
2.3003229e-12
-1.2613838e-14
2.2990227e-12
-2.9164395e-14
2.2965688e-12
-5.7581513e-14
-1.0428078e-13
2.2922127e-12
2.2093956e-12
-6.9640694e-13
2.2308214e-12
-3.9528982e-13
2.2332378e-12
-2.022458e-13
2.2305941e-12
-9.0228329e-14
2.2280658e-12
-3.04459e-14
2.2268733e-12
-1.5167254e-15
2.2268306e-12
1.0461329e-14
2.2274533e-12
1.3823778e-14
2.228342e-12
1.3281062e-14
2.2292556e-12
1.1337485e-14
2.2300783e-12
9.2055803e-15
2.2307647e-12
7.345963e-15
2.2312886e-12
5.7560305e-15
2.2315963e-12
4.0876275e-15
2.2315601e-12
1.6399483e-15
2.230921e-12
-2.7488973e-15
2.2292101e-12
-1.0902874e-14
2.2256397e-12
-2.5594051e-14
2.2189526e-12
-5.0894417e-14
2.2072156e-12
-9.2543769e-14
2.2847953e-12
-1.7788831e-13
2.2725264e-12
-2.8926998e-13
2.252605e-12
-4.5085436e-13
2.2205655e-12
-6.7452181e-13
2.1690297e-12
-9.667959e-13
2.0834651e-12
-1.3202324e-12
1.9272388e-12
-1.7017061e-12
1.6145331e-12
-2.0197394e-12
-1.9589756e-12
1.0286824e-12
2.1875408e-12
-1.5821345e-13
2.1556945e-12
-2.5742371e-13
2.1054979e-12
-4.0065777e-13
2.0278169e-12
-5.968408e-13
1.9087272e-12
-8.4770613e-13
1.7253637e-12
-1.1368689e-12
1.435477e-12
-1.4118194e-12
9.7224297e-13
-1.5565053e-12
3.4025383e-13
-1.3269864e-12
-4.1667669e-13
-7.642287e-14
7.8840772e-14
-1.3342922e-12
1.7424179e-13
-1.6147655e-12
2.7674904e-13
-1.730303e-12
3.9066646e-13
-1.8386516e-12
5.1688721e-13
-1.9295853e-12
6.530416e-13
-1.9753329e-12
7.9290721e-13
-1.9435627e-12
9.2600355e-13
-1.8041295e-12
1.0380865e-12
-1.5398526e-12
1.1124982e-12
-1.1610643e-12
1.1398306e-12
-7.2373934e-13
1.1416492e-12
-3.9710842e-13
1.1367604e-12
-1.9735702e-13
1.1322709e-12
-8.5738889e-14
1.1297016e-12
-2.7876582e-14
1.1287984e-12
-6.1345766e-16
1.1289283e-12
1.0331417e-14
1.1295538e-12
1.3198283e-14
1.1303328e-12
1.2502103e-14
1.1310872e-12
1.0583068e-14
1.131744e-12
8.5487869e-15
1.132282e-12
6.8079288e-15
1.1326911e-12
5.3469261e-15
1.1329383e-12
3.8404201e-15
1.1329337e-12
1.6445837e-15
1.1324887e-12
-2.3039324e-15
1.1312592e-12
-9.6733844e-15
1.1286659e-12
-2.3000705e-14
1.1237853e-12
-4.6013838e-14
1.115206e-12
-8.3964497e-14
1.1008444e-12
-1.4385182e-13
1.0777129e-12
-2.3429222e-13
1.0416188e-12
-3.6456374e-13
9.8673554e-13
-5.4195749e-13
9.0501152e-13
-7.6598213e-13
7.8541915e-13
-1.0172766e-12
6.1337718e-13
-1.2397775e-12
3.6343926e-13
-1.3065674e-12
9.0741583e-14
-1.0542887e-12
1.4318704e-14
2.8661321e-13
-1.6209031e-12
-2.3152669e-18
4.4565579e-13
-1.7738081e-12
6.5637605e-13
-1.9410233e-12
9.1594575e-13
-2.0982213e-12
1.2189138e-12
-2.2325534e-12
1.5569755e-12
-2.3133946e-12
1.9127331e-12
-2.2993204e-12
2.2559999e-12
-2.1473964e-12
2.5434374e-12
-1.8272901e-12
-1.3424193e-12
2.7247924e-12
1.8558069e-13
-1.8064801e-12
-3.7188565e-18
3.3884057e-13
-1.9270679e-12
5.0813122e-13
-2.110314e-12
7.2014039e-13
-2.3102305e-12
9.8228987e-13
-2.4947028e-12
1.2911529e-12
-2.6222576e-12
1.6302436e-12
-2.6384111e-12
1.9654689e-12
-2.4826216e-12
2.2431433e-12
-2.1049645e-12
-1.4931387e-12
2.3938627e-12
9.8608273e-14
-1.9050845e-12
-3.8993068e-18
1.9279311e-13
-2.0212528e-12
3.0395235e-13
-2.2214732e-12
4.5571836e-13
-2.4619965e-12
6.6230115e-13
-2.7012857e-12
9.2620961e-13
-2.8861661e-12
1.2332481e-12
-2.9454496e-12
1.545292e-12
-2.7946655e-12
1.7964834e-12
-2.3561559e-12
-1.5920505e-12
1.8953952e-12
9.8728134e-15
-1.9149542e-12
-3.0687772e-18
2.4241341e-14
-2.0356213e-12
5.8050645e-14
-2.2552825e-12
1.326934e-13
-2.5366393e-12
2.6647029e-13
-2.8350626e-12
4.6780524e-13
-3.087501e-12
7.2524888e-13
-3.2028933e-12
9.9348644e-13
-3.0629031e-12
1.1841745e-12
-2.5468439e-12
1.1647749e-12
-1.572651e-12
2.7526868e-12
-7.5163372e-13
2.7222197e-12
-3.6664137e-13
2.6897276e-12
-1.6486494e-13
2.669034e-12
-6.5045253e-14
2.6592207e-12
-1.8063255e-14
2.656483e-12
2.1242233e-15
2.6574827e-12
9.3317449e-15
2.6600474e-12
1.0633607e-14
2.662963e-12
9.5864867e-15
2.665666e-12
7.8800902e-15
2.6679604e-12
6.2543392e-15
2.6698167e-12
4.9516815e-15
2.6712316e-12
3.9320186e-15
2.672119e-12
2.9530167e-15
2.6722015e-12
1.562107e-15
2.6708762e-12
-9.7862239e-16
2.6670272e-12
-5.8244448e-15
2.6587699e-12
-1.4743364e-14
2.6430974e-12
-3.0341386e-14
-5.6295897e-14
2.6154288e-12
2.3278984e-12
-6.8566943e-13
2.2332939e-12
-2.7203679e-13
2.1739949e-12
-1.0556597e-13
2.1451768e-12
-3.6227182e-14
2.1343999e-12
-7.2862647e-15
2.132871e-12
3.6531283e-15
2.1354198e-12
6.7829573e-15
2.1392571e-12
6.7963218e-15
2.1430811e-12
5.762474e-15
2.1463984e-12
4.5627874e-15
2.1491114e-12
3.5414203e-15
2.1512767e-12
2.7862751e-15
2.1529581e-12
2.2506388e-15
2.1541173e-12
1.7938946e-15
2.1545052e-12
1.1742325e-15
2.1535231e-12
3.399511e-18
2.150028e-12
-2.3292714e-15
2.1420499e-12
-6.7652589e-15
2.1264153e-12
-1.47068e-14
-2.8150634e-14
2.09827e-12
1.671978e-12
-4.6225228e-13
1.5217183e-12
-1.2177704e-13
1.4548401e-12
-3.8687783e-14
1.4294547e-12
-1.084172e-14
1.4228224e-12
-6.5399651e-16
1.4239986e-12
2.4769286e-15
1.4278722e-12
2.90936e-15
1.4321196e-12
2.5489209e-15
1.4358749e-12
2.0071945e-15
1.4389232e-12
1.5144948e-15
1.4413233e-12
1.1412745e-15
1.4432181e-12
8.9154478e-16
1.4447297e-12
7.3899385e-16
1.4458869e-12
6.367538e-16
1.4465481e-12
5.1304728e-16
1.4462917e-12
2.5976659e-16
1.4442709e-12
-3.0846034e-16
1.4389743e-12
-1.4687247e-15
1.4279138e-12
-3.6463248e-15
-7.4612957e-15
1.4072245e-12
7.0252266e-13
5.8074564e-13
5.4205785e-13
5.3121614e-13
5.3056215e-13
5.3303909e-13
5.3594846e-13
5.3849739e-13
5.405046e-13
5.4201911e-13
5.4316038e-13
5.4405193e-13
5.4479089e-13
5.4542766e-13
5.4594072e-13
5.4620048e-13
5.4589203e-13
5.4442331e-13
5.4077697e-13
5.3331569e-13
2.5690625e-12
-9.7485469e-14
2.4945739e-12
-1.5980364e-13
2.3792431e-12
-2.4923296e-13
2.2067081e-12
-3.6942249e-13
1.9573055e-12
-5.1657948e-13
1.6102269e-12
-6.7019797e-13
1.1504131e-12
-7.7996372e-13
6.0189447e-13
-7.5804878e-13
-5.1882189e-13
6.6427604e-14
2.0505432e-12
-4.9758711e-14
1.9734712e-12
-8.273166e-14
1.8544512e-12
-1.3021287e-13
1.6787697e-12
-1.9374102e-13
1.4322204e-12
-2.7003016e-13
1.1073936e-12
-3.4537125e-13
7.1648009e-13
-3.8905017e-13
3.122549e-13
-3.538236e-13
-2.0951855e-13
2.9515551e-15
1.3712239e-12
-1.3758156e-14
1.3120653e-12
-2.3573026e-14
1.2197939e-12
-3.7941514e-14
1.0834257e-12
-5.7372794e-14
8.9412542e-13
-8.0729892e-14
6.5202504e-13
-1.0327085e-13
3.7740612e-13
-1.1443126e-13
1.2191098e-13
-9.8328466e-14
-4.9760778e-14
-3.7846799e-14
5.1955753e-13
4.959845e-13
4.5804298e-13
4.0067019e-13
3.199403e-13
2.1666942e-13
1.0223817e-13
3.9097158e-15
-4.5851072e-14
8.0746316e-14
8.3697874e-14
4.5851079e-14
-1.0530625e-13
-1.8096459e-12
-2.0314767e-18
-2.0347877e-13
-1.9374488e-12
-2.7990149e-13
-2.1788598e-12
-3.1030219e-13
-2.5062385e-12
-2.6752663e-13
-2.8778381e-12
-1.3151454e-13
-3.2235131e-12
9.0653814e-14
-3.4250616e-12
3.2871685e-13
-3.3009661e-12
4.0047688e-13
-2.6186039e-12
-1.1721741e-12
-2.2904119e-13
-1.5806042e-12
-5.381309e-19
-4.5525851e-13
-1.7112315e-12
-6.6809086e-13
-1.9660274e-12
-8.4369452e-13
-2.3306349e-12
-9.4481167e-13
-2.776721e-12
-9.2561246e-13
-3.2427124e-12
-7.5020399e-13
-3.6004701e-12
-4.3824562e-13
-3.6129245e-12
-1.2665895e-13
-2.9301906e-12
-1.2988331e-12
-3.3428133e-13
-1.2463233e-12
3.968485e-19
-6.7555932e-13
-1.3699535e-12
-1.0223104e-12
-1.6192764e-12
-1.3558404e-12
-1.9971049e-12
-1.6319193e-12
-2.5006421e-12
-1.7729983e-12
-3.1016333e-12
-1.6712819e-12
-3.7021864e-12
-1.2347706e-12
-4.0494358e-12
-5.3452736e-13
-3.6304338e-12
-1.8333604e-12
-3.9905866e-13
-8.4726543e-13
7.9575655e-19
-8.1959991e-13
-9.4941221e-13
-1.2759872e-12
-1.1628891e-12
-1.766087e-12
-1.5070051e-12
-2.2565416e-12
-2.0101874e-12
-2.6583664e-12
-2.6998086e-12
-2.7939641e-12
-3.5665886e-12
-2.3881054e-12
-4.4552945e-12
-1.2416876e-12
-4.7768516e-12
-3.075048e-12
-3.9815202e-13
-4.4911424e-13
8.3092046e-19
-8.3249485e-13
-5.150694e-13
-1.3373471e-12
-6.5803685e-13
-1.9408974e-12
-9.0345483e-13
-2.6539914e-12
-1.2970934e-12
-3.4426307e-12
-1.9111693e-12
-4.1681405e-12
-2.8410789e-12
-4.4588459e-12
-4.1645891e-12
-3.4614529e-12
-5.7742446e-12
-6.5365009e-12
-3.2157447e-13
-1.2754043e-13
6.4474526e-19
-6.860165e-13
-1.5062736e-13
-1.1417271e-12
-2.0232624e-13
-1.7494343e-12
-2.9574758e-13
-2.5907807e-12
-4.5574702e-13
-3.7775494e-12
-7.2440055e-13
-5.4551772e-12
-1.1634511e-12
-7.7789783e-12
-1.840788e-12
-1.0799832e-11
-2.7533914e-12
-3.4848605e-12
-1.3851472e-11
-1.2754071e-13
2.7287316e-19
-2.7816805e-13
-4.8049429e-13
-7.7624185e-13
-1.2319889e-12
-1.9563894e-12
-3.1198405e-12
-4.9606284e-12
-7.7140198e-12
-1.119888e-11
-1.2769055e-11
-1.082417e-12
-1.2599594e-11
-1.6946152e-13
-1.2553081e-11
-4.6512541e-14
-1.253496e-11
-1.8120582e-14
-1.2528628e-11
-6.3323595e-15
-1.2526503e-11
-2.1253742e-15
-1.2525702e-11
-8.0041336e-16
-1.2525375e-11
-3.2689308e-16
-1.2525236e-11
-1.396484e-16
-1.2525155e-11
-8.057963e-17
-1.2525055e-11
-1.0058043e-16
-1.2524838e-11
-2.1605437e-16
-1.2524311e-11
-5.2733568e-16
-1.2522996e-11
-1.3156151e-15
-1.251966e-11
-3.3360723e-15
-1.2511159e-11
-8.5010353e-15
-1.248977e-11
-2.1388705e-14
-1.2433605e-11
-5.6165145e-14
-1.2256877e-11
-1.7672759e-13
-6.2072909e-13
-1.1636148e-11
-1.2281297e-11
-1.2450759e-11
-1.2497271e-11
-1.2515392e-11
-1.2521724e-11
-1.252385e-11
-1.252465e-11
-1.2524977e-11
-1.2525117e-11
-1.2525197e-11
-1.2525298e-11
-1.2525514e-11
-1.2526041e-11
-1.2527357e-11
-1.2530693e-11
-1.2539194e-11
-1.2560583e-11
-1.2616748e-11
-1.2793475e-11
-1.3414205e-11
-1.1045739e-11
-5.9040938e-13
-1.077517e-11
-2.7056835e-13
-1.0608427e-11
-1.6674303e-13
-1.0478294e-11
-1.3013267e-13
-1.0364323e-11
-1.1397179e-13
-1.0252032e-11
-1.1229058e-13
-1.0125832e-11
-1.2620031e-13
-9.9099871e-12
-2.1584479e-13
-4.2865312e-13
-9.481334e-12
-1.375666e-11
-2.4795345e-13
-1.376725e-11
-2.5997923e-13
-1.3647629e-11
-2.8636378e-13
-1.3444974e-11
-3.327871e-13
-1.3149576e-11
-4.0937022e-13
-1.2721883e-11
-5.3998303e-13
-1.2095503e-11
-7.5258067e-13
-1.1125072e-11
-1.1862754e-12
-9.7798248e-12
-1.7739007e-12
-4.2625106e-12
-8.8235119e-12
-7.5869024e-18
-2.4794586e-13
-7.5430486e-18
-2.5997926e-13
-7.2691348e-18
-2.8636409e-13
-7.2231161e-18
-3.3278716e-13
-7.1943354e-18
-4.0937023e-13
-7.1797148e-18
-5.3998306e-13
-6.7099471e-18
-7.5258116e-13
-1.0452238e-17
-1.1862717e-12
-1.7738827e-12
-2.8519978e-17
-1.4419197e-14
-2.3352666e-13
-3.1877198e-14
-2.4252126e-13
-5.6559283e-14
-2.6168201e-13
-9.5819455e-14
-2.9352698e-13
-1.6326653e-13
-3.4192315e-13
-2.8965368e-13
-4.1359591e-13
-5.2818355e-13
-5.1405128e-13
-1.053706e-12
-6.6074924e-13
-8.2723684e-13
-2.0003518e-12
-2.1671813e-14
-2.1185485e-13
-4.7243341e-14
-2.1694973e-13
-8.179288e-14
-2.2713247e-13
-1.3362459e-13
-2.4169527e-13
-2.1723804e-13
-2.5830971e-13
-3.6341171e-13
-2.6742224e-13
-6.2370516e-13
-2.5375783e-13
-1.162136e-12
-1.2231838e-13
-2.1026549e-12
1.1328203e-13
-3.9526382e-12
-1.0820889e-12
1.6861584e-12
-2.7096775e-14
-1.8475807e-13
-5.7985412e-14
-1.860611e-13
-9.698492e-14
-1.8813296e-13
-1.4972508e-13
-1.8895511e-13
-2.2371356e-13
-1.8432123e-13
-3.2744765e-13
-1.6368814e-13
-4.6775069e-13
-1.1345479e-13
-6.1371298e-13
2.3643905e-14
2.2625474e-13
-7.2668569e-13
-2.8000481e-14
-1.5675759e-13
-5.9070865e-14
-1.5499071e-13
-9.6136797e-14
-1.5106703e-13
-1.4230504e-13
-1.4278687e-13
-2.0070676e-13
-1.2591951e-13
-2.7243179e-13
-9.1963106e-14
-3.5429869e-13
-3.1587894e-14
-4.1463785e-13
8.398307e-14
2.339514e-13
-4.2233451e-13
-2.6224791e-14
-1.305328e-13
-5.4800713e-14
-1.2641479e-13
-8.7162742e-14
-1.18705e-13
-1.2418944e-13
-1.0576018e-13
-1.6583397e-13
-8.4274978e-14
-2.0894935e-13
-4.8847727e-14
-2.4590692e-13
5.3696764e-15
-2.5176797e-13
8.9844114e-14
1.8852801e-13
-2.0634457e-13
-2.22941e-14
-1.082387e-13
-4.7072193e-14
-1.016367e-13
-7.4222083e-14
-9.1555112e-14
-1.0296684e-13
-7.7015423e-14
-1.3196824e-13
-5.5273572e-14
-1.5752336e-13
-2.3292607e-14
-1.7303257e-13
2.087888e-14
-1.6355204e-13
8.0363591e-14
1.4375231e-13
-1.1877634e-13
-1.7506363e-14
-9.0732336e-14
-3.8109896e-14
-8.1033165e-14
-6.0332868e-14
-6.933214e-14
-8.2190085e-14
-5.5158206e-14
-1.019374e-13
-3.5526258e-14
-1.1634132e-13
-8.8886822e-15
-1.2060134e-13
2.51389e-14
-1.0653351e-13
6.6295756e-14
-6.9643549e-14
1.0686235e-13
9.5947276e-13
5.3713825e-13
3.3079368e-13
2.1201733e-13
1.4237378e-13
2.3133784e-17
-2.3133784e-17
-2.0083843e-26
4.6734942e-17
-2.3601158e-17
7.12843e-17
-2.4549358e-17
9.7290277e-17
-2.6005977e-17
1.2530446e-16
-2.8014187e-17
1.5593952e-16
-3.0635058e-17
1.8989047e-16
-3.3950949e-17
2.2796078e-16
-3.807031e-17
2.7109513e-16
-4.313435e-17
-4.9326287e-17
3.2042142e-16
2.2699025e-17
-4.5832809e-17
-3.1538514e-26
4.5852818e-17
-4.6754951e-17
6.9928945e-17
-4.8625485e-17
9.5421199e-17
-5.1498231e-17
1.2286435e-16
-5.5457338e-17
1.5285101e-16
-6.0621715e-17
1.8605157e-16
-6.7151513e-17
2.2323852e-16
-7.5257263e-17
2.6531672e-16
-8.5212546e-17
-9.7371462e-17
3.133619e-16
2.1841316e-17
-6.7674125e-17
-1.8929081e-26
4.411281e-17
-6.9026445e-17
6.7256201e-17
-7.1768876e-17
9.1736823e-17
-7.5978853e-17
1.1805679e-16
-8.1777303e-17
1.4676988e-16
-8.9334811e-17
1.78499e-16
-9.8880629e-17
2.1395704e-16
-1.107153e-16
2.5397257e-16
-1.2522808e-16
-1.4292079e-16
2.995219e-16
2.0583649e-17
-8.8257774e-17
-3.7102687e-26
4.1562084e-17
-9.000488e-17
6.3339883e-17
-9.3546675e-17
8.634159e-17
-9.898056e-17
1.1102268e-16
-1.064584e-16
1.3788178e-16
-1.1619391e-16
1.6747459e-16
-1.2847344e-16
2.0043028e-16
-1.4367099e-16
2.3747093e-16
-1.6226872e-16
-1.8488487e-16
2.7943501e-16
1.8959409e-17
-1.0721718e-16
-3.9147221e-26
3.8269082e-17
-1.0931455e-16
5.8286964e-17
-1.1356456e-16
7.9386582e-17
-1.2008018e-16
1.0196539e-16
-1.290372e-16
1.2645379e-16
-1.4068231e-16
1.5332507e-16
-1.5534472e-16
1.8310646e-16
-1.7345239e-16
2.1639161e-16
-1.9555387e-16
2.5385449e-16
-2.2234774e-16
3.7730561e-16
-5.6884189e-17
4.4342459e-16
-6.6118985e-17
5.2086455e-16
-7.7439952e-17
6.1225588e-16
-9.1391336e-17
7.2096166e-16
-1.0870577e-16
8.5134534e-16
-1.3038369e-16
1.0091592e-15
-1.5781384e-16
1.2021198e-15
-1.929606e-16
1.4407833e-15
-2.3866352e-16
1.739912e-15
-2.9912868e-16
2.1206876e-15
-3.8077561e-16
2.614387e-15
-4.9369939e-16
3.2689317e-15
-6.5454471e-16
4.160265e-15
-8.9133327e-16
5.4167735e-15
-1.2565085e-15
7.2570868e-15
-1.8403133e-15
1.0121994e-14
-2.864907e-15
1.4735128e-14
-4.613134e-15
2.3306402e-14
-8.5712741e-15
-1.4269269e-14
3.7575671e-14
3.6867053e-16
-1.1219282e-16
4.3282536e-16
-1.3027382e-16
5.0778283e-16
-1.5239743e-16
5.959914e-16
-1.795999e-16
7.005539e-16
-2.1326828e-16
8.2545379e-16
-2.5528358e-16
9.7587483e-16
-3.0823488e-16
1.1586598e-15
-3.7574553e-16
1.3829784e-15
-4.6298215e-16
1.661313e-15
-5.7746328e-16
2.0109312e-15
-7.3039379e-16
2.4560845e-15
-9.3885276e-16
3.0313147e-15
-1.2297748e-15
3.7861046e-15
-1.6461232e-15
4.7912953e-15
-2.2616992e-15
6.1446441e-15
-3.1936622e-15
7.9680198e-15
-4.6882827e-15
1.0382288e-14
-7.0274023e-15
1.3226633e-14
-1.1415619e-14
-1.7263692e-14
1.6221056e-14
3.5176969e-16
-1.6444061e-16
4.1212118e-16
-1.9062531e-16
4.8228994e-16
-2.2256619e-16
5.6438665e-16
-2.6169661e-16
6.6103627e-16
-3.0991789e-16
7.7553355e-16
-3.6978086e-16
9.1204982e-16
-4.4475116e-16
1.0759071e-15
-5.3960276e-16
1.2739365e-15
-6.6101159e-16
1.514934e-15
-8.1846074e-16
1.810198e-15
-1.0256578e-15
2.1740644e-15
-1.3027191e-15
2.6241113e-15
-1.6798218e-15
3.1803133e-15
-2.2023251e-15
3.8602691e-15
-2.941655e-15
4.6681654e-15
-4.0015585e-15
5.547182e-15
-5.5672993e-15
6.3399487e-15
-7.8201691e-15
6.2890248e-15
-1.1364695e-14
-1.567456e-14
4.6998926e-15
3.2730604e-16
-2.1231164e-16
3.8224763e-16
-2.455669e-16
4.4564639e-16
-2.8596495e-16
5.1916421e-16
-3.3521443e-16
6.0480101e-16
-3.9555469e-16
7.0496772e-16
-4.6994758e-16
8.2256629e-16
-5.6234972e-16
9.6106582e-16
-6.7810229e-16
1.1245485e-15
-8.2449424e-16
1.3176653e-15
-1.0115776e-15
1.5453704e-15
-1.2533629e-15
1.8121712e-15
-1.5695199e-15
2.1202883e-15
-1.9879389e-15
2.4657777e-15
-2.5478146e-15
2.8295091e-15
-3.3053864e-15
3.1621273e-15
-4.3341767e-15
3.3399588e-15
-5.7451308e-15
3.1401133e-15
-7.6203235e-15
1.9627845e-15
-1.0187366e-14
-1.3021236e-14
-6.9053958e-16
2.9626482e-16
-2.5472198e-16
3.4450474e-16
-2.9380682e-16
3.9958568e-16
-3.4104589e-16
4.6266346e-16
-3.9829221e-16
5.3504746e-16
-4.6793869e-16
6.1819582e-16
-5.5309593e-16
7.1368149e-16
-6.5783539e-16
8.2310157e-16
-7.8752238e-16
9.4787867e-16
-9.4927134e-16
1.0888627e-15
-1.1525616e-15
1.2455645e-15
-1.4100647e-15
1.4147343e-15
-1.7386896e-15
1.587723e-15
-2.1609276e-15
1.7458993e-15
-2.7059909e-15
1.8519942e-15
-3.4114812e-15
1.8377595e-15
-4.3199421e-15
1.5750888e-15
-5.4824601e-15
8.6703804e-16
-6.9122727e-15
-6.7650271e-16
-8.6438253e-15
-3.3449869e-15
-1.0352752e-14
1.8645454e-15
-5.502121e-14
-2.5038617e-14
-5.4130003e-14
-4.5902797e-14
-4.846796e-14
-6.3497099e-14
-3.7563904e-14
-7.7286145e-14
-2.1737212e-14
-8.5366937e-14
-8.0788965e-16
-8.4788673e-14
2.4560637e-14
-7.141318e-14
5.2920262e-14
7.9120625e-14
-4.3671458e-14
-3.5742836e-15
-3.5225871e-14
-2.1149885e-14
-3.6554401e-14
-3.6385037e-14
-3.3232808e-14
-4.9062695e-14
-2.4886246e-14
-5.8272625e-14
-1.2527282e-14
-6.2527896e-14
3.4473813e-15
-6.0003958e-14
2.2036699e-14
-4.87108e-14
4.1627103e-14
5.8806712e-14
-2.8396887e-14
-6.4667227e-15
-2.4059255e-14
-1.8033017e-14
-2.4988106e-14
-2.8885416e-14
-2.238041e-14
-3.7812134e-14
-1.5959528e-14
-4.3858591e-14
-6.4808247e-15
-4.5915218e-14
5.5040085e-15
-4.288468e-14
1.900616e-14
-3.3872868e-14
3.2615292e-14
4.4068723e-14
-1.9134879e-14
-7.848399e-15
-1.6901396e-14
-1.5676683e-14
-1.7159822e-14
-2.3181694e-14
-1.4875399e-14
-2.9274255e-14
-9.8669667e-15
-3.3117313e-14
-2.6377664e-15
-3.3900544e-14
6.2872394e-15
-3.0963802e-14
1.6069418e-14
-2.3944295e-14
2.5595785e-14
3.3360173e-14
-1.3235745e-14
-8.177453e-15
-1.206893e-14
-1.3544418e-14
-1.1792857e-14
-1.8687437e-14
-9.7323806e-15
-2.2771335e-14
-5.7830687e-15
-2.5136414e-14
-2.7268725e-16
-2.5210189e-14
6.3610143e-15
-2.2598825e-14
1.3458054e-14
-1.7187341e-14
2.0184301e-14
-9.3585139e-15
2.5531346e-14
9.8702325e-14
7.0305438e-14
5.117056e-14
3.7934814e-14
2.85763e-14
1.8149736e-17
-1.2536692e-16
-2.3528342e-26
3.6617386e-17
-1.277822e-16
5.572652e-17
-1.3267369e-16
7.5812075e-17
-1.4016573e-16
9.722615e-17
-1.5045128e-16
1.203439e-16
-1.6380005e-16
1.4556944e-16
-1.8057026e-16
1.7334171e-16
-2.0122466e-16
2.0413982e-16
-2.2635199e-16
-2.5669536e-16
2.3848744e-16
1.5571788e-17
-1.4093871e-16
-3.7291444e-26
3.1396095e-17
-1.4360651e-16
4.7728388e-17
-1.4900598e-16
6.4829899e-17
-1.5726724e-16
8.2970172e-17
-1.6859155e-16
1.0242911e-16
-1.8325899e-16
1.2349821e-16
-2.0163936e-16
1.4648048e-16
-2.2420694e-16
1.7168834e-16
-2.5155984e-16
-2.8444524e-16
1.9943822e-16
1.2725957e-17
-1.5366466e-16
-1.8258278e-26
2.5635987e-17
-1.5651654e-16
3.8914537e-17
-1.6228453e-16
5.2746547e-17
-1.7109925e-16
6.731698e-17
-1.8316198e-16
8.2809399e-17
-1.9875141e-16
9.9403067e-17
-2.1823303e-16
1.1726784e-16
-2.4207171e-16
1.3655581e-16
-2.7084782e-16
-3.052777e-16
1.5738828e-16
9.6851844e-18
-1.6334985e-16
-3.0324114e-26
1.9485691e-17
-1.6631704e-16
2.9514949e-17
-1.7231379e-16
3.9882238e-17
-1.8146654e-16
5.0689637e-17
-1.9396938e-16
6.2027715e-17
-2.1008948e-16
7.3969287e-17
-2.301746e-16
8.6560429e-17
-2.5466285e-16
9.9807569e-17
-2.8409496e-16
-3.1912923e-16
1.1365909e-16
6.5231505e-18
-1.69873e-16
1.1481033e-26
1.3095015e-17
-1.7288891e-16
1.9760553e-17
-1.7897933e-16
2.6556788e-17
-1.8826278e-16
3.3507733e-17
-2.0092033e-16
4.0617873e-17
-2.1719962e-16
4.7863532e-17
-2.3742026e-16
5.5181255e-17
-2.6198057e-16
6.2452083e-17
-2.9136579e-16
-3.2615736e-16
6.9480217e-17
3.311032e-18
-1.7318403e-16
1.3776718e-26
6.6083024e-18
-1.7618618e-16
9.872899e-18
-1.8224393e-16
1.3075167e-17
-1.9146505e-16
1.6168197e-17
-2.0401336e-16
1.9079851e-17
-2.2011128e-16
2.1702669e-17
-2.4004308e-16
2.3880866e-17
-2.6415877e-16
2.5393391e-17
-2.9287831e-16
-3.2669576e-16
2.5931788e-17
1.1526003e-19
-1.7329929e-16
1.2263844e-26
1.5989456e-19
-1.7623081e-16
5.7212665e-20
-1.8214124e-16
-2.8202877e-19
-1.911258e-16
-9.669829e-19
-2.033284e-16
-2.1354397e-18
-2.1894282e-16
-3.964502e-18
-2.3821402e-16
-6.683898e-18
-2.6143937e-16
-1.0592756e-17
-2.8896945e-16
-1.6080829e-17
-3.2120768e-16
2.769551e-16
-2.9318963e-16
3.2015866e-16
-3.3701039e-16
3.6875096e-16
-3.8963818e-16
4.2340153e-16
-4.5294278e-16
4.847563e-16
-5.2929347e-16
5.533634e-16
-6.2170302e-16
6.295425e-16
-7.3401449e-16
7.1316081e-16
-8.7114069e-16
8.0325476e-16
-1.0393653e-15
8.9739976e-16
-1.2467066e-15
9.906684e-16
-1.5033333e-15
1.0739395e-15
-1.8219608e-15
1.1311551e-15
-2.2181432e-15
1.1351257e-15
-2.7099615e-15
1.0407885e-15
-3.317144e-15
7.7705862e-16
-4.0562122e-15
2.3153363e-16
-4.9369351e-15
-7.4764713e-16
-5.933092e-15
-2.3950599e-15
-6.9964125e-15
-7.8927861e-15
-4.8550254e-15
2.3004023e-16
-3.2379165e-16
2.6378009e-16
-3.7075024e-16
3.0088909e-16
-4.2674718e-16
3.4149584e-16
-4.9354953e-16
3.8554979e-16
-5.7334743e-16
4.3270174e-16
-6.6885497e-16
4.8211838e-16
-7.8343113e-16
5.3219665e-16
-9.2121896e-16
5.8012637e-16
-1.087295e-15
6.2122659e-16
-1.2878069e-15
6.4794803e-16
-1.5300548e-15
6.4840503e-16
-1.8224178e-15
6.0424569e-16
-2.1739839e-15
4.8777045e-16
-2.5934862e-15
2.5800464e-16
-3.0873782e-15
-1.4301958e-16
-3.655188e-15
-7.954794e-16
-4.2844753e-15
-1.7949669e-15
-4.9336045e-15
-3.2587083e-15
-5.5326712e-15
-5.9169369e-15
-5.2345575e-15
1.7983576e-16
-3.4623913e-16
2.0388815e-16
-3.9480263e-16
2.2941028e-16
-4.5226931e-16
2.5607663e-16
-5.2021588e-16
2.8327564e-16
-6.0054643e-16
3.0997032e-16
-6.9554965e-16
3.3449629e-16
-8.079571e-16
3.5427088e-16
-9.4099355e-16
3.6537796e-16
-1.0984021e-15
3.6198303e-16
-1.2844119e-15
3.3552368e-16
-1.5035954e-15
2.7362479e-16
-1.7605189e-15
1.5869716e-16
-2.0590562e-15
-3.3694497e-17
-2.4010946e-15
-3.3659623e-16
-2.7844765e-15
-7.9250796e-16
-3.1992763e-15
-1.4534456e-15
-3.6235376e-15
-2.3732682e-15
-4.0137819e-15
-3.6021428e-15
-4.3037965e-15
-4.3798357e-15
-5.139244e-15
1.2797928e-16
-3.6055932e-16
1.4251157e-16
-4.0933492e-16
1.5682698e-16
-4.6658472e-16
1.7025206e-16
-5.3364096e-16
1.8176867e-16
-6.1206305e-16
1.8987538e-16
-7.0365636e-16
1.9239716e-16
-8.1047888e-16
1.8622694e-16
-9.3482332e-16
1.6697952e-16
-1.0791547e-15
1.2853851e-16
-1.2459709e-15
6.2481381e-17
-1.4375383e-15
-4.2611318e-17
-1.6554262e-15
-2.0192191e-16
-1.8997456e-15
-4.3508338e-16
-2.1679331e-15
-7.6656428e-16
-2.4529956e-15
-1.2249904e-15
-2.7408502e-15
-1.8411296e-15
-3.0073984e-15
-2.6411956e-15
-3.213716e-15
-3.6394908e-15
-3.3055013e-15
-3.2054458e-15
-4.8138807e-15
7.5964119e-17
-3.6704322e-16
8.1457456e-17
-4.1482825e-16
8.5316511e-17
-4.7044377e-16
8.6629713e-17
-5.3495416e-16
8.4123821e-17
-6.0955715e-16
7.6040126e-17
-6.9557266e-16
5.9973055e-17
-7.9441181e-16
3.2663351e-17
-9.0751362e-16
-1.0260549e-17
-1.0362308e-15
-7.4594095e-17
-1.1816374e-15
-1.6791097e-16
-1.3442214e-15
-2.9992558e-16
-1.5234116e-15
-4.8279101e-16
-1.7168802e-15
-7.3117761e-16
-1.9195465e-15
-1.0619117e-15
-2.1222615e-15
-1.4926835e-15
-2.3100784e-15
-2.039556e-15
-2.4605259e-15
-2.7117928e-15
-2.5414791e-15
-3.5057975e-15
-2.5114967e-15
-2.318802e-15
-4.3924413e-15
2.5071261e-17
-3.661827e-16
2.2232932e-17
-4.1198992e-16
1.6634866e-17
-4.6484571e-16
7.2289672e-18
-5.2554826e-16
-7.3795262e-18
-5.9494866e-16
-2.9033312e-17
-6.7391888e-16
-6.0147978e-17
-7.6329714e-16
-1.0386191e-16
-8.6379969e-16
-1.6420878e-16
-9.758839e-16
-2.4630306e-16
-1.0995431e-15
-3.5651634e-16
-1.2340081e-15
-5.0260089e-16
-1.377327e-15
-6.9368588e-16
-1.5257952e-15
-9.4001943e-16
-1.673213e-15
-1.2522886e-15
-1.8099923e-15
-1.6402296e-15
-1.9221375e-15
-2.1103684e-15
-1.990387e-15
-2.6623134e-15
-1.9895342e-15
-3.2845163e-15
-1.8892938e-15
-1.655516e-15
-3.9478023e-15
-2.3655351e-17
-3.5860818e-16
-3.3974876e-17
-4.016704e-16
-4.7891615e-17
-4.5092897e-16
-6.6503835e-17
-5.0693604e-16
-9.1219715e-17
-5.7023278e-16
-1.2383347e-16
-6.4130512e-16
-1.6661332e-16
-7.2051729e-16
-2.2239832e-16
-8.0801469e-16
-2.9469691e-16
-9.0358532e-16
-3.8777287e-16
-1.0064671e-15
-5.0669358e-16
-1.1150874e-15
-6.5729917e-16
-1.2267214e-15
-8.4603056e-16
-1.3370638e-15
-1.079525e-15
-1.4397185e-15
-1.3638692e-15
-1.5256481e-15
-1.70336e-15
-1.5826466e-15
-2.0987084e-15
-1.5950386e-15
-2.54452e-15
-1.5437226e-15
-3.0265892e-15
-1.4072246e-15
-3.5186908e-15
-1.1634144e-15
-8.4568398e-15
-8.4671154e-15
-1.2388475e-14
-7.8612211e-15
-1.6082748e-14
-6.0381081e-15
-1.8914625e-14
-2.9511919e-15
-2.0369203e-14
1.1818913e-15
-2.0031269e-14
6.0230802e-15
-1.7656816e-14
1.1083601e-14
-1.3241892e-14
1.5769378e-14
1.9418341e-14
-7.1288874e-15
-7.7707675e-15
-5.9309054e-15
-1.0450417e-14
-5.1815715e-15
-1.2888646e-14
-3.5998787e-15
-1.4664393e-14
-1.175445e-15
-1.5421258e-14
1.9387561e-15
-1.4887599e-14
5.4894214e-15
-1.2926937e-14
9.1229384e-15
-9.5804549e-15
1.2422896e-14
1.4950998e-14
-5.113112e-15
-6.9450325e-15
-4.1251169e-15
-8.7772563e-15
-3.3493478e-15
-1.0375594e-14
-2.0015409e-15
-1.1459403e-14
-9.1635936e-17
-1.1788341e-14
2.2676943e-15
-1.1188082e-14
4.8891624e-15
-9.5849459e-15
7.5198018e-15
-7.0317846e-15
9.8697344e-15
1.164623e-14
-3.7270161e-15
-6.1044413e-15
-2.8345563e-15
-7.3568338e-15
-2.0969553e-15
-8.3941055e-15
-9.6426915e-16
-9.0294754e-15
5.4373397e-16
-9.1033935e-15
2.3416123e-15
-8.5057731e-15
4.291542e-15
-7.1992392e-15
6.2132679e-15
-5.2347332e-15
7.9052284e-15
9.1701303e-15
-2.7586336e-15
-5.3142163e-15
-1.9127813e-15
-6.1666646e-15
-1.2445071e-15
-6.8287208e-15
-3.0221288e-16
-7.1758839e-15
8.9089703e-16
-7.1033083e-15
2.2690367e-15
-6.5425664e-15
3.7308002e-15
-5.4769694e-15
5.1476708e-15
-3.9508832e-15
6.3791422e-15
7.291001e-15
-2.0717538e-15
-4.6035653e-15
-1.2570183e-15
-5.1786465e-15
-6.6942576e-16
-5.5896873e-15
1.0882786e-16
-5.753476e-15
1.0546858e-15
-5.6016005e-15
2.1171613e-15
-5.0922794e-15
3.2214791e-15
-4.2203136e-15
4.275705e-15
-3.0225854e-15
5.1814141e-15
5.8464413e-15
-1.5780258e-15
-3.9818765e-15
-7.9383266e-16
-4.3639517e-15
-2.8735048e-16
-4.6071998e-15
3.5207594e-16
-4.655852e-15
1.1033379e-15
-4.4655288e-15
1.9268381e-15
-4.0113027e-15
2.767253e-15
-3.2940922e-15
3.5584944e-15
-2.3438602e-15
4.2311821e-15
-1.2188493e-15
4.7214304e-15
2.1447413e-14
1.6334301e-14
1.2607285e-14
9.8486511e-15
7.7768973e-15
6.1988715e-15
4.9800221e-15
-2.7910123e-18
-1.7050828e-16
1.4670907e-27
-5.6960928e-18
-1.7332573e-16
-8.8355162e-18
-1.7900182e-16
-1.2342327e-17
-1.8761899e-16
-1.6369636e-17
-1.9930109e-16
-2.1099058e-17
-2.142134e-16
-2.6750739e-17
-2.3256233e-16
-3.3595511e-17
-2.545946e-16
-4.1969742e-17
-2.8059522e-16
-3.1088386e-16
-5.2293563e-17
-5.5097338e-18
-1.6499854e-16
3.3780136e-27
-1.1173107e-17
-1.6766236e-16
-1.7150033e-17
-1.7302489e-16
-2.3613276e-17
-1.8115575e-16
-3.0755627e-17
-1.9215874e-16
-3.879802e-17
-2.0617101e-16
-4.7998928e-17
-2.2336143e-16
-5.866542e-17
-2.4392811e-16
-7.1166286e-17
-2.6809436e-16
-2.9610252e-16
-8.5947634e-17
-8.079014e-18
-1.5691953e-16
-1.1081451e-26
-1.6345117e-17
-1.5939626e-16
-2.4991453e-17
-1.6437856e-16
-3.4223504e-17
-1.719237e-16
-4.4265841e-17
-1.8211641e-16
-5.5369572e-17
-1.9506727e-16
-6.7820746e-17
-2.1091025e-16
-8.194994e-17
-2.2979892e-16
-9.8143263e-17
-2.5190103e-16
-2.7739081e-16
-1.1685497e-16
-1.0466661e-17
-1.4645287e-16
-1.5461439e-26
-2.1147975e-17
-1.4871494e-16
-3.2264204e-17
-1.5326233e-16
-4.4046993e-17
-1.6014091e-16
-5.6745459e-17
-1.6941794e-16
-7.0632745e-17
-1.8117999e-16
-8.6013201e-17
-1.955298e-16
-1.0323028e-16
-2.1258183e-16
-1.2267528e-16
-2.3245604e-16
-2.5526923e-16
-1.4479686e-16
-1.2646383e-17
-1.3380649e-16
-1.9229396e-26
-2.5529544e-17
-1.3583178e-16
-3.8891273e-17
-1.399006e-16
-5.2983485e-17
-1.460487e-16
-6.8073498e-17
-1.5432793e-16
-8.4449568e-17
-1.6480392e-16
-1.0242673e-16
-1.7755264e-16
-1.2235294e-16
-1.9265562e-16
-1.4461554e-16
-2.1019344e-16
-2.3023693e-16
-1.6964784e-16
-1.4597139e-17
-1.1920935e-16
-2.6459962e-26
-2.9448333e-17
-1.2098059e-16
-4.4811971e-17
-1.2453696e-16
-6.0955136e-17
-1.2990553e-16
-7.8158018e-17
-1.3712505e-16
-9.6718373e-17
-1.4624356e-16
-1.1695601e-16
-1.5731499e-16
-1.3921727e-16
-1.7039437e-16
-1.6387925e-16
-1.8553145e-16
-2.0276238e-16
-1.913538e-16
-1.6302466e-17
-1.0290688e-16
-1.1745647e-26
-3.2872102e-17
-1.0441095e-16
-4.9979707e-17
-1.0742936e-16
-6.7903308e-17
-1.1198193e-16
-8.6931699e-17
-1.1809666e-16
-1.0736786e-16
-1.258074e-16
-1.2953216e-16
-1.3515069e-16
-1.5376525e-16
-1.4616127e-16
-1.8043043e-16
-1.5886627e-16
-1.7327766e-16
-2.0991516e-16
-1.7750356e-17
-8.5156523e-17
-1.0610412e-26
-3.5777478e-17
-8.6383831e-17
-5.4361125e-17
-8.884571e-17
-7.3786853e-17
-9.2556202e-17
-9.4348769e-17
-9.753474e-17
-1.1635198e-16
-1.0380419e-16
-1.4011468e-16
-1.11388e-16
-1.6596961e-16
-1.2030634e-16
-1.942648e-16
-1.3057109e-16
-2.2536309e-16
-1.4217937e-16
-6.5093199e-17
-3.4580854e-16
-8.1028141e-17
-3.8573546e-16
-1.0092388e-16
-4.3103323e-16
-1.2581064e-16
-4.8204928e-16
-1.5696824e-16
-5.3907518e-16
-1.959761e-16
-6.0229726e-16
-2.4476616e-16
-6.7172723e-16
-3.0567389e-16
-7.4710695e-16
-3.8147871e-16
-8.277805e-16
-4.7541964e-16
-9.125262e-16
-5.9116418e-16
-9.9934289e-16
-7.3269805e-16
-1.0851876e-15
-9.0409179e-16
-1.1656701e-15
-1.1090872e-15
-1.2347231e-15
-1.350443e-15
-1.2842923e-15
-1.6289742e-15
-1.3041154e-15
-1.9422831e-15
-1.2817297e-15
-2.2831792e-15
-1.2028266e-15
-2.6381217e-15
-1.0522821e-15
-8.1576726e-16
-2.9857688e-15
-1.0355135e-16
-3.2820483e-16
-1.2463671e-16
-3.6465009e-16
-1.5000535e-16
-4.056646e-16
-1.8062915e-16
-4.5142548e-16
-2.1768054e-16
-5.0202379e-16
-2.6256311e-16
-5.5741468e-16
-3.1693948e-16
-6.1735086e-16
-3.8275078e-16
-6.8129566e-16
-4.6221922e-16
-7.4831205e-16
-5.5782095e-16
-8.1692447e-16
-6.7221093e-16
-8.8495291e-16
-8.080758e-16
-9.493227e-16
-9.6788457e-16
-1.0058613e-15
-1.1535032e-15
-1.0491045e-15
-1.3656427e-15
-1.0721528e-15
-1.6031207e-15
-1.0666374e-15
-1.8619609e-15
-1.0228895e-15
-2.1343872e-15
-9.3040023e-16
-2.4079368e-15
-7.7873257e-16
-5.5885031e-16
-2.6648537e-15
-1.386218e-16
-3.0643799e-16
-1.6407899e-16
-3.391929e-16
-1.9397766e-16
-3.7576593e-16
-2.2920294e-16
-4.1620019e-16
-2.7079146e-16
-4.6043527e-16
-3.1994599e-16
-5.0826016e-16
-3.7804377e-16
-5.5925308e-16
-4.4663312e-16
-6.127063e-16
-5.2741082e-16
-6.6753436e-16
-6.2216959e-16
-7.221657e-16
-7.3270228e-16
-7.7442022e-16
-8.6064577e-16
-8.2137922e-16
-1.0072463e-15
-8.592608e-16
-1.1730283e-15
-8.833225e-16
-1.3573562e-15
-8.878249e-16
-1.5578922e-15
-8.6610135e-16
-1.7699861e-15
-8.1079557e-16
-1.9860637e-15
-7.1432264e-16
-2.1951685e-15
-5.6962773e-16
-3.7121853e-16
-2.3828003e-15
-1.7011134e-16
-2.8112351e-16
-1.9921344e-16
-3.100908e-16
-2.3278686e-16
-3.4219252e-16
-2.7161389e-16
-3.7737316e-16
-3.1658245e-16
-4.1546671e-16
-3.6868827e-16
-4.5615434e-16
-4.2902891e-16
-4.9891244e-16
-4.9878499e-16
-5.4295022e-16
-5.7918245e-16
-5.8713689e-16
-6.7142787e-16
-6.2992028e-16
-7.7660732e-16
-6.6924077e-16
-8.9553834e-16
-7.024482e-16
-1.0285649e-15
-7.2623427e-16
-1.1752882e-15
-7.3659915e-16
-1.3342348e-15
-7.2887834e-16
-1.502474e-15
-6.9786208e-16
-1.6752236e-15
-6.3804601e-16
-1.8455016e-15
-5.4404465e-16
-2.0039314e-15
-4.1119789e-16
-2.3634549e-16
-2.1388045e-15
-1.9793563e-16
-2.5283572e-16
-2.300232e-16
-2.7800324e-16
-2.6651813e-16
-3.0569759e-16
-3.0809387e-16
-3.3579742e-16
-3.5548859e-16
-3.6807199e-16
-4.0949817e-16
-4.0214476e-16
-4.7096044e-16
-4.3745017e-16
-5.4072707e-16
-4.7318359e-16
-6.1961819e-16
-5.0824577e-16
-7.0835443e-16
-5.4118405e-16
-8.0746015e-16
-5.7013505e-16
-9.1713221e-16
-5.9277614e-16
-1.0370698e-15
-6.0629664e-16
-1.1662654e-15
-6.0740363e-16
-1.3027621e-15
-5.9238157e-16
-1.4433966e-15
-5.5722758e-16
-1.5835574e-15
-4.9788529e-16
-1.7170088e-15
-4.1059324e-16
-1.8358511e-15
-2.9235559e-16
-1.4151019e-16
-1.9306864e-15
-2.2209062e-16
-2.2209889e-16
-2.5657931e-16
-2.4351455e-16
-2.9534932e-16
-2.6692758e-16
-3.3896705e-16
-2.9217969e-16
-3.8802856e-16
-3.1901048e-16
-4.4314614e-16
-3.4702718e-16
-5.0492646e-16
-3.7566985e-16
-5.7393744e-16
-4.0417261e-16
-6.5066055e-16
-4.3152266e-16
-7.3542508e-16
-4.5641951e-16
-8.2832097e-16
-4.7723916e-16
-9.2908758e-16
-4.9200953e-16
-1.0369782e-15
-4.9840605e-16
-1.1506029e-15
-4.9377886e-16
-1.2677596e-15
-4.7522489e-16
-1.3852681e-15
-4.3971911e-16
-1.4988359e-15
-3.8431747e-16
-1.602991e-15
-3.064382e-16
-1.691128e-15
-2.0421859e-16
-7.6924531e-17
-1.7557136e-15
-2.4263144e-16
-1.893826e-16
-2.790145e-16
-2.0713149e-16
-3.1951894e-16
-2.2642313e-16
-3.6461171e-16
-2.4708693e-16
-4.1476035e-16
-2.6886184e-16
-4.7041548e-16
-2.9137205e-16
-5.3198539e-16
-3.1409993e-16
-5.9980105e-16
-3.3635696e-16
-6.7406932e-16
-3.5725439e-16
-7.5481247e-16
-3.7567636e-16
-8.4179254e-16
-3.902591e-16
-9.3442025e-16
-3.9938181e-16
-1.0316504e-15
-4.0117594e-16
-1.1318679e-15
-3.9356127e-16
-1.2327752e-15
-3.7431762e-16
-1.3312932e-15
-3.4120118e-16
-1.423499e-15
-2.921116e-16
-1.5046261e-15
-2.2531113e-16
-1.5691555e-15
-1.396892e-16
-3.5052691e-17
-1.6110273e-15
-2.5964022e-16
-1.5510547e-16
-2.9748087e-16
-1.6929084e-16
-3.3927194e-16
-1.8463206e-16
-3.8539245e-16
-2.0096642e-16
-4.3619889e-16
-2.180554e-16
-4.9200509e-16
-2.3556585e-16
-5.5305529e-16
-2.5304973e-16
-6.1948918e-16
-2.6992307e-16
-6.9129778e-16
-2.8544579e-16
-7.6826942e-16
-2.9870472e-16
-8.499257e-16
-3.0860282e-16
-9.3544858e-16
-3.1385893e-16
-1.0236015e-15
-3.1302306e-16
-1.1126497e-15
-3.0451298e-16
-1.2002894e-15
-2.86678e-16
-1.2835955e-15
-2.5789501e-16
-1.3590075e-15
-2.1669959e-16
-1.422368e-15
-1.6195063e-16
-1.4690359e-15
-9.3021355e-17
-1.4940878e-15
-1.0000772e-17
-3.2969612e-15
-4.8264022e-16
-3.5355683e-15
-4.8743409e-17
-3.6629764e-15
4.7948402e-16
-3.6431219e-15
1.0834834e-15
-3.4484261e-15
1.7321423e-15
-3.0649866e-15
2.3838135e-15
-2.4965052e-15
2.990013e-15
-1.7660512e-15
3.5007281e-15
3.8705488e-15
-9.1516953e-16
-2.8824104e-15
-2.6508352e-16
-3.0340577e-15
1.0290388e-16
-3.0924067e-15
5.3783296e-16
-3.0327765e-15
1.0238533e-15
-2.8371778e-15
1.5365436e-15
-2.497811e-15
2.0444467e-15
-2.0196034e-15
2.5118054e-15
-1.4212087e-15
2.9023334e-15
3.1834932e-15
-7.341532e-16
-2.5313751e-15
-1.1650875e-16
-2.6213228e-15
1.9285158e-16
-2.6331662e-15
5.4967637e-16
-2.5500184e-15
9.4070546e-16
-2.3602768e-15
1.346802e-15
-2.0599694e-15
1.7441394e-15
-1.6543828e-15
2.1062187e-15
-1.1586029e-15
2.4065535e-15
2.621659e-15
-5.9676858e-16
-2.2365674e-15
-1.8745875e-17
-2.2827605e-15
2.3904476e-16
-2.2635084e-15
5.3042429e-16
-2.1672813e-15
8.4447836e-16
-1.9867296e-15
1.1662503e-15
-1.7202528e-15
1.4776626e-15
-1.3730372e-15
1.7590031e-15
-9.5732398e-16
1.9908403e-15
2.1561194e-15
-4.9178447e-16
-1.9910772e-15
4.1644953e-17
-2.0063124e-15
2.5427998e-16
-1.9664929e-15
4.9060482e-16
-1.86378e-15
7.4176545e-16
-1.6936519e-15
9.9612219e-16
-1.4559524e-15
1.239963e-15
-1.1555459e-15
1.4585966e-15
-8.0242764e-16
1.6377221e-15
1.7649017e-15
-4.1120987e-16
-1.7886935e-15
7.4624842e-17
-1.7821039e-15
2.4769039e-16
-1.728872e-15
4.3737288e-16
-1.6237054e-15
6.3659891e-16
-1.4639592e-15
8.3637599e-16
-1.2503363e-15
1.0263401e-15
-9.8729708e-16
1.1955574e-15
-6.8307782e-16
1.3335028e-15
1.4310972e-15
-3.4927336e-16
-1.6239911e-15
8.7588655e-17
-1.6020911e-15
2.257904e-16
-1.5402621e-15
3.7554385e-16
-1.434969e-15
5.3130578e-16
-1.284809e-15
6.8621604e-16
-1.0909811e-15
8.3251212e-16
-8.5753634e-16
9.6211264e-16
-5.913475e-16
1.067314e-15
1.1415178e-15
-3.0176809e-16
-1.4926166e-15
8.6117468e-17
-1.4601176e-15
1.9329139e-16
-1.3929388e-15
3.0836505e-16
-1.2887475e-15
4.2711447e-16
-1.1469542e-15
5.4442276e-16
-9.6902886e-16
6.5458676e-16
-7.5865103e-16
7.5173481e-16
-5.2165294e-16
8.3031587e-16
-2.6573936e-16
8.8560422e-16
4.0648526e-15
3.3306994e-15
2.7339308e-15
2.2421464e-15
1.8309365e-15
1.4816631e-15
1.179895e-15
9.1415568e-16
-6.0516059e-18
-7.9104917e-17
-1.2195086e-17
-8.0240351e-17
-1.8523146e-17
-8.251765e-17
-2.513013e-17
-8.5949218e-17
-3.2112749e-17
-9.0552121e-17
-3.957071e-17
-9.6346229e-17
-4.7607182e-17
-1.0335153e-16
-5.632903e-17
-1.1158449e-16
-6.5846758e-17
-1.2105336e-16
-7.6274016e-17
-1.3175211e-16
-8.7726585e-17
-1.436529e-16
-1.0032064e-16
-1.5669679e-16
-1.1417009e-16
-1.707826e-16
-1.2938284e-16
-1.8575367e-16
-1.4605557e-16
-2.0138268e-16
-1.6426681e-16
-2.1735461e-16
-1.8406809e-16
-2.3324845e-16
-2.0547269e-16
-2.4851847e-16
-2.2844195e-16
-2.6247654e-16
-2.5286894e-16
-2.7427773e-16
-2.7855981e-16
-2.8291194e-16
-3.0521322e-16
-2.8720552e-16
-3.3239899e-16
-2.8583729e-16
-3.5953781e-16
-2.7737416e-16
-3.8588451e-16
-2.603313e-16
-4.1051841e-16
-2.3326111e-16
-4.3234511e-16
-1.9487288e-16
-4.5011449e-16
-1.4418126e-16
-4.6245938e-16
-8.0676466e-17
-4.6795845e-16
-4.5016996e-18
-4.6522419e-16
8.3383201e-17
-4.5301279e-16
1.8107999e-16
-4.3034866e-16
2.8570092e-16
-3.9665048e-16
3.9341629e-16
-3.5184321e-16
4.9961549e-16
-2.9643898e-16
5.9918254e-16
-2.3157202e-16
6.8686784e-16
-1.5897703e-16
7.5772088e-16
-8.0907737e-17
8.0753493e-16
8.3324794e-16
-1.8853251e-17
-6.0251666e-17
2.5252909e-26
-3.7986048e-17
-6.1107554e-17
-5.7680029e-17
-6.2823669e-17
-7.822102e-17
-6.5408227e-17
-9.9900776e-17
-6.8872365e-17
-1.2301837e-16
-7.3228636e-17
-1.47881e-16
-7.8488894e-17
-1.7480404e-16
-8.4661445e-17
-2.0411004e-16
-9.1747364e-17
-9.9735833e-17
-2.3612632e-16
-1.9643438e-17
-4.0608228e-17
-1.9529893e-26
-3.9570246e-17
-4.1180746e-17
-6.0065495e-17
-4.232842e-17
-8.1417514e-17
-4.4056208e-17
-1.0391916e-16
-4.6370721e-17
-1.2786861e-16
-4.9279187e-17
-1.5356952e-16
-5.2787983e-17
-1.8133028e-16
-5.6900686e-17
-2.1146209e-16
-6.1615554e-17
-6.6922347e-17
-2.4427557e-16
-2.0171779e-17
-2.043645e-17
1.1611385e-26
-4.0629269e-17
-2.0723255e-17
-6.165958e-17
-2.1298109e-17
-8.3552457e-17
-2.216333e-17
-1.066012e-16
-2.3321977e-17
-1.3110307e-16
-2.4777314e-17
-1.5735899e-16
-2.6532067e-17
-1.8567225e-16
-2.8587429e-17
-2.1634602e-16
-3.0941783e-17
-3.3589099e-17
-2.4967927e-16
-2.043645e-17
2.6922351e-26
-4.1159705e-17
-6.2457814e-17
-8.4621144e-17
-1.0794312e-16
-1.3272044e-16
-1.592525e-16
-1.8783993e-16
-2.1878171e-16
-2.5237081e-16
-2.7118087e-16
-1.0859835e-16
-3.0959597e-16
-1.1828169e-16
-3.5167906e-16
-1.2869951e-16
-3.9771016e-16
-1.3972257e-16
-4.4792523e-16
-1.511676e-16
-5.0249474e-16
-1.627851e-16
-5.6149676e-16
-1.7424644e-16
-6.2488406e-16
-1.8513116e-16
-6.9244509e-16
-1.9491552e-16
-7.6375891e-16
-2.0296391e-16
-8.3814535e-16
-2.085255e-16
-9.1461227e-16
-2.1073859e-16
-9.9180363e-16
-2.0864593e-16
-1.0679535e-15
-2.0122432e-16
-1.1408531e-15
-1.8743166e-16
-1.2078407e-15
-1.6627353e-16
-1.2658235e-15
-1.3689004e-16
-1.3113443e-15
-9.8660462e-17
-1.340701e-15
-5.1319805e-17
4.9231333e-18
-1.3501258e-15
-2.800755e-16
-7.2798424e-17
-3.1915318e-16
-7.9204011e-17
-3.6177607e-16
-8.6076617e-17
-4.0817407e-16
-9.3324567e-17
-4.5852193e-16
-1.0081975e-16
-5.1291726e-16
-1.0838976e-16
-5.7135398e-16
-1.1580972e-16
-6.3369068e-16
-1.2279446e-16
-6.9961448e-16
-1.2899172e-16
-7.6860085e-16
-1.3397753e-16
-8.3987109e-16
-1.3725527e-16
-9.123497e-16
-1.3825998e-16
-9.8462554e-16
-1.3637009e-16
-1.0549215e-15
-1.3092835e-16
-1.1210793e-15
-1.2127383e-16
-1.1805667e-15
-1.0678621e-16
-1.2305147e-15
-8.6941981e-17
-1.2677942e-15
-6.1381011e-17
-1.2891349e-15
-2.9979102e-17
7.0801614e-18
-1.2912919e-15
-2.8596073e-16
-3.651696e-17
-3.2546055e-16
-3.9704194e-17
-3.6841908e-16
-4.3118086e-17
-4.1503248e-16
-4.6711167e-17
-4.6543459e-16
-5.0417636e-17
-5.1967483e-16
-5.4149516e-17
-5.7769184e-16
-5.7792715e-17
-6.3928302e-16
-6.1203285e-17
-7.0407045e-16
-6.4204286e-17
-7.7146417e-16
-6.6583814e-17
-8.4062455e-16
-6.8094887e-17
-9.1042649e-16
-6.8458046e-17
-9.7942899e-16
-6.7367594e-17
-1.0458549e-15
-6.4502414e-17
-1.1075866e-15
-5.9542155e-17
-1.1621836e-15
-5.2189218e-17
-1.2069292e-15
-4.2196399e-17
-1.238911e-15
-2.9399153e-17
-1.2551398e-15
-1.3750372e-17
4.6456831e-18
-1.2527053e-15
-2.8888777e-16
-3.2859197e-16
-3.7171005e-16
-4.1842122e-16
-4.6883886e-16
-5.2298837e-16
-5.8078109e-16
-6.4198437e-16
-7.0618866e-16
-7.7277247e-16
-8.4086736e-16
-9.093254e-16
-9.76693e-16
-1.0411954e-15
-1.1007376e-15
-1.1529268e-15
-1.1951232e-15
-1.2245223e-15
-1.2382727e-15
-1.233627e-15
-1.3360236e-15
6.9280956e-17
-1.295258e-15
1.403144e-16
-1.2254662e-15
2.1590913e-16
-1.1253691e-15
2.933192e-16
-9.9503953e-16
3.6928591e-16
-8.3608806e-16
4.4023107e-16
-6.5173202e-16
5.025118e-16
-4.4672424e-16
5.527131e-16
5.8794572e-16
-2.2713502e-16
-1.2712544e-15
4.9243501e-17
-1.226487e-15
9.5546984e-17
-1.1551849e-15
1.4460697e-16
-1.0565179e-15
1.9465226e-16
-9.3083411e-16
2.436021e-16
-7.7979193e-16
2.8918889e-16
-6.0639728e-16
3.2911716e-16
-4.1492854e-16
3.6124436e-16
3.8376359e-16
-2.1074641e-16
-1.2289665e-15
2.5504685e-17
-1.1817635e-15
4.8343979e-17
-1.1096363e-15
7.2479809e-17
-1.0120283e-15
9.7044229e-17
-8.8944986e-16
1.2102369e-16
-7.4357954e-16
1.4331856e-16
-5.7728191e-16
1.6281953e-16
-3.9453142e-16
1.7849386e-16
1.8947232e-16
-2.0024015e-16
-1.2081223e-15
-1.1597784e-15
-1.0872986e-15
-9.9025432e-16
-8.6923063e-16
-7.2591207e-16
-5.6309254e-16
-3.8459868e-16
-1.9512636e-16
6.0611292e-16
3.953665e-16
1.9512636e-16
-4.4642331e-13
4.7947821e-13
-3.3054901e-14
-4.042055e-13
-4.2217801e-14
-3.5489965e-13
-4.9305881e-14
-3.0125822e-13
-5.3641433e-14
-2.4605244e-13
-5.5205767e-14
-1.9158984e-13
-5.4462621e-14
-1.3945293e-13
-5.2136915e-14
-9.0412291e-14
-4.9040644e-14
-4.4356535e-14
-4.6055758e-14
-4.4356312e-14
-5.2063923e-13
5.2769465e-13
-7.0554171e-15
-5.1724159e-13
-3.397633e-15
-5.1590247e-13
-1.3391059e-15
-5.1564621e-13
-2.5628648e-16
-5.1591032e-13
2.641145e-16
-5.1639939e-13
4.8906217e-16
-5.1699332e-13
5.9391877e-16
-5.1766638e-13
6.7306774e-16
-5.1845289e-13
7.8650338e-16
-5.1941794e-13
9.650664e-16
-5.2063068e-13
1.2127402e-15
-5.2212969e-13
1.4989942e-15
-5.2387025e-13
1.7405587e-15
-5.2564419e-13
1.7739519e-15
-5.2697182e-13
1.3276327e-15
-5.269791e-13
7.2607078e-18
-5.242548e-13
-2.7242954e-15
-5.1688364e-13
-7.3711604e-15
-5.0263271e-13
-1.4250926e-14
-2.3154523e-14
-8.8592261e-13
5.0686932e-13
3.790533e-13
-9.0973077e-13
2.3808157e-14
-8.3653768e-13
-7.3193112e-14
-7.3966854e-13
-9.6869119e-14
-6.5880498e-13
-8.0863558e-14
-6.0135008e-13
-5.7454905e-14
-5.6384128e-13
-3.7508789e-14
-5.4088999e-13
-2.2951307e-14
-1.319534e-14
5.0686932e-13
-1.5750479e-12
-1.4964031e-13
1.6916333e-12
-1.428003e-12
-1.8926278e-13
-1.2570595e-12
-2.2024938e-13
-1.07096e-12
-2.397409e-13
-8.7856665e-13
-2.4759912e-13
-6.8734552e-13
-2.4568374e-13
-5.0255437e-13
-2.3692807e-13
-3.2698424e-13
-2.2461075e-13
-1.6070344e-13
-2.1233657e-13
-2.0505871e-13
-2.4038488e-12
-3.2796493e-13
2.5821734e-12
-2.1788631e-12
-4.1424852e-13
-1.9175061e-12
-4.8160635e-13
-1.6331567e-12
-5.240903e-13
-1.3391129e-12
-5.4164289e-13
-1.0464901e-12
-5.3830657e-13
-7.6334148e-13
-5.2007672e-13
-4.9466542e-13
-4.9328683e-13
-2.4202432e-13
-4.6497769e-13
-4.4708068e-13
-2.9630251e-12
-5.4823003e-13
3.1832902e-12
-2.6814342e-12
-6.9583939e-13
-2.3534288e-12
-8.0961175e-13
-1.9973633e-12
-8.8015582e-13
-1.6306054e-12
-9.0840077e-13
-1.2670756e-12
-9.0183642e-13
-9.1679995e-13
-8.7035236e-13
-5.8712585e-13
-8.2296089e-13
-2.8324067e-13
-7.6886288e-13
-7.303177e-13
-3.278846e-12
3.5225912e-12
-7.9197528e-13
-2.9585047e-12
-1.0161807e-12
-2.5833094e-12
-1.184807e-12
-2.1780938e-12
-1.2853714e-12
-1.7645603e-12
-1.3219342e-12
-1.3585319e-12
-1.3078648e-12
-9.7004003e-13
-1.2588442e-12
-6.0660624e-13
-1.1863947e-12
-2.8155046e-13
-1.0939187e-12
-1.0118643e-12
-1.8775561e-12
-3.4083517e-14
1.9045842e-12
-1.8631807e-12
-1.7773034e-14
-1.8563067e-12
-8.2131066e-15
-1.8536693e-12
-2.8937275e-15
-1.8533038e-12
-1.0138184e-16
-1.8541155e-12
1.3008394e-15
-1.8555486e-12
2.026937e-15
-1.857402e-12
2.5265015e-15
-1.8596778e-12
3.0623173e-15
-1.8624745e-12
3.7617292e-15
-1.8658871e-12
4.6253214e-15
-1.8698839e-12
5.4957849e-15
-1.8741304e-12
5.9870845e-15
-1.8777367e-12
5.3802372e-15
-1.8789164e-12
2.5073841e-15
-1.8746109e-12
-4.2982555e-15
-1.8602068e-12
-1.7128415e-14
-1.8295065e-12
-3.8071475e-14
-1.775428e-12
-6.8329444e-14
-1.0694918e-13
-2.8877473e-12
-6.9369855e-14
2.9230337e-12
-2.8680552e-12
-3.7465177e-14
-2.857914e-12
-1.8354325e-14
-2.8533808e-12
-7.4269032e-15
-2.8520076e-12
-1.474659e-15
-2.8523617e-12
1.6549749e-15
-2.8536882e-12
3.3534214e-15
-2.8556555e-12
4.4937808e-15
-2.8581848e-12
5.5916611e-15
-2.8613136e-12
6.8904761e-15
-2.8650638e-12
8.3756177e-15
-2.8692804e-12
9.7123175e-15
-2.8733988e-12
1.0105554e-14
-2.8761085e-12
8.0898458e-15
-2.8748838e-12
1.282743e-15
-2.8654392e-12
-1.3742833e-14
-2.8411663e-12
-4.1401421e-14
-2.7929888e-12
-8.6248934e-14
-2.7100786e-12
-1.5123966e-13
-2.3485435e-13
-3.5403109e-12
-9.8054474e-14
3.5689955e-12
-3.5239028e-12
-5.3873304e-14
-3.5151501e-12
-2.7106974e-14
-3.5109887e-12
-1.1588318e-14
-3.5094809e-12
-2.9825277e-15
-3.5094684e-12
1.6425482e-15
-3.5103206e-12
4.205589e-15
-3.5117441e-12
5.9173222e-15
-3.5136477e-12
7.4951684e-15
-3.5160334e-12
9.2761837e-15
-3.5188887e-12
1.1230919e-14
-3.5220451e-12
1.2868775e-14
-3.5249635e-12
1.3023864e-14
-3.5263916e-12
9.5179965e-15
-3.5238388e-12
-1.2700798e-15
-3.5128125e-12
-2.4769112e-14
-3.4859011e-12
-6.8312865e-14
-3.4319814e-12
-1.4016858e-13
-3.3363605e-12
-2.4686056e-13
-3.8792466e-13
-3.8465898e-12
3.8571718e-12
-1.0863647e-13
-3.8404277e-12
-6.0035365e-14
-3.83707e-12
-3.0464606e-14
-3.8354238e-12
-1.3234561e-14
-3.8347852e-12
-3.6210947e-15
-3.8347284e-12
1.5857523e-15
-3.8350186e-12
4.495801e-15
-3.8355493e-12
6.4480035e-15
-3.8362945e-12
8.2402726e-15
-3.8372706e-12
1.0252333e-14
-3.8384954e-12
1.2455655e-14
-3.8399211e-12
1.4294558e-14
-3.8413082e-12
1.4410969e-14
-3.8419704e-12
1.0180117e-14
-3.8402836e-12
-2.9568365e-15
-3.8327646e-12
-3.2288182e-14
-3.8126199e-12
-8.8457581e-14
-3.7677563e-12
-1.850321e-13
-3.6792212e-12
-3.3539569e-13
-5.4455464e-13
-4.2996819e-12
-6.1910263e-13
5.2978378e-12
-3.5860471e-12
-6.8982669e-13
-3.034544e-12
-6.2469617e-13
-2.6335548e-12
-4.9785831e-13
-2.3501922e-12
-3.6422612e-13
-2.1572439e-12
-2.5040322e-13
-2.0311285e-12
-1.6362415e-13
-1.9520369e-12
-1.0204295e-13
-6.064807e-14
-5.4016436e-12
-1.2480916e-12
6.0306326e-12
-4.7563088e-12
-1.3351615e-12
-4.2028986e-12
-1.1781063e-12
-3.7702673e-12
-9.3048967e-13
-3.4520499e-12
-6.8244347e-13
-3.2290566e-12
-4.7339657e-13
-3.0793228e-12
-3.1335789e-13
-2.9827682e-12
-1.9859755e-13
-1.2038261e-13
-5.5841514e-12
-1.7977095e-12
6.1337693e-12
-5.0204046e-12
-1.8989083e-12
-4.5666066e-12
-1.6319044e-12
-4.2267519e-12
-1.2703444e-12
-3.9807716e-12
-9.2842375e-13
-3.8087031e-12
-6.4546508e-13
-3.6924536e-12
-4.2960739e-13
-3.6166303e-12
-2.7442084e-13
-1.6801743e-13
-4.8887669e-12
5.635884e-12
-2.5448266e-12
-4.4552299e-12
-2.3324454e-12
-4.2292016e-12
-1.8579327e-12
-4.0937489e-12
-1.4057971e-12
-4.0038411e-12
-1.0183316e-12
-3.9427451e-12
-7.0656105e-13
-3.9015771e-12
-4.7077535e-13
-3.8744595e-12
-3.015384e-13
-1.8530524e-13
-4.5788053e-13
6.2625877e-12
-6.8983634e-13
6.2625884e-12
-8.1865547e-13
6.2625884e-12
6.2625878e-12
-1.4453592e-12
-1.7322174e-19
-2.1004034e-20
1.3140275e-19
-2.0102917e-12
-9.4052117e-13
2.1588376e-12
-1.8070962e-12
-1.2193762e-12
-1.5676291e-12
-1.4242741e-12
-1.311147e-12
-1.5418534e-12
-1.0531436e-12
-1.5799377e-12
-8.0361718e-13
-1.5573913e-12
-5.6698704e-13
-1.4954743e-12
-3.438036e-13
-1.4095781e-12
-1.4262041e-13
-1.2951018e-12
-1.1544833e-12
-1.994896e-12
2.1410264e-12
-1.0866515e-12
-1.7865043e-12
-1.427768e-12
-1.5397474e-12
-1.671031e-12
-1.2779065e-12
-1.8036943e-12
-1.0186691e-12
-1.8391751e-12
-7.7269955e-13
-1.8033608e-12
-5.4344336e-13
-1.7247305e-12
-3.2522876e-13
-1.6277927e-12
-1.0096804e-13
-1.5193625e-12
-1.255451e-12
-2.2965685e-12
-1.0428049e-13
2.2922125e-12
-2.2990225e-12
-5.7581384e-14
-2.3003227e-12
-2.9164464e-14
-2.3009432e-12
-1.2614015e-14
-2.3011761e-12
-3.3882023e-15
-2.301194e-12
1.6036588e-15
-2.3010933e-12
4.3951434e-15
-2.3009251e-12
6.2797243e-15
-2.3007171e-12
8.0323333e-15
-2.300493e-12
1.0028194e-14
-2.3002883e-12
1.2250992e-14
-2.3001635e-12
1.4169731e-14
-2.300199e-12
1.4446487e-14
-2.3004375e-12
1.0418603e-14
-2.3006851e-12
-2.7091888e-15
-2.2999992e-12
-3.2974092e-14
-2.2955848e-12
-9.2871939e-14
-2.2807879e-12
-1.9982903e-13
-2.2423201e-12
-3.7386345e-13
-6.280372e-13
-2.2189523e-12
2.2072154e-12
-9.2543505e-14
-2.2256394e-12
-5.0894289e-14
-2.2292098e-12
-2.5594053e-14
-2.2309208e-12
-1.0903e-14
-2.23156e-12
-2.7490577e-15
-2.2315961e-12
1.639785e-15
-2.2312885e-12
4.0874765e-15
-2.2307647e-12
5.7559512e-15
-2.2300782e-12
7.3458851e-15
-2.2292556e-12
9.2055305e-15
-2.228342e-12
1.1337465e-14
-2.2274534e-12
1.3281032e-14
-2.2268306e-12
1.3823789e-14
-2.2268734e-12
1.0461312e-14
-2.2280658e-12
-1.5167304e-15
-2.230594e-12
-3.0445892e-14
-2.2332377e-12
-9.0228251e-14
-2.2308212e-12
-2.0224556e-13
-2.2093953e-12
-3.9528935e-13
-6.9640614e-13
-1.6145333e-12
-1.9589757e-12
1.0286824e-12
-1.9272391e-12
-2.0197396e-12
-2.0834655e-12
-1.7017063e-12
-2.1690301e-12
-1.3202324e-12
-2.2205658e-12
-9.6679585e-13
-2.2526052e-12
-6.7452168e-13
-2.2725265e-12
-4.5085413e-13
-2.2847952e-12
-2.8926965e-13
-1.7788791e-13
-9.7224312e-13
3.4025387e-13
-1.3269865e-12
-1.4354773e-12
-1.5565054e-12
-1.7253641e-12
-1.4118195e-12
-1.9087275e-12
-1.1368689e-12
-2.0278172e-12
-8.4770615e-13
-2.1054981e-12
-5.9684081e-13
-2.1556945e-12
-4.0065768e-13
-2.1875406e-12
-2.5742355e-13
-1.5821318e-13
-4.1667677e-13
-7.6422894e-14
-1.0380863e-12
1.112498e-12
-1.1610631e-12
-9.2600333e-13
-1.539851e-12
-7.9290702e-13
-1.8041273e-12
-6.5304141e-13
-1.9435599e-12
-5.1688702e-13
-1.9753295e-12
-3.9066623e-13
-1.9295815e-12
-2.7674873e-13
-1.838648e-12
-1.7424138e-13
-1.7303001e-12
-7.884035e-14
-1.6147636e-12
-1.3342913e-12
-1.1237851e-12
1.1152059e-12
-8.3964249e-14
-1.1286657e-12
-4.6013704e-14
-1.1312591e-12
-2.3000677e-14
-1.1324886e-12
-9.6734818e-15
-1.1329336e-12
-2.3040778e-15
-1.1329382e-12
1.6444552e-15
-1.1326911e-12
3.8403143e-15
-1.132282e-12
5.3468272e-15
-1.1317439e-12
6.8078726e-15
-1.1310872e-12
8.5487207e-15
-1.1303328e-12
1.0583043e-14
-1.1295538e-12
1.2502087e-14
-1.1289283e-12
1.3198262e-14
-1.1287984e-12
1.0331405e-14
-1.1297016e-12
-6.1348521e-16
-1.1322709e-12
-2.7876573e-14
-1.1367604e-12
-8.5738828e-14
-1.1416491e-12
-1.9735685e-13
-1.1398304e-12
-3.9710802e-13
-7.2373858e-13
-3.6343932e-13
9.0741599e-14
-1.0542888e-12
-6.1337729e-13
-1.3065674e-12
-7.8541931e-13
-1.2397775e-12
-9.0501168e-13
-1.0172766e-12
-9.8673567e-13
-7.6598218e-13
-1.0416189e-12
-5.4195754e-13
-1.0777129e-12
-3.6456374e-13
-1.1008443e-12
-2.342921e-13
-1.4385159e-13
1.43187e-14
-2.5434367e-12
-1.3424183e-12
2.7247919e-12
-2.2559991e-12
-1.8272886e-12
-1.9127321e-12
-2.1473943e-12
-1.5569741e-12
-2.2993179e-12
-1.218912e-12
-2.3133916e-12
-9.1594336e-13
-2.2325502e-12
-6.5637294e-13
-2.0982184e-12
-4.4565199e-13
-1.941021e-12
-2.8660895e-13
-1.7738066e-12
-1.6209026e-12
-2.2431428e-12
-1.493138e-12
2.3938624e-12
-1.9654679e-12
-2.1049634e-12
-1.6302421e-12
-2.4826201e-12
-1.2911508e-12
-2.6384092e-12
-9.8228679e-13
-2.6222555e-12
-7.2013622e-13
-2.4947008e-12
-5.0812589e-13
-2.3102288e-12
-3.3883416e-13
-2.1103128e-12
-1.8557354e-13
-1.9270673e-12
-1.8064799e-12
-1.7964829e-12
-1.5920501e-12
1.8953951e-12
-1.5452911e-12
-2.3561552e-12
-1.2332466e-12
-2.7946647e-12
-9.2620727e-13
-2.9454486e-12
-6.6229777e-13
-2.8861651e-12
-4.5571377e-13
-2.7012848e-12
-3.0394655e-13
-2.461996e-12
-1.9278628e-13
-2.2214731e-12
-9.8600728e-14
-2.0212528e-12
-1.9050845e-12
-1.1841742e-12
1.1647748e-12
-1.5726508e-12
-9.9348578e-13
-2.5468436e-12
-7.2524766e-13
-3.0629028e-12
-4.6780328e-13
-3.202893e-12
-2.6646743e-13
-3.0875009e-12
-1.3268958e-13
-2.8350627e-12
-5.8045885e-14
-2.5366397e-12
-2.4235842e-14
-2.2552831e-12
-9.8668286e-15
-2.0356218e-12
-1.9149544e-12
-2.6430971e-12
-5.629575e-14
2.6154286e-12
-2.6587695e-12
-3.0341261e-14
-2.6670269e-12
-1.4743325e-14
-2.6708759e-12
-5.8244495e-15
-2.6722013e-12
-9.7867664e-16
-2.6721188e-12
1.56203e-15
-2.6712314e-12
2.9529415e-15
-2.6698166e-12
3.931967e-15
-2.6679604e-12
4.9516315e-15
-2.6656659e-12
6.2543282e-15
-2.662963e-12
7.8800744e-15
-2.6600474e-12
9.5864837e-15
-2.6574827e-12
1.0633597e-14
-2.6564831e-12
9.3317285e-15
-2.6592207e-12
2.1242082e-15
-2.669034e-12
-1.8063275e-14
-2.6897276e-12
-6.5045268e-14
-2.7222196e-12
-1.6486487e-13
-2.7526865e-12
-3.6664111e-13
-7.5163316e-13
-2.1264151e-12
-2.8150556e-14
2.0982699e-12
-2.1420496e-12
-1.4706736e-14
-2.1500277e-12
-6.7652317e-15
-2.1535229e-12
-2.3292955e-15
-2.1545049e-12
3.3764207e-18
-2.1541171e-12
1.1741881e-15
-2.152958e-12
1.7938529e-15
-2.1512766e-12
2.2506134e-15
-2.1491113e-12
2.7862719e-15
-2.1463983e-12
3.5414008e-15
-2.143081e-12
4.5627721e-15
-2.139257e-12
5.7624626e-15
-2.1354198e-12
6.7963222e-15
-2.132871e-12
6.782943e-15
-2.1343999e-12
3.6531182e-15
-2.1451769e-12
-7.2863078e-15
-2.173995e-12
-3.6227204e-14
-2.2332939e-12
-1.0556594e-13
-2.3278983e-12
-2.7203666e-13
-6.8566909e-13
-1.4279138e-12
-7.461275e-15
1.4072245e-12
-1.4389742e-12
-3.6462913e-15
-1.4442707e-12
-1.4687068e-15
-1.4462915e-12
-3.0844271e-16
-1.4465479e-12
2.5975913e-16
-1.4458867e-12
5.1304529e-16
-1.4447296e-12
6.367509e-16
-1.443218e-12
7.3896247e-16
-1.4413232e-12
8.9152366e-16
-1.4389231e-12
1.1412716e-15
-1.4358748e-12
1.5145056e-15
-1.4321196e-12
2.007201e-15
-1.4278722e-12
2.5489265e-15
-1.4239986e-12
2.9093735e-15
-1.4228224e-12
2.4769241e-15
-1.4294548e-12
-6.5400643e-16
-1.4548402e-12
-1.0841731e-14
-1.5217184e-12
-3.8687788e-14
-1.6719781e-12
-1.2177701e-13
-4.6225213e-13
-5.4077696e-13
5.333157e-13
-5.4442326e-13
-5.4589196e-13
-5.462004e-13
-5.4594063e-13
-5.4542759e-13
-5.4479084e-13
-5.4405186e-13
-5.4316033e-13
-5.4201906e-13
-5.4050457e-13
-5.3849737e-13
-5.3594845e-13
-5.3303909e-13
-5.3056217e-13
-5.3121616e-13
-5.420579e-13
-5.8074571e-13
-7.025227e-13
-6.0189455e-13
-5.1882184e-13
6.6427628e-14
-1.1504132e-12
-7.5804872e-13
-1.6102271e-12
-7.7996366e-13
-1.9573057e-12
-6.7019797e-13
-2.2067083e-12
-5.1657954e-13
-2.3792433e-12
-3.6942261e-13
-2.4945739e-12
-2.4923309e-13
-2.5690623e-12
-1.5980366e-13
-9.7485401e-14
-3.1225489e-13
-2.095185e-13
2.9515584e-15
-7.1648008e-13
-3.5382353e-13
-1.1073936e-12
-3.890501e-13
-1.4322204e-12
-3.4537124e-13
-1.6787697e-12
-2.700302e-13
-1.8544512e-12
-1.9374115e-13
-1.9734712e-12
-1.3021299e-13
-2.0505432e-12
-8.273172e-14
-4.9758664e-14
-1.2191092e-13
-4.976076e-14
-3.7846821e-14
-3.7740602e-13
-9.8328418e-14
-6.520249e-13
-1.1443122e-13
-8.9412527e-13
-1.0327085e-13
-1.0834256e-12
-8.0729921e-14
-1.2197939e-12
-5.7372834e-14
-1.3120653e-12
-3.7941565e-14
-1.371224e-12
-2.3573062e-14
-1.3758153e-14
-3.9096754e-15
-4.5851085e-14
-1.0223811e-13
-2.1666934e-13
-3.199402e-13
-4.0067011e-13
-4.5804295e-13
-4.9598451e-13
-5.1955756e-13
8.0746351e-14
8.3697881e-14
4.5851082e-14
-4.0047671e-13
-1.1721741e-12
-3.287164e-13
-2.618604e-12
-9.0652904e-14
-3.3009662e-12
1.3151601e-13
-3.4250619e-12
2.6752876e-13
-3.2235137e-12
3.1030496e-13
-2.8778389e-12
2.7990482e-13
-2.5062396e-12
2.0348251e-13
-2.1788608e-12
1.0531021e-13
-1.9374496e-12
-1.8096462e-12
1.2665902e-13
-1.2988331e-12
4.3824581e-13
-2.9301908e-12
7.5020439e-13
-3.6129248e-12
9.2561307e-13
-3.6004706e-12
9.448125e-13
-3.2427131e-12
8.4369552e-13
-2.776722e-12
6.6809197e-13
-2.330636e-12
4.552596e-13
-1.9660285e-12
2.2904226e-13
-1.7112322e-12
-1.5806045e-12
5.3452738e-13
-1.8333605e-12
1.2347706e-12
-3.630434e-12
1.671282e-12
-4.0494362e-12
1.7729983e-12
-3.7021869e-12
1.6319192e-12
-3.101634e-12
1.3558402e-12
-2.500643e-12
1.02231e-12
-1.9971058e-12
6.7555875e-13
-1.6192772e-12
3.3428059e-13
-1.3699541e-12
-1.2463235e-12
1.2416876e-12
-3.0750481e-12
2.3881054e-12
-4.7768518e-12
2.793964e-12
-4.4552948e-12
2.6583661e-12
-3.566589e-12
2.2565412e-12
-2.6998091e-12
1.7660863e-12
-2.010188e-12
1.2759862e-12
-1.5070057e-12
8.1959859e-13
-1.1628896e-12
3.9905713e-13
-9.494126e-13
-8.4726556e-13
3.4614529e-12
-6.536501e-12
4.4588459e-12
-5.7742448e-12
4.1681403e-12
-4.1645892e-12
3.4426304e-12
-2.8410791e-12
2.6539908e-12
-1.9111695e-12
1.9408965e-12
-1.2970937e-12
1.3373459e-12
-9.0345514e-13
8.3249344e-13
-6.5803713e-13
3.9815043e-13
-5.1506959e-13
-4.4911432e-13
1.0799832e-11
-3.4848605e-12
-1.3851472e-11
7.7789783e-12
-2.7533914e-12
5.4551771e-12
-1.840788e-12
3.7775492e-12
-1.1634511e-12
2.5907803e-12
-7.2440064e-13
1.7494336e-12
-4.5574711e-13
1.1417262e-12
-2.9574767e-13
6.8601539e-13
-2.0232631e-13
3.215732e-13
-1.5062741e-13
-1.2754044e-13
7.7140199e-12
-1.119888e-11
4.9606285e-12
3.1198405e-12
1.9563893e-12
1.2319887e-12
7.7624158e-13
4.8049391e-13
2.7816759e-13
1.2754019e-13
1.2256877e-11
-6.2072908e-13
-1.1636148e-11
1.2433605e-11
-1.7672757e-13
1.248977e-11
-5.6165141e-14
1.2511159e-11
-2.1388697e-14
1.251966e-11
-8.5010246e-15
1.2522996e-11
-3.3360632e-15
1.2524311e-11
-1.3156103e-15
1.2524839e-11
-5.2734072e-16
1.2525055e-11
-2.160768e-16
1.2525155e-11
-1.0059572e-16
1.2525236e-11
-8.0573154e-17
1.2525375e-11
-1.3963556e-16
1.2525702e-11
-3.2688398e-16
1.2526503e-11
-8.0041571e-16
1.2528628e-11
-2.1253975e-15
1.2534961e-11
-6.3323718e-15
1.2553081e-11
-1.8120586e-14
1.2599594e-11
-4.651254e-14
1.2769055e-11
-1.6946151e-13
-1.082417e-12
1.2793475e-11
-1.3414205e-11
1.2616748e-11
1.2560583e-11
1.2539194e-11
1.2530693e-11
1.2527357e-11
1.2526041e-11
1.2525514e-11
1.2525298e-11
1.2525197e-11
1.2525117e-11
1.2524977e-11
1.252465e-11
1.252385e-11
1.2521724e-11
1.2515392e-11
1.2497271e-11
1.2450759e-11
1.2281297e-11
9.9099871e-12
-4.286531e-13
-9.481334e-12
1.0125832e-11
-2.1584477e-13
1.0252032e-11
-1.2620033e-13
1.0364323e-11
-1.1229055e-13
1.0478294e-11
-1.1397174e-13
1.0608427e-11
-1.3013268e-13
1.077517e-11
-1.6674306e-13
1.1045739e-11
-2.7056839e-13
-5.9040939e-13
1.1125072e-11
-9.7798248e-12
-1.7739007e-12
1.2095503e-11
-1.1862754e-12
1.2721883e-11
-7.525807e-13
1.3149576e-11
-5.3998302e-13
1.3444974e-11
-4.0937019e-13
1.3647629e-11
-3.327871e-13
1.376725e-11
-2.863638e-13
1.375666e-11
-2.5997921e-13
-2.4795344e-13
-4.2625106e-12
-8.8235119e-12
1.0452238e-17
-1.7738827e-12
-2.8519978e-17
6.7099469e-18
-1.1862717e-12
7.1797149e-18
-7.5258116e-13
7.1943353e-18
-5.3998306e-13
7.2231158e-18
-4.0937023e-13
7.2691347e-18
-3.3278716e-13
7.5430486e-18
-2.8636409e-13
7.5869022e-18
-2.5997926e-13
-2.4794586e-13
1.053706e-12
-8.2723684e-13
-2.0003518e-12
5.2818355e-13
-6.6074924e-13
2.8965368e-13
-5.1405128e-13
1.6326653e-13
-4.1359591e-13
9.5819455e-14
-3.4192315e-13
5.6559283e-14
-2.9352698e-13
3.1877198e-14
-2.6168201e-13
1.4419197e-14
-2.4252126e-13
-2.3352666e-13
1.162136e-12
-2.1026549e-12
1.1328203e-13
6.2370516e-13
-1.2231838e-13
3.6341171e-13
-2.5375783e-13
2.1723804e-13
-2.6742224e-13
1.3362459e-13
-2.5830971e-13
8.179288e-14
-2.4169527e-13
4.7243341e-14
-2.2713247e-13
2.1671813e-14
-2.1694973e-13
-2.1185485e-13
-3.9526382e-12
-1.0820889e-12
1.6861584e-12
6.1371298e-13
2.2625474e-13
-7.2668569e-13
4.6775069e-13
2.3643905e-14
3.2744765e-13
-1.1345479e-13
2.2371356e-13
-1.6368814e-13
1.4972508e-13
-1.8432123e-13
9.698492e-14
-1.8895511e-13
5.7985412e-14
-1.8813296e-13
2.7096775e-14
-1.860611e-13
-1.8475807e-13
4.1463785e-13
2.339514e-13
-4.2233451e-13
3.5429869e-13
8.398307e-14
2.7243179e-13
-3.1587894e-14
2.0070676e-13
-9.1963106e-14
1.4230504e-13
-1.2591951e-13
9.6136797e-14
-1.4278687e-13
5.9070865e-14
-1.5106703e-13
2.8000481e-14
-1.5499071e-13
-1.5675759e-13
2.5176797e-13
1.8852801e-13
-2.0634457e-13
2.4590692e-13
8.9844114e-14
2.0894935e-13
5.3696764e-15
1.6583397e-13
-4.8847727e-14
1.2418944e-13
-8.4274978e-14
8.7162742e-14
-1.0576018e-13
5.4800713e-14
-1.18705e-13
2.6224791e-14
-1.2641479e-13
-1.305328e-13
1.6355204e-13
1.4375231e-13
-1.1877634e-13
1.7303257e-13
8.0363591e-14
1.5752336e-13
2.087888e-14
1.3196824e-13
-2.3292607e-14
1.0296684e-13
-5.5273572e-14
7.4222083e-14
-7.7015423e-14
4.7072193e-14
-9.1555112e-14
2.22941e-14
-1.016367e-13
-1.082387e-13
1.0653351e-13
-6.9643549e-14
1.0686235e-13
1.2060134e-13
6.6295756e-14
1.1634132e-13
2.51389e-14
1.019374e-13
-8.8886822e-15
8.2190085e-14
-3.5526258e-14
6.0332868e-14
-5.5158206e-14
3.8109896e-14
-6.933214e-14
1.7506363e-14
-8.1033165e-14
-9.0732336e-14
9.5947276e-13
5.3713825e-13
3.3079368e-13
2.1201733e-13
1.4237378e-13
-2.7109513e-16
-4.9326287e-17
3.2042142e-16
-2.2796078e-16
-4.313435e-17
-1.8989047e-16
-3.807031e-17
-1.5593952e-16
-3.3950949e-17
-1.2530446e-16
-3.0635058e-17
-9.7290277e-17
-2.8014187e-17
-7.12843e-17
-2.6005977e-17
-4.6734942e-17
-2.4549358e-17
-2.3133784e-17
-2.3601158e-17
-2.3133784e-17
-2.6531672e-16
-9.7371462e-17
3.133619e-16
-2.2323852e-16
-8.5212546e-17
-1.8605157e-16
-7.5257263e-17
-1.5285101e-16
-6.7151513e-17
-1.2286435e-16
-6.0621715e-17
-9.5421199e-17
-5.5457338e-17
-6.9928945e-17
-5.1498231e-17
-4.5852818e-17
-4.8625485e-17
-2.2699025e-17
-4.6754951e-17
-4.5832808e-17
-2.5397257e-16
-1.4292079e-16
2.995219e-16
-2.1395704e-16
-1.2522808e-16
-1.78499e-16
-1.107153e-16
-1.4676988e-16
-9.8880629e-17
-1.1805679e-16
-8.9334811e-17
-9.1736823e-17
-8.1777303e-17
-6.7256201e-17
-7.5978853e-17
-4.411281e-17
-7.1768876e-17
-2.1841316e-17
-6.9026445e-17
-6.7674125e-17
-2.3747093e-16
-1.8488487e-16
2.7943501e-16
-2.0043028e-16
-1.6226872e-16
-1.6747459e-16
-1.4367099e-16
-1.3788178e-16
-1.2847344e-16
-1.1102268e-16
-1.1619391e-16
-8.634159e-17
-1.064584e-16
-6.3339883e-17
-9.898056e-17
-4.1562084e-17
-9.3546675e-17
-2.0583649e-17
-9.000488e-17
-8.8257774e-17
-2.1639161e-16
2.5385449e-16
-2.2234774e-16
-1.8310646e-16
-1.9555387e-16
-1.5332507e-16
-1.7345239e-16
-1.2645379e-16
-1.5534472e-16
-1.0196539e-16
-1.4068231e-16
-7.9386581e-17
-1.290372e-16
-5.8286964e-17
-1.2008018e-16
-3.8269082e-17
-1.1356456e-16
-1.8959409e-17
-1.0931455e-16
-1.0721718e-16
-2.3306402e-14
-1.4269269e-14
3.7575671e-14
-1.4735128e-14
-8.5712741e-15
-1.0121994e-14
-4.613134e-15
-7.2570868e-15
-2.864907e-15
-5.4167735e-15
-1.8403133e-15
-4.160265e-15
-1.2565085e-15
-3.2689317e-15
-8.9133327e-16
-2.614387e-15
-6.5454471e-16
-2.1206876e-15
-4.9369939e-16
-1.739912e-15
-3.8077561e-16
-1.4407833e-15
-2.9912868e-16
-1.2021198e-15
-2.3866352e-16
-1.0091592e-15
-1.929606e-16
-8.5134534e-16
-1.5781384e-16
-7.2096166e-16
-1.3038369e-16
-6.1225588e-16
-1.0870577e-16
-5.2086455e-16
-9.1391336e-17
-4.4342459e-16
-7.7439952e-17
-3.7730561e-16
-6.6118985e-17
-5.6884189e-17
-1.3226633e-14
-1.7263692e-14
1.6221056e-14
-1.0382288e-14
-1.1415619e-14
-7.9680198e-15
-7.0274023e-15
-6.1446441e-15
-4.6882827e-15
-4.7912953e-15
-3.1936622e-15
-3.7861046e-15
-2.2616992e-15
-3.0313147e-15
-1.6461232e-15
-2.4560845e-15
-1.2297748e-15
-2.0109312e-15
-9.3885276e-16
-1.661313e-15
-7.3039379e-16
-1.3829784e-15
-5.7746328e-16
-1.1586598e-15
-4.6298215e-16
-9.7587483e-16
-3.7574553e-16
-8.2545379e-16
-3.0823488e-16
-7.005539e-16
-2.5528358e-16
-5.959914e-16
-2.1326828e-16
-5.0778283e-16
-1.795999e-16
-4.3282536e-16
-1.5239743e-16
-3.6867053e-16
-1.3027382e-16
-1.1219282e-16
-6.2890248e-15
-1.567456e-14
4.6998926e-15
-6.3399487e-15
-1.1364695e-14
-5.547182e-15
-7.8201691e-15
-4.6681654e-15
-5.5672993e-15
-3.8602691e-15
-4.0015585e-15
-3.1803133e-15
-2.941655e-15
-2.6241113e-15
-2.2023251e-15
-2.1740644e-15
-1.6798218e-15
-1.810198e-15
-1.3027191e-15
-1.514934e-15
-1.0256578e-15
-1.2739365e-15
-8.1846074e-16
-1.0759071e-15
-6.6101159e-16
-9.1204982e-16
-5.3960276e-16
-7.7553355e-16
-4.4475116e-16
-6.6103627e-16
-3.6978086e-16
-5.6438665e-16
-3.0991789e-16
-4.8228994e-16
-2.6169661e-16
-4.1212118e-16
-2.2256619e-16
-3.5176969e-16
-1.9062531e-16
-1.6444061e-16
-1.9627845e-15
-1.3021236e-14
-6.9053958e-16
-3.1401133e-15
-1.0187366e-14
-3.3399588e-15
-7.6203235e-15
-3.1621273e-15
-5.7451308e-15
-2.8295091e-15
-4.3341767e-15
-2.4657777e-15
-3.3053864e-15
-2.1202883e-15
-2.5478146e-15
-1.8121712e-15
-1.9879389e-15
-1.5453704e-15
-1.5695199e-15
-1.3176653e-15
-1.2533629e-15
-1.1245485e-15
-1.0115776e-15
-9.6106582e-16
-8.2449424e-16
-8.2256629e-16
-6.7810229e-16
-7.0496772e-16
-5.6234972e-16
-6.0480101e-16
-4.6994758e-16
-5.1916421e-16
-3.9555469e-16
-4.4564639e-16
-3.3521443e-16
-3.8224763e-16
-2.8596495e-16
-3.2730604e-16
-2.455669e-16
-2.1231164e-16
6.7650271e-16
-3.3449869e-15
-1.0352752e-14
-8.6703804e-16
-8.6438253e-15
-1.5750888e-15
-6.9122727e-15
-1.8377595e-15
-5.4824601e-15
-1.8519942e-15
-4.3199421e-15
-1.7458993e-15
-3.4114812e-15
-1.587723e-15
-2.7059909e-15
-1.4147343e-15
-2.1609276e-15
-1.2455645e-15
-1.7386896e-15
-1.0888627e-15
-1.4100647e-15
-9.4787867e-16
-1.1525616e-15
-8.2310157e-16
-9.4927134e-16
-7.1368149e-16
-7.8752238e-16
-6.1819582e-16
-6.5783539e-16
-5.3504746e-16
-5.5309593e-16
-4.6266346e-16
-4.6793869e-16
-3.9958568e-16
-3.9829221e-16
-3.4450474e-16
-3.4104589e-16
-2.9626482e-16
-2.9380682e-16
-2.5472198e-16
7.141318e-14
7.9120625e-14
-4.3671458e-14
8.4788673e-14
5.2920262e-14
8.5366937e-14
2.4560637e-14
7.7286145e-14
-8.0788965e-16
6.3497099e-14
-2.1737212e-14
4.5902797e-14
-3.7563904e-14
2.5038617e-14
-4.846796e-14
-1.8645454e-15
-5.4130003e-14
-5.502121e-14
4.87108e-14
5.8806712e-14
-2.8396887e-14
6.0003958e-14
4.1627103e-14
6.2527896e-14
2.2036699e-14
5.8272625e-14
3.4473813e-15
4.9062695e-14
-1.2527282e-14
3.6385037e-14
-2.4886246e-14
2.1149885e-14
-3.3232808e-14
3.5742836e-15
-3.6554401e-14
-3.5225871e-14
3.3872868e-14
4.4068723e-14
-1.9134879e-14
4.288468e-14
3.2615292e-14
4.5915218e-14
1.900616e-14
4.3858591e-14
5.5040085e-15
3.7812134e-14
-6.4808247e-15
2.8885416e-14
-1.5959528e-14
1.8033017e-14
-2.238041e-14
6.4667227e-15
-2.4988106e-14
-2.4059255e-14
2.3944295e-14
3.3360173e-14
-1.3235745e-14
3.0963802e-14
2.5595785e-14
3.3900544e-14
1.6069418e-14
3.3117313e-14
6.2872394e-15
2.9274255e-14
-2.6377664e-15
2.3181694e-14
-9.8669667e-15
1.5676683e-14
-1.4875399e-14
7.848399e-15
-1.7159822e-14
-1.6901396e-14
1.7187341e-14
-9.3585139e-15
2.5531346e-14
2.2598825e-14
2.0184301e-14
2.5210189e-14
1.3458054e-14
2.5136414e-14
6.3610143e-15
2.2771335e-14
-2.7268725e-16
1.8687437e-14
-5.7830687e-15
1.3544418e-14
-9.7323806e-15
8.177453e-15
-1.1792857e-14
-1.206893e-14
9.8702325e-14
7.0305438e-14
5.117056e-14
3.7934814e-14
2.85763e-14
-2.0413982e-16
-2.5669536e-16
2.3848744e-16
-1.7334171e-16
-2.2635199e-16
-1.4556944e-16
-2.0122466e-16
-1.203439e-16
-1.8057026e-16
-9.722615e-17
-1.6380005e-16
-7.5812075e-17
-1.5045128e-16
-5.572652e-17
-1.4016573e-16
-3.6617386e-17
-1.3267369e-16
-1.8149736e-17
-1.277822e-16
-1.2536692e-16
-1.7168834e-16
-2.8444524e-16
1.9943822e-16
-1.4648048e-16
-2.5155984e-16
-1.2349821e-16
-2.2420694e-16
-1.0242911e-16
-2.0163936e-16
-8.2970171e-17
-1.8325899e-16
-6.4829899e-17
-1.6859155e-16
-4.7728388e-17
-1.5726724e-16
-3.1396095e-17
-1.4900598e-16
-1.5571788e-17
-1.4360651e-16
-1.4093871e-16
-1.3655581e-16
-3.052777e-16
1.5738828e-16
-1.1726784e-16
-2.7084782e-16
-9.9403067e-17
-2.4207171e-16
-8.2809399e-17
-2.1823303e-16
-6.731698e-17
-1.9875141e-16
-5.2746547e-17
-1.8316198e-16
-3.8914537e-17
-1.7109925e-16
-2.5635986e-17
-1.6228453e-16
-1.2725957e-17
-1.5651654e-16
-1.5366466e-16
-9.9807569e-17
-3.1912923e-16
1.1365909e-16
-8.6560429e-17
-2.8409496e-16
-7.3969287e-17
-2.5466285e-16
-6.2027715e-17
-2.301746e-16
-5.0689637e-17
-2.1008948e-16
-3.9882238e-17
-1.9396938e-16
-2.9514949e-17
-1.8146654e-16
-1.9485691e-17
-1.7231379e-16
-9.6851844e-18
-1.6631704e-16
-1.6334985e-16
-6.2452083e-17
-3.2615736e-16
6.9480217e-17
-5.5181255e-17
-2.9136579e-16
-4.7863531e-17
-2.6198057e-16
-4.0617873e-17
-2.3742026e-16
-3.3507733e-17
-2.1719962e-16
-2.6556788e-17
-2.0092033e-16
-1.9760553e-17
-1.8826278e-16
-1.3095015e-17
-1.7897933e-16
-6.5231505e-18
-1.7288891e-16
-1.69873e-16
-2.539339e-17
-3.2669576e-16
2.5931788e-17
-2.3880866e-17
-2.9287831e-16
-2.1702669e-17
-2.6415877e-16
-1.9079851e-17
-2.4004308e-16
-1.6168197e-17
-2.2011128e-16
-1.3075167e-17
-2.0401336e-16
-9.8728989e-18
-1.9146505e-16
-6.6083023e-18
-1.8224393e-16
-3.311032e-18
-1.7618618e-16
-1.7318403e-16
1.0592756e-17
-1.6080829e-17
-3.2120768e-16
6.6838981e-18
-2.8896945e-16
3.9645021e-18
-2.6143937e-16
2.1354398e-18
-2.3821402e-16
9.6698295e-19
-2.1894282e-16
2.8202879e-19
-2.033284e-16
-5.7212669e-20
-1.911258e-16
-1.5989453e-19
-1.8214124e-16
-1.1526007e-19
-1.7623081e-16
-1.7329929e-16
2.3950599e-15
-7.8927861e-15
-4.8550254e-15
7.4764713e-16
-6.9964125e-15
-2.3153363e-16
-5.933092e-15
-7.7705862e-16
-4.9369351e-15
-1.0407885e-15
-4.0562122e-15
-1.1351257e-15
-3.317144e-15
-1.1311551e-15
-2.7099615e-15
-1.0739395e-15
-2.2181432e-15
-9.906684e-16
-1.8219608e-15
-8.9739976e-16
-1.5033333e-15
-8.0325476e-16
-1.2467066e-15
-7.1316081e-16
-1.0393653e-15
-6.295425e-16
-8.7114069e-16
-5.533634e-16
-7.3401449e-16
-4.847563e-16
-6.2170302e-16
-4.2340153e-16
-5.2929347e-16
-3.6875096e-16
-4.5294278e-16
-3.2015866e-16
-3.8963818e-16
-2.769551e-16
-3.3701039e-16
-2.9318963e-16
3.2587083e-15
-5.9169369e-15
-5.2345575e-15
1.7949669e-15
-5.5326712e-15
7.954794e-16
-4.9336045e-15
1.4301958e-16
-4.2844753e-15
-2.5800464e-16
-3.655188e-15
-4.8777045e-16
-3.0873782e-15
-6.0424569e-16
-2.5934862e-15
-6.4840503e-16
-2.1739839e-15
-6.4794803e-16
-1.8224178e-15
-6.2122659e-16
-1.5300548e-15
-5.8012637e-16
-1.2878069e-15
-5.3219665e-16
-1.087295e-15
-4.8211838e-16
-9.2121896e-16
-4.3270174e-16
-7.8343113e-16
-3.8554979e-16
-6.6885497e-16
-3.4149584e-16
-5.7334743e-16
-3.0088909e-16
-4.9354953e-16
-2.6378009e-16
-4.2674718e-16
-2.3004023e-16
-3.7075024e-16
-3.2379165e-16
3.6021428e-15
-4.3798357e-15
-5.139244e-15
2.3732682e-15
-4.3037965e-15
1.4534456e-15
-4.0137819e-15
7.9250796e-16
-3.6235376e-15
3.3659623e-16
-3.1992763e-15
3.3694497e-17
-2.7844765e-15
-1.5869716e-16
-2.4010946e-15
-2.7362479e-16
-2.0590562e-15
-3.3552368e-16
-1.7605189e-15
-3.6198303e-16
-1.5035954e-15
-3.6537796e-16
-1.2844119e-15
-3.5427088e-16
-1.0984021e-15
-3.3449629e-16
-9.4099355e-16
-3.0997032e-16
-8.079571e-16
-2.8327564e-16
-6.9554965e-16
-2.5607663e-16
-6.0054643e-16
-2.2941028e-16
-5.2021588e-16
-2.0388815e-16
-4.5226931e-16
-1.7983576e-16
-3.9480263e-16
-3.4623913e-16
3.6394908e-15
-3.2054458e-15
-4.8138807e-15
2.6411956e-15
-3.3055013e-15
1.8411296e-15
-3.213716e-15
1.2249904e-15
-3.0073984e-15
7.6656428e-16
-2.7408502e-15
4.3508338e-16
-2.4529956e-15
2.0192191e-16
-2.1679331e-15
4.2611318e-17
-1.8997456e-15
-6.2481381e-17
-1.6554262e-15
-1.2853851e-16
-1.4375383e-15
-1.6697952e-16
-1.2459709e-15
-1.8622694e-16
-1.0791547e-15
-1.9239716e-16
-9.3482332e-16
-1.8987538e-16
-8.1047888e-16
-1.8176867e-16
-7.0365636e-16
-1.7025206e-16
-6.1206305e-16
-1.5682698e-16
-5.3364096e-16
-1.4251157e-16
-4.6658472e-16
-1.2797928e-16
-4.0933492e-16
-3.6055932e-16
3.5057975e-15
-2.318802e-15
-4.3924413e-15
2.7117928e-15
-2.5114967e-15
2.039556e-15
-2.5414791e-15
1.4926835e-15
-2.4605259e-15
1.0619117e-15
-2.3100784e-15
7.3117761e-16
-2.1222615e-15
4.8279101e-16
-1.9195465e-15
2.9992558e-16
-1.7168802e-15
1.6791097e-16
-1.5234116e-15
7.4594095e-17
-1.3442214e-15
1.0260549e-17
-1.1816374e-15
-3.2663351e-17
-1.0362308e-15
-5.9973055e-17
-9.0751362e-16
-7.6040126e-17
-7.9441181e-16
-8.4123821e-17
-6.9557266e-16
-8.6629713e-17
-6.0955715e-16
-8.5316511e-17
-5.3495416e-16
-8.1457456e-17
-4.7044377e-16
-7.5964119e-17
-4.1482825e-16
-3.6704322e-16
3.2845163e-15
-1.655516e-15
-3.9478023e-15
2.6623134e-15
-1.8892938e-15
2.1103684e-15
-1.9895342e-15
1.6402296e-15
-1.990387e-15
1.2522886e-15
-1.9221375e-15
9.4001943e-16
-1.8099923e-15
6.9368588e-16
-1.673213e-15
5.0260089e-16
-1.5257952e-15
3.5651634e-16
-1.377327e-15
2.4630306e-16
-1.2340081e-15
1.6420878e-16
-1.0995431e-15
1.0386191e-16
-9.758839e-16
6.0147978e-17
-8.6379969e-16
2.9033312e-17
-7.6329714e-16
7.3795263e-18
-6.7391888e-16
-7.2289671e-18
-5.9494866e-16
-1.6634866e-17
-5.2554826e-16
-2.2232932e-17
-4.6484571e-16
-2.5071261e-17
-4.1198992e-16
-3.661827e-16
3.0265892e-15
-3.5186908e-15
-1.1634144e-15
2.54452e-15
-1.4072246e-15
2.0987084e-15
-1.5437226e-15
1.70336e-15
-1.5950386e-15
1.3638692e-15
-1.5826466e-15
1.079525e-15
-1.5256481e-15
8.4603056e-16
-1.4397185e-15
6.5729917e-16
-1.3370638e-15
5.0669358e-16
-1.2267214e-15
3.8777287e-16
-1.1150874e-15
2.9469691e-16
-1.0064671e-15
2.2239832e-16
-9.0358532e-16
1.6661332e-16
-8.0801469e-16
1.2383347e-16
-7.2051729e-16
9.1219715e-17
-6.4130512e-16
6.6503835e-17
-5.7023278e-16
4.7891615e-17
-5.0693604e-16
3.3974876e-17
-4.5092897e-16
2.3655351e-17
-4.016704e-16
-3.5860818e-16
1.3241892e-14
1.9418341e-14
-7.1288874e-15
1.7656816e-14
1.5769378e-14
2.0031269e-14
1.1083601e-14
2.0369203e-14
6.0230802e-15
1.8914625e-14
1.1818913e-15
1.6082748e-14
-2.9511919e-15
1.2388475e-14
-6.0381081e-15
8.4568398e-15
-7.8612211e-15
-8.4671154e-15
9.5804549e-15
1.4950998e-14
-5.113112e-15
1.2926937e-14
1.2422896e-14
1.4887599e-14
9.1229384e-15
1.5421258e-14
5.4894214e-15
1.4664393e-14
1.9387561e-15
1.2888646e-14
-1.175445e-15
1.0450417e-14
-3.5998787e-15
7.7707675e-15
-5.1815715e-15
-5.9309054e-15
7.0317846e-15
1.164623e-14
-3.7270161e-15
9.5849459e-15
9.8697344e-15
1.1188082e-14
7.5198018e-15
1.1788341e-14
4.8891624e-15
1.1459403e-14
2.2676943e-15
1.0375594e-14
-9.1635936e-17
8.7772563e-15
-2.0015409e-15
6.9450325e-15
-3.3493478e-15
-4.1251169e-15
5.2347332e-15
9.1701303e-15
-2.7586336e-15
7.1992392e-15
7.9052284e-15
8.5057731e-15
6.2132679e-15
9.1033935e-15
4.291542e-15
9.0294754e-15
2.3416123e-15
8.3941055e-15
5.4373397e-16
7.3568338e-15
-9.6426915e-16
6.1044413e-15
-2.0969553e-15
-2.8345563e-15
3.9508832e-15
7.291001e-15
-2.0717538e-15
5.4769694e-15
6.3791422e-15
6.5425664e-15
5.1476708e-15
7.1033083e-15
3.7308002e-15
7.1758839e-15
2.2690367e-15
6.8287208e-15
8.9089703e-16
6.1666646e-15
-3.0221288e-16
5.3142163e-15
-1.2445071e-15
-1.9127813e-15
3.0225854e-15
5.8464413e-15
-1.5780258e-15
4.2203136e-15
5.1814141e-15
5.0922794e-15
4.275705e-15
5.6016005e-15
3.2214791e-15
5.753476e-15
2.1171613e-15
5.5896873e-15
1.0546858e-15
5.1786465e-15
1.0882786e-16
4.6035653e-15
-6.6942576e-16
-1.2570183e-15
2.3438602e-15
-1.2188493e-15
4.7214304e-15
3.2940922e-15
4.2311821e-15
4.0113027e-15
3.5584944e-15
4.4655288e-15
2.767253e-15
4.655852e-15
1.9268381e-15
4.6071998e-15
1.1033379e-15
4.3639517e-15
3.5207594e-16
3.9818765e-15
-2.8735048e-16
-7.9383266e-16
2.1447413e-14
1.6334301e-14
1.2607285e-14
9.8486511e-15
7.7768973e-15
6.1988715e-15
4.9800221e-15
4.1969742e-17
-3.1088386e-16
-5.2293564e-17
3.3595512e-17
-2.8059522e-16
2.6750739e-17
-2.545946e-16
2.1099058e-17
-2.3256233e-16
1.6369636e-17
-2.142134e-16
1.2342327e-17
-1.9930109e-16
8.8355162e-18
-1.8761899e-16
5.6960928e-18
-1.7900182e-16
2.7910122e-18
-1.7332573e-16
-1.7050828e-16
7.1166287e-17
-2.9610252e-16
-8.5947634e-17
5.8665421e-17
-2.6809436e-16
4.7998928e-17
-2.4392811e-16
3.8798021e-17
-2.2336143e-16
3.0755627e-17
-2.0617101e-16
2.3613276e-17
-1.9215874e-16
1.7150033e-17
-1.8115575e-16
1.1173107e-17
-1.7302489e-16
5.5097337e-18
-1.6766236e-16
-1.6499854e-16
9.8143263e-17
-2.7739081e-16
-1.1685497e-16
8.194994e-17
-2.5190103e-16
6.7820746e-17
-2.2979892e-16
5.5369572e-17
-2.1091025e-16
4.4265841e-17
-1.9506727e-16
3.4223504e-17
-1.8211641e-16
2.4991453e-17
-1.719237e-16
1.6345117e-17
-1.6437856e-16
8.079014e-18
-1.5939626e-16
-1.5691953e-16
1.2267528e-16
-2.5526923e-16
-1.4479686e-16
1.0323028e-16
-2.3245604e-16
8.6013201e-17
-2.1258183e-16
7.0632745e-17
-1.955298e-16
5.6745459e-17
-1.8117999e-16
4.4046993e-17
-1.6941794e-16
3.2264204e-17
-1.6014091e-16
2.1147975e-17
-1.5326233e-16
1.0466661e-17
-1.4871494e-16
-1.4645287e-16
1.4461554e-16
-2.3023693e-16
-1.6964784e-16
1.2235294e-16
-2.1019344e-16
1.0242673e-16
-1.9265562e-16
8.4449568e-17
-1.7755264e-16
6.8073498e-17
-1.6480392e-16
5.2983485e-17
-1.5432793e-16
3.8891273e-17
-1.460487e-16
2.5529544e-17
-1.399006e-16
1.2646383e-17
-1.3583178e-16
-1.3380649e-16
1.6387925e-16
-2.0276238e-16
-1.913538e-16
1.3921727e-16
-1.8553145e-16
1.1695601e-16
-1.7039437e-16
9.6718373e-17
-1.5731499e-16
7.8158018e-17
-1.4624356e-16
6.0955136e-17
-1.3712505e-16
4.4811971e-17
-1.2990553e-16
2.9448333e-17
-1.2453696e-16
1.4597139e-17
-1.2098059e-16
-1.1920935e-16
1.8043043e-16
-1.7327766e-16
-2.0991516e-16
1.5376525e-16
-1.5886627e-16
1.2953216e-16
-1.4616127e-16
1.0736786e-16
-1.3515069e-16
8.6931699e-17
-1.258074e-16
6.7903308e-17
-1.1809666e-16
4.9979707e-17
-1.1198193e-16
3.2872102e-17
-1.0742936e-16
1.6302466e-17
-1.0441095e-16
-1.0290688e-16
1.942648e-16
-2.2536309e-16
-1.4217937e-16
1.6596961e-16
-1.3057109e-16
1.4011468e-16
-1.2030634e-16
1.1635198e-16
-1.11388e-16
9.4348769e-17
-1.0380419e-16
7.3786853e-17
-9.753474e-17
5.4361125e-17
-9.2556202e-17
3.5777478e-17
-8.884571e-17
1.7750356e-17
-8.6383831e-17
-8.5156523e-17
2.6381217e-15
-8.1576726e-16
-2.9857688e-15
2.2831792e-15
-1.0522821e-15
1.9422831e-15
-1.2028266e-15
1.6289742e-15
-1.2817297e-15
1.350443e-15
-1.3041154e-15
1.1090872e-15
-1.2842923e-15
9.0409179e-16
-1.2347231e-15
7.3269805e-16
-1.1656701e-15
5.9116418e-16
-1.0851876e-15
4.7541964e-16
-9.9934289e-16
3.8147871e-16
-9.125262e-16
3.0567389e-16
-8.277805e-16
2.4476616e-16
-7.4710695e-16
1.959761e-16
-6.7172723e-16
1.5696824e-16
-6.0229726e-16
1.2581064e-16
-5.3907518e-16
1.0092388e-16
-4.8204928e-16
8.1028141e-17
-4.3103323e-16
6.5093199e-17
-3.8573546e-16
-3.4580854e-16
2.4079368e-15
-5.5885031e-16
-2.6648537e-15
2.1343872e-15
-7.7873257e-16
1.8619609e-15
-9.3040023e-16
1.6031207e-15
-1.0228895e-15
1.3656427e-15
-1.0666374e-15
1.1535032e-15
-1.0721528e-15
9.6788457e-16
-1.0491045e-15
8.080758e-16
-1.0058613e-15
6.7221093e-16
-9.493227e-16
5.5782095e-16
-8.8495291e-16
4.6221922e-16
-8.1692447e-16
3.8275078e-16
-7.4831205e-16
3.1693948e-16
-6.8129566e-16
2.6256311e-16
-6.1735086e-16
2.1768054e-16
-5.5741468e-16
1.8062915e-16
-5.0202379e-16
1.5000535e-16
-4.5142548e-16
1.2463671e-16
-4.056646e-16
1.0355135e-16
-3.6465009e-16
-3.2820483e-16
2.1951685e-15
-3.7121853e-16
-2.3828003e-15
1.9860637e-15
-5.6962773e-16
1.7699861e-15
-7.1432264e-16
1.5578922e-15
-8.1079557e-16
1.3573562e-15
-8.6610135e-16
1.1730283e-15
-8.878249e-16
1.0072463e-15
-8.833225e-16
8.6064577e-16
-8.5926079e-16
7.3270228e-16
-8.2137922e-16
6.2216959e-16
-7.7442022e-16
5.2741082e-16
-7.221657e-16
4.4663312e-16
-6.6753436e-16
3.7804377e-16
-6.127063e-16
3.1994599e-16
-5.5925308e-16
2.7079146e-16
-5.0826016e-16
2.2920294e-16
-4.6043527e-16
1.9397766e-16
-4.1620019e-16
1.6407899e-16
-3.7576593e-16
1.386218e-16
-3.391929e-16
-3.0643799e-16
2.0039314e-15
-2.3634549e-16
-2.1388045e-15
1.8455016e-15
-4.1119789e-16
1.6752236e-15
-5.4404465e-16
1.502474e-15
-6.3804601e-16
1.3342348e-15
-6.9786208e-16
1.1752882e-15
-7.2887834e-16
1.0285649e-15
-7.3659915e-16
8.9553834e-16
-7.2623427e-16
7.7660732e-16
-7.024482e-16
6.7142787e-16
-6.6924077e-16
5.7918245e-16
-6.2992028e-16
4.9878499e-16
-5.8713689e-16
4.2902891e-16
-5.4295022e-16
3.6868827e-16
-4.9891244e-16
3.1658245e-16
-4.5615434e-16
2.7161389e-16
-4.1546671e-16
2.3278686e-16
-3.7737316e-16
1.9921344e-16
-3.4219252e-16
1.7011134e-16
-3.100908e-16
-2.8112351e-16
1.8358511e-15
-1.4151019e-16
-1.9306864e-15
1.7170088e-15
-2.9235559e-16
1.5835574e-15
-4.1059324e-16
1.4433966e-15
-4.9788529e-16
1.3027621e-15
-5.5722758e-16
1.1662654e-15
-5.9238157e-16
1.0370698e-15
-6.0740363e-16
9.1713221e-16
-6.0629664e-16
8.0746015e-16
-5.9277614e-16
7.0835443e-16
-5.7013505e-16
6.1961819e-16
-5.4118405e-16
5.4072707e-16
-5.0824577e-16
4.7096044e-16
-4.7318359e-16
4.0949817e-16
-4.3745017e-16
3.5548859e-16
-4.0214476e-16
3.0809387e-16
-3.6807199e-16
2.6651813e-16
-3.3579742e-16
2.300232e-16
-3.0569759e-16
1.9793563e-16
-2.7800324e-16
-2.5283572e-16
1.691128e-15
-7.6924531e-17
-1.7557136e-15
1.602991e-15
-2.0421859e-16
1.4988359e-15
-3.064382e-16
1.3852681e-15
-3.8431747e-16
1.2677596e-15
-4.3971911e-16
1.1506029e-15
-4.7522489e-16
1.0369782e-15
-4.9377886e-16
9.2908758e-16
-4.9840605e-16
8.2832097e-16
-4.9200953e-16
7.3542508e-16
-4.7723916e-16
6.5066055e-16
-4.5641951e-16
5.7393744e-16
-4.3152266e-16
5.0492646e-16
-4.0417261e-16
4.4314614e-16
-3.7566985e-16
3.8802856e-16
-3.4702718e-16
3.3896705e-16
-3.1901048e-16
2.9534932e-16
-2.9217969e-16
2.5657931e-16
-2.6692758e-16
2.2209062e-16
-2.4351455e-16
-2.2209889e-16
1.5691555e-15
-3.5052691e-17
-1.6110273e-15
1.5046261e-15
-1.396892e-16
1.423499e-15
-2.2531113e-16
1.3312932e-15
-2.921116e-16
1.2327752e-15
-3.4120118e-16
1.1318679e-15
-3.7431762e-16
1.0316504e-15
-3.9356127e-16
9.3442025e-16
-4.0117594e-16
8.4179254e-16
-3.9938181e-16
7.5481247e-16
-3.902591e-16
6.7406932e-16
-3.7567636e-16
5.9980105e-16
-3.5725439e-16
5.3198539e-16
-3.3635696e-16
4.7041548e-16
-3.1409993e-16
4.1476035e-16
-2.9137205e-16
3.6461171e-16
-2.6886184e-16
3.1951894e-16
-2.4708693e-16
2.790145e-16
-2.2642313e-16
2.4263144e-16
-2.0713149e-16
-1.893826e-16
1.4690359e-15
-1.4940878e-15
-1.0000772e-17
1.422368e-15
-9.3021355e-17
1.3590075e-15
-1.6195063e-16
1.2835955e-15
-2.1669959e-16
1.2002894e-15
-2.5789501e-16
1.1126497e-15
-2.86678e-16
1.0236015e-15
-3.0451298e-16
9.3544858e-16
-3.1302306e-16
8.499257e-16
-3.1385893e-16
7.6826942e-16
-3.0860282e-16
6.9129778e-16
-2.9870472e-16
6.1948918e-16
-2.8544579e-16
5.5305529e-16
-2.6992307e-16
4.9200509e-16
-2.5304973e-16
4.3619889e-16
-2.3556585e-16
3.8539245e-16
-2.180554e-16
3.3927194e-16
-2.0096642e-16
2.9748087e-16
-1.8463206e-16
2.5964022e-16
-1.6929084e-16
-1.5510547e-16
1.7660512e-15
3.8705488e-15
-9.1516953e-16
2.4965052e-15
3.5007281e-15
3.0649866e-15
2.990013e-15
3.4484261e-15
2.3838135e-15
3.6431219e-15
1.7321423e-15
3.6629764e-15
1.0834834e-15
3.5355683e-15
4.7948402e-16
3.2969612e-15
-4.8743409e-17
-4.8264022e-16
1.4212087e-15
3.1834932e-15
-7.341532e-16
2.0196034e-15
2.9023334e-15
2.497811e-15
2.5118054e-15
2.8371778e-15
2.0444467e-15
3.0327765e-15
1.5365436e-15
3.0924067e-15
1.0238533e-15
3.0340577e-15
5.3783296e-16
2.8824104e-15
1.0290388e-16
-2.6508352e-16
1.1586029e-15
2.621659e-15
-5.9676858e-16
1.6543828e-15
2.4065535e-15
2.0599694e-15
2.1062187e-15
2.3602768e-15
1.7441394e-15
2.5500184e-15
1.346802e-15
2.6331662e-15
9.4070546e-16
2.6213228e-15
5.4967637e-16
2.5313751e-15
1.9285158e-16
-1.1650875e-16
9.5732398e-16
2.1561194e-15
-4.9178447e-16
1.3730372e-15
1.9908403e-15
1.7202528e-15
1.7590031e-15
1.9867296e-15
1.4776626e-15
2.1672813e-15
1.1662503e-15
2.2635084e-15
8.4447836e-16
2.2827605e-15
5.3042429e-16
2.2365674e-15
2.3904476e-16
-1.8745875e-17
8.0242764e-16
1.7649017e-15
-4.1120987e-16
1.1555459e-15
1.6377221e-15
1.4559524e-15
1.4585966e-15
1.6936519e-15
1.239963e-15
1.86378e-15
9.9612219e-16
1.9664929e-15
7.4176545e-16
2.0063124e-15
4.9060482e-16
1.9910772e-15
2.5427998e-16
4.1644953e-17
6.8307782e-16
1.4310972e-15
-3.4927336e-16
9.8729708e-16
1.3335028e-15
1.2503364e-15
1.1955574e-15
1.4639592e-15
1.0263401e-15
1.6237054e-15
8.3637599e-16
1.728872e-15
6.3659891e-16
1.7821039e-15
4.3737288e-16
1.7886935e-15
2.4769039e-16
7.4624842e-17
5.913475e-16
1.1415178e-15
-3.0176809e-16
8.5753634e-16
1.067314e-15
1.0909811e-15
9.6211264e-16
1.284809e-15
8.3251212e-16
1.434969e-15
6.8621604e-16
1.5402621e-15
5.3130578e-16
1.6020911e-15
3.7554385e-16
1.6239911e-15
2.257904e-16
8.7588655e-17
5.2165294e-16
-2.6573936e-16
8.8560422e-16
7.5865103e-16
8.3031587e-16
9.6902886e-16
7.5173481e-16
1.1469542e-15
6.5458676e-16
1.2887475e-15
5.4442276e-16
1.3929388e-15
4.2711447e-16
1.4601176e-15
3.0836505e-16
1.4926166e-15
1.9329139e-16
8.6117468e-17
4.0648526e-15
3.3306994e-15
2.7339308e-15
2.2421464e-15
1.8309365e-15
1.4816631e-15
1.179895e-15
9.1415568e-16
6.5846758e-17
-7.6274016e-17
-1.3175211e-16
5.632903e-17
-1.2105336e-16
4.7607182e-17
-1.1158449e-16
3.957071e-17
-1.0335153e-16
3.2112749e-17
-9.6346229e-17
2.513013e-17
-9.0552121e-17
1.8523146e-17
-8.5949218e-17
1.2195086e-17
-8.251765e-17
6.0516059e-18
-8.0240351e-17
-7.9104917e-17
4.6245938e-16
-4.6795845e-16
-4.5016995e-18
4.5011449e-16
-8.0676466e-17
4.3234511e-16
-1.4418126e-16
4.1051841e-16
-1.9487288e-16
3.8588451e-16
-2.3326111e-16
3.5953781e-16
-2.603313e-16
3.3239899e-16
-2.7737416e-16
3.0521322e-16
-2.8583729e-16
2.7855981e-16
-2.8720552e-16
2.5286894e-16
-2.8291194e-16
2.2844195e-16
-2.7427773e-16
2.0547269e-16
-2.6247654e-16
1.8406809e-16
-2.4851847e-16
1.6426681e-16
-2.3324845e-16
1.4605557e-16
-2.1735461e-16
1.2938284e-16
-2.0138268e-16
1.1417009e-16
-1.8575367e-16
1.0032064e-16
-1.707826e-16
8.7726585e-17
-1.5669679e-16
-1.436529e-16
1.5897703e-16
-8.0907737e-17
8.0753493e-16
2.3157202e-16
7.5772088e-16
2.9643898e-16
6.8686784e-16
3.5184321e-16
5.9918254e-16
3.9665048e-16
4.9961549e-16
4.3034866e-16
3.9341629e-16
4.5301279e-16
2.8570092e-16
4.6522419e-16
1.8107999e-16
8.3383201e-17
8.3324794e-16
2.0411004e-16
-9.9735833e-17
-2.3612632e-16
1.7480404e-16
-9.1747365e-17
1.47881e-16
-8.4661445e-17
1.2301837e-16
-7.8488894e-17
9.9900776e-17
-7.3228636e-17
7.822102e-17
-6.8872365e-17
5.7680029e-17
-6.5408227e-17
3.7986048e-17
-6.2823669e-17
1.8853251e-17
-6.1107554e-17
-6.0251666e-17
2.1146209e-16
-6.6922347e-17
-2.4427557e-16
1.8133028e-16
-6.1615554e-17
1.5356952e-16
-5.6900686e-17
1.2786861e-16
-5.2787983e-17
1.0391916e-16
-4.9279187e-17
8.1417514e-17
-4.6370721e-17
6.0065495e-17
-4.4056208e-17
3.9570246e-17
-4.232842e-17
1.9643438e-17
-4.1180746e-17
-4.0608228e-17
2.1634602e-16
-3.3589099e-17
-2.4967927e-16
1.8567225e-16
-3.0941783e-17
1.5735899e-16
-2.8587429e-17
1.3110307e-16
-2.6532067e-17
1.066012e-16
-2.4777314e-17
8.3552457e-17
-2.3321977e-17
6.165958e-17
-2.216333e-17
4.0629269e-17
-2.1298109e-17
2.0171779e-17
-2.0723255e-17
-2.043645e-17
2.1878171e-16
-2.5237081e-16
1.8783993e-16
1.592525e-16
1.3272044e-16
1.0794312e-16
8.4621144e-17
6.2457814e-17
4.1159705e-17
2.043645e-17
1.340701e-15
4.9231333e-18
-1.3501258e-15
1.3113443e-15
-5.1319805e-17
1.2658235e-15
-9.8660462e-17
1.2078407e-15
-1.3689004e-16
1.1408531e-15
-1.6627353e-16
1.0679535e-15
-1.8743166e-16
9.9180363e-16
-2.0122432e-16
9.1461227e-16
-2.0864593e-16
8.3814535e-16
-2.1073859e-16
7.6375891e-16
-2.085255e-16
6.9244509e-16
-2.0296391e-16
6.2488406e-16
-1.9491552e-16
5.6149676e-16
-1.8513116e-16
5.0249474e-16
-1.7424644e-16
4.4792523e-16
-1.627851e-16
3.9771016e-16
-1.511676e-16
3.5167906e-16
-1.3972257e-16
3.0959597e-16
-1.2869951e-16
2.7118087e-16
-1.1828169e-16
-1.0859835e-16
1.2891349e-15
7.0801615e-18
-1.2912919e-15
1.2677942e-15
-2.9979102e-17
1.2305147e-15
-6.1381011e-17
1.1805667e-15
-8.6941981e-17
1.1210793e-15
-1.0678621e-16
1.0549215e-15
-1.2127383e-16
9.8462554e-16
-1.3092835e-16
9.123497e-16
-1.3637009e-16
8.3987109e-16
-1.3825998e-16
7.6860085e-16
-1.3725527e-16
6.9961448e-16
-1.3397753e-16
6.3369068e-16
-1.2899172e-16
5.7135398e-16
-1.2279446e-16
5.1291726e-16
-1.1580972e-16
4.5852193e-16
-1.0838976e-16
4.0817407e-16
-1.0081975e-16
3.6177607e-16
-9.3324567e-17
3.1915318e-16
-8.6076617e-17
2.800755e-16
-7.9204011e-17
-7.2798424e-17
1.2551398e-15
4.645683e-18
-1.2527053e-15
1.238911e-15
-1.3750372e-17
1.2069292e-15
-2.9399153e-17
1.1621836e-15
-4.2196399e-17
1.1075866e-15
-5.2189218e-17
1.0458549e-15
-5.9542155e-17
9.7942899e-16
-6.4502414e-17
9.1042649e-16
-6.7367594e-17
8.4062455e-16
-6.8458046e-17
7.7146417e-16
-6.8094887e-17
7.0407045e-16
-6.6583814e-17
6.3928302e-16
-6.4204286e-17
5.7769184e-16
-6.1203285e-17
5.1967484e-16
-5.7792715e-17
4.6543459e-16
-5.4149516e-17
4.1503248e-16
-5.0417636e-17
3.6841908e-16
-4.6711167e-17
3.2546055e-16
-4.3118086e-17
2.8596073e-16
-3.9704194e-17
-3.651696e-17
1.2382727e-15
-1.233627e-15
1.2245223e-15
1.1951232e-15
1.1529268e-15
1.1007376e-15
1.0411954e-15
9.76693e-16
9.093254e-16
8.4086736e-16
7.7277247e-16
7.0618866e-16
6.4198437e-16
5.8078109e-16
5.2298837e-16
4.6883886e-16
4.1842122e-16
3.7171005e-16
3.2859197e-16
2.8888777e-16
4.4672424e-16
5.8794572e-16
-2.2713502e-16
6.5173202e-16
5.527131e-16
8.3608806e-16
5.025118e-16
9.9503953e-16
4.4023107e-16
1.1253691e-15
3.6928592e-16
1.2254662e-15
2.933192e-16
1.295258e-15
2.1590913e-16
1.3360236e-15
1.403144e-16
6.9280956e-17
4.1492854e-16
3.8376359e-16
-2.1074641e-16
6.0639728e-16
3.6124436e-16
7.7979193e-16
3.2911716e-16
9.3083411e-16
2.8918889e-16
1.0565179e-15
2.436021e-16
1.1551849e-15
1.9465226e-16
1.226487e-15
1.4460697e-16
1.2712544e-15
9.5546984e-17
4.9243501e-17
3.9453142e-16
1.8947232e-16
-2.0024015e-16
5.7728191e-16
1.7849386e-16
7.4357954e-16
1.6281953e-16
8.8944986e-16
1.4331856e-16
1.0120283e-15
1.2102369e-16
1.1096363e-15
9.7044229e-17
1.1817635e-15
7.2479809e-17
1.2289665e-15
4.8343979e-17
2.5504685e-17
3.8459868e-16
-1.9512636e-16
5.6309254e-16
7.2591207e-16
8.6923063e-16
9.9025432e-16
1.0872986e-15
1.1597784e-15
1.2081223e-15
6.0611292e-16
3.953665e-16
1.9512636e-16
)
;

boundaryField
{
    needle_inlet_left
    {
        type            calculated;
        value           uniform 0;
    }
    needle_inlet_right
    {
        type            calculated;
        value           uniform 0;
    }
    needle_outlet_left
    {
        type            calculated;
        value           uniform 0;
    }
    needle_outlet_right
    {
        type            calculated;
        value           uniform 0;
    }
    sclera_left_lower
    {
        type            calculated;
        value           uniform 0;
    }
    sclera_left_upper
    {
        type            calculated;
        value           uniform 0;
    }
    sclera_right
    {
        type            calculated;
        value           uniform 0;
    }
    sclera_right_upper
    {
        type            calculated;
        value           uniform 0;
    }
    sclera_top
    {
        type            calculated;
        value           uniform 0;
    }
    cornea_fsi
    {
        type            calculated;
        value           uniform 0;
    }
    lens_bottom
    {
        type            calculated;
        value           uniform 0;
    }
    lens_bottom_left
    {
        type            calculated;
        value           uniform 0;
    }
    lens_right
    {
        type            calculated;
        value           uniform 0;
    }
    lens_left
    {
        type            calculated;
        value           uniform 0;
    }
    lens_top
    {
        type            calculated;
        value           uniform 0;
    }
    lens_top_left
    {
        type            calculated;
        value           uniform 0;
    }
    iris_bottom
    {
        type            calculated;
        value           uniform 0;
    }
    iris_pupil
    {
        type            calculated;
        value           uniform 0;
    }
    iris_pupil_left
    {
        type            calculated;
        value           uniform 0;
    }
    iris_top
    {
        type            calculated;
        value           uniform 0;
    }
    tm_limbus_wall
    {
        type            calculated;
        value           uniform 0;
    }
    ac_inlet
    {
        type            calculated;
        value           nonuniform List<scalar> 5(-5.2188234e-12 -5.2188234e-12 -4.8709022e-12 -4.8709012e-12 -4.8709022e-12);
    }
    ac_inlet_left
    {
        type            calculated;
        value           nonuniform List<scalar> 5(-5.2188234e-12 -5.2188234e-12 -4.8709022e-12 -4.8709012e-12 -4.8709022e-12);
    }
    outlet_tm
    {
        type            calculated;
        value           nonuniform List<scalar> 4(6.2625878e-12 6.2625882e-12 6.2625882e-12 6.2625879e-12);
    }
    outlet_tm_left
    {
        type            calculated;
        value           nonuniform List<scalar> 4(6.2625878e-12 6.2625882e-12 6.2625882e-12 6.2625879e-12);
    }
    front
    {
        type            empty;
    }
    back
    {
        type            empty;
    }
    defaultFaces
    {
        type            calculated;
        value           uniform 0;
    }
    needle_int_inlet_master
    {
        type            calculated;
        value           uniform 0;
    }
    needle_int_inlet_slave
    {
        type            calculated;
        value           uniform 0;
    }
    needle_int_outlet_master
    {
        type            calculated;
        value           uniform 0;
    }
    needle_int_outlet_slave
    {
        type            calculated;
        value           uniform 0;
    }
}


// ************************************************************************* //
