/*--------------------------------*- C++ -*----------------------------------*\
| =========                 |                                                 |
| \\      /  F ield         | OpenFOAM: The Open Source CFD Toolbox           |
|  \\    /   O peration     | Version:  2512                                  |
|   \\  /    A nd           | Website:  www.openfoam.com                      |
|    \\/     M anipulation  |                                                 |
\*---------------------------------------------------------------------------*/
FoamFile
{
    version     2.0;
    format      ascii;
    arch        "LSB;label=32;scalar=64";
    class       volVectorField;
    location    "3";
    object      Force;
}
// * * * * * * * * * * * * * * * * * * * * * * * * * * * * * * * * * * * * * //

dimensions      [1 1 -2 0 0 0 0];

internalField   uniform (0 0 0);

boundaryField
{
    inlet
    {
        type            calculated;
        value           uniform (0 0 0);
    }
    fsi_pia
    {
        type            calculated;
        value           nonuniform List<vector> 
960
(
(-0.00015649309 0.00012843258 -6.1429607e-08)
(-0.00017854247 9.5434435e-05 -6.5721396e-08)
(-0.0001937363 5.8766053e-05 -7.0366338e-08)
(-0.00020148649 1.984193e-05 -7.234363e-08)
(-0.00020148649 -1.984193e-05 -7.2343625e-08)
(-0.0001937363 -5.8766053e-05 -7.0366319e-08)
(-0.00017854247 -9.5434435e-05 -6.5721354e-08)
(-0.00015649309 -0.00012843258 -6.1429544e-08)
(-0.00015646707 0.00012839843 -5.3624845e-08)
(-0.00017851632 9.5396623e-05 -5.8983765e-08)
(-0.00019369921 5.8739061e-05 -6.5338019e-08)
(-0.00020143601 1.9832998e-05 -6.8801854e-08)
(-0.00020143601 -1.9832998e-05 -6.8801849e-08)
(-0.00019369921 -5.8739061e-05 -6.5337999e-08)
(-0.00017851632 -9.5396623e-05 -5.898372e-08)
(-0.00015646707 -0.00012839843 -5.3624782e-08)
(-0.00015646379 0.00012838987 6.3259521e-09)
(-0.00017851418 9.538412e-05 6.9933373e-09)
(-0.00019369408 5.8728996e-05 7.4967312e-09)
(-0.00020142726 1.9829475e-05 7.5141649e-09)
(-0.00020142726 -1.9829475e-05 7.5141702e-09)
(-0.00019369408 -5.8728996e-05 7.4967509e-09)
(-0.00017851418 -9.538412e-05 6.9933803e-09)
(-0.00015646379 -0.00012838987 6.3260123e-09)
(-0.00015646898 0.00012839517 1.6945436e-09)
(-0.00017852003 9.5388626e-05 1.5432684e-09)
(-0.00019370215 5.8731386e-05 1.1556326e-09)
(-0.00020143781 1.9830078e-05 7.3830007e-10)
(-0.00020143781 -1.9830078e-05 7.3830519e-10)
(-0.00019370215 -5.8731386e-05 1.1556516e-09)
(-0.00017852003 -9.5388626e-05 1.5433101e-09)
(-0.00015646898 -0.00012839517 1.694602e-09)
(-0.00015646969 0.00012839583 1.6465737e-09)
(-0.00017852103 9.538906e-05 1.7188763e-09)
(-0.00019370373 5.8731289e-05 1.7994855e-09)
(-0.00020143995 1.9829862e-05 1.8212838e-09)
(-0.00020143995 -1.9829862e-05 1.8212887e-09)
(-0.00019370373 -5.8731289e-05 1.7995039e-09)
(-0.00017852103 -9.538906e-05 1.7189166e-09)
(-0.00015646969 -0.00012839583 1.6466303e-09)
(-0.00015647088 0.00012839676 9.9232359e-10)
(-0.00017852237 9.5389755e-05 9.2763353e-10)
(-0.00019370513 5.8731926e-05 9.3494482e-10)
(-0.00020144144 1.983021e-05 1.0601183e-09)
(-0.00020144144 -1.983021e-05 1.0601231e-09)
(-0.00019370513 -5.8731926e-05 9.3496267e-10)
(-0.00017852237 -9.5389755e-05 9.2767263e-10)
(-0.00015647088 -0.00012839676 9.9237876e-10)
(-0.00015647191 0.00012839593 3.018026e-09)
(-0.00017852406 9.5387392e-05 1.7066988e-09)
(-0.00019370623 5.8729619e-05 -8.5524732e-11)
(-0.00020144184 1.9829272e-05 -1.367631e-09)
(-0.00020144184 -1.9829272e-05 -1.3676263e-09)
(-0.00019370623 -5.8729619e-05 -8.5507399e-11)
(-0.00017852406 -9.5387392e-05 1.7067366e-09)
(-0.00015647191 -0.00012839593 3.0180791e-09)
(-0.00015647246 0.00012839572 5.6936606e-10)
(-0.00017852496 9.5386479e-05 1.2834718e-09)
(-0.00019370711 5.8728397e-05 2.1695705e-09)
(-0.00020144272 1.9828615e-05 2.7106547e-09)
(-0.00020144272 -1.9828615e-05 2.7106592e-09)
(-0.00019370711 -5.8728397e-05 2.169587e-09)
(-0.00017852496 -9.5386479e-05 1.2835079e-09)
(-0.00015647246 -0.00012839572 5.694167e-10)
(-0.00015647229 0.00012839558 3.5616136e-10)
(-0.00017852475 9.5386392e-05 -3.4842125e-10)
(-0.00019370689 5.8728349e-05 -1.2219994e-09)
(-0.0002014425 1.98286e-05 -1.7546499e-09)
(-0.0002014425 -1.98286e-05 -1.7546456e-09)
(-0.00019370689 -5.8728349e-05 -1.2219836e-09)
(-0.00017852475 -9.5386392e-05 -3.4838689e-10)
(-0.00015647229 -0.00012839558 3.5620954e-10)
(-0.00015647158 0.00012839573 -1.6937571e-09)
(-0.00017852366 9.5387307e-05 -3.4718277e-10)
(-0.0001937058 5.8729611e-05 1.4985211e-09)
(-0.0002014414 1.982928e-05 2.8214249e-09)
(-0.0002014414 -1.982928e-05 2.821429e-09)
(-0.0001937058 -5.8729611e-05 1.498536e-09)
(-0.00017852366 -9.5387307e-05 -3.4715013e-10)
(-0.00015647158 -0.00012839573 -1.6937114e-09)
(-0.0001564709 0.00012839689 1.3838091e-09)
(-0.00017852235 9.5389977e-05 1.465964e-09)
(-0.00019370507 5.8732147e-05 1.4867192e-09)
(-0.00020144133 1.9830307e-05 1.3878016e-09)
(-0.00020144133 -1.9830307e-05 1.3878054e-09)
(-0.00019370507 -5.8732147e-05 1.4867331e-09)
(-0.00017852235 -9.5389977e-05 1.4659945e-09)
(-0.0001564709 -0.00012839689 1.3838518e-09)
(-0.00015647054 0.00012839674 1.7451839e-10)
(-0.0001785219 9.5389988e-05 1.7461975e-10)
(-0.0001937047 5.8731981e-05 1.7488317e-10)
(-0.00020144109 1.9830108e-05 1.7518088e-10)
(-0.00020144109 -1.9830108e-05 1.7518427e-10)
(-0.0001937047 -5.8731981e-05 1.7489591e-10)
(-0.0001785219 -9.5389988e-05 1.7464787e-10)
(-0.00015647054 -0.00012839674 1.7455769e-10)
(-0.00015647042 0.0001283965 -1.0172698e-09)
(-0.00017852179 9.5389681e-05 -1.0996812e-09)
(-0.00019370445 5.8731956e-05 -1.1208357e-09)
(-0.00020144064 1.9830239e-05 -1.0223005e-09)
(-0.00020144064 -1.9830239e-05 -1.0222974e-09)
(-0.00019370445 -5.8731956e-05 -1.1208241e-09)
(-0.00017852179 -9.5389681e-05 -1.0996554e-09)
(-0.00015647042 -0.0001283965 -1.0172337e-09)
(-0.00015647035 0.00012839472 2.088089e-09)
(-0.00017852227 9.5386565e-05 7.4208911e-10)
(-0.00019370431 5.872916e-05 -1.103216e-09)
(-0.00020143988 1.982913e-05 -2.4263119e-09)
(-0.00020143988 -1.982913e-05 -2.4263091e-09)
(-0.00019370431 -5.872916e-05 -1.1032056e-09)
(-0.00017852227 -9.5386565e-05 7.4211268e-10)
(-0.00015647035 -0.00012839472 2.0881219e-09)
(-0.00015647062 0.00012839422 1.0646514e-10)
(-0.00017852285 9.5385386e-05 8.1392164e-10)
(-0.00019370483 5.8727732e-05 1.6914126e-09)
(-0.00020144036 1.9828392e-05 2.2267684e-09)
(-0.00020144036 -1.9828392e-05 2.2267707e-09)
(-0.00019370483 -5.8727732e-05 1.6914219e-09)
(-0.00017852285 -9.5385386e-05 8.1394282e-10)
(-0.00015647062 -0.00012839422 1.0649455e-10)
(-0.00015647038 0.00012839403 1.6204101e-10)
(-0.00017852258 9.5385242e-05 -5.452294e-10)
(-0.00019370454 5.8727644e-05 -1.4224443e-09)
(-0.00020144006 1.9828362e-05 -1.9575867e-09)
(-0.00020144006 -1.9828362e-05 -1.9575847e-09)
(-0.00019370454 -5.8727644e-05 -1.4224363e-09)
(-0.00017852258 -9.5385242e-05 -5.4521078e-10)
(-0.00015647038 -0.00012839403 1.6206677e-10)
(-0.00015646981 0.00012839428 -1.8188915e-09)
(-0.00017852163 9.5386227e-05 -4.7288387e-10)
(-0.00019370358 5.872894e-05 1.3725016e-09)
(-0.00020143907 1.982905e-05 2.6957017e-09)
(-0.00020143907 -1.982905e-05 2.6957033e-09)
(-0.00019370358 -5.872894e-05 1.3725084e-09)
(-0.00017852163 -9.5386227e-05 -4.7286757e-10)
(-0.00015646981 -0.00012839428 -1.8188691e-09)
(-0.00015646906 0.00012839538 1.2869677e-09)
(-0.00017852025 9.538886e-05 1.3692941e-09)
(-0.00019370283 5.8731466e-05 1.3903018e-09)
(-0.00020143902 1.983008e-05 1.2916742e-09)
(-0.00020143902 -1.983008e-05 1.2916755e-09)
(-0.00019370283 -5.8731466e-05 1.3903075e-09)
(-0.00017852025 -9.538886e-05 1.3693082e-09)
(-0.00015646906 -0.00012839538 1.286987e-09)
(-0.00015646889 0.00012839539 9.7484632e-11)
(-0.00017852001 9.5388983e-05 9.812376e-11)
(-0.00019370266 5.8731362e-05 9.8559529e-11)
(-0.00020143896 1.9829899e-05 9.8653483e-11)
(-0.00020143896 -1.9829899e-05 9.8654518e-11)
(-0.00019370266 -5.8731362e-05 9.8564247e-11)
(-0.00017852001 -9.5388983e-05 9.8135791e-11)
(-0.00015646889 -0.00012839539 9.7500971e-11)
(-0.00015646895 0.0001283953 -1.1070204e-09)
(-0.00017852011 9.5388789e-05 -1.1891964e-09)
(-0.00019370261 5.8731401e-05 -1.2103518e-09)
(-0.0002014387 1.9830049e-05 -1.1118731e-09)
(-0.0002014387 -1.9830049e-05 -1.1118724e-09)
(-0.00019370261 -5.8731401e-05 -1.2103482e-09)
(-0.00017852011 -9.5388789e-05 -1.1891867e-09)
(-0.00015646895 -0.0001283953 -1.1070073e-09)
(-0.00015646882 0.00012839347 1.98048e-09)
(-0.00017852053 9.5385647e-05 6.3697615e-10)
(-0.00019370245 5.8728605e-05 -1.2047882e-09)
(-0.00020143797 1.9828946e-05 -2.5250844e-09)
(-0.00020143797 -1.9828946e-05 -2.525084e-09)
(-0.00019370245 -5.8728605e-05 -1.2047855e-09)
(-0.00017852053 -9.5385647e-05 6.3698394e-10)
(-0.00015646882 -0.00012839347 1.9804903e-09)
(-0.00015646923 0.0001283931 -5.8354036e-11)
(-0.00017852127 9.5384569e-05 6.5260572e-10)
(-0.00019370313 5.8727242e-05 1.5366041e-09)
(-0.00020143859 1.9828229e-05 2.077742e-09)
(-0.00020143859 -1.9828229e-05 2.0777423e-09)
(-0.00019370313 -5.8727242e-05 1.536606e-09)
(-0.00017852127 -9.5384569e-05 6.5261182e-10)
(-0.00015646923 -0.0001283931 -5.8346144e-11)
(-0.00015646898 0.00012839289 -2.160379e-10)
(-0.00017852099 9.5384415e-05 -9.2738322e-10)
(-0.00019370281 5.8727154e-05 -1.8081468e-09)
(-0.00020143826 1.9828202e-05 -2.3440944e-09)
(-0.00020143826 -1.9828202e-05 -2.3440944e-09)
(-0.00019370281 -5.8727154e-05 -1.8081456e-09)
(-0.00017852099 -9.5384415e-05 -9.273787e-10)
(-0.00015646898 -0.00012839289 -2.160323e-10)
(-0.00015646822 0.00012839295 -2.5651077e-09)
(-0.00017851984 9.5385211e-05 -1.2498294e-09)
(-0.00019370162 5.8728292e-05 5.4598999e-10)
(-0.00020143699 1.9828825e-05 1.8291329e-09)
(-0.00020143699 -1.9828825e-05 1.8291328e-09)
(-0.00019370162 -5.8728292e-05 5.4599053e-10)
(-0.00017851984 -9.5385211e-05 -1.2498264e-09)
(-0.00015646822 -0.00012839295 -2.5651043e-09)
(-0.00015646651 0.00012839321 -5.9168012e-10)
(-0.0001785174 9.5387163e-05 -5.336637e-10)
(-0.0001936998 5.8730359e-05 -5.5378534e-10)
(-0.00020143596 1.9829687e-05 -6.9130645e-10)
(-0.00020143596 -1.9829687e-05 -6.9130672e-10)
(-0.0001936998 -5.8730359e-05 -5.5378541e-10)
(-0.0001785174 -9.5387163e-05 -5.3366215e-10)
(-0.00015646651 -0.00012839321 -5.9167883e-10)
(-0.00015646502 0.000128392 -1.6696516e-09)
(-0.00017851573 9.5386206e-05 -1.7782293e-09)
(-0.00019369805 5.8729491e-05 -1.9284877e-09)
(-0.00020143418 1.9829235e-05 -2.0200021e-09)
(-0.00020143418 -1.9829235e-05 -2.0200023e-09)
(-0.00019369805 -5.8729491e-05 -1.9284878e-09)
(-0.00017851573 -9.5386206e-05 -1.7782281e-09)
(-0.00015646502 -0.000128392 -1.6696511e-09)
(-0.00015646379 0.00012839076 -2.3868389e-09)
(-0.00017851416 9.5385155e-05 -2.3437875e-09)
(-0.00019369579 5.8729132e-05 -2.0785592e-09)
(-0.00020143134 1.9829294e-05 -1.7210615e-09)
(-0.00020143134 -1.9829294e-05 -1.7210619e-09)
(-0.00019369579 -5.8729132e-05 -2.0785601e-09)
(-0.00017851416 -9.5385155e-05 -2.3437884e-09)
(-0.00015646379 -0.00012839076 -2.3868403e-09)
(-0.00015645713 0.00012838422 -1.2766526e-08)
(-0.0001785066 9.537975e-05 -1.3305444e-08)
(-0.00019368577 5.872633e-05 -1.3590514e-08)
(-0.00020141854 1.9828623e-05 -1.3406236e-08)
(-0.00020141854 -1.9828623e-05 -1.3406236e-08)
(-0.00019368577 -5.872633e-05 -1.3590515e-08)
(-0.0001785066 -9.537975e-05 -1.3305444e-08)
(-0.00015645713 -0.00012838422 -1.276653e-08)
(-0.00015645344 0.00012838739 3.4957454e-08)
(-0.00017850084 9.5388738e-05 4.0466812e-08)
(-0.00019368264 5.8734531e-05 4.7007042e-08)
(-0.00020141877 1.9831554e-05 5.0561935e-08)
(-0.00020141877 -1.9831554e-05 5.0561935e-08)
(-0.00019368264 -5.8734531e-05 4.7007041e-08)
(-0.00017850084 -9.5388738e-05 4.0466808e-08)
(-0.00015645344 -0.00012838739 3.4957451e-08)
(-0.00015629781 0.00012826844 1.4813978e-07)
(-0.00017832029 9.5309882e-05 1.499574e-07)
(-0.00019349018 5.8690074e-05 1.5288791e-07)
(-0.00020122372 1.9816925e-05 1.5513969e-07)
(-0.00020122372 -1.9816925e-05 1.5513969e-07)
(-0.00019349018 -5.8690074e-05 1.5288791e-07)
(-0.00017832029 -9.5309882e-05 1.4995739e-07)
(-0.00015629781 -0.00012826844 1.4813977e-07)
(-0.00012843258 -0.00015649309 -6.1429498e-08)
(-9.5434435e-05 -0.00017854247 -6.5721211e-08)
(-5.8766053e-05 -0.0001937363 -7.0366072e-08)
(-1.984193e-05 -0.00020148649 -7.2343279e-08)
(1.984193e-05 -0.00020148649 -7.2343178e-08)
(5.8766053e-05 -0.0001937363 -7.0365791e-08)
(9.5434435e-05 -0.00017854247 -6.5720799e-08)
(0.00012843258 -0.00015649309 -6.1428997e-08)
(-0.00012839843 -0.00015646707 -5.3624763e-08)
(-9.5396623e-05 -0.00017851632 -5.8983668e-08)
(-5.8739061e-05 -0.00019369921 -6.533793e-08)
(-1.9832998e-05 -0.00020143601 -6.880177e-08)
(1.9832998e-05 -0.00020143601 -6.8801745e-08)
(5.8739061e-05 -0.00019369921 -6.5337855e-08)
(9.5396623e-05 -0.00017851632 -5.8983539e-08)
(0.00012839843 -0.00015646707 -5.3624583e-08)
(-0.00012838987 -0.00015646379 6.3260442e-09)
(-9.5384119e-05 -0.00017851418 6.9934753e-09)
(-5.8728996e-05 -0.00019369408 7.4968981e-09)
(-1.9829475e-05 -0.00020142726 7.5143515e-09)
(1.9829476e-05 -0.00020142726 7.5143827e-09)
(5.8728996e-05 -0.00019369408 7.4970014e-09)
(9.538412e-05 -0.00017851418 6.9936562e-09)
(0.00012838987 -0.00015646379 6.3262911e-09)
(-0.00012839517 -0.00015646898 1.694648e-09)
(-9.5388626e-05 -0.00017852003 1.5434531e-09)
(-5.8731385e-05 -0.00019370215 1.155898e-09)
(-1.9830077e-05 -0.00020143781 7.3864796e-10)
(1.9830078e-05 -0.00020143781 7.387174e-10)
(5.8731386e-05 -0.00019370215 1.1560951e-09)
(9.5388626e-05 -0.00017852003 1.5437496e-09)
(0.00012839517 -0.00015646898 1.6950228e-09)
(-0.00012839583 -0.00015646969 1.6466432e-09)
(-9.538906e-05 -0.00017852103 1.7189282e-09)
(-5.8731289e-05 -0.00019370373 1.7994562e-09)
(-1.9829861e-05 -0.00020143995 1.8211548e-09)
(1.9829862e-05 -0.00020143995 1.8211068e-09)
(5.8731289e-05 -0.00019370373 1.7993569e-09)
(9.538906e-05 -0.00017852103 1.718863e-09)
(0.00012839583 -0.00015646969 1.6466432e-09)
(-0.00012839676 -0.00015647088 9.9245932e-10)
(-9.5389755e-05 -0.00017852237 9.2791923e-10)
(-5.8731926e-05 -0.00019370513 9.3536464e-10)
(-1.9830209e-05 -0.00020144144 1.0606432e-09)
(1.9830209e-05 -0.00020144144 1.0607535e-09)
(5.8731926e-05 -0.00019370513 9.3570626e-10)
(9.5389755e-05 -0.00017852237 9.2846957e-10)
(0.00012839676 -0.00015647088 9.93169e-10)
(-0.00012839593 -0.00015647191 3.018105e-09)
(-9.5387392e-05 -0.00017852406 1.7068077e-09)
(-5.8729618e-05 -0.00019370623 -8.5400272e-11)
(-1.9829271e-05 -0.00020144184 -1.3674828e-09)
(1.9829271e-05 -0.00020144184 -1.3674606e-09)
(5.8729618e-05 -0.00019370623 -8.5339257e-11)
(9.5387392e-05 -0.00017852406 1.7069092e-09)
(0.00012839593 -0.00015647191 3.0182506e-09)
(-0.00012839572 -0.00015647246 5.6947373e-10)
(-9.5386479e-05 -0.00017852496 1.2836757e-09)
(-5.8728397e-05 -0.00019370711 2.1698475e-09)
(-1.9828614e-05 -0.00020144272 2.7109859e-09)
(1.9828615e-05 -0.00020144272 2.7110461e-09)
(5.8728397e-05 -0.00019370711 2.1700376e-09)
(9.5386479e-05 -0.00017852496 1.2839972e-09)
(0.00012839572 -0.00015647246 5.6990672e-10)
(-0.00012839558 -0.00015647229 3.5625548e-10)
(-9.5386392e-05 -0.00017852475 -3.4826031e-10)
(-5.8728349e-05 -0.00019370689 -1.2218042e-09)
(-1.98286e-05 -0.0002014425 -1.7544334e-09)
(1.98286e-05 -0.0002014425 -1.7543901e-09)
(5.8728349e-05 -0.0001937069 -1.2216595e-09)
(9.5386392e-05 -0.00017852475 -3.4799831e-10)
(0.00012839558 -0.00015647229 3.5662396e-10)
(-0.00012839573 -0.00015647158 -1.6936166e-09)
(-9.5387307e-05 -0.00017852366 -3.4687694e-10)
(-5.872961e-05 -0.0001937058 1.4989324e-09)
(-1.9829279e-05 -0.0002014414 2.8218799e-09)
(1.9829279e-05 -0.0002014414 2.8219636e-09)
(5.8729611e-05 -0.0001937058 1.4992319e-09)
(9.5387307e-05 -0.00017852366 -3.4632087e-10)
(0.00012839573 -0.00015647158 -1.6928391e-09)
(-0.00012839689 -0.0001564709 1.3838885e-09)
(-9.5389977e-05 -0.00017852235 1.4661276e-09)
(-5.8732146e-05 -0.00019370507 1.4870153e-09)
(-1.9830306e-05 -0.00020144133 1.3882583e-09)
(1.9830306e-05 -0.00020144133 1.3883497e-09)
(5.8732146e-05 -0.00019370508 1.4872374e-09)
(9.5389978e-05 -0.00017852235 1.4663954e-09)
(0.00012839689 -0.0001564709 1.3841757e-09)
(-0.00012839674 -0.00015647054 1.7452927e-10)
(-9.5389988e-05 -0.0001785219 1.7450392e-10)
(-5.873198e-05 -0.0001937047 1.7453047e-10)
(-1.9830107e-05 -0.00020144109 1.7458563e-10)
(1.9830107e-05 -0.00020144109 1.7448869e-10)
(5.873198e-05 -0.0001937047 1.7430918e-10)
(9.5389988e-05 -0.0001785219 1.7429737e-10)
(0.00012839674 -0.00015647054 1.7439601e-10)
(-0.0001283965 -0.00015647042 -1.0170885e-09)
(-9.538968e-05 -0.00017852179 -1.0992037e-09)
(-5.8731955e-05 -0.00019370445 -1.1201031e-09)
(-1.9830238e-05 -0.00020144064 -1.0214228e-09)
(1.9830238e-05 -0.00020144064 -1.0212699e-09)
(5.8731955e-05 -0.00019370445 -1.1195911e-09)
(9.538968e-05 -0.00017852179 -1.0983202e-09)
(0.0001283965 -0.00015647042 -1.0159056e-09)
(-0.00012839472 -0.00015647035 2.0880665e-09)
(-9.5386564e-05 -0.00017852227 7.4194047e-10)
(-5.8729159e-05 -0.00019370431 -1.1034624e-09)
(-1.9829129e-05 -0.00020143988 -2.4265674e-09)
(1.9829129e-05 -0.00020143988 -2.4265683e-09)
(5.8729159e-05 -0.00019370431 -1.1035079e-09)
(9.5386564e-05 -0.00017852227 7.4182271e-10)
(0.00012839472 -0.00015647035 2.0879123e-09)
(-0.00012839422 -0.00015647062 1.0651891e-10)
(-9.5385385e-05 -0.00017852285 8.1402668e-10)
(-5.872773e-05 -0.00019370483 1.6915604e-09)
(-1.9828391e-05 -0.00020144036 2.2269309e-09)
(1.9828391e-05 -0.00020144036 2.2269541e-09)
(5.872773e-05 -0.00019370484 1.6916501e-09)
(9.5385385e-05 -0.00017852285 8.1421246e-10)
(0.00012839422 -0.00015647062 1.0680834e-10)
(-0.00012839403 -0.00015647038 1.6200492e-10)
(-9.538524e-05 -0.00017852258 -5.4541142e-10)
(-5.8727641e-05 -0.00019370454 -1.4227806e-09)
(-1.9828361e-05 -0.00020144005 -1.9580111e-09)
(1.9828361e-05 -0.00020144006 -1.9579706e-09)
(5.8727641e-05 -0.00019370454 -1.422657e-09)
(9.538524e-05 -0.00017852258 -5.4520157e-10)
(0.00012839403 -0.00015647038 1.623116e-10)
(-0.00012839427 -0.00015646981 -1.8188021e-09)
(-9.5386224e-05 -0.00017852163 -4.7268065e-10)
(-5.8728937e-05 -0.00019370358 1.3727155e-09)
(-1.9829049e-05 -0.00020143907 2.6958127e-09)
(1.9829049e-05 -0.00020143907 2.6958614e-09)
(5.8728937e-05 -0.00019370358 1.3729678e-09)
(9.5386224e-05 -0.00017852163 -4.7211287e-10)
(0.00012839427 -0.00015646981 -1.8179472e-09)
(-0.00012839538 -0.00015646906 1.2868262e-09)
(-9.5388856e-05 -0.00017852025 1.368939e-09)
(-5.8731462e-05 -0.00019370282 1.389988e-09)
(-1.9830078e-05 -0.00020143901 1.2915801e-09)
(1.9830078e-05 -0.00020143901 1.2916788e-09)
(5.8731462e-05 -0.00019370282 1.3901544e-09)
(9.5388856e-05 -0.00017852025 1.3689721e-09)
(0.00012839538 -0.00015646906 1.2866756e-09)
(-0.00012839538 -0.00015646889 9.688605e-11)
(-9.5388975e-05 -0.00017852001 9.6333037e-11)
(-5.8731357e-05 -0.00019370265 9.5885065e-11)
(-1.9829898e-05 -0.00020143895 9.5709095e-11)
(1.9829896e-05 -0.00020143895 9.6011494e-11)
(5.8731356e-05 -0.00019370265 9.6623515e-11)
(9.5388976e-05 -0.00017852001 9.7134846e-11)
(0.00012839538 -0.00015646889 9.7451371e-11)
(-0.00012839529 -0.00015646895 -1.1071276e-09)
(-9.5388778e-05 -0.00017852011 -1.1891565e-09)
(-5.8731395e-05 -0.0001937026 -1.2095715e-09)
(-1.9830048e-05 -0.00020143869 -1.1103708e-09)
(1.9830044e-05 -0.0002014387 -1.1100079e-09)
(5.8731392e-05 -0.0001937026 -1.2083462e-09)
(9.5388779e-05 -0.00017852011 -1.1871183e-09)
(0.00012839529 -0.00015646896 -1.1047719e-09)
(-0.00012839346 -0.00015646883 1.9794096e-09)
(-9.538563e-05 -0.00017852052 6.3339846e-10)
(-5.8728593e-05 -0.00019370244 -1.2110861e-09)
(-1.9828944e-05 -0.00020143796 -2.5329783e-09)
(1.9828936e-05 -0.00020143796 -2.5323061e-09)
(5.8728588e-05 -0.00019370245 -1.20908e-09)
(9.5385631e-05 -0.00017852053 6.3647602e-10)
(0.00012839347 -0.00015646883 1.9827388e-09)
(-0.00012839308 -0.00015646924 -5.9297006e-11)
(-9.5384539e-05 -0.00017852127 6.4820558e-10)
(-5.8727215e-05 -0.00019370311 1.526219e-09)
(-1.9828221e-05 -0.00020143857 2.0622921e-09)
(1.982821e-05 -0.00020143858 2.0628184e-09)
(5.8727206e-05 -0.00019370313 1.5279164e-09)
(9.5384538e-05 -0.00017852128 6.5114467e-10)
(0.00012839309 -0.00015646925 -5.5623801e-11)
(-0.00012839287 -0.00015646899 -2.1542024e-10)
(-9.5384378e-05 -0.00017852098 -9.2551234e-10)
(-5.8727116e-05 -0.0001937028 -1.805317e-09)
(-1.9828189e-05 -0.00020143824 -2.3410402e-09)
(1.9828176e-05 -0.00020143824 -2.3413106e-09)
(5.8727106e-05 -0.00019370281 -1.8059647e-09)
(9.5384375e-05 -0.000178521 -9.2620759e-10)
(0.00012839287 -0.00015646899 -2.1588022e-10)
(-0.00012839293 -0.00015646823 -2.5650043e-09)
(-9.5385181e-05 -0.00017851984 -1.2481503e-09)
(-5.8728264e-05 -0.0001937016 5.5188046e-10)
(-1.9828816e-05 -0.00020143697 1.8392078e-09)
(1.9828805e-05 -0.00020143698 1.8388519e-09)
(5.8728255e-05 -0.00019370161 5.5055141e-10)
(9.538518e-05 -0.00017851985 -1.2508373e-09)
(0.00012839294 -0.00015646824 -2.5688643e-09)
(-0.0001283932 -0.00015646651 -5.9131031e-10)
(-9.5387144e-05 -0.0001785174 -5.3211887e-10)
(-5.8730346e-05 -0.00019369978 -5.5029962e-10)
(-1.9829686e-05 -0.00020143594 -6.8620488e-10)
(1.9829677e-05 -0.00020143595 -6.8692796e-10)
(5.8730341e-05 -0.00019369979 -5.5274486e-10)
(9.5387145e-05 -0.00017851741 -5.3640118e-10)
(0.0001283932 -0.00015646652 -5.9670917e-10)
(-0.00012839199 -0.00015646503 -1.6683605e-09)
(-9.5386196e-05 -0.00017851573 -1.7745298e-09)
(-5.8729485e-05 -0.00019369804 -1.9232241e-09)
(-1.9829235e-05 -0.00020143417 -2.0144571e-09)
(1.9829231e-05 -0.00020143417 -2.0150398e-09)
(5.8729483e-05 -0.00019369805 -1.9248643e-09)
(9.5386198e-05 -0.00017851573 -1.7768049e-09)
(0.00012839199 -0.00015646503 -1.6705159e-09)
(-0.00012839075 -0.00015646379 -2.3867507e-09)
(-9.538515e-05 -0.00017851415 -2.3437892e-09)
(-5.8729128e-05 -0.00019369579 -2.0791487e-09)
(-1.9829292e-05 -0.00020143134 -1.7224229e-09)
(1.9829292e-05 -0.00020143134 -1.7229434e-09)
(5.8729128e-05 -0.00019369579 -2.0805695e-09)
(9.5385151e-05 -0.00017851415 -2.3457256e-09)
(0.00012839076 -0.00015646379 -2.3888498e-09)
(-0.00012838422 -0.00015645713 -1.2766685e-08)
(-9.5379746e-05 -0.0001785066 -1.3305908e-08)
(-5.8726327e-05 -0.00019368577 -1.3591199e-08)
(-1.9828622e-05 -0.00020141853 -1.3407005e-08)
(1.9828622e-05 -0.00020141853 -1.3407164e-08)
(5.8726328e-05 -0.00019368577 -1.359177e-08)
(9.5379747e-05 -0.0001785066 -1.3306975e-08)
(0.00012838422 -0.00015645713 -1.2768204e-08)
(-0.00012838739 -0.00015645345 3.4957207e-08)
(-9.5388736e-05 -0.00017850084 4.0466157e-08)
(-5.8734529e-05 -0.00019368264 4.700613e-08)
(-1.9831553e-05 -0.00020141877 5.0560792e-08)
(1.9831554e-05 -0.00020141877 5.0560411e-08)
(5.873453e-05 -0.00019368264 4.7004981e-08)
(9.5388736e-05 -0.00017850084 4.0464261e-08)
(0.00012838739 -0.00015645344 3.4954635e-08)
(-0.00012826844 -0.00015629781 1.4814009e-07)
(-9.5309881e-05 -0.00017832029 1.4995831e-07)
(-5.8690074e-05 -0.00019349017 1.5288936e-07)
(-1.9816925e-05 -0.00020122372 1.551416e-07)
(1.9816925e-05 -0.00020122372 1.5514197e-07)
(5.8690074e-05 -0.00019349017 1.5289047e-07)
(9.5309881e-05 -0.00017832029 1.4996011e-07)
(0.00012826844 -0.00015629781 1.4814247e-07)
(0.00015649309 -0.00012843258 -6.1428947e-08)
(0.00017854247 -9.5434435e-05 -6.5720641e-08)
(0.0001937363 -5.8766053e-05 -7.0365517e-08)
(0.00020148649 -1.984193e-05 -7.2342801e-08)
(0.00020148649 1.984193e-05 -7.2342801e-08)
(0.0001937363 5.8766053e-05 -7.0365518e-08)
(0.00017854247 9.5434435e-05 -6.5720642e-08)
(0.00015649309 0.00012843258 -6.1428949e-08)
(0.00015646707 -0.00012839843 -5.3624571e-08)
(0.00017851632 -9.5396623e-05 -5.898351e-08)
(0.00019369921 -5.8739061e-05 -6.5337823e-08)
(0.00020143601 -1.9832998e-05 -6.8801712e-08)
(0.00020143601 1.9832998e-05 -6.8801713e-08)
(0.00019369921 5.8739061e-05 -6.5337826e-08)
(0.00017851632 9.5396623e-05 -5.8983514e-08)
(0.00015646707 0.00012839843 -5.3624576e-08)
(0.00015646379 -0.00012838987 6.3263175e-09)
(0.00017851418 -9.5384119e-05 6.9937365e-09)
(0.00019369408 -5.8728996e-05 7.4971275e-09)
(0.00020142726 -1.9829475e-05 7.5145371e-09)
(0.00020142726 1.9829475e-05 7.5145362e-09)
(0.00019369408 5.8728996e-05 7.4971248e-09)
(0.00017851418 9.5384119e-05 6.9937322e-09)
(0.00015646379 0.00012838987 6.3263118e-09)
(0.00015646898 -0.00012839517 1.6950608e-09)
(0.00017852003 -9.5388626e-05 1.5438728e-09)
(0.00019370215 -5.8731385e-05 1.1563171e-09)
(0.00020143781 -1.9830077e-05 7.390339e-10)
(0.00020143781 1.9830077e-05 7.3903286e-10)
(0.00019370215 5.8731385e-05 1.1563141e-09)
(0.00017852003 9.5388626e-05 1.543868e-09)
(0.00015646898 0.00012839517 1.6950544e-09)
(0.00015646969 -0.00012839583 1.6466315e-09)
(0.00017852103 -9.5389059e-05 1.7187982e-09)
(0.00019370373 -5.8731289e-05 1.7991831e-09)
(0.00020143995 -1.9829861e-05 1.8208134e-09)
(0.00020143995 1.9829861e-05 1.8208124e-09)
(0.00019370373 5.8731289e-05 1.79918e-09)
(0.00017852103 9.5389059e-05 1.7187933e-09)
(0.00015646969 0.00012839583 1.646625e-09)
(0.00015647088 -0.00012839676 9.9324448e-10)
(0.00017852237 -9.5389754e-05 9.2870498e-10)
(0.00019370513 -5.8731925e-05 9.3609463e-10)
(0.00020144144 -1.9830209e-05 1.0612548e-09)
(0.00020144144 1.9830209e-05 1.0612538e-09)
(0.00019370513 5.8731925e-05 9.3609148e-10)
(0.00017852237 9.5389754e-05 9.2869996e-10)
(0.00015647088 0.00012839676 9.9323787e-10)
(0.00015647191 -0.00012839593 3.0182552e-09)
(0.00017852406 -9.5387392e-05 1.7069213e-09)
(0.00019370623 -5.8729618e-05 -8.5316018e-11)
(0.00020144184 -1.9829271e-05 -1.3674125e-09)
(0.00020144184 1.9829271e-05 -1.3674135e-09)
(0.00019370623 5.8729618e-05 -8.5319103e-11)
(0.00017852406 9.5387392e-05 1.7069164e-09)
(0.00015647191 0.00012839593 3.0182487e-09)
(0.00015647246 -0.00012839572 5.6994301e-10)
(0.00017852496 -9.5386478e-05 1.2841038e-09)
(0.00019370711 -5.8728396e-05 2.1702023e-09)
(0.00020144272 -1.9828614e-05 2.7112559e-09)
(0.00020144272 1.9828614e-05 2.7112549e-09)
(0.00019370711 5.8728396e-05 2.1701993e-09)
(0.00017852496 9.5386478e-05 1.284099e-09)
(0.00015647246 0.00012839572 5.6993673e-10)
(0.00015647229 -0.00012839558 3.5665738e-10)
(0.00017852475 -9.5386391e-05 -3.4790176e-10)
(0.00019370689 -5.8728348e-05 -1.2215169e-09)
(0.0002014425 -1.9828599e-05 -1.7542189e-09)
(0.0002014425 1.9828599e-05 -1.7542199e-09)
(0.00019370689 5.8728348e-05 -1.2215198e-09)
(0.00017852475 9.5386391e-05 -3.4790626e-10)
(0.00015647229 0.00012839558 3.5665146e-10)
(0.00015647158 -0.00012839573 -1.6927647e-09)
(0.00017852366 -9.5387306e-05 -3.4611381e-10)
(0.0001937058 -5.8729609e-05 1.4995131e-09)
(0.0002014414 -1.9829279e-05 2.8222646e-09)
(0.0002014414 1.9829279e-05 2.8222638e-09)
(0.0001937058 5.8729609e-05 1.4995105e-09)
(0.00017852366 9.5387306e-05 -3.4611788e-10)
(0.00015647158 0.00012839573 -1.6927701e-09)
(0.0001564709 -0.00012839689 1.384207e-09)
(0.00017852235 -9.5389977e-05 1.4665126e-09)
(0.00019370508 -5.8732145e-05 1.4874957e-09)
(0.00020144133 -1.9830306e-05 1.3887756e-09)
(0.00020144133 1.9830306e-05 1.3887749e-09)
(0.00019370508 5.8732145e-05 1.4874936e-09)
(0.00017852235 9.5389977e-05 1.4665092e-09)
(0.0001564709 0.00012839689 1.3842026e-09)
(0.00015647054 -0.00012839674 1.7440492e-10)
(0.0001785219 -9.5389987e-05 1.7428924e-10)
(0.0001937047 -5.8731979e-05 1.741991e-10)
(0.00020144109 -1.9830107e-05 1.742261e-10)
(0.00020144109 1.9830107e-05 1.7422554e-10)
(0.0001937047 5.8731979e-05 1.7419745e-10)
(0.0001785219 9.5389987e-05 1.7428662e-10)
(0.00015647054 0.00012839674 1.7440148e-10)
(0.00015647042 -0.0001283965 -1.0157766e-09)
(0.00017852179 -9.5389679e-05 -1.0979534e-09)
(0.00019370445 -5.8731954e-05 -1.1190594e-09)
(0.00020144064 -1.9830238e-05 -1.0206508e-09)
(0.00020144064 1.9830238e-05 -1.0206513e-09)
(0.00019370445 5.8731954e-05 -1.1190606e-09)
(0.00017852179 9.5389679e-05 -1.0979552e-09)
(0.00015647042 0.0001283965 -1.015779e-09)
(0.00015647035 -0.00012839472 2.087969e-09)
(0.00017852227 -9.5386564e-05 7.4200184e-10)
(0.00019370431 -5.8729158e-05 -1.1031917e-09)
(0.00020143988 -1.9829128e-05 -2.4261321e-09)
(0.00020143988 1.9829128e-05 -2.4261323e-09)
(0.00019370431 5.8729158e-05 -1.1031923e-09)
(0.00017852227 9.5386564e-05 7.4200094e-10)
(0.00015647035 0.00012839472 2.0879679e-09)
(0.00015647062 -0.00012839422 1.0687962e-10)
(0.00017852285 -9.5385385e-05 8.1439224e-10)
(0.00019370483 -5.872773e-05 1.6918735e-09)
(0.00020144036 -1.982839e-05 2.2271883e-09)
(0.00020144036 1.982839e-05 2.2271882e-09)
(0.00019370483 5.872773e-05 1.6918735e-09)
(0.00017852285 9.5385385e-05 8.1439226e-10)
(0.00015647062 0.00012839422 1.0687972e-10)
(0.00015647038 -0.00012839403 1.6248961e-10)
(0.00017852258 -9.5385241e-05 -5.4468014e-10)
(0.00019370454 -5.8727641e-05 -1.4218597e-09)
(0.00020144006 -1.982836e-05 -1.9570186e-09)
(0.00020144006 1.982836e-05 -1.9570184e-09)
(0.00019370454 5.8727641e-05 -1.4218591e-09)
(0.00017852258 9.5385241e-05 -5.4467919e-10)
(0.00015647038 0.00012839403 1.6249097e-10)
(0.00015646981 -0.00012839428 -1.8178045e-09)
(0.00017852163 -9.5386226e-05 -4.7172819e-10)
(0.00019370358 -5.8728937e-05 1.3734738e-09)
(0.00020143907 -1.9829048e-05 2.6963728e-09)
(0.00020143907 1.9829048e-05 2.6963731e-09)
(0.00019370358 5.8728937e-05 1.3734748e-09)
(0.00017852163 9.5386226e-05 -4.7172639e-10)
(0.00015646981 0.00012839428 -1.817802e-09)
(0.00015646906 -0.00012839538 1.2867465e-09)
(0.00017852025 -9.5388859e-05 1.3691488e-09)
(0.00019370283 -5.8731463e-05 1.3904253e-09)
(0.00020143902 -1.9830078e-05 1.2920992e-09)
(0.00020143902 1.9830078e-05 1.2920997e-09)
(0.00019370283 5.8731463e-05 1.3904269e-09)
(0.00017852025 9.5388859e-05 1.3691514e-09)
(0.00015646906 0.00012839538 1.2867502e-09)
(0.00015646889 -0.00012839539 9.7715038e-11)
(0.00017852001 -9.5388981e-05 9.8005905e-11)
(0.00019370266 -5.873136e-05 9.8218428e-11)
(0.00020143896 -1.9829897e-05 9.8261808e-11)
(0.00020143896 1.9829897e-05 9.8262479e-11)
(0.00019370266 5.873136e-05 9.8220435e-11)
(0.00017852001 9.5388981e-05 9.8009214e-11)
(0.00015646889 0.00012839539 9.7719557e-11)
(0.00015646895 -0.0001283953 -1.1048194e-09)
(0.00017852011 -9.5388786e-05 -1.1872506e-09)
(0.00019370261 -5.8731398e-05 -1.208476e-09)
(0.0002014387 -1.9830047e-05 -1.1099878e-09)
(0.0002014387 1.9830047e-05 -1.109987e-09)
(0.00019370261 5.8731398e-05 -1.2084736e-09)
(0.00017852011 9.5388786e-05 -1.1872467e-09)
(0.00015646895 0.0001283953 -1.104814e-09)
(0.00015646883 -0.00012839347 1.9826204e-09)
(0.00017852053 -9.5385638e-05 6.3618578e-10)
(0.00019370245 -5.8728594e-05 -1.2093092e-09)
(0.00020143797 -1.9828941e-05 -2.5321582e-09)
(0.00020143797 1.9828941e-05 -2.5321573e-09)
(0.00019370245 5.8728594e-05 -1.2093065e-09)
(0.00017852053 9.5385638e-05 6.3619021e-10)
(0.00015646883 0.00012839347 1.9826264e-09)
(0.00015646924 -0.00012839309 -5.5647147e-11)
(0.00017852128 -9.5384546e-05 6.511621e-10)
(0.00019370313 -5.8727214e-05 1.5281686e-09)
(0.00020143859 -1.9828216e-05 2.0634586e-09)
(0.00020143859 1.9828216e-05 2.0634595e-09)
(0.00019370313 5.8727214e-05 1.5281715e-09)
(0.00017852128 9.5384546e-05 6.5116683e-10)
(0.00015646924 0.00012839309 -5.5640744e-11)
(0.00015646899 -0.00012839288 -2.1602771e-10)
(0.000178521 -9.5384383e-05 -9.2668108e-10)
(0.00019370282 -5.8727114e-05 -1.806786e-09)
(0.00020143825 -1.9828183e-05 -2.3424552e-09)
(0.00020143825 1.9828183e-05 -2.3424542e-09)
(0.00019370282 5.8727114e-05 -1.8067831e-09)
(0.000178521 9.5384383e-05 -9.2667624e-10)
(0.00015646899 0.00012839288 -2.1602116e-10)
(0.00015646823 -0.00012839294 -2.5688308e-09)
(0.00017851985 -9.5385187e-05 -1.2507313e-09)
(0.00019370162 -5.8728263e-05 5.5069518e-10)
(0.00020143698 -1.9828812e-05 1.8389218e-09)
(0.00020143698 1.9828812e-05 1.8389228e-09)
(0.00019370162 5.8728263e-05 5.506981e-10)
(0.00017851985 9.5385187e-05 -1.2507265e-09)
(0.00015646823 0.00012839294 -2.5688244e-09)
(0.00015646651 -0.00012839321 -5.967511e-10)
(0.00017851741 -9.5387152e-05 -5.3658735e-10)
(0.0001936998 -5.8730348e-05 -5.5325151e-10)
(0.00020143595 -1.9829683e-05 -6.8792369e-10)
(0.00020143595 1.9829683e-05 -6.8792275e-10)
(0.0001936998 5.8730348e-05 -5.532487e-10)
(0.00017851741 9.5387152e-05 -5.3658277e-10)
(0.00015646651 0.00012839321 -5.9674491e-10)
(0.00015646503 -0.000128392 -1.6707717e-09)
(0.00017851573 -9.5386203e-05 -1.7776357e-09)
(0.00019369805 -5.8729488e-05 -1.9263844e-09)
(0.00020143418 -1.9829234e-05 -2.0172701e-09)
(0.00020143418 1.9829234e-05 -2.0172693e-09)
(0.00019369805 5.8729488e-05 -1.9263819e-09)
(0.00017851573 9.5386203e-05 -1.7776316e-09)
(0.00015646503 0.000128392 -1.6707662e-09)
(0.00015646379 -0.00012839076 -2.3890716e-09)
(0.00017851416 -9.5385155e-05 -2.3463726e-09)
(0.00019369579 -5.8729131e-05 -2.0816555e-09)
(0.00020143134 -1.9829293e-05 -1.7245296e-09)
(0.00020143134 1.9829293e-05 -1.7245289e-09)
(0.00019369579 5.8729131e-05 -2.0816534e-09)
(0.00017851416 9.5385155e-05 -2.3463692e-09)
(0.00015646379 0.00012839076 -2.3890669e-09)
(0.00015645713 -0.00012838422 -1.2768429e-08)
(0.0001785066 -9.5379749e-05 -1.3307615e-08)
(0.00019368577 -5.8726329e-05 -1.3592731e-08)
(0.00020141854 -1.9828623e-05 -1.3408332e-08)
(0.00020141854 1.9828623e-05 -1.3408331e-08)
(0.00019368577 5.8726329e-05 -1.3592729e-08)
(0.0001785066 9.5379749e-05 -1.3307613e-08)
(0.00015645713 0.00012838422 -1.2768425e-08)
(0.00015645344 -0.00012838739 3.4954329e-08)
(0.00017850084 -9.5388738e-05 4.0463372e-08)
(0.00019368264 -5.8734531e-05 4.7003637e-08)
(0.00020141877 -1.9831554e-05 5.0558742e-08)
(0.00020141877 1.9831554e-05 5.0558743e-08)
(0.00019368264 5.8734531e-05 4.7003639e-08)
(0.00017850084 9.5388738e-05 4.0463374e-08)
(0.00015645344 0.00012838739 3.4954331e-08)
(0.00015629781 -0.00012826844 1.4814257e-07)
(0.00017832029 -9.5309881e-05 1.4996044e-07)
(0.00019349017 -5.8690074e-05 1.5289103e-07)
(0.00020122372 -1.9816925e-05 1.5514279e-07)
(0.00020122372 1.9816925e-05 1.5514279e-07)
(0.00019349017 5.8690074e-05 1.5289103e-07)
(0.00017832029 9.5309881e-05 1.4996044e-07)
(0.00015629781 0.00012826844 1.4814258e-07)
(0.00012843258 0.00015649309 -6.1429e-08)
(9.5434435e-05 0.00017854247 -6.5720803e-08)
(5.8766053e-05 0.0001937363 -7.0365795e-08)
(1.984193e-05 0.00020148649 -7.2343185e-08)
(-1.984193e-05 0.00020148649 -7.2343288e-08)
(-5.8766053e-05 0.0001937363 -7.0366083e-08)
(-9.5434435e-05 0.00017854247 -6.5721212e-08)
(-0.00012843258 0.00015649309 -6.142949e-08)
(0.00012839843 0.00015646707 -5.3624589e-08)
(9.5396623e-05 0.00017851632 -5.8983546e-08)
(5.8739061e-05 0.00019369921 -6.5337863e-08)
(1.9832998e-05 0.00020143601 -6.8801755e-08)
(-1.9832998e-05 0.00020143601 -6.8801782e-08)
(-5.8739061e-05 0.00019369921 -6.5337943e-08)
(-9.5396623e-05 0.00017851632 -5.8983672e-08)
(-0.00012839843 0.00015646707 -5.3624761e-08)
(0.00012838987 0.00015646379 6.3262843e-09)
(9.538412e-05 0.00017851418 6.9936485e-09)
(5.8728996e-05 0.00019369408 7.4969929e-09)
(1.9829476e-05 0.00020142726 7.5143727e-09)
(-1.9829475e-05 0.00020142726 7.5143387e-09)
(-5.8728996e-05 0.00019369408 7.4968838e-09)
(-9.5384119e-05 0.00017851418 6.9934699e-09)
(-0.00012838987 0.00015646379 6.3260454e-09)
(0.00012839517 0.00015646898 1.6950152e-09)
(9.5388626e-05 0.00017852003 1.543741e-09)
(5.8731386e-05 0.00019370215 1.1560853e-09)
(1.9830078e-05 0.00020143781 7.3870594e-10)
(-1.9830077e-05 0.00020143781 7.3863364e-10)
(-5.8731385e-05 0.00019370215 1.1558821e-09)
(-9.5388626e-05 0.00017852003 1.5434454e-09)
(-0.00012839517 0.00015646898 1.6946466e-09)
(0.00012839583 0.00015646969 1.6466354e-09)
(9.538906e-05 0.00017852103 1.7188542e-09)
(5.8731289e-05 0.00019370373 1.7993471e-09)
(1.9829862e-05 0.00020143995 1.8210954e-09)
(-1.9829861e-05 0.00020143995 1.8211406e-09)
(-5.8731289e-05 0.00019370373 1.7994405e-09)
(-9.538906e-05 0.00017852103 1.7189204e-09)
(-0.00012839583 0.00015646969 1.6466418e-09)
(0.00012839676 0.00015647088 9.9316109e-10)
(9.5389755e-05 0.00017852237 9.2846054e-10)
(5.8731926e-05 0.00019370513 9.3569612e-10)
(1.9830209e-05 0.00020144144 1.0607418e-09)
(-1.9830209e-05 0.00020144144 1.0606288e-09)
(-5.8731926e-05 0.00019370513 9.3534882e-10)
(-9.5389755e-05 0.00017852237 9.279114e-10)
(-0.00012839676 0.00015647088 9.9245804e-10)
(0.00012839593 0.00015647191 3.0182428e-09)
(9.5387392e-05 0.00017852406 1.7069003e-09)
(5.8729618e-05 0.00019370623 -8.5349249e-11)
(1.9829271e-05 0.00020144184 -1.3674722e-09)
(-1.9829271e-05 0.00020144184 -1.3674969e-09)
(-5.8729618e-05 0.00019370623 -8.5415793e-11)
(-9.5387392e-05 0.00017852406 1.7067997e-09)
(-0.00012839593 0.00015647191 3.0181031e-09)
(0.00012839572 0.00015647246 5.698992e-10)
(9.5386479e-05 0.00017852496 1.2839887e-09)
(5.8728397e-05 0.00019370711 2.1700281e-09)
(1.9828615e-05 0.00020144272 2.7110351e-09)
(-1.9828614e-05 0.00020144272 2.7109725e-09)
(-5.8728397e-05 0.00019370711 2.1698328e-09)
(-9.5386479e-05 0.00017852496 1.2836682e-09)
(-0.00012839572 0.00015647246 5.6947194e-10)
(0.00012839558 0.00015647229 3.5661687e-10)
(9.5386392e-05 0.00017852475 -3.4800639e-10)
(5.8728349e-05 0.0001937069 -1.2216686e-09)
(1.98286e-05 0.0002014425 -1.7544005e-09)
(-1.98286e-05 0.0002014425 -1.7544462e-09)
(-5.8728349e-05 0.00019370689 -1.2218183e-09)
(-9.5386392e-05 0.00017852475 -3.4826751e-10)
(-0.00012839558 0.00015647229 3.562537e-10)
(0.00012839573 0.00015647158 -1.6928456e-09)
(9.5387307e-05 0.00017852366 -3.4632822e-10)
(5.8729611e-05 0.0001937058 1.4992236e-09)
(1.9829279e-05 0.0002014414 2.821954e-09)
(-1.9829279e-05 0.0002014414 2.821868e-09)
(-5.872961e-05 0.0001937058 1.4989192e-09)
(-9.5387307e-05 0.00017852366 -3.4688373e-10)
(-0.00012839573 0.00015647158 -1.6936183e-09)
(0.00012839689 0.0001564709 1.3841704e-09)
(9.5389978e-05 0.00017852235 1.4663893e-09)
(5.8732146e-05 0.00019370508 1.4872305e-09)
(1.9830306e-05 0.00020144133 1.3883414e-09)
(-1.9830306e-05 0.00020144133 1.388248e-09)
(-5.8732146e-05 0.00019370507 1.4870037e-09)
(-9.5389977e-05 0.00017852235 1.4661219e-09)
(-0.00012839689 0.0001564709 1.3838873e-09)
(0.00012839674 0.00015647054 1.7439191e-10)
(9.5389988e-05 0.0001785219 1.7429271e-10)
(5.873198e-05 0.0001937047 1.7430389e-10)
(1.9830107e-05 0.00020144109 1.7448232e-10)
(-1.9830107e-05 0.00020144109 1.7457729e-10)
(-5.873198e-05 0.0001937047 1.7452091e-10)
(-9.5389988e-05 0.0001785219 1.7449979e-10)
(-0.00012839674 0.00015647054 1.7452921e-10)
(0.0001283965 0.00015647042 -1.0159084e-09)
(9.538968e-05 0.00017852179 -1.0983234e-09)
(5.8731955e-05 0.00019370445 -1.1195948e-09)
(1.9830238e-05 0.00020144064 -1.0212746e-09)
(-1.9830238e-05 0.00020144064 -1.0214294e-09)
(-5.8731955e-05 0.00019370445 -1.1201109e-09)
(-9.538968e-05 0.00017852179 -1.0992066e-09)
(-0.0001283965 0.00015647042 -1.0170878e-09)
(0.00012839472 0.00015647035 2.087911e-09)
(9.5386564e-05 0.00017852227 7.4182123e-10)
(5.8729159e-05 0.00019370431 -1.1035098e-09)
(1.9829129e-05 0.00020143988 -2.4265712e-09)
(-1.9829129e-05 0.00020143988 -2.426572e-09)
(-5.8729159e-05 0.00019370431 -1.1034683e-09)
(-9.5386564e-05 0.00017852227 7.4193897e-10)
(-0.00012839472 0.00015647035 2.0880681e-09)
(0.00012839422 0.00015647062 1.0680854e-10)
(9.5385385e-05 0.00017852285 8.1421268e-10)
(5.872773e-05 0.00019370484 1.6916501e-09)
(1.9828391e-05 0.00020144036 2.2269533e-09)
(-1.9828391e-05 0.00020144036 2.2269284e-09)
(-5.872773e-05 0.00019370483 1.6915566e-09)
(-9.5385385e-05 0.00017852285 8.1402672e-10)
(-0.00012839422 0.00015647062 1.0652141e-10)
(0.00012839403 0.00015647038 1.6231334e-10)
(9.538524e-05 0.00017852258 -5.4519957e-10)
(5.8727641e-05 0.00019370454 -1.422655e-09)
(1.9828361e-05 0.00020144006 -1.9579692e-09)
(-1.9828361e-05 0.00020144005 -1.9580112e-09)
(-5.8727641e-05 0.00019370454 -1.422782e-09)
(-9.538524e-05 0.00017852258 -5.4540951e-10)
(-0.00012839403 0.00015647038 1.6200874e-10)
(0.00012839427 0.00015646981 -1.8179441e-09)
(9.5386224e-05 0.00017852163 -4.7210928e-10)
(5.8728937e-05 0.00019370358 1.3729715e-09)
(1.9829049e-05 0.00020143907 2.6958647e-09)
(-1.9829049e-05 0.00020143907 2.6958145e-09)
(-5.8728937e-05 0.00019370358 1.3727161e-09)
(-9.5386224e-05 0.00017852163 -4.726773e-10)
(-0.00012839427 0.00015646981 -1.8187974e-09)
(0.00012839538 0.00015646906 1.2866801e-09)
(9.5388856e-05 0.00017852025 1.3689773e-09)
(5.8731462e-05 0.00019370282 1.3901597e-09)
(1.9830078e-05 0.00020143901 1.2916837e-09)
(-1.9830078e-05 0.00020143901 1.2915836e-09)
(-5.8731462e-05 0.00019370282 1.3899902e-09)
(-9.5388856e-05 0.00017852025 1.3689435e-09)
(-0.00012839538 0.00015646906 1.2868315e-09)
(0.00012839538 0.00015646889 9.7456924e-11)
(9.5388976e-05 0.00017852001 9.7141156e-11)
(5.8731356e-05 0.00019370265 9.6630166e-11)
(1.9829896e-05 0.00020143895 9.6017824e-11)
(-1.9829898e-05 0.00020143895 9.5714186e-11)
(-5.8731357e-05 0.00019370265 9.5888859e-11)
(-9.5388975e-05 0.00017852001 9.6338641e-11)
(-0.00012839538 0.00015646889 9.6892031e-11)
(0.00012839529 0.00015646896 -1.1047654e-09)
(9.5388779e-05 0.00017852011 -1.1871108e-09)
(5.8731392e-05 0.0001937026 -1.2083381e-09)
(1.9830044e-05 0.0002014387 -1.11e-09)
(-1.9830048e-05 0.00020143869 -1.1103639e-09)
(-5.8731395e-05 0.0001937026 -1.209566e-09)
(-9.5388778e-05 0.00017852011 -1.1891497e-09)
(-0.00012839529 0.00015646895 -1.1071209e-09)
(0.00012839347 0.00015646883 1.9827462e-09)
(9.5385631e-05 0.00017852053 6.3648447e-10)
(5.8728588e-05 0.00019370245 -1.2090709e-09)
(1.9828936e-05 0.00020143796 -2.5322971e-09)
(-1.9828944e-05 0.00020143796 -2.5329703e-09)
(-5.8728593e-05 0.00019370244 -1.2110793e-09)
(-9.538563e-05 0.00017852052 6.3340616e-10)
(-0.00012839346 0.00015646883 1.9794168e-09)
(0.00012839309 0.00015646925 -5.5615957e-11)
(9.5384538e-05 0.00017852128 6.5115362e-10)
(5.8727206e-05 0.00019370313 1.527926e-09)
(1.982821e-05 0.00020143858 2.0628279e-09)
(-1.9828221e-05 0.00020143857 2.0623007e-09)
(-5.8727215e-05 0.00019370311 1.5262264e-09)
(-9.5384539e-05 0.00017852127 6.4821344e-10)
(-0.00012839308 0.00015646924 -5.9290043e-11)
(0.00012839287 0.00015646899 -2.158722e-10)
(9.5384375e-05 0.000178521 -9.2619845e-10)
(5.8727106e-05 0.00019370281 -1.8059549e-09)
(1.9828176e-05 0.00020143824 -2.3413007e-09)
(-1.9828189e-05 0.00020143824 -2.3410311e-09)
(-5.8727116e-05 0.0001937028 -1.8053091e-09)
(-9.5384378e-05 0.00017852098 -9.2550437e-10)
(-0.00012839287 0.00015646899 -2.1541348e-10)
(0.00012839294 0.00015646824 -2.5688564e-09)
(9.538518e-05 0.00017851985 -1.2508282e-09)
(5.8728255e-05 0.00019370161 5.5056114e-10)
(1.9828805e-05 0.00020143698 1.8388617e-09)
(-1.9828816e-05 0.00020143697 1.839217e-09)
(-5.8728264e-05 0.0001937016 5.5188854e-10)
(-9.5385181e-05 0.00017851984 -1.2481424e-09)
(-0.00012839293 0.00015646823 -2.564998e-09)
(0.0001283932 0.00015646652 -5.9670159e-10)
(9.5387145e-05 0.00017851741 -5.3639252e-10)
(5.8730341e-05 0.00019369979 -5.5273552e-10)
(1.9829677e-05 0.00020143595 -6.8691847e-10)
(-1.9829686e-05 0.00020143594 -6.8619593e-10)
(-5.8730346e-05 0.00019369978 -5.5029163e-10)
(-9.5387144e-05 0.0001785174 -5.3211144e-10)
(-0.0001283932 0.00015646651 -5.9130466e-10)
(0.00012839199 0.00015646503 -1.6705093e-09)
(9.5386198e-05 0.00017851573 -1.7767973e-09)
(5.8729483e-05 0.00019369805 -1.9248561e-09)
(1.9829231e-05 0.00020143417 -2.0150316e-09)
(-1.9829235e-05 0.00020143417 -2.0144494e-09)
(-5.8729485e-05 0.00019369804 -1.9232174e-09)
(-9.5386196e-05 0.00017851573 -1.774524e-09)
(-0.00012839199 0.00015646503 -1.6683567e-09)
(0.00012839076 0.00015646379 -2.3888441e-09)
(9.5385151e-05 0.00017851415 -2.3457191e-09)
(5.8729128e-05 0.00019369579 -2.0805625e-09)
(1.9829292e-05 0.00020143134 -1.7229363e-09)
(-1.9829292e-05 0.00020143134 -1.7224161e-09)
(-5.8729128e-05 0.00019369579 -2.0791424e-09)
(-9.538515e-05 0.00017851415 -2.3437831e-09)
(-0.00012839075 0.00015646379 -2.3867456e-09)
(0.00012838422 0.00015645713 -1.2768199e-08)
(9.5379747e-05 0.0001785066 -1.330697e-08)
(5.8726328e-05 0.00019368577 -1.3591764e-08)
(1.9828622e-05 0.00020141853 -1.3407159e-08)
(-1.9828622e-05 0.00020141853 -1.3406999e-08)
(-5.8726327e-05 0.00019368577 -1.3591195e-08)
(-9.5379746e-05 0.0001785066 -1.3305906e-08)
(-0.00012838422 0.00015645713 -1.2766688e-08)
(0.00012838739 0.00015645344 3.4954638e-08)
(9.5388736e-05 0.00017850084 4.0464265e-08)
(5.873453e-05 0.00019368264 4.7004985e-08)
(1.9831554e-05 0.00020141877 5.0560415e-08)
(-1.9831553e-05 0.00020141877 5.0560796e-08)
(-5.8734529e-05 0.00019368264 4.7006134e-08)
(-9.5388736e-05 0.00017850084 4.0466164e-08)
(-0.00012838739 0.00015645345 3.4957216e-08)
(0.00012826844 0.00015629781 1.4814247e-07)
(9.5309881e-05 0.00017832029 1.4996011e-07)
(5.8690074e-05 0.00019349017 1.5289047e-07)
(1.9816925e-05 0.00020122372 1.5514197e-07)
(-1.9816925e-05 0.00020122372 1.551416e-07)
(-5.8690074e-05 0.00019349017 1.5288936e-07)
(-9.5309881e-05 0.00017832029 1.4995831e-07)
(-0.00012826844 0.00015629781 1.4814009e-07)
)
;
    }
    fsi_dura
    {
        type            calculated;
        value           nonuniform List<vector> 
960
(
(0.00023766134 -0.00019504939 -5.4289803e-07)
(0.00027114268 -0.00014493825 -5.4434324e-07)
(0.00029420878 -8.9250897e-05 -5.4726642e-07)
(0.00030597218 -3.0134973e-05 -5.5013785e-07)
(0.00030597218 3.0134973e-05 -5.5013785e-07)
(0.00029420878 8.9250897e-05 -5.472664e-07)
(0.00027114268 0.00014493825 -5.4434321e-07)
(0.00023766134 0.00019504939 -5.4289798e-07)
(0.00023786616 -0.00019522068 -7.5662426e-07)
(0.00027137444 -0.00014507118 -7.6072676e-07)
(0.00029446019 -8.9337616e-05 -7.6737611e-07)
(0.00030623108 -3.0165125e-05 -7.725119e-07)
(0.00030623108 3.0165125e-05 -7.7251189e-07)
(0.00029446019 8.9337616e-05 -7.6737609e-07)
(0.00027137444 0.00014507118 -7.6072672e-07)
(0.00023786616 0.00019522068 -7.5662419e-07)
(0.00023798942 -0.00019532569 -2.0246674e-07)
(0.00027151262 -0.00014515449 -2.0439377e-07)
(0.00029460975 -8.9393237e-05 -2.0735018e-07)
(0.00030638714 -3.0184949e-05 -2.0972862e-07)
(0.00030638714 3.0184949e-05 -2.0972861e-07)
(0.00029460975 8.9393237e-05 -2.0735016e-07)
(0.00027151262 0.00014515449 -2.0439373e-07)
(0.00023798942 0.00019532569 -2.0246668e-07)
(0.0002380224 -0.00019535369 4.4607072e-08)
(0.00027154974 -0.0001451767 4.5005353e-08)
(0.00029464974 -8.9408537e-05 4.5240495e-08)
(0.00030642913 -3.0190751e-05 4.5190332e-08)
(0.00030642913 3.0190751e-05 4.5190337e-08)
(0.00029464974 8.9408537e-05 4.5240514e-08)
(0.00027154974 0.0001451767 4.5005393e-08)
(0.0002380224 0.00019535369 4.4607134e-08)
(0.00023801008 -0.00019534326 4.4907819e-08)
(0.00027153587 -0.00014516895 4.4785342e-08)
(0.00029463456 -8.9403832e-05 4.4731638e-08)
(0.00030641301 -3.0189128e-05 4.481156e-08)
(0.00030641301 3.0189128e-05 4.4811565e-08)
(0.00029463456 8.9403832e-05 4.4731656e-08)
(0.00027153587 0.00014516895 4.4785379e-08)
(0.00023801008 0.00019534326 4.4907878e-08)
(0.00023800008 -0.00019533545 4.0644448e-09)
(0.00027152435 -0.00014516346 3.7198044e-09)
(0.00029462238 -8.9400708e-05 3.2031437e-09)
(0.00030640061 -3.0188203e-05 2.7080392e-09)
(0.00030640061 3.0188203e-05 2.7080439e-09)
(0.00029462238 8.9400708e-05 3.2031608e-09)
(0.00027152435 0.00014516346 3.7198394e-09)
(0.00023800008 0.00019533545 4.0644999e-09)
(0.00023799879 -0.00019533505 -7.0296664e-09)
(0.00027152238 -0.00014516407 -7.7201699e-09)
(0.00029462019 -8.9401537e-05 -8.7096133e-09)
(0.00030639855 -3.0188483e-05 -9.2054522e-09)
(0.00030639855 3.0188483e-05 -9.2054477e-09)
(0.00029462019 8.9401537e-05 -8.7095967e-09)
(0.00027152238 0.00014516407 -7.7201358e-09)
(0.00023799879 0.00019533505 -7.0296132e-09)
(0.00023799925 -0.00019533604 -1.9581743e-10)
(0.00027152259 -0.0001451654 -3.3070705e-10)
(0.00029462048 -8.9402394e-05 -3.1576316e-10)
(0.00030639911 -3.0188654e-05 -2.8909415e-10)
(0.00030639911 3.0188654e-05 -2.8908984e-10)
(0.00029462048 8.9402394e-05 -3.1574732e-10)
(0.00027152259 0.0001451654 -3.3067454e-10)
(0.00023799925 0.00019533604 -1.9576664e-10)
(0.00023799914 -0.00019533593 -1.9059477e-09)
(0.00027152247 -0.00014516529 -1.7599603e-09)
(0.00029462034 -8.9402312e-05 -1.7465765e-09)
(0.00030639895 -3.0188622e-05 -1.7500907e-09)
(0.00030639895 3.0188622e-05 -1.7500866e-09)
(0.00029462034 8.9402312e-05 -1.7465614e-09)
(0.00027152247 0.00014516529 -1.7599292e-09)
(0.00023799914 0.00019533593 -1.9058991e-09)
(0.00023799845 -0.0001953347 2.8613563e-09)
(0.00027152201 -0.00014516375 3.5659662e-09)
(0.00029461975 -8.9401303e-05 4.5747575e-09)
(0.00030639808 -3.0188399e-05 5.0796709e-09)
(0.00030639808 3.0188399e-05 5.0796749e-09)
(0.00029461975 8.9401303e-05 4.574772e-09)
(0.00027152201 0.00014516375 3.5659962e-09)
(0.00023799845 0.0001953347 2.8614029e-09)
(0.0002379975 -0.00019533318 3.0747906e-10)
(0.00027152145 -0.00014516162 7.1624447e-10)
(0.00029461918 -8.9399497e-05 1.3423017e-09)
(0.00030639721 -3.0187785e-05 1.9126917e-09)
(0.00030639721 3.0187785e-05 1.9126955e-09)
(0.00029461918 8.9399497e-05 1.3423155e-09)
(0.00027152145 0.00014516162 7.1627295e-10)
(0.0002379975 0.00019533318 3.0752347e-10)
(0.00023799714 -0.00019533256 1.331841e-10)
(0.00027152114 -0.00014516082 1.1664412e-10)
(0.00029461855 -8.9398571e-05 1.0436682e-10)
(0.00030639637 -3.0187261e-05 9.76864e-11)
(0.00030639637 3.0187261e-05 9.7689896e-11)
(0.00029461855 8.9398571e-05 1.0437975e-10)
(0.00027152114 0.00014516082 1.1667097e-10)
(0.00023799714 0.00019533256 1.3322592e-10)
(0.0002379967 -0.00019533255 5.2830851e-11)
(0.00027152055 -0.00014516116 -3.8965167e-10)
(0.0002946182 -8.9399212e-05 -1.0400798e-09)
(0.00030639616 -3.0187687e-05 -1.6232419e-09)
(0.00030639616 3.0187687e-05 -1.6232387e-09)
(0.0002946182 8.9399212e-05 -1.0400677e-09)
(0.00027152055 0.00014516116 -3.8962636e-10)
(0.0002379967 0.00019533255 5.2870323e-11)
(0.00023799645 -0.00019533311 -2.2488097e-09)
(0.00027151973 -0.00014516257 -2.9895316e-09)
(0.0002946173 -8.9400588e-05 -4.0238286e-09)
(0.00030639556 -3.018816e-05 -4.5414687e-09)
(0.00030639556 3.018816e-05 -4.5414656e-09)
(0.0002946173 8.9400588e-05 -4.0238171e-09)
(0.00027151973 0.00014516257 -2.9895074e-09)
(0.00023799645 0.00019533311 -2.248772e-09)
(0.00023799631 -0.0001953337 2.198166e-09)
(0.00027151926 -0.00014516364 2.0161065e-09)
(0.00029461688 -8.9401295e-05 1.9815586e-09)
(0.00030639536 -3.0188279e-05 1.9758061e-09)
(0.00030639536 3.0188279e-05 1.975809e-09)
(0.00029461688 8.9401295e-05 1.9815694e-09)
(0.00027151926 0.00014516364 2.0161293e-09)
(0.00023799631 0.0001953337 2.1982014e-09)
(0.00023799591 -0.00019533343 -2.0387054e-09)
(0.00027151883 -0.00014516345 -1.9346098e-09)
(0.00029461641 -8.9401182e-05 -1.9577799e-09)
(0.00030639488 -3.0188241e-05 -1.9826639e-09)
(0.00030639488 3.0188241e-05 -1.9826613e-09)
(0.00029461641 8.9401182e-05 -1.95777e-09)
(0.00027151883 0.00014516345 -1.9345887e-09)
(0.00023799591 0.00019533343 -2.0386727e-09)
(0.00023799547 -0.0001953325 2.4116812e-09)
(0.00027151866 -0.00014516214 3.0690687e-09)
(0.00029461616 -8.9400328e-05 4.0409479e-09)
(0.00030639435 -3.0188071e-05 4.5251662e-09)
(0.00030639435 3.0188071e-05 4.5251686e-09)
(0.00029461616 8.9400328e-05 4.040957e-09)
(0.00027151866 0.00014516214 3.0690883e-09)
(0.00023799547 0.0001953325 2.4117116e-09)
(0.00023799447 -0.00019533106 1.1871121e-10)
(0.00027151808 -0.00014516009 4.6593872e-10)
(0.0002946156 -8.9398582e-05 1.0441486e-09)
(0.00030639354 -3.0187482e-05 1.5883903e-09)
(0.00030639354 3.0187482e-05 1.5883925e-09)
(0.0002946156 8.9398582e-05 1.0441569e-09)
(0.00027151808 0.00014516009 4.6595714e-10)
(0.00023799447 0.00019533106 1.1873973e-10)
(0.00023799432 -0.00019533077 6.8422494e-11)
(0.00027151803 -0.00014515957 -3.5106531e-11)
(0.00029461528 -8.939783e-05 -1.1637436e-10)
(0.00030639303 -3.0187016e-05 -1.6011886e-10)
(0.00030639303 3.0187016e-05 -1.601169e-10)
(0.00029461528 8.939783e-05 -1.1636681e-10)
(0.00027151803 0.00014515957 -3.5089665e-11)
(0.00023799432 0.00019533077 6.8448577e-11)
(0.00023799404 -0.00019533114 -4.9493541e-11)
(0.00027151768 -0.00014516024 -6.2668615e-10)
(0.00029461522 -8.9398702e-05 -1.3980475e-09)
(0.00030639314 -3.0187523e-05 -2.0522853e-09)
(0.00030639314 3.0187523e-05 -2.0522836e-09)
(0.00029461522 8.9398702e-05 -1.3980409e-09)
(0.00027151768 0.00014516024 -6.2667103e-10)
(0.00023799404 0.00019533114 -4.9470196e-11)
(0.00023799366 -0.00019533193 -2.5854844e-09)
(0.00027151673 -0.00014516196 -3.5191489e-09)
(0.00029461427 -8.9400359e-05 -4.7694617e-09)
(0.00030639257 -3.0188116e-05 -5.4356853e-09)
(0.00030639257 3.0188116e-05 -5.4356838e-09)
(0.00029461427 8.9400359e-05 -4.7694558e-09)
(0.00027151673 0.00014516196 -3.5191351e-09)
(0.00023799366 0.00019533193 -2.5854633e-09)
(0.00023799375 -0.00019533303 2.0285124e-09)
(0.00027151651 -0.00014516361 1.6888996e-09)
(0.00029461414 -8.9401596e-05 1.4336933e-09)
(0.00030639271 -3.0188456e-05 1.2560168e-09)
(0.00030639271 3.0188456e-05 1.2560181e-09)
(0.00029461414 8.9401596e-05 1.4336986e-09)
(0.00027151651 0.00014516361 1.6889119e-09)
(0.00023799375 0.00019533303 2.0285311e-09)
(0.0002379932 -0.00019533275 -1.0292694e-11)
(0.00027151586 -0.00014516354 1.3217678e-10)
(0.00029461346 -8.9401669e-05 1.2092228e-10)
(0.00030639202 -3.0188515e-05 9.2924075e-11)
(0.00030639202 3.0188515e-05 9.292518e-11)
(0.00029461346 8.9401669e-05 1.2092678e-10)
(0.00027151586 0.00014516354 1.3218759e-10)
(0.0002379932 0.00019533275 -1.0276366e-11)
(0.00023799227 -0.00019533121 7.8105377e-09)
(0.00027151513 -0.0001451617 8.6971817e-09)
(0.00029461258 -8.9400404e-05 9.9242302e-09)
(0.00030639079 -3.0188178e-05 1.0596951e-08)
(0.00030639079 3.0188178e-05 1.0596952e-08)
(0.00029461258 8.9400404e-05 9.9242339e-09)
(0.00027151513 0.0001451617 8.697191e-09)
(0.00023799227 0.00019533121 7.8105515e-09)
(0.00023799174 -0.00019532975 1.3349767e-09)
(0.00027151502 -0.00014515952 1.9073487e-09)
(0.0002946125 -8.9398455e-05 2.660322e-09)
(0.00030639053 -3.0187482e-05 3.3149529e-09)
(0.00030639053 3.0187482e-05 3.3149535e-09)
(0.0002946125 8.9398455e-05 2.6603249e-09)
(0.00027151502 0.00014515952 1.9073564e-09)
(0.00023799174 0.00019532975 1.3349882e-09)
(0.00023800002 -0.00019533583 -3.550999e-08)
(0.00027152451 -0.00014516364 -3.5275948e-08)
(0.00029462241 -8.9400635e-05 -3.5145165e-08)
(0.00030640055 -3.0188053e-05 -3.5163994e-08)
(0.00030640055 3.0188053e-05 -3.5163993e-08)
(0.00029462241 8.9400635e-05 -3.5145162e-08)
(0.00027152451 0.00014516364 -3.5275941e-08)
(0.00023800002 0.00019533583 -3.5509979e-08)
(0.00023801608 -0.00019534914 -5.9457623e-08)
(0.00027154253 -0.00014517355 -5.9795999e-08)
(0.000294642 -8.940668e-05 -6.0037518e-08)
(0.00030642125 -3.019012e-05 -6.0017082e-08)
(0.00030642125 3.019012e-05 -6.0017082e-08)
(0.000294642 8.940668e-05 -6.0037517e-08)
(0.00027154253 0.00014517355 -5.9795998e-08)
(0.00023801608 0.00019534914 -5.9457622e-08)
(0.00023799681 -0.00019533235 1.253804e-07)
(0.00027152103 -0.00014515973 1.2731112e-07)
(0.0002946191 -8.939662e-05 1.3026833e-07)
(0.00030639686 -3.0186147e-05 1.325953e-07)
(0.00030639686 3.0186147e-05 1.325953e-07)
(0.0002946191 8.939662e-05 1.3026833e-07)
(0.00027152103 0.00014515973 1.2731113e-07)
(0.00023799681 0.00019533235 1.2538041e-07)
(0.0002378945 -0.00019524422 7.2892338e-07)
(0.00027140668 -0.00014508911 7.3326524e-07)
(0.00029449531 -8.9348999e-05 7.3993641e-07)
(0.00030626771 -3.0168951e-05 7.4510291e-07)
(0.00030626771 3.0168951e-05 7.4510291e-07)
(0.00029449531 8.9348999e-05 7.3993641e-07)
(0.00027140668 0.00014508911 7.3326523e-07)
(0.0002378945 0.00019524422 7.2892336e-07)
(0.00023768406 -0.00019506544 1.242566e-06)
(0.00027117015 -0.00014494974 1.2466891e-06)
(0.0002942378 -8.9260043e-05 1.2514867e-06)
(0.00030599874 -3.0138878e-05 1.2537667e-06)
(0.00030599874 3.0138878e-05 1.2537667e-06)
(0.0002942378 8.9260043e-05 1.2514867e-06)
(0.00027117015 0.00014494974 1.2466891e-06)
(0.00023768406 0.00019506544 1.242566e-06)
(0.00019504939 0.00023766135 -5.4289599e-07)
(0.00014493825 0.00027114269 -5.443373e-07)
(8.9250895e-05 0.00029420879 -5.472567e-07)
(3.0134971e-05 0.00030597219 -5.5012456e-07)
(-3.0134976e-05 0.00030597219 -5.501213e-07)
(-8.92509e-05 0.00029420879 -5.4724701e-07)
(-0.00014493825 0.00027114269 -5.443215e-07)
(-0.0001950494 0.00023766135 -5.4287469e-07)
(0.00019522068 0.00023786617 -7.5661969e-07)
(0.00014507118 0.00027137444 -7.6071328e-07)
(8.9337613e-05 0.00029446019 -7.6735392e-07)
(3.016512e-05 0.00030623109 -7.7248139e-07)
(-3.0165132e-05 0.0003062311 -7.7247375e-07)
(-8.9337626e-05 0.0002944602 -7.6733131e-07)
(-0.0001450712 0.00027137445 -7.6067659e-07)
(-0.0001952207 0.00023786617 -7.5657034e-07)
(0.00019532569 0.00023798943 -2.0246176e-07)
(0.00014515449 0.00027151263 -2.0437902e-07)
(8.9393231e-05 0.00029460976 -2.0732581e-07)
(3.0184941e-05 0.00030638715 -2.0969494e-07)
(-3.018496e-05 0.00030638715 -2.0968618e-07)
(-8.9393251e-05 0.00029460976 -2.0729987e-07)
(-0.00014515451 0.00027151263 -2.0433689e-07)
(-0.00019532571 0.00023798943 -2.0240504e-07)
(0.00019535369 0.00023802241 4.4612208e-08)
(0.00014517669 0.00027154974 4.5020595e-08)
(8.9408532e-05 0.00029464975 4.5265759e-08)
(3.0190742e-05 0.00030642914 4.5225423e-08)
(-3.0190763e-05 0.00030642914 4.5234853e-08)
(-8.9408553e-05 0.00029464975 4.5293713e-08)
(-0.00014517672 0.00027154974 4.5066036e-08)
(-0.00019535371 0.00023802241 4.4673404e-08)
(0.00019534326 0.00023801008 4.4913618e-08)
(0.00014516896 0.00027153588 4.4802629e-08)
(8.9403831e-05 0.00029463457 4.4760445e-08)
(3.0189121e-05 0.00030641302 4.4851738e-08)
(-3.018914e-05 0.00030641302 4.4862593e-08)
(-8.940385e-05 0.00029463457 4.4792544e-08)
(-0.00014516898 0.00027153588 4.4854639e-08)
(-0.00019534328 0.00023801008 4.4983515e-08)
(0.00019533546 0.00023800007 4.071222e-09)
(0.00014516347 0.00027152435 3.7399586e-09)
(8.9400711e-05 0.00029462238 3.2365324e-09)
(3.0188199e-05 0.00030640061 2.754378e-09)
(-3.0188215e-05 0.00030640061 2.7667509e-09)
(-8.9400728e-05 0.00029462238 3.2731896e-09)
(-0.00014516349 0.00027152435 3.799552e-09)
(-0.00019533547 0.00023800008 4.1515177e-09)
(0.00019533506 0.00023799878 -7.0217563e-09)
(0.00014516409 0.00027152238 -7.6966265e-09)
(8.9401545e-05 0.00029462019 -8.6706688e-09)
(3.0188482e-05 0.00030639856 -9.1516302e-09)
(-3.0188495e-05 0.00030639856 -9.1376713e-09)
(-8.9401559e-05 0.00029462019 -8.6293275e-09)
(-0.0001451641 0.00027152238 -7.6295075e-09)
(-0.00019533508 0.00023799878 -6.9314388e-09)
(0.00019533606 0.00023799924 -1.8661481e-10)
(0.00014516542 0.00027152259 -3.0338645e-10)
(8.9402406e-05 0.00029462048 -2.7083833e-10)
(3.0188655e-05 0.00030639911 -2.2749112e-10)
(-3.0188665e-05 0.00030639911 -2.1224843e-10)
(-8.9402417e-05 0.00029462048 -2.2569826e-10)
(-0.00014516543 0.00027152259 -2.3008545e-10)
(-0.00019533607 0.00023799924 -8.795965e-11)
(0.00019533595 0.00023799913 -1.895145e-09)
(0.00014516532 0.00027152246 -1.7279768e-09)
(8.9402327e-05 0.00029462034 -1.6943551e-09)
(3.0188625e-05 0.00030639896 -1.6792363e-09)
(-3.0188633e-05 0.00030639896 -1.6628722e-09)
(-8.9402335e-05 0.00029462034 -1.6459145e-09)
(-0.00014516533 0.00027152247 -1.6493761e-09)
(-0.00019533596 0.00023799913 -1.7894453e-09)
(0.00019533472 0.00023799843 2.8742153e-09)
(0.00014516377 0.000271522 3.6038761e-09)
(8.940132e-05 0.00029461974 4.6361021e-09)
(3.0188404e-05 0.00030639808 5.1618298e-09)
(-3.0188409e-05 0.00030639808 5.1790502e-09)
(-8.9401325e-05 0.00029461975 4.6870235e-09)
(-0.00014516378 0.000271522 3.6863979e-09)
(-0.00019533473 0.00023799843 2.9850467e-09)
(0.0001953332 0.00023799748 3.2328284e-10)
(0.00014516164 0.00027152144 7.6260043e-10)
(8.9399512e-05 0.00029461918 1.4164437e-09)
(3.018779e-05 0.00030639721 2.0103179e-09)
(-3.0187792e-05 0.00030639721 2.0284089e-09)
(-8.9399514e-05 0.00029461918 1.469993e-09)
(-0.00014516164 0.00027152145 8.4939438e-10)
(-0.0001953332 0.00023799748 4.3969055e-10)
(0.00019533257 0.00023799713 1.5265082e-10)
(0.00014516084 0.00027152113 1.7358316e-10)
(8.939858e-05 0.00029461855 1.9473987e-10)
(3.0187264e-05 0.00030639638 2.1504432e-10)
(-3.0187264e-05 0.00030639638 2.3380576e-10)
(-8.939858e-05 0.00029461855 2.5005902e-10)
(-0.00014516084 0.00027152113 2.6271688e-10)
(-0.00019533257 0.00023799714 2.7153364e-10)
(0.00019533254 0.00023799671 7.7250729e-11)
(0.00014516115 0.00027152056 -3.1867277e-10)
(8.9399208e-05 0.0002946182 -9.2875422e-10)
(3.0187686e-05 0.00030639617 -1.4810738e-09)
(-3.0187685e-05 0.00030639617 -1.4621479e-09)
(-8.9399205e-05 0.00029461821 -8.7298408e-10)
(-0.00014516115 0.00027152056 -2.2886568e-10)
(-0.00019533254 0.00023799671 1.9679864e-10)
(0.00019533307 0.00023799648 -2.2178726e-09)
(0.00014516254 0.00027151976 -2.8998973e-09)
(8.9400561e-05 0.00029461732 -3.8844651e-09)
(3.0188151e-05 0.00030639557 -4.3661651e-09)
(-3.0188149e-05 0.00030639557 -4.3470148e-09)
(-8.9400557e-05 0.00029461732 -3.8280693e-09)
(-0.00014516253 0.00027151976 -2.8093592e-09)
(-0.00019533306 0.00023799649 -2.097903e-09)
(0.00019533361 0.00023799639 2.23742e-09)
(0.00014516356 0.00027151932 2.1293309e-09)
(8.9401233e-05 0.00029461691 2.1560266e-09)
(3.0188256e-05 0.00030639538 2.1921775e-09)
(-3.0188255e-05 0.00030639538 2.2105842e-09)
(-8.9401227e-05 0.00029461691 2.2102174e-09)
(-0.00014516354 0.00027151932 2.2163791e-09)
(-0.00019533359 0.00023799639 2.3529234e-09)
(0.00019533327 0.00023799606 -1.9890127e-09)
(0.0001451633 0.00027151893 -1.7918451e-09)
(8.940107e-05 0.00029461647 -1.7397781e-09)
(3.0188202e-05 0.00030639491 -1.7162434e-09)
(-3.0188197e-05 0.00030639491 -1.6996918e-09)
(-8.9401061e-05 0.00029461647 -1.6907883e-09)
(-0.00014516328 0.00027151893 -1.7123787e-09)
(-0.00019533324 0.00023799606 -1.8821903e-09)
(0.00019533223 0.0002379957 2.4744447e-09)
(0.00014516189 0.00027151882 3.2485071e-09)
(8.9400149e-05 0.00029461624 4.3122417e-09)
(3.018801e-05 0.0003063944 4.8514471e-09)
(-3.0187995e-05 0.0003063944 4.8631428e-09)
(-8.940013e-05 0.00029461624 4.3478123e-09)
(-0.00014516187 0.00027151882 3.3092226e-09)
(-0.0001953322 0.0002379957 2.5614077e-09)
(0.00019533065 0.00023799482 1.9896117e-10)
(0.00014515971 0.00027151832 6.937418e-10)
(8.9398315e-05 0.00029461572 1.3836541e-09)
(3.0187401e-05 0.0003063936 1.9880426e-09)
(-3.0187354e-05 0.0003063936 1.9904735e-09)
(-8.9398273e-05 0.00029461572 1.3944493e-09)
(-0.00014515967 0.00027151831 7.2176222e-10)
(-0.00019533062 0.00023799481 2.5433328e-10)
(0.00019533017 0.00023799483 1.7333431e-10)
(0.00014515901 0.00027151837 2.5970467e-10)
(8.9397456e-05 0.00029461546 3.142933e-10)
(3.0186925e-05 0.0003063931 3.3287216e-10)
(-3.0186804e-05 0.00030639311 3.1881705e-10)
(-8.9397365e-05 0.00029461546 2.8056468e-10)
(-0.00014515896 0.00027151837 2.2863038e-10)
(-0.00019533016 0.0002379948 1.7295081e-10)
(0.00019533027 0.00023799479 8.6661311e-11)
(0.00014515944 0.00027151817 -2.4323979e-10)
(8.9398184e-05 0.00029461545 -8.3773642e-10)
(3.0187429e-05 0.00030639323 -1.4165941e-09)
(-3.0187174e-05 0.00030639324 -1.4523028e-09)
(-8.9398e-05 0.00029461547 -9.3160953e-10)
(-0.00014515936 0.00027151815 -3.5745396e-10)
(-0.00019533029 0.00023799469 5.7514207e-12)
(0.00019533071 0.00023799469 -2.4328054e-09)
(0.0001451608 0.00027151742 -3.0700285e-09)
(8.9399589e-05 0.0002946146 -4.0700537e-09)
(3.0187985e-05 0.00030639269 -4.6044439e-09)
(-3.0187546e-05 0.00030639271 -4.6540384e-09)
(-8.9399269e-05 0.00029461464 -4.204674e-09)
(-0.00014516068 0.00027151739 -3.2471561e-09)
(-0.00019533078 0.00023799451 -2.5837962e-09)
(0.00019533148 0.00023799503 2.1319729e-09)
(0.00014516206 0.00027151738 2.0132442e-09)
(8.9400468e-05 0.00029461459 1.985116e-09)
(3.0188225e-05 0.0003063929 1.9523418e-09)
(-3.0187614e-05 0.00030639293 1.9091188e-09)
(-8.9400014e-05 0.00029461465 1.8644669e-09)
(-0.00014516188 0.00027151735 1.8435557e-09)
(-0.00019533158 0.00023799476 1.9642667e-09)
(0.00019533107 0.00023799457 -2.7288233e-11)
(0.0001451618 0.00027151681 8.2769688e-11)
(8.9400348e-05 0.00029461397 4.4154805e-11)
(3.0188216e-05 0.00030639226 -5.0861201e-12)
(-3.0187534e-05 0.0003063923 -2.2774754e-11)
(-8.9399839e-05 0.00029461404 -8.2118131e-12)
(-0.00014516159 0.00027151678 -1.8681781e-12)
(-0.00019533118 0.00023799426 -1.4025921e-10)
(0.00019532968 0.00023799354 7.677113e-09)
(0.00014516016 0.000271516 8.285099e-09)
(8.9399279e-05 0.00029461303 9.2320923e-09)
(3.0187945e-05 0.00030639099 9.7138526e-09)
(-3.0187338e-05 0.00030639102 9.7226301e-09)
(-8.9398831e-05 0.00029461309 9.2512161e-09)
(-0.00014515999 0.00027151597 8.2912629e-09)
(-0.00019532979 0.00023799327 7.6275092e-09)
(0.00019532856 0.00023799275 1.1512664e-09)
(0.00014515839 0.00027151569 1.3668495e-09)
(8.9397701e-05 0.00029461283 1.8140829e-09)
(3.0187355e-05 0.00030639066 2.2903993e-09)
(-3.0186927e-05 0.00030639069 2.3081949e-09)
(-8.9397395e-05 0.00029461287 1.8549696e-09)
(-0.00014515828 0.00027151566 1.3926459e-09)
(-0.00019532865 0.00023799257 1.0998459e-09)
(0.000195335 0.00023800073 -3.5679572e-08)
(0.00014516288 0.00027152499 -3.5757559e-08)
(8.9400146e-05 0.00029462264 -3.5860039e-08)
(3.0187963e-05 0.00030640065 -3.5997047e-08)
(-3.0187732e-05 0.00030640067 -3.5990613e-08)
(-8.9399988e-05 0.00029462266 -3.5852992e-08)
(-0.00014516283 0.00027152497 -3.578433e-08)
(-0.00019533506 0.00023800064 -3.5788762e-08)
(0.00019534859 0.00023801655 -5.9590977e-08)
(0.00014517305 0.00027154285 -6.0173895e-08)
(8.9406346e-05 0.00029464217 -6.0599791e-08)
(3.0190031e-05 0.00030642135 -6.0680579e-08)
(-3.0189948e-05 0.00030642135 -6.0692098e-08)
(-8.9406295e-05 0.00029464218 -6.0641998e-08)
(-0.00014517305 0.00027154284 -6.0266865e-08)
(-0.00019534864 0.00023801651 -5.9758778e-08)
(0.00019533203 0.0002379971 1.2527514e-07)
(0.00014515942 0.00027152124 1.2700987e-07)
(8.9396405e-05 0.00029461923 1.2981181e-07)
(3.0186071e-05 0.00030639694 1.3204297e-07)
(-3.0186069e-05 0.00030639694 1.320153e-07)
(-8.9396413e-05 0.00029461923 1.2972648e-07)
(-0.00014515944 0.00027152124 1.2686119e-07)
(-0.00019533206 0.00023799709 1.2505771e-07)
(0.00019524405 0.00023789466 7.2883931e-07)
(0.00014508896 0.00027140681 7.3302294e-07)
(8.9348891e-05 0.00029449541 7.3956402e-07)
(3.0168907e-05 0.0003062678 7.4464278e-07)
(-3.0168926e-05 0.0003062678 7.4460545e-07)
(-8.9348914e-05 0.00029449542 7.3945278e-07)
(-0.00014508899 0.00027140682 7.3284031e-07)
(-0.00019524409 0.00023789468 7.2859003e-07)
(0.0001950654 0.00023768411 1.2425024e-06)
(0.00014494971 0.00027117022 1.2465052e-06)
(8.9260026e-05 0.00029423789 1.2512017e-06)
(3.013887e-05 0.00030599883 1.2534096e-06)
(-3.0138879e-05 0.00030599884 1.2533725e-06)
(-8.9260039e-05 0.0002942379 1.2510921e-06)
(-0.00014494973 0.00027117025 1.2463278e-06)
(-0.00019506543 0.00023768415 1.242265e-06)
(-0.00023766135 0.00019504939 -5.4287203e-07)
(-0.00027114269 0.00014493825 -5.443137e-07)
(-0.00029420879 8.9250898e-05 -5.4723447e-07)
(-0.00030597219 3.0134974e-05 -5.5010467e-07)
(-0.00030597219 -3.0134974e-05 -5.5010467e-07)
(-0.00029420879 -8.9250898e-05 -5.4723447e-07)
(-0.00027114269 -0.00014493825 -5.443137e-07)
(-0.00023766135 -0.00019504939 -5.4287204e-07)
(-0.00023786618 0.00019522069 -7.5656406e-07)
(-0.00027137446 0.00014507119 -7.6065809e-07)
(-0.00029446021 8.933762e-05 -7.6730155e-07)
(-0.00030623111 3.0165126e-05 -7.7243431e-07)
(-0.00030623111 -3.0165126e-05 -7.7243431e-07)
(-0.00029446021 -8.933762e-05 -7.6730155e-07)
(-0.00027137446 -0.00014507119 -7.6065809e-07)
(-0.00023786618 -0.00019522069 -7.5656406e-07)
(-0.00023798945 0.00019532569 -2.0239756e-07)
(-0.00027151265 0.0001451545 -2.0431488e-07)
(-0.00029460978 8.9393239e-05 -2.072646e-07)
(-0.00030638716 3.018495e-05 -2.0963962e-07)
(-0.00030638716 -3.018495e-05 -2.0963962e-07)
(-0.00029460978 -8.9393239e-05 -2.072646e-07)
(-0.00027151265 -0.0001451545 -2.0431488e-07)
(-0.00023798945 -0.00019532569 -2.0239756e-07)
(-0.00023802243 0.00019535369 4.4681713e-08)
(-0.00027154976 0.0001451767 4.5090444e-08)
(-0.00029464976 8.9408538e-05 4.5332731e-08)
(-0.00030642915 3.0190751e-05 4.5286182e-08)
(-0.00030642915 -3.0190751e-05 4.5286182e-08)
(-0.00029464976 -8.9408538e-05 4.5332731e-08)
(-0.00027154976 -0.0001451767 4.5090443e-08)
(-0.00023802243 -0.00019535369 4.4681711e-08)
(-0.0002380101 0.00019534326 4.4993071e-08)
(-0.0002715359 0.00014516895 4.4882756e-08)
(-0.00029463459 8.9403832e-05 4.483759e-08)
(-0.00030641303 3.0189128e-05 4.4921925e-08)
(-0.00030641303 -3.0189128e-05 4.4921925e-08)
(-0.00029463459 -8.9403832e-05 4.483759e-08)
(-0.0002715359 -0.00014516895 4.4882756e-08)
(-0.0002380101 -0.00019534326 4.499307e-08)
(-0.0002380001 0.00019533545 4.162379e-09)
(-0.00027152437 0.00014516346 3.8314542e-09)
(-0.0002946224 8.9400708e-05 3.3241935e-09)
(-0.00030640063 3.0188203e-05 2.8338865e-09)
(-0.00030640063 -3.0188203e-05 2.8338866e-09)
(-0.0002946224 -8.9400708e-05 3.3241938e-09)
(-0.00027152437 -0.00014516346 3.8314544e-09)
(-0.0002380001 -0.00019533545 4.1623787e-09)
(-0.0002379988 0.00019533505 -6.9195208e-09)
(-0.0002715224 0.00014516407 -7.5944356e-09)
(-0.00029462021 8.9401538e-05 -8.5730996e-09)
(-0.00030639857 3.0188483e-05 -9.0634513e-09)
(-0.00030639857 -3.0188483e-05 -9.0634512e-09)
(-0.00029462021 -8.9401538e-05 -8.5730993e-09)
(-0.0002715224 -0.00014516407 -7.5944354e-09)
(-0.0002379988 -0.00019533505 -6.919521e-09)
(-0.00023799927 0.00019533604 -7.554249e-11)
(-0.00027152261 0.0001451654 -1.9349894e-10)
(-0.0002946205 8.9402394e-05 -1.6687833e-10)
(-0.00030639912 3.0188654e-05 -1.3424997e-10)
(-0.00030639912 -3.0188654e-05 -1.342498e-10)
(-0.0002946205 -8.9402394e-05 -1.6687796e-10)
(-0.00027152261 -0.0001451654 -1.9349869e-10)
(-0.00023799927 -0.00019533604 -7.5542684e-11)
(-0.00023799915 0.00019533593 -1.7771748e-09)
(-0.00027152248 0.0001451653 -1.6131099e-09)
(-0.00029462035 8.9402312e-05 -1.5872498e-09)
(-0.00030639896 3.0188622e-05 -1.5843935e-09)
(-0.00030639896 -3.0188622e-05 -1.5843933e-09)
(-0.00029462035 -8.9402312e-05 -1.5872495e-09)
(-0.00027152248 -0.0001451653 -1.6131098e-09)
(-0.00023799915 -0.00019533593 -1.7771752e-09)
(-0.00023799846 0.0001953347 2.9961801e-09)
(-0.00027152201 0.00014516375 3.719501e-09)
(-0.00029461975 8.9401303e-05 4.7412045e-09)
(-0.00030639808 3.0188399e-05 5.2527638e-09)
(-0.00030639808 -3.0188399e-05 5.2527639e-09)
(-0.00029461975 -8.9401303e-05 4.7412047e-09)
(-0.00027152201 -0.00014516375 3.719501e-09)
(-0.00023799846 -0.0001953347 2.9961797e-09)
(-0.0002379975 0.00019533318 4.4874386e-10)
(-0.00027152146 0.00014516162 8.7662845e-10)
(-0.00029461918 8.9399498e-05 1.5155486e-09)
(-0.00030639721 3.0187785e-05 2.0923226e-09)
(-0.00030639721 -3.0187785e-05 2.0923227e-09)
(-0.00029461918 -8.9399498e-05 1.5155487e-09)
(-0.00027152146 -0.00014516162 8.7662834e-10)
(-0.0002379975 -0.00019533318 4.487433e-10)
(-0.00023799714 0.00019533256 2.7691326e-10)
(-0.00027152113 0.00014516083 2.7962414e-10)
(-0.00029461855 8.9398573e-05 2.8059403e-10)
(-0.00030639637 3.0187262e-05 2.8068448e-10)
(-0.00030639637 -3.0187262e-05 2.8068455e-10)
(-0.00029461855 -8.9398573e-05 2.8059416e-10)
(-0.00027152113 -0.00014516083 2.7962411e-10)
(-0.00023799714 -0.00019533256 2.7691283e-10)
(-0.00023799669 0.00019533255 1.9669658e-10)
(-0.00027152055 0.00014516116 -2.2759917e-10)
(-0.00029461819 8.9399215e-05 -8.6595253e-10)
(-0.00030639616 3.0187688e-05 -1.4430317e-09)
(-0.00030639616 -3.0187688e-05 -1.4430316e-09)
(-0.00029461819 -8.9399215e-05 -8.6595236e-10)
(-0.00027152055 -0.00014516116 -2.2759913e-10)
(-0.00023799669 -0.00019533255 1.9669628e-10)
(-0.00023799643 0.00019533312 -2.1050141e-09)
(-0.00027151972 0.00014516258 -2.8279997e-09)
(-0.00029461729 8.9400594e-05 -3.8506802e-09)
(-0.00030639555 3.0188163e-05 -4.3626764e-09)
(-0.00030639555 -3.0188163e-05 -4.3626763e-09)
(-0.00029461729 -8.9400594e-05 -3.85068e-09)
(-0.00027151972 -0.00014516258 -2.8279997e-09)
(-0.00023799643 -0.00019533312 -2.1050144e-09)
(-0.00023799629 0.00019533371 2.3368018e-09)
(-0.00027151924 0.00014516365 2.1720353e-09)
(-0.00029461686 8.9401304e-05 2.1489427e-09)
(-0.00030639535 3.0188282e-05 2.148886e-09)
(-0.00030639535 -3.0188282e-05 2.1488861e-09)
(-0.00029461686 -8.9401304e-05 2.1489429e-09)
(-0.00027151924 -0.00014516365 2.1720354e-09)
(-0.00023799629 -0.00019533371 2.3368017e-09)
(-0.00023799589 0.00019533344 -1.9086334e-09)
(-0.0002715188 0.00014516347 -1.7863467e-09)
(-0.00029461639 8.9401192e-05 -1.7970218e-09)
(-0.00030639487 3.0188245e-05 -1.8155642e-09)
(-0.00030639487 -3.0188245e-05 -1.8155641e-09)
(-0.00029461639 -8.9401192e-05 -1.7970215e-09)
(-0.0002715188 -0.00014516347 -1.7863464e-09)
(-0.00023799589 -0.00019533344 -1.9086333e-09)
(-0.00023799544 0.0001953325 2.5244854e-09)
(-0.00027151864 0.00014516215 3.204834e-09)
(-0.00029461613 8.9400333e-05 4.1942412e-09)
(-0.00030639433 3.0188073e-05 4.6881154e-09)
(-0.00030639433 -3.0188073e-05 4.6881155e-09)
(-0.00029461613 -8.9400333e-05 4.1942416e-09)
(-0.00027151864 -0.00014516215 3.2048344e-09)
(-0.00023799544 -0.0001953325 2.5244858e-09)
(-0.00023799445 0.00019533105 2.0833011e-10)
(-0.00027151806 0.00014516008 5.9031529e-10)
(-0.00029461558 8.939857e-05 1.1966501e-09)
(-0.00030639352 3.0187478e-05 1.7564954e-09)
(-0.00030639352 -3.0187478e-05 1.7564956e-09)
(-0.00029461558 -8.939857e-05 1.1966504e-09)
(-0.00027151806 -0.00014516008 5.9031573e-10)
(-0.00023799445 -0.00019533105 2.0833044e-10)
(-0.00023799433 0.00019533071 1.2148994e-10)
(-0.00027151804 0.0001451595 7.9676084e-11)
(-0.00029461527 8.9397775e-05 5.0773748e-11)
(-0.00030639301 3.0186996e-05 3.6266268e-11)
(-0.00030639301 -3.0186996e-05 3.6266459e-11)
(-0.00029461527 -8.9397775e-05 5.0774251e-11)
(-0.00027151804 -0.0001451595 7.9676732e-11)
(-0.00023799433 -0.00019533071 1.2149056e-10)
(-0.00023799412 0.00019533097 -4.4301473e-11)
(-0.00027151775 0.00014516004 -5.0434159e-10)
(-0.00029461525 8.9398537e-05 -1.1649724e-09)
(-0.00030639313 3.0187461e-05 -1.7525985e-09)
(-0.00030639313 -3.0187461e-05 -1.7525982e-09)
(-0.00029461525 -8.9398537e-05 -1.1649718e-09)
(-0.00027151775 -0.00014516004 -5.0434077e-10)
(-0.00023799412 -0.00019533097 -4.4300568e-11)
(-0.00023799385 0.00019533157 -2.6253116e-09)
(-0.00027151693 0.00014516147 -3.3706454e-09)
(-0.00029461438 8.9399931e-05 -4.4062135e-09)
(-0.00030639259 3.0187943e-05 -4.9241999e-09)
(-0.00030639259 -3.0187943e-05 -4.9241996e-09)
(-0.00029461438 -8.9399931e-05 -4.4062129e-09)
(-0.00027151693 -0.00014516147 -3.3706445e-09)
(-0.00023799385 -0.00019533157 -2.6253106e-09)
(-0.00023799404 0.00019533243 1.9379612e-09)
(-0.00027151684 0.00014516275 1.7644493e-09)
(-0.00029461436 8.9400767e-05 1.7326997e-09)
(-0.0003063928 3.0188104e-05 1.7269549e-09)
(-0.0003063928 -3.0188104e-05 1.7269552e-09)
(-0.00029461436 -8.9400767e-05 1.7327004e-09)
(-0.00027151684 -0.00014516275 1.7644503e-09)
(-0.00023799404 -0.00019533243 1.9379624e-09)
(-0.00023799354 0.00019533204 -1.4647945e-10)
(-0.00027151627 0.00014516248 -2.0992811e-11)
(-0.00029461375 8.940062e-05 -4.1656229e-11)
(-0.00030639217 3.0188059e-05 -7.2371516e-11)
(-0.00030639217 -3.0188059e-05 -7.2371246e-11)
(-0.00029461375 -8.940062e-05 -4.1655472e-11)
(-0.00027151627 -0.00014516248 -2.09917e-11)
(-0.00023799354 -0.00019533204 -1.4647813e-10)
(-0.00023799258 0.00019533061 7.6410358e-09)
(-0.00027151548 0.00014516083 8.3310882e-09)
(-0.00029461281 8.9399564e-05 9.3148881e-09)
(-0.0003063909 3.018782e-05 9.8049289e-09)
(-0.0003063909 -3.018782e-05 9.8049292e-09)
(-0.00029461281 -8.9399564e-05 9.3148889e-09)
(-0.00027151548 -0.00014516083 8.3310894e-09)
(-0.00023799258 -0.00019533061 7.6410372e-09)
(-0.00023799196 0.00019532938 1.1297853e-09)
(-0.00027151524 0.00014515902 1.4805866e-09)
(-0.00029461264 8.9398015e-05 1.9947788e-09)
(-0.00030639058 3.0187306e-05 2.487439e-09)
(-0.00030639058 -3.0187306e-05 2.4874393e-09)
(-0.00029461264 -8.9398015e-05 1.9947795e-09)
(-0.00027151524 -0.00014515902 1.4805877e-09)
(-0.00023799196 -0.00019532938 1.1297867e-09)
(-0.00023800014 0.00019533565 -3.5748611e-08)
(-0.00027152463 0.00014516342 -3.5667978e-08)
(-0.00029462247 8.9400461e-05 -3.5673362e-08)
(-0.00030640058 3.0187988e-05 -3.5770549e-08)
(-0.00030640058 -3.0187988e-05 -3.5770549e-08)
(-0.00029462247 -8.9400461e-05 -3.5673362e-08)
(-0.00027152463 -0.00014516342 -3.5667977e-08)
(-0.00023800014 -0.00019533565 -3.574861e-08)
(-0.00023801614 0.00019534907 -5.9717072e-08)
(-0.00027154259 0.00014517348 -6.01478e-08)
(-0.00029464204 8.9406618e-05 -6.0463586e-08)
(-0.00030642129 3.0190097e-05 -6.048425e-08)
(-0.00030642129 -3.0190097e-05 -6.048425e-08)
(-0.00029464204 -8.9406618e-05 -6.0463586e-08)
(-0.00027154259 -0.00014517348 -6.0147799e-08)
(-0.00023801614 -0.00019534907 -5.9717071e-08)
(-0.00023799686 0.00019533234 1.2509356e-07)
(-0.00027152107 0.00014515971 1.2696165e-07)
(-0.00029461914 8.9396606e-05 1.2987103e-07)
(-0.0003063969 3.0186141e-05 1.3217195e-07)
(-0.0003063969 -3.0186141e-05 1.3217195e-07)
(-0.00029461914 -8.9396606e-05 1.2987103e-07)
(-0.00027152107 -0.00014515971 1.2696165e-07)
(-0.00023799686 -0.00019533234 1.2509356e-07)
(-0.00023789455 0.00019524423 7.2861499e-07)
(-0.00027140673 0.00014508913 7.3290856e-07)
(-0.00029449537 8.934901e-05 7.3954524e-07)
(-0.00030626778 3.0168956e-05 7.4469366e-07)
(-0.00030626778 -3.0168956e-05 7.4469366e-07)
(-0.00029449537 -8.934901e-05 7.3954524e-07)
(-0.00027140673 -0.00014508913 7.3290856e-07)
(-0.00023789455 -0.00019524423 7.2861499e-07)
(-0.00023768411 0.00019506548 1.2422783e-06)
(-0.00027117022 0.00014494977 1.2463627e-06)
(-0.00029423788 8.9260066e-05 1.2511341e-06)
(-0.00030599883 3.0138886e-05 1.253401e-06)
(-0.00030599883 -3.0138886e-05 1.253401e-06)
(-0.00029423788 -8.9260066e-05 1.2511341e-06)
(-0.00027117022 -0.00014494977 1.2463627e-06)
(-0.00023768411 -0.00019506548 1.2422783e-06)
(-0.0001950494 -0.00023766135 -5.4287469e-07)
(-0.00014493825 -0.00027114269 -5.443215e-07)
(-8.92509e-05 -0.00029420879 -5.4724701e-07)
(-3.0134976e-05 -0.00030597219 -5.501213e-07)
(3.0134971e-05 -0.00030597219 -5.5012457e-07)
(8.9250895e-05 -0.00029420879 -5.4725672e-07)
(0.00014493825 -0.00027114269 -5.4433732e-07)
(0.00019504939 -0.00023766135 -5.4289601e-07)
(-0.0001952207 -0.00023786617 -7.5657034e-07)
(-0.0001450712 -0.00027137445 -7.606766e-07)
(-8.9337626e-05 -0.0002944602 -7.6733131e-07)
(-3.0165132e-05 -0.0003062311 -7.7247376e-07)
(3.016512e-05 -0.00030623109 -7.724814e-07)
(8.9337613e-05 -0.00029446019 -7.6735393e-07)
(0.00014507118 -0.00027137444 -7.607133e-07)
(0.00019522068 -0.00023786617 -7.566197e-07)
(-0.00019532571 -0.00023798943 -2.0240505e-07)
(-0.00014515451 -0.00027151263 -2.0433689e-07)
(-8.9393251e-05 -0.00029460976 -2.0729987e-07)
(-3.018496e-05 -0.00030638715 -2.0968618e-07)
(3.0184941e-05 -0.00030638715 -2.0969495e-07)
(8.9393231e-05 -0.00029460976 -2.0732583e-07)
(0.00014515449 -0.00027151263 -2.0437903e-07)
(0.00019532569 -0.00023798943 -2.0246177e-07)
(-0.00019535371 -0.00023802241 4.4673402e-08)
(-0.00014517672 -0.00027154974 4.5066033e-08)
(-8.9408553e-05 -0.00029464975 4.5293709e-08)
(-3.0190763e-05 -0.00030642914 4.5234848e-08)
(3.0190742e-05 -0.00030642914 4.5225413e-08)
(8.9408532e-05 -0.00029464975 4.5265743e-08)
(0.00014517669 -0.00027154974 4.5020581e-08)
(0.00019535369 -0.00023802241 4.4612199e-08)
(-0.00019534328 -0.00023801008 4.4983514e-08)
(-0.00014516898 -0.00027153588 4.4854637e-08)
(-8.940385e-05 -0.00029463457 4.4792542e-08)
(-3.018914e-05 -0.00030641302 4.4862589e-08)
(3.0189121e-05 -0.00030641302 4.4851729e-08)
(8.9403831e-05 -0.00029463457 4.476043e-08)
(0.00014516896 -0.00027153588 4.4802617e-08)
(0.00019534326 -0.00023801008 4.4913613e-08)
(-0.00019533547 -0.00023800008 4.1515168e-09)
(-0.00014516349 -0.00027152435 3.7995506e-09)
(-8.9400728e-05 -0.00029462238 3.2731879e-09)
(-3.0188215e-05 -0.00030640061 2.766748e-09)
(3.0188199e-05 -0.00030640061 2.7543709e-09)
(8.9400711e-05 -0.00029462238 3.2365186e-09)
(0.00014516347 -0.00027152435 3.7399468e-09)
(0.00019533546 -0.00023800007 4.0712157e-09)
(-0.00019533508 -0.00023799878 -6.9314396e-09)
(-0.0001451641 -0.00027152238 -7.6295088e-09)
(-8.9401559e-05 -0.00029462019 -8.6293292e-09)
(-3.0188495e-05 -0.00030639856 -9.1376742e-09)
(3.0188482e-05 -0.00030639856 -9.1516371e-09)
(8.9401545e-05 -0.00029462019 -8.670682e-09)
(0.00014516409 -0.00027152238 -7.6966377e-09)
(0.00019533506 -0.00023799878 -7.0217625e-09)
(-0.00019533607 -0.00023799924 -8.7960425e-11)
(-0.00014516543 -0.00027152259 -2.3008668e-10)
(-8.9402417e-05 -0.00029462048 -2.2569985e-10)
(-3.0188665e-05 -0.00030639911 -2.122511e-10)
(3.0188655e-05 -0.00030639911 -2.2749754e-10)
(8.9402406e-05 -0.00029462048 -2.7085076e-10)
(0.00014516542 -0.00027152259 -3.0339692e-10)
(0.00019533606 -0.00023799924 -1.8662044e-10)
(-0.00019533596 -0.00023799913 -1.7894462e-09)
(-0.00014516533 -0.00027152247 -1.6493775e-09)
(-8.9402335e-05 -0.00029462034 -1.6459162e-09)
(-3.0188633e-05 -0.00030639896 -1.6628749e-09)
(3.0188625e-05 -0.00030639896 -1.6792426e-09)
(8.9402327e-05 -0.00029462034 -1.6943672e-09)
(0.00014516532 -0.00027152246 -1.727987e-09)
(0.00019533595 -0.00023799913 -1.8951506e-09)
(-0.00019533473 -0.00023799843 2.9850457e-09)
(-0.00014516378 -0.000271522 3.6863965e-09)
(-8.9401325e-05 -0.00029461975 4.6870217e-09)
(-3.0188409e-05 -0.00030639808 5.1790473e-09)
(3.0188404e-05 -0.00030639808 5.1618235e-09)
(8.940132e-05 -0.00029461974 4.6360903e-09)
(0.00014516377 -0.000271522 3.6038662e-09)
(0.00019533472 -0.00023799843 2.8742098e-09)
(-0.0001953332 -0.00023799748 4.3968945e-10)
(-0.00014516164 -0.00027152145 8.4939286e-10)
(-8.9399514e-05 -0.00029461918 1.4699912e-09)
(-3.0187792e-05 -0.00030639721 2.0284061e-09)
(3.018779e-05 -0.00030639721 2.0103117e-09)
(8.9399512e-05 -0.00029461918 1.4164323e-09)
(0.00014516164 -0.00027152144 7.6259086e-10)
(0.0001953332 -0.00023799748 3.2327752e-10)
(-0.00019533257 -0.00023799714 2.7153273e-10)
(-0.00014516084 -0.00027152113 2.627156e-10)
(-8.939858e-05 -0.00029461855 2.5005744e-10)
(-3.0187264e-05 -0.00030639638 2.3380328e-10)
(3.0187264e-05 -0.00030639638 2.1503878e-10)
(8.939858e-05 -0.00029461855 1.9472949e-10)
(0.00014516084 -0.00027152113 1.7357455e-10)
(0.00019533257 -0.00023799713 1.5264625e-10)
(-0.00019533254 -0.00023799671 1.9679794e-10)
(-0.00014516115 -0.00027152056 -2.2886669e-10)
(-8.9399205e-05 -0.00029461821 -8.7298534e-10)
(-3.0187685e-05 -0.00030639617 -1.46215e-09)
(3.0187686e-05 -0.00030639617 -1.4810788e-09)
(8.9399208e-05 -0.0002946182 -9.2876379e-10)
(0.00014516115 -0.00027152056 -3.1868063e-10)
(0.00019533254 -0.00023799671 7.7246699e-11)
(-0.00019533306 -0.00023799649 -2.0979037e-09)
(-0.00014516253 -0.00027151976 -2.8093603e-09)
(-8.9400557e-05 -0.00029461732 -3.8280706e-09)
(-3.0188149e-05 -0.00030639557 -4.3470169e-09)
(3.0188151e-05 -0.00030639557 -4.3661699e-09)
(8.9400561e-05 -0.00029461732 -3.8844743e-09)
(0.00014516254 -0.00027151976 -2.8999048e-09)
(0.00019533307 -0.00023799648 -2.2178765e-09)
(-0.00019533359 -0.00023799639 2.3529229e-09)
(-0.00014516354 -0.00027151932 2.2163783e-09)
(-8.9401227e-05 -0.00029461691 2.2102163e-09)
(-3.0188255e-05 -0.00030639538 2.2105824e-09)
(3.0188256e-05 -0.00030639538 2.1921732e-09)
(8.9401233e-05 -0.00029461691 2.1560183e-09)
(0.00014516356 -0.00027151932 2.1293242e-09)
(0.00019533361 -0.00023799639 2.2374168e-09)
(-0.00019533324 -0.00023799606 -1.8821905e-09)
(-0.00014516328 -0.00027151893 -1.7123792e-09)
(-8.9401061e-05 -0.00029461647 -1.6907888e-09)
(-3.0188197e-05 -0.00030639491 -1.699693e-09)
(3.0188202e-05 -0.00030639491 -1.7162468e-09)
(8.940107e-05 -0.00029461647 -1.7397853e-09)
(0.0001451633 -0.00027151893 -1.7918507e-09)
(0.00019533327 -0.00023799606 -1.989015e-09)
(-0.0001953322 -0.0002379957 2.5614078e-09)
(-0.00014516187 -0.00027151882 3.3092226e-09)
(-8.940013e-05 -0.00029461624 4.3478121e-09)
(-3.0187995e-05 -0.0003063944 4.863142e-09)
(3.018801e-05 -0.0003063944 4.8514442e-09)
(8.9400149e-05 -0.00029461624 4.3122354e-09)
(0.00014516189 -0.00027151882 3.2485023e-09)
(0.00019533223 -0.0002379957 2.474443e-09)
(-0.00019533062 -0.00023799481 2.5433343e-10)
(-0.00014515967 -0.00027151831 7.2176222e-10)
(-8.9398273e-05 -0.00029461572 1.3944492e-09)
(-3.0187354e-05 -0.0003063936 1.9904728e-09)
(3.0187401e-05 -0.0003063936 1.9880399e-09)
(8.9398315e-05 -0.00029461572 1.3836481e-09)
(0.00014515971 -0.00027151832 6.9373732e-10)
(0.00019533065 -0.00023799482 1.9895958e-10)
(-0.00019533016 -0.0002379948 1.7295133e-10)
(-0.00014515896 -0.00027151837 2.2863083e-10)
(-8.9397365e-05 -0.00029461546 2.8056507e-10)
(-3.0186804e-05 -0.00030639311 3.1881695e-10)
(3.0186925e-05 -0.0003063931 3.3287019e-10)
(8.9397456e-05 -0.00029461546 3.1428839e-10)
(0.00014515901 -0.00027151837 2.5970111e-10)
(0.00019533017 -0.00023799483 1.7333337e-10)
(-0.00019533029 -0.00023799469 5.7523158e-12)
(-0.00014515936 -0.00027151815 -3.5745307e-10)
(-8.9398e-05 -0.00029461547 -9.3160869e-10)
(-3.0187174e-05 -0.00030639324 -1.4523024e-09)
(3.0187429e-05 -0.00030639323 -1.4165954e-09)
(8.9398184e-05 -0.00029461545 -8.3774027e-10)
(0.00014515944 -0.00027151817 -2.4324233e-10)
(0.00019533027 -0.00023799479 8.6661109e-11)
(-0.00019533078 -0.00023799451 -2.5837952e-09)
(-0.00014516068 -0.00027151739 -3.2471551e-09)
(-8.9399269e-05 -0.00029461464 -4.204673e-09)
(-3.0187546e-05 -0.00030639271 -4.6540377e-09)
(3.0187985e-05 -0.00030639269 -4.6044447e-09)
(8.9399589e-05 -0.0002946146 -4.0700568e-09)
(0.0001451608 -0.00027151742 -3.0700305e-09)
(0.00019533071 -0.00023799469 -2.4328053e-09)
(-0.00019533158 -0.00023799476 1.964268e-09)
(-0.00014516188 -0.00027151735 1.843557e-09)
(-8.9400014e-05 -0.00029461465 1.8644683e-09)
(-3.0187614e-05 -0.00030639293 1.9091198e-09)
(3.0188225e-05 -0.0003063929 1.9523414e-09)
(8.9400468e-05 -0.00029461459 1.9851135e-09)
(0.00014516206 -0.00027151738 2.0132428e-09)
(0.00019533148 -0.00023799503 2.1319733e-09)
(-0.00019533118 -0.00023799426 -1.402578e-10)
(-0.00014516159 -0.00027151678 -1.8667097e-12)
(-8.9399839e-05 -0.00029461404 -8.2103293e-12)
(-3.0187534e-05 -0.0003063923 -2.2773564e-11)
(3.0188216e-05 -0.00030639226 -5.0861163e-12)
(8.9400348e-05 -0.00029461397 4.4153006e-11)
(0.0001451618 -0.00027151681 8.2768896e-11)
(0.00019533107 -0.00023799457 -2.7287594e-11)
(-0.00019532979 -0.00023799327 7.6275107e-09)
(-0.00014515999 -0.00027151597 8.2912646e-09)
(-8.9398831e-05 -0.00029461309 9.2512178e-09)
(-3.0187338e-05 -0.00030639102 9.7226317e-09)
(3.0187945e-05 -0.00030639099 9.7138531e-09)
(8.9399279e-05 -0.00029461303 9.2320913e-09)
(0.00014516016 -0.000271516 8.2850989e-09)
(0.00019532968 -0.00023799354 7.677114e-09)
(-0.00019532865 -0.00023799257 1.0998475e-09)
(-0.00014515828 -0.00027151566 1.3926476e-09)
(-8.9397395e-05 -0.00029461287 1.8549714e-09)
(-3.0186927e-05 -0.00030639069 2.3081965e-09)
(3.0187355e-05 -0.00030639066 2.2904e-09)
(8.9397701e-05 -0.00029461283 1.8140825e-09)
(0.00014515839 -0.00027151569 1.36685e-09)
(0.00019532856 -0.00023799275 1.151268e-09)
(-0.00019533506 -0.00023800064 -3.578876e-08)
(-0.00014516283 -0.00027152497 -3.5784329e-08)
(-8.9399988e-05 -0.00029462266 -3.585299e-08)
(-3.0187732e-05 -0.00030640067 -3.5990611e-08)
(3.0187963e-05 -0.00030640065 -3.5997047e-08)
(8.9400146e-05 -0.00029462264 -3.586004e-08)
(0.00014516288 -0.00027152499 -3.5757559e-08)
(0.000195335 -0.00023800073 -3.5679571e-08)
(-0.00019534864 -0.00023801651 -5.9758776e-08)
(-0.00014517305 -0.00027154284 -6.0266863e-08)
(-8.9406295e-05 -0.00029464218 -6.0641997e-08)
(-3.0189948e-05 -0.00030642135 -6.0692097e-08)
(3.0190031e-05 -0.00030642135 -6.0680578e-08)
(8.9406346e-05 -0.00029464217 -6.0599791e-08)
(0.00014517305 -0.00027154285 -6.0173895e-08)
(0.00019534859 -0.00023801655 -5.9590979e-08)
(-0.00019533206 -0.00023799709 1.2505771e-07)
(-0.00014515944 -0.00027152124 1.2686119e-07)
(-8.9396413e-05 -0.00029461923 1.2972648e-07)
(-3.0186069e-05 -0.00030639695 1.320153e-07)
(3.0186071e-05 -0.00030639694 1.3204298e-07)
(8.9396405e-05 -0.00029461923 1.2981181e-07)
(0.00014515942 -0.00027152124 1.2700987e-07)
(0.00019533203 -0.0002379971 1.2527514e-07)
(-0.00019524409 -0.00023789468 7.2859003e-07)
(-0.00014508899 -0.00027140682 7.3284031e-07)
(-8.9348914e-05 -0.00029449542 7.3945278e-07)
(-3.0168926e-05 -0.0003062678 7.4460545e-07)
(3.0168907e-05 -0.0003062678 7.4464278e-07)
(8.9348891e-05 -0.00029449541 7.3956402e-07)
(0.00014508896 -0.00027140681 7.3302293e-07)
(0.00019524405 -0.00023789466 7.288393e-07)
(-0.00019506543 -0.00023768415 1.242265e-06)
(-0.00014494973 -0.00027117025 1.2463279e-06)
(-8.9260039e-05 -0.0002942379 1.2510921e-06)
(-3.0138879e-05 -0.00030599884 1.2533725e-06)
(3.013887e-05 -0.00030599883 1.2534096e-06)
(8.9260026e-05 -0.00029423789 1.2512017e-06)
(0.00014494971 -0.00027117022 1.2465052e-06)
(0.0001950654 -0.00023768411 1.2425024e-06)
)
;
    }
    lid_wall_inner
    {
        type            calculated;
        value           uniform (0 0 0);
    }
    lid_wall_outer
    {
        type            calculated;
        value           uniform (0 0 0);
    }
    outlet_peri
    {
        type            calculated;
        value           uniform (0 0 0);
    }
}


// ************************************************************************* //
