/*--------------------------------*- C++ -*----------------------------------*\
| =========                 |                                                 |
| \\      /  F ield         | OpenFOAM: The Open Source CFD Toolbox           |
|  \\    /   O peration     | Version:  2512                                  |
|   \\  /    A nd           | Website:  www.openfoam.com                      |
|    \\/     M anipulation  |                                                 |
\*---------------------------------------------------------------------------*/
FoamFile
{
    version     2.0;
    format      ascii;
    arch        "LSB;label=32;scalar=64";
    class       volSymmTensorField;
    location    "0.4";
    object      epsilon;
}
// * * * * * * * * * * * * * * * * * * * * * * * * * * * * * * * * * * * * * //

dimensions      [0 0 0 0 0 0 0];

internalField   nonuniform List<symmTensor> 
100
(
(-0.0078015419 0.0083931363 0 0.021562885 0 0)
(-0.0031815598 0.014615587 0 0.0086277279 0 0)
(-0.00011183587 0.015209851 0 -0.00014120021 0 0)
(0.0029364281 0.01446272 0 -0.0089204025 0 0)
(0.0074795787 0.0081820854 0 -0.021874006 0 0)
(-0.0064459426 0.0056900005 0 0.014686757 0 0)
(-0.0034117856 0.012724921 0 0.0069311812 0 0)
(-0.00021484178 0.013832471 0 -7.4518738e-05 0 0)
(0.0029793005 0.012634867 0 -0.0071054441 0 0)
(0.006020091 0.0054965883 0 -0.014958079 0 0)
(-0.004252996 0.004728669 0 0.0087850187 0 0)
(-0.002483785 0.011432247 0 0.0043727615 0 0)
(-0.00024227958 0.012739328 0 -3.7174337e-05 0 0)
(0.0020098506 0.01136575 0 -0.0044693146 0 0)
(0.0037962564 0.0045512382 0 -0.0089464602 0 0)
(-0.0021187477 0.0040380189 0 0.003341187 0 0)
(-0.0014643995 0.0099024559 0 0.00191841 0 0)
(-0.00024649462 0.011140293 0 -1.9556776e-05 0 0)
(0.00098134055 0.0098324823 0 -0.0019706496 0 0)
(0.0016482518 0.003855745 0 -0.00342586 0 0)
(-0.00029510812 0.0033936232 0 -0.0011533075 0 0)
(-0.00050507452 0.0083640536 0 -0.00025249704 0 0)
(-0.00024547041 0.0094761985 0 2.4648151e-06 0 0)
(1.6482899e-05 0.0082915514 0 0.00025551423 0 0)
(-0.00019512348 0.0032150523 0 0.0011552885 0 0)
(0.0012472343 0.0027812194 0 -0.0049487246 0 0)
(0.00031993847 0.0068468467 0 -0.0020998873 0 0)
(-0.00024459831 0.007773343 0 2.2056448e-05 0 0)
(-0.00081373351 0.0067769849 0 0.0021504623 0 0)
(-0.0017545237 0.0026178027 0 0.0050203623 0 0)
(0.0024683313 0.0021650308 0 -0.0079442312 0 0)
(0.00098514798 0.0053202968 0 -0.0035767512 0 0)
(-0.00024548883 0.0060487482 0 4.2124589e-05 0 0)
(-0.0014862872 0.005259315 0 0.0036733496 0 0)
(-0.0029926867 0.0020270056 0 0.0080775767 0 0)
(0.0033864286 0.0015497963 0 -0.010197483 0 0)
(0.0014872523 0.0038011568 0 -0.0046899547 0 0)
(-0.00024718604 0.0043227958 0 5.8464876e-05 0 0)
(-0.0019955472 0.0037541162 0 0.0048230145 0 0)
(-0.0039245511 0.0014454274 0 0.010377442 0 0)
(0.0039954912 0.00093087052 0 -0.01169198 0 0)
(0.0018216496 0.0022798541 0 -0.0054301592 0 0)
(-0.00024896134 0.0025932216 0 7.0562996e-05 0 0)
(-0.002335826 0.0022502656 0 0.0055896637 0 0)
(-0.0045437542 0.0008659387 0 0.011904605 0 0)
(0.0043002883 0.00031060496 0 -0.012440122 0 0)
(0.001989095 0.00076018253 0 -0.0058008316 0 0)
(-0.00025001616 0.00086462594 0 7.6776175e-05 0 0)
(-0.0025064732 0.00075010024 0 0.0059738064 0 0)
(-0.004853768 0.00028858429 0 0.012669132 0 0)
(0.0043002884 -0.00031060504 0 -0.012440122 0 0)
(0.001989095 -0.00076018273 0 -0.0058008316 0 0)
(-0.00025001613 -0.00086462616 0 7.6776172e-05 0 0)
(-0.0025064732 -0.00075010044 0 0.0059738063 0 0)
(-0.004853768 -0.00028858437 0 0.012669131 0 0)
(0.0039954912 -0.00093087058 0 -0.01169198 0 0)
(0.0018216496 -0.0022798542 0 -0.0054301592 0 0)
(-0.00024896134 -0.0025932218 0 7.0563001e-05 0 0)
(-0.002335826 -0.0022502657 0 0.0055896637 0 0)
(-0.0045437542 -0.00086593876 0 0.011904605 0 0)
(0.0033864286 -0.0015497963 0 -0.010197483 0 0)
(0.0014872523 -0.0038011569 0 -0.0046899546 0 0)
(-0.00024718599 -0.0043227959 0 5.8464882e-05 0 0)
(-0.0019955472 -0.0037541163 0 0.0048230144 0 0)
(-0.0039245511 -0.0014454274 0 0.010377442 0 0)
(0.0024683312 -0.0021650308 0 -0.0079442309 0 0)
(0.00098514797 -0.0053202968 0 -0.0035767511 0 0)
(-0.00024548881 -0.0060487482 0 4.2124606e-05 0 0)
(-0.0014862872 -0.005259315 0 0.0036733495 0 0)
(-0.0029926866 -0.0020270056 0 0.0080775765 0 0)
(0.0012472343 -0.0027812193 0 -0.0049487243 0 0)
(0.00031993847 -0.0068468466 0 -0.0020998871 0 0)
(-0.00024459827 -0.0077733429 0 2.2056471e-05 0 0)
(-0.00081373347 -0.0067769848 0 0.0021504622 0 0)
(-0.0017545236 -0.0026178027 0 0.0050203621 0 0)
(-0.00029510818 -0.0033936232 0 -0.0011533073 0 0)
(-0.00050507453 -0.0083640535 0 -0.00025249691 0 0)
(-0.0002454704 -0.0094761984 0 2.4648478e-06 0 0)
(1.6482928e-05 -0.0082915512 0 0.00025551417 0 0)
(-0.00019512341 -0.0032150523 0 0.0011552883 0 0)
(-0.0021187477 -0.0040380188 0 0.0033411872 0 0)
(-0.0014643995 -0.0099024557 0 0.0019184101 0 0)
(-0.00024649462 -0.011140293 0 -1.9556737e-05 0 0)
(0.00098134056 -0.0098324821 0 -0.0019706496 0 0)
(0.0016482518 -0.0038557449 0 -0.0034258601 0 0)
(-0.004252996 -0.0047286688 0 0.0087850187 0 0)
(-0.002483785 -0.011432246 0 0.0043727615 0 0)
(-0.00024227959 -0.012739328 0 -3.7174289e-05 0 0)
(0.0020098506 -0.011365749 0 -0.0044693145 0 0)
(0.0037962563 -0.0045512381 0 -0.0089464601 0 0)
(-0.0064459427 -0.0056900004 0 0.014686757 0 0)
(-0.0034117857 -0.01272492 0 0.0069311813 0 0)
(-0.00021484187 -0.013832471 0 -7.4518654e-05 0 0)
(0.0029793004 -0.012634867 0 -0.007105444 0 0)
(0.006020091 -0.0054965882 0 -0.014958079 0 0)
(-0.0078015422 -0.0083931363 0 0.021562885 0 0)
(-0.0031815599 -0.014615587 0 0.0086277279 0 0)
(-0.00011183594 -0.015209851 0 -0.00014120014 0 0)
(0.002936428 -0.01446272 0 -0.0089204024 0 0)
(0.0074795786 -0.0081820853 0 -0.021874006 0 0)
)
;

boundaryField
{
    bottom
    {
        type            calculated;
        value           nonuniform List<symmTensor> 5((-0.0078015419 0.010158162 0 0.025607604 0 0) (-0.0031815598 0.013508448 0 0.0090713947 0 0) (-0.00011183587 0.01390843 0 -0.00017441702 0 0) (0.0029364281 0.013295248 0 -0.009415207 0 0) (0.0074795787 0.0097956563 0 -0.025872666 0 0));
    }
    top
    {
        type            calculated;
        value           nonuniform List<symmTensor> 5((-0.0078015422 -0.010158162 0 0.025607603 0 0) (-0.0031815599 -0.013508448 0 0.0090713946 0 0) (-0.00011183594 -0.01390843 0 -0.00017441697 0 0) (0.002936428 -0.013295248 0 -0.0094152069 0 0) (0.0074795786 -0.0097956562 0 -0.025872666 0 0));
    }
    interface_left
    {
        type            calculated;
        value           nonuniform List<symmTensor> 
20
(
(-0.0097519101 0.00010297588 0 0.021562885 0 0)
(-0.0068270227 0.00023428276 0 0.014686757 0 0)
(-0.0042843678 0.00025219307 0 0.0087850187 0 0)
(-0.0019360895 0.00025418397 0 0.003341187 0 0)
(9.0264851e-07 0.00024195457 0 -0.0011533075 0 0)
(0.0016353988 0.00021648658 0 -0.0049487246 0 0)
(0.0029244092 0.00018004537 0 -0.0079442312 0 0)
(0.0038934488 0.00013489758 0 -0.010197483 0 0)
(0.0045358789 8.3472206e-05 0 -0.01169198 0 0)
(0.0048573937 2.8247187e-05 0 -0.012440122 0 0)
(0.0048573937 -2.8247169e-05 0 -0.012440122 0 0)
(0.0045358789 -8.3472188e-05 0 -0.01169198 0 0)
(0.0038934488 -0.00013489756 0 -0.010197483 0 0)
(0.0029244091 -0.00018004535 0 -0.0079442309 0 0)
(0.0016353988 -0.00021648656 0 -0.0049487243 0 0)
(9.0256835e-07 -0.00024195455 0 -0.0011533073 0 0)
(-0.0019360896 -0.00025418396 0 0.0033411872 0 0)
(-0.0042843678 -0.00025219306 0 0.0087850187 0 0)
(-0.0068270229 -0.00023428278 0 0.014686757 0 0)
(-0.0097519104 -0.00010297592 0 0.021562885 0 0)
)
;
    }
    interface_right
    {
        type            calculated;
        value           nonuniform List<symmTensor> 
20
(
(0.0093745754 -4.7039164e-09 0 -0.021874006 0 0)
(0.0064106064 -6.4058705e-09 0 -0.014958079 0 0)
(0.0038341981 -1.0268963e-08 0 -0.0089464602 0 0)
(0.0014682263 -1.2892381e-08 0 -0.00342586 0 0)
(-0.00049512342 -1.4322512e-08 0 0.0011552885 0 0)
(-0.0021515841 -1.4325101e-08 0 0.0050203623 0 0)
(-0.0034618192 -1.2921932e-08 0 0.0080775767 0 0)
(-0.004447476 -1.0254634e-08 0 0.010377442 0 0)
(-0.0051019747 -6.5791669e-09 0 0.011904605 0 0)
(-0.0054296291 -2.2623928e-09 0 0.012669132 0 0)
(-0.005429629 2.2777636e-09 0 0.012669131 0 0)
(-0.0051019747 6.5930431e-09 0 0.011904605 0 0)
(-0.0044474759 1.0265115e-08 0 0.010377442 0 0)
(-0.0034618191 1.2929591e-08 0 0.0080775765 0 0)
(-0.002151584 1.4329129e-08 0 0.0050203621 0 0)
(-0.00049512335 1.4323286e-08 0 0.0011552883 0 0)
(0.0014682263 1.288819e-08 0 -0.0034258601 0 0)
(0.0038341981 1.0260003e-08 0 -0.0089464601 0 0)
(0.0064106063 6.3908176e-09 0 -0.014958079 0 0)
(0.0093745753 4.6799317e-09 0 -0.021874006 0 0)
)
;
    }
    frontAndBack
    {
        type            empty;
    }
}


// ************************************************************************* //
