/*--------------------------------*- C++ -*----------------------------------*\
| =========                 |                                                 |
| \\      /  F ield         | OpenFOAM: The Open Source CFD Toolbox           |
|  \\    /   O peration     | Version:  2512                                  |
|   \\  /    A nd           | Website:  www.openfoam.com                      |
|    \\/     M anipulation  |                                                 |
\*---------------------------------------------------------------------------*/
FoamFile
{
    version     2.0;
    format      ascii;
    arch        "LSB;label=32;scalar=64";
    class       volVectorField;
    location    "14.9";
    object      Force;
}
// * * * * * * * * * * * * * * * * * * * * * * * * * * * * * * * * * * * * * //

dimensions      [1 1 -2 0 0 0 0];

internalField   uniform (0 0 0);

boundaryField
{
    needle_inlet_left
    {
        type            calculated;
        value           uniform (0 0 0);
    }
    needle_inlet_right
    {
        type            calculated;
        value           uniform (0 0 0);
    }
    needle_outlet_left
    {
        type            calculated;
        value           uniform (0 0 0);
    }
    needle_outlet_right
    {
        type            calculated;
        value           uniform (0 0 0);
    }
    sclera_left_lower
    {
        type            calculated;
        value           nonuniform List<vector> 7((-0.00040050497 -5.5922477e-12 0) (-0.00030037873 3.3594359e-12 0) (-0.00030037872 1.1873692e-12 0) (-0.00041051758 4.1082287e-13 0) (-0.00041051758 2.3411566e-13 0) (-0.00041051758 1.486065e-13 0) (-0.00041051758 -8.5497622e-15 0));
    }
    sclera_left_upper
    {
        type            calculated;
        value           nonuniform List<vector> 
29
(
(-0.00050161949 3.3877552e-12 0)
(-0.00049804195 1.3667889e-12 0)
(-0.00049493128 1.0120414e-12 0)
(-0.0004932724 6.1734492e-13 0)
(-0.00049213101 4.2688522e-13 0)
(-0.0004913772 2.9389874e-13 0)
(-0.00049084781 2.0985824e-13 0)
(-0.00049047055 1.5225372e-13 0)
(-0.00049019499 1.1260667e-13 0)
(-0.00048999029 8.4502685e-14 0)
(-0.00052481873 6.8345099e-14 0)
(-0.00052468475 5.1819336e-14 0)
(-0.00052458432 3.9849295e-14 0)
(-0.00052450592 3.1017415e-14 0)
(-0.00052444461 2.441497e-14 0)
(-0.00052439512 1.9406574e-14 0)
(-0.00052435748 1.5559742e-14 0)
(-0.00049956695 1.202321e-14 0)
(-0.00049954388 9.8477074e-15 0)
(-0.00049952497 8.0859717e-15 0)
(-0.00049950944 6.6425109e-15 0)
(-0.0004994967 5.4424738e-15 0)
(-0.00049948629 4.430388e-15 0)
(-0.00049947786 3.5610924e-15 0)
(-0.00049947116 2.80759e-15 0)
(-0.00048927143 1.8921391e-15 0)
(-0.00048926813 1.3144472e-15 0)
(-0.00048926596 7.7575972e-16 0)
(-0.0004892649 1.1488835e-16 0)
)
;
    }
    sclera_right
    {
        type            calculated;
        value           nonuniform List<vector> 7((0.00040050497 -5.5922477e-12 0) (0.00030037873 3.3594359e-12 0) (0.00030037872 1.1873692e-12 0) (0.00041051758 4.1082287e-13 0) (0.00041051758 2.3411565e-13 0) (0.00041051758 1.4860649e-13 0) (0.00041051758 -8.5497637e-15 0));
    }
    sclera_right_upper
    {
        type            calculated;
        value           nonuniform List<vector> 
29
(
(0.00050161949 3.3877552e-12 0)
(0.00049804195 1.3667889e-12 0)
(0.00049493128 1.0120414e-12 0)
(0.0004932724 6.1734492e-13 0)
(0.00049213101 4.2688522e-13 0)
(0.0004913772 2.9389874e-13 0)
(0.00049084781 2.0985824e-13 0)
(0.00049047055 1.5225372e-13 0)
(0.00049019499 1.1260667e-13 0)
(0.00048999029 8.4502685e-14 0)
(0.00052481873 6.8345099e-14 0)
(0.00052468475 5.1819336e-14 0)
(0.00052458432 3.9849295e-14 0)
(0.00052450592 3.1017415e-14 0)
(0.00052444461 2.441497e-14 0)
(0.00052439512 1.9406574e-14 0)
(0.00052435748 1.5559742e-14 0)
(0.00049956695 1.202321e-14 0)
(0.00049954388 9.8477074e-15 0)
(0.00049952497 8.0859717e-15 0)
(0.00049950944 6.6425109e-15 0)
(0.0004994967 5.4424738e-15 0)
(0.00049948629 4.430388e-15 0)
(0.00049947786 3.5610924e-15 0)
(0.00049947116 2.80759e-15 0)
(0.00048927143 1.8921391e-15 0)
(0.00048926813 1.3144472e-15 0)
(0.00048926596 7.7575972e-16 0)
(0.0004892649 1.1488835e-16 0)
)
;
    }
    sclera_top
    {
        type            calculated;
        value           nonuniform List<vector> 
80
(
(-3.052446e-17 0.00050949902 0)
(-9.2003422e-17 0.00050949915 0)
(-1.5477448e-16 0.0005094994 0)
(-2.1970533e-16 0.00050949979 0)
(-2.8767228e-16 0.00050950031 0)
(-3.5956189e-16 0.00050950098 0)
(-4.3627074e-16 0.0005095018 0)
(-5.1870268e-16 0.00050950279 0)
(-6.0776261e-16 0.00050950395 0)
(-7.0434612e-16 0.0005095053 0)
(-8.0932363e-16 0.00050950686 0)
(-9.2351823e-16 0.00050950865 0)
(-1.0476756e-15 0.00050951069 0)
(-1.1824251e-15 0.00050951299 0)
(-1.3282304e-15 0.00050951558 0)
(-1.4853286e-15 0.00050951848 0)
(-1.6536581e-15 0.00050952172 0)
(-1.8327739e-15 0.00050952532 0)
(-2.0217516e-15 0.00050952929 0)
(-2.2190845e-15 0.00050953367 0)
(-2.4225749e-15 0.00050953846 0)
(-2.629229e-15 0.00050954367 0)
(-2.8351642e-15 0.00050954931 0)
(-3.03554e-15 0.00050955537 0)
(-3.22453e-15 0.00050956183 0)
(-3.3953497e-15 0.00050956866 0)
(-3.5403608e-15 0.00050957582 0)
(-3.6512668e-15 0.00050958325 0)
(-3.7194122e-15 0.00050959085 0)
(-3.7361902e-15 0.00050959855 0)
(-3.6935497e-15 0.00050960622 0)
(-3.5845792e-15 0.00050961374 0)
(-3.4041275e-15 0.00050962095 0)
(-3.1494072e-15 0.00050962772 0)
(-2.8205153e-15 0.00050963388 0)
(-2.4208039e-15 0.0005096393 0)
(-1.9570395e-15 0.00050964382 0)
(-1.4393093e-15 0.00050964732 0)
(-8.8065487e-16 0.00050964972 0)
(-1.620134e-16 0.00050965094 0)
(7.0434612e-16 0.0005095053 0)
(6.0776261e-16 0.00050950395 0)
(5.1870267e-16 0.00050950279 0)
(4.3627074e-16 0.0005095018 0)
(3.5956189e-16 0.00050950098 0)
(2.8767228e-16 0.00050950031 0)
(2.1970533e-16 0.00050949979 0)
(1.5477448e-16 0.0005094994 0)
(9.2003421e-17 0.00050949915 0)
(3.0524459e-17 0.00050949902 0)
(3.7361902e-15 0.00050959855 0)
(3.7194122e-15 0.00050959085 0)
(3.6512668e-15 0.00050958325 0)
(3.5403608e-15 0.00050957582 0)
(3.3953496e-15 0.00050956866 0)
(3.22453e-15 0.00050956183 0)
(3.03554e-15 0.00050955537 0)
(2.8351642e-15 0.00050954931 0)
(2.629229e-15 0.00050954367 0)
(2.4225749e-15 0.00050953846 0)
(2.2190845e-15 0.00050953367 0)
(2.0217516e-15 0.00050952929 0)
(1.8327739e-15 0.00050952532 0)
(1.6536581e-15 0.00050952172 0)
(1.4853286e-15 0.00050951848 0)
(1.3282304e-15 0.00050951558 0)
(1.1824251e-15 0.00050951299 0)
(1.0476756e-15 0.00050951069 0)
(9.2351823e-16 0.00050950865 0)
(8.0932363e-16 0.00050950686 0)
(8.8065487e-16 0.00050964972 0)
(1.4393093e-15 0.00050964732 0)
(1.9570395e-15 0.00050964382 0)
(2.4208039e-15 0.0005096393 0)
(2.8205153e-15 0.00050963388 0)
(3.1494072e-15 0.00050962772 0)
(3.4041275e-15 0.00050962095 0)
(3.5845792e-15 0.00050961374 0)
(3.6935497e-15 0.00050960622 0)
(1.620134e-16 0.00050965094 0)
)
;
    }
    cornea_fsi
    {
        type            calculated;
        value           nonuniform List<vector> 
80
(
(8.7129291e-14 -0.00050063121 0)
(2.677986e-13 -0.00050063121 0)
(4.6499884e-13 -0.00050063121 0)
(6.8203834e-13 -0.00050063121 0)
(9.1540981e-13 -0.00050063121 0)
(1.1578816e-12 -0.00050063121 0)
(1.3994767e-12 -0.00050063121 0)
(1.6281405e-12 -0.00050063121 0)
(1.8310735e-12 -0.00050063121 0)
(1.9970781e-12 -0.00050063121 0)
(2.1195326e-12 -0.00050063121 0)
(2.199258e-12 -0.00050063121 0)
(2.2437425e-12 -0.0005006312 0)
(2.2630475e-12 -0.0005006312 0)
(2.2666587e-12 -0.0005006312 0)
(2.2619762e-12 -0.0005006312 0)
(2.2539581e-12 -0.0005006312 0)
(2.2454649e-12 -0.0005006312 0)
(2.2378817e-12 -0.0005006312 0)
(2.2316501e-12 -0.0005006312 0)
(2.2266907e-12 -0.0005006312 0)
(2.2226902e-12 -0.0005006312 0)
(2.2192848e-12 -0.0005006312 0)
(2.2161861e-12 -0.0005006312 0)
(2.2132954e-12 -0.0005006312 0)
(2.2108487e-12 -0.0005006312 0)
(2.2096424e-12 -0.0005006312 0)
(2.2114112e-12 -0.0005006312 0)
(2.2193709e-12 -0.0005006312 0)
(2.2389981e-12 -0.0005006312 0)
(2.2791065e-12 -0.0005006312 0)
(2.3531174e-12 -0.0005006312 0)
(2.4800865e-12 -0.0005006312 0)
(2.6840762e-12 -0.00050063119 0)
(2.9892273e-12 -0.00050063119 0)
(3.4101062e-12 -0.00050063119 0)
(3.9173916e-12 -0.00050063119 0)
(4.4459752e-12 -0.00050063119 0)
(2.267945e-12 -0.00050063119 0)
(3.4083382e-12 -0.0005006312 0)
(-1.9970781e-12 -0.00050063121 0)
(-1.8310736e-12 -0.00050063121 0)
(-1.6281406e-12 -0.00050063121 0)
(-1.3994768e-12 -0.00050063121 0)
(-1.1578818e-12 -0.00050063121 0)
(-9.1540998e-13 -0.00050063121 0)
(-6.820385e-13 -0.00050063121 0)
(-4.6499898e-13 -0.00050063121 0)
(-2.6779875e-13 -0.00050063121 0)
(-8.712943e-14 -0.00050063121 0)
(-2.2389982e-12 -0.0005006312 0)
(-2.2193709e-12 -0.0005006312 0)
(-2.2114112e-12 -0.0005006312 0)
(-2.2096424e-12 -0.0005006312 0)
(-2.2108487e-12 -0.0005006312 0)
(-2.2132954e-12 -0.0005006312 0)
(-2.2161861e-12 -0.0005006312 0)
(-2.2192848e-12 -0.0005006312 0)
(-2.2226902e-12 -0.0005006312 0)
(-2.2266907e-12 -0.0005006312 0)
(-2.2316501e-12 -0.0005006312 0)
(-2.2378817e-12 -0.0005006312 0)
(-2.2454649e-12 -0.0005006312 0)
(-2.2539581e-12 -0.0005006312 0)
(-2.2619761e-12 -0.0005006312 0)
(-2.2666587e-12 -0.0005006312 0)
(-2.2630475e-12 -0.0005006312 0)
(-2.2437425e-12 -0.0005006312 0)
(-2.199258e-12 -0.00050063121 0)
(-2.1195326e-12 -0.00050063121 0)
(-2.267945e-12 -0.00050063119 0)
(-4.4459752e-12 -0.00050063119 0)
(-3.9173916e-12 -0.00050063119 0)
(-3.4101062e-12 -0.00050063119 0)
(-2.9892273e-12 -0.00050063119 0)
(-2.6840762e-12 -0.00050063119 0)
(-2.4800865e-12 -0.0005006312 0)
(-2.3531174e-12 -0.0005006312 0)
(-2.2791065e-12 -0.0005006312 0)
(-3.4083382e-12 -0.0005006312 0)
)
;
    }
    lens_bottom
    {
        type            calculated;
        value           nonuniform List<vector> 
30
(
(-1.7178625e-13 0.00050063121 0)
(-5.438746e-13 0.00050063121 0)
(-1.0084178e-12 0.00050063121 0)
(-1.6527408e-12 0.00050063121 0)
(-2.6127436e-12 0.00050063121 0)
(-4.1129329e-12 0.00050063121 0)
(-6.5226168e-12 0.00050063121 0)
(-1.0442842e-11 0.00050063121 0)
(-1.6842577e-11 0.00050063122 0)
(-2.7280114e-11 0.00050063123 0)
(-3.3663354e-11 0.00050063127 0)
(-3.4691647e-11 0.00050063131 0)
(-3.4630402e-11 0.00050063134 0)
(-3.4646355e-11 0.00050063137 0)
(-3.4666031e-11 0.00050063141 0)
(-3.4672772e-11 0.00050063144 0)
(-3.467454e-11 0.00050063148 0)
(-3.4675225e-11 0.00050063151 0)
(-3.4675557e-11 0.00050063155 0)
(-3.4675722e-11 0.00050063158 0)
(-3.4675854e-11 0.00050063162 0)
(-3.4676083e-11 0.00050063165 0)
(-3.4676624e-11 0.00050063169 0)
(-3.4677916e-11 0.00050063172 0)
(-3.4680744e-11 0.00050063176 0)
(-3.4686703e-11 0.00050063179 0)
(-3.4700237e-11 0.00050063183 0)
(-3.4709815e-11 0.00050063186 0)
(-3.4561955e-11 0.00050063189 0)
(-3.4473434e-11 0.00050063193 0)
)
;
    }
    lens_bottom_left
    {
        type            calculated;
        value           nonuniform List<vector> 
30
(
(2.7280114e-11 0.00050063123 0)
(1.6842576e-11 0.00050063122 0)
(1.0442842e-11 0.00050063121 0)
(6.5226167e-12 0.00050063121 0)
(4.1129328e-12 0.00050063121 0)
(2.6127435e-12 0.00050063121 0)
(1.6527408e-12 0.00050063121 0)
(1.0084178e-12 0.00050063121 0)
(5.4387455e-13 0.00050063121 0)
(1.7178622e-13 0.00050063121 0)
(3.4473433e-11 0.00050063193 0)
(3.4561955e-11 0.00050063189 0)
(3.4709814e-11 0.00050063186 0)
(3.4700236e-11 0.00050063183 0)
(3.4686702e-11 0.00050063179 0)
(3.4680744e-11 0.00050063176 0)
(3.4677916e-11 0.00050063172 0)
(3.4676624e-11 0.00050063169 0)
(3.4676083e-11 0.00050063165 0)
(3.4675854e-11 0.00050063162 0)
(3.4675722e-11 0.00050063158 0)
(3.4675557e-11 0.00050063155 0)
(3.4675225e-11 0.00050063151 0)
(3.467454e-11 0.00050063148 0)
(3.4672772e-11 0.00050063144 0)
(3.4666031e-11 0.00050063141 0)
(3.4646355e-11 0.00050063137 0)
(3.4630401e-11 0.00050063134 0)
(3.4691646e-11 0.00050063131 0)
(3.3663354e-11 0.00050063127 0)
)
;
    }
    lens_right
    {
        type            calculated;
        value           uniform (0 0 0);
    }
    lens_left
    {
        type            calculated;
        value           uniform (0 0 0);
    }
    lens_top
    {
        type            calculated;
        value           nonuniform List<vector> 
30
(
(3.4467996e-17 -0.00050948322 0)
(1.0409795e-16 -0.00050948308 0)
(1.7582959e-16 -0.00050948279 0)
(2.51131e-16 -0.00050948235 0)
(3.3157433e-16 -0.00050948175 0)
(4.1888488e-16 -0.00050948098 0)
(5.1499846e-16 -0.00050948001 0)
(6.2213064e-16 -0.00050947884 0)
(7.4286245e-16 -0.00050947743 0)
(8.8024898e-16 -0.00050947576 0)
(1.0379596e-15 -0.00050947378 0)
(1.2204623e-15 -0.00050947145 0)
(1.4332695e-15 -0.00050946871 0)
(1.6832717e-15 -0.00050946549 0)
(1.9791978e-15 -0.00050946172 0)
(2.3322592e-15 -0.00050945727 0)
(2.7570698e-15 -0.00050945202 0)
(3.2729885e-15 -0.0005094458 0)
(3.9060976e-15 -0.00050943839 0)
(4.6922905e-15 -0.00050942952 0)
(5.6818203e-15 -0.00050941881 0)
(6.9477531e-15 -0.00050940578 0)
(8.5956813e-15 -0.00050938973 0)
(1.0797932e-14 -0.0005093697 0)
(1.3786113e-14 -0.00050934424 0)
(1.8113618e-14 -0.00050931133 0)
(2.4060601e-14 -0.00050926693 0)
(3.4904873e-14 -0.00050920749 0)
(4.5672223e-14 -0.00050911308 0)
(5.9030141e-14 -0.00050900199 0)
)
;
    }
    lens_top_left
    {
        type            calculated;
        value           nonuniform List<vector> 
30
(
(-8.8024899e-16 -0.00050947576 0)
(-7.4286245e-16 -0.00050947743 0)
(-6.2213064e-16 -0.00050947884 0)
(-5.1499846e-16 -0.00050948001 0)
(-4.1888488e-16 -0.00050948098 0)
(-3.3157433e-16 -0.00050948175 0)
(-2.51131e-16 -0.00050948235 0)
(-1.7582959e-16 -0.00050948279 0)
(-1.0409795e-16 -0.00050948308 0)
(-3.4467997e-17 -0.00050948322 0)
(-5.9030141e-14 -0.00050900199 0)
(-4.5672223e-14 -0.00050911308 0)
(-3.4904873e-14 -0.00050920749 0)
(-2.4060601e-14 -0.00050926693 0)
(-1.8113618e-14 -0.00050931133 0)
(-1.3786113e-14 -0.00050934424 0)
(-1.0797932e-14 -0.0005093697 0)
(-8.5956813e-15 -0.00050938973 0)
(-6.9477531e-15 -0.00050940578 0)
(-5.6818203e-15 -0.00050941881 0)
(-4.6922905e-15 -0.00050942952 0)
(-3.9060976e-15 -0.00050943839 0)
(-3.2729885e-15 -0.0005094458 0)
(-2.7570698e-15 -0.00050945202 0)
(-2.3322592e-15 -0.00050945727 0)
(-1.9791978e-15 -0.00050946172 0)
(-1.6832717e-15 -0.00050946549 0)
(-1.4332695e-15 -0.00050946871 0)
(-1.2204623e-15 -0.00050947145 0)
(-1.0379596e-15 -0.00050947378 0)
)
;
    }
    iris_bottom
    {
        type            calculated;
        value           nonuniform List<vector> 
60
(
(2.3654941e-12 0.0005006312 0)
(2.3125319e-12 0.0005006312 0)
(2.1965284e-12 0.0005006312 0)
(2.161433e-12 0.0005006312 0)
(2.1572318e-12 0.0005006312 0)
(2.1668794e-12 0.0005006312 0)
(2.1802135e-12 0.0005006312 0)
(2.1925044e-12 0.0005006312 0)
(2.2023972e-12 0.0005006312 0)
(2.209919e-12 0.0005006312 0)
(2.2155612e-12 0.0005006312 0)
(2.2199086e-12 0.0005006312 0)
(2.2234832e-12 0.0005006312 0)
(2.2266566e-12 0.0005006312 0)
(2.229564e-12 0.0005006312 0)
(2.2319765e-12 0.0005006312 0)
(2.2330805e-12 0.0005006312 0)
(2.2311224e-12 0.0005006312 0)
(2.2228897e-12 0.0005006312 0)
(2.2029855e-12 0.0005006312 0)
(2.1629119e-12 0.0005006312 0)
(2.0901205e-12 0.0005006312 0)
(1.9674541e-12 0.00050063119 0)
(1.7739246e-12 0.00050063119 0)
(1.4886445e-12 0.00050063119 0)
(1.1014398e-12 0.00050063119 0)
(6.3416708e-13 0.00050063119 0)
(1.7023192e-13 0.00050063119 0)
(-2.0638157e-13 0.00050063119 0)
(-1.2082467e-13 0.0005006312 0)
(-2.2029856e-12 0.0005006312 0)
(-2.2228897e-12 0.0005006312 0)
(-2.2311224e-12 0.0005006312 0)
(-2.2330806e-12 0.0005006312 0)
(-2.2319765e-12 0.0005006312 0)
(-2.2295641e-12 0.0005006312 0)
(-2.2266566e-12 0.0005006312 0)
(-2.2234833e-12 0.0005006312 0)
(-2.2199086e-12 0.0005006312 0)
(-2.2155612e-12 0.0005006312 0)
(-2.209919e-12 0.0005006312 0)
(-2.2023973e-12 0.0005006312 0)
(-2.1925044e-12 0.0005006312 0)
(-2.1802135e-12 0.0005006312 0)
(-2.1668794e-12 0.0005006312 0)
(-2.1572317e-12 0.0005006312 0)
(-2.1614329e-12 0.0005006312 0)
(-2.1965284e-12 0.0005006312 0)
(-2.3125318e-12 0.0005006312 0)
(-2.365494e-12 0.0005006312 0)
(2.0638156e-13 0.00050063119 0)
(-1.7023192e-13 0.00050063119 0)
(-6.3416707e-13 0.00050063119 0)
(-1.1014398e-12 0.00050063119 0)
(-1.4886445e-12 0.00050063119 0)
(-1.7739246e-12 0.00050063119 0)
(-1.9674541e-12 0.00050063119 0)
(-2.0901205e-12 0.0005006312 0)
(-2.1629119e-12 0.0005006312 0)
(1.2082466e-13 0.0005006312 0)
)
;
    }
    iris_pupil
    {
        type            calculated;
        value           nonuniform List<vector> 5((0.00048060596 -2.1720456e-12 0) (0.00048060596 -2.6208581e-12 0) (0.00048060596 -3.235791e-12 0) (0.00048060596 -4.014872e-12 0) (0.00048060595 -3.9370652e-12 0));
    }
    iris_pupil_left
    {
        type            calculated;
        value           nonuniform List<vector> 5((-0.00048060596 -2.1720454e-12 0) (-0.00048060596 -2.6208578e-12 0) (-0.00048060596 -3.2357909e-12 0) (-0.00048060596 -4.0148718e-12 0) (-0.00048060595 -3.9370651e-12 0));
    }
    iris_top
    {
        type            calculated;
        value           nonuniform List<vector> 
40
(
(-3.1283432e-11 -0.00050063128 0)
(-3.3977529e-11 -0.00050063131 0)
(-3.454545e-11 -0.00050063134 0)
(-3.4659638e-11 -0.00050063138 0)
(-3.4678129e-11 -0.00050063141 0)
(-3.4678495e-11 -0.00050063144 0)
(-3.4677004e-11 -0.00050063148 0)
(-3.4676239e-11 -0.00050063151 0)
(-3.4675929e-11 -0.00050063155 0)
(-3.4675778e-11 -0.00050063158 0)
(-3.4675646e-11 -0.00050063162 0)
(-3.4675416e-11 -0.00050063165 0)
(-3.4674892e-11 -0.00050063169 0)
(-3.4673575e-11 -0.00050063172 0)
(-3.4670003e-11 -0.00050063176 0)
(-3.4660785e-11 -0.00050063179 0)
(-3.4641569e-11 -0.00050063183 0)
(-3.4597235e-11 -0.00050063186 0)
(-3.4391995e-11 -0.0005006319 0)
(-3.3017344e-11 -0.00050063193 0)
(-3.1495016e-11 -0.00050063196 0)
(-2.9985972e-11 -0.00050063199 0)
(-2.9421822e-11 -0.00050063201 0)
(-2.9051741e-11 -0.00050063203 0)
(-2.8701409e-11 -0.00050063206 0)
(-2.8321931e-11 -0.00050063208 0)
(-2.7917078e-11 -0.00050063211 0)
(-2.7640967e-11 -0.00050063213 0)
(-2.9420177e-11 -0.00050063216 0)
(-1.8295297e-11 -0.0005006322 0)
(2.9420177e-11 -0.00050063216 0)
(2.7640967e-11 -0.00050063213 0)
(2.7917078e-11 -0.00050063211 0)
(2.8321931e-11 -0.00050063208 0)
(2.8701408e-11 -0.00050063206 0)
(2.905174e-11 -0.00050063203 0)
(2.9421821e-11 -0.00050063201 0)
(2.9985971e-11 -0.00050063199 0)
(3.1495015e-11 -0.00050063196 0)
(1.8295297e-11 -0.0005006322 0)
)
;
    }
    tm_limbus_wall
    {
        type            calculated;
        value           nonuniform List<vector> 4((1.2854911e-11 -0.00050063113 0) (1.2023745e-11 0.00050063113 0) (-1.2854911e-11 -0.00050063113 0) (-1.2023745e-11 0.00050063113 0));
    }
    ac_inlet
    {
        type            calculated;
        value           uniform (0 0 0);
    }
    ac_inlet_left
    {
        type            calculated;
        value           uniform (0 0 0);
    }
    outlet_tm
    {
        type            calculated;
        value           uniform (0 0 0);
    }
    outlet_tm_left
    {
        type            calculated;
        value           uniform (0 0 0);
    }
    front
    {
        type            empty;
    }
    back
    {
        type            empty;
    }
    defaultFaces
    {
        type            calculated;
        value           uniform (0 0 0);
    }
    needle_int_inlet_master
    {
        type            calculated;
        value           uniform (0 0 0);
    }
    needle_int_inlet_slave
    {
        type            calculated;
        value           uniform (0 0 0);
    }
    needle_int_outlet_master
    {
        type            calculated;
        value           uniform (0 0 0);
    }
    needle_int_outlet_slave
    {
        type            calculated;
        value           uniform (0 0 0);
    }
}


// ************************************************************************* //
