/*--------------------------------*- C++ -*----------------------------------*\
| =========                 |                                                 |
| \\      /  F ield         | OpenFOAM: The Open Source CFD Toolbox           |
|  \\    /   O peration     | Version:  2512                                  |
|   \\  /    A nd           | Website:  www.openfoam.com                      |
|    \\/     M anipulation  |                                                 |
\*---------------------------------------------------------------------------*/
FoamFile
{
    version     2.0;
    format      ascii;
    arch        "LSB;label=32;scalar=64";
    class       volVectorField;
    location    "18.8";
    object      Force;
}
// * * * * * * * * * * * * * * * * * * * * * * * * * * * * * * * * * * * * * //

dimensions      [1 1 -2 0 0 0 0];

internalField   uniform (0 0 0);

boundaryField
{
    needle_inlet_left
    {
        type            calculated;
        value           uniform (0 0 0);
    }
    needle_inlet_right
    {
        type            calculated;
        value           uniform (0 0 0);
    }
    needle_outlet_left
    {
        type            calculated;
        value           uniform (0 0 0);
    }
    needle_outlet_right
    {
        type            calculated;
        value           uniform (0 0 0);
    }
    sclera_left_lower
    {
        type            calculated;
        value           nonuniform List<vector> 7((-0.00034934338 -4.877961e-12 0) (-0.00026200754 2.9317075e-12 0) (-0.00026200753 1.0370093e-12 0) (-0.00035807696 3.5947994e-13 0) (-0.00035807695 2.0479034e-13 0) (-0.00035807695 1.2982818e-13 0) (-0.00035807695 -7.4507999e-15 0));
    }
    sclera_left_upper
    {
        type            calculated;
        value           nonuniform List<vector> 
29
(
(-0.00044022559 3.3877552e-12 0)
(-0.00043664805 1.3667889e-12 0)
(-0.00043353738 1.0120414e-12 0)
(-0.00043187849 6.1734492e-13 0)
(-0.00043073711 4.2688522e-13 0)
(-0.0004299833 2.9389874e-13 0)
(-0.0004294539 2.0985824e-13 0)
(-0.00042907664 1.5225372e-13 0)
(-0.00042880108 1.1260667e-13 0)
(-0.00042859639 8.4502685e-14 0)
(-0.00045903951 6.8345099e-14 0)
(-0.00045890566 5.1819336e-14 0)
(-0.0004588051 3.9849295e-14 0)
(-0.0004587267 3.1017415e-14 0)
(-0.00045866539 2.441497e-14 0)
(-0.00045861603 1.9406574e-14 0)
(-0.00045857826 1.5559742e-14 0)
(-0.000436894 1.202321e-14 0)
(-0.00043687093 9.8477074e-15 0)
(-0.00043685202 8.0859717e-15 0)
(-0.00043683649 6.6425109e-15 0)
(-0.00043682375 5.4424738e-15 0)
(-0.00043681334 4.430388e-15 0)
(-0.00043680492 3.5610924e-15 0)
(-0.00043679821 2.80759e-15 0)
(-0.00042787753 1.8921391e-15 0)
(-0.00042787422 1.3144472e-15 0)
(-0.00042787206 7.7575972e-16 0)
(-0.00042787099 1.1488835e-16 0)
)
;
    }
    sclera_right
    {
        type            calculated;
        value           nonuniform List<vector> 7((0.00034934338 -4.877961e-12 0) (0.00026200754 2.9317075e-12 0) (0.00026200753 1.0370092e-12 0) (0.00035807696 3.5947993e-13 0) (0.00035807695 2.0479035e-13 0) (0.00035807695 1.2982818e-13 0) (0.00035807695 -7.4508009e-15 0));
    }
    sclera_right_upper
    {
        type            calculated;
        value           nonuniform List<vector> 
29
(
(0.00044022559 3.3877552e-12 0)
(0.00043664805 1.3667889e-12 0)
(0.00043353738 1.0120414e-12 0)
(0.00043187849 6.1734492e-13 0)
(0.00043073711 4.2688522e-13 0)
(0.0004299833 2.9389874e-13 0)
(0.0004294539 2.0985824e-13 0)
(0.00042907664 1.5225372e-13 0)
(0.00042880108 1.1260667e-13 0)
(0.00042859639 8.4502685e-14 0)
(0.00045903951 6.8345099e-14 0)
(0.00045890566 5.1819336e-14 0)
(0.0004588051 3.9849295e-14 0)
(0.0004587267 3.1017415e-14 0)
(0.00045866539 2.441497e-14 0)
(0.00045861603 1.9406574e-14 0)
(0.00045857826 1.5559742e-14 0)
(0.000436894 1.202321e-14 0)
(0.00043687093 9.8477074e-15 0)
(0.00043685202 8.0859717e-15 0)
(0.00043683649 6.6425109e-15 0)
(0.00043682375 5.4424738e-15 0)
(0.00043681334 4.430388e-15 0)
(0.00043680492 3.5610924e-15 0)
(0.00043679821 2.80759e-15 0)
(0.00042787753 1.8921391e-15 0)
(0.00042787422 1.3144472e-15 0)
(0.00042787206 7.7575972e-16 0)
(0.00042787099 1.1488835e-16 0)
)
;
    }
    sclera_top
    {
        type            calculated;
        value           nonuniform List<vector> 
80
(
(-3.052446e-17 0.00044554704 0)
(-9.2003422e-17 0.00044554716 0)
(-1.5477448e-16 0.00044554742 0)
(-2.1970533e-16 0.0004455478 0)
(-2.8767228e-16 0.00044554833 0)
(-3.5956189e-16 0.000445549 0)
(-4.3627074e-16 0.00044554982 0)
(-5.1870268e-16 0.0004455508 0)
(-6.0776261e-16 0.00044555196 0)
(-7.0434612e-16 0.00044555332 0)
(-8.0932363e-16 0.00044555488 0)
(-9.2351823e-16 0.00044555667 0)
(-1.0476756e-15 0.0004455587 0)
(-1.1824251e-15 0.000445561 0)
(-1.3282304e-15 0.00044556359 0)
(-1.4853286e-15 0.0004455665 0)
(-1.6536581e-15 0.00044556973 0)
(-1.8327739e-15 0.00044557333 0)
(-2.0217516e-15 0.00044557731 0)
(-2.2190845e-15 0.00044558169 0)
(-2.4225749e-15 0.00044558648 0)
(-2.629229e-15 0.00044559169 0)
(-2.8351642e-15 0.00044559733 0)
(-3.03554e-15 0.00044560339 0)
(-3.22453e-15 0.00044560985 0)
(-3.3953496e-15 0.00044561668 0)
(-3.5403608e-15 0.00044562384 0)
(-3.6512668e-15 0.00044563126 0)
(-3.7194122e-15 0.00044563887 0)
(-3.7361902e-15 0.00044564657 0)
(-3.6935497e-15 0.00044565424 0)
(-3.5845792e-15 0.00044566175 0)
(-3.4041275e-15 0.00044566897 0)
(-3.1494072e-15 0.00044567573 0)
(-2.8205153e-15 0.0004456819 0)
(-2.4208039e-15 0.00044568731 0)
(-1.9570395e-15 0.00044569183 0)
(-1.4393093e-15 0.00044569534 0)
(-8.8065487e-16 0.00044569774 0)
(-1.620134e-16 0.00044569895 0)
(7.0434611e-16 0.00044555332 0)
(6.0776261e-16 0.00044555196 0)
(5.1870267e-16 0.0004455508 0)
(4.3627074e-16 0.00044554982 0)
(3.5956189e-16 0.000445549 0)
(2.8767228e-16 0.00044554833 0)
(2.1970533e-16 0.0004455478 0)
(1.5477448e-16 0.00044554742 0)
(9.200342e-17 0.00044554716 0)
(3.0524458e-17 0.00044554704 0)
(3.7361902e-15 0.00044564657 0)
(3.7194122e-15 0.00044563887 0)
(3.6512668e-15 0.00044563126 0)
(3.5403608e-15 0.00044562384 0)
(3.3953496e-15 0.00044561668 0)
(3.22453e-15 0.00044560985 0)
(3.03554e-15 0.00044560339 0)
(2.8351642e-15 0.00044559733 0)
(2.629229e-15 0.00044559169 0)
(2.4225749e-15 0.00044558648 0)
(2.2190845e-15 0.00044558169 0)
(2.0217516e-15 0.00044557731 0)
(1.8327739e-15 0.00044557333 0)
(1.6536581e-15 0.00044556973 0)
(1.4853286e-15 0.0004455665 0)
(1.3282304e-15 0.00044556359 0)
(1.1824251e-15 0.000445561 0)
(1.0476756e-15 0.0004455587 0)
(9.2351823e-16 0.00044555667 0)
(8.0932363e-16 0.00044555488 0)
(8.8065487e-16 0.00044569774 0)
(1.4393093e-15 0.00044569534 0)
(1.9570395e-15 0.00044569183 0)
(2.4208039e-15 0.00044568731 0)
(2.8205153e-15 0.0004456819 0)
(3.1494072e-15 0.00044567573 0)
(3.4041275e-15 0.00044566897 0)
(3.5845792e-15 0.00044566175 0)
(3.6935497e-15 0.00044565424 0)
(1.620134e-16 0.00044569895 0)
)
;
    }
    cornea_fsi
    {
        type            calculated;
        value           nonuniform List<vector> 
80
(
(8.4676637e-14 -0.00043667922 0)
(2.4471962e-13 -0.00043667922 0)
(4.0056645e-13 -0.00043667922 0)
(5.7420654e-13 -0.00043667922 0)
(7.707603e-13 -0.00043667922 0)
(9.8400068e-13 -0.00043667922 0)
(1.2021443e-12 -0.00043667922 0)
(1.4111369e-12 -0.00043667922 0)
(1.5969889e-12 -0.00043667922 0)
(1.7482355e-12 -0.00043667922 0)
(1.8585599e-12 -0.00043667922 0)
(1.9290609e-12 -0.00043667922 0)
(1.9671039e-12 -0.00043667922 0)
(1.9822972e-12 -0.00043667922 0)
(1.9835369e-12 -0.00043667922 0)
(1.9776625e-12 -0.00043667922 0)
(1.9691791e-12 -0.00043667922 0)
(1.960623e-12 -0.00043667922 0)
(1.9531772e-12 -0.00043667922 0)
(1.947168e-12 -0.00043667922 0)
(1.9424608e-12 -0.00043667922 0)
(1.9387223e-12 -0.00043667922 0)
(1.9355863e-12 -0.00043667922 0)
(1.9327639e-12 -0.00043667922 0)
(1.9301435e-12 -0.00043667922 0)
(1.9279164e-12 -0.00043667922 0)
(1.9267726e-12 -0.00043667921 0)
(1.9282311e-12 -0.00043667921 0)
(1.9351147e-12 -0.00043667921 0)
(1.9522238e-12 -0.00043667921 0)
(1.9872699e-12 -0.00043667921 0)
(2.0519749e-12 -0.00043667921 0)
(2.1629567e-12 -0.00043667921 0)
(2.3411747e-12 -0.00043667921 0)
(2.6076325e-12 -0.00043667921 0)
(2.9749712e-12 -0.00043667921 0)
(3.4175335e-12 -0.00043667921 0)
(3.8781993e-12 -0.00043667921 0)
(1.9782e-12 -0.00043667921 0)
(2.9729281e-12 -0.00043667922 0)
(-1.7482354e-12 -0.00043667922 0)
(-1.5969886e-12 -0.00043667922 0)
(-1.4111365e-12 -0.00043667922 0)
(-1.2021437e-12 -0.00043667922 0)
(-9.8399987e-13 -0.00043667922 0)
(-7.7075926e-13 -0.00043667922 0)
(-5.7420529e-13 -0.00043667922 0)
(-4.0056501e-13 -0.00043667922 0)
(-2.4471805e-13 -0.00043667922 0)
(-8.4675e-14 -0.00043667922 0)
(-1.9522239e-12 -0.00043667921 0)
(-1.9351148e-12 -0.00043667921 0)
(-1.9282312e-12 -0.00043667921 0)
(-1.9267727e-12 -0.00043667921 0)
(-1.9279165e-12 -0.00043667922 0)
(-1.9301435e-12 -0.00043667922 0)
(-1.932764e-12 -0.00043667922 0)
(-1.9355864e-12 -0.00043667922 0)
(-1.9387224e-12 -0.00043667922 0)
(-1.9424609e-12 -0.00043667922 0)
(-1.9471682e-12 -0.00043667922 0)
(-1.9531773e-12 -0.00043667922 0)
(-1.9606232e-12 -0.00043667922 0)
(-1.9691792e-12 -0.00043667922 0)
(-1.9776626e-12 -0.00043667922 0)
(-1.9835371e-12 -0.00043667922 0)
(-1.9822973e-12 -0.00043667922 0)
(-1.9671041e-12 -0.00043667922 0)
(-1.9290609e-12 -0.00043667922 0)
(-1.8585599e-12 -0.00043667922 0)
(-1.9782e-12 -0.00043667921 0)
(-3.8781993e-12 -0.00043667921 0)
(-3.4175335e-12 -0.00043667921 0)
(-2.9749713e-12 -0.00043667921 0)
(-2.6076326e-12 -0.00043667921 0)
(-2.3411748e-12 -0.00043667921 0)
(-2.1629568e-12 -0.00043667921 0)
(-2.051975e-12 -0.00043667921 0)
(-1.9872699e-12 -0.00043667921 0)
(-2.9729281e-12 -0.00043667922 0)
)
;
    }
    lens_bottom
    {
        type            calculated;
        value           nonuniform List<vector> 
30
(
(-1.7067893e-13 0.00043667922 0)
(-5.4130534e-13 0.00043667922 0)
(-1.0056903e-12 0.00043667922 0)
(-1.650413e-12 0.00043667922 0)
(-2.6103929e-12 0.00043667922 0)
(-4.1096456e-12 0.00043667922 0)
(-6.5178332e-12 0.00043667922 0)
(-1.0437143e-11 0.00043667923 0)
(-1.683789e-11 0.00043667923 0)
(-2.7278697e-11 0.00043667925 0)
(-3.3663748e-11 0.00043667928 0)
(-3.4691769e-11 0.00043667932 0)
(-3.463041e-11 0.00043667936 0)
(-3.4646354e-11 0.00043667939 0)
(-3.4666031e-11 0.00043667943 0)
(-3.4672771e-11 0.00043667946 0)
(-3.4674539e-11 0.00043667949 0)
(-3.4675224e-11 0.00043667953 0)
(-3.4675555e-11 0.00043667956 0)
(-3.467572e-11 0.0004366796 0)
(-3.4675853e-11 0.00043667963 0)
(-3.4676081e-11 0.00043667967 0)
(-3.4676623e-11 0.0004366797 0)
(-3.4677915e-11 0.00043667974 0)
(-3.4680743e-11 0.00043667977 0)
(-3.4686702e-11 0.00043667981 0)
(-3.4700235e-11 0.00043667984 0)
(-3.4709814e-11 0.00043667988 0)
(-3.4561954e-11 0.00043667991 0)
(-3.4473433e-11 0.00043667994 0)
)
;
    }
    lens_bottom_left
    {
        type            calculated;
        value           nonuniform List<vector> 
30
(
(2.7278697e-11 0.00043667925 0)
(1.683789e-11 0.00043667923 0)
(1.0437144e-11 0.00043667923 0)
(6.5178334e-12 0.00043667922 0)
(4.1096458e-12 0.00043667922 0)
(2.610393e-12 0.00043667922 0)
(1.6504131e-12 0.00043667922 0)
(1.0056905e-12 0.00043667922 0)
(5.4130552e-13 0.00043667922 0)
(1.7067911e-13 0.00043667922 0)
(3.4473433e-11 0.00043667994 0)
(3.4561955e-11 0.00043667991 0)
(3.4709814e-11 0.00043667988 0)
(3.4700235e-11 0.00043667984 0)
(3.4686702e-11 0.00043667981 0)
(3.4680743e-11 0.00043667977 0)
(3.4677914e-11 0.00043667974 0)
(3.4676623e-11 0.0004366797 0)
(3.4676082e-11 0.00043667967 0)
(3.4675853e-11 0.00043667963 0)
(3.4675721e-11 0.0004366796 0)
(3.4675556e-11 0.00043667956 0)
(3.4675224e-11 0.00043667953 0)
(3.4674539e-11 0.00043667949 0)
(3.4672772e-11 0.00043667946 0)
(3.4666031e-11 0.00043667943 0)
(3.4646355e-11 0.00043667939 0)
(3.463041e-11 0.00043667936 0)
(3.4691769e-11 0.00043667932 0)
(3.3663748e-11 0.00043667928 0)
)
;
    }
    lens_right
    {
        type            calculated;
        value           uniform (0 0 0);
    }
    lens_left
    {
        type            calculated;
        value           uniform (0 0 0);
    }
    lens_top
    {
        type            calculated;
        value           nonuniform List<vector> 
30
(
(3.4467995e-17 -0.00044553124 0)
(1.0409795e-16 -0.0004455311 0)
(1.7582959e-16 -0.00044553081 0)
(2.51131e-16 -0.00044553037 0)
(3.3157433e-16 -0.00044552977 0)
(4.1888488e-16 -0.00044552899 0)
(5.1499846e-16 -0.00044552803 0)
(6.2213064e-16 -0.00044552685 0)
(7.4286245e-16 -0.00044552545 0)
(8.8024898e-16 -0.00044552377 0)
(1.0379596e-15 -0.00044552179 0)
(1.2204623e-15 -0.00044551946 0)
(1.4332695e-15 -0.00044551673 0)
(1.6832717e-15 -0.00044551351 0)
(1.9791978e-15 -0.00044550973 0)
(2.3322592e-15 -0.00044550528 0)
(2.7570698e-15 -0.00044550003 0)
(3.2729885e-15 -0.00044549381 0)
(3.9060976e-15 -0.0004454864 0)
(4.6922905e-15 -0.00044547753 0)
(5.6818203e-15 -0.00044546683 0)
(6.9477531e-15 -0.00044545379 0)
(8.5956813e-15 -0.00044543774 0)
(1.0797932e-14 -0.00044541772 0)
(1.3786113e-14 -0.00044539226 0)
(1.8113618e-14 -0.00044535935 0)
(2.4060601e-14 -0.00044531494 0)
(3.4904873e-14 -0.00044525551 0)
(4.5672223e-14 -0.0004451611 0)
(5.9030141e-14 -0.00044505 0)
)
;
    }
    lens_top_left
    {
        type            calculated;
        value           nonuniform List<vector> 
30
(
(-8.8024899e-16 -0.00044552377 0)
(-7.4286246e-16 -0.00044552545 0)
(-6.2213064e-16 -0.00044552685 0)
(-5.1499846e-16 -0.00044552803 0)
(-4.1888488e-16 -0.00044552899 0)
(-3.3157434e-16 -0.00044552977 0)
(-2.5113101e-16 -0.00044553037 0)
(-1.7582959e-16 -0.00044553081 0)
(-1.0409795e-16 -0.0004455311 0)
(-3.4467997e-17 -0.00044553124 0)
(-5.9030141e-14 -0.00044505 0)
(-4.5672223e-14 -0.0004451611 0)
(-3.4904873e-14 -0.00044525551 0)
(-2.4060601e-14 -0.00044531494 0)
(-1.8113618e-14 -0.00044535935 0)
(-1.3786113e-14 -0.00044539226 0)
(-1.0797932e-14 -0.00044541772 0)
(-8.5956813e-15 -0.00044543774 0)
(-6.9477531e-15 -0.00044545379 0)
(-5.6818203e-15 -0.00044546683 0)
(-4.6922905e-15 -0.00044547753 0)
(-3.9060976e-15 -0.0004454864 0)
(-3.2729885e-15 -0.00044549381 0)
(-2.7570698e-15 -0.00044550003 0)
(-2.3322592e-15 -0.00044550528 0)
(-1.9791978e-15 -0.00044550973 0)
(-1.6832717e-15 -0.00044551351 0)
(-1.4332695e-15 -0.00044551673 0)
(-1.2204623e-15 -0.00044551946 0)
(-1.0379596e-15 -0.00044552179 0)
)
;
    }
    iris_bottom
    {
        type            calculated;
        value           nonuniform List<vector> 
60
(
(2.004738e-12 0.00043667922 0)
(1.984343e-12 0.00043667922 0)
(1.8935591e-12 0.00043667922 0)
(1.8700836e-12 0.00043667922 0)
(1.8712742e-12 0.00043667922 0)
(1.8831414e-12 0.00043667922 0)
(1.8971693e-12 0.00043667922 0)
(1.9095097e-12 0.00043667922 0)
(1.9192022e-12 0.00043667922 0)
(1.9264461e-12 0.00043667922 0)
(1.9317983e-12 0.00043667922 0)
(1.9358602e-12 0.00043667922 0)
(1.9391519e-12 0.00043667922 0)
(1.9420417e-12 0.00043667922 0)
(1.9446771e-12 0.00043667922 0)
(1.9468744e-12 0.00043667922 0)
(1.9479292e-12 0.00043667921 0)
(1.9463056e-12 0.00043667921 0)
(1.9391842e-12 0.00043667921 0)
(1.9218336e-12 0.00043667921 0)
(1.8868174e-12 0.00043667921 0)
(1.8231752e-12 0.00043667921 0)
(1.7159472e-12 0.00043667921 0)
(1.5468596e-12 0.00043667921 0)
(1.2977542e-12 0.00043667921 0)
(9.5983533e-13 0.00043667921 0)
(5.5224088e-13 0.00043667921 0)
(1.4775151e-13 0.00043667921 0)
(-1.8036097e-13 0.00043667921 0)
(-1.0538226e-13 0.00043667921 0)
(-1.9218337e-12 0.00043667921 0)
(-1.9391843e-12 0.00043667921 0)
(-1.9463058e-12 0.00043667921 0)
(-1.9479294e-12 0.00043667921 0)
(-1.9468745e-12 0.00043667922 0)
(-1.9446772e-12 0.00043667922 0)
(-1.9420419e-12 0.00043667922 0)
(-1.939152e-12 0.00043667922 0)
(-1.9358604e-12 0.00043667922 0)
(-1.9317984e-12 0.00043667922 0)
(-1.9264462e-12 0.00043667922 0)
(-1.9192023e-12 0.00043667922 0)
(-1.9095098e-12 0.00043667922 0)
(-1.8971693e-12 0.00043667922 0)
(-1.8831415e-12 0.00043667922 0)
(-1.8712742e-12 0.00043667922 0)
(-1.8700836e-12 0.00043667922 0)
(-1.8935592e-12 0.00043667922 0)
(-1.9843431e-12 0.00043667922 0)
(-2.0047381e-12 0.00043667922 0)
(1.8036096e-13 0.00043667921 0)
(-1.4775152e-13 0.00043667921 0)
(-5.522409e-13 0.00043667921 0)
(-9.5983537e-13 0.00043667921 0)
(-1.2977543e-12 0.00043667921 0)
(-1.5468596e-12 0.00043667921 0)
(-1.7159473e-12 0.00043667921 0)
(-1.8231753e-12 0.00043667921 0)
(-1.8868175e-12 0.00043667921 0)
(1.0538226e-13 0.00043667921 0)
)
;
    }
    iris_pupil
    {
        type            calculated;
        value           nonuniform List<vector> 5((0.00041921206 -2.1600001e-12 0) (0.00041921206 -2.6121878e-12 0) (0.00041921205 -3.2382441e-12 0) (0.00041921205 -4.0220092e-12 0) (0.00041921204 -3.9442481e-12 0));
    }
    iris_pupil_left
    {
        type            calculated;
        value           nonuniform List<vector> 5((-0.00041921206 -2.1600005e-12 0) (-0.00041921206 -2.6121881e-12 0) (-0.00041921205 -3.2382443e-12 0) (-0.00041921205 -4.0220094e-12 0) (-0.00041921204 -3.9442482e-12 0));
    }
    iris_top
    {
        type            calculated;
        value           nonuniform List<vector> 
40
(
(-3.1282595e-11 -0.00043667929 0)
(-3.3977413e-11 -0.00043667932 0)
(-3.4545401e-11 -0.00043667936 0)
(-3.4659624e-11 -0.00043667939 0)
(-3.4678125e-11 -0.00043667943 0)
(-3.4678493e-11 -0.00043667946 0)
(-3.4677002e-11 -0.00043667949 0)
(-3.4676237e-11 -0.00043667953 0)
(-3.4675927e-11 -0.00043667956 0)
(-3.4675776e-11 -0.0004366796 0)
(-3.4675644e-11 -0.00043667963 0)
(-3.4675414e-11 -0.00043667967 0)
(-3.467489e-11 -0.0004366797 0)
(-3.4673574e-11 -0.00043667974 0)
(-3.4670002e-11 -0.00043667977 0)
(-3.4660783e-11 -0.00043667981 0)
(-3.4641568e-11 -0.00043667984 0)
(-3.4597233e-11 -0.00043667988 0)
(-3.4391995e-11 -0.00043667991 0)
(-3.3017343e-11 -0.00043667995 0)
(-3.1495015e-11 -0.00043667998 0)
(-2.9985971e-11 -0.00043668 0)
(-2.942182e-11 -0.00043668003 0)
(-2.905174e-11 -0.00043668005 0)
(-2.8701408e-11 -0.00043668008 0)
(-2.8321931e-11 -0.0004366801 0)
(-2.7917078e-11 -0.00043668012 0)
(-2.7640967e-11 -0.00043668015 0)
(-2.9420177e-11 -0.00043668017 0)
(-1.8295297e-11 -0.00043668022 0)
(2.9420178e-11 -0.00043668017 0)
(2.7640967e-11 -0.00043668015 0)
(2.7917078e-11 -0.00043668012 0)
(2.8321931e-11 -0.0004366801 0)
(2.8701408e-11 -0.00043668008 0)
(2.905174e-11 -0.00043668005 0)
(2.9421821e-11 -0.00043668003 0)
(2.9985971e-11 -0.00043668 0)
(3.1495015e-11 -0.00043667998 0)
(1.8295297e-11 -0.00043668022 0)
)
;
    }
    tm_limbus_wall
    {
        type            calculated;
        value           nonuniform List<vector> 4((1.1212793e-11 -0.00043667916 0) (1.0488372e-11 0.00043667916 0) (-1.1212793e-11 -0.00043667916 0) (-1.0488372e-11 0.00043667916 0));
    }
    ac_inlet
    {
        type            calculated;
        value           uniform (0 0 0);
    }
    ac_inlet_left
    {
        type            calculated;
        value           uniform (0 0 0);
    }
    outlet_tm
    {
        type            calculated;
        value           uniform (0 0 0);
    }
    outlet_tm_left
    {
        type            calculated;
        value           uniform (0 0 0);
    }
    front
    {
        type            empty;
    }
    back
    {
        type            empty;
    }
    defaultFaces
    {
        type            calculated;
        value           uniform (0 0 0);
    }
    needle_int_inlet_master
    {
        type            calculated;
        value           uniform (0 0 0);
    }
    needle_int_inlet_slave
    {
        type            calculated;
        value           uniform (0 0 0);
    }
    needle_int_outlet_master
    {
        type            calculated;
        value           uniform (0 0 0);
    }
    needle_int_outlet_slave
    {
        type            calculated;
        value           uniform (0 0 0);
    }
}


// ************************************************************************* //
